<S> 47 62 67 / 64 -47 -62 -67 / 43 60 65 67 / 59 -43 -65 -67 / 48 60 64 67 / 50 53 62 70 / 52 55 -62 -70 / 53 57 60 69 / 58 -53 -60 -69 / 60 65 -53 -69 / 48 67 -60 -65 / 58 64 -48 -67 / 41 57 60 65 / 47 55 62 67 <END> 
<S> 53 57 60 69 / 52 55 -60 -69 / 50 53 65 70 / 55 -50 -65 -70 / 53 57 65 / -70 -40 -57 -65 / 50 57 64 67 / 45 57 65 74 / 47 59 67 74 / 48 60 67 76 / 50 62 65 77 / 52 64 67 76 / 53 65 69 -76 / 55 67 71 74 / 62 71 -67 -74 <END> 
<S> 47 57 67 76 / 55 59 76 -76 / 53 57 65 74 / 59 -53 -65 -74 / 52 60 67 76 / 69 -60 -67 -76 / 55 67 71 74 / 53 -67 -71 -74 / 52 67 72 / 57 60 69 77 / 55 67 71 -77 / 53 67 69 72 / 52 67 71 <END> 
<S> 57 64 69 72 / 65 69 71 74 / 64 67 72 76 / 65 69 -72 -76 / 67 74 71 77 / 59 62 -74 -77 / 60 64 76 79 / 65 -60 -72 -76 / 55 67 71 74 / 52 67 72 / 50 65 69 74 / 71 -50 -65 -74 <END> 
<S> 65 74 77 / 58 76 -74 -77 / 60 67 76 77 / 58 62 74 79 / 64 72 -58 -79 / 65 77 81 / 67 76 -65 -77 / 60 76 76 -65 / 53 -60 -76 -76 / 55 74 -60 -72 / 53 67 71 74 / 52 -67 -74 / 50 65 67 72 / 52 67 -67 -72 / 53 65 69 72 / 71 74 -53 -65 / 52 67 72 76 / 71 -52 -67 -76 <END> 
<S> 53 69 72 81 / 65 -53 -72 -81 / 55 62 71 79 / 60 64 72 79 / 53 65 72 81 / 74 -53 -65 -81 / 76 67 79 -53 / 77 -51 -67 -79 / 60 69 76 / 59 62 -69 -76 / 64 71 79 <END> 
<S> 59 67 74 79 / 60 76 -67 -79 / 62 69 77 78 / 72 -62 -78 -78 / 55 71 74 79 / 60 64 67 -79 / 72 60 81 -67 / 66 69 -60 -81 / 59 67 74 79 / 64 72 79 / 62 71 74 -79 / 60 76 81 -67 / 65 -60 -72 -81 <END> 
<S> 60 67 76 / 62 77 -60 -67 / 61 64 69 79 / 62 69 77 / 61 76 -69 / 58 -64 -69 -76 / 62 69 77 50 / 71 -62 -78 -77 / 64 72 81 / 72 -64 -69 / 47 65 67 74 / 69 -47 -65 -74 <END> 
<S> 57 64 69 76 / 55 65 71 58 / 64 -55 -72 -76 / 53 69 74 -72 / 50 -69 -72 -74 / 55 67 71 -74 / 43 72 -67 -71 / 48 64 67 72 / 60 64 67 72 / 69 -60 -64 -72 / 59 65 71 74 / 57 65 72 -71 <END> 
<S> 48 64 67 72 / 60 67 72 76 / 77 -60 -67 -72 / 59 67 74 79 / 72 -59 -67 -79 / 60 67 72 76 / 58 -67 -72 -76 / 57 60 72 77 / 55 -60 -72 -77 / 53 69 72 79 / 57 -53 -72 -79 / 58 65 74 -72 / 59 67 -74 -77 <END> 
<S> 60 67 72 76 / 48 -60 -67 -72 / 67 70 76 -48 / 50 60 -67 -76 / 52 67 72 76 / 53 69 77 -72 / 50 65 72 74 / 55 67 71 -74 / 43 67 70 76 / 65 -43 -70 -77 / 52 67 70 76 / 53 -67 -70 68 <END> 
<S> 47 67 74 / 48 67 76 -74 / 55 59 67 74 / 57 60 69 77 / 59 62 -69 -77 / 60 64 67 76 / 62 65 -67 -76 / 64 67 72 / 62 71 -67 -72 / 64 69 72 79 / 71 -64 -64 -79 / 62 65 72 77 / 60 67 76 55 / 74 -60 -67 -76 <END> 
<S> 57 64 69 72 / 59 62 67 74 / 60 67 76 -62 / 77 -60 -67 -76 / 62 69 77 / 62 -62 -69 -77 / 60 67 72 76 / 58 -67 -72 -76 / 57 69 72 77 / 55 67 71 77 <END> 
<S> 57 60 69 77 / 59 62 -69 -77 / 60 64 67 76 / 65 69 -60 -76 / 62 67 74 -60 / 59 -62 -67 -74 / 60 67 76 / 72 -60 -67 -76 / 55 67 71 74 / 65 -55 -71 -74 / 48 64 67 72 <END> 
<S> 60 67 76 / 55 -60 -67 -76 / 55 67 74 -60 / 59 -55 -67 -74 / 48 64 67 72 / 60 67 72 76 / 59 -67 -72 -76 / 57 69 72 77 / 55 62 71 79 / 57 69 72 77 / 59 -69 -72 -77 <END> 
<S> 60 67 76 / 59 -60 -67 -76 / 57 60 69 77 / 55 62 69 79 / 53 -58 -69 / 67 -53 -57 -69 / 52 60 67 76 / 50 60 65 77 / 52 67 -60 -77 / 53 59 67 74 / 55 65 -59 -74 / 64 -55 -59 -74 / 60 62 67 / 60 66 69 -60 <END> 
<S> 50 60 67 76 / 52 -60 -67 -76 / 53 60 69 77 / 55 59 67 74 / 57 60 69 -74 / 59 71 74 -69 / 68 -59 -64 -74 / 45 61 69 76 / 0 / 57 60 69 76 <END> 
<S> 59 62 67 79 / 60 64 -67 -79 / 62 65 69 77 / 71 -62 -65 -77 / 49 64 72 76 / 60 69 77 -72 / 79 -60 -69 -72 / 53 69 72 77 / 55 67 71 76 / 65 -55 -71 -74 / 48 64 67 72 / 60 64 67 72 <END> 
<S> 53 69 72 / 52 -65 -69 -72 / 50 65 -69 -72 / 67 -50 -65 -72 / 69 -47 -65 -72 / 49 64 69 77 / 50 62 65 77 / 67 76 -57 -62 / 61 69 76 -62 / 54 57 69 74 / 52 59 67 -74 / 52 64 72 79 / 54 57 -64 -72 <END> 
<S> 50 62 69 77 / 60 67 76 / 59 -60 -67 -76 / 57 60 69 77 / 55 -60 -69 -77 / 53 60 70 79 / 52 -60 -70 -79 / 53 60 69 81 / 55 71 -60 -81 / 57 60 72 76 / 62 77 -57 -72 / 64 69 72 -58 / 57 -64 -69 -72 <END> 
<S> 57 60 64 76 / 62 66 -57 -72 / 55 64 67 71 / 53 62 -67 -71 / 52 60 67 72 / 59 -52 -67 -72 / 54 57 69 74 / 72 -54 -57 -69 / 55 62 71 -69 / 64 -55 -71 -74 / 50 66 69 74 / 52 67 71 76 / 56 64 71 76 62 65 -56 -71 <END> 
<S> 57 64 69 72 / 66 -57 -69 -72 / 55 62 67 71 / 53 62 -67 -71 / 52 64 67 72 / 50 62 74 -67 / 48 60 67 76 / 50 -60 -67 -76 / 52 60 67 76 / 53 59 -67 -76 / 55 60 74 -67 / 43 -55 -60 -74 / 59 -43 -55 -74 / 48 55 64 72 / 60 64 67 72 <END> 
<S> 48 67 76 -62 / 60 -48 -67 -76 / 43 60 67 74 / 59 -43 -67 -74 / 72 -43 -59 -67 / 48 64 67 72 / 60 67 72 76 / 77 -60 -67 -72 / 59 67 74 79 / 65 -59 -74 -79 / 60 64 72 79 / 67 -64 -72 -79 / 57 69 72 77 / 59 74 -69 -77 <END> 
<S> 60 67 72 76 / 59 -67 -72 -76 / 57 69 72 77 / 59 74 -69 -77 / 60 67 72 76 / 60 67 72 76 / 55 67 71 74 / 65 -55 -71 -74 / 60 64 67 72 / 62 65 71 -60 / 59 64 67 79 / 60 65 69 -79 <END> 
<S> 55 67 72 74 / 53 -67 -72 -74 / 55 67 71 74 / 65 -55 -71 -74 / 48 64 67 72 / 55 67 71 74 / 53 67 73 76 / 52 -67 -73 -76 / 50 69 74 77 / 52 -69 -74 -77 / 53 69 74 77 50 55 -69 -74 <END> 
<S> 57 65 69 72 / 55 65 71 74 / 53 64 69 72 / 48 -64 -69 -72 / 50 62 66 77 / 52 -62 -66 -77 / 53 62 67 71 / 52 60 67 76 / 50 65 -60 -76 / 52 67 -60 -76 / 53 69 -60 -64 / 59 62 -53 -69 / 64 -53 -59 -69 <END> 
<S> 52 60 67 72 / 53 69 -60 -72 / 52 65 71 74 / 50 -65 -71 -74 / 48 67 72 76 / 65 71 74 -48 / 60 67 72 76 / 53 69 74 77 / 55 67 71 74 / 0 / 52 68 71 76 / 68 74 77 -59 <END> 
<S> 55 67 71 74 / 62 74 -55 -74 / 64 67 73 76 / 65 69 46 -76 / 65 74 45 -81 / 52 70 76 -81 / 53 65 81 81 / 81 -53 -65 -81 / 59 67 74 79 / 77 -59 -67 -74 <END> 
<S> 58 60 69 77 / 62 70 77 / 60 67 76 / 58 -60 -67 -76 / 57 60 72 77 / 70 -57 -60 -77 / 53 65 69 74 / 53 65 69 74 / 64 -53 -69 -74 / 70 -57 -64 -76 / 50 69 77 -64 / 62 70 -50 -77 / 52 61 70 76 / 69 -52 -61 -76 <END> 
<S> 58 64 67 73 / 57 64 69 76 / 49 64 69 77 / 50 62 70 77 / 52 67 70 76 / 53 65 69 81 / 55 65 71 74 / 64 -55 -71 -74 / 65 -55 -71 -74 / 48 64 67 72 / 60 66 69 74 <END> 
<S> 53 69 72 / 55 67 71 74 / 76 -55 -67 -74 / 50 65 69 77 / 70 -50 -65 -77 / 48 67 72 76 / 70 -48 -67 -76 / 53 65 69 81 / 71 -53 -65 -81 / 55 67 72 76 / 70 -55 -60 -76 / 53 69 74 77 / 55 62 71 74 -55 / 64 69 74 61 / 65 71 -69 -74 <END> 
<S> 53 65 72 81 / 64 -53 -72 -81 / 55 62 71 79 / 60 69 77 -55 / 59 62 67 -77 / 60 64 67 76 / 54 60 69 74 / 55 62 67 70 / 62 66 69 / 60 -62 -69 / 67 58 71 / 57 64 69 72 <END> 
<S> 57 64 69 72 / 67 -57 -64 -72 / 54 62 69 74 / 60 -54 -69 -74 / 55 59 67 74 / 65 -55 -59 -74 / 57 60 64 72 / 69 -57 -60 -76 / 59 62 69 -69 / 67 71 -62 / 63 66 69 / 62 59 -66 -69 / 60 62 67 76 / 60 -60 -67 -76 / 55 60 67 74 / 59 -55 -67 -74 <END> 
<S> 59 62 67 71 / 57 60 66 72 / 55 59 67 74 / 57 60 -67 -74 / 59 62 67 74 / 64 -59 -67 -74 / 60 67 76 / 57 72 77 -67 / 52 67 76 -72 / 53 -67 -72 -76 / 55 67 71 74 / 65 -55 -71 -74 / 60 64 67 72 / 62 66 -60 -72 <END> 
<S> 60 67 72 76 / 59 -67 -72 -76 / 57 60 72 76 / 55 71 -60 -76 / 54 62 69 74 / 50 60 66 -74 / 52 55 66 72 / 54 62 -66 -72 / 55 62 67 71 / 53 59 62 67 / 52 60 67 72 / 50 65 69 74 / 71 -50 -65 -74 / 48 67 72 76 / 60 74 77 -48 <END> 
<S> 53 62 69 74 / 67 -53 -62 -74 / 52 60 67 79 / 50 65 -60 -79 / 52 60 67 76 / 53 -60 -67 -76 / 55 59 67 74 / 65 -55 -59 -74 / 57 60 64 72 / 55 59 -64 -72 / 53 57 69 72 / 71 74 -53 -57 / 55 67 72 76 / 52 -67 -72 -76 / 53 69 72 74 / 50 65 -72 -74 / 55 62 71 -74 / 67 -55 -71 -74 <END> 
<S> 55 60 67 74 / 57 72 -67 -74 / 55 59 67 74 / 65 -55 -59 -74 / 57 60 64 72 / 55 -60 -64 -72 / 53 65 69 72 / 55 -65 -69 -72 / 57 -65 -69 -72 / 59 74 67 74 / 64 76 -67 / 61 65 69 56 <END> 
<S> 56 60 64 72 / 65 -56 -60 -72 / 55 59 67 74 / 65 -55 -59 -74 / 56 60 64 72 / 55 64 72 / 53 62 67 71 / 52 60 67 72 / 50 53 67 74 / 52 55 -67 -74 / 57 65 -55 -71 / 50 59 65 74 / 64 -50 -59 -74 / 43 59 62 74 <END> 
<S> 52 55 67 72 / 54 57 62 -72 / 55 58 62 70 / 64 -55 -55 -71 / 50 62 66 69 / 52 60 66 -69 / 50 59 62 67 / 52 60 67 72 / 50 65 69 74 / 71 -50 -65 -74 / 48 67 72 76 / 60 74 77 -48 / 76 79 -48 -60 / 53 59 74 77 / 60 72 76 -53 <END> 
<S> 52 60 67 72 / 50 65 69 74 / 71 -50 -65 -74 / 48 67 72 76 / 60 74 77 -48 / 76 79 -48 -60 / 53 59 74 77 / 58 60 74 79 / 57 69 72 76 / 77 -57 -69 -72 / 52 67 72 79 / 53 -67 -72 -79 / 55 67 71 74 / 55 67 71 74 / 65 -55 -71 -74 <END> 
<S> 50 65 72 77 / 71 -50 -65 -77 / 52 72 79 -65 / 53 -72 -79 -81 / 55 67 71 74 / 69 -55 -67 -74 / 52 67 71 79 / 65 -52 -71 -79 / 57 64 72 81 / 55 65 71 -81 / 53 65 72 81 / 74 -53 -65 -81 / 60 76 -53 -72 / 55 67 71 74 / 53 69 74 -67 <END> 
<S> 57 64 72 79 / 55 65 -72 -84 / 53 67 72 79 / 52 -67 -72 -79 / 53 65 72 81 / 55 -65 -72 -81 / 57 60 72 76 / 69 77 -57 -72 / 59 67 74 79 / 61 76 76 -79 / 62 65 77 81 / 69 74 79 / 64 67 72 76 / 65 69 81 -76 <END> 
<S> 57 69 76 49 / 77 -57 -69 -76 / 52 67 72 79 / 53 -67 -72 -79 / 55 67 71 74 / 55 62 71 79 / 60 64 72 79 / 59 65 74 -79 / 67 76 -62 -65 / 57 60 64 77 / 55 60 67 <END> 
<S> 59 67 74 79 / 77 -59 -67 -74 / 60 76 67 76 / 69 77 -60 / 52 61 67 79 / 50 65 77 -79 / 52 67 72 79 / 70 -52 -67 -79 / 53 60 69 77 / 48 60 67 76 / 59 74 -48 -67 <END> 
<S> 52 67 72 79 / 53 -67 -72 -79 / 55 67 71 74 / 65 -55 -71 -74 / 48 64 67 72 / 55 67 -64 -72 / 53 62 65 71 / 52 64 67 73 / 50 62 67 77 / 65 -50 -62 -77 / 55 62 67 76 / 57 -55 -62 -67 / 58 60 62 67 / 53 -62 -67 -71 <END> 
<S> 57 64 69 72 / 55 67 71 74 / 60 67 72 76 / 59 -67 -72 -76 / 57 69 72 77 / 55 62 71 79 / 64 -55 -71 -79 / 50 65 69 77 / 71 -50 -65 -77 / 52 67 72 76 / 53 -67 -72 -76 <END> 
<S> 60 67 72 76 / 64 -60 -72 -76 / 62 65 72 77 / 55 79 -65 -72 / 64 71 -55 -72 / 65 -55 -72 / 48 64 67 72 / 60 64 67 72 / 58 -64 -67 -72 / 57 64 72 78 / 55 71 -64 -72 / 54 62 69 81 / 71 -54 -62 -69 / 60 63 67 72 / 59 62 74 -67 <END> 
<S> 60 64 67 72 / 62 74 -60 -67 / 76 -60 -67 -76 / 55 69 74 -60 / 59 -55 -69 -74 / 52 60 67 76 / 48 -60 -67 -76 / 53 60 67 76 / 55 -60 -67 -76 / 57 60 69 77 / 55 -60 -69 -77 / 53 -60 70 59 / 52 67 -70 <END> 
<S> 55 60 67 76 / 53 -60 -67 -76 / 55 59 67 74 / 65 -55 -59 -74 / 48 55 64 72 / 48 67 72 76 / 50 65 71 77 / 69 -50 -65 -77 / 52 64 67 79 / 62 -52 -67 -79 / 57 60 69 76 / 55 -60 -69 -76 <END> 
<S> 48 64 72 79 / 50 65 -72 -79 / 52 67 72 79 / 53 -67 -72 -79 / 55 67 74 -72 / 71 -55 -67 -74 / 52 67 71 76 / 65 74 -52 -71 / 57 64 69 72 / 55 -64 -69 -72 / 54 62 -69 -72 / 71 -54 -62 -72 / 49 64 69 -67 / 50 62 66 -69 / 60 -50 -66 -69 <END> 
<S> 54 57 69 74 / 72 -54 -57 -69 / 55 62 71 -69 / 68 -55 -62 -71 / 51 60 67 72 / 50 62 71 -67 / 48 55 64 69 / -76 -48 -64 -69 / 50 55 62 71 / 60 69 -50 -55 / 43 59 62 67 / 53 59 62 67 / 52 55 60 67 <END> 
<S> 55 62 67 71 / 52 55 64 -67 / 50 65 -55 -67 / 48 55 64 67 / 60 -48 -64 -67 / 50 62 65 69 / 59 -50 -65 -69 / 52 60 64 -69 / 53 57 -64 -69 / 55 59 62 67 / 52 60 64 67 / 53 57 62 69 / 71 -53 -57 -62 / 52 55 64 72 / 54 57 -64 -72 / 55 59 62 71 / 64 -55 -59 -71 <END> 
<S> 50 57 62 65 / 59 -50 -62 -65 / 52 60 64 67 / 48 -60 -64 -67 / 45 64 72 -60 / 47 62 67 71 / 48 64 67 69 / 50 62 66 -69 / 43 62 67 71 / 48 64 67 71 / 50 62 -67 -71 / 52 64 67 72 / 62 -52 -67 -72 / 53 60 69 74 / 59 -53 -69 -74 / 52 60 76 -69 / 68 74 -52 -60 / 52 59 67 76 / 56 64 -52 -76 <END> 
<S> 47 64 67 69 / 65 -47 -67 -69 / 55 59 67 71 / 60 -55 -67 -71 / 55 62 67 69 / 53 59 -69 / 57 60 -53 -69 / 52 59 68 -60 / 61 -52 -59 -67 / 50 57 65 65 / 59 62 -57 -65 / 52 60 64 67 / 57 60 65 -57 / 53 59 62 65 / 48 55 60 64 / 43 59 62 -60 / 52 59 -59 -62 / 53 -43 -59 -59 / 48 52 55 60 <END> 
<S> 55 59 62 / 53 -55 -59 -62 / 52 55 59 62 / 50 -55 -59 -62 / 48 55 60 64 / 52 -55 -60 -64 / 53 57 60 62 / 50 53 -60 -62 / 55 59 62 -50 / 43 -55 -59 -62 / 48 55 60 64 / 52 55 60 64 <END> 
<S> 50 53 62 -60 / 59 -50 -53 -62 / 52 55 60 -62 / 53 57 60 -60 / 59 62 -53 / / 52 60 64 / 50 57 65 -60 / 48 55 60 64 / 43 55 59 62 / 55 -43 -59 -62 / 48 55 60 64 / 47 55 62 65 <END> 
<S> 48 55 62 65 / 47 -55 -62 -65 / 48 55 60 64 / 64 -48 -55 -60 / 55 60 62 67 / 52 60 64 67 / 53 60 65 69 / 71 -53 -60 -65 / 52 60 67 72 / 58 65 -52 -67 / 53 57 -65 -72 / 64 -53 -57 -69 / 55 62 65 71 / 64 -55 -62 -71 / 65 -55 -62 -71 <END> 
<S> 53 60 65 69 / 52 -60 -65 -69 / 50 60 65 69 / 59 -50 -65 -69 / 52 60 64 67 / 58 -52 -64 -67 / 53 57 60 65 / 62 65 -53 -57 / 60 64 -53 -65 / 58 62 65 -53 / 41 57 60 65 / 43 55 62 -60 / 59 -43 -55 -62 <END> 
<S> 58 65 74 / 57 60 64 69 / 55 60 62 70 / 53 -60 -62 -70 / 55 58 62 67 / 56 -58 -62 -67 / 55 60 63 / 53 59 62 / 51 55 60 63 / 53 56 60 65 / 55 59 62 -65 / 56 60 -59 -65 <END> 
<S> 56 60 63 65 / 55 59 -63 -65 / 53 60 63 68 / 51 -60 -63 -68 / 56 59 65 68 / 55 62 67 71 / 48 64 67 72 / 49 64 67 72 / 51 60 67 74 / 70 -52 -60 -67 / 53 60 68 72 / 50 70 -60 -68 <END> 
<S> 48 60 67 75 / 55 67 72 74 / 71 -55 -67 -74 / 65 -55 -71 -74 / 48 63 67 72 / 58 65 70 74 / 56 -65 -70 -74 / 55 67 70 75 / 53 -67 -70 -75 / 51 65 70 74 / 50 -65 -70 -74 / 51 63 70 79 / 72 -51 -63 -79 <END> 
<S> 55 58 70 75 / 53 -58 -70 -75 / 51 65 70 77 / 50 -65 -70 -77 / 51 63 70 79 / 62 71 77 -51 / 56 60 72 75 / 55 70 -60 -75 / 53 68 72 77 / 74 -53 -68 -77 / 48 67 75 -74 / 72 -48 -67 -75 / 55 67 71 74 / 55 67 71 <END> 
<S> 53 68 74 77 / 72 75 -53 -68 / 55 62 71 74 / 67 72 -55 -71 / 48 63 67 72 / 60 63 67 72 / 58 62 -67 -72 / 56 60 65 72 / 55 67 -60 -72 / 53 60 65 68 / 51 67 -60 -65 / 53 60 68 -65 / 62 -53 -65 -68 / 63 -53 -65 -68 <END> 
<S> 56 60 67 72 / 65 -56 -60 -72 / 55 61 65 70 / 53 63 -55 -70 / 53 57 65 68 / 59 74 -53 -65 / 60 -53 -65 / 58 62 -53 -68 / 48 60 64 67 / 58 -48 -64 -67 / 53 56 65 74 / 53 -53 -65 -74 / 55 58 67 75 / 63 -55 -58 -75 <END> 
<S> 53 60 65 69 / 63 -53 -60 -69 / 55 62 67 70 / 51 63 67 70 / 53 -62 -67 -70 / 51 60 67 72 / 55 -60 -67 -72 / 52 67 72 -60 / 53 60 65 -72 / 55 62 67 71 / 48 63 67 72 / 48 63 72 -72 / 70 -48 -64 -72 <END> 
<S> 53 60 68 74 / 55 75 -60 -68 / 56 59 65 74 / 60 -56 -65 -74 / 55 59 67 75 / 57 60 -67 -75 / 59 62 67 74 / 55 -59 -67 -74 / 60 67 72 75 / 58 -67 -72 -75 / 56 65 72 77 / 55 70 -65 -77 <END> 
