<S> 48 55 60 64 / 47 55 62 / 46 55 60 64 / 45 57 60 65 / 43 50 59 67 / 45 60 -50 -67 / 47 55 62 -67 / 43 59 -55 -67 / 48 55 60 64 / 41 53 60 69 <END> 
<S> 43 50 59 67 / 45 48 60 65 / 47 55 62 -45 / 48 52 60 67 / 47 62 -52 -67 / 45 48 57 72 / 47 55 62 71 / 48 64 -55 -71 / 50 55 62 69 / 71 -50 -55 -62 / 52 55 59 62 / 53 -55 -59 -62 / 59 52 -55 -59 / 48 55 60 64 / 57 62 -48 -60 / 52 60 64 / 59 -52 -52 -64 / 54 57 62 -59 <END> 
<S> 45 57 64 72 / 47 55 62 -72 / 48 55 64 72 / 50 62 65 71 / 52 64 67 72 / 54 69 -67 -72 / 55 62 67 71 / 53 -62 -67 -71 / 52 60 67 72 / 50 62 -60 -67 / 52 60 67 -60 / 53 60 69 -60 / 55 59 67 -53 / 52 56 60 65 / 50 59 62 -65 / 52 55 64 / 60 57 -52 -60 <END> 
<S> 55 62 69 71 / 67 -55 -62 -71 / 50 60 69 -67 / 66 -50 -60 -69 / 55 59 62 67 / 52 64 67 72 / 54 62 69 74 / 55 62 67 71 / 62 66 69 -55 / 52 64 -62 -69 / 53 60 69 / 55 59 67 -53 / 52 60 -55 -67 / 50 57 65 -60 / 55 59 62 67 / 55 59 62 67 <END> 
<S> 62 65 69 / 64 -62 -69 / 59 62 67 -69 / 60 -59 -67 / 52 60 67 72 / 50 65 74 -72 / 71 -50 -65 -74 / 48 67 72 76 / 60 -67 -72 -76 / 69 74 77 -60 / 59 67 -74 -77 / 60 67 76 -74 / 72 -60 -67 -76 / 55 67 71 74 / 53 -67 -71 -74 / 52 67 72 79 / 57 69 77 <END> 
<S> 48 67 72 76 / 50 -67 -72 -76 / 52 67 72 76 / 53 -67 -72 -76 / 55 67 72 74 / 57 -67 -72 -74 / 59 71 74 -67 / 56 65 -71 -74 / 57 64 72 / 55 -64 -72 / 54 62 69 74 / 55 62 69 -74 / 60 67 76 / 59 62 67 74 / 57 60 -67 -74 / 55 59 67 74 / 72 -55 -59 -67 <END> 
<S> 54 57 69 74 / 59 64 -74 -74 / 60 67 76 / 57 72 -67 -76 / 53 65 74 -72 / 71 -53 -65 -74 / 52 67 72 79 / 53 74 -67 -72 / 55 67 71 74 / 65 -55 -71 -74 / 56 64 71 <END> 
<S> 50 65 69 77 / 71 -50 -65 -77 / 48 67 72 76 / 55 67 71 74 / 55 67 71 74 / 48 67 72 76 / 50 65 71 77 / 69 -50 -65 -77 / 52 64 67 79 / 62 -52 -67 -79 / 57 60 69 76 / 55 -60 -72 -76 <END> 
<S> 48 67 72 76 / 50 65 71 77 / 69 -50 -65 -77 / 52 64 67 79 / 62 -52 -67 -79 / 57 60 69 76 / 55 -60 -69 -76 / 53 60 69 77 / 55 67 76 -60 / 59 74 -55 -67 / 57 -55 -67 -74 / 59 62 74 -55 / 53 -59 -62 -74 <END> 
<S> 57 60 69 77 / 59 62 -69 -77 / 60 64 67 76 / 59 65 -67 -76 / 57 65 72 77 / 55 76 -72 / 53 74 77 -72 / 76 -53 -69 -72 / 55 67 70 74 / 65 -55 -70 -74 / 55 67 70 74 / 65 69 -55 -74 / 60 64 67 72 / 69 74 -60 -64 <END> 
<S> 50 67 69 77 / 71 -50 -67 -77 / 52 72 -69 -77 / 53 -69 -72 -77 / 55 67 71 74 / 55 67 71 74 / 48 67 72 76 / 50 -67 -72 -76 / 52 67 72 76 / 53 -67 -72 -76 / 55 67 72 74 / 71 -55 -67 -74 / 65 -55 -71 -74 <END> 
<S> 48 67 72 76 / 50 -67 -72 -76 / 52 67 72 76 / 53 -67 -72 -76 / 55 67 72 74 / 57 -67 -72 -74 / 59 71 74 -67 / 56 65 -71 -74 / 57 64 72 -71 / 59 -64 -71 -72 / 60 64 69 72 / 62 -64 -69 -72 / 64 68 71 <END> 
<S> 57 64 69 72 / 59 62 74 -69 / 60 67 76 / 62 77 -60 -67 / 61 64 69 79 / 62 69 77 / 59 68 -62 -77 / 57 61 69 76 / 57 60 69 76 / 77 -57 -60 -69 <END> 
<S> 62 69 77 / 60 -62 -69 -77 / 59 67 71 -77 / 57 69 74 -77 / 60 69 76 -69 / 64 71 -69 -76 / 62 69 73 -76 / 68 71 74 77 / 67 72 76 -48 / -67 -72 -76 <END> 
<S> 59 62 67 79 / 64 -59 -67 -79 / 60 62 72 -67 / 66 -62 -72 / 55 62 67 71 / 53 -62 -67 -71 / 52 60 67 72 / 48 -60 -67 -72 / 55 67 74 -60 / 59 -55 -67 -74 / 48 64 67 72 / 55 67 71 74 <END> 
<S> 53 60 67 72 / 55 -60 -67 -72 / 53 69 74 -60 / 55 59 67 -74 / 57 60 64 72 / 65 74 -57 -60 / 55 59 67 74 / 65 -55 -59 -74 / 48 55 64 72 / 43 55 71 74 <END> 
<S> 55 60 64 74 / 53 -60 59 -74 / 52 59 67 76 / 57 60 64 72 / 66 -57 -60 -72 / 55 62 67 71 / 53 62 -67 -71 / 52 60 67 72 / 50 -60 -67 -72 / 48 65 67 74 / 47 -65 -67 -74 / 48 64 67 72 / 60 -48 -64 -67 <END> 
<S> 52 60 67 72 / 53 69 -60 -72 / 52 65 71 74 / 50 65 -71 -74 / 48 67 72 76 / 60 -67 -72 -76 / 67 72 74 -60 / 59 71 74 -67 / 65 72 -59 -74 / 60 64 72 76 / 60 67 77 76 / 76 -57 -67 -76 / 57 65 72 77 / 74 -57 -60 -77 <END> 
<S> 59 67 74 / 64 71 -67 -74 / 60 67 76 79 / 62 69 77 -67 / 64 67 72 79 / 65 -67 -72 -79 / 67 71 74 79 / 65 -67 -71 -74 / 60 67 76 84 / 69 -60 -76 -79 / 70 77 80 57 / 69 72 74 -53 / 52 67 72 79 / 53 -67 -72 -79 / 55 67 72 -72 / 53 69 -67 -72 <END> 
<S> 62 69 72 77 / 67 71 79 -62 / 72 77 -59 -62 / 52 61 70 79 / 60 64 69 -79 / 62 78 -69 / 55 62 71 79 / 60 64 72 79 / 65 74 -60 55 / 59 67 76 -53 / 57 60 -76 59 / 62 74 79 -67 / 64 69 -72 57 / 71 65 74 79 / 69 72 78 <END> 
<S> 64 67 79 / 65 -64 -67 -79 / 62 67 71 -79 / 60 72 81 -67 / 69 -60 -72 -81 / 59 71 74 79 / 77 -59 -67 -74 / 60 67 76 / 65 69 74 -60 / 59 67 71 74 / 57 72 -67 -71 / 59 67 74 79 / 77 -59 -67 -74 <END> 
<S> 47 62 74 -67 / 48 67 76 -74 / 72 -48 -67 -76 / 55 67 71 74 / 64 -55 -71 -74 / 57 64 69 72 / 65 -57 -69 -72 / 59 64 67 74 / 62 -59 -67 -74 / 60 67 76 / 62 77 -60 -67 / 61 64 69 79 <END> 
<S> 59 64 67 79 / 62 -64 -67 -79 / 60 62 67 79 / 59 -62 -67 -79 / 57 60 69 76 / 55 -57 -69 -76 / 53 62 67 79 / 60 69 -67 -79 / 62 67 71 79 / 66 -62 -71 -79 / 60 64 72 79 / 62 74 -60 -79 / 59 67 74 83 / 65 -59 -74 <END> 
<S> 62 71 79 / 57 72 -62 -79 / 59 62 67 79 / 77 -59 -62 -67 / 60 67 76 / 77 -60 -67 / 52 60 67 79 / 50 -60 -67 -79 / 52 60 72 79 / 71 -52 -60 -79 / 54 60 69 77 / 56 72 76 -77 / 74 77 -57 -72 / 57 69 72 76 / 55 67 -72 -76 / 53 69 72 81 / 55 67 71 -53 <END> 
<S> 57 64 72 77 / 59 62 74 -77 / 67 76 -62 / 60 60 69 77 / 53 62 71 74 / 52 72 76 -60 / 53 60 -72 77 / 55 67 71 74 / 55 67 71 74 / 60 67 72 76 / 58 -67 -72 -76 / 57 69 72 76 / 55 67 71 79 / 58 65 74 57 60 67 76 59 67 / 77 -60 -67 -67 <END> 
<S> 60 67 72 76 / 65 69 74 -60 / 64 67 71 79 / 62 65 71 81 / 64 67 72 76 / 65 69 74 81 / 59 67 74 83 / 60 76 -67 -83 / 62 69 77 -60 / 70 -62 -69 -77 / 50 69 74 -77 / 67 72 -62 -77 / 58 67 76 79 / 60 68 76 <END> 
<S> 59 67 74 79 / 77 -59 -67 -79 / 60 67 76 -74 / 72 74 -60 -67 / 59 67 74 79 / 71 77 -67 -74 / 48 67 72 76 / 53 69 72 74 / 50 65 71 -74 / 69 -50 -53 -74 / 55 -50 -70 -74 / 52 72 -55 -74 / 72 -55 -72 <END> 
<S> 55 67 74 -72 / 71 -55 -67 -74 / 0 / 56 64 71 76 / 57 64 71 72 / 59 -64 -71 -72 / 60 64 69 72 / 62 71 -69 / 64 68 -69 / 57 66 -69 -77 / 59 62 67 79 / 60 -59 -67 -79 <END> 
<S> 57 64 72 -71 / 69 -57 -64 -72 / 52 64 67 71 / 53 62 69 -67 / 52 62 67 71 / 50 -62 -67 -71 / 52 60 67 72 / 65 -52 -67 -72 / 64 67 72 / 62 66 -72 / 60 64 67 -72 / 65 74 -60 -67 / 67 76 -60 -67 / 59 -67 -67 -76 / 57 69 72 -67 -76 <END> 
<S> 52 60 67 72 / 70 -52 -60 -67 / 53 60 65 69 / 51 -60 -65 -69 / 50 62 65 71 / 52 55 67 72 / 53 57 62 -72 / 55 71 -62 / / 60 64 69 / 59 62 67 71 <END> 
<S> 50 62 65 71 / 60 -50 -65 -71 / 55 59 62 67 / 52 60 67 71 / 53 59 65 69 / 57 -53 -65 -69 / 52 59 64 67 / 62 65 -52 -67 / 64 60 69 -48 / 47 62 -53 -69 / 48 52 55 64 / 60 -52 -55 -64 <END> 
<S> 56 59 64 67 / 62 -56 -64 -67 / 45 60 64 69 / 57 64 69 72 / 52 64 71 -69 / 68 -52 -64 -71 / 40 60 64 69 / 45 -60 -64 -69 / 52 62 67 71 / 50 -62 -67 -71 / 52 64 67 72 / 54 -64 -67 -72 / 55 62 67 71 / 53 59 -67 -71 <END> 
<S> 57 64 69 72 / 66 -57 -69 -72 / 55 62 67 71 / 50 62 66 69 / 55 62 67 71 / 52 59 64 67 / 57 60 65 72 / 59 62 67 -72 / 60 64 69 -67 / 65 -60 -69 -72 / 59 64 67 74 / 62 -59 -67 -74 <END> 
<S> 57 64 69 72 / 62 65 71 74 / 62 67 71 76 / 60 67 72 76 / 59 -67 -72 -76 / 57 69 72 76 / 55 71 -69 -76 / 54 57 69 74 / 50 59 66 -74 / 52 59 64 -74 / 54 57 62 72 / 55 71 -57 -72 / 53 69 72 77 / 71 -53 -53 -77 <END> 
<S> 57 60 69 72 / 59 62 -69 -72 / 64 60 67 76 / 54 69 -60 -76 / 55 67 71 74 / 52 67 72 / 50 69 74 -67 / 52 67 71 79 / 50 65 -71 -79 / 52 64 67 79 / 62 -52 -67 -79 / 53 60 69 77 / 55 67 -60 -72 <END> 
<S> 48 67 72 76 / 50 -67 -72 -76 / 52 -67 -72 -76 / 53 69 74 -60 / 55 59 67 -74 / 72 -55 -59 -67 / 65 -55 -59 -67 / 48 60 67 72 / 55 59 67 74 / 60 67 76 / 59 62 67 76 <END> 
<S> 59 62 67 74 / 60 76 -67 -76 / 59 74 -67 -72 / 57 60 72 76 / 55 74 -60 -72 / 53 69 72 -60 / 52 67 -60 -72 / 50 65 69 74 / 71 -50 -65 -74 / 48 67 72 76 / 52 -67 -72 -76 / 53 69 74 -72 / 50 65 -72 -74 / 55 62 71 -74 / 67 -55 -62 -71 / 65 -55 -67 -71 <END> 
<S> 48 65 69 72 / 50 65 70 74 / 52 67 -70 / 53 65 69 72 / 55 -65 -69 -72 / 57 60 69 76 / 59 62 77 -69 / 60 64 67 79 / 58 62 -67 -76 / 57 60 69 77 / 59 62 -69 -77 / 60 64 67 76 / 54 69 -64 -76 <END> 
<S> 59 67 79 / 65 69 74 / 62 67 71 76 / 56 -62 -71 -76 / 62 74 -67 -71 / 64 72 76 / 65 71 74 / 64 69 73 76 / 57 65 74 77 / 67 -57 -74 -77 / 55 69 72 76 / 54 -69 -72 -76 / 55 67 72 74 / 53 -67 -72 -74 <END> 
<S> 57 64 69 72 / 65 74 -69 / 64 67 76 / 65 74 -67 / 64 67 72 / 55 62 71 74 / 53 -62 -71 -74 / 52 67 72 76 / 53 -67 -72 -76 / 55 67 71 74 / 52 67 73 76 / 50 69 74 77 / 62 -69 -77 -77 <END> 
<S> 55 64 72 76 / 54 62 -72 -76 / 55 62 67 71 / 64 59 67 / 65 -59 -67 -71 / 59 67 67 74 / 69 -59 -67 / 64 67 71 79 / 62 -67 -71 -79 / 60 67 72 77 / 62 74 79 -77 / 60 64 72 76 / 55 74 -60 -72 / 53 60 72 -67 / 65 -53 -60 -72 <END> 
<S> 60 64 67 / 62 -60 -67 / 58 60 67 / 64 72 -58 -60 / 55 62 65 71 / 64 -55 -62 -71 / 65 -55 -59 -71 / 48 64 72 -59 / 60 64 -48 -72 / 48 64 72 79 / 69 -48 -64 -79 / 50 62 71 77 / 62 69 -62 -77 / 60 67 -62 -77 / 59 67 -62 -67 / 60 67 76 -48 -67 -76 / 62 71 -67 -76 / 62 69 -67 -76 <END> 
<S> 47 55 62 71 / 48 64 -55 -71 / 50 62 65 69 / 52 60 64 -69 / 59 62 -64 -69 / 53 60 76 -69 / 62 65 -53 -69 / 55 59 64 74 / 59 62 67 74 / 60 67 76 / 62 77 -67 / 60 64 67 79 / 65 -60 -79 -79 67 79 -60 -67 / 59 62 -67 -79 / 60 67 76 / 59 -60 -67 -76 / 57 60 69 77 / 55 -60 -69 -77 <END> 
<S> 59 62 67 79 / 60 67 76 / 59 62 -67 -76 / 57 60 64 76 / 55 -60 -64 -76 / 53 59 74 79 / 52 -59 -74 -79 / 50 57 65 77 / 56 76 -60 -65 / 62 65 69 / 74 -62 -65 / 64 67 71 76 / 65 69 74 <END> 
<S> 57 60 69 76 / 55 -60 -69 -76 / 53 60 70 79 / 52 -60 -70 -79 / 53 60 69 77 / 55 -60 -69 -77 / 57 60 64 76 / 55 65 -60 -76 / 53 59 67 74 / 52 59 -67 -74 / 50 60 67 76 / 55 -60 -67 -76 / 53 60 69 74 / 55 59 67 -74 / 65 -55 -59 -74 / 64 -55 -59 -74 <END> 
<S> 55 67 76 / 52 -60 -67 -76 / 53 59 67 74 / 52 -53 -67 -74 / 50 65 -59 -74 / 52 57 72 -65 / 64 -52 -57 -72 / 56 57 65 71 / 53 69 -57 -72 / 52 57 64 71 / 50 57 65 -71 / 52 55 64 67 / 50 54 -64 -67 / 48 55 64 69 / 45 -55 -64 -69 / 50 54 62 -69 / 60 -50 -54 -69 <END> 
<S> 50 57 65 74 / 55 64 -50 -74 / 53 62 69 74 / 50 -62 -69 -74 / 55 62 69 -72 / 64 68 71 -55 / 65 69 -55 -64 / 64 67 71 / 60 64 69 72 / 62 65 71 74 / 57 64 72 76 / 65 -57 -72 -76 / 55 67 74 -72 / 43 71 -67 -74 / 65 -43 -71 -74 <END> 
<S> 57 64 67 72 / 62 65 -57 -72 / 60 64 67 76 / 59 62 -67 -76 / 57 60 65 77 / 59 62 -57 -77 / 60 64 76 / 66 -60 -69 -76 / 62 67 71 74 / 64 67 71 79 / 62 65 81 -79 / 60 64 74 79 / 62 69 78 81 / 43 71 -62 -78 <END> 
<S> / 64 69 74 / 62 71 -69 / 45 69 72 -62 / 50 57 69 72 / 55 62 67 -72 / 55 62 67 71 / 53 -62 -67 -71 / 52 60 67 72 / 50 -60 -67 -72 / 52 60 67 74 / 48 -60 -67 -74 / 55 67 74 -60 / 59 -55 -67 -74 / 57 60 67 72 / 65 -56 -60 -72 <END> 
<S> 55 67 72 / 62 66 74 -72 / 43 59 71 74 / 0 / 55 59 67 74 / 60 67 76 / 58 60 69 77 / 57 -60 -69 -77 / 58 67 70 76 / 55 -58 -70 -76 / 53 57 65 72 / 55 74 -65 / 64 -46 -55 -74 / 57 72 76 -48 / 50 57 74 -72 <END> 
<S> 53 60 69 74 / 55 59 67 -74 / 72 -55 -59 -67 / 48 64 67 72 / 55 62 67 71 / 55 59 62 67 / 53 -59 -62 -67 / 52 60 67 -65 / 48 64 -60 -67 / 47 55 62 67 / 65 -47 -55 -62 / 48 55 60 64 / 55 59 62 / 54 -55 -59 -62 <END> 
<S> 55 60 62 67 / 53 -60 -67 -70 / 55 59 67 -53 / 52 -55 -59 -67 / 50 57 62 65 / 59 -50 -62 -65 / 55 59 62 65 / 53 -59 -62 -65 / 52 55 64 72 / 50 -55 -64 -72 / 48 62 67 71 / 47 -62 -67 -71 / 48 55 64 72 / 38 65 -55 -72 / 52 55 67 72 / 50 -55 -67 -72 / 48 64 67 72 / 47 62 -67 -72 <END> 
<S> 47 55 62 67 / 48 60 -55 -67 / 53 62 69 -55 / 50 54 62 69 / 55 59 62 67 / 52 59 64 67 / 57 60 66 -64 / 55 62 67 71 / 55 62 67 71 / 50 62 66 69 / 55 59 62 67 / 52 60 64 67 / 53 60 69 -67 / 65 -53 -60 -69 <END> 
<S> 54 57 62 69 / 55 62 64 71 / 50 53 62 69 / 52 55 62 71 / 50 -55 -62 -71 / 52 55 64 72 / 54 57 -64 -72 / 55 59 62 71 / 67 -55 -59 -71 / 60 69 -55 -67 / 57 66 69 -55 / 59 62 67 74 / 60 64 67 76 / 62 78 -67 -76 <END> 
<S> 47 55 62 71 / 48 64 -55 -71 / 50 62 65 69 / 60 -50 -65 -69 / 52 59 64 67 / 62 -52 -59 -67 / 53 60 60 69 / 55 59 67 / 57 60 64 72 / 52 -57 -60 -72 / 50 53 62 71 / 48 55 64 -71 / 57 -48 -64 -72 / 55 59 62 71 <END> 
<S> 50 57 65 66 / 47 62 -57 -65 / 52 59 64 67 / 62 -52 -59 -67 / 45 57 60 65 / 47 55 62 -65 / 48 55 64 -62 / 60 -48 -55 -64 / 41 57 60 62 / 50 55 59 -62 / 53 57 -50 -62 / 55 59 -50 -62 / 45 57 60 64 / 43 50 -57 -60 <END> 
<S> 48 55 60 62 / 59 -48 -55 -60 / 43 55 59 62 / 52 55 59 67 / 50 53 -59 -67 / 48 55 60 67 / 52 55 60 67 / 53 57 60 69 / 55 59 65 -53 -69 / 60 64 67 / 60 -60 -67 <END> 
<S> 48 55 60 64 / 50 -55 -60 -64 / 52 60 64 67 / 58 -60 -64 -67 / 45 57 65 -60 / 63 -45 -60 -69 / 43 62 67 70 / 65 -43 -67 -70 / 44 60 67 72 / 64 -60 -67 -72 / 62 65 69 -72 / 71 -65 -69 / 63 67 69 / 64 -60 -69 / 59 62 67 71 <END> 
<S> 45 60 65 -70 / 64 -45 -60 -69 / 47 62 67 71 / 48 -62 -67 -71 / 50 60 67 -67 / 48 57 -67 -67 / 43 59 67 -67 / 62 -43 -67 -71 / 48 64 69 -67 / 50 62 66 -69 / 43 59 62 67 / 55 59 62 67 <END> 
<S> 48 64 69 -67 / 45 60 66 -69 / 71 -60 -66 -69 / 55 59 67 / 53 59 62 67 / 52 55 -59 -67 / 50 57 65 / 59 -50 -50 -65 / 45 60 65 -53 / 47 52 -60 -65 / 48 52 60 64 <END> 
<S> 50 57 62 65 / 47 55 62 67 / 48 55 60 64 / 46 -55 -60 -64 / 45 57 60 65 / 50 -57 -60 -65 / 52 55 59 67 / 50 55 59 62 / 48 55 60 64 / 48 55 60 64 / 48 55 60 64 <END> 
<S> 43 57 62 -60 / 59 -43 -57 -62 / 45 57 60 64 / 43 50 55 -60 / 53 -43 -50 -59 / 48 52 55 60 / 48 55 64 72 / 52 55 67 71 / 53 60 69 -67 / 52 62 -60 -69 / 64 -52 -60 -69 / 50 62 65 71 / 49 64 67 69 / 65 69 -50 -67 <END> 
<S> 52 55 64 72 / 50 -55 -64 -72 / 48 55 64 -72 / 45 57 66 72 / 52 55 67 72 / 50 62 66 71 / 43 62 67 71 / 45 72 -43 -67 / 47 50 67 74 / 47 -50 -67 -74 / 48 52 72 -67 / 50 66 -48 -72 / 52 -55 -67 -72 / 54 62 69 -72 / 55 62 67 71 / 43 59 62 67 <END> 
<S> 48 64 67 69 / 50 62 66 69 / 60 -50 -66 -69 / 43 59 62 67 / 48 60 64 67 / 47 55 62 67 / 53 -47 -62 -67 / 48 52 60 67 / 47 -52 -60 -67 / 45 60 64 69 / 48 58 -64 -69 / 50 57 65 71 / 52 59 -57 -65 / 60 57 -52 -65 / 45 57 60 65 / 60 64 -57 -60 / 59 62 -45 -64 / 57 57 62 -60 / 64 -57 -60 -57 <END> 
<S> 52 59 64 67 / 50 -59 -64 -67 / 48 57 65 69 / 47 59 68 74 / 45 60 64 72 / 48 60 64 72 / 60 -48 -64 -72 / 55 60 67 74 / 69 -55 -60 -74 / 59 62 71 -55 / 57 60 64 72 / 66 -57 -60 -72 / 55 59 62 67 / 52 59 64 67 <END> 
<S> 48 60 64 67 / 59 -48 -64 -67 / 50 57 66 -60 / 55 59 62 67 / 53 59 62 67 / 52 60 67 -67 / 50 65 69 -60 / 59 -50 -65 -69 / 48 60 64 67 / 60 -48 -64 -67 / 55 59 62 67 <END> 
