<S> 48 51 60 67 / 46 52 60 67 / 44 53 60 65 / 59 -44 -53 -65 / 43 55 60 63 / 41 56 60 62 / 62 -41 -56 -62 / 43 55 59 -62 / 53 60 -43 -59 / 36 51 60 / 36 51 55 60 <END> 
<S> 41 56 60 62 / 63 -41 -56 -60 / 65 -41 -56 -60 / 43 59 62 -55 / 53 -43 -59 -62 / 36 51 55 60 / 48 60 63 67 / 50 62 -60 -67 / 51 53 60 -67 / 58 -48 -55 -67 / 42 57 60 / 43 55 58 63 / 44 -55 -63 -67 <END> 
<S> 48 55 60 63 / 46 -55 -60 -63 / 44 56 60 65 / 43 55 59 67 / 42 57 60 65 / 55 63 70 -60 / 49 53 68 -60 / 48 51 60 67 / 46 65 -55 -60 / 44 53 60 65 / 43 51 -60 -65 / 41 50 -60 -65 / 39 55 59 67 / 51 -55 -59 -67 <END> 
<S> 44 51 60 67 / 41 -51 -60 -67 / 44 51 60 67 / 41 -60 -67 -67 / 44 60 65 -60 / 59 62 -44 -65 / 60 -53 -65 -68 / 60 62 67 -65 / 58 64 -62 -67 / 57 60 63 -67 / 58 65 -60 -63 / 57 60 65 -65 / 58 62 67 -65 / 63 -58 -67 -70 / 57 60 65 68 / 56 -60 -65 -68 <END> 
<S> 60 64 67 / 58 -60 -64 -67 / 57 60 65 72 / 58 62 74 / 60 -58 -62 -74 / 58 62 70 77 / 60 -62 -70 -77 / 58 -62 -70 -77 / 56 -62 -70 -77 / 55 62 71 79 / 57 -62 -71 -79 / 59 62 67 79 / 55 -62 -67 -79 / 60 67 77 / 62 75 -62 <END> 
<S> 58 62 70 77 / 60 -62 -70 -77 / 58 -62 -70 -77 / 56 -62 -70 -77 / 55 62 71 79 / 57 -62 -71 -79 / 59 62 67 79 / 55 -62 -67 -79 / 60 75 -62 -67 / 60 75 -62 / 58 46 62 74 / 51 63 70 79 / 55 63 70 79 / 56 63 68 72 77 -56 -60 -64 -68 <END> 
<S> 60 63 67 75 / 62 -60 -67 -75 / 54 60 62 74 / 72 -54 -62 -60 / 55 62 67 70 / 48 63 67 70 / 50 58 65 -67 / 51 60 67 75 / 51 -60 -67 -75 / 53 60 68 74 / 55 59 67 -74 / 65 -55 -67 -74 / 48 63 67 72 / 58 62 70 77 / 56 60 72 77 / 55 70 -60 -77 <END> 
<S> 48 60 67 75 / 68 -48 -60 -75 / 50 65 70 74 / 55 67 75 / 53 65 74 / 51 55 63 72 / 50 65 -55 -72 / 48 63 67 72 / 60 -48 -67 -72 / 53 60 68 74 / 55 59 67 -74 / 56 60 67 -74 / 72 -56 -60 -67 / 55 62 67 71 / 53 -62 -67 -71 <END> 
<S> 56 60 65 72 / 55 74 -60 -72 / 53 72 -60 -72 / 55 59 74 -72 / 57 60 72 77 / 59 62 74 -77 / 60 -56 -62 -77 / 48 62 67 77 / 60 -48 -67 -75 / 55 59 67 74 / 60 68 75 / 58 62 67 74 / 65 -58 -62 -74 <END> 
<S> 47 62 67 77 / 48 63 67 75 / 55 66 71 74 / 51 67 72 / 60 67 72 75 / 59 -67 -72 / 57 60 67 72 / 58 -67 -72 / 57 65 72 77 / 55 62 67 -72 / 54 63 69 -72 / 62 -54 -69 -72 / 55 62 67 71 / 53 -62 -67 -71 <END> 
<S> 60 65 72 75 / 58 -63 -72 -75 / 56 66 72 75 / 55 70 75 -75 / 53 60 68 77 / 51 67 72 -60 / 59 62 67 71 / 63 -62 -67 -71 / 60 63 67 72 / 62 74 -67 / 60 -67 75 / 55 67 74 -60 / 59 -55 -67 -74 / 48 63 67 72 / 53 62 65 71 <END> 
<S> 55 62 67 71 / 55 59 62 67 / 51 60 67 79 / 69 -51 -60 -79 / 58 62 70 77 / 56 65 72 77 / 55 67 70 75 / 53 60 68 77 / 53 60 68 -77 / 75 -53 -60 -68 / 55 59 67 74 / 60 65 -55 -74 / 64 72 -60 / 59 62 74 -72 <END> 
<S> 53 60 68 77 / 53 60 68 75 / 77 -53 -60 -68 / 58 62 67 74 / 65 -58 -62 -74 / 48 63 72 79 / 60 63 72 79 / 58 65 74 -79 / 60 63 67 79 <END> 
<S> 63 70 -56 -63 / 62 65 -70 45 / 63 67 70 79 / 72 77 -63 -67 / 58 65 74 77 / 63 70 75 79 / 62 65 -70 -79 / 63 67 79 <END> 
<S> 63 70 79 / 55 -63 -70 -79 / 57 63 70 79 / 59 62 -70 -79 / 60 68 72 75 / 58 67 70 75 / 56 65 68 -75 / 55 58 67 75 / 53 -58 -67 -75 <END> 
<S> 46 62 65 70 / 63 67 70 75 / 65 69 74 -60 / 59 67 74 77 / 60 76 -67 -74 / 65 72 -60 / 64 67 -60 -72 / 62 65 68 74 / 59 -65 -68 -74 <END> 
<S> 56 65 72 77 / 55 70 75 -77 / 53 68 72 75 / 74 -53 -68 -72 / 55 67 72 74 / 71 -55 -67 -74 / 60 67 72 75 / 58 -67 -72 -75 / 57 60 72 77 / 55 70 75 -60 <END> 
<S> 48 63 67 72 / 60 67 72 75 / 58 -67 -72 -75 / 56 60 72 77 / 58 70 79 -77 / 53 73 -65 79 / 47 67 74 77 / 65 -47 -74 -77 / 55 67 72 75 / 53 -67 -72 -75 <END> 
<S> 56 60 72 77 / 53 -60 -72 -77 / 58 67 70 -77 / 77 -58 -70 -77 / 63 70 79 -77 / 55 -70 -70 -79 / 62 72 -70 -79 / 70 -62 -66 -79 / 59 67 74 79 / 77 -59 -67 -79 / 60 67 72 75 / 55 67 71 74 <END> 
<S> 47 62 74 79 / 67 -47 -74 -79 / 48 67 72 75 / 66 -48 -72 -75 / 67 71 74 -48 / 47 -67 -71 -74 / 48 67 72 75 / 50 -67 -72 -75 / 51 67 72 75 / 53 -67 -72 -75 / 55 67 70 75 / 56 60 68 -75 / 58 62 68 74 / 63 67 75 -48 / 65 -55 -63 -75 / 53 74 77 -63 / 55 71 -74 -77 / 56 60 72 75 <END> 
<S> 48 67 72 75 / 50 -67 -72 -75 / 55 67 71 74 / 53 -67 -71 -74 / 51 67 72 75 / 53 -67 -72 -75 / 55 67 70 74 / 56 65 -70 -74 / 58 65 70 74 / 53 -65 -70 -74 / 55 67 72 75 / 57 -67 -72 -75 / 58 65 74 / 56 -65 -72 -74 <END> 
<S> 56 65 72 / 55 64 67 -72 / 53 65 68 74 / 63 72 -53 -68 / 55 62 67 71 / 43 59 67 72 / 0 / 47 62 67 79 / 48 -62 -67 -79 <END> 
<S> 55 60 67 75 / 62 -55 -67 -75 / 63 -55 -67 -75 / 65 -55 -72 -75 / 67 -55 -72 -75 / 53 68 74 -72 / 51 67 72 -74 / 55 65 72 -72 / 71 -55 -65 -72 / 60 -55 -67 -72 / 62 -55 -67 -72 / 48 64 67 72 / 53 60 68 74 / 48 60 67 75 <END> 
<S> 55 67 72 -63 / 62 -55 -67 -72 / 43 71 -67 -71 / 65 -43 -71 -71 / 48 63 67 72 / 60 67 72 75 / 55 70 72 74 / 53 63 70 -74 / 62 -53 -70 -77 / 53 -62 -70 -77 / 55 58 70 75 / 56 65 -70 -75 <END> 
<S> 53 65 68 72 / 63 -53 -68 -72 / 58 61 67 70 / 68 -58 -61 -65 / 48 63 68 -58 / 50 61 -63 -68 / 51 60 63 67 / 58 61 -63 -67 / 56 60 63 72 / 55 58 -63 -72 / 53 56 68 72 / 58 62 74 -53 / 60 63 75 -74 / 65 74 -60 -68 <END> 
<S> 56 60 63 / 55 60 65 / 53 63 -60 -65 / 59 62 -53 -65 / 60 -53 -59 -62 / 52 58 60 79 / 53 57 60 70 / 55 59 67 75 / 53 56 65 74 / 50 55 65 74 / 53 74 -50 -65 / 43 51 67 75 / 50 59 65 77 <END> 
<S> 53 60 65 69 / 63 -53 -60 -69 / 46 62 65 70 / 48 63 69 72 / 46 61 67 70 / 48 63 -67 -70 / 50 62 65 69 / 51 60 66 -69 / 50 58 65 70 / 51 58 63 67 / 62 -51 -58 -67 / 50 60 65 <END> 
<S> 51 63 67 70 / 62 -51 -67 -70 / 53 60 65 69 / 63 -53 -60 -69 / 46 62 65 70 / 48 63 69 -65 / 46 62 67 70 / 65 -62 -67 -70 / 39 63 67 70 / 62 65 -67 -70 / 60 63 67 72 / 58 -60 -67 -72 <END> 
<S> 46 62 65 70 / 63 -46 -70 -70 / 46 62 65 70 / 67 75 -62 -65 / 63 69 72 / 54 63 -69 -72 / 55 62 70 70 / 50 -55 -62 -70 / 48 55 63 72 / 56 65 -48 -72 / 50 65 67 74 / 58 75 -67 -68 / 53 60 68 77 / 55 62 70 -77 / 56 63 72 -70 / 55 65 -63 -72 <END> 
<S> 51 60 67 72 / 53 -60 -67 -72 / 52 60 67 74 / 58 -52 -67 -74 / 56 60 65 72 / 55 58 -65 -72 / 53 56 68 72 / 58 74 -53 -68 / 60 67 76 / 54 60 69 75 / 55 58 67 74 / 57 60 -67 -74 / 59 62 67 74 / 55 59 -67 -74 <END> 
<S> 58 65 67 74 / 59 65 -67 -74 / 60 63 67 75 / 58 62 -67 -75 / 56 60 72 77 / 55 70 -60 -77 / 53 65 68 72 / 74 -53 -65 -68 / 75 -53 -65 -68 / 46 65 68 74 / 46 62 65 74 / 67 -46 -62 -74 / 45 60 65 72 / 47 62 67 <END> 
<S> 53 65 68 74 / 63 -53 -68 -74 / 55 63 70 -74 / 65 -55 -70 -74 / 56 63 68 72 / 55 -63 -68 -72 / 53 61 67 70 / 52 -61 -67 -70 / 53 60 67 68 / 55 -60 -65 -68 / 56 60 65 68 / 53 -60 -65 -68 <END> 
<S> 56 60 67 72 / 65 -56 -60 -72 / 55 61 67 70 / 53 65 -67 -70 / 67 -53 -65 -70 / 48 65 68 72 / 55 -65 -68 -72 / 60 63 67 -72 / 58 62 -67 -72 / 56 60 65 72 / 55 67 -60 -72 / 53 60 68 -67 / 62 65 -53 -68 / 48 60 63 67 / 68 -48 -60 -63 <END> 
<S> 56 60 63 72 / 65 74 -56 -60 / 55 60 67 75 / 53 -60 -67 -75 / 55 60 67 74 / 59 -55 -67 -74 / 65 -55 -59 -74 / 48 55 63 72 / 60 63 67 75 / 62 -60 -67 -75 / 56 60 67 72 / 58 -67 -67 -72 <END> 
<S> 48 60 63 68 / 67 -48 -60 -63 / 50 53 65 70 / 68 -50 -53 -65 / 51 58 67 / 56 -51 -67 -70 / 48 63 67 72 / 46 58 65 74 / 45 53 63 72 / 46 58 62 74 / 67 -46 -62 -74 / 45 60 69 75 / 46 58 62 74 / 58 67 70 -50 <END> 
<S> 50 53 65 70 / 51 58 65 / 53 -58 -58 -65 / 51 58 63 67 / 50 -58 -63 -67 / 51 58 63 79 / 61 -51 -58 -79 / 56 60 68 77 / 59 74 -68 -77 / 60 67 72 75 / 58 -67 -72 -75 / 56 60 72 77 / 55 75 -60 -72 <END> 
<S> 56 60 68 77 / 55 -60 -68 -77 / 60 -56 -68 -77 / 59 62 67 -53 / 58 60 -67 -79 / 60 67 74 / 58 -60 -67 -74 / 56 60 68 77 / 55 -60 -68 -77 / 53 60 68 79 / 55 75 -60 -79 / 53 59 68 77 / 47 60 65 67 / 68 -50 -60 <END> 
<S> 56 60 75 / 55 58 70 75 / 53 60 68 77 / 62 -53 -68 -77 / 60 63 67 79 / 55 59 -63 -79 / 53 62 65 77 / 59 62 74 77 / 63 -59 -74 -77 / 65 73 -62 -77 / 48 63 67 75 / 69 -48 -63 -75 <END> 
<S> 58 62 65 77 / 67 -58 -62 -77 / 60 68 -58 -74 / 74 -53 -68 -68 / 54 63 69 72 / 55 -63 -69 -72 / 54 62 70 74 / 72 -54 -62 -70 / 55 62 70 74 / 51 58 70 75 / 53 -58 -70 -75 / 55 58 70 74 / 56 72 -58 -70 / 55 65 70 74 / 52 -65 -70 <END> 
<S> 55 63 70 75 / 61 -55 -70 -75 / 53 68 68 74 / 63 67 72 -53 / 65 68 74 -60 / 59 63 -68 -74 / 60 63 67 79 / 58 61 -67 -79 / 56 60 72 77 / 53 62 70 -77 / 58 -62 -70 -77 / 56 63 70 77 / 65 -56 -60 -82 / 55 59 67 79 / 60 -55 -67 -79 <END> 
<S> 56 63 72 77 / 60 -56 -72 -77 / 58 62 70 77 / 68 -58 -62 -77 / 59 67 74 -50 / 51 70 75 79 / 51 -70 -75 -79 / 72 75 77 -51 / 50 75 74 -65 / 51 70 75 -65 / 51 63 -70 79 / 53 68 80 -63 / 62 -53 -68 -80 <END> 
<S> 63 68 72 75 / 55 67 70 75 / 56 60 65 72 / 67 -56 -60 -72 / 53 65 68 72 / 60 63 67 75 / 65 -60 -67 -75 / 53 60 65 41 / 62 -53 -65 -80 / 55 63 70 75 / 65 -55 -70 -75 / 51 67 70 75 / 63 68 -55 -75 <END> 
<S> 60 65 67 -51 / 58 -60 -67 -75 / 57 60 66 72 / 55 62 67 71 / 53 -62 -67 -71 / 51 60 67 72 / 53 -60 -67 -72 / 51 55 67 74 / 50 71 -55 -74 / 48 55 60 72 / 56 65 -48 -72 / 55 63 67 70 / 53 -63 -67 -70 / 51 65 67 72 / 53 74 -65 -67 / 51 58 65 75 / 63 -51 -58 -75 <END> 
<S> 48 55 67 72 / 50 65 74 -72 / 51 63 67 72 / 53 62 -67 -72 / 55 60 67 74 / 59 -55 -67 -74 / 48 60 67 75 / 48 60 67 75 / 60 -48 -67 -75 / 55 59 67 74 / 65 -55 -59 -74 / 56 60 63 72 / 55 -60 -63 -72 <END> 
<S> 60 67 75 / 55 -60 -67 -75 / 53 68 74 77 / 63 75 -68 -77 / 44 65 70 74 / 64 72 -55 -70 / 53 65 68 72 / 60 63 67 -72 / 58 62 -67 -75 / 56 60 72 77 / 55 70 -60 -77 / 53 65 70 -77 / 51 75 79 -70 / 53 68 74 -72 / 55 67 71 74 <END> 
<S> 53 65 72 80 / 74 -53 -65 -72 / 55 58 75 79 / 57 -55 -75 -79 / 58 70 74 77 / 68 -58 -74 -77 / 60 67 72 75 / 69 -60 -72 -75 / 70 -60 -72 -75 / 53 65 72 -75 / 74 -53 -65 -72 / 63 -53 -72 -74 / 55 65 70 75 / 53 -65 -70 -75 / 63 -53 -70 -75 / 58 62 68 74 / 51 67 70 75 <END> 
<S> 53 65 69 72 / 63 -53 -69 -72 / 46 62 65 70 / 58 67 70 75 / 63 -58 -70 -75 / 58 62 70 77 / 55 -62 -70 -77 / 56 61 -62 -70 / 53 60 68 / 55 58 67 75 / 56 60 -67 -75 / 51 60 66 75 / 72 -51 -60 -75 / 53 58 74 -68 / 50 -58 -68 -74 / 46 58 70 -74 / 68 -46 -58 -74 / 51 58 67 75 / 48 60 67 75 / 55 59 67 74 <END> 
<S> 53 68 74 -60 / 55 59 67 -74 / 56 60 65 -74 / 72 -56 -60 -65 / 55 62 67 70 / 53 -62 -67 -70 / 51 60 67 72 / 48 -60 -67 -72 / 55 64 67 70 / 53 62 -67 -70 / 51 60 67 72 / 53 -60 -67 -72 / 52 55 67 71 / 48 55 -67 -71 / 50 65 67 / 69 -50 -62 -67 <END> 
<S> 52 60 67 72 / 53 -60 -67 -72 / 52 60 67 68 / 65 -52 -60 -67 / 53 60 65 68 / 62 -53 -65 -68 / 64 -53 -68 -68 / 46 65 68 74 / 59 65 -68 -74 / 60 63 67 72 / 58 62 -67 -72 / 56 60 65 72 / 55 67 72 -60 <END> 
<S> 63 67 -56 -70 / 62 65 70 -56 / 55 63 -70 -70 / 56 65 70 72 / 53 -65 -70 -72 / 51 -65 -69 -72 / 50 71 77 45 / 51 63 72 79 / 51 58 -70 -79 / 53 68 80 77 / 55 60 75 -68 / 56 65 70 77 / 51 -60 -70 -77 <END> 
<S> 51 67 70 77 / 53 68 80 -77 / 62 -53 -68 -77 / 51 63 67 79 / 55 59 62 -79 / 60 -55 -67 -79 / 58 62 67 77 / 60 63 67 75 / 58 62 74 -67 / 56 60 72 75 / 55 70 75 -60 <END> 
<S> 60 63 67 75 / 62 -60 -67 -75 / 54 60 69 -75 / 55 67 71 74 / 0 / 51 67 70 79 / 56 60 -70 -79 / 58 62 70 77 / 68 -62 -65 -77 / 58 67 74 79 / 55 -67 -74 -79 <END> 
<S> 51 63 70 79 / 55 -63 -70 -79 / 53 65 68 80 / 70 -65 -65 -80 / 67 72 -65 64 / 62 74 77 -48 / 60 75 79 67 58 77 / -58 -67 -79 / 70 79 75 / 63 72 46 65 <END> 
<S> 60 63 68 75 / 62 65 70 77 / 63 79 -70 -70 / 58 -63 -70 -79 / 60 63 67 79 / 62 -60 -67 -79 / 56 60 65 72 / 55 67 -60 -72 / 53 65 -60 -72 / 55 59 67 74 / 50 71 -55 -74 / 48 55 72 60 / 63 -48 -55 -72 <END> 
<S> 53 60 68 74 / 55 59 67 -74 / 65 -55 -67 -74 / 48 63 67 72 / 50 58 70 77 / 51 58 70 79 / 53 -58 -70 -79 / 55 58 70 79 / 56 60 -70 -79 / 58 62 65 74 / 67 75 -58 -62 / 59 62 68 77 <END> 
<S> 51 58 70 79 / 53 -58 -70 -79 / 55 -58 -70 -79 / 56 60 -70 -79 / 58 62 65 74 / 56 60 75 -65 / 55 70 -60 -75 / 53 60 68 74 / 55 59 67 -74 / 56 60 65 72 / 74 -56 -60 -65 / 55 60 67 75 / 53 68 74 -60 / 55 59 67 74 / 65 -55 -59 -74 <END> 
<S> 56 60 63 72 / 65 74 -56 -60 / 55 60 67 75 / 53 -60 -67 -75 / 55 60 67 74 / 59 -55 -67 -74 / 0 / 56 60 75 / 58 77 -60 / 56 60 68 72 / 55 -60 -68 -77 / 53 60 68 77 / 62 -53 -68 -77 / 75 63 67 -53 / 59 65 74 -53 <END> 
<S> 56 60 63 / 55 -56 -60 -63 / 53 56 65 72 / 46 74 -65 -68 / 51 58 67 75 / 50 65 -58 -75 / 48 63 72 -58 / 50 -63 -72 / 51 55 63 70 / 48 -55 -63 -70 / 53 56 60 68 / 65 -53 -56 -68 <END> 
<S> 48 63 67 70 / 61 -51 -67 -70 / 50 56 65 68 / 59 62 -53 -65 / 51 60 63 67 / 50 58 65 -67 / 51 58 67 -65 / 63 -51 -67 -70 / 62 65 69 -48 / 60 63 -69 -68 / 58 62 65 70 / 60 63 69 57 / 62 -60 -69 -72 <END> 
<S> 63 70 -58 -63 / 46 -63 -63 -70 / 51 63 70 79 / 53 -63 -70 -79 / 55 58 70 79 / 56 60 -70 -79 / 58 62 65 74 / 68 75 -58 -62 / 56 60 77 -68 / 59 62 67 -77 / 60 -56 -68 -77 / 55 62 71 79 / 60 -55 -71 -79 / 53 62 71 79 / 51 -62 -71 -79 <END> 
<S> 55 62 71 79 / 60 63 72 79 / 58 65 74 / 56 65 -65 -74 / 55 67 70 75 / 48 -67 -70 -75 / 50 65 70 74 / 47 -65 -68 -74 / 48 67 72 -65 / 60 64 -48 -72 / 55 62 67 74 / 71 -55 -62 -67 / 43 59 67 72 / 48 -67 -72 -75 <END> 
<S> 55 67 72 75 / 53 -67 -72 -75 / 55 62 71 74 / 77 -55 -71 -74 / 48 63 67 72 / 51 63 67 79 / 60 67 75 / 53 -60 -67 -75 / 55 59 67 74 / 65 -55 -59 -74 / 56 60 63 72 / 55 -60 -63 -72 / 53 60 68 77 / 62 -53 -68 -77 <END> 
<S> 55 62 67 75 / 56 60 -67 -75 / 65 68 74 -60 / 59 67 -65 -74 / 60 67 75 / 58 -60 -67 -75 / 56 68 77 -60 / 58 75 -68 -68 / 51 67 72 75 / 53 -67 -72 -75 / 55 67 71 74 / 65 -55 -71 -74 / 56 63 72 / 55 70 -63 -72 / 53 68 72 74 / 55 67 71 74 / 65 -55 -71 -74 <END> 
<S> 53 68 74 -72 / 56 -68 -74 -74 / 55 63 70 -74 / 53 72 -70 / 51 67 70 -70 / 53 -67 -70 -70 / 51 65 72 -70 / 70 -60 -65 -79 / 50 65 70 77 / 51 63 70 -77 / 53 68 77 -63 / 62 -53 -69 -77 / 51 63 67 79 / 50 65 -67 -79 / 48 67 72 75 / 53 -67 -72 -75 / 55 67 71 74 / 51 67 70 79 <END> 
<S> 53 63 68 72 / 51 -63 -68 -72 / 50 65 70 -68 / 51 58 -70 -70 / 53 60 69 -70 / 62 65 -53 -69 / 46 63 67 70 / 65 -43 -67 -70 / 60 63 67 75 / 58 62 -67 -75 / 56 60 72 77 / 55 -60 -72 -77 / 53 68 74 -60 / 59 -53 -68 -74 / 47 67 -74 / 65 -47 -74 / 48 55 67 72 / -75 -48 -67 -72 <END> 
<S> 60 63 67 75 / 58 62 -67 -75 / 56 60 72 77 / 55 70 -60 -77 / 53 65 68 72 / 74 -53 -65 -68 / 48 63 67 75 / 69 -48 -63 -75 / 50 66 70 74 / 51 -66 -70 -74 / 55 67 70 75 / 53 60 -67 -70 / 55 62 67 71 / 53 -62 -67 -71 / 51 60 67 72 / 48 -60 -67 -72 <END> 
