<S> 57 64 69 72 / 65 -57 -69 -72 / 55 71 74 -65 / 67 -55 -71 -74 / 60 64 67 76 / 62 69 78 -60 / 59 62 71 79 / 60 -62 -71 -79 / 62 69 79 / 71 -62 -79 / 50 62 72 78 / 55 62 71 79 / 56 64 71 76 / 62 -56 -71 -76 <END> 
<S> 62 69 79 / 71 -62 -79 / 50 62 72 78 / 55 62 71 79 / 56 64 71 76 / 57 65 72 77 / 55 67 70 79 / 53 69 72 77 / 60 67 72 76 / 70 -60 -67 -76 <END> 
<S> 53 60 69 81 / 65 -53 -69 -81 / 70 -53 -65 -81 / 49 69 77 76 / 67 -49 76 -81 / 50 65 74 81 / 55 74 40 -81 / 64 71 79 -55 / 65 74 -55 -79 / 57 60 72 76 / 53 69 -72 -76 / 52 67 71 76 / 50 -67 -71 -79 / 48 64 72 79 / 62 65 -48 -72 <END> 
<S> 55 62 74 / 64 -55 -72 / 65 71 -55 -72 / 69 -55 -65 -74 / 48 67 72 76 / 53 59 74 79 / 52 60 67 -79 / 77 -52 -67 -72 / 50 65 74 77 / 52 76 -50 -74 / 53 69 74 77 / 55 67 71 74 <END> 
<S> 50 65 69 77 / 71 -50 -65 -77 / 48 67 72 76 / 55 67 71 74 / 55 67 71 74 / 53 69 72 77 / 52 67 72 79 / 50 65 -72 -79 / 52 67 72 79 / 53 -67 -70 -79 / 55 67 71 74 / 53 -67 -71 -74 <END> 
<S> 48 67 72 76 / 50 -67 -72 -76 / 52 67 72 76 / 53 -67 -72 -76 / 55 67 72 74 / 57 -67 -72 -74 / 59 71 74 -67 / 56 65 -71 -74 / 57 64 72 -71 / 59 -64 -71 -72 / 57 60 69 -64 / 62 71 -57 / 64 -57 -56 -71 / 50 62 66 71 / 69 -50 -62 -66 / 43 62 67 71 / 48 55 64 69 / 54 62 -45 -69 <END> 
<S> 54 57 69 74 / 52 64 67 -74 / 54 62 69 72 / 50 62 -69 -72 / 55 62 71 -69 / 67 -55 -62 -71 / 50 62 69 69 / 51 66 -69 -69 / 53 59 67 71 / 52 60 -67 -71 / 57 60 69 -67 / 50 65 -60 -69 / 55 60 67 -65 / 59 -60 -67 / 43 60 67 74 / 59 -43 -67 -74 / 65 -43 -59 -74 <END> 
<S> 50 62 65 69 / 60 62 67 -69 / 59 62 67 74 / 57 60 69 77 / 59 62 -69 -77 / 60 64 67 76 / 59 -60 -67 -76 / 65 60 69 -76 / 55 -60 -69 -74 / 57 72 -60 -69 / 59 62 67 74 / 60 64 67 76 / 65 72 -60 -76 / 55 67 71 74 / 52 67 73 76 <END> 
<S> 59 62 67 79 / 60 69 -62 -79 / 55 62 71 79 / 64 67 -71 -79 / 60 81 -67 -71 / 62 66 69 81 / 60 -66 -69 -81 / 59 67 71 79 / 64 -59 -67 -79 / 57 64 72 77 / 59 62 74 -77 / 60 64 76 -74 / 72 -60 -64 -76 / 53 65 74 -72 / 69 -53 -72 -74 / 54 62 71 74 / 62 69 -62 -74 <END> 
<S> 60 64 69 79 / 72 -60 -64 -79 / 62 71 74 / 50 60 69 76 / 52 59 76 79 / 57 60 74 77 / 59 67 74 / 55 60 67 76 / 53 57 -67 -76 / 52 67 72 76 / 53 69 72 81 / 74 -53 -69 -81 / 55 67 71 76 / 55 67 74 -76 <END> 
<S> 59 62 74 79 / 77 -59 -62 -74 / 55 67 76 -62 / 60 69 -67 -76 / 55 62 67 71 / 53 59 62 67 / 52 59 67 / 50 65 -59 -67 / 48 60 67 -65 / 64 -48 -67 -76 / 50 65 74 77 / 62 70 -50 -77 / 52 67 72 60 / 53 -67 -72 -76 / 55 67 74 -72 / 71 -55 -67 -74 / 60 67 72 76 <END> 
<S> 48 60 67 76 / 55 67 72 74 / 71 -55 -67 -74 / 72 -55 -71 -74 / 71 -55 -67 -74 / 65 -55 -71 -74 / 48 64 67 72 / 57 66 69 72 / 55 67 71 74 / 53 59 69 74 / 52 59 68 76 / 57 60 69 72 / 59 62 -69 -72 / 64 71 -69 / 67 -64 -64 -71 <END> 
<S> 59 67 74 / 60 66 74 -74 / 59 -66 -74 -74 / 55 64 72 76 / 53 69 -72 -76 / 55 67 71 74 / 50 -67 -71 -74 / 51 67 72 76 / 57 -67 -72 -76 / 55 70 74 76 / 53 -67 -74 -76 / 55 67 72 74 / 53 69 -72 -74 / 55 67 71 -74 / 65 -55 -71 -74 <END> 
<S> 48 67 72 76 / 50 -67 -72 -76 / 52 67 72 76 / 53 -67 -72 -76 / 55 67 72 74 / 57 -67 -72 -74 / 59 71 74 -67 / 56 65 -71 -74 / 57 64 72 -71 / 59 -64 -71 -72 / 60 64 69 72 / 54 -64 -69 -72 <END> 
<S> 57 64 71 72 / 55 -64 -72 / 54 69 74 -72 / 55 67 71 74 / 53 67 71 74 / 65 69 74 / 45 64 -74 -74 / 57 65 72 76 / 55 64 -72 -76 / 53 69 72 -64 / 59 62 67 -72 / 60 64 69 72 / 62 65 -69 -72 <END> 
<S> 53 65 69 74 / 62 65 69 74 / 64 -62 -69 -74 / 50 65 70 74 / 65 -50 -70 -74 / 52 67 72 -70 / 53 69 -67 -72 / 55 67 71 74 / 65 69 -55 -74 / 67 -55 -64 -74 / 65 -55 -67 -74 / 60 64 67 / 62 64 -67 -67 <END> 
<S> 55 67 70 74 / 62 66 69 -74 / 60 67 74 / 66 72 -60 / 58 64 67 -72 / 65 69 -59 -72 / 55 62 71 74 / 48 60 67 72 / 55 59 67 74 <END> 
<S> 55 62 67 71 / 53 -62 -67 -71 / 51 60 67 72 / 53 -60 -67 -72 / 55 65 74 -53 / 71 -55 -65 -74 / 48 55 63 72 / 0 / 43 55 62 71 <END> 
<S> 50 62 65 71 / 48 63 67 72 / 55 59 67 74 / 55 67 71 74 / 60 67 72 75 / 58 -67 -72 -75 / 57 60 65 77 / 72 -57 -60 -77 / 58 70 74 -77 / 68 -58 -74 -77 / 72 70 75 55 55 62 70 74 <END> 
<S> 60 67 72 75 / 74 -60 -67 -72 / 54 69 72 74 / 55 67 71 -74 / 51 63 67 72 / 53 69 -63 -72 / 55 62 71 -69 / 67 -55 -62 -71 / 50 60 66 69 / 62 -50 -66 -69 / 43 62 67 71 / 51 60 67 72 / 50 62 67 70 / 48 63 -67 -70 / 50 57 65 -67 / 62 62 -53 -65 / 60 -50 -53 -65 / 46 55 62 70 <END> 
<S> 55 63 70 -68 / 51 67 -63 -70 / 54 63 69 -63 / 62 -54 -69 / 46 55 62 71 / 51 55 67 72 / 50 -55 -67 -72 / 48 60 67 75 / 53 60 65 68 / 62 -53 -65 -68 / 55 58 63 67 / 56 60 -63 -67 / 58 62 65 / 56 60 67 -65 / 55 -60 -65 -67 <END> 
<S> 48 55 63 72 / 50 53 -63 -72 / 51 55 63 70 / 51 -60 -63 -70 / 53 60 65 68 / 62 -53 -65 -68 / 55 58 63 67 / 56 60 -63 -67 / 58 62 65 / 56 60 63 72 / 55 62 65 71 / 53 67 -62 -71 / 51 60 67 -67 / 50 59 65 -67 / 48 60 63 67 / 60 63 -60 -67 <END> 
<S> 56 60 63 72 / 55 -60 -63 -72 / 53 65 68 72 / 74 -53 -68 -68 / 60 67 75 / 58 -60 -67 -75 / 56 60 72 75 / 55 70 -60 -75 / 53 60 68 74 / 55 59 67 -74 / 56 60 65 72 / 74 -56 -60 -65 / 55 60 67 75 / 53 68 -60 -75 / 55 60 67 74 / 56 65 -67 -74 <END> 
<S> 60 67 75 / 58 -60 -67 -75 / 56 60 68 75 / 55 -60 -68 -75 / 53 60 68 74 / 55 59 67 -74 / 56 60 67 72 / 65 -56 -60 -72 / 50 62 65 71 / 62 65 -50 -71 / 48 55 63 72 / 53 57 62 -72 / 55 60 67 74 / 59 -55 -67 -74 / 48 60 67 75 / 58 62 -67 -75 / 56 63 72 77 / 53 -63 -72 -77 <END> 
<S> 51 55 67 72 / 60 -51 -67 -72 / 53 60 69 -72 / 65 -53 -69 -72 / 63 -53 -68 -72 / 46 65 69 74 / 58 62 70 74 / 56 63 72 / 55 70 75 -72 / 53 68 70 77 / 55 67 70 75 / 56 72 -67 -75 / 58 65 74 -68 / 67 -58 -65 -74 <END> 
<S> 58 65 70 74 / 68 -65 -71 -74 / 63 67 70 79 / 65 -63 -70 -79 / 63 70 79 -65 / 63 -63 -70 -79 / 59 63 68 77 / 62 -59 -68 -77 / 60 63 67 75 / 69 -60 -63 -75 / 58 65 70 74 / 56 -65 -70 -74 / 55 67 70 75 / 77 -55 -70 -75 <END> 
<S> 60 63 67 75 / 58 62 -67 -75 / 56 60 72 77 / 55 70 75 -60 / 53 68 74 -60 / 59 74 -53 -68 / 68 -53 -58 -74 / -53 -68 -68 -74 / 48 63 67 72 / 60 63 72 79 / 58 65 -72 -79 <END> 
<S> 53 60 68 72 / 62 -53 -68 -72 / 63 67 70 79 / 62 66 -70 -79 / 63 67 72 79 / 59 62 36 -79 / 60 63 72 75 / 62 65 77 -72 / 71 -62 -65 -77 / 63 67 72 79 / 62 79 -67 -79 <END> 
<S> 63 67 70 79 / 62 65 -67 -70 / 60 63 67 75 / 58 -60 -67 -75 / 56 60 72 77 / 60 -56 -60 -77 / 55 62 71 -77 / 53 63 72 79 / 51 55 -72 -79 / 53 65 72 80 / 55 -65 -72 -80 / 56 65 -72 -77 / 58 74 77 -65 / 67 -58 -74 -77 / 60 67 75 -77 / 58 -60 -67 -76 <END> 
<S> 53 65 72 -70 / 68 -53 -65 -72 / 48 67 72 75 / 63 -48 -67 -75 / 58 65 74 / 67 -58 -65 -74 / 63 -58 -67 -74 / 65 -58 -74 -77 / 67 72 -58 45 / 53 -67 -72 -75 / 55 62 70 77 / 56 60 -70 -77 / 62 -56 -70 -77 / 55 72 -62 -70 / 53 56 68 -72 / 51 55 58 -68 <END> 
<S> 53 56 68 74 / 72 -53 -56 -68 / 55 63 67 70 / 62 65 -55 -70 / 56 60 63 72 / 55 58 -63 -72 / 53 56 68 74 / 58 -53 -68 -74 / 51 60 67 75 / 58 -51 -67 -75 / 56 65 -51 -75 / 51 58 67 75 / 51 60 67 75 / 58 60 65 74 <END> 
<S> 51 60 67 75 / 58 -51 -67 -75 / 56 60 72 77 / 55 70 75 79 / 58 70 74 77 / 68 -58 -74 -77 / 60 67 72 75 / 70 -60 -67 -75 / 53 65 69 74 / 55 63 70 75 / 62 -55 -70 -75 / 53 60 68 77 / 55 67 70 79 / 56 63 72 -79 / 58 77 -63 -72 <END> 
<S> 53 70 74 -65 / 55 75 -70 -74 / 56 65 72 -75 / 58 74 -68 -72 / 60 67 72 75 / 70 -60 -75 -79 / 60 68 77 -72 / 70 -60 -65 -77 / 58 65 73 77 / 63 70 -65 -77 / 62 65 77 -70 / 60 63 67 -77 / 62 69 77 -56 / 55 70 75 53 60 63 72 55 / 58 65 74 / 68 -58 -65 -74 <END> 
<S> 53 68 77 -63 / 62 65 70 -80 / 63 67 70 79 / 72 77 -63 / 62 65 72 75 / 60 63 72 75 / 44 -63 -72 -75 / 63 70 -56 -75 / 61 -67 -70 -82 / 60 68 68 77 / 55 -68 -68 -77 <END> 
<S> 51 63 70 79 / 63 -63 -70 -79 / 56 72 77 -63 / 62 -56 -72 -77 / 57 63 72 77 / 59 62 -72 -77 / 60 -56 -65 -74 / 55 62 67 71 / 53 -62 -67 -71 / 51 63 67 72 / 53 -63 -67 -72 <END> 
<S> 55 62 67 70 / 53 -62 -67 -70 / 51 60 67 72 / 64 -60 -67 / 65 65 69 / 63 -60 -69 / 60 65 -60 -69 / 58 -60 -65 / 60 64 67 72 / 62 -60 -67 -72 / 60 65 68 72 / 58 -65 -68 -72 / 60 63 68 72 / 58 -63 -68 -72 <END> 
<S> 60 64 67 / 60 -60 -67 / 56 60 67 -60 / 59 62 -56 -67 / 56 60 65 -60 / 53 55 -60 -65 / 53 62 -53 -60 / 59 -53 -53 / 54 -53 60 / -53 52 55 / 50 53 58 -81 / 51 58 67 -53 / 50 53 -58 -67 <END> 
<S> 50 53 57 -60 / 51 55 58 67 / 53 57 60 69 / 62 -53 -60 -69 / 55 59 62 67 / 60 -55 -62 -67 / 43 59 62 67 / 50 62 65 69 / 51 62 67 70 / 50 65 -62 -70 / 51 55 63 70 / 53 -55 -63 -70 <END> 
<S> 50 58 62 67 / 48 -58 -67 / 50 53 62 65 / 48 55 63 / 46 -55 61 -63 / 44 60 65 -63 / 56 -44 -60 -65 / 43 55 63 -60 / 62 71 -55 -60 / 59 -43 -55 -62 / 53 -43 -59 -62 / 36 51 55 60 / 36 51 55 60 / 53 62 -51 -55 / 55 60 63 -51 / 50 -55 -60 -63 <END> 
<S> 41 56 60 62 / 63 -41 -56 -60 / 65 -41 -56 -60 / 43 55 59 62 / 53 -43 -59 -62 / 48 51 55 60 / 48 51 55 60 / 50 53 -51 -60 / 51 55 58 50 / 53 56 62 / 50 55 60 65 / 53 59 -50 -65 / 51 55 60 63 / 53 62 -55 -60 / 55 59 62 / 53 -43 -59 -62 <END> 
<S> 51 55 62 71 / 50 55 -62 -71 / 51 55 67 72 / 48 57 63 -72 / 55 62 71 / 55 67 -55 -71 / 51 63 69 72 / 54 62 -69 -72 / 55 62 67 71 / 52 55 67 72 / 54 57 69 -72 / 55 62 67 71 / 54 57 69 72 / 51 58 67 70 / 60 -51 -67 -70 <END> 
<S> 54 57 63 72 / 62 -54 -69 -72 / 55 62 67 71 / 48 63 67 72 / 60 63 67 72 / 59 62 67 79 / 60 67 75 / 58 62 -67 -75 / 56 60 72 77 / 55 70 -60 -77 / 53 68 72 77 / 74 -53 -68 -77 / 55 67 75 / 69 74 -55 -60 <END> 
<S> 59 62 67 79 / 60 -62 -67 -79 / 55 62 67 71 / 57 60 65 72 / 55 59 67 74 / 55 67 71 74 / 60 67 72 75 / 58 -67 -72 -75 / 56 65 72 77 / 55 70 75 -65 / 53 65 68 74 / 51 67 75 -60 <END> 
<S> 60 67 72 75 / 62 65 71 77 / 63 72 79 / 62 -63 -72 -79 / 59 62 67 79 / 60 63 -67 -79 / 62 65 79 -70 / 63 72 79 <END> 
<S> 63 70 79 / 62 -63 -67 -79 / 60 63 67 79 / 58 62 -67 -79 / 56 60 72 77 / 55 70 -60 -77 / 53 60 68 77 / 67 72 -53 -77 / 55 62 67 71 / 43 59 62 67 <END> 
<S> 53 65 68 72 / 74 -53 -65 -68 / 60 63 67 75 / 58 62 -67 -75 / 56 60 65 77 / 55 67 75 -60 / 53 60 68 74 / 55 59 67 -74 / 65 -55 -67 -74 / 48 63 67 72 / 56 65 71 74 <END> 
<S> 53 60 68 74 / 50 -60 -68 -74 / 55 59 67 -74 / 65 -55 -59 -74 / 48 60 63 72 / 46 62 70 77 / 51 63 70 79 / 62 65 -51 45 -79 / 60 72 75 -65 / 63 -60 -72 -75 <END> 
<S> 46 63 68 77 / 62 65 -68 -77 / 51 63 67 79 / 53 68 77 -60 / 55 67 75 -60 / 59 -55 -67 -75 / 48 60 67 75 / 53 60 68 77 / 62 -53 -68 -77 / 48 63 67 79 / 69 -48 -63 -79 / 50 65 72 77 / 71 -50 -65 -77 <END> 
<S> 55 60 67 75 / 53 -60 -67 -75 / 55 60 67 74 / 43 59 -67 -74 / 65 74 -43 -59 / 48 55 63 72 / 48 63 72 79 / 50 65 72 77 / 71 -50 -65 -77 / 51 67 72 75 / 53 -67 -72 -75 <END> 
<S> 48 63 72 79 / 50 65 -72 -79 / 51 67 72 79 / -65 -67 -72 -79 / 48 64 72 79 / 53 65 -72 -79 / 63 -53 -72 -79 / 55 62 71 79 / 56 60 72 -79 / 62 -56 -72 -79 / 55 63 70 75 / 53 65 68 74 / 59 67 -53 -75 <END> 
<S> 56 63 72 77 / 53 -63 -72 -77 / 58 62 70 77 / 68 -58 -62 -77 / 51 67 75 -62 / 60 69 75 / 55 67 71 74 / 60 67 72 75 / 58 65 74 77 <END> 
<S> 58 62 65 77 / 63 67 75 / 65 69 74 / 63 67 70 75 / 65 68 77 47 / 67 70 75 79 <END> 
<S> 58 62 65 77 / 60 63 72 79 / 58 62 -72 -79 / 56 60 72 77 / 55 70 75 -60 / 53 60 68 77 / 68 -53 -60 -77 / 48 62 67 75 / 60 -48 -67 -75 <END> 
<S> 56 60 72 77 / 53 56 -60 -72 / -70 53 62 -60 / 59 -43 -62 -71 / 53 -43 -59 -62 / 48 51 55 60 / 48 60 63 67 / 50 -60 -63 -67 / 51 60 67 -60 / 58 -60 -67 / <END> 
<S> 48 60 63 68 / 50 -60 -63 -68 / 51 58 63 67 / 46 58 65 -63 / 56 -46 -62 -65 / 48 55 63 -62 / 60 67 -55 -60 / 59 -55 -60 -67 / 55 59 62 / 53 -55 -59 -62 / 51 55 60 63 / 51 55 -60 -63 <END> 
<S> 55 59 62 67 / 53 -59 -62 -67 / 51 60 67 / 53 62 65 -67 / 63 -53 -67 -68 / 62 65 68 -56 / 55 63 67 70 / 62 65 -55 -70 / 56 60 63 72 / 62 74 -55 -60 / 61 67 76 -58 / 53 60 68 74 / 59 -53 -68 -74 / 55 60 67 -74 / 72 -60 -67 <END> 
<S> 56 60 63 72 / 65 -56 -60 -72 / 55 62 67 70 / 48 64 67 68 / 53 57 65 72 / 74 -53 -65 -69 / 60 63 67 75 / 58 62 -67 -75 / 56 60 65 77 / 55 67 75 -60 / 53 60 68 74 / 55 59 67 -74 / 65 -55 -67 -74 <END> 
<S> 60 63 67 75 / 58 62 -67 -75 / 56 60 72 77 / 55 -60 -72 -77 / 53 68 74 -60 / 59 -43 -53 -68 / 44 59 67 74 / 47 65 68 74 / 48 55 63 72 / 56 60 63 72 / 65 74 -56 -60 / 55 67 -60 59 / 53 68 -60 -75 / 55 60 67 74 / 59 -55 -67 -74 / 72 -55 -59 -67 <END> 
<S> 48 60 67 75 / 51 60 67 -75 / 53 68 74 -60 / 55 59 67 -74 / 65 -55 -67 -74 / 48 63 67 72 / 70 -48 -63 -72 / 53 60 65 -70 / 67 -53 -60 -65 / 59 62 67 -53 / 60 -59 -67 -68 / 55 60 67 75 / 53 68 -60 -75 / 55 59 67 74 / 56 60 65 -74 <END> 
<S> 56 60 65 -51 / 55 -60 -65 -69 / 53 59 67 68 / 58 -53 -67 -68 / 48 60 67 68 / 64 72 -48 -67 / 54 62 65 74 / 62 -54 -62 -74 / 55 62 67 71 / 53 -62 -67 -71 / 51 63 67 72 / 53 -63 -67 -72 / 55 62 -67 -72 / 56 60 65 -72 / 59 62 67 74 / 60 67 75 / 53 68 -60 -75 <END> 
<S> 56 63 68 72 / 55 -63 -68 -72 / 53 61 67 70 / 52 -61 -67 -70 / 53 60 67 68 / 55 -60 -67 -68 / 56 60 65 68 / 53 -60 -65 -68 / 60 64 67 / 57 60 65 75 <END> 
<S> 44 60 65 -70 / 41 -60 -65 -70 / 53 62 69 -65 / 46 -62 -65 -69 <END> 
<S> 47 56 65 74 / 48 60 64 67 / 59 -48 -60 -67 / 57 60 66 -60 / 59 62 -66 -66 <END> 
<S> 60 64 67 / 59 -60 -64 -67 / 57 60 64 67 / 60 -57 -60 -65 / 47 57 62 65 / 59 -47 -62 -65 <END> 
<S> 48 60 64 67 / 50 60 -60 -67 / 52 55 60 67 / 47 62 -55 -67 / 48 55 60 64 / 49 55 65 / / 52 -55 -65 <END> 
<S> 43 59 62 67 / 48 60 64 67 / 47 62 -67 / / 56 62 72 / 64 -53 -57 -72 / 55 62 71 79 / 60 64 69 -55 <END> 
