<S> 55 63 67 70 / 62 65 -55 -70 / 56 60 63 72 / 65 74 -56 -60 / 55 58 67 75 / 53 68 77 -58 / 51 58 70 79 / 60 -51 -70 -79 / 58 62 70 77 / 60 -58 -70 -77 / 62 -58 -70 -77 / 60 63 75 -70 / 65 69 -60 -75 / 58 67 70 -75 / 58 65 70 74 <END> 
<S> 58 62 70 77 / 68 -58 -62 -77 / 60 63 67 75 / 65 69 -60 -75 / 55 67 71 74 / 55 67 71 74 / 60 67 72 75 / 58 -67 -72 -75 / 57 65 72 75 / 53 65 70 -75 / 58 65 70 74 / 56 -65 -70 -74 / 55 63 70 75 / 72 -55 -63 -75 <END> 
<S> 60 67 75 / 58 -60 -67 -75 / 56 60 68 75 / 55 -60 -68 -75 / 53 60 68 77 / 51 70 -60 -68 / 53 58 68 72 / 68 74 -53 -58 / 51 58 67 75 / 68 -51 -58 -75 / 49 63 70 79 / 65 -51 -70 -79 / 63 67 70 79 / 62 65 -70 -79 <END> 
<S> 51 58 67 75 / 58 -51 -67 -75 / 56 60 65 72 / 55 67 70 75 / 53 68 68 74 / 55 59 67 -74 / 65 -55 -67 -74 / 56 60 63 72 / 62 65 -56 -72 / 55 62 67 70 / 53 -62 -67 -70 <END> 
<S> 63 -53 -63 -72 / 62 -54 -60 -72 / 55 60 67 74 / 59 74 -55 -74 / 57 60 72 / 63 72 -57 -60 / 55 62 67 70 / 61 -55 -67 -70 / 53 68 -61 -67 / 62 -53 -67 -68 / 55 60 63 68 / 62 -55 -60 -68 / 55 59 65 / 53 62 -59 -70 <END> 
<S> 55 63 67 70 / 57 60 -67 -70 / 46 65 68 74 / 59 67 -65 -74 / 60 63 67 75 / 58 -60 -67 -75 / 56 60 72 77 / 55 -60 -72 -77 / 53 65 72 80 / 74 -53 -65 -80 / 55 58 79 75 / 56 60 77 -79 / 58 73 74 -77 / 68 -50 -74 -77 / 51 70 75 -68 <END> 
<S> 53 65 72 -70 / 56 65 71 74 / 55 63 70 75 / 53 68 74 77 / 67 72 -53 / 0 / 0 -67 -72 / 56 67 71 74 / 55 -67 -71 -74 / 60 67 75 -55 / 53 -60 -67 -75 / 55 62 67 74 / 47 -55 -62 -74 <END> 
<S> 59 67 74 77 / 60 67 75 -74 / 72 -60 -67 -75 / 55 67 71 -75 / 60 67 72 75 / 62 74 77 -60 / 75 -62 -65 -77 / 60 67 72 75 / 70 -55 -67 -75 / 53 65 68 74 / 63 -53 -68 -74 / 59 62 67 74 / 58 60 67 75 / 51 -60 -67 -75 <END> 
<S> 59 67 74 79 / 55 -67 -74 -79 / 60 67 75 79 / 74 -60 -67 -79 / 56 60 72 77 / 70 -60 -63 -77 / 55 67 72 -77 / 53 74 -67 -72 / 55 65 71 74 / 63 -55 -71 -74 / 48 55 67 72 / 55 59 67 74 <END> 
<S> 53 68 74 / 50 65 -68 -74 / 55 63 70 -74 / 72 -55 -63 -70 / 55 62 70 74 / 68 -55 -62 -74 / 55 67 70 75 / 57 -67 -70 -75 / 58 65 74 / 55 -58 -70 -74 / 53 70 72 -58 / -75 -70 -72 / 67 70 79 / 55 -70 -79 -79 <END> 
<S> 58 65 70 74 / 56 -65 -70 -74 / 55 67 70 75 / 53 -67 -70 -75 / 51 65 70 77 / 50 -65 -70 -77 / 51 63 70 79 / 72 -51 -63 -79 / 47 68 74 77 / 67 -47 -74 -77 / 48 67 72 75 / 66 -48 -72 -75 <END> 
<S> 58 62 65 77 / 56 67 75 -77 / 55 70 75 77 / 53 -70 -77 -80 / 51 67 79 -80 / 71 79 -67 -79 / 56 67 72 75 / 58 -67 -72 -75 / 57 60 72 77 / 55 70 -60 -77 / 53 65 72 79 / 74 -53 -65 -72 <END> 
<S> 56 60 72 77 / 55 70 -60 -77 / 53 65 68 72 / 74 -53 -65 -68 / 48 63 69 75 / 47 62 68 74 / 48 63 75 -68 / 50 58 65 70 / 51 58 63 67 / 53 -58 -63 -67 / 51 58 65 68 / 50 58 -65 -68 <END> 
<S> 51 58 65 67 / 63 -51 -58 -67 / 44 60 65 68 / 46 -60 -65 -68 / 48 60 67 -65 / 64 -48 -60 -67 / 58 -48 -64 -67 / 41 56 65 / 53 -41 -65 -72 / 46 55 62 67 / 60 63 -55 -67 / 58 62 -55 -67 / 57 60 65 72 / 51 -60 -65 -72 <END> 
<S> 46 62 65 / 53 -62 -65 / 55 62 70 / 55 63 -55 -70 / 48 55 63 72 / 51 56 65 72 / 51 58 63 67 / 49 -58 -63 -67 / 48 56 63 68 / 61 -44 -63 -68 / 49 58 64 67 / 56 62 65 -67 / 60 63 67 -65 / 58 62 -67 / 53 56 60 65 / 55 67 -60 -63 / 53 60 68 / 51 55 -60 -68 <END> 
<S> 56 60 65 / 53 55 62 65 / 53 59 62 -65 / 51 60 63 / 57 62 -48 -72 / 55 63 70 -48 / 46 -55 -60 -70 / 53 56 60 68 / 51 55 -60 -68 / 50 53 58 70 / 55 -50 -58 -70 / 53 56 60 65 / 51 55 -60 -65 <END> 
<S> 51 55 60 70 / 55 -51 -60 -70 / 48 55 63 70 / 46 -55 -63 -70 / 44 60 63 72 / 46 -60 -63 -72 / 44 65 70 -60 / 63 -60 -65 -68 / 58 62 -65 -68 / 67 -58 -62 -65 / 60 63 68 75 / 58 62 70 -75 / 56 63 72 77 / 55 -63 -72 -77 <END> 
<S> 46 58 65 68 / 62 74 -65 / 43 58 63 70 / 51 58 67 -70 / 53 68 -58 -67 / 51 60 67 / 44 48 -60 -67 / 46 53 68 -60 / 44 -53 -68 -68 / 46 61 67 68 / 44 -46 -67 -68 / 43 63 67 70 / 44 -63 -67 -70 / 44 63 65 72 / 41 -63 -65 -72 <END> 
<S> 44 60 65 68 / 46 67 -60 -68 / 51 60 67 75 / 58 -52 -67 -75 / 54 57 63 72 / 60 -54 -57 -72 / 55 62 67 70 / 48 63 67 -70 / 53 57 62 67 72 / 60 63 67 72 / 58 62 74 -67 / 56 60 72 75 / 55 -60 -72 -75 <END> 
<S> 48 63 68 72 / 67 -48 -63 -72 / 50 65 69 72 / 71 -50 -65 -77 / 48 67 72 75 / 74 -48 -67 -72 / 55 67 71 74 / 60 67 72 75 / 58 -67 -72 -75 / 56 60 72 77 / 55 70 -60 -77 / 53 60 68 72 / 74 -53 -60 -68 / 55 59 67 75 / 56 60 -67 -75 <END> 
<S> 56 67 72 75 / 77 -56 -72 / 53 68 74 -72 / 50 70 72 48 / 55 70 74 79 / 53 -70 -74 -79 / 51 70 79 55 / 60 75 -70 -79 / 56 60 68 77 / 62 -56 -60 -77 / 58 61 67 79 / 60 -58 -67 -79 <END> 
<S> 51 63 79 79 / 53 -63 -79 -79 / 55 62 71 79 / 62 -55 -71 -79 / 60 63 72 -51 / 58 62 70 77 / 56 63 70 75 / 55 61 -70 -75 / 53 60 68 77 / 60 75 -53 -68 / 55 59 67 74 / 55 59 67 74 <END> 
<S> 56 63 65 / 55 59 -65 -71 / 60 63 67 72 / 53 -60 -67 -72 / 52 60 67 72 / 58 -52 -67 -72 / 56 60 65 72 / 55 67 -60 -72 / 53 65 69 72 / -65 -53 -69 -72 / 53 65 69 72 / 75 -53 -65 -69 <END> 
<S> 56 60 65 72 / 55 -60 -65 -72 / 53 -60 70 55 / 52 -53 -60 -70 / 53 60 67 68 / 65 -53 -60 -68 / 55 60 65 67 / 43 -60 -65 -67 / 44 60 65 / 41 60 -60 -65 / 59 62 -41 -65 / 56 60 63 -53 / 41 55 60 65 <END> 
<S> 44 60 63 65 / 59 62 -44 -65 / 60 -44 -60 -65 / 48 62 -44 -60 / 43 53 59 -62 / 51 55 60 / 53 56 60 65 / 51 55 67 72 / 46 53 62 74 / 55 -46 -62 -74 / 53 55 62 70 / 50 -55 -62 -70 <END> 
<S> 53 60 65 69 / 51 -60 -65 -69 / 50 58 65 70 / 46 62 -65 -70 / 48 60 63 65 / 58 -48 -65 -63 / 46 56 62 65 / 55 63 -46 -62 / 44 55 60 63 / 46 -55 -60 -63 / 44 60 62 65 / 43 -60 -65 -65 / 60 64 67 / 58 -60 -64 -67 <END> 
<S> 44 60 63 65 / 46 -60 -63 -65 / 51 58 63 67 / 48 -58 -63 -67 / 44 58 60 65 / 45 53 60 65 / 51 58 63 67 / 46 62 65 70 / 39 58 -65 -70 / 48 60 63 68 / 44 -60 -63 -68 <END> 
<S> 44 60 63 65 / 46 58 62 -65 / 56 -46 -62 -65 / 39 55 58 63 / 51 55 58 67 / 50 69 -55 -58 / 48 55 62 65 / 47 56 62 / 48 60 63 / 62 -48 -60 -63 / 55 60 62 -48 / 53 59 -50 -55 / 48 51 55 60 / 48 55 60 63 <END> 
<S> 47 55 62 67 / 48 55 60 63 / 51 55 58 67 / 60 -51 -55 -67 / 50 55 62 67 / 54 -50 -62 -67 / 43 55 62 71 / 53 55 62 69 / 51 54 63 -69 / 50 62 66 69 / 60 -50 -66 -69 / 43 58 62 67 / 50 58 62 -67 <END> 
<S> 51 55 67 72 / 50 -55 -67 -72 / 48 60 67 75 / 53 60 68 74 / 55 59 67 74 / 65 -55 -59 -74 / 48 60 63 72 / 56 60 72 77 / 62 -56 -72 -77 <END> 
<S> 60 63 68 / 60 -60 -68 -68 / 55 60 67 -60 / 53 59 -60 -67 / 52 60 67 -60 / 58 -52 -60 -67 / 53 56 60 65 / 59 -53 -56 -65 / 51 55 60 63 / 53 56 62 -60 / 55 59 62 -53 / 53 56 60 -62 / 58 -53 -53 -60 <END> 
<S> 56 60 63 65 / 55 58 65 -63 / 53 56 62 -65 / 58 -53 -53 -65 / 51 55 60 67 / 62 65 -55 -60 / 59 -55 -62 -65 / 48 60 63 -55 / 53 -48 -60 -63 / 55 59 62 -48 / 36 55 60 63 / 46 -55 -60 -63 <END> 
<S> 48 55 63 -62 / 60 -55 -63 / -63 55 58 62 / 53 63 -58 / 62 -55 -58 / 48 55 60 63 / 46 53 58 65 / 44 51 60 67 / 41 -51 -60 -67 / 43 51 60 67 / 58 -43 -62 -67 / 44 51 60 65 / 46 58 62 -65 / 56 -46 -62 -65 / 39 55 58 63 <END> 
<S> 44 51 60 65 / 59 -44 -51 -65 / 45 60 63 / 43 62 -60 -63 / 44 60 65 65 / 58 -44 -65 -65 / 46 58 62 -65 / 56 60 63 / 41 55 60 62 / 43 55 59 62 / 48 55 60 63 / 48 51 55 60 <END> 
<S> 44 56 60 65 / 55 -44 -60 -65 / 41 56 60 65 / 53 -41 -60 -65 / 51 58 60 67 / 53 68 -60 -58 / 51 60 67 -53 / 48 52 60 -67 / 41 53 60 68 / 44 -53 -60 -68 / 46 53 62 67 / 48 60 -53 -67 / 46 58 62 65 / 56 -46 -62 -65 <END> 
<S> 48 51 60 68 / 46 -51 -60 -68 / 44 51 60 67 / 41 56 60 65 / 43 55 58 -65 / 46 53 60 65 / 58 -53 -65 / 48 60 67 -53 / 64 -48 -60 -75 / 41 56 65 68 / 53 59 -65 -68 / 48 60 64 67 / 50 60 65 68 <END> 
<S> 44 56 60 65 / 55 -44 -60 -65 / 46 53 62 68 / 44 -53 -60 -68 / 43 51 60 67 / 41 60 68 -55 / 43 55 60 63 / 45 45 -60 -63 / 46 53 62 -63 / 60 -53 58 -62 / 53 61 65 / 51 58 63 67 / 50 65 -58 -67 <END> 
<S> 43 55 60 63 / 53 -43 -60 -63 / 45 48 60 65 / 43 55 63 -60 / 41 60 65 -63 / 41 57 62 -65 / 43 58 63 67 / 45 -58 -63 -67 / 46 58 62 65 / 50 58 62 67 / 51 58 63 67 <END> 
<S> 43 50 62 65 / 59 -50 -62 -65 / 51 55 60 63 / 53 -55 -60 -63 / 55 59 62 / 43 55 59 62 / 48 55 60 63 / 46 -55 -60 -63 / 44 56 60 63 / 43 -56 -60 -63 / 44 56 60 65 / 47 -56 -60 -65 <END> 
<S> 48 55 60 63 / 46 -55 -60 -63 / 44 56 60 65 / 43 -56 -60 -65 / 44 59 62 67 / 65 -44 -60 -67 / 43 58 65 -63 / 56 62 -46 -65 / 60 -44 -53 -65 / 46 62 67 -53 / 58 -46 -62 -67 / 39 51 58 67 / 63 -51 -58 -67 <END> 
<S> 43 58 63 65 / 44 -58 -63 -70 / 46 58 62 65 / 55 60 63 -46 / 53 56 60 65 / 55 58 62 -65 / 56 53 -62 -65 / 51 55 67 70 / 50 60 -67 -70 / 48 62 67 / 63 -48 -67 / 50 62 66 -48 / 60 -50 -66 -66 / 43 55 62 67 / 46 55 62 67 <END> 
<S> 55 62 67 70 / 51 60 67 69 / 50 -60 -67 -67 / 48 63 67 72 / 58 62 67 / 53 60 65 70 / 55 67 -60 -70 / 53 65 68 72 / 63 -53 -68 -72 / 47 65 67 74 / 71 -43 -65 -74 / 48 63 67 72 / 60 63 67 72 / 58 62 -67 -72 <END> 
<S> 52 60 67 72 / 53 -60 -67 -72 / 54 62 65 71 / 63 67 -53 -71 / 62 66 -53 -69 / 55 62 67 70 / 50 62 66 69 / 60 -50 -66 -69 / 51 58 67 / 60 -51 -67 -72 / 46 62 67 70 / 48 60 69 -67 / 50 62 -60 -69 / 55 60 62 / 58 -55 -60 <END> 
<S> 46 62 67 70 / 48 60 -67 -70 / 50 62 65 71 / 62 -50 -65 -71 / 51 60 67 70 / 48 -60 -67 -70 / 53 60 68 -67 / 55 62 67 71 / 43 59 62 67 / 48 60 63 67 / <END> 
<S> 55 63 67 -70 / 53 -63 -67 -70 / 51 60 67 70 / 48 -60 -67 -70 / 53 60 68 72 / 55 67 70 -60 / 53 60 65 68 / 51 67 -60 -65 / 53 65 68 -60 / 63 -53 -60 -68 / 59 62 -53 -68 / 60 -53 -59 -68 / 55 59 67 -60 / 62 -53 -59 -67 <END> 
<S> 55 59 62 67 / 60 67 75 / 58 -60 -67 -75 / 56 60 65 77 / 55 67 75 -60 / 53 65 68 74 / 55 59 67 -74 / 65 -55 -67 -74 / 48 63 67 72 / 50 58 65 77 <END> 
<S> 53 60 68 74 / 55 59 67 -74 / 65 -55 -67 -74 / 48 60 67 72 / 58 70 -67 -75 / 60 65 68 -75 / 62 65 -68 -77 / 63 70 75 79 / 58 -70 -75 -79 / 57 72 75 77 / 58 -72 -77 -77 <END> 
<S> 63 70 79 / 55 -63 -70 -79 / 56 63 72 77 / 58 -63 -72 -77 / 68 -58 -62 -77 / 51 63 67 75 / 58 65 70 74 / 56 -65 -70 -74 / 55 67 70 75 / 53 -67 -70 -75 / 51 65 70 77 / 50 -65 -70 -77 / 46 63 70 77 / 62 -46 -70 <END> 
<S> 58 65 70 74 / 56 -65 -70 -74 / 55 67 70 75 / 53 -67 -70 -75 / 55 65 70 74 / 53 -65 -70 -74 / 51 63 70 79 / 62 77 -70 -79 / 56 60 72 77 / 58 62 70 -77 / 68 -58 -62 -77 / 59 67 74 -53 / 52 58 67 -74 / 56 65 72 75 / 70 -56 -65 -75 <END> 
<S> 56 60 77 -51 / 53 68 75 -77 / 51 67 70 75 / 46 -67 -70 -75 / 44 60 67 72 / 70 -60 -65 / 58 63 65 72 / 56 62 -65 -72 / 55 58 63 67 / 56 60 63 -67 / 65 74 -56 -60 / 55 60 67 / 53 56 65 -60 / 59 62 -53 -65 / 50 60 62 67 / 58 62 65 69 / 56 60 64 -65 <END> 
<S> 56 60 63 72 / 55 -60 -63 -72 / 53 65 68 72 / 74 -53 -68 -68 / 60 67 75 / 58 -60 -67 -75 / 56 60 72 75 / 55 70 -60 -75 / 53 60 68 74 / 55 59 67 -74 / 65 -55 -59 -74 / 48 60 63 72 / 50 58 70 77 / 51 63 70 79 / 53 -63 -70 -79 <END> 
<S> 53 60 68 74 / 55 59 67 -74 / 65 -55 -67 -74 / 48 63 67 72 / 58 74 -67 -72 / 63 67 70 75 / 65 -63 -67 -70 / 63 67 70 79 / 53 -67 -70 -79 / 51 72 79 -67 / 50 -67 -72 -79 / 52 70 79 -67 / 53 68 -77 <END> 
<S> 46 65 70 74 / 53 -65 -70 -74 / 55 70 75 -70 / 56 65 72 -70 / 51 63 67 72 / 53 65 68 -72 / 55 63 70 -68 / 56 -63 -68 / 55 64 67 70 / 53 65 -67 -70 / 51 67 72 -67 / 70 -51 -67 -72 / 48 67 72 75 / 65 -48 -67 -72 <END> 
<S> 55 62 67 70 / 53 -62 -67 -70 / 51 63 67 72 / 50 65 74 -67 / 48 67 72 75 / 47 68 74 77 / 67 76 -74 / 65 68 72 77 / 60 64 -72 -77 / 58 65 72 80 / 56 -58 -70 -77 / 55 70 79 -65 / 63 -55 -70 -79 <END> 
<S> 60 67 72 75 / 48 -60 -67 -72 / 70 -60 -67 -75 / 65 68 72 74 / 56 -65 -68 -74 / 55 63 67 70 / 65 68 -55 -60 / 51 58 67 / 53 -51 -58 -67 / 48 51 63 67 / 50 53 -63 -67 / 51 55 67 / 53 65 -55 -67 <END> 
<S> 55 58 63 70 / 53 56 -63 -70 / 51 55 63 70 / 50 -58 -63 -70 / 51 58 63 67 / 62 -51 -58 -67 / 53 57 60 65 / 55 59 62 67 / 56 60 65 68 / 62 -56 -65 / 55 64 63 67 / 62 65 -55 -67 / 60 -55 63 / 43 55 59 62 / 51 55 60 63 / 53 -55 -60 -63 <END> 
<S> 55 59 62 67 / 55 62 67 70 / 48 63 67 69 / 50 62 66 -69 / 60 -50 -66 -69 / 55 59 62 67 / 55 60 67 72 / 56 62 65 71 / 62 -56 -65 -71 / 48 55 63 72 / 53 56 65 72 / 55 74 -53 -67 / 57 60 67 77 / 59 62 67 -77 / 60 -62 -67 <END> 
<S> 55 62 67 71 / 56 59 65 74 / 57 60 63 72 / 55 62 67 71 / 53 63 67 72 / 51 63 -67 -72 / 53 65 68 72 / 63 -53 -68 -72 / 55 65 68 71 / 55 63 67 72 / 55 67 74 -72 <END> 
<S> 56 60 63 72 / 53 65 68 74 / 63 67 70 75 / 65 68 77 -63 / 67 75 -58 / 58 62 74 77 / 55 70 75 -74 / 56 72 -70 / 44 63 72 -72 / 46 65 -72 -75 / 68 -44 -72 -77 / 63 70 79 -75 / 62 -67 -70 -79 <END> 
<S> 44 72 77 -63 / 60 -44 -72 -77 / 46 62 70 77 / 51 63 70 79 / 55 63 70 79 / 0 / 48 63 70 79 / 53 68 77 -63 / 62 -53 -68 -77 / 51 67 71 79 / 55 -71 -67 -79 / 56 72 -67 -79 <END> 
<S> 48 63 72 79 / 60 -48 -72 -79 / 58 65 74 82 / 56 -65 -65 -74 / 55 67 70 75 / 53 68 77 -75 / 55 62 70 74 / 56 72 -62 / 58 65 74 / 56 75 -58 -65 / 55 74 -58 / 53 68 72 -58 / 55 65 70 -72 / 53 56 -65 -72 <END> 
<S> 53 57 65 74 / 63 72 -53 / 46 62 65 74 / 59 62 67 77 / 60 67 75 / 58 -60 -67 -75 / 56 62 72 77 / 60 -56 -72 -77 / 55 67 71 74 / 55 67 71 74 <END> 
<S> 62 67 79 / 58 -62 -67 -79 / 60 62 67 77 / 58 -62 -67 -77 / 60 67 75 / 58 -60 -67 -75 / 53 57 65 72 / 46 53 65 74 / 58 64 -53 57 / 50 57 65 74 / 55 58 67 75 / 54 60 68 74 <END> 
<S> 53 57 60 74 / 50 58 65 77 / 56 -50 -65 -77 / 55 63 70 75 / 53 74 77 -63 / 62 73 79 -53 / 56 64 -72 -79 / 55 70 74 79 / 57 72 -70 -79 <END> 
<S> 60 63 72 79 / 58 -63 -72 -79 / 57 63 72 77 / 53 62 70 -77 / 60 69 77 -63 / 46 62 70 77 / 63 68 72 <END> 
<S> 48 60 69 75 / 50 62 70 77 / 51 63 70 79 / 53 -63 -70 -79 / 55 63 70 79 / 56 -63 -70 -79 / 58 62 70 77 / 68 -62 -65 -77 / 58 67 74 79 / 77 -67 -70 -79 <END> 
