<S> 48 60 67 76 / 62 -48 -67 -76 / 60 64 67 74 / 72 -60 -64 -67 / 62 67 74 -60 / 59 -62 -67 -74 / 57 62 71 79 / 55 -62 -71 -79 / 60 64 67 76 / 62 65 -67 -76 / 64 67 72 / 60 69 -67 -72 / 55 67 71 74 <END> 
<S> 60 64 67 76 / 62 65 -67 -76 / 64 67 72 / 60 69 -67 -72 / 55 67 71 74 / 65 -55 -71 -74 / 48 64 67 72 / 55 62 67 72 / 55 62 67 71 / 52 64 67 71 / 57 64 67 72 / 59 62 67 74 <END> 
<S> 55 62 67 71 / 53 69 -62 -67 / 52 60 67 -69 / 50 -60 -67 -67 / 48 60 67 76 / 50 65 69 74 / 64 -50 -65 -74 / 53 62 69 77 / 60 76 -53 -69 / 55 58 67 74 / 57 60 -67 -74 / 59 65 -55 -74 / 72 -57 -65 -65 / 55 59 67 -65 / 60 64 67 76 <END> 
<S> 53 65 69 72 / 74 -53 -65 -69 / 55 67 76 -74 / 58 -67 -76 -76 / 57 69 77 / 55 62 -69 -77 / 53 62 67 79 / 51 60 -67 -79 / 50 59 67 74 / 52 60 67 76 / 54 60 69 74 / 55 59 67 -74 / 65 -55 -59 -74 / 48 64 -59 -74 / 60 -48 -64 -71 <END> 
<S> 60 67 76 / 59 -60 -67 -76 / 57 60 72 77 / 55 76 -60 -72 / 53 60 69 74 / 50 65 -60 -74 / 55 59 67 74 / 53 -55 -67 -74 / 52 55 67 72 / 48 64 71 79 / 50 65 72 77 / 52 67 72 -77 / 53 67 70 76 <END> 
<S> 52 60 67 72 / 50 65 69 74 / 71 -50 -65 -74 / 48 67 72 76 / 60 74 77 -48 / 76 79 -48 -60 / 53 59 74 77 / 60 72 76 -53 / 55 67 71 74 / 56 64 71 76 <END> 
<S> 53 60 69 77 / 53 60 69 -77 / -53 -60 -69 -77 / 58 67 76 -53 / 58 77 -67 -76 / 57 69 72 77 / 59 67 74 79 / 77 -59 -67 -74 / 60 72 76 -67 / 52 67 72 79 <END> 
<S> 58 64 67 79 / 60 -58 -67 -79 / 58 62 65 77 / 59 67 -62 -77 / 60 62 67 76 / 59 -60 -67 -76 / 57 60 72 77 / 55 76 -60 -72 / 53 59 74 79 / 52 77 -72 / 50 71 77 -65 / 48 67 72 76 / 60 67 72 76 <END> 
<S> 52 60 67 79 / 53 -60 -67 -79 / 55 60 67 74 / 59 -55 -67 -74 / 48 64 67 72 / 48 67 72 76 / 50 65 71 77 / 69 -50 -65 -77 / 52 64 67 79 / 62 -52 -67 -79 / 57 60 69 76 / 55 -60 -69 -76 <END> 
<S> 48 64 72 79 / 50 65 -72 -79 / 52 67 72 79 / 53 69 -72 -79 / 55 67 71 74 / 52 69 73 79 / 50 71 76 79 / 69 74 77 / 59 67 74 79 / 61 76 -67 -76 <END> 
<S> 59 67 76 57 / 66 -59 -76 / 60 64 72 81 / 66 -60 -72 -81 / 59 67 74 79 / 57 65 72 77 / 59 67 74 79 / 77 -59 -67 -77 / 60 67 76 -74 / 72 -60 -67 -76 / 55 67 74 -72 / 71 -55 -67 -74 / 0 / 56 64 71 76 <END> 
<S> 67 72 76 / 65 69 -72 -76 / 64 71 -69 -74 / 62 66 -71 -74 / 60 69 72 76 / 57 64 71 72 / 55 59 67 74 / 57 60 -67 -74 / 59 62 67 74 / 55 59 -67 -74 / 52 67 72 76 / 70 -52 -67 -79 <END> 
<S> 55 62 71 74 / 59 67 -62 -71 / 60 67 76 / 62 77 -60 -67 / 48 64 67 79 / 50 65 -67 -79 / 52 67 72 79 / 53 -67 -72 -79 / 55 67 71 74 / 77 -55 -67 -74 / 60 67 72 76 / 48 -67 -72 -76 <END> 
<S> 52 67 72 / 50 65 69 74 / 71 -50 -65 -74 / 48 67 72 76 / 50 77 -72 -76 / 52 67 72 76 / 53 -67 -72 -76 / 55 67 71 74 / 52 67 72 / 50 65 69 74 / 52 64 71 79 / 62 -52 -71 -79 <END> 
<S> 47 62 67 79 / 48 60 69 77 / 76 -48 -60 -69 / 55 58 67 74 / 72 -55 -58 -67 / 57 65 -55 -72 / 55 64 67 70 / 53 62 65 -70 / 52 60 67 72 / 53 60 69 74 / 65 70 -53 -74 / 52 60 72 76 / 67 -60 -72 -76 / 53 69 72 74 / 50 65 71 -74 / 69 -50 -53 -74 <END> 
<S> 58 65 74 / 57 76 -65 -74 / 55 67 70 76 / 53 65 69 77 / 67 74 -53 -58 / 63 72 -53 -69 / 55 67 70 -72 / 57 65 72 -70 / 55 64 67 72 / 54 62 69 74 / 55 67 -62 -74 / 60 64 67 -74 / 72 -60 -64 -67 / 55 67 74 -72 / 71 -55 -67 -74 / 48 64 67 72 / 55 67 71 74 <END> 
<S> 55 67 70 -63 / 53 62 -67 -70 / 55 60 67 70 / 53 69 -60 -67 / 62 -53 -60 -67 / 59 62 -53 -67 / 60 -53 -62 -67 / 55 60 62 -67 / 53 59 65 68 / 51 60 65 67 / 50 62 65 -67 / 51 60 67 / 53 62 -67 -70 / 55 60 63 -69 / 53 -60 -63 -67 / 51 60 -60 -65 / 59 -51 -60 -65 / 50 58 62 65 / 53 56 -62 -65 <END> 
<S> 55 60 63 / -69 53 -60 -63 / 55 59 62 / 53 -43 -59 -62 / 48 51 55 60 / 48 60 63 67 / 50 -60 -63 -67 / 51 58 63 67 / 61 -51 -58 -67 / 53 56 60 68 / 58 65 -53 -68 / 48 60 67 -65 / 64 -48 -60 -67 / 58 -48 -64 -67 / 41 56 65 -60 <END> 
<S> 48 60 67 68 / 50 -60 -67 -68 / 52 60 67 70 / 68 -52 -60 -67 / 58 60 65 68 / 48 60 67 -65 / 64 -48 -60 -67 / 58 -48 -64 -67 / 41 56 60 65 / 53 56 72 -53 / 55 52 70 -60 / 50 53 -60 -68 / 51 55 60 67 / 59 -55 -62 -67 <END> 
<S> 55 56 60 65 / 55 59 62 -65 / 48 55 63 67 / 60 63 68 72 / 59 62 67 / 60 67 75 / 58 -60 -67 -75 / 56 60 65 77 / 55 75 -60 -65 / 53 58 74 77 / 55 62 71 79 / 60 -55 -70 -79 <END> 
<S> 60 63 67 75 / 58 62 -67 -75 / 56 60 72 77 / 55 70 -60 -77 / 53 65 68 74 / 63 -53 -68 -74 / 59 65 67 -74 / 60 65 -67 -74 / 58 65 74 / 62 -58 -65 -74 / 63 70 79 / 62 -63 -70 -79 / 60 63 79 -70 / 58 62 70 77 <END> 
<S> 53 65 74 -70 / 63 -53 -70 -74 / 53 62 70 72 / 55 63 70 -72 / 57 65 69 72 / 46 -65 -65 / 48 60 64 67 <END> 
<S> 53 68 74 -60 / 55 59 67 -74 / 56 60 65 -74 / 72 -56 -60 -65 / 55 62 67 70 / 50 62 65 70 / 51 60 67 -65 / 53 60 69 -65 / 62 -60 -65 -69 <END> 
<S> 46 62 65 / 55 62 -65 / 56 60 63 / 55 58 63 70 / 53 -58 -63 -70 / 51 58 63 67 / 55 -58 -63 -67 / 56 60 63 72 / 55 58 -63 -72 / 56 60 65 68 / 67 -60 -56 -68 / 55 62 67 70 / 53 -62 -67 -70 <END> 
<S> 56 60 63 72 / 55 58 -63 -72 / 53 56 68 72 / 58 62 67 -53 / 60 64 67 / 58 65 69 74 / 59 67 -65 -74 / 60 67 76 / 58 -60 -67 -76 / 56 60 72 77 / 55 75 -60 -72 / 53 72 74 -72 / 55 67 71 -74 / 65 -55 -71 -74 <END> 
<S> 60 67 75 / 58 62 -67 -75 / 56 63 72 75 / 55 -63 -72 -75 / 53 68 72 75 / 51 67 -53 -72 / 50 65 72 77 / 71 -50 -65 -77 / 52 67 72 79 / 53 -67 -72 -79 / 55 67 71 74 / 65 -55 -71 -74 <END> 
<S> 50 65 72 77 / 71 -50 -65 -77 / 48 67 72 75 / 53 68 74 77 / 55 67 71 74 / 55 67 71 / 63 67 72 <END> 
<S> 55 62 67 75 / 60 -55 -67 -75 / 55 62 65 74 / 59 67 -65 / 63 65 -43 -59 / 57 60 -63 -65 / 55 59 62 67 / 60 68 -55 -62 / 55 62 67 70 / 53 -62 -67 -70 <END> 
<S> 55 62 71 / 53 -62 -71 -71 / 51 63 67 72 / 62 -51 -67 -72 / 48 60 65 67 / 64 -60 -67 / 54 60 63 69 / 62 -54 -60 -69 / 55 59 62 67 / 51 60 67 72 / 69 -51 -60 -72 / 55 62 71 74 / 55 62 71 <END> 
<S> 55 62 67 71 / 56 62 65 71 / 63 -56 -65 -71 / 62 65 69 -56 / 59 62 -65 -69 / 60 63 67 75 / 58 -60 -67 -75 / 53 57 65 74 / 72 -53 -60 -65 / 55 59 67 74 / 63 -55 -67 / 65 -55 -67 -74 / 48 63 67 72 / 60 68 -67 <END> 
<S> 57 60 65 72 / 55 -60 -65 -72 / 53 60 67 70 / 69 -60 -53 / 51 58 67 70 / 65 68 -58 -58 / 63 -55 -70 / 48 62 67 77 / 68 -48 -62 -77 / 50 58 67 77 / 51 58 67 79 / 53 60 69 77 / 55 62 71 -77 <END> 
<S> 46 65 70 74 / 53 65 68 72 / 74 -53 -65 -68 / 60 63 67 75 / 58 62 -67 -75 / 56 60 65 77 / 55 67 75 -60 / 53 60 65 68 / 56 60 65 74 / 55 59 67 74 <END> 
<S> 56 63 68 72 / 65 -56 -68 -72 / 55 63 67 70 / 53 56 68 -63 / 58 -53 -56 -68 / 48 75 -58 -65 / 60 -48 56 63 / 46 55 62 67 / 58 -46 -62 -67 / 39 58 62 67 / 51 60 63 -67 / 50 58 62 65 / 48 63 -58 <END> 
<S> 43 58 63 67 / 62 -58 -67 -70 / 56 60 63 / 44 -56 -60 -63 / 65 68 -50 -53 / 54 60 -44 -68 / 43 59 67 -65 / 48 60 64 67 / 60 65 67 72 / 51 58 -67 -72 / 56 65 72 -51 / 50 -56 -72 -72 / 51 55 63 70 / 68 -55 -63 -72 <END> 
<S> 48 60 67 75 / 55 59 67 74 / 68 71 -55 -74 / 43 67 -71 -74 / 65 -43 -71 -74 / 48 63 67 72 / 59 62 67 79 / 60 67 75 / 58 62 -67 -75 / 56 60 72 75 / 55 70 -60 -75 / 53 60 68 74 / 55 59 67 -74 / 56 60 65 72 / 64 -56 -60 -72 <END> 
<S> 60 63 67 75 / 58 62 -67 -75 / 56 60 72 75 / 55 70 -60 -75 / 53 60 68 74 / 63 72 -53 -60 / 46 62 65 70 / 63 -62 -65 -70 / 60 63 79 -70 / 58 65 70 74 / 56 -65 -70 -74 <END> 
<S> 57 60 65 70 / 53 -60 -65 -70 / 55 58 65 70 / 56 60 -65 -70 / 48 58 65 68 / 63 -48 -58 -68 / 46 62 65 70 / 55 67 70 75 / 58 68 -67 -75 / 58 65 74 77 / 67 72 75 -58 <END> 
<S> 51 63 67 68 / 50 63 -67 -68 / 48 63 67 72 / 60 -63 -67 -72 / 58 65 74 -72 / 56 -65 -72 -74 / 55 67 70 75 / 57 60 -70 -75 <END> 
<S> 48 63 67 75 / 51 69 -67 -75 / 53 65 72 74 / 63 -53 -72 -74 / 53 62 70 77 / 55 67 70 75 / 57 61 -67 -75 <END> 
<S> 46 62 65 74 / 67 -46 -62 -74 / 77 / -62 -67 -77 / 60 67 75 -43 / 52 -60 -67 -75 / 53 60 65 74 / 59 -53 -65 -74 / 48 60 67 75 / 53 60 65 68 <END> 
<S> 60 67 75 / 58 -60 -67 -75 / 56 60 68 75 / 55 -60 -68 -75 / 53 60 68 74 / 55 59 67 -74 / 56 60 67 72 / 65 -56 -60 -72 / 50 62 65 71 / 69 -50 -62 -65 / 51 60 67 70 / 53 -60 -67 -70 <END> 
<S> 0 / 43 -65 -72 -75 / 74 -51 -67 -72 / 54 75 -67 -72 / 60 69 -53 -75 / 55 67 71 74 / 63 67 72 / 65 74 / -67 -72 -74 / 67 70 75 / 65 74 -51 -67 / 51 63 67 72 / 53 -63 -67 -72 <END> 
<S> 67 70 -51 -75 / 65 -51 -70 -74 / 70 63 70 79 / 63 70 79 79 / 60 -70 -79 -79 / 58 68 74 77 / 59 75 -68 -77 / 60 72 81 -67 / 62 77 -72 -81 / 71 -62 -65 -77 <END> 
<S> 56 60 72 77 / 55 70 -60 -77 / 53 60 68 -77 / 75 -53 -60 -68 / 55 67 70 -60 / 58 62 -55 -70 / 56 60 63 72 / 55 70 -60 -63 / 53 56 65 68 / 53 63 68 72 / 62 71 -53 -68 / 51 60 67 72 / 58 -51 -67 -72 / 56 65 68 72 / 67 -56 -65 -72 <END> 
<S> 53 60 68 -67 / 65 -53 -60 -68 / 48 60 64 67 / 58 -48 -64 -67 / 49 56 65 / 53 56 -65 / 55 65 -60 / 47 55 62 67 / 65 -47 -55 -62 / 48 55 60 63 / 58 -48 -55 -63 / 44 53 56 65 / 43 -53 -56 -60 / 44 53 60 -56 / 46 -53 -60 -68 / 44 51 60 67 / 41 53 60 69 <END> 
<S> 44 48 60 65 / 41 -48 -60 -65 / 43 55 59 62 / 39 55 60 63 / 55 59 62 -55 / 53 55 60 62 / 59 -53 -55 -62 / 55 60 62 / 53 59 62 -53 / 52 55 60 / 50 53 62 65 / 55 -50 -53 -65 / 48 55 63 / / 62 -48 -55 -63 / 60 -48 56 -48 <END> 
<S> 55 62 -48 / 53 -55 -59 -62 / 43 55 60 63 / 58 -43 -55 -63 / 45 53 60 65 / 63 -45 -53 -60 / 46 62 -53 -60 / 46 50 58 67 / 48 51 67 -58 / 48 51 56 -67 / 50 53 65 70 / 52 55 67 72 / 53 57 65 -72 / 55 58 64 67 / 51 60 -55 -63 <END> 
<S> 50 53 62 70 / 51 55 63 -70 / 53 56 68 72 / 58 74 -53 -68 / 56 60 72 / / 55 75 -60 -72 / 53 65 68 74 / 55 59 -65 -74 / 48 60 67 75 / 48 60 67 75 / 50 -60 -67 -75 / 51 60 67 75 / 53 -60 -67 -75 / 55 60 67 74 / 72 -55 -60 -67 / 55 59 67 74 / 65 -55 -59 -74 <END> 
<S> 56 60 63 72 / 55 -60 -63 -72 / 53 65 68 74 / 63 72 -53 -68 / 55 62 67 71 / 55 59 67 72 / 60 -55 -67 -75 / 48 62 67 75 / 50 -62 -67 -75 / 51 60 67 75 / 58 -60 -67 -75 / 56 60 68 77 55 55 75 -60 -68 <END> 
<S> 48 67 75 -60 / 63 -48 -67 -75 / 55 67 74 -72 / 71 -55 -67 -74 / 0 / 55 67 71 74 / 56 72 -67 / 62 65 -56 -72 / 55 63 67 72 / 62 66 -55 -72 / 60 63 67 -43 / 58 62 -67 / 65 -58 -58 <END> 
<S> 56 63 72 / 55 -63 -72 / 53 68 72 74 / 50 65 -72 -74 / 55 62 71 -74 / 63 -55 -71 -74 / 65 -55 -71 -74 / 48 63 67 72 / 60 63 72 79 <END> 
<S> 68 72 -53 / / 52 -67 -72 / 54 62 -69 -72 / 55 62 67 71 / 51 60 67 72 / 48 63 67 -72 / 71 -48 -67 -72 / 51 67 72 / 50 -67 -72 -77 / 48 67 72 75 / 51 -67 -72 -75 <END> 
<S> 48 63 67 72 / 60 67 74 / 55 58 -67 -74 / 53 56 68 72 / 54 -53 -68 -72 / 55 58 67 70 / 57 60 -67 -70 / 58 62 65 68 / 53 -58 -65 -68 / 55 60 63 70 / 61 -55 -63 -70 <END> 
<S> 56 60 65 72 / 53 56 62 -72 / 51 55 70 72 / 53 60 68 / 55 58 75 -68 / 56 60 65 -75 / 58 64 67 74 / 65 -58 -74 / 53 58 65 75 / 52 58 67 70 / 53 60 68 -70 / 55 65 -60 -70 <END> 
<S> 56 63 68 72 / 61 -56 -64 -68 / 51 63 67 70 / 72 -51 -63 -70 / 56 60 65 -72 / 67 -56 -60 -72 / 62 65 -56 -72 / 63 -56 -68 -72 / 55 59 67 71 / 60 63 67 72 / 58 62 74 -67 / 60 67 75 / 58 -60 -67 -75 <END> 
<S> 56 63 68 72 / 55 65 -68 -72 / 53 67 68 72 / 74 -53 -67 -68 / 48 67 75 / 72 -48 -67 / 55 58 67 74 / 60 66 69 -51 / 58 62 67 70 / 57 66 69 72 / 66 -57 -69 -72 / 55 62 67 70 / 61 69 -55 -67 <END> 
<S> 46 62 67 70 / 48 60 63 69 / 50 58 65 70 / 51 58 63 67 / 68 -58 -63 / 46 58 65 70 / 51 58 63 67 / 65 -51 -58 -67 / 48 63 67 72 / 68 -48 -63 -72 / 70 -48 -63 -72 / 50 65 69 70 / 51 63 67 -70 / 53 62 -67 -70 / 60 63 67 72 / 58 65 74 -72 / 56 -65 -72 -74 <END> 
<S> 51 67 -58 -63 / 53 60 68 -51 / 50 53 -60 -68 / 51 58 67 / 50 58 65 -67 / 51 58 67 -65 / 63 -51 -58 -67 / 70 60 63 67 46 56 -60 -63 -67 / 58 62 65 / 47 55 62 67 / 53 65 -55 -62 / 48 55 60 63 / 46 -55 -60 -63 / 44 56 60 62 / 43 51 58 67 / 45 53 65 -58 <END> 
<S> 58 65 70 -51 / 50 -58 -65 -70 / 51 58 63 67 / 55 -51 -63 -67 / 56 60 65 -51 / 58 -51 -65 / 56 51 67 72 / 55 70 74 -67 / 60 67 72 75 / 53 68 74 77 / 72 75 -53 -68 / 55 62 71 74 / 67 -55 -71 -74 / 48 63 67 72 <END> 
<S> 53 65 68 74 / 63 75 -53 -68 / 46 62 65 70 / 51 63 67 70 / 60 63 67 72 / 58 62 74 -67 / 60 67 76 / 58 -60 -67 -75 / 56 60 68 77 / 55 -60 -68 -77 / 53 60 68 79 / 55 -60 -68 -79 <END> 
<S> 60 67 75 / 58 -60 -67 -75 / 56 60 68 75 / 55 -60 -68 -75 / 53 60 68 77 / 47 62 67 79 / 56 63 72 / 65 74 -56 -72 / 55 67 75 -72 / 53 68 74 77 / 55 63 75 79 / 56 77 -75 / 58 74 77 / 60 75 -74 -77 / 58 62 70 77 / 55 -62 -70 -77 <END> 
<S> 60 67 75 / 58 -60 -67 -75 / 56 68 72 75 / 55 -68 -72 -75 / 53 68 72 75 / 74 -53 -68 -72 / 55 67 71 75 / 65 74 -55 -71 / 56 63 72 / 55 63 72 / 53 65 68 74 / 55 67 75 / 68 74 -55 -67 <END> 
<S> 56 63 72 -70 / 68 -56 -63 -72 / 51 58 67 70 / 50 -58 -67 -70 / 48 63 67 70 / 60 -48 -63 -67 / 53 58 62 67 / 56 60 63 -53 / 55 58 65 -63 / 56 62 -58 -65 / 51 56 60 68 / 53 56 68 -60 <END> 
<S> 56 63 65 72 / 55 -63 -65 -72 / 53 61 67 70 / 55 -61 -67 -70 / 53 56 60 68 / 55 58 -60 -68 / 56 60 65 / 55 58 67 -65 / 56 60 64 -67 / 53 60 65 68 / 46 61 65 68 <END> 
<S> 56 60 63 75 / 55 -60 -63 -72 / 53 65 68 72 / 55 -65 -68 -72 / 60 65 68 75 / 62 -60 -68 55 60 63 58 -48 -55 -60 -63 / 55 58 67 -48 / 53 60 68 -51 / 50 53 58 -68 / 51 67 -58 -53 / 48 60 -67 / 44 62 65 -48 / 63 -53 -65 -70 / 41 62 65 69 / 60 63 -41 -65 -69 / 62 65 -60 / 60 64 59 67 / 53 60 65 68 <END> 
<S> 51 55 67 72 / 70 -51 -55 -67 / 46 60 67 74 / 48 60 -67 -74 / 50 59 67 71 / 51 60 67 72 / 53 57 -67 -72 / 55 62 65 71 / 48 60 64 72 / 50 65 -60 -72 / 51 60 67 70 / 53 60 -67 -70 / 55 62 67 71 / 53 -62 -67 -71 / 51 63 72 -67 / 69 -51 -63 -72 <END> 
