<S> 60 64 67 72 / 60 64 67 72 / 59 62 67 79 / 74 -59 -62 -79 / 60 64 79 -74 / 72 -60 -64 -79 / 69 74 77 -60 / 59 67 74 79 / 55 71 -67 -79 / 60 67 72 76 / 48 64 67 72 <END> 
<S> 69 74 77 -60 / 59 67 74 79 / 55 71 76 -67 / 60 67 72 76 / 53 69 72 77 / 67 76 -53 -72 / 50 65 72 77 / 71 -50 -65 -77 / 48 67 72 76 / 53 74 77 81 / 72 -53 -53 -81 <END> 
<S> 50 65 69 77 / 71 -50 -65 -77 / 52 67 72 76 / 53 -67 -72 -76 / 55 67 74 -72 / 71 -55 -67 -74 / 0 / 55 67 71 74 <END> 
<S> 50 62 71 77 / 48 -62 -71 -77 / 50 69 76 -62 / 77 -50 -69 -77 / 52 67 72 76 / 71 74 -67 -76 / 53 69 72 77 / 60 67 74 -72 / 55 59 71 74 / 65 -55 -59 -74 <END> 
<S> 47 65 74 / / 67 76 -74 / 66 69 -50 -74 / 55 67 71 -74 / 53 72 -67 -71 / 52 59 67 72 / 57 69 -51 -72 / 50 62 69 -72 / 55 62 71 -69 / 67 -55 -62 -71 / 50 60 66 69 / 51 59 66 71 / 52 59 64 67 / 69 72 -59 -64 <END> 
<S> 54 62 69 72 / 50 71 -62 -69 / 48 64 67 72 / 55 -64 -67 -72 / 57 69 -64 -72 / 59 65 74 74 / 64 72 -59 -74 / 57 65 72 -74 / 64 67 72 / 55 -64 -72 / 53 69 72 -55 / 52 67 -72 -72 / 53 65 69 -72 / 47 67 74 / 48 67 76 -74 / 52 72 -67 -76 / 71 -52 -67 -76 / 57 64 72 76 / 55 65 -72 -76 <END> 
<S> 53 57 69 72 / 60 -53 -69 -72 / 55 62 67 71 / 60 64 67 76 / 66 69 74 -60 / 59 67 71 74 / 57 72 -67 -71 / 55 67 71 74 / 48 67 72 76 / 50 -67 -72 -76 / 52 67 72 76 / 53 -67 -72 -76 / 55 67 72 74 / 71 -55 -67 -74 / 69 -55 -67 -74 <END> 
<S> 59 67 74 77 / 60 67 72 76 / 55 74 -67 -72 / 60 67 76 -72 / 59 74 -67 -72 / 57 72 -59 -67 / 59 62 67 74 / 60 67 76 / 59 -60 -67 -76 / 57 60 69 77 / 55 62 71 79 / 57 60 69 77 / 59 62 -69 -77 <END> 
<S> 59 67 74 -64 / 66 -59 -67 -74 / 60 67 74 -74 / 59 -67 -74 -74 / 72 -59 -67 -68 / 59 67 74 79 / 77 -59 -67 -74 / 60 76 67 72 / 69 77 -60 -72 / 79 -59 -69 -72 / 74 71 -65 -77 / 72 76 -57 -72 / 45 74 77 -72 / 47 62 -72 -77 / 48 64 67 76 / 65 -48 -67 -76 <END> 
<S> 59 67 74 79 / 60 67 76 -79 / 58 64 79 -79 / 57 69 74 -79 / 50 62 70 77 / 55 62 71 79 / 60 64 72 79 / 59 -64 -72 -79 / 57 64 72 79 / 55 65 -72 -79 / 53 67 72 79 / 52 -67 -72 -79 / 53 69 72 77 / 55 67 71 76 / 60 69 -67 -76 / 65 -55 -60 -76 <END> 
<S> 52 67 72 79 / 50 -52 -67 -79 / 52 60 67 79 / 53 60 69 77 / 55 59 67 76 / 65 -55 -59 -76 / 56 59 64 76 / 74 -56 -59 -64 / 57 64 72 / 64 69 -57 -72 / 54 62 69 -72 / 60 -54 -69 -72 <END> 
<S> 57 60 64 72 / 59 62 74 / 60 76 -59 -62 / 59 62 62 77 / 64 -55 -62 -77 / 60 62 66 69 / 59 -62 -66 -69 / 60 67 71 / 62 71 -67 / 64 69 -67 / 50 62 66 -69 / 55 59 62 67 <END> 
<S> 62 66 69 / 60 64 -66 -69 / 59 62 67 71 / 60 69 -62 -67 / 55 62 67 71 / 53 59 62 67 / 52 60 67 72 / 50 65 69 74 / 71 -50 -65 -74 / 48 67 72 76 / 60 74 77 -48 / 76 79 -48 -60 / 53 59 74 77 / 60 72 76 -53 <END> 
<S> 52 60 67 72 / 50 65 69 74 / 71 -50 -65 -74 / 48 67 72 76 / 60 74 77 -48 / 76 79 -48 -60 / 53 59 74 77 / 60 72 76 -53 / 55 67 71 74 / 56 64 71 76 <END> 
<S> 53 60 69 74 / 55 59 67 -74 / 72 -55 -59 -67 / 48 64 67 72 / 55 59 -67 -72 / 53 57 67 72 / 52 -57 -67 -72 / 50 62 65 77 / 67 -50 -62 -77 / 52 59 67 76 / 61 -52 -67 -76 / 53 60 69 77 / 55 67 70 76 / 57 65 69 77 <END> 
<S> 50 65 69 74 / 71 -50 -65 -74 / 48 67 72 76 / 52 -67 -72 -76 / 53 69 74 -72 / 50 65 -72 -74 / 55 62 71 -74 / 67 -55 -71 -74 / 65 -55 -71 -74 / 48 64 67 72 <END> 
<S> 50 60 69 77 / 52 -60 -69 -77 / 53 62 70 79 / 55 -70 -70 -79 / 53 69 72 81 / 77 -53 -69 -81 / 67 72 76 -53 / 52 -67 -72 -76 / 65 74 72 81 / 64 -69 -72 -81 / 62 65 71 79 / 61 64 69 79 <END> 
<S> 50 69 77 -65 / 62 71 -50 -77 / 52 67 76 -62 / 53 60 69 -76 / 55 67 71 74 / 55 67 71 74 / 65 -55 -71 -74 / 57 64 69 72 / 59 62 67 74 / 60 67 76 / 62 77 -60 -67 / 61 64 69 79 <END> 
<S> 52 64 67 72 / 54 62 -67 -72 / 55 62 67 71 / 53 59 62 67 / 52 60 67 72 / 50 53 65 74 / 48 64 67 72 / 55 62 67 71 / 53 60 65 69 / 52 62 65 71 / 50 -62 -65 -71 <END> 
<S> 52 60 67 72 / 53 69 -60 -72 / 52 65 71 74 / 50 -65 -71 -74 / 48 67 72 76 / 65 -48 -72 -76 / 60 64 72 79 / 62 74 -67 / 64 76 -55 / 57 60 65 77 <END> 
<S> <END> 
<S> / 60 64 67 / 62 65 -60 -67 <END> 
<S> 43 67 70 / 53 65 -67 -70 <END> 
<S> 70 / 79 -62 -65 -70 / 60 63 72 79 / 58 70 -63 -79 <END> 
<S> -56 60 68 / 55 59 67 74 / 53 -59 -67 -74 <END> 
<S> 77 -57 -65 -69 <END> 
<S> 72 77 -50 -65 <END> 
<S> 65 72 -50 -65 -65 / 63 67 72 79 / 62 65 71 77 <END> 
<S> 63 67 72 / 62 65 -67 -72 / 60 63 67 72 / 58 62 -67 -72 <END> 
<S> 51 60 67 75 / 50 -60 -67 -75 / 48 60 67 75 / 72 -48 -67 -75 / 55 67 74 -72 / 71 -55 -67 -74 / 60 67 72 75 / 58 -67 -72 -75 <END> 
<S> 63 70 -67 / / 65 68 -63 / 62 65 -56 -68 / 55 63 70 -40 / 56 -63 -70 / 56 63 70 -56 / 55 -63 -70 / 53 56 68 -63 / 58 62 -53 -68 <END> 
<S> 56 63 68 72 / 55 -63 -68 -72 / 53 61 67 70 / 52 -61 -67 -70 / 53 60 67 68 / 55 -60 -67 -68 / 53 60 65 68 / 56 59 -65 -68 <END> 
<S> 51 67 70 / 55 -51 -67 -70 / 53 65 68 72 / 63 -53 -69 -72 / 61 65 70 74 / 55 61 -70 -74 / 53 68 72 -70 / 55 67 -70 -72 / 56 65 72 -70 / 58 65 70 74 / 60 -65 -70 <END> 
<S> 58 62 67 70 / 56 63 -62 -70 / 55 58 63 70 / 53 -58 -63 -70 / 51 58 63 67 / 55 -58 -63 -67 / 56 60 63 / 55 58 65 -63 / 56 62 -65 -65 / 51 58 63 67 / 58 62 67 70 / 55 58 63 67 <END> 
<S> 53 65 68 -63 / 58 62 -65 -68 / 56 60 64 -65 / 62 56 65 -56 / 55 58 63 67 / 60 -55 -63 -67 / 53 60 65 68 / 51 58 67 / 50 -58 -67 / 51 63 67 72 / 60 -63 -67 -72 / 58 62 74 -67 / 67 -58 -62 -74 / 51 60 67 -74 / 62 -51 -67 -70 / 48 63 67 70 / 53 68 -63 -70 <END> 
<S> 51 67 72 -51 / 50 -51 -67 -72 / 48 62 67 -72 / 60 -48 -67 -75 / 55 59 67 74 / 56 60 63 72 / 65 74 -56 -60 / 55 60 67 -60 / 53 59 68 -60 / 48 -53 -60 -68 / 47 55 62 67 / 65 -47 -55 -62 / 48 55 60 63 / 58 -48 -55 -63 / 44 53 56 65 / 43 55 -53 -65 / 41 56 60 62 / 41 60 -56 68 / 44 -41 -60 -68 <END> 
<S> 44 48 60 65 / 60 -44 -60 -65 / 46 58 62 -65 / 56 -46 -62 -65 / 39 55 58 63 / 51 55 58 67 / 50 55 63 69 / 48 -55 -63 -69 / 50 54 62 70 / 48 55 62 67 / 46 -55 -62 -67 / 45 60 63 69 / 47 62 67 70 / 48 63 67 68 / 50 58 65 -68 / 51 58 63 67 / 50 -58 -63 -67 <END> 
<S> 55 62 67 70 / 51 -62 -67 -70 / 53 60 65 69 / 63 -60 -53 -69 / 46 62 65 70 / 46 62 65 -70 / 51 58 67 79 / 60 -51 -67 -79 / 53 60 69 77 / 46 -60 -69 -75 / 51 58 67 75 / 70 -51 -58 -75 / 53 68 72 77 / 55 70 75 79 / 56 70 77 -75 / 58 74 -70 -77 / 68 -58 -74 -77 / 63 70 75 <END> 
<S> 53 68 77 50 / 74 -53 -68 -77 / 55 70 75 -62 / 56 74 -70 55 / 58 63 75 79 / 56 -63 -75 -79 / 58 70 75 77 / 68 -58 -75 -77 / 51 67 70 75 / 48 60 70 79 / 41 -60 -70 -79 / 46 65 70 74 / 51 63 -70 -74 / 53 68 77 -63 / 55 70 -68 -77 <END> 
<S> 58 67 70 74 / 56 63 72 / 55 67 70 -63 / 53 60 68 68 / 55 61 67 70 / 56 60 68 / 58 61 67 70 / 56 63 65 72 / 62 -56 -65 -72 / 60 63 67 75 / 58 62 -67 -75 / 56 60 72 77 / 55 75 -60 -72 <END> 
<S> 63 67 -55 -70 / 56 60 68 72 / 59 62 -68 -72 / 60 63 67 72 / 58 62 -67 -72 / 56 60 65 72 / 55 67 -60 -72 / 53 60 69 77 / 50 62 71 77 / 48 63 72 75 / 53 65 -72 -75 / 55 67 71 74 / 55 62 71 79 <END> 
<S> 55 62 67 71 / 56 60 -67 -71 / 65 68 -56 -60 / 55 60 67 -65 / 53 59 -60 -67 / 52 60 67 -60 / 58 -52 -60 -67 / 53 56 60 65 / 59 -53 -56 -65 / 51 55 60 63 / 53 62 -55 -60 / 59 -53 -55 / 53 -43 -59 -62 / 48 51 55 60 / 43 60 -51 -55 / 53 -43 -60 -60 <END> 
<S> 57 60 65 / 63 72 -57 -60 / 55 59 62 67 / 53 60 69 / 51 54 -60 -69 / 55 59 62 67 / 60 64 -55 -67 / 65 60 65 -55 / 45 60 -65 -65 / 63 -45 -60 -65 / 46 58 62 65 / 53 -46 -62 -65 / 39 55 60 63 / 51 -55 -60 -63 <END> 
<S> 44 60 65 / 59 -44 -44 -65 / 48 60 64 67 / 58 -48 -63 -67 / 49 56 65 / 53 -49 -65 / 45 49 65 70 / 46 58 65 68 / 63 -46 -65 -68 / 48 58 63 67 / 68 -48 -58 -63 / 46 58 63 67 / 65 -46 -58 -63 / 51 58 63 67 / 50 65 -58 -67 <END> 
<S> 44 70 -63 -67 / 63 -44 -63 -70 / 46 62 65 70 / 51 58 63 67 / 56 63 -58 -67 / 56 60 63 72 / 53 56 -63 -72 / 58 62 65 / 56 60 -62 -65 / 55 58 63 70 / 53 60 68 -63 / 58 62 68 70 / 56 60 67 72 / 74 -56 -60 -67 <END> 
<S> 56 60 63 72 / 55 -60 -63 -72 / 53 62 68 72 / 63 -53 -68 -72 / 55 65 67 71 / 48 63 67 72 / 55 59 67 74 / 60 67 75 / 58 -60 -67 -75 <END> 
<S> 48 63 68 72 / 50 65 -68 -72 / 51 63 67 72 / 62 -51 -67 -72 / 60 67 72 75 / 58 -67 -72 -75 / 56 65 72 -75 / 55 -56 -72 -75 / 53 68 74 77 / 55 75 -74 / 65 74 -55 -74 / 56 72 -65 59 <END> 
<S> 56 60 68 77 / 55 -60 -68 -77 / 60 67 75 -60 / 58 -60 -67 -75 / 56 60 72 77 / 55 70 75 79 / 58 70 75 77 / 74 -58 -70 -77 / 55 70 75 79 / 56 -63 -70 -79 / 58 65 70 74 / 60 75 -65 -70 / 62 71 77 -65 / 63 79 -55 -77 <END> 
<S> 56 72 77 -67 / 58 65 74 -77 / 67 72 -58 -77 / 68 74 77 / 55 -68 -74 -77 / 60 63 68 75 / 62 -60 -68 -75 / 58 60 75 79 / 56 -58 -75 -79 / 55 63 70 79 / 53 65 68 80 / 63 -53 -68 -77 / 59 68 -62 -69 <END> 
<S> 53 60 68 74 / 55 67 70 75 / 56 65 -67 -75 / 58 62 74 -67 / 63 -58 -58 -74 / 51 -58 -63 -74 / 50 54 -58 -74 / 52 70 72 -58 / 70 -51 -58 -72 / 48 63 68 72 / 67 74 -48 / 47 -67 -74 -74 / 48 67 75 -74 / 72 -48 -67 -75 / 55 67 71 74 / 60 67 72 75 / 58 -67 -72 -75 <END> 
<S> 48 63 68 72 / 51 67 -63 -72 / 56 62 65 -72 / 60 -56 -65 -72 / 55 59 67 74 / 60 63 67 / 65 68 -60 / 58 62 67 70 / 56 63 68 72 / 65 -56 -68 -72 / 55 63 67 70 / 65 -55 -67 -70 / 53 58 67 75 / 51 68 -58 -75 <END> 
<S> 56 65 68 72 / 55 67 71 75 / 53 -67 68 74 / 55 59 67 74 / 56 60 65 -74 / 50 58 65 68 / 51 58 63 67 / 62 -51 -67 -75 / 52 60 67 72 / 53 68 74 -60 / 55 59 65 -74 / 56 60 63 72 / 65 74 -60 -56 <END> 
<S> 56 60 63 72 / 65 74 -56 -60 / 52 55 67 72 / 53 68 74 -72 / 55 65 71 -74 / 65 -55 -71 -74 / 48 64 67 72 / 51 63 67 72 / 55 65 74 -63 / 48 60 67 75 / 58 62 68 -75 / 60 63 67 75 / 55 67 72 -75 <END> 
<S> 51 63 67 72 / 53 68 -63 -72 / 55 62 67 71 / 51 60 67 72 / 48 60 -67 -72 / 55 67 71 74 / 50 62 71 77 / 51 63 67 79 / 53 69 77 -63 / 55 62 71 -77 / 60 63 72 75 / 74 -60 -63 -75 <END> 
<S> 60 67 72 75 / 62 65 71 74 / 63 67 72 / 62 65 71 74 / 60 63 67 75 / 58 62 -67 -75 / 56 60 72 77 / 55 63 70 -77 <END> 
<S> 48 63 67 72 / 63 -48 -67 -72 / 53 65 70 74 / 0 / 53 68 72 75 / 74 -53 -68 -72 / 55 58 70 74 / 56 65 -70 -74 / 58 67 70 74 / 65 -58 -70 -74 <END> 
<S> 63 70 79 / 62 65 -70 -79 / 63 67 70 79 / 72 77 -63 -67 / 58 65 74 77 / 60 72 75 67 / 67 -60 -75 / 53 60 68 72 / 55 -60 -68 -72 <END> 
<S> 56 63 72 77 / 58 -56 -72 -77 / 57 60 72 75 / 55 67 71 -72 / 53 65 72 81 / 64 -53 -72 -81 / 58 65 74 79 / 81 -58 -65 -74 / 82 -58 -65 -74 / 55 58 70 75 / 53 -55 -70 -75 <END> 
<S> 60 63 69 79 / 62 65 71 -79 / 63 72 79 / 62 67 -72 -79 / 60 67 72 75 / 65 74 -60 -72 / 58 63 67 70 / 57 65 -63 -74 / 58 64 67 74 / 65 68 -58 -74 / 63 67 70 75 / 65 68 72 -75 <END> 
<S> 56 63 68 72 / 55 -63 -68 -72 / 53 61 67 70 / 52 -61 -67 -70 / 53 60 67 68 / 55 -60 -67 -68 / 56 60 65 68 / 53 -60 -65 -68 / 60 64 67 / 60 64 67 72 <END> 
<S> 44 60 65 / 53 62 65 71 / 63 -53 -65 -71 / 46 62 65 70 / 51 63 67 72 / 60 -51 -67 -72 / 53 60 65 68 / 58 62 -65 -68 / 56 60 -65 -68 / 55 59 65 67 / 60 64 -55 -67 <END> 
<S> 56 60 63 72 / 55 58 -63 -72 / 53 56 68 72 / 58 -53 -68 -72 / 60 67 75 / 58 -60 -67 -75 / 56 60 65 75 / 55 58 -65 -75 / 53 57 72 77 / 51 -57 -72 -77 / 53 62 70 77 / 47 62 -70 -77 / 48 63 72 75 <END> 
<S> 53 60 69 77 / 60 -53 -69 -77 / 55 59 67 74 / 60 63 67 / 58 63 -67 -67 / 53 65 68 72 / 63 -53 -68 -72 / 61 65 70 44 <END> 
<S> 56 60 67 72 / 65 -56 -60 -72 / 55 61 67 70 / 53 68 -61 -70 / 51 63 72 -58 / 55 -51 -63 -72 / 56 63 68 72 / 65 -44 -56 -72 / 46 61 67 70 / 44 63 68 72 / 49 -63 -68 -72 <END> 
<S> 56 63 68 72 / 58 61 -68 -72 / 60 63 67 72 / 58 62 -67 -72 / 56 60 65 72 / 55 67 -60 -72 / 53 60 69 74 / 55 -60 -69 -74 / 56 60 65 68 / 59 74 -65 -68 / 60 67 76 -65 / 58 -60 -64 -76 / 57 60 65 77 / 55 60 67 75 / 53 60 68 74 / 55 59 67 -74 / 56 60 65 72 / 60 -56 -65 -72 <END> 
<S> 57 60 67 72 / 65 -57 -60 -72 / 60 67 -65 / 63 -60 -67 / 66 -60 -67 / 55 62 67 70 / 65 -55 -62 -70 / 57 60 63 72 / 55 58 -63 -72 / 53 56 68 74 / 58 -53 -68 / 51 60 67 -74 / 50 -60 -67 -75 / 52 60 67 48 / 53 -60 -67 -79 / 55 60 67 74 / 72 -55 -60 -67 / 55 59 67 74 / 60 67 72 75 / -60 -67 -72 <END> 
