<S> 53 65 68 72 / 55 -65 -68 -72 / 56 65 68 72 / 50 65 68 70 / 52 60 67 72 / 53 60 67 68 / 65 -53 -60 -68 / 48 60 65 67 / 58 64 -48 -67 / 53 56 65 / 53 65 68 72 / 74 -53 -65 -68 <END> 
<S> 53 60 67 68 / 65 -53 -60 -68 / 55 59 65 67 / 63 -55 -67 -71 / 65 -55 -67 -71 / 48 63 67 72 / 60 63 67 72 / 58 -63 -67 -72 / 57 63 72 77 / 58 62 70 77 / 51 79 -65 -70 / 51 63 70 79 / 62 77 -70 -77 / 60 75 67 -77 <END> 
<S> 58 63 70 77 / 62 -58 -70 -77 / 60 63 67 77 / 58 62 -67 -75 / 56 60 72 77 / 55 70 79 -60 / 53 68 72 75 / 67 74 -53 -60 / 58 60 65 75 / 56 60 65 77 / 55 67 -60 -77 / 53 60 68 77 / 75 -53 -60 -68 <END> 
<S> 53 68 72 77 / 60 -53 -68 -77 / 55 62 70 79 / 63 -55 -70 -79 / 53 65 68 77 / 67 72 -53 -77 / 55 62 72 79 / 71 -55 -62 -79 / 60 63 67 75 / 53 69 -63 -75 / 55 62 71 77 / 56 60 72 79 / 55 70 74 -60 <END> 
<S> 55 62 67 71 / 53 -62 -67 -71 / 51 63 67 72 / 50 69 74 -67 / 62 67 71 -74 / 47 67 74 -67 / 48 72 -67 47 / 68 72 -48 / 55 67 71 74 / 65 -55 -71 -74 / 48 63 67 72 / 51 58 67 79 / 60 69 -51 -79 <END> 
<S> 48 67 72 75 / 43 70 74 77 / 67 72 75 / 65 74 -67 -72 / 63 67 72 75 / 65 68 74 77 / 63 70 75 / 65 68 74 / 55 63 67 75 / 65 -55 -67 -75 / 53 62 67 71 / 51 63 67 70 / 50 65 -67 -70 <END> 
<S> 56 68 72 75 / 55 -68 -72 -75 / 53 68 72 77 / 74 -53 -68 -77 / 55 70 75 -60 / 53 65 74 -75 / 51 67 74 79 / 43 70 74 77 / 44 72 75 65 <END> 
<S> 48 63 72 75 / 50 -72 -75 -75 / 51 67 72 -75 / 50 -67 -72 -75 / 51 67 72 75 / 53 -67 -72 -75 / 55 67 71 74 / 51 58 70 79 / 53 -58 -70 -79 / 55 63 70 79 / 56 -63 -70 -79 <END> 
<S> 48 63 70 75 / 72 -48 -63 -75 / 53 63 72 75 / 65 -53 -72 -75 / 58 65 70 74 / 56 -65 -70 -74 / 55 65 70 74 / 53 -65 -70 -74 51 67 70 -70 / 0 / 48 63 69 72 / 66 -48 -69 -72 <END> 
<S> 55 63 70 75 / 53 -55 -63 -70 / 51 58 65 67 / 46 -58 -65 -67 / 48 60 63 68 / 58 67 70 -63 / 63 -58 -67 -70 / 56 65 68 72 / 63 -65 -68 -72 / 63 67 70 / 65 68 -46 <END> 
<S> 63 67 -58 -70 / 56 63 72 -67 / 60 -56 -67 -72 / 53 65 68 74 / 50 65 -68 -74 / 55 63 70 75 / 56 -63 -70 -75 / 58 62 74 -70 / 68 -58 -62 -74 / 51 63 67 79 / 72 -48 -63 -79 / 65 74 -51 -60 / 50 67 -58 -65 / 48 62 67 -56 / 60 -48 -62 -67 <END> 
<S> 58 65 70 74 / 56 63 72 / 55 67 70 74 / 50 53 -67 -70 / 51 63 67 70 / 53 -63 -67 -70 / 55 62 67 70 / 53 -62 -67 -70 / 51 65 72 -67 / 63 -51 -67 -72 / 47 62 67 74 / 48 60 67 75 / 55 -60 -67 -75 <END> 
<S> 56 60 63 72 / 55 -60 -63 -72 / 53 65 68 72 / / 74 -65 -68 -72 / 60 67 75 / 58 -60 -67 -75 / 56 60 65 77 / 55 -60 -65 -77 / 53 59 68 79 / 55 -53 -68 -79 / 53 60 70 79 / 58 65 -70 -79 / 56 60 72 77 / 58 62 70 -77 <END> 
<S> 53 60 69 77 / 60 67 75 -53 / 58 62 72 79 / 56 71 -62 -79 / 55 63 72 79 / 53 56 62 -79 / 48 63 75 79 / 50 65 77 -79 / 67 75 79 / 53 -67 -79 -79 / 60 67 72 75 / 58 -67 -72 -75 <END> 
<S> 60 63 75 79 / 58 62 70 77 / 57 -62 -70 -77 / 55 63 70 79 / 53 60 -70 -79 / 55 67 74 82 / 59 75 -67 -55 / 56 60 72 77 / 62 -56 -72 -77 / 55 63 72 75 / 53 65 -72 -75 / 55 67 71 74 / 56 65 71 <END> 
<S> 56 60 65 77 / 55 67 75 -60 / 53 60 65 68 / 59 62 67 74 / 58 63 67 / 65 -55 -58 -74 / 56 60 63 72 / 65 74 -56 -60 / 55 60 67 75 / 53 -60 -67 -75 / 55 60 67 74 / 43 59 -67 -74 / 65 74 -43 -59 <END> 
<S> 56 60 63 72 / 65 74 -56 -60 / 55 60 67 75 / 53 -60 -67 -75 / 55 60 67 74 / 59 -55 -67 -74 / 65 -55 -59 -74 / 48 55 63 72 / 0 / 63 70 79 <END> 
<S> 48 60 64 67 / 60 63 72 / 60 63 70 79 / 58 62 68 77 / 60 75 -58 -68 / 55 62 70 77 / 53 -62 -70 -77 / 51 63 70 79 / 72 -51 -63 -79 / 70 72 75 -51 <END> 
<S> 53 60 68 77 / 51 -60 -68 -77 / 50 62 70 77 / 68 -50 -62 -77 / 51 63 67 79 / 53 61 -67 -79 / 55 60 67 -79 / 53 -60 -67 -79 / 55 59 74 -67 / 65 -55 -59 -74 / 56 60 63 72 / 55 59 -63 -72 / 54 57 62 74 / 50 -57 -62 -74 <END> 
<S> 55 60 67 75 / 53 -60 -67 -75 / 55 59 67 74 / 65 -55 -59 -74 / 48 55 63 72 / 55 58 67 75 / 60 70 -55 -75 / 53 68 72 74 / 70 -53 -68 -74 / 55 65 72 -70 / 74 -55 -65 -72 / 60 -55 -67 -74 / 50 62 71 74 / 43 65 -71 -74 <END> 
<S> 53 65 68 72 / 74 -53 -68 -72 / 55 63 67 72 / 65 -55 -72 / 56 60 67 -72 / 55 59 -67 -72 / 53 57 69 72 / 51 55 67 70 / 50 58 65 -70 / 51 58 63 67 / 50 65 -58 -67 / 48 60 63 68 / 50 -60 -63 -68 <END> 
<S> 55 70 -62 -67 / 51 60 69 -67 / 50 58 65 -69 / 48 60 63 67 / 69 -48 -60 -63 / 50 58 65 70 / 69 -50 -58 -65 / 51 58 67 70 / 50 65 -58 -70 / 51 55 63 70 / 48 55 -63 -70 / 56 -48 72 -63 / 53 62 -56 -72 <END> 
<S> 51 58 67 / 50 53 -58 -67 / 52 55 67 72 / 48 58 -67 -72 / 56 60 65 -72 / 55 59 67 74 / 60 67 75 / 58 -60 -67 -75 / 56 60 65 75 / 55 -60 -65 -75 / 53 60 65 74 / 55 59 67 -65 / 53 60 65 68 / 51 -60 -65 -68 <END> 
<S> 60 67 75 / 58 -60 -67 -75 / 56 60 72 75 / 55 70 -60 -75 / 53 60 68 74 / 55 59 67 -74 / 56 60 67 72 / 65 -56 -60 -72 / 50 62 65 71 / 53 67 -62 -71 / 51 63 72 / 57 -63 -72 / 55 65 71 74 / 53 67 72 75 <END> 
<S> 53 62 67 71 / 63 -53 -67 -71 / 62 65 -55 -70 / 56 60 64 -65 / 59 62 65 / 60 -56 -62 -65 / 55 62 67 70 / 53 -62 -67 -70 / 51 60 67 70 / 48 -60 -67 -70 / 53 60 65 69 / 63 -60 -65 -69 / 62 65 -60 -69 / 60 63 67 / 59 62 67 <END> 
<S> 51 67 70 / 55 -51 -67 -70 / 60 67 72 -51 / -67 -60 -72 / 52 67 72 / 53 56 65 -72 / 55 62 67 71 / 56 63 67 72 / 65 -56 -67 -72 / 60 65 -56 -72 / 55 59 67 74 / 65 -55 -59 -74 / 56 60 63 72 / 55 -60 -63 -72 <END> 
<S> 60 63 67 72 / 55 -60 -67 -72 / 53 60 67 74 / 72 -53 -60 -67 / 55 59 67 74 / 65 -55 -59 -74 / 48 60 63 72 / 55 59 67 74 / 65 -55 -59 -74 / 56 60 63 72 / 55 -60 -63 -72 <END> 
<S> 55 59 67 75 / 60 -55 -67 -75 / 65 -55 -60 59 / 59 -55 -63 -74 / 60 63 67 / 58 -60 -63 -67 / 56 60 65 / 55 58 67 53 / 56 60 65 / 55 58 65 67 / 53 60 65 68 / 50 58 65 68 / 51 67 63 -65 / 60 -51 -67 / <END> 
<S> 53 60 65 68 / 58 64 -53 -68 / 51 55 67 -60 / 59 -51 -55 -67 / 41 60 68 -55 / 55 62 70 -55 / 54 63 69 -55 / 53 62 67 / 60 -62 -67 / 58 62 65 / 56 -58 -62 -65 / 51 55 63 67 / 50 65 -55 -67 / 48 60 63 67 / 58 62 -48 -67 / 56 60 65 / 53 55 58 63 / 51 57 60 -63 <END> 
<S> 51 63 67 / 65 -51 -58 -67 / 60 63 67 -51 / 58 62 -67 -48 / 56 60 65 / 55 55 -60 -65 / 53 62 -55 -60 / 53 59 62 -53 / 52 -53 60 / 50 53 58 -60 / 48 51 -53 -60 / 50 53 58 <END> 
<S> 53 57 60 62 / -53 55 60 63 / 46 58 62 65 / 56 -46 -62 -65 / 51 55 63 70 / 51 67 -55 -70 / 53 60 68 -67 / 55 62 67 71 / 48 63 67 72 / 60 63 67 72 / 58 -64 -67 -72 <END> 
<S> 63 68 -58 -63 / 62 -55 -63 -68 / 56 60 63 -63 / 62 65 -56 -60 / 58 60 63 67 / 53 68 -60 -63 / 55 58 62 67 / 56 60 64 72 / 65 74 -57 -60 / 55 58 67 75 / 57 60 -67 -75 / 58 62 65 74 / 52 67 -58 -74 / 53 60 68 72 / 56 65 71 74 <END> 
<S> 57 60 65 72 / 55 -60 -65 -72 / 53 60 67 70 / 55 58 -67 -70 / 56 60 68 72 / 55 -60 -68 -72 / 53 60 67 70 / 65 -53 -60 -68 / 44 60 65 68 / 62 -44 -65 -68 / 46 61 67 70 / 44 63 68 72 / 46 61 -68 -68 <END> 
<S> 56 60 63 65 / 58 62 65 / 56 60 -65 -65 / 55 58 67 75 / 53 68 77 -58 / 55 60 70 75 / 61 -55 -70 -75 / 56 60 68 -75 / 51 58 67 75 / 51 63 67 70 / 61 -51 -67 -70 / 56 60 67 72 / 65 -56 -60 -72 <END> 
<S> 51 58 67 75 / 53 68 -58 -75 / 55 62 70 77 / 68 72 -55 -63 / 55 62 67 71 / 53 -62 -67 -71 / 51 60 67 72 / 48 -60 -67 -72 / 50 58 65 70 / 56 62 -65 -70 / 51 60 63 67 / 50 -60 -63 -67 / 48 55 63 72 / 56 -48 -63 -72 <END> 
<S> 48 60 67 -65 / 64 -48 -60 -67 / 58 -48 -64 -67 / 41 56 65 -60 / 53 60 65 69 / 62 65 -53 -69 / 63 -53 -65 -69 / 46 58 65 70 / 62 -46 -65 -70 / 48 60 63 -70 / 50 58 65 68 / 51 57 -65 -70 / 46 58 62 65 / 45 60 -58 -65 / 46 58 62 62 / 55 67 -46 -58 -62 <END> 
<S> 50 58 65 70 / 46 62 -58 -70 / 51 58 63 67 / 62 65 -51 / 51 55 60 63 / 56 60 63 65 / 62 -56 -65 / 60 -56 -56 -65 / 46 62 -56 -65 / 58 -46 -62 -65 / 39 55 58 -62 / 60 -43 -55 -63 / 41 56 60 62 <END> 
<S> 44 60 63 65 / 58 62 -44 -65 / 46 53 62 65 / 39 58 63 67 / 50 -58 65 -67 / 51 60 67 -65 / 63 -51 -60 -67 / 46 58 62 65 / 56 -46 -62 -65 / 48 55 58 63 / 44 60 -55 -63 / 43 55 62 -60 / 59 -43 -55 -62 <END> 
<S> 44 60 65 65 / 59 -44 -65 -65 / 60 63 67 -65 / 46 -60 -63 -67 / 44 60 63 / 70 -60 -63 / 56 60 63 / 65 -56 -60 / 56 60 63 65 / 55 -60 -65 -68 / 60 67 -55 -60 / 53 -60 -60 -67 / 55 59 62 67 / 53 55 62 70 / 51 63 -55 -70 / 50 62 65 69 / 51 60 63 -69 / 53 62 -60 -69 <END> 
<S> 56 60 63 72 / 55 -60 -63 -72 / 53 65 68 74 / 59 74 -65 -68 / 60 63 -74 / 56 72 -60 -72 / 55 71 74 -60 / 53 68 72 74 / 55 67 71 -74 / 65 -55 -71 -74 / 48 63 72 / 55 67 70 75 <END> 
<S> 53 68 74 -60 / 59 -53 -68 -74 / 54 60 69 -74 / 74 -54 -60 -69 / 55 62 72 -69 / 67 71 -55 -62 / 48 63 67 72 / 53 62 65 -72 / 51 60 67 -65 / 50 65 -60 -67 / 48 60 67 75 / 47 -60 -67 -75 / 56 60 65 75 / 55 -60 -65 -75 53 53 60 68 74 / 55 59 67 -74 / 56 60 65 72 / 74 -56 -60 -65 <END> 
<S> 56 60 67 72 / 65 -56 -60 -72 / 55 60 67 74 / 59 -55 -67 -74 / 56 60 67 72 / 65 -56 -60 -72 / 50 62 65 71 / 65 -62 -65 -71 / 63 65 -46 -70 / 62 71 -65 / 60 63 72 44 59 62 74 -63 / 60 63 75 / 59 62 67 74 / 55 60 67 75 / 55 74 -67 -75 <END> 
<S> 56 60 63 72 / 55 -60 -63 -72 / 53 65 68 74 / 63 72 -53 -68 / 55 -68 67 70 / 65 -55 -70 -74 / 56 63 68 72 / 55 74 -63 -68 / 67 -55 -63 -70 / 65 -55 -58 -72 / 56 63 67 72 / 58 62 -67 -72 / 56 60 65 72 / 55 74 -60 -72 / 53 68 -60 -72 / 62 -53 -68 -72 <END> 
<S> 56 63 65 72 / 55 -56 -63 -72 / 53 56 -63 -72 / 58 -53 -63 / 56 60 -53 -68 / 48 55 60 67 / 58 -48 -55 -67 / 41 56 60 72 / 63 72 -56 -60 / 55 62 71 -60 / 53 55 62 72 / 51 55 63 -72 / 50 57 65 / -72 -50 58 67 <END> 
<S> 56 60 65 72 / 55 74 -60 -65 / 53 60 67 -60 / 65 -53 -60 / / 55 60 67 / 63 65 -55 -60 / 53 60 63 / 46 55 -60 -63 / 44 62 65 -60 / 43 55 59 -65 / 53 62 -43 -59 / 48 55 60 63 / 50 53 58 65 <END> 
<S> 41 60 62 65 / 43 -60 -62 -65 / 42 58 62 65 / 56 -58 -62 -65 / 43 55 63 70 / 53 56 68 -63 / 51 55 70 75 / 53 68 68 72 / 51 67 -68 -72 / 50 65 70 -68 / 46 62 67 -70 / 48 60 63 67 / 58 -60 -65 -67 <END> 
<S> 51 58 67 67 / 60 -51 -67 -67 / 53 60 65 69 / 62 -53 -65 -69 / 43 58 63 67 / 44 60 65 -63 / 46 58 62 -65 / 56 -46 -62 -65 / 39 55 58 63 / 51 55 58 67 <END> 
<S> 50 58 65 65 / 62 -50 -65 -65 / 48 60 63 65 / 58 -60 -65 / 60 62 67 -60 / 58 -60 -67 / 57 60 65 / 53 58 64 -65 / 60 63 -53 -65 / 46 58 62 -65 / 56 -46 -62 -65 / 39 55 58 63 / 51 55 58 67 <END> 
<S> 58 65 -63 / 62 -58 -65 / 60 -58 -65 / 58 62 70 -58 / 63 -58 -62 -70 / 53 60 68 -63 / 62 -53 -60 -68 / 46 58 62 67 / 57 63 -58 -67 / 58 60 65 68 / 50 58 65 -68 / 51 58 67 -65 / 48 60 63 -67 / 58 62 65 / 57 60 63 72 <END> 
<S> 56 63 65 72 / 55 74 -63 -72 / 53 68 72 75 / 65 -53 -72 -80 / 63 70 72 79 / 62 68 77 -75 / 60 79 75 -65 / 58 62 70 77 / 68 -58 -62 -77 / 60 67 75 -58 / 72 -60 -67 -75 <END> 
<S> 58 62 70 77 / 68 -58 -62 -77 / 60 67 75 -62 / 60 -60 -67 -75 / 55 67 74 -60 / 59 -55 -67 -74 / 57 60 -67 -74 / 59 62 67 74 / 55 -59 -67 -74 / 60 67 75 / 58 -60 -67 -75 <END> 
<S> 60 63 67 75 / 62 -60 -67 -75 / 54 60 69 -75 / 55 67 71 74 / 0 / 51 70 75 79 / 58 -70 -75 -79 / 56 68 72 75 / 74 -68 -68 -75 / 67 70 75 75 / 65 -67 -70 -75 <END> 
<S> 58 68 75 77 / 51 67 72 75 / 53 65 72 80 / 62 65 -72 -80 / 63 70 79 79 / 62 -63 -70 -79 / 58 63 72 79 / 62 77 -58 -72 / 60 63 67 75 / 69 -60 -63 -67 <END> 
<S> 63 70 79 / 62 -63 -70 -79 / 60 63 72 79 / 58 -63 -72 -79 / 56 63 72 77 / 58 62 70 -77 / 68 -58 -62 -77 / 60 63 67 75 / 58 65 70 74 / 56 -65 -70 -74 <END> 
<S> 56 60 68 77 / 55 -60 -68 -77 / 53 60 70 79 / 52 -60 -70 -79 / 53 60 68 77 / 59 -53 -68 -77 / 60 -53 -68 -77 / 75 -48 -60 -69 / 53 65 72 60 / 74 -53 -60 -68 / 55 59 67 74 / 55 59 67 74 <END> 
<S> 56 60 65 72 / 55 67 -60 -72 / 53 60 68 74 / 55 59 67 74 / 65 -55 -59 -74 / 48 60 63 72 / 59 67 74 / <END> 
<S> 50 65 68 74 / 51 58 67 75 / 53 68 -58 74 / 55 67 70 75 / 57 72 -67 -75 / 58 62 65 74 / 67 -58 -62 -74 / 56 60 72 75 / 55 -60 -72 -75 <END> 
<S> 51 63 67 70 / 53 63 68 72 / 55 67 70 75 / 56 65 72 -75 / 58 -56 -72 -75 / 56 60 72 77 / 58 62 70 -77 / 68 -58 -62 -77 / 51 58 67 75 / 60 67 75 / 58 62 74 77 <END> 
<S> 56 63 68 77 / 58 65 70 -77 / 60 67 -65 -77 / 75 -60 -65 -75 / 75 77 -58 -65 / 58 62 70 77 / 51 63 70 79 / 62 65 -70 -79 / 67 75 -62 -65 / 63 65 81 / 62 65 -65 70 / 60 63 67 75 / 62 77 -60 -67 <END> 
<S> 63 67 70 79 / 62 65 -70 -79 / 60 67 72 75 / 55 59 67 74 / 53 60 67 77 / 65 -53 -60 -77 / 55 67 71 -60 / 63 -55 -67 -74 / 43 62 67 71 / 65 -43 -62 -71 <END> 
<S> 55 62 67 71 / 60 -55 -67 -70 / 43 62 67 71 / 65 -43 -62 -71 / 48 63 67 72 / 48 -63 -67 -72 / 50 65 67 74 / 71 -50 -65 -74 / 51 67 72 / 50 65 70 -72 / 48 63 68 -72 / 53 62 68 -48 <END> 
<S> 51 63 67 72 / 53 62 68 -72 / 48 63 67 72 / 50 65 68 74 / 55 63 67 75 / 53 65 68 74 / 59 65 67 74 / 43 59 67 74 / 65 -43 -59 -74 <END> 
<S> 56 65 68 72 / 55 -65 -68 -72 / 53 67 70 74 / 52 -67 -70 -74 / 53 65 72 -70 / 69 -53 -65 -72 / 63 -53 -69 -72 / 46 62 65 70 / 48 63 67 72 / 43 58 67 74 / 65 -43 -58 -74 <END> 
<S> 46 65 70 74 / 62 67 -70 -74 / 55 63 70 79 / 53 65 -70 -79 / 51 67 70 79 / 53 -67 -70 -79 / 51 70 79 79 / 53 72 80 -79 / 55 71 74 -53 / 56 60 72 56 / 65 -56 -60 -72 <END> 
<S> 56 60 72 77 / 53 -60 -72 -77 / 55 62 71 77 / 59 67 74 79 / 60 67 75 / 58 62 -67 -75 / 56 60 63 72 / 55 58 -63 -72 / 53 56 68 74 / 58 -53 -68 -74 / 51 60 68 75 / 58 67 -51 -75 / 56 -46 -65 -75 <END> 
<S> 53 56 68 74 / 72 -53 -56 -68 / 55 63 67 70 / 62 65 -55 -70 / 56 60 63 72 / 55 58 -63 -72 / 53 56 68 74 / 58 -53 -68 -74 / 51 60 67 75 / 58 -51 -67 -75 / 56 68 72 -51 / 55 70 75 79 / 56 68 77 82 <END> 
