<S> 57 65 69 72 / 55 -65 -69 -72 / 53 67 70 72 / 52 -67 -70 -72 / 53 67 69 72 / 55 -67 -69 -72 / 57 65 69 72 / 58 -65 -69 -72 / 60 64 67 72 / 62 74 -60 -67 / 48 60 76 -67 / 69 -48 -60 -76 / 70 -48 -60 -76 / 53 60 69 77 / 58 62 70 77 / 57 65 72 -77 <END> 
<S> 60 67 76 / 58 -60 -67 -76 / 57 60 65 77 / 55 67 75 -60 / 53 60 68 74 / 55 59 67 -74 / 65 -55 -67 -74 / 48 63 67 72 / 58 70 74 77 <END> 
<S> 53 60 68 74 / 50 -60 -68 -74 / 55 59 67 -74 / 65 -55 -59 -74 / 48 55 63 72 / 63 67 72 79 / 62 68 72 77 / 67 47 -62 -77 / 48 63 68 75 / 55 67 71 74 <END> 
<S> 58 63 65 74 / 62 -58 -65 -74 / 60 63 75 / 58 67 -63 -75 / 56 65 72 77 / 58 64 74 -77 / 60 63 72 75 / 65 74 -60 -72 / 58 67 70 75 / 63 68 -58 -75 / 65 70 -58 -63 / 58 62 -70 -75 / 51 58 70 77 / 63 73 -70 <END> 
<S> 63 67 72 77 / 65 68 74 -77 / 67 70 75 / 55 67 72 / 51 63 -67 -72 / 56 60 65 72 / 55 67 74 -60 / 53 60 -67 -74 / 55 59 67 74 / 65 -55 -59 -74 / 48 55 63 72 / 48 60 63 67 <END> 
<S> 56 62 65 71 / 60 -56 -65 -71 / 55 59 67 75 / 60 -55 -67 -75 / 56 60 67 75 / 53 68 -60 -75 / 51 58 65 74 / 56 64 67 72 / 65 -56 -72 / 55 58 70 -65 / 53 60 68 -70 / 55 -60 -68 -70 <END> 
<S> 56 60 63 72 / 65 -56 -60 -72 / 55 62 67 70 / 53 -62 -67 -70 / 51 60 67 79 / 58 -60 -67 -79 / 56 60 68 77 / 55 -60 -68 -77 / 60 67 75 / 58 -60 -67 -75 / 56 60 72 77 / 55 75 -60 -72 <END> 
<S> 60 63 67 75 / 58 62 -67 -75 / 56 60 72 77 / 55 70 -60 -77 / 53 60 68 74 / 55 -60 -68 -74 / 53 60 68 72 / 74 -53 -60 -68 / 55 59 67 75 / 56 60 -67 -75 / 58 60 65 74 / 56 65 72 <END> 
<S> 56 60 68 77 / 55 -60 -68 -77 / 60 67 -60 -77 / 59 -60 -67 -75 / 58 60 65 77 / 56 62 65 -77 / 55 60 67 75 / 53 68 77 -60 / 55 59 67 74 / 56 60 72 75 / 58 62 70 77 / 67 63 -62 -70 / 65 -58 -62 -70 <END> 
<S> 53 60 68 74 / 55 59 67 -74 / 56 60 65 72 / 62 -56 -65 -72 / 63 67 -56 -72 / 62 65 -56 -72 / 60 -56 -65 -72 / 55 62 67 71 / 55 67 71 -50 / 48 72 -55 -67 / 69 -48 -55 -72 <END> 
<S> 55 62 67 71 / 53 59 62 67 / 51 60 63 -67 / 48 63 -60 -67 / 50 53 65 70 / 62 -53 -65 -70 / 48 63 63 69 / 57 60 63 -69 / 46 53 62 70 / 50 54 58 -62 / 51 55 58 67 <END> 
<S> 53 57 65 -60 / 60 -53 -57 -65 / 46 58 62 65 / 48 63 -58 -65 / 46 58 61 65 / 44 -61 -61 -65 / 43 53 61 70 / 55 -43 -61 -70 / 45 60 72 -55 / 53 -45 -60 -72 / 43 55 70 -60 / 45 -43 -55 -60 / -63 -45 -55 -60 / 39 51 55 -60 / 38 53 59 -55 / 55 51 -43 -59 / 55 -51 -55 -67 / 49 58 -55 -67 / 48 51 55 -67 / 46 -51 -55 -67 <END> 
<S> 43 55 60 63 / 41 -55 -60 -63 / 43 55 60 63 / 53 -60 -63 / 62 -53 -60 / 36 55 60 63 / 38 65 -55 -60 / 39 55 60 67 / 41 -55 -60 -67 / 43 55 59 62 / 53 -43 -59 -62 / 36 51 55 60 / 48 51 55 60 / 46 -51 -55 -60 / 44 51 60 / -60 59 <END> 
<S> 41 60 62 65 / 69 -41 -60 -62 / 43 55 59 62 / 51 55 60 / 53 62 -48 -55 / 60 -53 -48 -51 / 46 50 58 -65 / 48 51 67 68 / 46 50 -67 -70 / 51 63 67 72 / 48 -63 -67 -72 / 48 62 65 71 / 53 -62 -67 -71 / 51 60 67 72 / 48 -60 -67 -72 / 50 65 67 71 / 43 62 -65 -70 <END> 
<S> 46 50 65 70 / 48 -46 -65 -70 / 47 55 62 67 / 45 60 -55 -67 / 43 55 59 62 / 44 51 60 -63 / 48 51 60 67 / 58 -51 -67 / 51 56 67 72 / 55 74 -67 -72 / 53 65 72 -74 / 51 -65 -72 -74 / 50 65 70 77 / 68 -50 -65 -77 <END> 
<S> 44 51 60 67 / 53 69 -60 -67 / 55 65 -60 -69 / 60 -55 -60 -65 / 59 62 67 -55 / 55 -59 -62 -67 / 48 55 63 -62 / 60 -48 -55 -63 / 41 56 65 -60 / 62 -41 -56 -65 / 43 55 63 70 / 53 62 -43 -70 / 45 60 72 77 / 63 -45 -72 -77 / 46 62 65 -72 / 63 -46 -72 <END> 
<S> 44 60 63 72 / 46 -60 -63 -72 / 48 62 63 67 / 60 -48 -67 / 55 58 67 70 / 53 68 -58 -74 / 51 63 68 72 / 50 -63 -68 -72 / 48 62 67 70 / 51 -62 -67 -70 / 50 59 65 67 / 48 -59 -65 -67 / 47 60 65 74 / 62 -47 -65 -68 / 55 62 67 71 / 53 -62 -67 -71 <END> 
<S> 51 55 67 72 / 50 -55 -67 -72 / 48 60 67 75 / 53 -67 68 51 / 55 67 70 74 / 56 -65 -70 -74 / 55 70 75 -70 / 53 -67 -70 -75 / 51 65 70 77 / 72 -51 -65 -77 / 58 65 74 77 / 51 63 70 79 / 55 -63 -70 -79 / 53 63 68 77 / 62 -53 -68 -77 / 51 63 67 79 / 55 71 79 -67 <END> 
<S> 56 63 72 77 / 53 68 -72 -77 / 51 67 70 75 / 47 50 65 74 / 48 67 51 -74 / 50 67 72 77 / 71 -50 -67 -77 / 51 67 72 75 / 53 -67 -72 -75 / 55 67 71 74 / 51 67 70 79 <END> 
<S> 48 63 72 -67 / 68 -48 -63 -72 / 50 65 -68 -72 / 67 -50 -65 -72 / 46 62 65 74 / 67 -47 -65 -74 / 48 63 67 72 / 50 65 -67 -72 / 51 60 67 72 / 53 65 69 -72 / 63 -53 -69 -72 / 46 62 65 74 / 51 58 67 75 / 57 60 -67 -75 <END> 
<S> 56 64 67 72 / 55 -64 -67 -72 / 53 65 68 74 / 58 67 75 / 65 74 -58 / 56 63 72 / 51 55 67 70 / 53 56 60 68 / 58 62 -53 -68 / 48 60 67 -65 / 50 65 -60 -67 / 51 55 63 72 / 53 60 68 -63 / 55 58 62 -68 / 56 60 63 -68 / 65 65 -56 -60 <END> 
<S> 53 56 68 74 / 72 -53 -56 -68 / 55 63 67 70 / 62 65 -55 -70 / 60 63 67 72 / 62 65 70 -60 / 63 67 79 / 60 63 -67 -79 / 62 65 70 79 / 68 -65 -65 -79 / 59 67 74 79 / 60 -59 -74 -79 / 60 72 77 / 58 62 -72 -77 / 60 63 70 79 / 62 77 -60 -70 <END> 
<S> 58 62 65 77 / 56 60 -65 -77 / 55 62 70 77 / 53 -62 -70 -77 / 51 63 70 79 / 55 58 70 -79 / 56 60 65 77 / 53 -60 -65 -77 / 58 62 70 77 / 68 -58 -62 -77 / 51 63 67 75 / 58 65 70 74 <END> 
<S> 53 60 68 77 / 58 62 70 77 / 56 63 -70 -77 / 55 -63 -70 -77 / 53 -63 -70 -77 / 51 62 70 79 / 55 -62 -70 -79 / 53 60 68 81 / 55 -60 -68 -81 / 56 60 72 77 / 58 -60 -72 -77 / 60 67 72 76 / 70 -60 -67 -76 <END> 
<S> 59 62 67 -77 / 60 75 -62 -67 / 55 62 71 74 / 53 -62 -71 -74 / 51 67 72 / 60 63 -67 -72 / 53 65 74 -72 / 55 67 71 -74 / 65 -55 -71 -74 / 56 63 72 / 74 -56 -65 -72 / 55 67 71 74 / 55 67 71 74 <END> 
<S> 56 63 72 / 62 65 -56 -72 / 56 60 68 74 / 55 -60 -68 -75 / 53 60 68 74 / 55 59 67 -74 / 65 -55 -59 -74 / 48 60 63 72 / 46 58 70 77 <END> 
<S> 53 60 68 74 / 50 -60 -68 -74 / 55 59 67 74 / 65 -55 -59 -74 / 48 60 63 72 / 55 67 70 75 <END> 
<S> 53 68 74 -60 / 55 59 67 -74 / 56 60 65 -74 / 72 -56 -60 -65 / 55 62 67 70 / 50 62 65 70 / 51 60 67 -65 / 53 60 69 -65 / 63 -60 -53 -69 <END> 
<S> 48 60 63 68 / 55 58 63 67 / 56 60 63 72 / 62 65 -56 -72 / 55 63 67 72 / 55 62 67 71 / 48 63 67 72 / 53 65 69 72 <END> 
<S> 63 67 -57 -72 / 62 65 -55 -72 / 60 63 67 -72 / 62 -60 -67 -72 / 60 65 72 / 60 -60 -65 -72 / 60 67 75 -60 / 58 -60 -67 -75 / 56 60 65 77 / 55 60 75 75 / 53 -60 -67 -75 <END> 
<S> 60 63 68 75 / 62 -60 -68 -75 / 60 65 75 -48 / 58 62 67 74 / 68 -58 -62 -74 / 67 75 -58 -67 / 57 65 72 77 / 60 -57 -72 -77 / 67 70 75 79 / 77 -67 -70 / 0 / -67 72 75 <END> 
<S> 58 62 65 74 / 60 63 72 75 / 58 -63 -72 -75 / 56 63 72 77 / 58 62 70 79 / 77 -58 -62 -70 / 51 67 70 75 / 63 70 79 / 62 65 70 82 / 63 67 75 79 / 72 -63 -67 -79 / 59 67 74 79 / 60 -67 -74 -79 <END> 
<S> 58 65 70 74 / 56 -65 -70 -74 / 55 67 70 75 / 53 -67 -70 -75 / 51 65 70 77 / 50 -65 -70 -77 / 51 63 70 79 / 53 58 -70 -79 / 55 -58 -70 -79 / 48 63 79 -70 / 69 -48 -63 -79 / 50 62 71 77 / 48 63 72 75 / 50 65 77 -72 / 51 67 72 -65 / 53 63 69 -72 / 55 62 67 71 <END> 
<S> 48 63 72 75 / 50 65 -72 -75 / 51 67 72 -75 / 53 -67 -72 -75 / 55 67 71 74 / 63 67 70 / 62 65 -70 / 60 63 67 / 58 -60 -67 -75 / 56 60 65 75 / 53 -56 -60 -65 / 58 62 -53 -68 / 50 60 -58 -65 / 53 60 63 / 57 61 -53 -60 <END> 
<S> 56 63 67 72 / 55 65 -67 -72 / 53 60 67 68 / 55 59 67 -53 / 53 56 60 72 / 65 -53 -56 -72 / 51 55 67 71 / 50 59 65 -67 / 51 60 67 -65 / 48 60 65 68 / 47 62 67 -65 / 48 60 67 75 / 63 -48 -67 -75 <END> 
<S> 51 60 67 72 / 50 -60 -67 -72 / 48 65 67 74 / 47 -65 -67 -74 / 48 63 67 75 / 62 66 -48 -75 / 60 -48 -67 -75 / 58 62 67 74 / 67 -58 -62 -67 / 56 60 65 68 / 53 62 65 70 / 60 63 68 72 / 55 67 -63 -72 <END> 
<S> 63 67 -58 -70 / 62 65 69 -58 / 53 -62 -69 / 58 62 67 70 / 46 -62 -67 -70 / 48 60 63 67 / 58 -60 -63 -67 / 56 60 63 72 / 65 -56 -60 -72 / 55 62 67 70 / 48 63 67 -70 / 50 58 65 68 <END> 
<S> 56 60 63 72 / 55 -60 -63 -72 / 53 65 68 72 / 74 -53 -68 -68 / 63 67 -53 -68 / 58 62 -68 -68 / 60 68 -58 -68 / 55 59 67 71 / 53 56 68 72 / 51 58 67 -72 / 56 60 65 -72 / 55 58 -65 -72 / 56 60 65 68 / 65 -56 -60 <END> 
<S> 51 60 67 75 / 58 -60 -67 -75 / 56 60 68 75 / 55 -60 -68 -75 / 53 62 68 77 / 60 63 67 -77 / 55 59 62 67 / 53 -59 -62 -67 / 51 60 67 72 / 50 -60 -67 -72 / 48 62 67 71 / 47 -62 -67 -71 / 48 60 63 67 / 58 62 65 / 56 60 63 / 55 59 62 67 <END> 
<S> 48 63 67 72 / 56 -48 -63 -72 / 55 59 62 74 / 53 -59 -62 -74 / 51 60 67 72 / 50 -60 -67 -72 / 48 68 74 -53 / 53 59 68 74 / 51 67 -58 -74 / 50 65 68 72 / 48 -65 -68 -72 / 55 67 70 75 / 60 68 -67 -75 / 58 74 -67 -68 / 56 67 72 75 <END> 
<S> 51 67 68 72 / 50 -51 -67 -72 / 48 67 72 75 / 55 -48 -67 -75 / 53 59 67 74 / 51 60 67 77 / 50 62 65 77 / 51 67 75 -65 / 53 63 69 77 / 55 62 71 79 / 60 -55 -71 -79 / 53 59 67 74 / 60 -53 -68 -77 <END> 
<S> 51 63 67 72 / 53 65 69 74 / 55 65 71 -74 / 63 -55 -71 -74 / 65 -55 -71 -74 / 48 63 67 72 / 60 63 72 79 / 58 65 74 82 <END> 
<S> 56 60 63 72 / 65 -56 -60 -72 / 55 62 67 71 / 53 -62 -67 -71 / 51 60 67 -67 / 69 -51 -60 -67 / 50 58 65 70 / 48 55 63 -70 / 53 56 68 -63 / 58 62 -53 -68 / 60 -53 -68 <END> 
<S> 51 58 65 67 / 63 -51 -58 -67 / 44 60 65 72 / 63 -60 -44 -72 / 46 65 70 74 / 53 -65 -70 -74 / 51 63 69 72 / 50 65 71 74 / 51 67 72 75 / 53 -67 -72 -75 55 55 67 70 60 / 65 -55 -70 -75 <END> 
<S> 63 67 72 / 59 62 67 74 / 60 67 75 / 58 62 -67 -75 / 56 63 72 77 / 55 -63 -72 -77 / 53 62 70 79 / 51 63 -70 -79 / 50 65 70 77 / 48 75 -70 -77 / 50 65 70 77 / 68 -50 -53 -77 / 51 67 70 79 / 61 -51 -70 -79 <END> 
<S> 55 63 70 75 / 53 -63 -70 -75 / 51 63 70 77 / 56 -51 -70 -77 / 53 68 72 -56 / 55 70 -60 -72 / 53 60 68 77 / 62 70 -53 -77 / 63 72 -53 -62 / 46 65 74 -72 / 59 62 67 79 / 77 -59 -62 -67 / 60 67 75 -62 / 60 -60 -67 -75 <END> 
<S> 46 62 65 70 / 47 62 67 / 48 60 69 -67 / 64 -48 -60 -69 / 50 62 66 -69 / 60 -50 -66 -69 / 55 62 67 71 / 43 59 62 67 / 53 62 67 71 / 51 63 67 72 / 50 65 69 74 / 71 -50 -65 -74 / 48 67 72 76 / 58 74 -67 -72 / 56 60 66 -72 / 55 67 -60 -72 / 53 59 68 74 / 50 -59 -68 -74 <END> 
<S> 48 67 75 -65 / 50 63 -67 -75 / 51 60 67 75 / 53 -60 -67 -75 / 55 60 67 74 / 72 -55 -60 -67 / 43 59 67 74 / 65 -43 -59 -74 / 48 60 63 72 / 60 67 75 / 58 -60 -67 -75 / 56 60 68 75 / 55 -60 -68 -75 / 53 60 68 74 / 55 59 67 -74 / 56 60 68 72 / 65 -56 -60 -72 <END> 
<S> 48 60 67 75 / 60 63 69 -75 / 55 62 71 77 / 60 64 67 79 / 53 65 68 72 / 74 -53 -65 -68 / 55 63 67 75 / 65 -55 -67 -75 / 60 67 75 / 58 -60 -67 -75 / 56 60 68 77 / 55 72 -60 -77 / 53 60 70 79 / 52 -60 -70 -79 <END> 
<S> 60 63 67 75 / 58 62 -67 -75 / 56 60 72 75 / 55 70 -60 -75 / 53 68 72 74 / 53 65 74 -74 / 55 62 70 -74 / 54 63 69 72 / 62 -54 -69 -72 / 55 62 67 71 / 53 55 62 71 / 51 -55 -62 -71 / 50 54 62 69 / 59 -50 -62 -69 <END> 
<S> 55 58 70 -50 / 62 -55 -58 -70 / 56 60 63 72 / 58 74 -63 -72 / 68 -58 -63 -77 / 80 67 -65 -72 / 55 67 70 75 / 51 58 70 79 / 53 -58 -70 -79 / 55 58 70 77 / 56 -62 -70 -77 / 58 62 74 79 / 72 -58 -62 -79 / 58 62 74 79 / 77 -58 -62 -74 / 55 67 75 75 / 57 -67 -75 -75 <END> 
<S> 58 63 70 79 / 62 -58 -70 -79 / 58 62 70 77 / 55 -58 -70 -77 / 53 61 70 79 / 52 -61 -70 -79 / 53 60 68 77 / 55 60 67 75 / 56 60 65 68 / 53 62 67 70 / 53 60 68 68 / 53 61 67 70 / 55 59 62 67 53 53 57 60 65 / 51 58 67 <END> 
<S> 53 57 65 74 / 50 58 65 -74 / 51 57 63 72 / 58 62 70 / / 60 -58 -70 / 51 58 67 70 / 56 63 68 72 / 55 -63 -68 -72 / 53 61 67 70 / 52 -61 -67 -70 / 53 60 67 68 / 55 -60 -67 -68 / 56 60 65 68 / 53 -60 -65 -68 <END> 
<S> 56 63 68 72 / 55 -63 -68 -72 / 53 61 67 70 / 52 -61 -67 -70 / 53 60 67 68 / 55 -60 -67 -68 / 56 60 65 68 / 53 -60 -65 -68 / 60 64 67 / 57 60 65 75 <END> 
<S> 44 60 65 / 63 -44 -60 -65 / 46 62 -65 -65 / 48 63 63 -65 / 44 61 65 70 / 48 60 63 67 / 70 -60 -63 / 55 59 68 72 / 53 56 68 -72 / 55 58 70 74 / 56 60 -70 -74 / 55 58 68 75 / 53 56 68 -75 <END> 
<S> 53 56 68 74 / 55 60 -68 -74 / 56 59 65 68 / 60 -56 -65 / 55 58 67 75 / 53 57 65 74 / 55 59 62 67 / 55 60 63 70 / 56 60 65 68 / 53 -60 -65 -68 / 60 67 -60 -65 / 58 -60 -65 -67 <END> 
<S> 60 63 67 72 / 55 62 70 -67 / 60 63 67 72 / 58 62 -67 -72 / 45 60 65 72 / 63 -45 -60 -72 / 46 65 70 74 / 50 -65 -70 -74 / 69 -50 -65 -74 / 47 62 67 74 / 43 75 -67 -74 <END> 
<S> 58 65 70 74 / 53 -65 -70 -74 / 55 67 72 -70 / 57 66 -72 -75 / 58 62 70 74 / 63 67 70 -58 / 65 -43 -70 / / 63 70 73 79 / 55 -70 -70 -79 / 53 72 80 79 / 60 -53 -72 -81 / 58 65 74 79 / 60 -58 -65 -74 <END> 
<S> 51 63 70 79 / 53 63 -70 -79 / 55 63 70 79 / 56 60 -70 -75 / 58 62 65 74 / 68 -58 -62 -74 / 55 59 67 -74 / 65 -55 -59 -74 / 48 60 67 75 / 55 63 70 -75 / 56 72 77 -75 / 58 70 75 77 <END> 
<S> 48 60 68 75 / 50 65 70 74 / 46 62 67 74 / 77 -46 -62 -67 / 48 63 67 / 60 -48 -67 -75 / 55 60 67 74 / 59 -55 -67 -74 / 56 60 63 72 / 65 -56 -60 -72 / 55 62 67 70 / 53 60 68 68 / 58 65 67 -53 / 58 62 64 -67 <END> 
<S> 57 60 65 72 / 60 -57 -65 -72 / 60 67 -65 / 58 64 -65 -67 / 62 65 -58 -65 / 60 63 -65 / 57 62 65 -60 / 60 -56 -65 / 55 58 62 70 / 67 -55 -58 -70 / 53 60 67 72 / 51 -60 -67 -72 <END> 
<S> 63 68 -58 -63 / 50 58 65 -68 / 51 58 67 -65 / 53 63 -58 -67 / 46 62 65 -58 / 46 58 62 -65 / 51 58 63 67 / 58 62 65 / 56 -58 -62 -65 / 55 62 70 -60 / 53 59 62 -70 / 53 57 62 69 / 51 55 63 72 / 50 53 -63 -72 / 51 55 63 -72 / 48 -55 -63 -72 <END> 
<S> 58 65 68 / 55 -58 -65 -68 / 60 63 67 / 53 56 65 68 / 51 55 67 70 / 50 60 -67 -70 / 48 60 66 69 / 47 -60 -69 -74 / 56 59 71 -69 / 60 -56 -71 -74 / 57 60 72 75 / 55 -60 -72 -75 / 53 68 74 77 / 55 67 -74 -77 / 48 67 74 -74 / 50 72 -67 -74 / 52 72 -67 -74 / 70 -56 -72 <END> 
<S> 60 66 69 -51 / 55 62 67 71 / 63 69 -55 -67 / 62 67 -55 / 53 59 -62 -67 / 60 63 67 72 / 58 62 -67 -72 / 56 60 65 72 / 55 67 -60 -72 / 53 65 69 72 / 74 -53 -65 -69 / 75 -53 -65 -69 / 46 65 70 74 / 48 63 72 -70 / 53 65 70 72 <END> 
<S> 60 64 67 51 / 58 65 -67 -75 / 56 67 72 75 / 55 -67 -72 -75 / 53 68 74 -72 / 55 67 71 -74 / 65 -55 -71 -74 / 48 63 67 72 / 60 67 72 75 / 58 -67 -72 -75 / 56 60 72 77 / 55 70 -60 -77 <END> 
<S> 48 63 67 72 / 62 65 -67 -72 / 60 63 67 72 / 58 62 -67 -72 / 57 60 72 77 / 58 62 65 -77 / 60 63 67 75 / 69 -60 -63 -67 / 58 62 65 77 / 56 60 72 75 / 55 63 70 77 / 53 68 -72 -77 <END> 
