<S> 60 63 67 72 / 58 62 67 / 56 63 68 72 / 53 65 68 74 / 55 58 67 75 / 57 60 65 72 / 58 65 74 <END> 
<S> 58 65 74 / 60 75 -58 -65 / 46 62 70 77 / 69 -46 -62 -77 / 48 63 67 75 / 69 -48 -63 -75 / 50 65 70 74 / 51 67 72 -70 / 53 65 69 -72 / 63 -53 -69 -72 / 46 62 65 70 / 48 67 75 -53 <END> 
<S> 53 65 69 72 / 63 -53 -69 -72 / 46 62 65 70 / 60 75 -65 / 58 62 74 77 / 56 60 72 77 / 55 70 75 79 / 53 68 77 -75 / 74 -53 -68 -77 / 51 67 70 75 / 63 70 79 <END> 
<S> 53 63 68 77 / 51 63 70 79 / 55 58 -70 -79 / 53 68 77 -63 / 46 62 70 -77 / 51 63 67 79 / 53 65 68 77 / 55 67 75 / 75 -55 -67 -75 / 56 65 74 77 <END> 
<S> 58 62 70 77 / 68 -58 -62 -77 / 60 63 67 75 / 53 72 -63 -67 / 55 63 72 57 / 57 -55 -72 -75 / 55 58 74 74 / 53 -58 -74 -74 / 55 58 67 75 / 54 60 69 -75 / 55 62 67 70 / 63 -55 -67 -70 / 57 65 69 72 / 59 74 -65 -69 / 60 63 67 75 / 58 62 -67 -75 / 56 60 72 77 / 55 70 -60 -77 <END> 
<S> 55 62 67 71 / 53 -62 -67 -71 / 51 60 67 72 / 57 69 72 / / 65 70 74 / 55 67 -70 -74 / 65 -55 -67 -70 / 56 63 -68 -70 / 68 -56 -63 -72 / 55 65 70 -68 / 53 -65 -70 / 58 64 70 79 / 56 60 72 77 / 58 75 -72 <END> 
<S> 58 63 68 / 56 -58 -63 -67 / 58 64 68 / 53 -58 -63 -69 / 55 58 70 -63 / 56 60 -63 -70 / 50 58 62 70 / 68 -50 -58 -70 / 51 58 67 67 / 63 -51 -58 -67 / 56 60 63 72 / 65 74 -56 -60 / 51 58 67 75 / 53 68 74 -60 55 / 67 70 75 <END> 
<S> 51 63 67 72 / 53 -63 -67 -72 / 55 62 -67 -72 / 67 -55 -62 -67 / 48 55 64 72 / 53 57 65 72 / 58 65 -53 -72 / 51 57 65 74 / 58 64 67 -50 / 65 -58 -67 / 48 60 67 75 / 58 -60 -67 -75 / 56 60 68 75 / 55 -60 -68 -75 <END> 
<S> 46 58 65 74 / 58 65 74 / 56 60 65 75 / 77 -56 -60 -65 / 55 59 67 79 / 53 -59 -67 -79 / 52 60 67 79 / 53 -60 -67 -79 / 55 60 67 74 / 59 65 -55 -74 / 72 60 -55 -59 / 43 55 62 71 <END> 
<S> 53 60 69 77 / 53 -60 -69 -77 / 55 60 67 75 / 74 -55 -60 -67 / 43 59 65 -67 / 65 -43 -59 -65 / 48 55 64 67 / 48 63 67 70 / 62 -48 -67 -70 / 53 60 67 72 / 55 -67 -60 -72 / 56 65 -60 -72 / 60 74 -60 -65 / 59 -60 -65 -74 / 60 72 -58 -65 / 64 67 -60 <END> 
<S> 48 60 67 75 / 68 -60 -75 / 55 59 71 74 / 53 60 67 72 / 52 60 67 72 / 53 60 65 68 / 55 64 67 -53 / 62 -55 -67 -71 / 60 -55 -67 -71 / 50 -55 -67 -71 / 65 -50 -55 -71 / 48 63 67 72 / 48 -63 -67 -72 / 53 62 -67 -72 / 55 71 -62 -67 / 60 63 67 72 / 58 62 -67 -72 <END> 
<S> 51 63 67 72 / 60 -51 -67 -72 / 48 65 68 74 / 67 -48 -65 -74 / 72 -48 -56 -67 / 50 65 68 -72 / 51 62 67 71 / 53 65 69 72 / 63 -53 -69 -72 / 46 62 65 70 / 48 63 69 75 / 50 65 70 74 / 51 -65 -70 -74 / 53 65 69 72 / 71 74 -53 -65 / 60 67 72 75 / 58 -67 -72 -75 / 56 60 72 77 / 55 67 75 -60 <END> 
<S> 50 65 70 74 / 51 63 -70 -74 / 53 68 72 75 / 55 -72 -75 / 53 74 77 -60 / 59 -53 -77 -77 / 60 63 -53 -77 / 62 67 71 77 / 63 67 72 79 / 59 65 74 79 / 60 67 72 75 / 58 -67 -72 -75 / 57 60 72 77 / 55 70 -60 -77 <END> 
<S> 60 63 67 75 / 58 62 -67 -75 / 56 60 72 77 / 55 70 -60 -77 / 53 65 68 72 / 74 -53 -65 -68 / 75 -53 -65 -68 / 46 65 68 74 / 63 -46 -68 -74 / 61 65 70 56 / 62 65 -70 / 63 69 -65 / 59 62 -65 -69 / 60 63 67 57 62 58 -48 -67 <END> 
<S> 58 62 65 70 / 63 -58 -70 -70 / 57 65 68 72 / 55 70 -65 -72 / 53 65 68 72 / 63 74 -53 -68 / 61 -60 -68 / 44 60 67 -60 / 59 -44 -60 -67 / 45 57 60 65 / 61 -45 -57 -65 / 47 56 62 65 <END> 
<S> 56 60 63 72 / 62 65 -56 -72 / 55 63 67 70 / 53 68 -63 -70 / 55 58 70 74 / 53 -58 -74 -74 / 51 70 75 -74 / 55 72 -70 -75 / 67 74 77 -51 / 67 75 -74 / 51 63 70 75 / 55 63 70 75 / 61 -55 -70 -75 <END> 
<S> 48 67 72 75 / 68 -48 -72 -75 / 50 67 70 77 / 65 -50 -70 -77 / 63 70 79 -70 / 62 -63 -70 -79 / 60 63 75 79 / 58 -63 -72 -79 / 56 72 -65 -75 / 58 65 74 -77 / 72 -58 -65 -77 / 58 65 74 77 / 67 75 -65 / 59 68 -67 -77 <END> 
<S> 56 63 72 77 / 53 68 -63 -72 / 58 62 70 77 / 56 67 70 75 / 65 77 -56 -70 / 51 63 70 79 / 55 -51 -70 -79 / 53 68 72 77 / 55 67 71 75 / 65 -55 -71 -74 / 56 63 72 / 55 -63 -72 <END> 
<S> 56 68 72 77 / 58 -68 -72 -77 / 60 67 72 75 / 65 74 -60 -75 / 58 67 75 -74 / 56 -65 -68 -74 / 55 63 70 75 / 72 -55 -63 -75 / 53 68 74 77 / 67 75 -53 -68 / 51 67 70 75 / 51 -67 -70 -75 / 50 65 70 77 / 68 -50 -65 -77 / 51 63 67 70 / 53 65 69 74 <END> 
<S> 53 68 74 77 / 55 67 -74 -77 / 65 72 -55 -60 / 64 -55 -72 / 65 -55 -60 -72 / 48 60 63 67 / 48 60 63 67 / 58 63 70 75 / 56 63 68 72 / 58 65 74 -56 / 72 -58 -65 / 60 65 67 74 / 59 75 -67 -74 / 60 65 72 80 / 56 62 71 77 / 55 63 72 79 <END> 
<S> 58 63 67 70 / 61 65 68 -58 / 60 63 67 70 / 65 68 -63 / 60 67 72 75 / 58 65 70 74 / 67 -58 -65 -70 / 77 63 67 -70 / 62 65 69 / 60 63 -69 / 58 62 65 71 / 60 63 72 75 / 62 65 70 77 <END> 
<S> 63 67 70 / 62 65 -67 -70 / 60 63 67 75 / 58 62 -67 -75 / 56 60 72 77 / 55 70 -60 -77 / 53 65 72 -77 / 75 -53 -65 -72 / 58 65 70 74 / 48 -65 -70 -74 / 46 58 67 -70 / 68 -46 -58 -67 <END> 
<S> 53 57 68 72 / / 74 -53 -68 -72 / 55 63 67 75 / 65 -55 -63 -75 / 56 60 63 75 / 55 58 -63 -75 / 53 56 65 74 / 63 -53 -56 -74 / 55 62 71 79 / 63 -55 -71 -79 / 56 65 72 77 / 63 -56 -72 -77 / 53 62 70 79 / 51 -62 -70 -79 <END> 
<S> 58 62 65 70 / 60 63 67 75 / 62 -60 -67 -75 / 53 60 69 75 / 55 67 71 74 / 65 72 -55 -71 / 53 63 72 / 62 71 -55 -56 / 55 60 67 74 / 53 59 67 74 / 65 -53 -59 -74 / 56 59 -65 / 56 60 -56 -65 / 55 62 -60 68 / 53 59 68 -62 <END> 
<S> 57 60 63 72 / 55 58 -63 -72 / 57 65 -55 -70 / 53 58 62 68 / -58 -62 46 53 57 64 -53 / 58 -53 -57 -62 / 60 53 57 60 / 58 -53 -57 -60 / 41 53 60 -58 / 57 -41 -53 -60 / 46 50 58 65 / 50 50 -58 -65 / 51 55 58 64 / 53 57 61 / 55 60 -54 <END> 
<S> 50 57 62 65 / 48 -57 -62 -65 / 46 55 62 65 / 63 -46 -55 -65 / 43 55 62 65 / 59 -43 -55 -62 / 48 55 60 63 / 55 62 67 71 / 53 -62 -67 -71 / 51 60 67 72 / 50 -60 -67 -72 / 48 65 67 74 / 47 -65 -67 -74 / 48 63 67 75 / 60 -63 -67 -75 <END> 
<S> 51 60 67 72 / 53 74 -60 -67 / 55 65 -60 / 59 -55 -60 -67 / 48 60 63 67 / 59 62 67 -48 / 55 60 67 -46 / 62 65 -55 -67 / 56 60 63 65 / 62 -56 -60 -65 / 58 62 67 70 / 65 69 -62 / 55 63 67 70 / 53 65 68 <END> 
<S> 56 60 63 65 / 62 -56 -60 -65 / 55 59 62 67 / 53 -59 -62 -67 / 51 60 67 / 50 62 65 -67 / 48 63 67 / / 55 60 67 75 / 53 60 68 74 / 55 59 67 -74 / 65 -55 -67 -74 / 48 63 67 72 <END> 
<S> 56 60 63 72 / 55 -60 -63 -72 / 53 68 -60 -72 / 46 65 -68 -72 / 48 67 -65 -72 / 64 -48 -67 -72 / 62 65 -48 -72 / 63 -53 -72 / / 58 65 74 / 50 -58 -65 -74 / 52 58 67 75 / 65 74 -51 -58 / 53 60 63 72 / 62 74 -53 -72 <END> 
<S> 51 63 67 70 / 65 -51 -67 -70 / 67 75 -51 -67 / 65 -51 -67 -72 / 63 67 72 / 58 62 -67 -72 / 56 60 63 72 / 65 -56 -60 -72 / 55 62 67 71 / 53 62 67 71 / 51 60 67 72 / 50 65 74 -72 / 71 -50 -65 -74 / 48 67 72 75 / 50 -67 -72 -75 / 51 -67 -72 -75 / 53 68 72 77 / 67 -53 -72 -77 <END> 
<S> 48 63 67 72 / 68 -48 -63 -72 / 50 65 70 74 / 52 -65 -70 -74 / 53 65 72 -70 / 68 -53 -65 -72 / 46 58 65 74 / 59 -46 -65 -74 / 48 60 64 72 / 57 -48 -63 -72 / 50 53 65 70 / 52 -53 -60 -70 53 53 60 68 77 / 59 -53 -68 -77 / 60 -53 -68 -77 / 54 60 69 75 <END> 
<S> 46 58 65 74 / 53 -46 -58 -74 / 55 58 70 75 / 56 60 65 77 / 58 62 67 75 / 51 63 67 -75 / 56 60 68 75 / 55 -60 -68 -75 / 53 60 68 75 / 55 59 67 -75 / 56 60 65 72 / 58 74 -65 -72 / 56 65 72 <END> 
<S> 56 60 65 77 / 55 -60 -65 -77 / 53 62 70 79 / 63 68 77 -48 / 47 62 67 79 / 48 60 67 75 / 59 67 74 -48 / 51 60 72 75 / 55 74 -60 -72 / 56 60 65 72 / 55 67 -60 -72 / 53 60 68 -67 / 65 -53 -60 -68 / 48 60 67 67 / 68 -48 -60 -67 <END> 
<S> 60 67 75 / 58 -60 -67 -75 / 56 60 72 75 / 55 70 -60 -75 / 53 60 68 74 / 55 59 67 -74 / 56 60 67 72 / 65 -56 -60 -72 / 50 62 65 71 / 62 -50 -65 -71 / 48 55 63 72 / 60 -48 -55 -72 / 55 58 -48 -72 / 54 57 62 -72 / 50 58 62 67 <END> 
<S> 53 60 65 69 / 62 -53 -65 -69 / 55 58 64 67 / 62 -55 -67 / 46 55 65 -63 / 53 62 -46 -65 / 55 58 62 -65 / 64 -55 -58 -62 / 57 60 65 70 / 55 59 62 67 / 53 -59 -62 -67 / 51 60 67 -65 / 53 60 65 68 / 62 65 -53 -68 / 63 -53 -68 -68 <END> 
<S> 56 62 65 71 / 55 63 67 -70 / 57 65 -67 / 53 59 -65 / 63 -53 -57 -65 / 46 62 -53 -65 / 58 -46 -62 -65 / 39 58 62 67 / 41 -62 68 -62 / 43 55 62 70 / 44 48 63 68 / 50 53 -63 -68 / 51 58 63 67 / 48 58 63 -67 / 44 60 63 72 / 41 -60 -63 -72 <END> 
<S> 44 60 63 67 / 46 -60 -63 -67 / 44 60 65 / 53 -60 -65 / 64 -44 -60 / 43 55 62 -60 / 53 59 -43 -62 / 48 51 55 60 / 46 55 62 67 / 45 69 -55 -67 / 50 62 67 71 / 43 -62 -67 -70 / 48 63 67 72 / 50 62 65 70 <END> 
<S> 48 55 60 69 / 50 53 58 70 / 52 68 -58 -60 / 50 53 57 65 / 55 58 -53 -65 / 48 55 60 64 / 46 53 60 65 / 44 -53 -60 -65 / 46 53 62 65 70 / 48 63 69 -65 / 46 58 62 70 <END> 
<S> 53 60 63 68 / 48 -53 -60 -68 / 43 55 59 67 / 63 -43 -55 -67 / 44 60 65 -55 / 53 -44 -60 -65 / 51 55 60 67 / 58 -52 -55 -67 / 53 56 65 -60 / 58 -53 -65 / 48 60 63 67 / 46 -60 -63 -67 / 44 60 65 68 / 62 -44 -60 -65 <END> 
<S> 53 60 65 68 / 51 -60 -65 -68 / 50 58 65 70 / 46 62 -65 -70 / 51 58 63 67 / 50 58 65 70 / 51 60 63 -70 / 50 58 65 68 / 51 58 67 -65 / 63 -51 -58 -67 / 44 60 65 -51 / 41 53 68 -60 / 43 -53 -60 -68 <END> 
<S> 51 58 65 68 / 50 58 -65 -68 / 51 58 63 67 / 62 -51 -58 -67 / 48 60 63 67 / 50 58 65 68 / 51 58 63 67 / 50 65 -58 -67 / 51 63 67 72 / 53 62 -67 -72 / 51 60 67 72 / 55 59 67 74 <END> 
<S> 44 63 65 72 / 51 58 -63 -72 / 53 56 60 68 / 58 62 -53 -68 / 48 60 63 67 / 68 -48 -60 -63 / 47 56 65 68 / 48 63 67 -56 / 55 59 62 67 / 53 55 62 70 / 51 63 -55 -70 / 50 54 62 69 / 60 -50 -62 -69 <END> 
<S> 55 58 63 67 / 53 56 62 65 / 55 60 63 / 53 56 60 62 / 50 53 59 -62 / 57 -50 -53 -62 / 55 59 -53 -62 / 63 -53 -55 -60 / 55 60 62 / -60 53 59 67 / 52 55 60 67 / 50 53 62 -67 / 65 -50 -50 -67 / 51 55 63 / 53 57 62 -55 <END> 
<S> 53 60 57 62 / 55 58 63 -53 / 53 56 60 65 / 41 -53 -60 -65 / 42 54 60 63 67 / 58 64 -43 -67 / 65 -55 -60 -64 / 59 62 -55 / 53 53 -59 -62 / 52 55 60 -53 / 53 -45 -60 / 55 59 -53 / 41 56 -55 -60 / 57 60 -53 -56 / 50 55 59 62 / 50 53 -55 -62 / 51 55 60 63 / 58 -48 -55 -63 / 45 53 60 65 / 63 -53 -53 -65 <END> 
<S> 55 60 62 -48 / 53 56 60 -60 / 62 -53 -53 -56 / 55 63 -53 -60 / 46 -55 -60 -63 / 50 58 56 / 50 57 65 -50 / 51 58 67 / 43 50 58 65 / 45 53 60 65 / 55 58 63 / 56 62 -55 -63 / 43 55 59 67 / 55 -43 -59 -67 <END> 
<S> 50 55 62 67 / 52 55 -62 -67 / 53 60 67 / 58 62 -53 -67 / 48 60 63 68 / 50 58 65 -68 / 51 67 -58 -65 / 60 -51 -67 / 55 62 65 70 / 50 -62 -65 -70 / 51 58 63 67 / 60 -51 -63 -67 / 56 60 65 -51 / 50 -56 -60 -65 / 58 65 70 -50 / 48 60 68 -65 <END> 
<S> 51 60 67 -63 / 48 -63 -67 / 43 55 -63 -67 / 62 65 -55 -60 / 60 -55 -60 -63 / 55 58 62 / 53 -55 -58 -62 / 55 59 62 -55 / 53 -43 -59 -62 / 48 51 55 60 / 46 55 62 67 / 44 56 60 65 / 47 55 62 67 <END> 
<S> 48 55 62 -48 / 47 -55 -62 / 48 51 55 63 / 58 -48 -55 -63 / 44 53 60 65 / 41 55 60 63 / 46 -55 -60 -63 / 44 53 62 -60 / 46 -53 -56 -60 / 44 -53 -56 -60 / 47 50 55 67 / 65 -47 -50 -55 / 48 51 55 63 / 46 62 -55 -63 / 44 56 60 65 / 58 -44 -60 -65 <END> 
<S> 43 51 55 63 / 44 -51 -55 -63 / 44 -55 -63 -63 / 44 56 60 -63 / 46 58 62 65 / 48 60 63 67 / 58 -48 -63 -67 / 53 56 65 / 72 -53 -56 -65 / 55 58 62 70 / 53 60 62 68 / 55 58 63 67 / 56 60 63 72 / 55 58 -63 -72 / 54 57 63 72 / 62 -54 -57 -72 <END> 
<S> 53 55 62 70 / 51 55 -62 -70 / 53 56 60 65 / 59 62 -53 -56 / 55 60 62 / 53 56 59 62 / 55 -53 -59 -62 / 51 60 -55 -59 / 53 57 60 -60 / 59 -53 -53 -60 / 55 59 62 -53 / 54 -53 -55 -62 / 43 55 60 63 / 53 62 -43 -60 / 59 -43 -53 -62 <END> 
<S> 53 57 62 65 / 59 -53 -65 -62 / 60 57 62 / 53 55 59 62 / 52 55 60 67 / 58 -52 -55 -67 / 43 53 60 65 / 41 62 -53 -65 / 43 55 63 70 / 41 62 -63 -70 / 39 55 63 70 / 61 -55 -67 -70 / 53 60 68 -67 / 65 -53 -60 -68 / 48 58 65 67 <END> 
<S> 55 58 63 70 / 53 -58 -63 -70 / 51 55 63 70 / 61 -51 -55 -70 / 53 56 60 68 / 55 58 70 -68 / 56 60 72 / 51 58 70 74 / 56 67 72 / 77 -56 -65 -72 / 47 63 67 79 / 65 77 -51 -79 / 50 67 72 -79 / 48 70 77 75 / 50 65 70 -77 / 51 63 70 79 / 62 -51 -70 -79 <END> 
<S> 55 67 70 75 / 56 65 72 -75 / 55 63 70 -75 / 56 65 68 -75 / 58 67 75 / 55 68 74 / 51 58 67 75 / 56 60 72 75 / 55 70 -60 -75 / 53 68 74 -60 / 55 59 67 -74 / 55 -55 -67 -74 / 72 -55 -67 -74 / 62 67 71 -55 / 43 62 67 70 / 53 -43 -62 -70 <END> 
<S> 53 68 74 -60 / 55 59 67 -74 / 56 60 65 -74 / 59 62 67 74 / 55 59 -67 -74 / 54 57 62 72 / 63 -53 -57 -72 / 55 62 67 70 / 60 -55 -67 -70 / 53 59 67 74 / 51 72 -67 -74 / 50 65 74 -72 / 71 -50 -65 -74 / 48 63 72 75 / 60 -63 -72 -75 <END> 
<S> 55 62 67 70 / 53 63 68 72 / 51 -63 -68 -72 / 50 67 70 77 / 65 68 -50 -77 / 51 67 70 -65 / 63 -51 -70 -79 / 53 68 72 74 / 55 67 71 -74 / 65 -55 -71 -74 / 48 63 67 72 / 52 -67 -72 <END> 
<S> 53 68 72 74 / 55 62 71 -74 / 67 -55 -71 -74 / 65 -55 -71 -74 / 48 63 67 72 / 62 71 79 -67 / 60 67 75 75 / 74 -60 -67 -75 / 56 60 75 75 / 55 -60 -75 -75 / 53 68 77 77 / 74 -53 -68 -77 / 70 73 -53 -69 / 50 62 70 77 / 67 75 -62 -70 <END> 
<S> 60 67 75 / 58 74 -67 -75 / 56 68 72 75 / 55 -68 -72 -75 / 53 70 70 77 / 68 -53 -70 -77 / 51 70 79 -68 / 52 -69 -70 -79 / 70 -52 -70 -79 / 53 60 68 77 / 65 -53 -60 -77 / 55 58 67 75 / 63 -55 -58 -75 <END> 
<S> 46 58 65 74 / 60 75 -58 -65 / 58 62 77 -65 / 67 -58 -62 -77 / 60 63 67 75 / 55 62 70 77 / 56 60 68 72 / 55 70 -60 -68 / 53 60 68 -67 / 65 -53 -60 -68 / 48 60 65 67 / 58 -48 -65 -67 / 53 56 65 / 60 -53 -56 -65 <END> 
<S> 60 68 -65 / 56 65 -60 -68 / 55 60 67 75 / 53 -60 -67 -75 / 55 59 67 74 / 65 -55 -59 -74 / 48 60 63 72 / 55 67 70 75 / 58 65 70 74 / 56 -65 -70 -74 / 55 67 70 74 / 53 -67 -70 -74 <END> 
<S> 48 63 67 72 / 50 58 65 74 / 51 58 63 67 / 53 60 63 68 / 50 58 65 -68 / 51 58 63 67 / 62 -51 -55 -67 / 44 60 63 65 / 59 62 -44 -65 / 60 63 -44 -60 / 56 62 -60 -63 / 55 -56 -60 -64 <END> 
<S> 56 60 63 72 / 55 58 -63 -72 / 56 60 65 72 / 63 67 -56 -72 / 53 68 74 -72 / 55 -68 -68 -74 / 56 63 -68 -74 / 55 72 -63 -70 / 53 68 74 -72 / 55 67 71 -74 / 65 -55 -71 -74 / 48 63 67 72 / 46 62 70 77 <END> 
<S> 53 68 72 74 / 55 -67 -72 -74 / 65 -55 -72 -74 / 56 63 72 -68 / 55 -63 -68 -72 / 53 68 72 61 / 44 -53 -68 -72 / 46 65 70 74 / 41 -65 -70 -74 / 46 65 70 74 / 63 -46 -70 -70 / 50 65 69 -70 / 46 62 70 77 / 48 -62 -70 -77 <END> 
<S> 46 58 65 74 / 62 67 -58 -74 / 60 63 69 57 / 62 65 71 -81 / 63 67 72 79 / 60 67 72 75 / 59 67 74 79 / 60 67 72 75 / 55 -67 -72 -75 / 54 62 74 50 / 72 -54 -62 -69 <END> 
<S> 59 68 74 77 / 60 67 72 76 / 55 69 72 74 / 71 -55 -74 -76 / 56 64 71 76 / 62 77 -56 -71 / 57 60 69 77 / 59 62 -69 -77 / 60 64 67 76 / 53 65 69 -76 / 65 67 71 74 / 64 -67 -71 -74 / 62 67 72 76 / 60 -67 -72 -76 <END> 
<S> 57 60 69 77 / 59 62 -69 -77 / 60 64 67 76 / 53 65 69 -76 / 55 67 71 74 / 55 67 71 74 / 60 67 72 76 / 59 -67 -72 -76 / 57 69 72 77 / 59 67 74 79 / 77 -59 -67 -74 / 60 76 -67 -74 / 69 72 -60 -76 / 70 -60 -72 -76 / 53 69 72 74 / 55 67 71 74 / 65 -55 -71 -74 <END> 
<S> 60 67 72 76 / 48 -60 -72 -76 / 70 -48 -60 -76 / 50 60 66 77 / 52 59 67 79 / 53 -59 -67 -79 / 52 60 67 79 / 53 -60 -67 -79 / 55 64 74 -67 / 72 -55 -64 -67 / 55 59 67 74 / 64 72 -55 -67 / 65 -55 -67 -72 / 43 67 71 74 / 48 72 -67 -74 / 53 65 74 -72 / 64 -53 -60 -74 / 55 59 74 79 <END> 
