<S> 48 64 67 72 / 50 -64 -67 -72 / 52 64 67 72 / 53 -64 -67 -72 / 55 62 67 71 / 48 64 67 72 / 69 -48 -64 -72 / 55 67 71 74 / 57 64 69 72 / 65 -57 -69 -72 / 59 64 67 74 / 62 -59 -67 -74 <END> 
<S> 57 64 69 72 / 65 -57 -69 -72 / 64 67 72 / 62 71 -67 / 60 64 69 -67 / 62 66 69 / 60 64 -66 -69 / 67 71 -60 -64 / 57 64 69 72 / 62 71 -57 -72 / 60 64 69 76 / 59 -64 -69 -76 / 64 68 76 / 57 -64 -69 -76 <END> 
<S> 57 64 69 72 / 69 -57 -64 -72 / 59 62 67 74 / 60 66 -62 -74 / 59 62 67 79 / 69 -59 -62 -79 / 57 64 72 79 / 55 -64 -72 -79 / 54 62 69 72 / 60 -54 -69 -72 / 55 62 67 71 / 48 60 64 67 <END> 
<S> 57 64 69 72 / 59 62 74 -69 / 60 62 67 76 / 60 -60 -67 -76 / 55 59 67 74 / 55 67 74 / 65 -55 -67 -74 / 60 64 67 72 / 62 65 -64 -72 / 64 79 -65 -72 / 59 62 67 77 / 60 67 76 / 53 60 69 74 <END> 
<S> 60 64 67 76 / 62 65 77 -60 / 59 79 -62 -65 / 57 60 64 72 / 55 -60 -64 -72 / 53 69 72 -60 / 59 -53 -69 -72 / 48 60 67 76 / 72 -48 -60 -76 / 55 59 74 -72 / 52 60 64 79 / 59 -52 -52 -79 -79 / 57 64 72 77 / 62 65 71 -77 / 60 64 72 76 / 62 -60 -72 -76 <END> 
<S> 55 59 67 74 / 60 64 76 -55 / 57 60 64 -76 / 65 69 -57 -60 / 59 67 68 74 / 57 -59 -67 -74 / 59 67 76 / 52 60 -67 -76 / 54 69 74 -60 / 59 50 -69 -74 / 52 59 71 76 / 56 64 71 -76 / 57 64 69 72 / 55 62 67 71 / 54 60 62 69 / 52 59 64 71 <END> 
<S> 57 64 72 / 55 59 -72 / 54 57 62 -72 / 52 55 64 71 / 50 62 65 69 / 64 -50 -62 -69 / 55 62 71 -69 / 67 -55 -62 -71 / 65 69 -55 -62 / 60 64 67 -55 / 58 62 -64 -67 / 57 60 64 69 / 55 -60 -64 -69 <END> 
<S> 50 62 65 69 / 60 64 67 / 58 62 -64 -67 / 57 60 64 72 / 55 59 65 -72 / 53 57 -65 -72 / 52 64 67 72 / 53 -64 -67 -72 / 55 62 67 71 / 76 -55 -62 -67 / 48 64 67 72 / 53 65 69 74 / 59 62 67 74 <END> 
<S> 53 62 69 74 / 72 -53 -62 -69 / 55 62 70 74 / 64 -55 -71 -74 / 65 71 -55 -74 / 48 64 67 72 / 60 67 72 76 / 59 -67 -72 -76 / 57 69 72 77 / 50 -69 -72 -77 / 52 70 76 79 / 53 -70 52 -79 / 50 77 81 -67 / 48 76 -74 -81 <END> 
<S> 60 67 76 / 59 -60 -67 -76 / 57 60 69 77 / 55 62 71 79 / 57 60 69 77 / 59 62 -69 -77 / 60 64 67 76 / 60 -60 -67 -76 / 53 60 69 74 / 55 59 67 -74 / 57 60 65 72 / 62 -57 -65 -72 / 58 64 67 / 62 74 -58 -67 / 53 69 74 -74 / 55 67 72 76 / 57 69 -72 -76 / 55 74 -69 -72 / 53 69 72 -55 <END> 
<S> 57 60 69 76 / 55 -60 -69 -76 / 53 60 70 79 / 52 -60 -70 -79 / 53 60 69 81 / 55 71 -60 -81 / 57 60 72 76 / 77 -57 -60 -72 / 52 60 67 79 / 53 69 -60 -79 / 55 67 71 74 / 52 67 71 76 <END> 
<S> 50 60 65 77 / 59 -50 -60 -77 / 52 60 76 -69 / 53 74 -60 -69 / 55 59 67 74 / 59 68 -55 -74 / 60 64 67 72 / 57 69 -63 -72 / 62 65 69 71 / 50 -65 -65 -74 / 52 67 72 -65 / 53 60 -67 -72 / 55 62 67 71 / 43 62 67 71 / 48 64 67 71 <END> 
<S> 55 64 69 72 / 54 62 -69 -72 / 55 62 67 71 / 59 64 67 69 / 57 -64 -67 -72 / 59 62 67 74 / 60 64 76 -67 / 59 62 68 77 / 57 60 69 -77 / 55 59 71 76 / 74 -55 -59 -76 / 57 60 64 72 / 62 -57 -72 -72 <END> 
<S> 59 62 67 79 / 60 69 -67 -79 / 62 71 79 / 69 72 -62 / 59 62 71 79 / 60 64 72 79 / 58 -64 -72 -79 / 57 64 72 81 / 55 65 -72 -81 / 53 67 72 79 / 60 -67 -72 -79 / 59 67 74 79 / 77 -59 -67 -74 <END> 
<S> 53 65 72 81 / 64 -53 -72 -81 / 58 62 70 79 / 57 60 69 77 / 59 62 67 77 / 60 67 76 / 55 59 67 74 / 0 / 53 57 62 72 / 50 74 77 -57 <END> 
<S> 57 60 69 77 / 59 62 -69 -77 / 60 64 67 76 / 53 65 69 -76 / 65 67 71 74 / 64 -67 -71 -74 / 62 67 72 76 / 60 -67 -72 -76 / 67 72 74 / 55 71 -67 -74 65 65 -55 -71 -74 <END> 
<S> 60 67 76 / 64 -60 -67 -76 / 56 62 72 77 / 60 76 -57 -72 / 55 67 71 74 / 55 67 74 / 65 -55 -67 -74 / 60 64 67 76 / 65 69 -60 -76 / 59 67 74 -67 / 60 76 -67 -74 / 65 69 72 -60 / 74 77 -69 -81 / 67 71 76 79 / 60 67 72 -79 <END> 
<S> 60 64 67 -79 / 62 77 -67 -60 / 59 79 -62 -67 / 77 -59 -62 -67 / 52 60 67 79 / 53 60 69 77 / 55 76 -60 -69 / 59 62 74 -69 / 64 67 76 -74 / 65 72 77 / 57 64 72 79 / 55 -64 -72 -79 / 54 69 72 81 / 62 67 74 -53 / 69 76 -62 -74 / 61 64 69 72 <END> 
<S> 57 64 74 76 / 57 60 72 76 / 55 67 71 74 / 53 67 73 76 / 52 -67 -73 -76 / 50 69 74 77 / 52 67 72 76 / 53 69 74 -72 / 55 67 71 -74 / 65 -55 -71 -74 / 48 64 67 72 / 60 64 72 79 <END> 
<S> 50 69 72 77 / 71 -50 -65 -77 / 52 67 72 76 / 53 -67 -72 -76 / 55 67 71 74 / 52 67 71 76 / 57 65 69 77 / 59 62 -69 -77 / 60 64 67 76 / 65 69 -60 -76 / 59 67 74 76 / 76 -59 -67 -74 / 57 65 72 77 / 55 67 76 -72 <END> 
<S> 57 60 69 77 / 59 62 -69 -77 / 60 64 67 76 / 53 65 69 -76 / 65 67 71 74 / 64 -67 -71 -74 / 62 67 72 76 / 77 -60 -72 -67 / 53 69 72 79 / 55 62 -72 -79 / 57 60 69 77 / 59 67 74 -77 / 60 67 76 -74 / 72 -60 -67 -76 <END> 
<S> 59 67 72 79 / 60 -52 -72 -79 / 52 72 79 -67 / 76 -52 -67 -79 / 54 69 74 / 50 76 -69 -74 / 67 71 74 -50 / 52 -67 -74 -74 / 50 69 74 50 / 55 62 -74 -79 / 52 71 -62 -67 / 50 -62 -71 -71 / 52 60 72 -71 / 57 71 -64 -72 / 55 59 69 74 / 71 -55 -64 -74 / 52 64 72 -69 / 54 62 69 -72 <END> 
<S> 50 57 66 74 / 52 55 64 -74 / 54 72 -55 -64 / 55 62 71 / 53 59 -62 -71 / 52 52 60 67 / 48 -60 -67 / 50 57 67 69 / 55 62 -67 -69 / 64 -55 -69 / 54 62 69 74 / 55 59 67 -74 / 66 69 -55 -59 / 54 54 62 69 / 55 60 64 72 / 54 57 62 -72 / 55 62 71 -57 / 52 55 64 -71 / 50 55 62 69 / 71 -50 -55 -62 <END> 
<S> 52 55 64 71 / 62 -52 -55 -71 / 54 60 69 -64 / 55 59 62 67 / 52 59 64 67 / 50 57 65 74 / 59 -50 -65 -74 / 48 60 64 76 / 50 65 -60 -76 / 52 67 72 76 / 53 69 77 -72 / 67 74 -48 -72 / 48 67 72 76 / 55 71 -67 -76 / 57 64 71 72 / 59 -64 74 -72 <END> 
<S> 52 60 67 72 / 70 -52 -60 -67 / 53 60 69 72 / 65 -53 -60 -72 / 52 60 67 72 / 58 -52 -67 -72 / 53 57 69 72 / 47 62 67 77 / 48 60 67 76 / 55 60 67 74 / 61 -55 -67 -74 / 52 59 67 74 / 65 / -59 -74 64 <END> 
<S> 47 62 67 79 / 48 60 69 77 / 55 59 71 76 / 74 77 -55 -59 / 48 60 64 76 / 53 60 69 -76 / 55 67 71 74 / 72 76 -55 -67 / 74 -52 -67 -72 / 53 72 -67 -72 / 52 65 72 -72 / 67 -52 -72 <END> 
<S> 60 67 76 / 64 -60 -76 / 62 65 74 77 / 57 64 72 76 / 55 58 -72 -76 / 53 69 72 77 / 52 67 -72 -77 / 53 69 72 81 / 55 -69 -72 -81 / 57 60 72 76 / 77 -60 -72 -77 / 76 67 79 -53 / 52 -67 -76 -79 <END> 
<S> 58 64 70 79 / 57 72 77 -70 / 59 67 74 79 / 77 -67 -74 / 60 67 72 76 / 69 77 -57 -72 / 61 69 76 79 / 62 66 -76 -79 / 50 69 74 -81 / 55 67 74 83 / 60 72 76 -67 59 62 67 -76 <END> 
<S> 62 69 76 / 77 -62 -69 / 67 -62 -69 -77 / 50 69 -69 -77 / 67 70 76 -57 / 73 69 77 76 / 60 67 72 76 / 74 77 -67 -72 / 76 67 72 79 / 58 -67 -72 -76 / 56 65 72 76 / 55 74 -65 -72 / 57 72 76 -72 / 55 71 74 -64 / 65 72 -55 -74 <END> 
<S> 65 69 72 77 / 76 -65 -69 -72 / 58 70 74 77 / 57 65 70 76 / 55 65 -70 -76 / 53 69 74 / 58 62 67 76 / 77 -58 -62 -67 / 60 69 76 -58 / 62 78 -69 -46 / 67 71 79 64 / 65 74 -71 -79 / 56 64 72 81 <END> 
<S> 67 72 76 / 69 74 -67 / 64 67 70 76 / 65 -55 -70 -76 / 57 64 69 72 / 55 -64 -69 -72 / 53 65 69 74 / 59 -65 -69 -74 / 60 67 76 / 58 -60 -67 -76 / 57 60 66 77 / 55 67 76 -60 / 53 60 69 77 / 55 59 67 -74 / 53 60 69 -67 / 52 -60 -67 -69 <END> 
<S> 57 60 67 76 / 65 -57 -60 -72 / 55 59 67 74 / 53 -59 -67 -74 / 52 59 67 76 / 77 -55 -59 -67 / 48 60 67 76 / 53 60 69 77 / 76 -60 -69 -69 / 55 67 71 74 / 52 59 67 76 / 57 60 69 77 / 62 -57 -69 -77 <END> 
<S> 55 59 67 76 / 57 60 -67 -76 / 59 62 67 74 / 64 -59 -62 -74 / 57 60 69 72 / 66 -57 -60 -72 / 55 62 67 71 / 52 59 67 71 / 53 57 69 72 / 62 71 -53 -69 / 52 67 68 71 / 50 59 -67 -71 <END> 
<S> 52 60 67 72 / 64 -52 -67 -72 / 50 62 66 69 / 60 -50 -66 -69 / 55 59 62 67 / 52 59 71 79 / 60 67 72 76 / 59 -67 -72 -76 / 57 65 72 77 / 55 67 76 -72 / 53 69 72 74 / 55 67 71 -74 / 65 -55 -71 -74 <END> 
<S> 60 67 72 76 / 59 -67 -72 -76 / 57 69 72 77 / 59 62 74 79 / 60 64 76 / 65 -60 -60 59 / 60 67 72 76 / 76 -60 -67 -72 / 60 69 74 / 61 -60 -69 -74 / 62 69 77 / 55 64 -69 -77 / 53 65 70 -77 / 52 -65 -70 -77 <END> 
<S> 60 67 76 / 65 69 -60 -76 / 55 67 71 74 / 53 -67 -71 -74 / 52 67 72 76 / 50 -67 -72 -79 / 52 67 72 79 / 53 -67 -72 -79 / 55 67 71 74 / 53 -67 -71 -74 / 52 62 71 76 / 68 -52 -71 -76 / 57 64 73 72 / 69 -57 -64 -72 <END> 
<S> 53 60 69 72 / 52 62 67 71 / 50 -62 -67 -71 / 52 60 72 -67 / 65 -52 -60 -72 / 67 60 64 66 / 59 62 -67 -71 / 60 64 67 76 / 57 72 -67 -76 / 55 71 74 -60 / 59 67 74 -74 / 60 67 76 -74 / 72 -60 -67 -76 / 55 67 74 -72 / 71 -55 -67 -74 / 48 67 72 76 <END> 
<S> 60 64 67 76 / 59 62 -67 -76 / 57 60 65 77 / 55 62 67 76 / 53 60 69 77 / 76 -53 -60 -69 / 55 60 67 74 / 59 -55 -67 -74 / 55 67 74 / 65 -55 -67 -74 / 48 64 67 72 / 53 65 69 72 / 52 -65 -69 -72 <END> 
<S> 55 60 67 74 / 53 -60 -67 -74 / 55 59 67 74 / 65 -55 -59 -74 / 48 64 72 / 48 55 64 72 / 60 65 74 -48 / 47 -60 -65 -74 / 45 60 65 74 / 64 -60 -65 -74 / 57 60 65 72 / 62 -57 -72 -76 / 64 71 79 / 69 -64 -79 <END> 
<S> 49 64 65 69 / 48 -65 -68 47 55 67 70 -48 / 48 60 67 69 / 53 60 69 69 / 62 65 -53 -69 / 52 58 64 67 / 62 -52 -55 -67 / 45 53 60 65 / 47 55 62 -65 / 48 55 60 64 / 43 55 59 62 / 55 -43 -55 -62 / 53 -43 -43 -59 <END> 
<S> 50 62 65 69 / 60 -50 -65 -69 / 55 59 62 67 / 60 -55 -62 -67 / 43 62 65 -60 / 59 -43 -62 -65 / 48 60 64 67 / 55 59 62 -48 / 53 57 60 / 52 55 -60 / 53 57 60 / 55 59 -53 -60 / 52 55 60 -60 / 47 50 62 -55 <END> 
<S> 55 60 62 / 52 -55 -60 -62 / 43 53 59 -62 / 59 -43 -53 -59 / 52 -43 -59 / 50 -43 -59 -67 / 48 52 60 67 / 46 -52 -60 -67 / 44 53 60 65 / 43 55 -60 -65 / 41 57 60 -60 / 43 55 59 -60 / 42 57 60 -60 / 41 55 60 0 / 53 -43 -60 -62 / 59 -43 -53 -62 / 36 47 55 60 / 55 62 67 -43 / 53 -43 -62 -67 <END> 
<S> 44 56 60 62 / 41 -56 -60 -77 / 43 55 59 62 / 53 -43 -59 -62 / 36 52 55 60 / 45 52 60 72 / 54 -45 -60 -72 / 47 55 62 71 / 48 64 -55 -71 / 50 62 65 69 / 60 -50 -65 -69 / 52 59 64 67 / 62 -52 -59 -67 / 53 57 60 69 / 55 59 67 / 53 57 60 69 / 52 55 64 -60 / 50 57 -60 -64 <END> 
<S> 47 56 62 71 / 48 55 64 72 / 50 60 65 74 / 52 64 67 / 53 62 65 67 / 60 64 67 -53 / 62 65 -53 -67 / 64 -53 -60 -68 / 47 62 65 74 / 47 -62 -65 -74 / 48 55 64 72 / 47 62 -55 -72 / 45 60 64 72 / 54 -45 -64 -72 <END> 
<S> 53 60 67 69 / 55 -60 -67 -69 / 54 60 69 -55 / 55 59 62 67 / 48 60 64 67 / 50 -60 -64 -67 / 52 55 64 67 / 53 62 -52 -67 / 52 55 60 67 / 58 -52 -55 -67 / 53 57 60 65 / 62 -53 -57 -65 / 52 55 61 64 / 53 57 62 65 <END> 
<S> 53 60 69 / 52 55 -60 -69 / 50 53 59 67 / 48 52 60 67 / 47 -52 -67 / / 49 64 67 / 45 53 -64 -67 / 45 57 62 65 / 72 -57 -60 -64 / 55 59 62 / 53 55 -59 -62 / 52 55 60 64 / 50 -55 -60 -64 / 48 55 60 64 / 47 -55 -60 -64 <END> 
<S> 45 52 60 69 / 47 50 -60 -69 / 48 52 59 67 / 50 65 -52 -67 / 52 59 67 / 53 -59 -59 -67 / 52 60 67 -59 / 50 60 67 69 / 62 -50 -67 -69 / 48 64 67 69 / 50 62 66 71 / 55 59 62 67 / 52 60 67 72 / 54 69 -60 -72 <END> 
<S> 50 60 67 69 / 48 -50 -67 -69 / 50 62 66 -69 / 43 59 62 67 / 0 / 52 60 64 67 / 53 60 69 -64 / 62 -53 -60 -69 / 55 59 67 74 / 56 60 65 / 64 59 -56 -43 / 55 59 62 67 / 53 -59 -62 -67 <END> 
<S> 55 62 67 71 / 60 64 -67 -71 / 62 66 69 -60 / 59 -62 -66 -69 / 57 62 -66 -69 / 55 62 67 71 / 72 -55 -62 -67 / 50 62 69 74 / 71 -50 -62 -74 / 51 66 72 -71 / 55 67 71 74 / 64 -67 -71 -74 / 62 66 69 74 / 59 62 67 71 <END> 
<S> 55 62 67 71 / 57 66 -62 -71 / 55 59 62 67 / 52 59 67 / 65 -52 -59 -67 / 57 60 64 72 / 55 59 -64 -72 / 54 57 62 74 / 50 -57 -62 -74 / 55 64 72 / 54 62 62 71 <END> 
<S> 54 57 62 74 / 50 62 66 -74 / 52 67 72 / 54 62 69 -72 / 55 58 -69 -72 / 54 57 69 -72 / 55 62 67 71 / 48 64 67 69 / 50 62 66 -69 / 55 59 67 / 62 -55 -59 -67 <END> 
<S> 50 62 69 -67 / 66 -50 -62 -69 / 55 59 62 67 / 52 60 67 72 / 54 69 -60 -72 / 55 62 67 71 / 48 64 67 69 / 50 62 66 -69 / 60 -50 -66 -69 / 55 59 62 67 / 55 59 62 67 <END> 
<S> 48 64 67 69 / 47 62 67 -69 / 66 -47 -62 -69 / 48 59 64 67 / 52 60 67 76 / 53 60 69 77 / 55 59 67 74 / 56 60 65 -74 / 72 -55 -60 -64 / 55 59 62 74 / 53 -59 -62 -74 / 52 59 67 74 / 50 -59 -67 -74 <END> 
<S> 55 59 67 74 / 48 60 67 76 / 55 59 67 74 / 53 69 -67 -74 / 52 67 71 72 / 50 74 -67 -71 / 52 62 67 71 / 53 -62 -67 -71 / 52 64 67 72 / 50 -64 -67 -72 / 48 62 67 74 / 47 -62 -67 -74 / 45 60 72 76 / 55 -60 -72 -76 <END> 
<S> 55 67 69 72 / 50 66 69 74 / 55 62 67 70 / 62 66 -55 -70 / 55 62 67 71 / 53 -62 -67 -71 / 52 64 67 72 / 54 -64 -67 -72 / 55 62 67 71 / 53 59 -67 -71 / 52 60 67 72 / 50 65 69 74 / 71 -50 -65 -74 / 48 67 72 76 / -67 -72 -76 <END> 
<S> 55 62 69 / 60 64 -69 / 67 -48 -60 -64 / 50 65 69 74 / 59 -65 -74 -74 / 57 64 69 -74 / 67 -57 -64 -74 / 72 -57 -64 -67 / 50 65 69 74 / 55 62 71 77 / 53 -62 -71 -77 / 52 67 72 79 / 50 71 48 -79 / 52 72 79 -76 / 71 -52 -67 -79 <END> 
<S> 55 62 69 74 / 54 60 -69 -74 / 55 62 67 70 / 64 -55 -67 -70 / 65 66 69 -55 / 46 62 67 70 / 48 -62 -67 -70 / 50 62 69 69 / 66 -50 -62 -69 / 55 59 62 67 / 52 60 67 79 <END> 
<S> 50 62 65 69 / 51 62 -65 -69 / 52 60 64 -69 / 50 62 65 71 / 48 55 64 72 / 52 55 67 71 / 50 -55 -67 -71 / 52 67 72 / 50 -67 -72 / 48 65 74 -72 / 64 -48 -66 -72 / 55 62 69 74 / 71 -55 -62 -74 / 43 62 69 72 / 55 62 71 -43 <END> 
<S> 50 65 69 71 / 52 67 -57 -70 / 53 59 69 74 / 62 -53 -69 -74 / 52 59 68 76 / 57 60 -52 -71 / 59 62 69 74 / 67 -59 -62 -74 / 61 64 69 76 / 50 62 69 77 / 52 67 -62 -69 / 53 60 69 -67 / 52 65 -60 -69 / 64 -52 -60 -69 / 50 62 65 71 <END> 
<S> 62 67 69 / 62 66 -62 -69 / 55 59 62 67 / 52 60 67 72 / 57 60 65 69 / 55 -60 -65 -69 / 53 60 65 69 / 62 -53 -65 -69 / 55 58 64 67 / 62 -55 -58 -67 / 57 60 65 -55 / 53 58 62 -65 / 64 67 -53 -59 / 65 -40 -57 -60 / 55 60 64 -65 / 53 -60 -64 <END> 
<S> 55 58 65 70 / 64 -55 -58 -70 / 53 57 65 72 / 46 65 70 74 / 58 62 70 77 / 56 -62 -70 -77 / 55 63 70 79 / 61 -55 -70 -79 / 53 60 68 -70 / 0 / 46 55 68 74 / 51 75 -68 -74 / 50 70 -65 -74 / 51 63 -70 -70 / 69 -51 -63 -70 / 67 -51 -63 -70 / 67 -51 -63 -67 / 67 -51 -58 -67 / 48 60 65 68 / 64 67 -60 -48 / 55 65 -67 <END> 
<S> 51 67 72 -58 / 53 -51 -67 -72 / 48 48 67 72 / 68 -48 -53 -72 / 46 58 67 74 / 63 -46 -67 -74 / 66 72 -58 -67 / 43 62 67 71 / 55 62 67 71 / 53 -62 -67 -71 / 51 60 67 72 / 50 -60 -67 -72 / 48 65 67 74 / 47 -65 -67 -74 / 48 63 67 75 / 62 -48 -67 -75 / 56 60 72 77 / 55 70 -60 -77 <END> 
<S> 55 62 67 72 / 60 63 68 -72 / 62 65 -68 -72 / 60 63 67 75 / 62 -60 -67 -75 / 53 60 65 74 / 63 67 -53 -60 / 62 65 -53 -67 / 60 63 67 / 62 74 -60 -67 / 60 72 -67 / 55 59 67 74 / 53 -59 -67 -74 / 51 60 67 72 / 55 -51 -67 -72 / 54 57 62 74 / 59 62 67 -74 / 60 -62 -67 -74 <END> 
<S> 59 62 67 74 / 60 75 -67 / 62 65 71 74 / 48 63 72 75 / 53 65 74 -72 / 55 67 71 74 / 56 63 72 / 65 -56 -72 / 47 55 67 74 / 65 -47 -55 -74 / 48 63 67 72 / 50 65 65 74 / 71 -50 -65 -65 / 51 67 72 / 70 -51 -67 -72 <END> 
<S> 48 60 63 72 / 60 63 72 79 / 58 -63 -72 -79 / 56 63 72 77 / 58 62 70 77 / 68 -58 -62 -77 / 51 58 67 75 / 63 70 79 / 62 65 70 82 <END> 
<S> 63 68 72 77 / 62 67 70 -77 / 68 -62 -72 -77 / 58 67 75 77 / 60 -67 -75 -79 / 58 68 72 77 / 56 60 -72 -77 / 55 70 74 79 / 53 72 80 60 / 67 -53 -72 -81 / 55 62 71 79 / 63 -55 -71 -79 <END> 
