<S> 48 60 64 72 / 50 65 -60 -72 / 52 60 67 72 / 53 60 69 74 / 55 59 67 74 / 48 60 67 76 / 50 -60 -67 -76 / 52 -60 -67 -76 / 53 -60 -67 -76 / 55 59 67 74 / 43 59 67 74 <END> 
<S> 55 59 67 74 / 56 64 71 76 / 57 64 69 72 / 59 62 67 74 / 60 67 76 / 77 -60 -67 -76 / 55 60 67 74 / 53 59 74 -74 / 52 60 67 76 / 57 64 72 -76 / 55 65 -72 -76 / 53 69 72 74 / 52 67 -72 -74 / 55 67 71 76 <END> 
<S> 57 64 72 / 59 62 74 -72 / 60 64 76 / 62 77 -60 -72 / 61 64 69 79 / 62 65 77 -72 / 58 -62 -70 -77 / 57 64 72 76 / 55 71 -64 -72 / 53 65 69 74 / 52 59 64 -69 / 62 -59 -69 / 60 64 67 / 58 -64 -67 -76 <END> 
<S> 54 57 69 74 / 72 -54 -57 -69 / 55 62 71 -69 / 52 55 64 71 / 60 64 -55 -71 / 54 62 69 / / 59 62 -69 / 57 60 64 -69 / 66 -57 -60 -69 / 55 62 67 70 / 53 -62 -67 -70 / 52 60 67 72 / 53 -60 -67 -72 / 52 60 67 74 / 50 57 65 -74 <END> 
<S> 55 62 69 71 / 53 -62 -69 -71 / 52 60 67 -69 / 50 59 65 -67 / 48 60 67 76 / 50 77 -60 -67 / 52 60 67 76 / 53 -60 -67 -76 / 55 59 67 74 / 65 -55 -59 -74 / 57 60 64 72 / 55 -60 -64 -72 / 53 69 -60 -72 / 52 59 67 -72 / 50 57 -67 -72 / 52 65 72 / 47 50 -65 -72 <END> 
<S> 60 64 67 / 65 -60 -64 / 52 60 67 -65 / 58 -52 -65 -67 / 53 57 60 69 / 55 62 67 71 / 53 -62 -67 -71 / 52 60 67 72 / 57 74 -60 -67 / 59 76 -53 -67 / 52 60 67 72 / 58 62 65 74 / 57 60 64 72 / 65 -57 -60 -72 / 60 64 67 76 / 58 -64 -67 -76 <END> 
<S> 52 60 67 72 / 59 62 67 74 / 57 60 69 77 / 59 62 -69 -77 / 60 64 67 76 / 62 -60 -67 -76 / 53 60 69 74 / 76 -53 -60 -69 / 77 -53 -60 -69 / 55 60 67 76 / 43 59 -60 -67 / 45 72 -55 -60 / 47 62 67 74 / 48 64 67 72 / 55 62 67 72 / 60 -55 -67 -72 <END> 
<S> 55 60 67 74 / 59 -55 -67 -74 / 48 64 67 72 / 48 64 67 72 / 55 59 67 74 / 53 61 67 76 / 52 -61 -67 -76 / 50 62 65 77 / 67 -50 -62 -77 / 55 61 69 76 / 57 -61 -69 -76 <END> 
<S> 50 65 77 / 70 -50 -65 -77 / 52 64 72 79 / 70 -52 -64 -79 / 53 57 72 77 / 58 62 74 -77 / 60 67 76 -74 / 53 69 72 77 / 55 67 71 74 / 65 69 -55 -74 <END> 
<S> 50 65 69 77 / 71 -50 -65 -77 / 52 67 72 76 / 53 -67 -72 -76 / 55 67 71 74 / 55 67 71 74 / 65 -55 -71 -74 / 57 64 67 72 / 62 65 -57 -72 <END> 
<S> 55 64 67 72 / 62 65 -55 -72 / 60 64 67 76 / 59 62 -67 -76 / 57 60 69 77 / 55 62 71 79 / 57 60 69 76 / 59 62 -69 -76 / 60 64 69 77 / 62 65 -69 -77 / 64 67 73 76 / 60 -67 -76 -76 <END> 
<S> 57 60 69 77 / 59 62 -69 -77 / 60 64 67 76 / 53 65 69 -76 / 55 67 71 74 / 55 67 71 74 / 60 67 72 76 / 59 -67 -72 -76 / 57 69 72 77 / 59 67 74 79 / 77 -59 -67 -74 / 60 76 -67 -74 / 69 72 77 -60 / 59 -69 -72 -77 <END> 
<S> 60 67 72 76 / 59 -67 -72 -76 / 57 69 72 77 / 59 62 74 79 / 64 72 79 / 62 65 71 -79 / 77 -62 -65 -71 / 60 67 76 / 59 74 -67 -76 / 57 69 72 77 / 55 -69 -72 -77 / 53 -69 -72 -77 / 52 67 -70 -77 / 53 65 69 72 / 60 -53 -69 -72 <END> 
<S> 57 69 72 77 / 75 -57 -72 -77 / 53 69 72 77 / 55 67 72 76 / 65 74 -55 -72 / 64 69 72 -55 / 54 62 -69 -72 / 55 62 67 71 / 53 59 62 67 / 52 60 67 72 / 50 65 69 74 / 71 -50 -65 -74 / 48 67 72 76 / 60 74 77 -48 / 76 79 -48 -60 / 53 59 74 77 / 60 72 76 -53 <END> 
<S> 52 64 67 72 / 53 62 69 -72 / 52 64 67 71 / 50 65 -64 -67 / 48 62 67 / 47 -62 -67 -74 / 52 60 67 72 / 50 59 65 74 / 48 60 67 76 / 52 60 67 76 / 53 69 74 -60 / 55 59 67 -74 / 74 -55 -59 -67 / 48 64 67 72 <END> 
<S> <END> 
<S> 70 75 / 62 65 70 77 <END> 
<S> 34 79 -62 -65 / 60 64 72 79 / 58 -64 -72 -79 <END> 
<S> 60 67 76 / 58 -60 -67 -76 / 57 60 72 77 / 55 -60 -72 -77 <END> 
<S> 49 64 67 79 / 50 65 -67 -79 / 52 67 72 79 / 53 -67 -72 -79 / 55 67 71 74 / 60 67 76 / 53 57 69 72 / 64 -53 -69 -72 / 62 65 72 / 60 69 -65 -72 / 59 65 74 -77 <END> 
<S> 57 64 69 72 / 55 67 71 -64 / 54 60 69 74 / 50 -60 -69 -74 / 55 59 67 -74 / 72 -55 -60 -67 / 55 59 67 74 / 53 -59 -67 -74 / 52 60 67 76 / 48 -60 -67 -76 / 76 -48 -60 -67 / 47 59 67 74 / 49 64 67 69 <END> 
<S> 55 59 67 74 / 60 67 76 / 59 -60 -67 -76 / 57 60 66 72 / 55 67 71 / 53 -66 -67 -71 / 52 64 67 72 / 62 -52 -67 -72 / 48 60 67 76 / 72 -48 -67 -76 / 55 67 74 -72 / 71 -55 -67 -74 / 0 / 47 68 74 77 <END> 
<S> 53 65 69 74 / 62 64 -53 -74 / 55 62 69 -74 / 67 -55 -62 -74 / 50 58 64 67 / 64 -50 -58 -67 / 55 62 69 / 71 -55 -62 -77 / 52 55 72 76 / 57 -55 -72 -76 / 55 67 71 74 / 50 -67 -71 -74 / 51 66 72 / 62 71 -50 -55 <END> 
<S> 52 60 67 72 / 50 65 69 74 / 71 -50 -65 -74 / 48 67 72 76 / 50 77 -72 -76 / 52 67 72 79 / 53 74 81 -67 / 55 76 -74 -81 / 57 69 73 -76 / 50 65 71 74 <END> 
<S> 58 65 74 / 57 67 -46 -74 / 55 -58 -67 -74 / 57 70 -67 -76 / 65 -57 -70 -76 / 56 64 71 76 / 55 -56 -64 -71 / 57 64 72 / 55 65 71 74 / 53 69 73 76 / 52 67 72 76 / 53 -67 -72 -76 / 55 67 71 74 <END> 
<S> 57 60 69 76 / 59 64 68 -76 / 57 64 72 76 / 59 65 74 79 / 67 -59 -74 -79 / 60 64 72 79 / 62 65 74 81 / 64 70 79 / 62 65 74 81 / 57 62 73 76 / 65 69 72 77 <END> 
<S> 64 67 79 84 / -64 -67 -79 -79 / 60 69 76 84 / 59 67 74 79 / 55 74 -67 -79 / 60 67 76 79 / 64 -67 -76 -79 / 59 67 74 79 / 77 -59 -67 -74 / 60 67 76 -62 / 72 -60 -67 -76 / 55 67 74 -72 / 71 -55 -67 -74 / 66 69 -55 -74 / 64 67 71 -55 / 62 66 69 74 <END> 
<S> 59 67 74 79 / 60 -67 -74 -79 / 55 67 71 74 / 53 -67 -71 -74 / 52 67 71 79 / 65 -52 -71 -79 / 52 64 72 79 / 50 -64 -72 -79 / 48 64 72 79 / 49 -64 -72 -79 / 52 64 72 79 / 55 -64 -72 -79 / 57 65 72 77 / 58 -65 -72 -77 / 60 67 72 79 / 70 -60 -67 -79 <END> 
<S> 53 60 69 72 / 57 74 -60 -69 / 55 59 67 -74 / 65 -55 -59 -74 / 48 64 67 72 / 55 67 71 74 / 71 -55 -67 -74 / 65 -55 -71 -74 / 56 66 72 -71 / 74 -56 -64 -71 / 57 60 69 76 / 55 59 71 -76 / 53 57 65 74 / 52 59 -65 -74 <END> 
<S> 55 62 71 74 / 56 64 71 76 / 62 -56 -71 -76 / 57 60 69 77 / 59 62 -69 -77 / 60 64 67 76 / 53 65 69 -76 / 67 71 74 -58 / 57 69 72 76 / 74 -57 -69 -72 / 47 62 67 79 / 65 -47 -67 -79 / 48 64 72 79 / 50 65 45 -79 <END> 
<S> 57 60 69 76 / 59 62 -69 -76 / 60 64 67 76 / 65 69 -60 -76 / 59 67 71 74 / 76 -59 -67 -71 / 57 65 72 77 / 55 67 76 -72 / 53 69 72 74 / 55 67 71 -74 / 65 -55 -71 -74 / 48 64 67 72 <END> 
<S> 57 69 72 77 / 59 67 74 -77 / 60 67 76 -74 / 72 -60 -67 -76 / 55 67 72 74 / 71 -55 -67 -74 / 0 / 47 67 74 79 / 48 67 76 -74 / 52 72 -67 -76 / 71 -52 -67 -76 / 57 64 72 76 / 55 65 -72 -76 / 67 -55 -72 -76 <END> 
<S> 67 76 -60 / 59 62 -67 -76 / 57 60 64 76 / 55 66 69 74 / 59 67 74 / 50 -59 -67 -74 / 52 60 67 76 / 53 -60 -67 -76 / 55 67 74 -60 / 59 -55 -67 -74 / 48 64 67 72 <END> 
<S> 60 67 76 / 59 -60 -67 -76 / 57 60 65 77 / 55 67 76 -60 / 53 60 69 74 / 55 59 67 -74 / 74 -55 -59 -67 / 48 64 72 76 / 55 67 71 74 / 55 -67 -71 -74 / 60 67 72 76 / 69 -60 -67 -72 <END> 
<S> 48 60 67 76 / 64 72 -60 -76 / 62 74 77 -72 / 76 -62 -69 -77 / 59 67 74 -50 / 55 -67 -74 -74 / 71 -55 -67 -74 / 45 64 69 72 / 57 64 69 72 <END> 
<S> 55 67 74 -72 / 71 -55 -67 -74 / 69 -55 -67 -74 / 71 -55 -67 -74 / 51 67 72 76 / 57 65 72 -72 / 59 65 67 74 / 60 65 68 / 64 -60 -65 -69 / 55 65 70 74 / 53 -65 -70 -74 / 51 63 70 79 / 55 -51 -70 -79 / 53 60 -70 -79 <END> 
<S> 58 65 70 74 / 56 -65 -70 -74 / 55 67 70 75 / 53 -67 -70 -75 / 51 65 70 77 / 50 -65 -70 -77 / 51 63 70 79 / 53 -63 -70 -79 / 55 58 70 77 / 56 60 -70 -77 / 58 62 65 74 / 68 -58 -62 -74 / 60 63 67 75 / 58 65 70 74 / 56 -65 -70 -74 <END> 
<S> 56 60 68 77 / 53 -60 -68 -77 / 52 60 67 79 / 53 -60 -67 -79 / 55 60 67 74 / 59 -55 -67 -74 / 48 63 67 72 / 57 65 74 -48 / 58 63 67 70 / 69 -58 -63 -75 / 46 62 70 77 / 62 -46 -62 -70 / 51 58 63 67 / 57 60 -63 -67 <END> 
<S> 46 65 70 74 / 53 -65 -70 -74 / 55 67 70 75 / 63 72 -55 -75 / 56 74 77 -63 / 59 67 75 -56 / 60 -56 -68 / 55 58 67 75 / 56 65 -55 -75 / 55 58 67 75 / 53 68 77 -58 / 58 62 70 77 / 56 62 -70 -77 / 55 63 70 79 / 53 -63 -70 <END> 
<S> 53 65 68 74 / 63 72 -53 -68 / 55 62 67 71 / 59 68 62 67 / 60 63 69 / 58 62 67 70 / 69 -62 -66 50 62 66 69 -62 / 60 63 67 -69 / 58 62 -67 / 60 63 69 57 / 59 62 67 71 / 60 67 72 75 / 62 -67 -72 -75 <END> 
<S> 62 62 69 77 / 60 -62 -69 -77 / 58 62 67 77 / 60 -62 -67 -77 / 55 62 67 71 / 57 60 65 72 / 58 62 67 74 / 67 -58 -62 -74 / 53 -58 -62 -74 / 51 55 63 72 / 48 55 -63 -72 / 53 56 60 -72 / 58 65 -53 -72 / 48 60 67 -65 / 60 64 -48 -67 <END> 
<S> 55 58 67 75 / 57 60 -67 -75 / 58 62 65 74 / 63 67 -58 -74 / 54 63 69 72 / 62 -54 -69 -72 / 55 62 67 71 / 60 63 67 72 / 58 62 67 74 / 57 60 72 75 / 55 70 -60 -75 / 53 65 72 80 / 55 70 74 -80 / 56 68 -74 -77 / 58 70 75 79 / 55 -58 -70 -79 / 57 72 77 -63 / 59 62 74 -77 <END> 
<S> 60 63 67 75 / 62 -60 -67 -75 / 54 60 69 75 / 55 67 71 74 / 60 67 72 75 / 62 -67 -72 -75 / 63 67 70 75 / 65 72 -70 / 63 67 70 / 59 62 67 79 / 60 77 -67 / 58 62 67 79 / 60 63 -67 -79 <END> 
<S> 47 65 68 74 / 67 -46 -65 -74 / 63 67 72 / 60 -67 -72 -75 / 56 65 72 74 / 55 67 71 74 / 68 -55 -71 -74 / 53 63 68 72 / 51 -63 -72 / 55 62 71 <END> 
<S> <END> 
<S> 82 67 -51 -58 / 50 60 -67 -70 / 59 -50 -67 -70 / 51 60 67 72 / 53 69 -60 -72 <END> 
<S> 60 67 75 / 58 -60 -67 -75 / 57 60 65 75 / 55 67 -60 -75 / 53 60 65 68 / 50 59 -65 -68 <END> 
<S> 48 63 67 75 / 68 -48 -63 -75 / 50 65 70 74 / 68 -50 -65 -68 / 51 63 67 70 / 62 -51 -67 -70 / 53 60 68 72 / 55 67 70 -60 <END> 
<S> 46 65 70 74 / 53 -65 -70 -74 / 55 63 70 79 / 56 65 -70 -79 / 58 70 -65 74 / 56 63 68 72 / 51 58 65 67 / 63 -58 -58 -67 / 56 60 63 68 / 55 -60 -63 -68 / 53 56 65 68 / 58 -53 -65 -68 <END> 
<S> 60 63 67 / 58 -60 -67 / / 56 60 75 / 55 58 70 75 / 53 65 68 72 / 47 65 67 74 / 62 67 -65 -74 / 48 63 67 75 / 65 74 -48 -67 / 60 67 72 75 / 58 -67 -72 -75 / 56 68 72 75 / 55 74 -68 -75 / 53 70 70 77 / 52 -67 -70 -77 / 68 72 77 -51 / 67 70 75 -77 <END> 
<S> 48 67 72 75 / 60 -67 -72 -75 / 67 72 74 / 66 -67 -72 / 62 66 69 -72 / 62 63 -69 -72 / 62 71 -69 / 60 63 67 72 / 58 62 -67 -72 / 56 60 65 72 / 55 67 -60 -72 / 53 60 68 74 / 55 59 67 -74 / 65 -55 -67 -74 <END> 
<S> 56 60 65 72 / 55 67 -60 -72 / 53 65 68 72 / 63 -53 -68 -72 / 56 60 65 -68 / 63 -56 -60 -68 / 55 59 65 68 / 58 67 -52 -55 / 53 57 60 65 / 53 62 -57 -65 / 60 63 -53 -65 / 55 59 62 / 43 55 62 -59 <END> 
<S> 53 60 65 68 / 58 64 67 -53 / 57 60 65 -51 / 47 59 62 67 / 48 60 63 67 / 51 60 67 / 53 63 68 / 57 63 72 -48 / 65 68 74 -56 / 67 75 -53 -68 <END> 
<S> 48 60 63 68 / 51 58 63 67 / 56 63 72 / 58 62 65 74 / 56 60 -65 -74 / 55 59 67 75 / 53 -59 -67 -75 / 51 60 67 75 / 53 -60 -67 -75 / 55 59 67 74 / 65 -55 -59 -74 / 56 60 63 72 / 55 -60 -63 -72 <END> 
<S> 56 60 63 72 / 65 74 -56 -60 / 55 60 67 75 / 53 -60 -67 -75 / 55 60 67 74 / 59 -55 -67 -74 / 48 60 67 75 / 53 60 68 77 / 62 -53 -68 -77 / 60 63 67 75 / 69 74 -60 -63 / 55 67 71 74 <END> 
<S> 53 60 65 68 / 63 -53 -60 -68 / 55 59 62 67 / 55 59 62 67 / 48 63 67 70 / 62 65 -48 -67 / 60 63 67 -48 / 58 62 -48 -67 / 53 57 60 69 / 55 59 67 -53 / 60 -55 57 62 / 59 -48 -55 -64 / 54 57 60 62 / 56 59 62 -57 / 55 59 -62 -65 <END> 
<S> 51 60 67 72 / 55 -51 -67 -72 / 67 -55 -67 -72 / 65 -55 -67 -72 / 60 67 69 75 / 58 -67 -70 -75 / 56 65 72 77 / 55 70 75 -65 / 53 68 72 75 / 46 -68 -72 -75 / 58 65 70 74 / 56 65 72 <END> 
<S> 53 68 74 77 / 72 75 -53 -68 / 55 62 71 74 / 63 -55 -71 -74 / 65 -55 -71 -74 / 48 63 67 72 / 60 63 72 79 / 58 -63 -72 -79 / 56 64 72 79 / 55 -64 -72 -79 / 53 65 72 80 / 50 -65 -72 -80 / 51 58 79 79 / 77 -51 -70 -79 <END> 
<S> 60 63 72 80 / 62 65 70 77 / 63 79 -65 -70 / 58 63 70 77 / 68 -58 -63 -77 / 58 62 67 77 / 55 59 67 75 / 60 -55 -70 -75 / 74 -51 -60 -67 / 59 67 74 / 65 -59 -67 -74 <END> 
<S> 56 63 68 72 / 53 56 68 74 / 55 62 67 75 / 53 59 65 74 / 51 60 67 75 / 77 -60 -67 -75 / 53 60 68 74 / 55 59 67 -74 / 65 -55 -67 <END> 
<S> 56 60 63 72 / 65 74 -56 -60 / 55 60 67 75 / 53 -60 -67 -75 / 55 59 67 74 / 65 -55 -74 -74 / 56 60 63 72 / 55 62 -72 / 53 68 72 77 / 71 -53 -68 -77 / 51 67 72 75 / 53 -67 -72 -75 <END> 
<S> 60 63 67 72 / 58 62 -67 -72 / 56 60 65 72 / 55 67 -60 -72 / 53 65 68 72 / 74 -53 -65 -68 / 60 63 67 75 / 69 -60 -63 -75 / 58 61 70 -75 / 56 60 68 77 / 55 62 70 77 / 53 -62 -70 -77 <END> 
<S> 60 63 67 75 / 58 62 -67 -75 / 56 60 72 75 / 55 70 -60 -75 / 53 60 68 74 / 55 59 67 -74 / 56 60 65 72 / 65 -56 -60 -72 / 55 62 67 71 / 53 -62 -67 -71 / 51 60 67 72 / 48 -60 -67 -72 <END> 
<S> 56 60 63 72 / 55 -60 -63 -72 / 53 56 65 74 / 58 -53 -65 / 74 -58 -65 -74 / 56 67 72 76 / 74 -56 -67 -72 / 55 70 74 -67 / 53 68 -70 -74 / 51 67 72 75 / 50 65 72 77 / 70 -50 -65 -77 / 51 63 70 79 / 62 77 -70 -79 <END> 
<S> 48 63 72 79 / 47 55 -63 -72 / 48 63 72 79 / 60 -63 -72 -79 / 56 65 72 80 / 55 67 -72 -75 / 53 -55 -67 -75 / 51 60 67 79 / 72 -51 -60 -79 / 53 60 74 77 / 55 59 -74 -77 / 56 72 76 -62 / 55 71 74 -60 / 53 68 72 51 / 55 -68 -72 -75 / 56 60 72 77 / 55 67 -60 -72 <END> 
<S> 53 60 68 77 / 55 -60 -68 -77 / 56 60 -68 -77 / 59 68 -56 -77 / 60 67 -56 -77 / 55 62 67 79 / 53 -62 -67 -79 / 51 60 67 79 / 53 -60 -67 -79 / 55 59 74 79 / 56 60 -74 -79 / 55 62 74 77 / 53 -62 -74 -77 / 51 63 75 79 / 53 68 77 -60 / 55 67 75 -60 / 53 65 74 -79 / 55 63 67 75 / 65 68 -55 -75 <END> 
