<S> 52 55 60 67 / 57 -52 -60 -67 / 52 58 60 67 / 53 57 60 69 / 52 55 -60 -69 / 50 53 62 71 / 48 55 64 72 / 0 / 43 55 62 71 <END> 
<S> 48 55 64 72 / 48 55 64 72 / 41 62 65 69 / 60 64 67 -53 / 59 62 -56 -67 / 45 57 61 64 / 61 -45 -57 -61 / 47 56 62 / 55 -47 -62 / 45 48 60 64 / 47 -48 -57 -64 / 40 55 60 / -69 -40 -60 -55 <END> 
<S> 36 60 64 67 / 48 -60 -64 -67 / 50 57 64 67 / 55 62 69 -67 / 60 64 69 -55 / 62 -55 -64 / 48 55 64 -62 / 60 -48 -55 -64 / 41 57 60 62 / 50 55 59 -62 / 57 -41 -50 -62 / 43 55 59 -62 / 53 -43 -59 -62 <END> 
<S> 45 57 60 65 / 47 55 62 -65 / 48 55 64 / / 48 60 64 67 / 59 -48 -64 -67 / 50 57 66 -64 / 59 62 66 -57 / 60 -50 -57 -66 / 43 59 62 67 / 41 -59 -62 -67 / 45 60 64 72 / 54 -45 -60 -72 <END> 
<S> 47 55 62 67 / 45 -55 -62 -67 / 43 55 62 71 / 53 -43 62 -71 / 52 -43 -55 -71 / 48 52 60 67 / 69 -48 -60 / -75 -48 -60 / 47 65 68 -60 / 44 51 60 -68 / 41 56 60 65 / 39 55 60 67 <END> 
<S> 44 60 65 / 45 -60 -65 -65 / 46 62 -65 / 63 -46 -62 -65 / 47 56 62 65 / 55 -47 -62 -65 / 48 55 60 64 / 62 -48 -55 -60 / 43 55 59 62 / 55 59 -43 -59 / 53 -43 -59 -59 / 48 52 55 60 / 47 55 62 67 <END> 
<S> 48 55 60 63 / 41 56 60 62 / 41 57 60 65 / 63 -41 -57 -60 / 43 59 62 -55 / 53 -43 -59 -62 / 48 51 55 60 / 49 55 63 / 50 62 -55 / 48 55 60 63 / 53 58 -48 -67 / 41 56 60 65 / 74 -56 -60 -65 <END> 
<S> 48 51 55 60 / 53 62 -48 -55 / 55 60 63 -48 / 46 -55 -60 -63 / 44 48 60 65 / 43 -48 -60 -65 / 44 -48 -60 -63 / 47 62 67 -53 / 48 51 60 -67 / 50 53 59 -60 / 51 55 60 / 51 56 60 -60 / 59 65 -56 / <END> 
<S> 48 51 55 63 / 46 50 -55 -63 / 44 51 60 65 / 53 -44 -60 -65 / 46 58 62 67 / 56 65 -46 -62 / 39 55 58 63 / 51 55 58 67 / 50 55 63 70 / 48 -55 -63 <END> 
<S> 44 60 65 -63 / 46 58 62 -65 / 51 67 -46 -62 / 39 51 58 -67 / 48 55 60 63 / 46 -55 -60 -63 / 44 56 60 63 / 43 -56 -60 -63 / 41 56 62 65 / 60 -41 -56 -65 / 53 59 62 67 / 55 60 63 -67 / 58 62 65 / 56 60 64 <END> 
<S> 44 60 63 65 / 41 -60 -65 -68 / 46 58 62 -65 / 56 -46 -62 -65 / 39 55 58 63 / 51 55 58 67 / 50 53 63 69 / 48 51 -63 -69 / 50 53 62 70 / 60 69 -50 -53 / 51 55 58 67 <END> 
<S> 55 58 62 / 53 60 -58 -62 / 52 55 60 67 / 53 60 69 -67 / 55 59 67 / 53 65 69 / 51 63 67 70 / 65 -51 -63 -67 / 58 64 67 / 56 65 -51 -67 / 51 58 67 / 50 65 -58 -67 <END> 
<S> 51 58 67 / 65 -51 -58 -67 / 48 63 67 72 / 51 -63 -67 -72 / 53 62 68 72 / 50 -62 -68 -72 / 55 62 67 71 / 55 59 62 67 / 48 63 67 75 / 50 65 -67 -75 / 51 67 72 75 / 53 -67 -72 -75 / 55 67 71 74 / 60 67 72 75 <END> 
<S> 51 63 67 72 / 62 -51 -67 -72 / 60 63 69 -51 / 58 62 67 70 / 53 65 68 72 / 55 74 -65 -68 / 56 60 68 -74 / 55 59 65 68 / 60 64 67 / 58 60 67 75 / 56 60 65 77 <END> 
<S> 56 60 63 72 / 55 -60 -63 -72 / 53 65 68 72 / 63 -53 -68 -72 / 55 62 67 71 / 43 59 62 67 / 0 / 55 62 67 70 / 48 63 67 70 / 50 58 65 68 <END> 
<S> 55 62 67 70 / 68 -55 -62 -70 / 56 63 66 72 / 55 67 -63 -72 / 53 -63 -67 -70 / 48 60 63 -67 / 56 60 65 72 / 55 62 67 70 / 48 63 67 70 / 53 68 -63 <END> 
<S> 53 60 68 68 / 51 58 67 / 50 65 -58 / 63 67 72 -58 / 46 -55 -63 -72 / 44 53 62 70 / 68 -50 -53 -68 / 51 63 67 70 / 62 -51 -67 -70 / 56 60 63 72 / 55 58 -63 -72 <END> 
<S> 51 63 67 / 50 65 70 / 48 63 67 72 / 51 60 67 75 / 53 60 68 74 / 55 59 67 74 / 65 -55 -67 -74 / 48 63 67 72 / 60 63 72 79 / 58 65 72 80 <END> 
<S> 60 63 67 75 / 58 62 -67 -75 / 56 60 72 77 / 55 70 -60 -77 / 53 65 68 72 / 74 -53 -65 -68 / 48 63 67 75 / 69 -48 -63 -75 / 50 65 70 74 / 51 -65 -70 -74 / 53 65 70 -70 / 51 63 -70 -70 / 69 -51 -63 -70 / 50 62 70 74 / 51 58 70 75 <END> 
<S> 55 67 70 75 / 53 -67 -70 -75 / 51 65 70 77 / 50 -65 -70 -77 / 51 63 70 79 / 53 58 -70 -79 / 55 -58 -70 -79 / 48 77 -55 -70 / 50 56 65 74 / 51 55 70 75 / 56 -51 -70 -75 / 58 62 65 74 / 56 60 -65 -74 / 55 58 70 75 / 53 68 77 -58 <END> 
<S> 51 58 65 67 / 63 -51 -58 -67 / 46 62 65 77 / 67 75 -50 -65 / 55 67 70 75 / 53 65 70 74 / 51 67 70 75 / 50 -67 -70 -75 / 51 65 72 77 / 53 -65 -72 -77 / 52 67 70 79 / 77 -52 -62 -70 / 53 60 69 75 / 58 65 70 -50 / 56 65 72 / 60 74 -53 <END> 
<S> 51 67 70 72 / 50 65 70 -72 / 51 63 70 79 / 62 -51 -70 -79 / 53 60 68 77 / 55 59 67 -77 / 56 60 65 72 / 53 58 -65 -72 / 51 60 67 72 / 63 -60 -67 -72 <END> 
<S> 56 60 63 72 / 55 58 -63 -72 / 53 56 68 72 / 58 -53 -68 -72 / 60 67 -53 -72 / 48 67 72 75 / 50 -67 -72 -75 / 51 67 72 75 / 53 -67 -72 -75 / 55 67 71 74 / 53 -67 -74 51 <END> 
<S> 48 63 67 72 / 60 63 72 79 / 58 65 74 82 <END> 
<S> 60 63 67 75 / 58 62 -67 -75 / 56 60 72 77 / 55 75 -60 -72 <END> 
<S> 60 67 77 / 58 -60 -67 -77 <END> 
<S> 66 72 -57 -60 / 55 59 67 74 <END> 
<S> 50 62 65 77 / 60 62 -65 -77 / 58 61 67 76 / 57 60 65 -79 / 59 62 67 -77 / 60 -62 -67 <END> 
<S> 58 62 65 / 57 60 -62 -65 / 58 62 67 70 / 63 -58 -67 -70 / 53 60 68 -63 / 55 61 -60 -68 / 56 60 72 -55 / 53 56 65 -72 / 46 53 62 70 / 68 -46 -53 -62 / 48 60 64 67 / 58 -48 -64 -67 <END> 
<S> 53 56 65 68 / 51 63 67 / 58 62 65 56 / 56 60 63 72 / 55 62 68 77 / 53 68 -62 -77 / 51 60 67 79 / 50 77 -60 -67 / 51 60 67 75 / 58 -60 -67 -75 / 56 60 68 77 / 55 75 -60 -68 <END> 
<S> 60 68 75 / 55 59 67 74 / 56 60 67 75 / 55 62 68 77 / 53 -62 -68 -77 / 51 63 67 79 / 62 65 -67 -79 / 63 67 72 79 / 59 -67 -72 -79 / 60 67 72 75 / 65 -60 -72 -75 / 60 67 72 75 / 58 74 -67 -72 / 56 60 65 72 / 55 67 -60 -72 <END> 
<S> 60 67 72 75 / 62 -67 -72 -75 / 63 -56 -72 -75 / 56 74 77 -63 / 55 79 -68 -77 / 60 75 -55 -70 / 74 -60 -65 -75 / 59 67 74 79 / 55 71 -67 -79 / 60 67 72 75 / 62 -67 -72 -75 / 63 67 72 75 / 65 74 -56 -72 / 63 67 70 79 / 62 65 77 -70 / 60 63 75 79 / 58 -63 -75 -79 <END> 
<S> 60 67 75 -74 / 72 -60 -67 -75 / 55 67 74 -72 / 71 -55 -67 -74 / 60 67 72 75 / 58 -67 -72 -75 / 56 68 72 77 / 55 -68 -72 -77 / 53 67 72 75 / 53 -67 -72 -75 / 55 65 70 74 / 56 65 72 / 58 74 -56 -65 -72 <END> 
<S> 53 68 72 74 / 55 62 71 -74 / 56 60 72 / 63 74 -56 -60 55 59 67 75 / 65 68 -59 -75 / 60 63 67 75 / 62 -60 -67 -75 / 53 60 65 74 / 47 55 67 -74 / 65 -55 -59 -74 / 48 55 63 72 / 50 -55 -63 -72 <END> 
<S> 60 67 75 / 58 -60 -67 -75 / 56 60 72 77 / 55 75 -60 -72 / 53 68 74 -72 / 55 67 71 -74 / 65 -55 -71 -74 / 48 63 67 72 / 58 62 70 79 <END> 
<S> 50 74 -65 -68 / 51 63 67 / 55 62 -67 -72 / 60 -55 -67 -72 / 55 59 67 74 / 62 -55 -67 -74 / 60 67 72 75 / 58 -67 -72 -75 / 57 66 72 77 / 58 75 70 79 / 57 70 77 -75 / 58 65 68 74 <END> 
<S> 48 63 67 72 / 62 71 79 -67 / 60 67 75 / 69 -60 -75 / 58 62 70 77 / 56 -62 -70 -77 / 55 63 70 79 / 53 -63 -70 -79 / 51 63 70 79 / 55 -63 -70 -79 / 56 63 72 77 / 53 -63 -72 -77 <END> 
<S> 60 63 72 79 / 58 -63 -72 -79 / 56 63 72 77 / 58 -63 -72 -77 / 68 -58 -62 -77 / 60 67 75 / 55 59 67 74 / 55 58 70 74 <END> 
<S> 50 58 65 77 / 51 58 67 -77 / 53 -58 -67 -72 / 55 -58 -67 -72 / 57 65 72 -58 / 63 -57 -65 -72 / 60 63 67 / 58 65 -60 -67 / 58 64 67 / 53 60 65 68 / 59 -53 -65 -68 <END> 
<S> 56 60 63 72 / 55 -60 -63 -72 / 53 65 68 72 / 55 67 -65 -72 / 56 60 -67 -72 / 50 65 -60 -72 / 55 58 63 70 / 53 -55 -63 -70 / 51 63 68 72 / 67 -51 -63 -72 / 50 65 69 -72 / 71 -50 -65 -72 / 48 67 72 75 / 74 -48 -67 -72 <END> 
<S> 50 62 65 71 / 63 67 -50 -71 / 65 68 -50 -71 / 63 -43 -68 -71 / 74 -43 -65 -71 / 48 63 67 72 / 60 67 72 75 / 55 67 71 74 / 53 -67 -71 -74 / 51 67 72 75 / 53 -67 -72 -75 / 55 67 70 74 / 65 -55 -70 -74 <END> 
<S> 48 67 72 75 / 50 -67 -72 -75 / 51 67 72 79 / 53 -67 -72 -79 / 55 67 70 75 / 56 65 -70 -75 / 58 65 70 74 / 69 -58 -65 -74 / 51 67 72 75 / 70 -51 -67 -75 / 53 65 68 74 / 51 63 70 75 <END> 
<S> 53 68 74 -58 / 55 67 75 -74 / 56 65 72 77 / 59 74 -65 -77 / 60 63 72 79 / 62 77 -63 -72 / 60 63 72 79 / 58 63 -72 -79 / 56 63 72 77 / 58 62 70 77 / 68 -58 -62 -77 / 60 63 67 75 <END> 
<S> 53 65 68 77 / 63 -53 -68 -77 / 46 62 65 74 / 63 67 -46 -74 / 58 65 70 77 / 56 -65 -70 -77 / 55 70 75 -65 / 53 -70 -75 / 51 55 72 75 / 56 60 -72 -75 / 55 62 70 74 / 53 -62 -70 -74 / 51 63 70 79 / 65 -51 -70 -79 / 67 -51 -65 -70 <END> 
<S> 53 60 69 75 / 58 65 70 74 / 56 65 72 / 71 -56 -65 / 55 67 72 74 / 59 -67 -72 / / 60 67 72 75 / 55 -67 -72 -75 / 56 65 -72 -75 / 55 67 72 75 / 53 68 77 -72 / 50 65 71 -77 / 48 67 72 75 / 53 -67 -72 -75 / 55 67 71 74 / 51 70 -67 / 50 65 70 <END> 
<S> 56 72 74 -65 / 55 64 71 -74 / 62 72 -55 -70 / 60 63 67 72 / 58 62 -67 -72 / 56 60 65 72 / 55 67 -60 -72 / 53 60 68 74 / 55 59 67 74 / 56 60 65 -74 / 48 60 67 75 / 58 -48 -67 -75 <END> 
<S> 56 60 68 72 / 55 74 -60 -68 / 53 60 67 70 / 65 -53 -60 -68 / 51 58 63 67 / 56 68 -51 -63 / 50 58 65 -68 / 52 67 -65 / 48 60 65 -67 / 41 60 65 68 / 46 62 65 70 / 48 63 68 72 / 50 65 -68 -72 <END> 
<S> 44 60 65 -51 / 46 58 62 -65 / 56 -46 -62 -65 / 39 55 58 63 / 51 58 63 67 / 50 65 -58 -67 / 48 63 67 / 51 60 -67 / 53 60 68 74 / 55 59 67 74 / 65 -55 -67 -74 / 48 63 67 72 <END> 
<S> 53 60 65 69 / 51 -60 -65 -69 / 50 62 65 70 / 46 62 -65 -70 / 51 58 63 67 / 57 60 63 -51 / 46 -53 -60 -63 / 55 58 63 70 / 53 62 -58 -70 / 51 55 63 70 / 53 56 68 -63 / 58 62 -53 -68 / 60 63 67 / 46 58 62 65 / 56 -46 -62 -65 <END> 
<S> 51 58 63 67 / 55 -51 -63 -67 / 56 60 65 -51 / 55 58 63 70 / 53 56 65 -70 / 51 55 63 67 / 58 65 -55 -67 / 56 60 63 / 55 59 62 67 / 53 55 67 70 / 65 -55 -67 -70 / 56 60 65 72 / 62 74 -56 -60 / 55 58 67 75 / 53 68 -58 -75 <END> 
<S> 56 60 63 72 / 55 58 -63 -72 / 53 56 68 72 / 58 62 74 -53 / 60 67 76 / 53 56 65 72 / 74 -53 -65 / 55 58 63 75 / 74 -55 -63 -68 / 56 60 63 72 / 65 74 -56 -60 / 58 67 75 -55 / 53 68 74 -58 / 55 67 72 75 / 51 74 -67 -75 / 56 60 72 -51 / 55 58 74 -72 <END> 
<S> 58 62 65 74 / 67 -58 -74 -77 / 56 63 72 75 / 65 -56 -72 -75 / 58 67 70 77 / 65 68 -58 -77 / 63 67 70 75 / 65 69 72 / 63 67 70 / 62 65 70 / 60 63 -65 -70 / 59 62 67 79 / 51 -62 -67 -79 / 55 62 67 71 / 53 -62 -67 -71 <END> 
<S> 63 67 70 -51 / 50 65 -67 -70 / 48 63 67 72 / 65 74 -48 -48 / 60 67 72 -48 / 63 -60 -67 -72 / 62 65 70 77 / 63 -62 -70 -77 / 62 66 72 77 / 63 -62 -72 -77 / 58 -62 70 77 / 60 -58 -70 -77 / 59 62 67 79 / 55 -62 -67 -79 <END> 
<S> 58 62 70 74 / 56 -58 -62 -74 / 55 58 63 75 / 57 -55 -63 -75 / 58 62 65 74 / 67 -58 -62 -74 / 60 68 72 75 / 58 -68 -72 -75 / 56 60 72 77 / 55 70 -60 -77 / 53 65 68 72 / 74 -53 -68 -65 / 75 -53 -68 -68 / 55 67 71 74 / 55 67 71 75 / 65 -55 -71 -75 <END> 
<S> 56 68 72 77 / 53 -68 -72 -77 / 55 70 79 -65 / 53 -55 -70 -79 / 48 64 70 79 / 50 65 72 77 / 71 -50 -65 -77 / 48 67 72 75 / 50 65 72 77 / 71 -50 -65 -77 / 51 67 72 75 / 53 -67 -72 -75 / 55 67 71 74 / 65 -55 -71 -74 <END> 
<S> 50 65 77 -72 / 71 -50 -65 -77 / 51 67 72 75 / 53 -67 -72 -75 / 55 67 71 74 / 65 -55 -71 -74 / 56 63 72 / 62 -56 -72 / 55 63 67 70 / 53 56 65 68 / 51 58 67 70 / 56 60 68 72 <END> 
<S> 53 68 -65 74 / 55 63 70 -74 / 63 -55 -70 -74 / 65 -55 -70 -75 / 56 63 72 77 / 53 -63 -72 -77 / 58 62 74 77 / 51 67 70 75 / 65 70 74 <END> 
<S> 58 65 70 74 / 63 -58 -70 -74 / 62 66 -58 -70 / 67 -58 -62 -70 / 68 -58 -62 -72 / 51 63 67 72 / 60 -51 -67 / 48 60 65 68 / 58 -60 -65 -68 / 60 63 67 / 43 58 -63 -67 / 56 60 63 72 / 55 -60 -63 -72 <END> 
<S> 60 63 67 72 / 58 65 74 / 56 -58 -65 -74 / 55 58 67 75 / 53 68 77 -58 / 63 -53 -68 -77 / 50 62 70 -77 / 67 -50 -62 -77 / 51 58 67 79 / 53 -58 -70 -79 / 55 58 70 79 / 55 70 -70 -79 / 56 65 72 77 / 60 -56 -65 -77 / 58 70 75 77 / 56 65 -75 -79 <END> 
<S> 51 58 67 75 / 63 70 -58 -75 / 56 65 68 72 / 67 74 -56 -65 / 60 63 67 75 / 58 62 -67 -75 / 56 60 72 77 / 55 70 -60 -77 / 53 65 68 72 / 74 -53 -65 -68 / 77 -53 -65 -68 / 63 -53 -68 -74 / 55 59 67 74 / 65 -55 -59 -74 / 56 60 63 72 / 55 -60 -63 -72 <END> 
<S> 53 68 74 -60 / 72 -53 -60 -68 / 55 59 67 74 / 63 -55 -67 -74 / 65 -55 -60 -74 / 48 60 63 67 / 59 -60 -63 -67 / 53 60 68 77 / 55 -60 -68 -77 / 56 60 -68 -77 / 59 62 68 -77 / 60 67 75 / 58 77 -60 -67 / 56 60 65 77 / 55 -60 -65 -77 <END> 
<S> 56 60 63 72 / 55 58 -63 -72 / 53 56 68 74 / 51 58 67 75 / 65 68 74 -58 / 63 67 70 / 65 68 -46 -70 / 51 63 67 70 / 44 65 72 -70 / 68 74 -65 -68 / 67 70 75 -65 / 63 -51 -67 -70 <END> 
<S> 63 67 70 -58 / 61 -51 -67 -70 / 52 60 67 70 / 53 -60 -67 -70 / 52 60 67 72 / 58 -52 -67 -72 / 53 57 65 74 / 58 64 67 -74 / 62 -58 -67 -74 / 58 60 67 75 / 58 -67 -75 / 56 60 65 -75 / 55 -60 -65 -75 / 53 60 65 68 / 47 62 67 -65 <END> 
<S> 62 65 70 -51 / 50 65 -65 -70 / 51 58 67 75 / 70 -51 -67 -75 / 53 65 68 74 / 51 63 67 75 / 55 67 70 75 / 56 65 68 74 / 55 67 75 -65 / 53 60 65 77 / 55 67 70 75 / 56 65 68 77 <END> 
<S> 51 67 70 75 / 63 -67 -70 -75 / 65 68 77 -48 / 47 -65 -68 -77 / 48 67 75 -65 / 63 -48 -67 -75 / 53 65 68 74 / 55 62 70 -65 / 63 -55 -62 -70 / 65 -55 -62 -70 / 46 58 67 75 / 63 -58 -67 -75 / 62 65 77 -51 / 56 60 -77 -77 / 55 62 74 77 / 53 -62 -74 -77 <END> 
<S> 58 63 67 75 / 56 62 65 77 / 55 60 75 77 / 53 62 70 77 / 55 63 70 75 / 57 65 72 -75 / 58 67 74 77 / 58 70 74 77 / 56 72 -70 -77 / 55 70 75 79 / 53 72 -70 -79 / 51 68 72 79 / 50 70 77 <END> 
