<S> 48 60 64 67 / 50 65 -60 -67 / 52 60 67 / 48 -60 -67 / 53 60 67 69 / 52 -60 -67 -69 / 53 62 65 69 / 50 -62 -65 -69 / 55 62 65 71 / 53 62 -62 -71 / 52 55 67 71 / 50 65 -55 -71 / 48 55 64 72 <END> 
<S> 53 60 65 69 / 52 -60 -65 -69 / 50 58 65 69 / 48 64 -65 -69 / 50 59 65 68 / 52 60 64 67 / 53 60 65 -60 / 44 59 65 -60 / 57 -50 -59 -65 / 60 64 -57 -65 / 47 62 62 67 / 55 -47 -62 -67 / 52 55 60 72 / 54 62 -55 -72 <END> 
<S> 55 60 62 -65 / 64 -55 -60 / 59 62 65 -55 / 48 60 64 67 / 47 -60 -64 -67 / 45 60 65 69 / 47 -60 -65 -69 / 48 60 64 67 / 58 -48 -64 -67 / 49 57 65 / 53 59 64 67 / 45 60 65 74 / 43 59 64 67 / 42 57 62 65 / 38 64 -57 -62 <END> 
<S> 49 57 64 69 / 50 62 65 69 / 55 62 67 71 / 52 60 67 72 / 45 60 64 -72 / 65 -45 -60 -72 / 47 55 67 74 / 48 64 -55 -67 / 65 -48 -55 -64 / 55 59 -48 -64 / 36 55 60 64 / 48 -55 -60 -64 / 47 55 62 67 / 48 -55 -62 -67 / 50 55 62 69 / 62 -50 -55 -69 / 52 55 62 71 / 53 59 -55 -62 <END> 
<S> 48 55 64 -62 / 50 -55 -60 -64 / 55 59 62 / 53 52 55 59 / 48 52 60 67 / 45 72 -48 -60 / 47 55 62 71 / 48 64 -55 -71 / 50 55 62 69 / 71 -50 -55 -62 / 38 -55 62 69 / 71 -38 -62 -66 / 43 59 62 67 / 47 -62 -67 -71 / 48 69 -55 -62 / 50 54 -55 -62 / 52 55 60 64 / 50 54 57 62 / 60 -50 -54 -57 <END> 
<S> 47 55 62 71 / 48 64 -55 -71 / 50 54 62 69 / 60 -50 -54 -69 / 43 50 59 67 / 48 52 60 67 / 50 53 -60 -67 / 52 55 72 -60 / 53 59 62 67 / 52 60 60 67 / 59 62 -53 -67 <END> 
<S> 47 50 62 67 / 48 52 -67 / 47 50 65 67 / 49 64 -67 -67 / 50 62 65 -67 / 48 60 64 69 / 50 59 65 -69 / 52 60 64 67 / 58 -52 -64 -67 / 38 53 65 -64 / 62 -50 -53 -65 / 45 48 64 -62 / 43 58 62 -52 <END> 
<S> 50 57 65 -64 / 62 -50 -57 -65 / 45 57 61 64 / 41 57 60 65 / 41 55 60 67 / 48 55 60 64 / 41 53 60 69 / 62 -41 -53 -60 / 43 59 62 67 / 48 -59 -59 -67 / 50 57 64 67 / 52 -57 -64 -69 <END> 
<S> 48 55 60 64 / 49 52 -55 -60 / 45 52 60 67 / 43 -52 -60 -67 / 41 53 60 69 / 52 -53 -60 -69 / 50 53 62 71 / 50 -53 -62 -71 / 52 55 67 72 / 64 71 -55 -67 / 65 -55 -67 -71 / 48 64 67 69 / 50 62 66 -69 / 60 -50 -66 -69 / 55 59 62 67 <END> 
<S> 50 58 65 69 / 49 64 69 -55 / 50 54 62 -69 / 48 60 -54 -69 / 47 50 55 67 / 48 52 60 -67 / 50 62 66 -48 / 51 -50 -62 -66 / 53 62 69 -51 / 52 -53 -62 -69 / 50 54 69 -62 / 52 55 61 67 / 52 55 64 67 / 50 65 -55 -67 / 48 55 64 67 <END> 
<S> 50 53 57 69 / 55 59 -50 -65 / 48 57 60 64 / 55 59 62 / 53 55 60 64 / 52 -55 -60 -64 / 50 57 62 65 / 59 -50 -62 -65 / 57 60 64 / 55 59 62 / 53 53 -59 -62 / 52 55 59 60 / 50 57 60 62 / 66 -57 -60 -62 <END> 
<S> 53 57 62 -60 / 59 -53 -62 -62 / 57 60 -53 -62 / 50 -57 -60 -62 / 55 59 62 / 53 -55 -59 -62 / 52 55 60 / 53 59 -55 -60 / 48 55 60 64 / 47 -55 -60 -64 / 45 57 60 65 / 47 -57 -60 -65 / 41 50 62 -60 / 43 50 59 -62 / 48 52 55 60 / 47 50 62 67 / 45 -50 -62 -67 <END> 
<S> 55 58 62 -48 / 50 -55 -58 -62 / 43 55 58 64 / 53 57 62 65 / 47 55 62 67 / 48 57 64 72 / 50 53 -64 -72 / 52 55 64 71 / 54 -55 -64 -71 / 55 62 -40 71 / 50 -55 -71 -71 / 52 55 72 -71 / 50 -55 -67 -71 / 48 55 64 69 / 45 60 -55 -69 / 50 54 -55 -69 / 50 54 62 -69 / 48 -54 -54 -69 / 42 54 62 67 <END> 
<S> 55 62 69 / 52 -55 -62 / 50 54 69 -62 / 52 55 67 -62 / 50 54 -55 -67 / 48 52 55 67 / 72 -48 -51 -67 / 52 60 67 72 / 65 74 -60 -67 / 64 67 72 -53 / 59 -64 -67 -72 / 57 66 72 -72 / 64 -57 -72 -72 / 59 62 71 79 / 60 64 72 79 / 65 74 81 -60 / 64 76 -81 -81 / 62 77 79 <END> 
<S> 52 65 67 72 / 60 64 -52 -67 / 53 60 69 / 71 -53 -60 -69 / 52 60 67 72 / 55 64 74 -72 / 71 -55 -67 -74 / 48 64 67 72 / 60 64 67 72 / 55 -60 -67 -72 / 53 69 72 74 / 52 67 -72 -74 / 50 65 71 77 / 50 62 -71 -77 / 52 67 76 -62 / 60 -52 -67 -76 <END> 
<S> 48 64 67 72 / 53 65 74 -72 / 60 -53 -65 -74 / 55 62 67 71 / 43 59 62 67 / 48 55 64 72 / 50 57 65 72 / 58 -50 -65 -72 / 60 64 69 77 / 57 62 -69 -77 <END> 
<S> 48 55 64 72 / 43 55 62 71 / 48 55 64 72 / 50 62 65 71 / 52 55 64 72 / 53 57 -64 -72 / 55 59 62 74 / 60 64 -55 -74 / 59 62 -55 -67 <END> 
<S> 50 57 66 74 / 52 55 64 72 / 54 57 -64 -72 / 55 59 62 71 / 54 57 69 -71 / 52 55 64 71 / 62 -52 -55 -71 / 54 57 62 69 / 72 -54 -57 -62 / 55 62 71 / 54 64 -55 -71 / 56 55 64 -71 / 62 72 -55 -71 / 57 60 64 72 / 55 62 67 71 <END> 
<S> 54 62 69 / 62 -54 -62 -69 / 55 59 62 67 / 52 60 67 72 / 50 65 69 74 / 71 -50 -65 -74 / 48 67 72 76 / 52 -67 -72 -76 / 53 69 74 -72 / 50 65 -72 -74 / 55 62 71 -74 / 67 -55 -71 -74 / 65 -55 -71 -74 / 48 64 67 72 / 60 66 69 74 <END> 
<S> 53 69 72 74 / 50 -69 -72 -74 / 55 62 71 74 / 67 -55 -71 -74 / 48 67 72 76 / 53 69 72 / 71 74 -53 -69 / 60 67 76 -74 / 59 76 -67 -76 / 57 74 77 -76 / 74 -57 -60 -77 / 56 72 76 -77 / 74 -57 -72 -76 / 56 71 74 76 / 55 71 -76 -76 <END> 
<S> 59 67 74 79 / 77 -59 -67 -74 / 60 67 76 -74 / 72 -60 -67 -76 / 55 67 72 74 / 71 -55 -67 -74 / 48 67 72 76 / 57 65 72 77 / 59 62 67 79 / 60 64 67 76 / 65 -60 -67 -76 <END> 
<S> 59 67 74 / 57 65 72 -74 / 59 62 67 74 / 60 64 67 76 / 62 66 74 -60 / 59 -62 -66 -74 / 60 64 67 76 / 62 78 -67 -76 / 64 67 71 79 / 60 -64 -67 -79 <END> 
<S> 60 64 67 76 / 62 -60 -67 -76 / 59 60 67 74 / 59 69 76 -74 / 52 76 -59 -74 / 57 69 72 77 / 59 67 74 -77 / 60 76 -74 / 67 72 -60 -76 / 55 -67 -72 -76 / 57 69 72 77 / 59 74 -69 -77 / 60 67 72 76 / 70 -60 -67 -76 <END> 
<S> 59 67 74 / 60 67 72 76 / 58 -67 -72 -76 / 57 60 72 77 / 55 62 -60 -77 / 57 60 69 76 / 77 -60 -69 -72 / 59 67 74 79 / 77 -59 -67 -79 / 60 67 76 79 / 53 69 74 78 / 55 67 71 74 / 53 72 -67 -76 / 71 74 -53 -67 / 48 69 76 -74 / 50 65 71 -76 / 52 68 72 76 / 74 -52 -68 -76 <END> 
<S> 59 67 74 79 / 60 72 -67 -79 / 55 62 71 79 / 62 -55 -71 -79 / 60 64 69 72 / 62 65 -69 -72 / 67 64 71 / 53 65 72 81 / 64 -53 -72 -81 / 55 62 71 79 / 67 77 -55 / 60 67 72 76 <END> 
<S> 57 64 69 72 / 65 -57 -69 -72 / 64 67 71 79 / 62 66 81 -79 / 55 67 71 74 / 55 67 71 74 / 60 67 72 76 / 53 69 74 77 / 64 67 76 84 / 65 77 -76 -84 67 71 74 79 <END> 
<S> 57 64 72 / 55 67 71 74 / 53 67 70 -74 / 52 67 70 72 / 50 65 69 74 / 71 -50 -65 -74 / 48 67 72 76 / 52 -67 -72 -76 / 53 69 74 -72 / 50 65 -72 -74 / 55 62 71 -74 / 67 -55 -71 -74 / 65 -55 -71 -74 / 48 63 67 72 / 60 66 69 74 <END> 
<S> 53 69 72 74 / 50 -69 -72 -74 / 55 62 71 74 / 67 -55 -71 -74 / 48 63 67 72 / 60 66 69 74 / 59 67 74 / 55 72 -67 -74 / 57 67 72 76 / 65 -57 -72 -76 / 59 65 74 -72 / 64 -65 -72 -74 / 57 64 72 -71 / 62 65 74 <END> 
<S> 57 64 72 / 50 62 -72 / 77 -50 -65 / 60 67 -50 -76 / 69 74 -60 -67 / 59 67 71 79 / 60 67 72 76 / 53 -67 -72 -76 / 55 67 71 74 / 62 65 -55 -74 / 64 -55 -74 / 45 64 69 73 / 50 -69 -69 -72 / 50 62 71 -69 / 52 67 -62 -71 / 50 62 66 69 <END> 
<S> 55 67 72 74 / 71 -55 -67 -74 / 69 -55 -67 -74 / 71 -55 -67 -74 / 71 -55 -67 -74 / 52 67 72 76 / 57 -67 -72 -76 / 50 65 71 74 / 52 67 72 76 / 53 -67 -72 -76 / 55 67 72 -74 / 71 -55 -67 -74 / 65 -55 -71 -74 <END> 
<S> 50 65 69 77 / 71 -50 -65 -77 / 52 67 72 76 / 53 -67 -72 -76 / 55 67 74 -72 / 71 -55 -67 -74 / 0 / 56 64 71 76 <END> 
<S> 50 62 65 71 / 52 60 67 72 / 53 69 -60 -72 / 59 65 74 -53 / 60 -53 -65 -74 / 55 59 67 76 / 52 60 -67 -76 / 48 74 -60 -67 / 76 -48 -60 -67 / 43 59 67 74 / 65 -43 -59 -74 <END> 
<S> 47 62 67 -65 / 48 64 -67 -67 / 50 65 66 69 / 59 -50 -66 -69 / 43 59 62 67 / 48 55 60 64 / 53 60 69 / 52 55 60 67 / 50 57 60 65 / 53 59 -50 -65 / 48 55 60 64 <END> 
<S> 53 55 62 -60 / 59 -53 -55 -62 / 53 55 60 / 52 -53 -53 -60 / 48 52 60 67 / 58 -48 -52 -67 / 41 57 60 69 / 43 55 59 71 / 53 -43 -59 -71 / 48 52 55 60 / 48 52 60 67 / 55 -48 -60 -67 <END> 
<S> 48 55 60 64 / 50 -55 -60 -64 / 52 55 60 / 53 59 62 -55 / 45 55 60 64 / 65 67 -60 43 / 58 64 67 / 62 65 -41 -65 / 59 62 67 79 / 60 64 -67 -79 / 62 65 69 72 / 71 -62 -65 / 64 67 72 / 65 69 -72 / 64 67 71 74 / 62 66 -71 -74 <END> 
<S> 58 62 65 69 / 64 -58 -69 / 62 65 71 / 64 67 72 / 65 69 74 / 64 67 72 76 / 55 -67 -72 -76 / 57 65 72 -72 / 55 67 71 -72 / 53 -67 69 72 / 52 67 71 74 / 72 -52 -67 -71 / 52 67 72 / 53 69 74 -53 / 55 67 71 76 / 65 -55 -71 -76 <END> 
<S> 55 67 72 76 / 57 -67 -72 -76 / 55 70 74 -60 / 53 -43 -60 -74 / 59 -43 -53 -74 / 52 55 60 76 / 54 57 69 74 / 50 62 -69 -74 / 72 -57 -62 -69 / 55 62 71 -69 / 64 -55 -62 -71 / 50 62 66 69 / 51 60 66 71 / 52 59 64 67 / 62 -52 -67 -72 <END> 
<S> 55 62 67 71 / 50 69 -55 -67 / 66 -50 -50 -69 / 43 59 62 67 / 55 59 62 / 53 57 60 / 59 52 62 -57 / 50 59 -62 -65 / 52 55 60 67 / 54 57 62 65 / 55 59 62 / -65 -55 -59 -62 / 57 60 64 / 59 62 -53 -64 <END> 
<S> 50 57 62 65 / 59 -50 -62 -65 / 52 55 60 64 72 / 53 55 -60 -72 / 55 62 71 -60 / 59 -43 -62 -71 / 48 55 64 69 / 50 57 65 71 / 52 59 64 67 / 62 -52 -59 -67 / 57 60 64 69 / 55 59 -64 -69 / 54 60 64 69 / 62 -54 -60 -69 / 50 60 69 <END> 
<S> 52 64 67 71 / 62 -52 -67 -71 / 54 60 69 -67 / 62 -54 -69 -72 / 55 59 62 71 / 52 55 67 -71 / 50 -55 -67 -71 / 48 64 67 72 / 38 -64 -67 -72 / 48 64 69 -67 / 45 -64 -67 / 45 60 66 69 / 47 -60 -69 -69 / 48 59 64 67 / 52 60 67 -48 -67 / 60 -52 -67 -67 / 62 69 77 -60 / 59 -43 -62 -69 / 55 59 67 / 57 -55 -59 -67 <END> 
<S> 48 64 67 69 / 50 -64 -67 -69 / 52 62 67 71 / 50 -62 -67 -71 / 52 55 67 72 / 54 57 62 -72 / 55 59 62 71 / 53 55 62 69 / 52 -55 -62 -69 / 53 60 69 -55 / 50 57 -60 -69 / 55 59 67 / 74 -53 -59 -67 / 52 55 67 72 / 53 57 65 74 / 59 -53 -65 -69 / 60 64 67 -47 / 62 -60 -67 -76 / 52 60 67 76 / 53 -60 -67 -76 <END> 
<S> 52 55 67 72 / 50 -55 -67 -72 / 48 55 67 74 / 47 55 -67 -74 / 69 -55 -59 -67 / 48 62 66 69 / 50 62 66 -69 / 60 -50 -66 -69 / 43 59 62 67 / 52 60 64 67 / 50 65 69 / 55 71 -50 -65 / 48 52 55 67 / 60 -52 -55 -67 <END> 
<S> 43 59 62 67 / 55 59 62 67 / 53 57 -62 -67 / 52 55 60 67 / 48 52 -60 -67 / 53 60 69 / 55 -53 -69 / 50 54 57 69 / 42 58 67 57 / 60 64 67 -51 / 58 62 -67 -72 / 54 60 69 74 / 55 67 70 -74 / 57 69 73 -67 <END> 
<S> 50 53 62 69 / 48 52 64 -69 / 50 53 59 71 / 48 52 60 67 / 47 62 -52 -67 / 45 48 64 69 / 45 -45 -62 -69 / 47 50 59 67 / 49 52 64 67 / 50 53 62 69 <END> 
<S> 45 57 64 72 / 47 -57 -64 -72 / 48 64 69 -72 / 50 -64 -69 -72 / 52 64 71 -69 / 62 -52 -69 52 / 60 64 69 -55 / 54 62 -64 -69 / 55 59 62 71 / 52 55 60 -71 <END> 
<S> 50 62 65 71 / 52 60 64 69 / 54 60 69 -69 / 55 62 67 / 59 67 -55 -62 / 60 69 -55 -64 / 59 62 67 71 -55 / 52 60 67 72 / 50 62 65 71 / 48 64 67 72 / 55 59 67 74 <END> 
<S> 59 62 67 69 / 64 -47 -67 -69 / 66 -50 -69 -72 / 55 62 67 71 / 53 59 62 67 / 52 60 67 72 / 50 53 65 69 / 48 64 -53 -69 / 50 71 -57 -69 / 52 55 67 72 / 54 57 69 -72 / 55 59 71 -69 / 60 64 69 -55 / 54 62 69 69 <END> 
<S> 52 64 67 72 / 54 62 -67 -72 / 55 62 71 / 59 67 -55 -71 / 50 62 69 -67 / 66 -50 -62 -69 / 48 62 64 -69 / 67 -48 -64 / 50 62 66 69 / 60 -50 -66 -69 / 43 59 62 67 / 48 52 60 67 / 47 62 -52 -67 <END> 
<S> 55 71 62 69 / 67 -55 -62 / 43 50 62 -67 / 48 55 60 64 / 47 -48 -55 -64 / 45 52 60 65 / 47 59 62 67 / 52 55 64 67 / 45 57 -64 -67 / 55 59 62 / 53 -59 -62 / 52 55 60 64 / 50 -55 -60 -64 <END> 
<S> 41 60 69 -60 / 50 59 62 71 / 48 55 60 64 / 50 55 59 65 / 62 -50 -59 -65 / 52 60 64 67 / 58 -52 -64 -67 / 53 57 65 -64 / 62 -53 -57 -69 / 60 -53 -57 -69 / 55 59 62 / -69 -55 -59 -62 / 43 55 60 64 / 53 62 -60 -69 <END> 
<S> 50 57 62 65 / 47 62 -57 -65 / 48 55 60 64 / 60 -48 -55 -64 / 41 56 60 62 / 43 55 59 62 / 53 -43 -59 -62 / 36 52 55 60 64 40 48 55 60 64 / 58 -55 -60 -64 / 52 57 60 65 / 50 59 62 67 <END> 
<S> 48 55 60 64 / 50 -55 -60 -64 / 52 55 60 64 / 53 -55 -60 -64 / 55 59 62 / 53 -55 -59 -62 / 52 55 60 64 / 48 -55 -60 -64 / 65 55 60 64 / 43 -55 -60 -64 / 45 57 60 65 / 47 50 -57 -65 / 48 55 64 -57 / 47 55 62 -64 / 45 57 60 64 / 43 -57 -60 -64 <END> 
<S> 41 55 60 69 / 53 -55 -60 -69 / 43 59 62 67 / 48 52 60 67 / 50 53 -60 -67 / 51 55 67 72 / 50 71 -55 -67 / 48 55 64 72 / 60 -48 -55 -72 / 47 55 62 67 / 64 -47 -55 -67 / 45 60 65 -55 / 47 55 62 -65 / 48 60 64 -55 / 50 -48 -55 -60 <END> 
<S> 47 55 67 74 / 48 60 -67 -74 / 50 59 65 71 / 57 60 64 72 / 55 59 62 67 / 57 60 66 69 / 59 62 67 71 / 57 -62 -67 -71 / 55 59 67 / 62 65 69 -67 / 59 62 67 74 / 60 67 76 / 59 -60 -67 -76 <END> 
<S> 59 62 67 71 / 60 -62 -67 -71 / 62 66 69 74 / 59 -66 -69 / 57 59 66 72 / 52 59 71 74 / 60 64 72 76 / 62 66 71 -76 / 69 64 67 76 / 66 69 74 / 62 67 71 / 62 66 69 / 60 64 67 / 59 62 67 -67 / 53 60 69 -67 <END> 
<S> 57 60 69 72 / 59 62 -69 -72 / 60 64 67 76 / 59 62 -67 -76 / 57 60 65 77 / 55 67 76 -60 / 54 60 69 74 / 56 59 71 -74 / 64 72 -56 -71 / 57 64 69 72 / 55 -64 -69 -72 / 53 62 -69 -72 / 71 -53 -62 -69 / 55 62 71 -69 / 56 64 71 -71 / 62 66 -71 -71 / 60 64 69 72 / 62 71 -60 -67 <END> 
<S> 54 57 69 74 / 50 62 -69 -74 / 55 62 71 -74 / 64 -55 -71 -74 / 65 -55 -71 -74 / 69 -55 -59 -74 / 48 64 67 72 / 55 62 67 71 / 52 55 67 72 / 50 62 71 -55 / 48 55 64 69 / 50 54 62 -69 / 60 -50 -54 -69 / 55 59 62 67 / 50 58 64 -67 <END> 
<S> 55 64 67 72 / 62 66 74 -55 / 43 -62 -66 -74 / 59 62 67 74 / 60 66 74 / 59 62 67 76 / 56 59 -67 -76 / 57 60 65 77 / 55 59 67 -77 / 53 60 69 74 / 52 67 -60 76 / 50 59 65 74 / 45 57 60 69 43 <END> 
<S> 59 62 67 74 / 57 60 -67 -74 / 55 59 67 74 / 53 -59 -67 -74 / 52 61 67 76 / 50 62 65 77 / 59 62 67 79 / 60 64 -67 -79 / 58 62 74 77 / 76 -58 -62 -74 / 57 67 72 76 / 77 -57 -67 -72 / 50 65 72 -72 / 71 -50 -65 -72 / 52 67 72 76 / 53 -67 -72 -76 <END> 
<S> 59 62 67 79 / 57 69 -62 -79 / 55 62 71 79 / 57 67 72 76 / 66 -57 -72 -76 / 55 59 71 74 / 52 60 67 79 / 53 69 74 77 / 55 76 -62 -81 / 74 -55 -59 -74 / 64 72 -55 -74 / 43 59 67 74 / 48 60 67 76 <END> 
<S> 57 60 69 76 / 55 -60 -69 -76 / 53 60 69 77 / 52 67 -60 -77 / 50 65 69 77 / 76 -50 -69 -69 / 55 67 71 74 / 61 69 -67 -76 / 62 65 69 77 / 71 -62 -65 -77 / 64 67 73 76 / 65 69 74 81 / 67 -65 -74 -81 / 64 67 72 84 / 62 -67 -72 -76 <END> 
<S> 64 67 79 / 57 66 72 -81 / 59 67 74 79 / 61 67 76 / 62 69 77 -61 / 53 62 70 -77 / 52 67 72 76 / 53 -67 -72 -76 / 55 67 71 74 / 60 67 72 76 / 48 -67 -72 -76 <END> 
<S> 55 67 72 76 / 53 69 -72 -76 / 55 67 71 74 / 52 67 72 / 48 67 71 74 / 50 65 69 -74 / 64 67 -50 -74 / 65 69 -50 -74 / 55 71 74 41 / 55 -55 -74 -74 / 48 72 76 -67 / 50 65 -72 -76 / 52 67 71 -76 / 50 65 69 74 <END> 
<S> 55 62 70 74 / 67 -55 -62 -74 / 50 -55 -67 -74 / 72 -50 -50 -67 / 55 62 -67 -72 / 67 -55 -62 -70 / 48 64 67 69 / 50 62 66 -69 / 55 62 67 71 / 52 60 67 72 / 71 -52 -60 -67 / 52 60 69 -67 / 57 64 66 69 / 62 -57 -69 / 60 -50 -69 -69 <END> 
<S> 52 64 67 72 / 53 62 69 -67 / 52 60 67 71 / 50 59 65 -67 / 48 55 60 64 / 43 59 -55 -64 / 45 57 60 64 / 43 55 59 62 / 41 57 60 69 / 48 55 64 71 / 57 60 64 72 / 55 59 -64 -72 / 53 57 62 -72 / 64 -53 -57 -72 / 47 62 65 74 / 67 -47 -62 -74 <END> 
<S> 36 57 60 69 / 38 59 62 -69 / 60 64 -45 -57 / 54 57 62 -69 / 55 62 71 -62 / 50 55 -62 -71 / 51 55 60 69 / 57 -51 -60 -69 / 55 59 62 71 / 53 69 -55 -59 / 52 52 60 67 / 48 55 60 64 <END> 
