<S> 52 55 60 67 / 53 57 62 -67 / 55 59 64 67 / 62 65 -55 -59 / 48 55 64 -62 / 60 -48 -55 -64 / 43 55 62 -60 / 59 -43 -55 -62 / 48 55 60 64 / 59 -48 -55 -64 / 50 57 66 / 43 50 59 67 / 47 55 62 67 <END> 
<S> 48 55 60 64 / 59 -48 -55 -64 / 50 57 65 / 43 59 62 67 / 43 58 64 67 / 45 60 65 65 / 47 50 -65 -65 / 48 55 64 -65 / 60 -48 -64 / 41 60 62 69 / 49 58 64 69 / 50 57 65 71 / 52 62 -57 -71 / 50 53 57 72 / 52 55 -57 -72 <END> 
<S> 53 60 69 / 41 -53 -60 -69 / 55 59 67 -53 / 52 60 64 67 / 50 58 65 -64 / 52 56 -58 -65 / 47 55 74 -65 / 48 -55 -59 -62 / 48 55 60 64 / 52 55 59 62 / 54 -55 -59 -62 / 52 55 60 67 / 50 62 -55 -67 <END> 
<S> 48 55 60 64 / 47 -55 -60 -64 / 45 52 60 64 / 43 -52 -60 -64 / 41 57 60 62 / 38 53 59 -62 / 36 52 55 60 / 48 52 60 67 / 50 53 -60 -67 / 52 55 67 -60 / 53 57 69 -60 / 59 50 62 67 <END> 
<S> 47 55 62 / 48 55 60 64 / 43 55 59 62 / 55 -43 -59 -62 / 48 55 60 64 / 48 55 60 64 / 53 -55 -60 -64 / 55 62 59 -55 / 53 -55 -59 -62 / 48 55 60 64 / 52 -55 -60 -64 / 50 57 60 65 / 55 59 62 -65 / 53 -50 -59 -65 <END> 
<S> 52 55 60 64 / 50 53 -60 -64 / 48 55 60 64 / 47 -55 -60 -64 / 43 59 62 -55 / 53 -43 -59 -62 / 48 52 55 60 / 47 55 62 67 / 45 -55 -62 -67 / 47 62 69 -55 / 43 62 -55 -69 / 48 55 60 64 / 47 62 -55 -64 / 45 59 64 -55 / 45 57 60 64 / 43 55 62 -60 <END> 
<S> 47 52 55 67 / 65 -47 -55 -71 / 48 55 64 69 / 71 -55 -64 -64 / 45 57 65 -64 / 59 62 -45 -65 / 60 64 -45 / 57 60 59 62 / 41 57 60 69 / 50 62 65 71 / 69 -50 -62 -65 / 51 62 67 71 / 60 -52 -67 -71 / 53 60 69 -67 / 62 65 -53 -69 / 55 59 64 67 / 62 -55 -59 -67 / 43 60 -55 -64 <END> 
<S> 40 55 59 67 / 62 -55 -67 / 52 55 60 67 / 50 65 -55 -60 / 48 55 60 64 / 48 55 60 67 / 43 55 62 71 / 53 -43 -62 -71 / 48 52 60 67 / 62 -52 -60 -67 / 45 64 72 -55 / 54 -45 -64 -72 / 47 55 62 71 / 48 69 -55 -62 / 47 62 67 -55 / 52 60 -62 -67 <END> 
<S> 48 55 60 64 / 50 -55 -60 -64 / 52 55 60 67 / 50 -55 -60 -67 / 48 55 60 67 / 43 59 62 -67 / 45 60 72 -67 / 66 -45 -60 -72 / 43 62 67 71 / 50 62 69 -67 / 66 -50 -62 -69 / 55 62 67 71 / 67 -55 -62 -67 / 50 60 67 69 / 66 -50 -60 -69 / 55 59 62 67 / 52 59 67 / 60 -52 -67 -72 <END> 
<S> 45 60 69 -67 / 66 -45 -60 -69 / 47 62 67 71 / 43 -62 -67 -71 / 45 64 72 -67 / 66 69 -60 -72 / 59 62 67 71 / 60 64 69 -67 / 65 -60 -64 -69 / 62 64 67 71 / 47 -62 -67 -71 / 48 57 64 72 / 50 57 65 -72 / 52 64 67 71 / 55 -52 -64 -67 / 48 60 67 69 / 55 62 -67 -69 / 54 60 62 -69 / 55 59 62 67 <END> 
<S> 62 71 -67 / 50 66 69 -67 / 62 -50 -66 -69 / 43 59 62 67 / 55 59 62 67 / 53 -59 -62 -67 / 52 60 67 72 / 50 65 74 -60 / 59 -50 -65 -74 / 48 60 64 76 / 53 60 69 52 / 55 64 71 79 / 57 60 72 77 / 59 76 -72 -77 <END> 
<S> 55 67 70 72 / 65 -55 -70 -74 / 52 64 67 72 / 54 62 -64 -72 / 55 62 71 -69 / 67 -55 -62 -71 / 50 62 69 69 / 66 -50 -62 -69 / 43 59 62 67 / 52 60 64 67 <END> 
<S> 50 62 69 -67 / 60 -50 -69 -69 / 55 59 62 67 / 52 64 67 71 / 53 60 65 69 / 64 -53 -60 -69 / 59 62 65 69 / 60 64 67 76 / 65 -60 -67 -76 / 59 67 74 / 57 60 -67 -74 <END> 
<S> 53 57 60 69 / 64 -53 -60 -69 / 58 62 65 74 / 57 -62 -65 -74 / 55 61 69 76 / 53 65 69 / 52 64 67 71 / 50 -64 -67 -71 / 48 62 67 72 / 60 -48 -67 -72 / 55 62 67 71 / 52 64 67 71 / 62 -52 -67 -71 <END> 
<S> 48 64 67 72 / 62 66 -48 -72 / 60 64 67 -48 / 59 62 67 -67 / 57 60 69 -67 / 72 -57 -60 -69 / 55 59 67 74 / 52 60 67 / 79 -52 -60 -67 / 53 57 60 69 / 55 59 62 67 / 52 55 60 49 / 53 57 62 -60 / 59 -57 -57 -62 <END> 
<S> 57 60 64 72 / 65 -57 -60 -72 / 55 59 67 74 / 53 -59 -67 -74 / 52 60 67 76 / 53 -60 -67 -76 / 55 60 67 74 / 72 -55 -60 -67 / 55 59 67 74 / 65 -55 -59 -74 / 57 60 64 72 / 55 -60 -64 -72 / 57 65 69 72 / 50 -65 -69 -72 / 60 64 67 70 / 62 65 -67 -70 <END> 
<S> 55 60 67 74 / 59 -55 -67 -74 / 48 64 67 72 / 60 64 72 79 / 53 65 72 81 / 64 -53 -72 -81 / 54 62 74 81 / 72 -54 -62 -81 / 55 67 71 74 / 55 67 71 74 / 53 -67 -71 -74 / 52 67 76 -73 / 50 -67 -76 -84 <END> 
<S> 53 65 72 81 / 63 -53 -72 -81 / 55 62 71 79 / 77 -55 -62 -71 / 48 60 67 76 / 55 59 67 74 / 52 60 67 76 / 53 69 -60 -67 / 55 59 67 74 / 52 60 67 79 / 61 -52 -52 -79 <END> 
<S> 47 62 67 79 / 49 65 69 -79 / 52 64 72 79 / 62 71 -52 -79 / 57 64 69 72 / 55 65 -69 -72 / 53 67 70 72 / 52 -67 -70 -72 / 53 65 69 72 / 50 65 -69 -72 / 64 -53 -69 -72 / 55 71 74 -69 / 60 67 72 76 / 74 77 -60 -67 <END> 
<S> 53 60 69 72 / 50 65 71 74 / 48 64 67 72 / 55 59 67 74 / 53 61 67 76 / 52 -61 -67 -76 / 50 62 65 77 / 67 -50 -62 -77 / 55 61 69 76 / 57 -61 -69 -76 <END> 
<S> 50 57 65 74 / 47 62 67 74 / 48 60 67 76 / 50 -60 -67 -76 / 52 60 67 76 / 53 -60 -67 -75 / 55 59 67 74 / 56 65 -59 -74 / 57 59 64 72 / 48 55 -64 -72 / 50 57 65 71 / 69 -50 -57 -65 <END> 
<S> 55 60 67 76 / 53 -60 -67 -76 / 55 59 67 74 / 65 -55 -59 -74 / 48 55 64 72 / 48 55 64 72 / 50 65 71 74 / 52 67 72 76 / 53 -67 -72 -76 / 55 74 -67 -72 / 67 -55 -72 -74 / 67 71 -55 -74 / 65 -43 -71 -74 <END> 
<S> 48 64 67 72 / 55 67 71 74 / 55 67 71 74 / 60 67 72 76 / 59 -67 -72 -76 / 57 69 72 77 / 59 67 74 79 / 77 -67 -71 -74 / 62 65 71 77 <END> 
<S> 67 72 -53 / 59 62 -67 -72 / 60 64 67 / 57 72 -64 -67 / 55 59 67 74 / 50 62 -67 -74 / 52 60 67 72 / 54 74 -67 -72 / 55 67 71 74 / 53 -67 -71 -74 / 52 67 72 76 / 50 -67 -72 -76 <END> 
<S> 55 67 71 74 / 52 -67 -71 -74 / 50 65 69 72 / 71 -50 -65 -72 / 52 60 72 79 / 53 69 77 -60 / 55 67 71 74 / 53 69 -67 -74 / 52 62 67 77 / 50 -62 -67 -77 / 52 60 67 76 / 53 -67 -60 -76 <END> 
<S> 55 59 67 74 / 53 -59 -67 -74 / 52 60 67 76 / 53 69 74 -60 / 55 59 67 74 / 48 60 67 76 / 48 60 67 76 / 50 59 -67 -76 / 52 60 67 76 / 53 -60 -67 -76 / 55 59 67 74 / 56 65 71 -74 <END> 
<S> 47 62 67 79 / 48 77 -67 47 / 76 -48 -67 -72 / 50 62 71 77 / 69 -50 -62 -77 / 60 62 67 76 / 60 -60 -67 -76 / 55 59 67 74 / 53 59 67 74 / 52 60 64 79 / 50 60 65 77 / 59 -50 -65 -77 / 52 60 64 76 / 53 69 -60 -72 <END> 
<S> 55 59 67 74 / 53 -59 -67 -74 / 52 60 67 76 / 58 -52 -67 -76 / 53 57 65 77 / 47 62 67 -77 / 48 60 67 76 / 59 -48 -67 -76 / 50 57 66 74 / 52 55 67 72 / 54 57 69 -72 / 55 59 67 71 / 60 69 -55 -65 / 64 -50 -55 -69 / 59 62 67 -55 / 60 64 -55 -67 / 62 66 -60 / 60 50 -66 -69 <END> 
<S> 52 60 67 72 / 50 62 -67 -72 / 48 64 67 -72 / 50 62 66 -72 / 55 62 67 71 / 52 64 67 71 / 50 65 67 74 / 71 -50 -67 -74 / 48 67 72 76 / 50 77 -67 -72 / 52 67 72 76 / 48 -67 -72 -76 / 47 67 74 -72 / 52 67 71 <END> 
<S> 57 64 69 72 / 55 67 71 74 / 53 67 73 76 / 52 -67 -73 -76 / 50 69 74 77 / 52 70 76 -60 / 53 69 74 77 / 55 -69 -74 -77 / 57 69 73 76 / 67 -57 -73 -76 / 50 65 69 74 / 59 65 74 77 <END> 
<S> 57 64 69 72 / 53 65 69 72 / 64 -53 -69 -72 / 62 65 71 74 / 69 -62 -66 -74 / 55 67 71 76 / 65 -55 -71 -76 / 64 64 73 79 / 62 65 81 -81 / 67 70 79 -62 / 61 64 69 -79 <END> 
<S> 58 64 70 76 / 64 -58 -70 -76 / 67 -58 -63 -76 / 62 69 77 -58 / 60 64 -69 -77 / 65 70 -60 -77 / 60 67 72 76 / 60 69 72 77 / 67 71 79 -77 / 76 79 -67 -79 / 57 72 77 -79 / 59 74 79 -77 / 60 67 76 -74 / 72 -60 -67 -76 <END> 
<S> 60 67 72 76 / 48 -60 -67 -72 / 70 -60 79 -67 / 50 69 77 -64 / 62 71 -50 -79 / 52 60 72 79 / 53 69 74 -60 / 55 67 71 -74 / 65 -55 -71 -74 / 48 64 67 72 / 60 64 67 72 <END> 
<S> 53 69 72 / 52 60 67 -72 / 50 65 69 74 / 71 -50 -65 -74 / 48 67 72 76 / 52 -67 -72 -76 / 53 69 74 -72 / 50 65 -72 -74 / 55 62 71 -74 / 67 -55 -71 -74 / 65 -55 -71 -74 / 48 64 67 72 / 55 67 71 74 / 55 67 71 74 / 53 -67 -71 -74 <END> 
<S> <END> 
<S> <END> 
<S> 84 -55 42 -74 / 57 64 72 -55 / 53 60 66 -72 <END> 
<S> 57 60 72 / 65 -57 -60 -72 / 55 59 67 74 / 60 -55 -67 -74 / 71 -55 -67 -74 / 65 -55 -71 -74 <END> 
<S> 36 60 67 75 / 69 -53 -60 -75 / 55 62 71 74 / 51 67 72 / 48 67 72 75 / 65 -48 -72 -75 / 56 63 71 -72 / 62 -56 -71 -72 / 51 63 67 72 / 53 -63 -67 -72 <END> 
<S> 48 63 67 72 / 51 -63 -67 -72 / 54 62 69 72 / 55 62 67 71 / 54 -62 -67 -71 / 51 63 67 72 / 50 62 -67 -72 / 48 65 67 74 / 47 -65 -67 -74 / 48 63 67 75 / 62 -48 -67 -75 / 50 60 65 74 / 59 -50 -65 -74 <END> 
<S> 48 67 63 72 / 50 65 74 -72 / 51 67 72 / 53 -67 -72 / 55 62 67 71 / 48 63 67 72 / 60 63 67 72 / 58 -63 -67 -72 <END> 
<S> 48 63 72 -67 / 60 -63 -67 -72 / 58 65 74 -72 / 56 -65 -72 -74 / 55 67 71 75 / 65 -55 -71 -75 / 56 63 72 / 62 -56 -72 -72 / 57 65 72 77 / 59 67 74 79 / 55 -67 -74 -74 <END> 
<S> 58 65 74 / 56 -58 -65 -74 / 55 58 67 75 / 53 60 68 77 / 51 60 67 79 / 50 60 65 77 / 59 -50 -65 -77 / 51 60 67 75 / 48 -60 -67 -75 / 53 60 68 74 / 55 59 67 -74 / 56 60 65 72 / 62 -56 -65 -72 <END> 
<S> 55 59 67 75 / 60 -55 -67 -75 / 55 62 67 70 / 53 -62 -67 -70 / 51 63 67 70 / 64 -63 -67 -72 / 62 65 69 -72 / 59 65 -69 -72 / 60 65 67 71 / 64 72 -67 <END> 
<S> 59 68 74 -65 / 60 67 76 -74 / 58 65 70 74 / 56 -65 -70 -74 / 55 67 70 75 / 53 68 72 77 / 55 -68 -72 -77 / 56 70 72 75 / 74 -56 -72 -75 / 58 70 75 77 / 51 -58 -70 -77 / 55 70 75 -65 / 63 -55 -70 -75 <END> 
<S> 51 67 72 75 / 53 68 74 -72 / 55 67 71 -74 / 56 67 72 / 65 74 -56 -72 / 55 67 71 75 / 65 74 -55 -60 / 59 67 -65 / 48 64 67 72 / 55 62 67 71 / 53 -62 -67 -71 / 51 60 67 72 / 48 -60 -67 -72 <END> 
<S> 55 62 67 71 / 53 59 62 -67 / 51 60 67 68 / 50 62 65 -67 / 48 63 67 / -63 / 55 62 67 / 60 -43 -55 -67 / 47 62 -55 -67 / 45 60 -55 -67 / 47 62 -55 -67 / 48 60 -55 -67 / 53 62 68 -48 / 46 -53 -62 -68 / 51 63 67 / 58 62 65 -67 <END> 
<S> 48 55 64 -62 / 60 -48 -55 -64 / 41 56 60 65 / 62 -41 -56 -65 / 43 55 59 63 / 46 55 62 67 / 53 60 65 / 59 -53 -53 -65 / 51 60 67 / 58 -48 -67 / 56 65 67 / 0 -56 -67 / 52 55 -67 72 / 53 65 68 -72 / 50 -53 -65 -68 / 55 62 67 71 / 60 63 67 72 / 58 62 -67 -72 <END> 
<S> 58 65 -51 -58 / 56 -46 -58 -65 / 48 55 63 67 / 45 60 63 67 / 46 58 62 -67 / 56 -46 -62 -65 / 39 55 58 63 / 51 55 58 67 / 50 53 -67 69 / 51 60 65 67 / 47 -60 -65 / 48 55 60 64 / 44 65 -55 -60 / 43 55 59 63 / 36 -55 -63 -67 / 43 60 63 67 / 59 62 -43 -67 <END> 
<S> 55 58 62 67 / 53 -58 -62 -67 / 51 60 63 -67 / 53 62 65 / 71 -53 -65 / 48 55 67 72 / 60 64 68 -48 / 46 55 62 67 / 45 53 62 65 / 46 58 62 65 / 50 58 65 / 53 56 60 <END> 
<S> 48 57 63 72 / 62 65 -57 -72 / 64 -57 -53 -72 / 58 62 67 74 / 57 -62 -67 -74 / 55 58 67 75 / 57 60 -67 -75 / 58 62 65 74 / 67 -58 -62 -74 / 60 63 68 72 / 62 -63 -68 -72 / 63 67 70 / 65 68 -63 / 58 64 67 / 56 60 64 72 / 55 58 70 75 / 53 68 -58 -75 <END> 
<S> 60 63 67 75 / 58 62 -67 -75 / 56 60 72 75 / 55 70 -60 -75 / 53 68 72 74 / 55 67 71 -74 / 65 -55 -71 -74 / 48 63 67 72 / 58 62 70 77 / 56 63 72 77 / 55 -63 -70 -77 / 53 62 68 77 / 51 60 67 75 / 59 65 74 <END> 
<S> 62 65 70 -56 / 55 63 -70 -70 / 53 65 68 72 / 63 -53 -68 -72 / 50 62 65 71 / 55 67 -62 -71 / 65 -55 -67 -71 / 56 64 67 72 / 65 74 -56 -72 / 55 67 71 74 / 55 67 71 74 / 60 67 72 75 <END> 
<S> 56 63 72 / 59 68 74 / 60 67 75 -56 / 55 -60 -67 -75 / 53 72 77 -60 / 58 62 74 -77 / 60 63 75 -74 / 69 72 -60 -75 / 55 67 71 74 / 48 63 67 72 / 65 74 -48 -67 <END> 
<S> 60 67 72 / 55 62 -67 -72 / 60 -55 -67 -72 / 55 62 67 71 / 48 63 67 72 / 53 56 65 72 / 51 55 67 70 / 50 65 -67 -70 / 48 65 68 74 / 63 -48 -68 -74 / 62 65 70 -48 / 47 63 -65 -70 / 62 65 -58 -70 / 56 60 63 72 / 65 74 -56 -60 <END> 
<S> 51 63 67 72 / 48 -63 -67 -72 / 56 -48 -63 -72 / 65 -48 -56 -72 / 47 55 67 74 / 62 -47 -55 -74 / 48 63 -55 -62 / 50 -48 -55 -63 / 50 55 62 70 / 53 -50 -55 -70 / 51 55 67 70 / 46 58 -67 -70 / 48 63 69 -67 / 46 62 67 70 / 48 60 66 69 <END> 
<S> 55 58 64 72 / 54 57 -63 -72 / 55 62 70 / 55 75 -55 -70 / 57 63 69 72 / 54 -63 -69 -72 / 55 62 67 70 / 53 -62 -67 -70 / 51 63 67 70 / 56 60 68 72 / 65 74 -56 -60 / 55 58 67 75 / 53 68 -58 -75 / 55 58 67 74 / 56 65 71 -74 <END> 
<S> 51 63 67 70 / 53 -63 -67 -70 / 55 58 67 70 / 53 60 68 -70 / 68 -53 -60 -68 / 55 60 67 75 / 69 -60 -55 -75 / 43 58 70 74 / 62 -43 -70 -74 / 48 63 72 / 56 -48 -63 -72 / 53 68 74 -72 / 55 67 71 -74 / 65 -55 -71 -74 <END> 
<S> 48 60 67 75 / 58 60 -67 -75 / 56 68 72 77 / 55 -68 -72 -75 / 58 70 75 79 / -67 -70 -75 / 58 65 70 74 / 69 -58 -65 -74 / 58 64 74 79 / 55 -58 -74 -79 / 57 65 72 77 / 53 62 70 77 / 63 70 79 <END> 
<S> 53 63 69 81 / 65 -53 -69 -81 / 63 67 70 79 / 62 66 -70 -79 / 60 63 72 79 / 58 -63 -72 -79 / 56 63 72 77 / 58 62 70 -77 / 68 -58 -62 -77 / 51 58 67 75 / 48 60 69 75 / 55 65 71 74 / 51 72 75 / 70 -51 -72 -75 <END> 
<S> 55 63 70 75 / 53 68 77 -63 / 58 62 70 -77 / 51 63 70 79 / 60 63 75 79 / 58 62 68 77 <END> 
<S> 53 68 72 77 / 63 -53 -72 -77 / 55 63 70 79 / 62 77 -55 -70 / 56 60 72 77 / 55 70 75 -60 <END> 
<S> 54 62 69 72 / 55 62 70 -69 / 63 67 -55 -70 / 57 65 72 66 / 59 62 67 -77 / 60 63 75 -67 / 62 -60 -67 -75 <END> 
<S> 63 70 -56 / 55 59 67 / 53 60 65 70 / 51 60 63 67 / 58 -51 -67 -67 / 56 63 65 72 / 62 -56 -65 -72 / 55 63 67 70 / 65 -55 -63 -70 <END> 
<S> 56 60 63 72 / 55 -60 -63 -72 / 53 65 68 72 / 63 -53 -68 -72 / 61 67 70 -53 / 52 -67 -61 -70 / 53 60 68 -67 / 65 -53 -60 -68 / 48 60 64 67 / 58 -48 -64 -67 / 49 56 65 / 53 -49 -65 <END> 
<S> 53 60 65 68 / 58 64 -53 -68 / 51 60 67 / 58 65 -52 -67 / 56 60 64 72 / 58 62 65 74 / 67 -58 -62 -74 / 68 -58 -62 -74 / 48 63 67 75 / 48 67 72 -75 / 50 65 72 77 / 71 -50 -65 -77 / 51 67 72 75 / 53 -67 -72 -75 <END> 
