<S> 48 64 67 72 / 50 65 -67 -72 / 52 60 67 72 / 53 60 65 69 / 55 71 -60 -65 / 57 60 64 72 / 55 59 -64 -72 / 54 57 62 74 / 72 -54 -57 -62 / 55 59 67 71 / 60 -55 -67 -71 / 50 62 66 69 / 62 66 69 / 60 -62 -66 -69 <END> 
<S> 54 57 62 74 / 72 -54 -57 -62 / 55 62 71 / 59 -55 -62 -71 / 48 55 64 69 / 50 54 62 -69 / 60 -50 -54 -69 / 43 50 59 67 / 48 52 60 67 / 47 62 -52 -67 / 45 52 64 72 / 48 -64 -72 / 50 66 71 74 <END> 
<S> 47 55 62 67 / 48 55 60 64 / 46 62 -55 -60 / 44 60 64 -55 / 43 55 59 62 / 43 55 58 62 / 64 -43 -55 -58 / 45 57 60 64 / 0 / 47 56 62 65 / 48 55 64 -62 / 60 -48 -55 -64 / 55 -48 -60 -64 <END> 
<S> 48 52 60 67 / 48 52 60 67 / 59 62 -52 -67 / 57 64 -48 -52 / 50 54 62 69 / 48 55 60 64 / 47 62 -55 -64 / 45 57 60 64 / 43 -57 -60 -64 / 42 57 60 -60 / 43 50 55 -60 / 59 -43 -50 -55 / 55 -43 -43 -59 <END> 
<S> 45 57 60 65 / 47 55 62 -65 / 48 55 60 64 / 46 -55 -60 -64 / 45 57 60 65 / 47 -57 -60 -65 / 41 55 60 64 / 43 -60 -60 -64 / 59 -43 -60 -64 / 44 53 60 62 / 52 55 60 72 / 53 57 69 -60 / 55 62 65 71 <END> 
<S> 45 57 60 65 / 47 50 -57 -65 / 48 55 59 64 / 43 52 60 / 59 67 -43 -55 / 48 60 64 67 / 47 -60 -64 -67 / 52 60 64 67 / 53 -60 -64 -67 / 55 62 -60 -65 / 59 -55 -62 -65 / 43 60 64 67 / 53 62 -43 -60 / 59 -43 -53 -62 / 55 -43 -62 -59 / 36 55 60 64 / 0 <END> 
<S> 41 60 62 65 / 43 55 60 64 / 53 -43 -60 -64 / 55 59 62 / 53 -43 -59 -62 / 48 52 55 60 / 48 52 55 60 / 47 62 -52 -55 / 45 57 60 72 / 43 -57 -60 -72 / 55 59 67 / 41 53 69 69 / 45 -53 -69 -69 / 46 65 -53 -69 / 48 52 59 67 / 50 52 60 -67 / 52 59 62 67 / 50 -59 -62 -67 <END> 
<S> 47 55 62 67 / 43 -55 -62 -67 / 48 55 60 64 / 62 -48 -55 -64 / 45 60 65 -55 / 57 64 -48 -60 / 47 55 -60 -64 / 43 50 59 62 / 55 59 -50 -62 / 44 52 55 60 / 48 52 55 60 / 47 62 -52 -55 / 45 57 60 64 / 43 -57 -60 -64 / 41 57 60 65 / 38 53 -60 -65 / 43 55 59 -65 / 45 52 60 -59 / 43 -52 -59 -60 <END> 
<S> 48 55 60 64 / 36 -55 -60 -64 / 45 57 60 65 / 55 59 64 67 / 57 60 65 -51 / 50 62 65 69 / 59 62 67 -50 / 52 60 67 / 59 -52 -55 -67 / 53 57 60 69 / 59 62 -53 -69 / 48 60 64 67 / 47 -60 -64 -67 / 45 64 69 72 / 40 64 67 71 / 69 -40 -64 -67 <END> 
<S> 47 55 62 71 / 48 -55 -62 -71 / 50 55 62 69 / 38 71 -50 -62 / 72 -50 60 / 62 71 -50 / 52 55 64 -71 / 57 60 64 72 / 55 59 67 74 / 60 67 76 / 59 -60 -67 -76 / 60 69 77 -60 / 62 -60 -69 -77 / 60 64 67 79 / 58 -64 -67 -79 <END> 
<S> 52 60 67 72 / 55 62 67 71 / 48 64 67 69 / 50 62 66 -69 / 60 -50 -66 -69 / 55 59 67 / 62 74 -55 -67 / 50 62 69 -67 / 65 -50 -62 -69 / 60 -50 -66 -69 / 43 59 62 67 / 55 59 62 67 <END> 
<S> 62 67 69 / 47 -62 -67 -69 / 48 57 67 72 / 55 59 67 74 / 54 -59 62 -74 / 52 59 67 76 / 54 57 69 72 / 50 62 71 -69 / 69 -50 -62 -69 / 55 62 67 71 / 64 -55 -62 -71 / 50 62 66 69 / 60 -50 -66 -69 <END> 
<S> 54 57 69 74 / 72 -54 -57 -69 / 55 62 67 71 / 52 55 67 72 / 48 64 67 -72 / 50 62 69 -67 / 66 -50 -62 -69 / 55 59 62 67 / 52 60 67 76 / 50 65 69 77 / 71 -50 -65 -77 / 48 67 72 76 / 55 -67 -72 -76 <END> 
<S> 52 60 67 72 / 50 58 -67 -72 / 48 57 67 72 / 55 -48 -67 -72 / 53 60 69 -72 / 67 -53 -60 -69 / 55 60 67 / 58 62 -55 -67 / 56 60 64 / 55 -60 -64 / 55 60 62 67 / 53 -60 -62 -67 / 55 60 64 -53 / 53 57 60 / 62 -53 -57 <END> 
<S> 56 60 63 72 / 65 74 -56 -60 / 55 60 67 75 / 53 -60 -67 -75 / 55 60 67 74 / 59 -55 -67 -74 / 65 74 -55 -59 / 48 55 63 72 / 60 67 72 75 / 58 -60 -67 -75 <END> 
<S> 48 60 63 -67 / 60 65 -60 -67 / 58 62 67 / 55 -58 -62 -67 / 51 60 63 67 / 50 58 65 -67 / 48 63 67 72 / 53 62 74 -72 / 51 60 67 72 / 50 65 -60 -72 / 51 -50 -65 -72 / 48 58 64 67 / 60 -48 -64 -67 <END> 
<S> 48 63 67 72 / 55 67 71 74 / 60 67 72 75 / 53 68 72 74 / 65 -53 -72 -74 / 55 67 71 -74 / 65 -55 -71 -74 / 48 63 72 / 46 62 70 77 <END> 
<S> 53 68 72 74 / 65 -53 -72 -74 / 55 62 71 -74 / 67 -55 -71 -74 / 65 -55 -71 -74 / 48 63 67 72 / 58 65 70 74 / 56 -65 -70 -74 / 55 70 75 -70 / 53 -70 -75 <END> 
<S> 60 67 75 / 58 -60 -67 -75 / 56 68 72 75 / 55 -68 -72 -75 / 53 68 72 77 / 67 -53 -72 -77 / 58 65 74 77 / 56 -65 -74 -77 / 55 70 75 79 / 53 -70 -75 -79 / 51 72 75 79 / 50 -72 -75 -79 <END> 
<S> 58 65 73 74 / 56 72 -65 / 55 70 74 75 / 53 68 72 80 / 55 67 71 79 / 63 -55 -71 -79 / 56 64 72 77 / 53 62 70 -77 / 68 -53 -62 -77 / 51 63 67 75 / 58 62 70 77 / 56 -62 -70 -77 <END> 
<S> 53 57 68 77 / 55 75 -68 / 56 65 74 / 55 59 67 75 / 60 63 68 75 / 58 62 67 -75 / 56 60 65 72 / 55 58 67 70 / 53 60 68 68 / 50 65 -68 -68 / 51 63 67 70 / 62 -51 -67 -70 / 53 60 65 68 / 55 63 67 -60 / 59 62 -55 -67 <END> 
<S> 55 58 67 75 / 53 68 -58 -75 / 51 58 67 74 / 50 -58 -74 -74 / 51 70 72 / 55 70 -70 / 63 68 -51 -70 / 50 58 65 68 / 51 67 -58 -65 / 63 -51 -58 -67 / 46 65 -58 -63 / 46 62 70 -65 / 68 -46 -62 -65 / 48 60 64 67 <END> 
<S> 53 65 68 72 / 63 -53 -68 -72 / 55 61 67 70 / 69 -55 -61 -70 / 43 58 62 70 / 68 -43 -58 -62 / 48 60 63 67 / 60 -44 -60 -67 / 55 58 63 70 / 56 65 -63 -70 / 51 58 63 67 55 58 65 -51 56 50 53 70 55 51 55 63 70 / 53 56 68 51 <END> 
<S> 53 60 65 68 / 51 58 67 -65 / 63 -51 -58 -67 / 62 65 -51 -58 / 56 60 63 -65 / 55 58 62 70 / 43 53 67 70 / 48 52 68 -67 / 53 60 65 69 / 63 -53 -60 -69 / 46 62 65 70 / 51 63 67 70 / 53 62 -67 -70 <END> 
<S> 50 53 65 70 / 48 51 -65 -70 / 55 59 63 70 / 62 -55 -63 -70 / 56 60 63 72 / 55 58 -63 -72 / 53 56 68 72 / 53 65 70 / 63 -53 -65 -70 / 46 58 65 70 / 53 58 65 70 / 62 -53 -65 -70 <END> 
<S> 53 56 65 74 / 59 -53 -65 -68 / 60 63 67 75 / 57 62 -67 -75 / 58 65 74 / 57 72 -58 -74 / 55 62 70 74 / 53 -62 -70 -74 / 51 63 70 79 / 55 70 -63 -79 / 56 60 68 77 / 59 62 67 -77 <END> 
<S> 58 63 70 74 / 63 -58 -70 -74 / 56 68 72 75 / 74 -56 -68 -72 / 67 72 75 / 55 -67 -72 -75 / 53 68 72 74 / 55 67 71 -74 / 65 -55 -71 -74 / 48 63 67 72 / 46 62 70 77 <END> 
<S> 53 68 74 -60 / 55 59 67 -74 / 56 60 65 -74 / 72 -56 -60 -65 / 55 62 67 70 / 50 62 65 70 / 52 60 67 -70 / 53 60 69 -67 / 62 65 -53 -69 / 63 -53 -69 / 46 62 67 70 / 51 63 68 72 <END> 
<S> 53 60 69 -63 / 62 -53 -69 / 60 -53 -65 -69 / 46 58 65 70 / 46 62 -65 -70 / 51 58 63 67 / 60 -51 -63 -67 / 53 60 65 68 / 51 -60 -65 -68 / 50 58 70 -65 / 46 62 -58 -70 / 51 58 63 67 / 51 58 63 67 / 50 55 -58 -67 / 48 51 63 69 / 63 -48 -63 -69 <END> 
<S> 53 62 65 70 / 51 58 63 -70 / 56 60 -63 -67 / 65 68 -56 -60 / 50 58 65 -68 / 50 62 67 -65 / 51 60 63 -67 / 59 62 -51 -67 / 53 60 67 68 / 55 -60 -67 -69 / 53 56 65 68 / 62 -53 -56 -65 / 51 60 63 67 / 46 58 62 65 / 56 -46 -62 -65 / 48 55 60 63 <END> 
<S> 56 60 63 / 55 60 65 / 54 63 -60 -65 / 59 62 68 -53 / 60 -53 -59 -68 / 48 60 67 76 / 53 59 68 77 / 51 60 67 79 / 58 65 74 -51 / 56 67 72 75 / 77 -56 -72 / 47 65 74 -72 / 67 71 74 <END> 
<S> 53 60 68 77 / 55 67 75 -60 / 56 60 65 -75 / 58 74 -60 -65 / 56 60 72 -65 / 55 70 -60 -72 / 53 68 -60 -72 / 59 74 -53 -68 / 48 60 67 75 / 50 59 65 74 / 51 58 67 75 / 57 60 65 -51 / 50 58 65 67 <END> 
<S> 48 60 67 75 / 65 74 -48 -60 / 58 67 75 -48 / 50 -58 -67 -77 / 51 72 75 / 55 67 74 -72 / 71 65 -67 -74 / 71 -41 -65 -74 / 63 67 72 / 59 62 67 79 / 60 67 75 <END> 
<S> 50 62 67 77 / 51 60 67 75 / 53 60 69 74 / 55 59 67 74 / 65 -55 -59 -74 / 48 60 63 72 / 60 63 67 75 <END> 
<S> 55 59 67 75 / 60 -55 -67 -75 / 74 -55 -60 -67 / 59 -55 -67 -74 / 48 63 67 72 / 56 60 65 72 / 67 -56 -60 -72 / 55 65 68 72 / 53 -65 -68 -72 / 55 67 71 <END> 
<S> 56 65 68 72 / 58 -65 -68 -72 / 60 67 -65 / 62 65 -60 -67 / 60 64 67 -60 / 59 -60 -64 -67 / 41 60 65 68 / 62 -41 -65 -68 / 60 63 67 / 58 62 -67 -75 / 60 72 -67 -75 / 58 62 74 77 / 56 60 72 77 / 55 70 75 -60 <END> 
<S> 60 63 67 75 / 58 62 -67 -75 / 56 60 72 77 / 55 70 -60 -77 / 53 65 68 74 / 63 -53 -68 -74 / 59 65 67 -74 / 60 67 72 / 58 62 -67 -72 / 56 63 65 72 / 53 62 74 -72 / 51 67 70 75 / 50 -67 -70 -75 <END> 
<S> 48 60 63 75 / 60 72 75 -60 / 53 68 74 -60 / 55 67 70 74 / 57 66 72 -74 / 55 70 74 / 62 66 -70 -74 / 60 63 70 79 / 62 -63 -70 -79 / 63 70 79 / 55 -63 -70 -79 <END> 
<S> 48 63 67 75 / 62 -48 -67 -75 / 63 60 67 75 / 58 -67 -67 -75 / 56 60 72 77 / 55 70 75 -60 / 53 60 68 74 / 55 59 67 -74 / 65 -55 -67 -74 / 48 60 67 72 / 58 -67 -72 / 56 56 65 72 / 58 -56 -72 <END> 
<S> 53 60 68 74 / 55 70 -60 -74 / 56 72 -60 / 58 65 74 / 74 -55 -58 -74 / 53 60 68 75 / 50 58 65 74 / 51 58 67 79 / 55 -58 -70 -79 / 57 60 77 -63 / 58 62 67 -77 / 60 -58 -67 -77 <END> 
<S> 58 62 67 -70 / 69 -58 -62 -70 / 68 -58 -62 -74 / 51 58 67 75 / 63 67 70 75 / 62 65 70 77 / 63 73 79 -65 / 58 70 74 79 / 67 70 75 79 / 68 72 75 -51 / 70 72 74 / 70 72 -70 <END> 
<S> 58 63 75 79 / 51 -63 -75 -79 / 59 74 79 -65 / 65 -59 -74 / 56 60 63 72 / 57 63 72 75 / 65 -57 -72 -75 / 58 67 77 -72 / 74 -55 -58 -74 / 53 60 70 79 / 52 -60 -70 -79 / 53 60 68 77 / 55 59 67 -77 <END> 
<S> 56 65 72 77 / 0 -56 -72 / 55 63 70 53 / 53 68 77 -63 / 51 63 -68 79 / 58 70 -51 -79 / 68 -51 -58 50 / 0 / 56 63 68 72 <END> 
<S> 51 63 67 75 / 55 -51 -67 -75 / 56 60 65 72 / 67 -56 -60 -77 / 58 62 68 77 / 68 -62 -77 / 65 63 69 / 55 59 67 75 / 60 -55 -67 -75 <END> 
<S> 46 62 65 74 / 67 75 -62 -65 / 63 69 77 / 62 65 -69 -77 / 67 70 75 -62 / 63 46 -71 -79 / 56 65 72 77 / 53 68 -72 -77 / 58 70 74 77 / 68 -58 -74 -77 / 51 67 70 75 <END> 
<S> 53 68 77 -63 / 62 -53 -68 -77 / 60 63 67 -77 / 58 65 74 / 57 60 72 75 / 55 70 -60 -75 / 53 65 72 80 / 74 -53 -65 -72 / 55 71 75 -65 / 63 -55 -70 -75 / 56 62 68 77 / 60 75 -68 -68 / 55 62 67 71 / 53 -62 -67 -71 <END> 
<S> 53 65 72 -70 / 63 -53 -70 -72 / 46 62 65 70 / 59 62 67 74 / 60 67 75 / 58 -60 -67 -75 / 56 60 65 77 / 55 72 75 -60 / 53 74 -67 -72 / 71 -53 -67 -74 / 48 67 72 75 / 50 -67 -72 -75 / 51 67 72 75 / 53 -67 -72 -75 / 55 67 71 74 / 60 67 75 / 58 -60 -67 -75 <END> 
<S> 48 67 72 75 / 63 -48 -67 -72 / 53 65 74 -72 / 55 71 -65 -74 / 56 63 72 / 65 -56 -72 / 55 67 71 75 / 56 60 -67 -75 / 62 74 -60 -67 / 59 67 -62 -74 / 55 59 67 74 / 60 67 72 75 / 58 -67 -72 -75 / 56 68 72 75 / 55 -67 -72 -75 <END> 
<S> 55 63 67 75 / 56 62 65 72 / 60 63 -56 -72 / 55 62 67 71 / 55 62 67 71 / 53 -62 -67 -71 / 51 63 72 -67 / 50 62 -67 -72 / 48 55 67 74 / 72 -48 -67 -48 / 50 65 70 / 51 58 67 / 53 56 -58 -67 <END> 
<S> 48 63 67 72 / 55 67 71 74 / 55 67 71 74 / 53 67 70 75 / 58 -67 -70 -75 / 56 60 72 77 / 55 70 -60 -77 / 53 60 68 77 / 68 74 -53 -68 / 43 67 70 75 / 41 -67 -70 -75 <END> 
<S> 56 60 68 51 / 55 75 -60 -68 / 53 68 74 -60 / 59 62 -68 -74 / 60 63 67 72 / 62 74 -60 -67 / 58 60 67 75 / 56 60 65 -75 / 55 58 67 75 / 56 60 65 -75 / 50 62 65 74 / 64 67 -50 -74 / 53 65 68 72 / 59 67 74 -53 <END> 
<S> 56 60 63 72 / 65 74 -56 -60 / 55 58 67 75 / 53 68 -58 -75 / 55 62 70 -58 / 56 65 -70 72 / 51 63 67 70 / 62 -51 -67 -70 / 53 60 68 72 / 55 67 70 -72 / 56 65 72 -70 / 58 65 72 -72 / 63 74 -55 -72 / 62 65 77 -55 <END> 
<S> 51 63 67 70 / 60 -51 -67 -70 / 53 60 67 68 / 64 -53 -60 -68 / 65 -53 -60 -68 / 59 -53 -65 -68 / 60 -53 -65 -68 / 46 58 65 68 / 62 -46 -58 -65 / 48 58 63 70 / 67 -48 -58 -63 / 44 56 60 65 / 53 -44 -60 -56 / 46 53 65 -60 / 41 53 60 -60 / 41 53 60 -60 / 41 -53 -60 <END> 
<S> 46 58 65 / 53 58 65 -46 / 55 -46 -65 / 39 55 60 63 / 51 58 -48 -63 / 41 56 60 62 / 43 -53 -56 -60 / 44 -53 -56 -60 / 51 55 67 -60 / 53 59 62 -55 / 51 55 60 63 / 50 53 -60 65 / 55 59 -50 -65 / 53 56 60 65 / 55 -53 -60 -65 <END> 
<S> 43 50 60 63 / 48 -43 -60 -63 / 44 56 65 -60 / 59 62 -44 -65 / 60 -44 -60 -65 / 43 62 67 -60 / 53 60 -67 / 62 65 -53 -60 / 63 -53 -60 / 58 62 -53 -65 / 51 60 63 / 50 58 62 65 / 56 -58 -62 -65 / 51 55 58 67 / 52 60 67 -51 / 50 -51 -60 -67 <END> 
<S> 44 60 65 68 / 53 -60 -65 -68 / 60 64 67 / 65 -60 -67 / 58 63 67 / 56 -58 -63 -67 / 58 65 -63 / 56 62 65 71 / 55 -58 -63 -67 / 53 60 65 68 / 50 58 -65 -68 / 51 67 -58 -65 / 63 60 -51 -67 / 46 62 65 70 / 46 62 -65 -70 / 48 58 63 67 / 68 -51 -58 -67 / 50 58 65 68 / 51 58 63 67 <END> 
<S> 53 57 65 68 / 51 58 63 67 / 60 65 68 / 63 -60 -68 / 55 58 63 67 / 53 56 -58 -67 / 52 55 60 72 / 53 68 74 -60 / 55 59 67 74 / 56 60 65 -74 / 58 62 67 -65 / 64 -58 -62 -67 / 54 60 63 69 / 55 58 -63 -69 / 53 57 65 -63 / 62 -53 -57 -65 <END> 
<S> 57 60 65 75 / 58 65 74 / 64 -58 -58 -79 / 57 65 77 -58 / 55 63 75 79 / 62 -63 -70 -79 / 57 63 72 77 / 58 62 70 77 / 68 -58 -62 -77 / 51 58 67 75 / 63 69 72 -75 / 65 65 71 74 / 63 67 70 75 / 68 77 -63 <END> 
<S> 58 62 65 77 / 67 75 -58 -65 / 56 60 68 77 / 58 62 70 77 / 51 63 70 79 / 53 65 68 77 / 67 -53 -65 -77 / 48 63 72 79 / 60 -63 -72 -79 / 58 65 72 80 / 56 -65 -72 -80 / 55 63 70 79 / 56 60 -70 -79 / 58 62 70 77 / 60 75 -65 -70 / 58 65 70 77 / 56 -65 -70 -77 <END> 
<S> 53 63 72 80 / 55 70 79 -80 / 56 -65 -70 -77 / 58 62 70 77 / 68 -58 -62 -77 / 60 63 67 76 / 65 69 -60 -75 / 55 67 71 74 / 63 72 -55 / 50 65 74 77 / 59 67 -74 -77 / 60 67 72 75 / 55 67 71 74 <END> 
<S> 57 65 72 77 / 75 -57 -65 -77 / 58 70 74 -65 / 75 -58 -65 -70 / 46 65 70 77 / 46 62 -65 -70 / 48 63 70 79 / 72 -48 -63 -79 / 53 65 72 80 / 74 -53 -65 -80 / 51 58 67 79 / 75 -58 -67 -79 / 56 65 72 77 / 55 70 75 75 <END> 
<S> 53 65 68 72 / 63 -53 -68 -72 / 58 62 70 74 / 67 -58 -62 -74 / 53 -58 -62 -74 / 51 55 63 70 / 50 -55 -63 -70 / 48 63 68 72 / 67 -48 -63 / 75 58 65 68 / 63 67 -46 -56 / 47 62 68 -67 / 65 -47 -62 -68 / 48 63 67 / 60 63 67 72 <END> 
<S> 51 63 67 72 / 53 -63 -67 -72 / 55 62 67 70 / 56 63 67 70 / 65 68 -63 -72 / 63 67 70 / 65 68 -63 / 58 64 -65 -68 / 62 70 -65 -65 / 63 63 67 -70 / 69 74 -48 -63 -67 / 58 63 67 75 / 56 62 65 -75 <END> 
<S> 58 65 70 74 / 56 -65 -70 -74 / 55 67 70 75 / 65 74 -55 -70 / 51 63 67 72 / 48 63 69 -72 / 53 65 68 -72 / 62 -53 -65 -72 / 63 -53 -68 -72 / 55 62 67 71 / 75 -62 -67 -71 / 65 63 67 72 / 62 -51 -67 -72 <END> 
<S> 63 68 72 -55 / 53 62 65 -72 / 63 -53 -68 -72 / 55 62 67 71 / 65 -55 -62 -71 / 48 60 63 72 / 50 62 65 -72 / 51 63 67 / 62 -51 -67 / 60 77 -51 -67 / 55 59 67 74 / 53 -59 -67 -74 <END> 
<S> 51 63 67 72 / 50 -63 -67 -72 / 48 62 67 74 / 47 -62 -67 -74 / 48 60 67 75 / 55 62 -67 -75 / 56 60 63 75 / 55 58 -60 -75 / 53 56 60 72 / 51 55 -56 -60 -72 / 53 56 65 68 / 55 59 -65 -68 / 60 64 -55 -67 / 53 57 62 74 <END> 
