<S> 48 67 72 75 / 50 -67 -72 -75 / 51 63 67 72 / 53 -63 -67 -72 / 55 62 67 71 / 65 -55 -62 -71 / 56 60 63 72 / 55 -60 -63 -72 / 53 60 68 74 / 55 67 -60 -74 / 59 -55 -67 -74 / 48 60 67 75 / 60 67 72 75 <END> 
<S> 53 60 68 74 / 55 59 67 -74 / 65 -55 -67 -74 / 48 63 67 72 / 50 58 70 77 / 51 58 70 79 / 53 -58 -70 -79 / 55 58 70 79 / 56 60 -70 -79 / 58 62 65 74 / 67 75 -58 -62 / 59 62 68 77 <END> 
<S> 51 58 70 79 / 53 -58 -70 -79 / 55 -58 -70 -79 / 56 60 77 -70 / 50 62 68 -77 / 51 63 67 75 / 55 58 73 -75 / 56 60 72 77 / 55 70 -60 -77 / 53 60 68 -77 / 75 -53 -60 -68 / 55 58 67 74 / 55 59 67 74 / 60 -55 -67 -74 <END> 
<S> 56 60 77 -70 / 68 72 75 -77 / 55 67 71 75 / 53 68 72 74 / 55 67 71 -74 / 65 -55 -71 -74 / 48 63 67 72 / 53 65 70 75 / 51 -65 -70 -75 / 53 65 72 80 / 71 -53 -65 -80 / 55 63 72 79 / 57 -55 -72 -79 <END> 
<S> 53 65 70 72 / 51 -65 -70 -72 / 50 65 70 74 / 69 -50 -65 -74 / 51 67 70 75 / 53 -67 -70 -75 / 55 58 70 74 / 56 72 -58 -74 / 55 70 75 74 / 56 72 -70 -75 / 55 63 70 75 / 53 65 68 -75 / 51 63 67 79 / 55 -51 -67 -79 / 51 67 70 77 / 53 -67 -70 -77 <END> 
<S> 51 67 70 72 / 53 -67 -70 -72 / 55 67 70 75 / 56 60 -70 -75 / 58 62 68 74 / 67 75 -62 -68 / 55 63 67 70 / 53 56 65 68 / 51 58 67 70 / 56 63 68 72 / 55 65 71 -68 / 63 67 -55 -70 / 53 65 68 72 <END> 
<S> 56 63 65 / 60 -56 -65 / 55 58 67 75 / 53 60 68 77 / 62 -53 -68 -77 / 51 63 67 79 / 55 -51 -60 -79 / 51 60 67 79 / 61 -51 -67 -79 / 60 67 75 / 58 -60 -67 -75 / 56 60 68 75 / 55 -60 -68 -75 / 53 60 68 77 / 76 -53 -68 -68 / 55 70 74 -68 / 56 -55 -70 -74 / 55 63 70 75 / 53 68 77 -75 <END> 
<S> 60 67 75 / 58 -60 -67 -75 / 56 60 68 75 / 55 70 -60 -75 / 56 60 72 77 / 53 68 74 -72 / 50 71 -68 -74 / 51 67 72 75 / 53 -67 -72 -75 / 55 67 71 74 / 51 58 70 79 / 60 -51 -70 -79 / 48 63 68 79 / 72 -48 -63 -79 / 53 65 72 77 / 63 -53 -72 -80 / 46 62 65 77 / 51 67 -59 -77 <END> 
<S> 53 68 74 -60 / 55 59 67 -74 / 56 60 65 -74 / 72 -56 -60 -65 / 55 62 67 70 / 50 62 65 70 / 51 60 67 -65 / 48 60 63 -67 / 50 57 66 72 / 58 62 67 / 57 60 69 77 / 62 -57 -69 -77 / 55 63 70 75 / 53 -63 -70 -75 <END> 
<S> 60 63 67 -48 / 58 62 -67 -70 / 57 60 65 72 / 64 70 -57 / 55 58 65 -70 / 53 56 -65 -70 / 51 55 67 70 / 53 56 -67 -70 / 51 65 68 / 47 67 -65 / 48 60 64 -67 / 58 62 -48 -67 / 41 53 60 65 / 53 55 60 69 / 51 55 -60 -69 <END> 
<S> 48 60 63 68 / 46 -60 -63 -68 / 44 60 65 -63 / 56 65 -60 -65 / 60 -44 -60 -65 / 46 58 62 65 / 56 -58 -62 -65 / 39 55 58 63 / 51 58 63 67 / 51 60 63 67 / 50 62 -63 -67 / 48 55 63 -67 / 60 -48 -63 -67 / 53 60 68 -60 <END> 
<S> 55 63 67 70 / 51 -55 -63 -67 / 56 60 63 -67 / 53 65 -60 -63 / 55 59 62 -65 / 56 -59 -62 -65 / 55 60 67 / 53 60 65 68 / 55 59 62 67 / 56 60 63 -67 / 65 -56 -60 / 55 58 62 -46 / 53 -58 -62 -65 / 48 60 63 67 / 51 -60 -63 -67 <END> 
<S> 60 65 68 / 60 -60 -65 -68 / 60 64 67 -60 / 58 62 -63 -67 / 56 60 63 72 / 55 58 -63 -72 / 53 56 68 72 / 58 62 -53 -68 / 60 63 67 / 58 65 74 / 55 67 72 75 / 65 74 -55 -72 / 56 63 72 / 65 74 -56 -72 <END> 
<S> 56 60 63 72 / 55 58 -63 -72 / 53 56 68 74 / 58 -53 -68 / 44 60 72 77 / 46 62 67 -77 / 48 63 75 -67 / 58 65 73 -75 / 56 65 72 77 / 70 -56 -65 -77 / 55 67 72 75 / 53 74 -67 -72 <END> 
<S> 58 65 70 74 / 60 -65 -70 -74 / 58 65 72 77 / 57 -65 -72 -77 / 58 65 70 74 / 56 -65 -70 -74 / 63 70 -56 / 55 -63 -70 / 56 56 -63 -70 / 51 55 63 70 / 61 -51 -55 -70 / 53 56 60 68 / 51 55 -60 -68 <END> 
<S> 58 62 65 70 / 67 -58 -62 -70 / 68 -58 -62 -70 / 51 63 67 75 / 48 -67 -75 / 53 65 68 74 / 55 63 -68 -74 / 65 -55 -68 -74 / 63 -55 -68 -74 / 72 -55 -60 -68 / 58 62 67 -55 / 65 -55 -62 -68 / 48 60 64 67 / 58 -48 -64 -67 <END> 
<S> 56 60 67 72 / 58 65 -56 -72 / 53 57 65 74 / 58 65 70 74 / 63 -58 -70 -74 / 62 72 -70 / 69 -62 -62 -72 / 60 63 67 -69 / 58 62 -67 -75 / 56 60 65 72 / 55 67 -60 -72 / 53 60 68 74 / 55 59 67 74 / 65 -55 -67 -74 <END> 
<S> 56 60 65 72 / 55 -60 -65 -72 / 53 56 -65 -69 / 46 58 -65 -68 / 67 -46 -58 -68 / 50 60 65 68 / 48 58 64 67 / 53 56 68 72 / 51 55 67 70 / 49 58 65 -70 / 48 -46 -65 -70 / 46 58 65 68 / 60 -46 -65 -68 <END> 
<S> 51 58 67 / 53 58 65 74 / 55 62 67 -74 / 56 60 63 72 / 65 74 -56 -60 / 55 58 67 75 / 53 68 77 -58 / 55 63 70 75 / 56 65 -63 -75 / 58 62 65 74 / 63 67 -58 -74 / 53 65 70 72 / 52 -65 -70 / 53 60 69 77 / 58 62 70 -77 / 60 63 -70 -77 / 62 65 70 77 / 63 -62 -70 -77 / 55 63 70 75 / 61 -55 -70 -75 <END> 
<S> 63 67 70 79 / 62 -63 -70 -79 / 60 63 72 79 / 62 70 74 -79 / 63 70 75 79 / 62 -70 -75 -79 / 60 72 75 79 / 58 74 -72 -79 / 56 72 75 77 / 58 70 75 -77 / 74 77 -58 -77 / 59 67 -74 -77 <END> 
<S> 56 72 77 77 / 53 75 -72 -77 / 58 70 77 77 / 68 74 -58 -77 / 59 67 74 79 / 77 -62 -67 / 60 75 -67 / 58 62 67 74 / 56 63 72 / 55 64 67 -72 / 53 56 68 72 / 55 -53 -68 -72 / 56 60 67 / 58 62 65 74 / 56 -62 -65 -74 <END> 
<S> 56 65 68 72 / 55 -65 -68 -72 / 53 60 67 68 / 59 -53 -67 -68 / 54 60 63 69 / 56 59 62 66 / 60 -56 -65 / 55 59 62 67 / 53 -59 -62 -67 / 52 60 67 72 / 53 62 65 -72 / 48 64 67 -72 / 55 62 67 71 / 60 63 68 -55 / 62 -55 -67 -68 / 60 66 67 74 / 59 -67 -74 <END> 
<S> 53 60 67 69 / 55 62 67 71 / 43 59 62 67 / 48 60 63 67 / 51 -60 -63 -67 / 53 56 65 68 / 63 -44 -53 -68 / 46 61 65 68 / 48 -61 -65 -68 / 50 67 -65 -68 / 60 63 68 -67 / 62 65 -68 -68 / 60 64 67 / 58 -60 -67 -75 <END> 
<S> 44 60 65 / 56 60 64 72 / 62 65 -56 -72 / 63 -57 -72 -72 / 59 62 67 74 / 60 67 75 / 62 77 -60 -67 / 48 63 67 79 / 72 -48 -67 -79 / 54 69 72 74 / 50 67 -72 -74 / 55 62 71 -74 / 53 -62 -71 -74 / 51 55 72 -71 / 63 -55 -72 / 54 62 69 -72 / 55 62 67 71 <END> 
<S> 53 69 72 74 / 50 -69 -72 -74 / 55 71 74 -74 / 65 -55 -71 -74 / 48 63 72 / 53 67 70 74 / 51 -67 -70 -74 / 50 65 70 74 / 62 65 -70 -74 / 51 63 70 79 / 63 72 79 / 62 65 74 77 <END> 
<S> 55 58 70 75 / 53 68 -58 -75 / 55 67 70 -75 / 56 65 72 -75 / 58 77 -65 -72 / 63 67 79 / 62 65 77 -79 / 60 67 75 79 / 58 74 -67 -79 / 57 60 72 77 / 55 70 -60 -77 / 53 65 69 72 / 74 -53 -65 -69 / 55 58 67 75 / 57 60 -67 -75 <END> 
<S> 59 62 74 79 / 57 -62 -70 -79 / 59 63 67 79 / 62 -63 -67 -79 / 60 63 67 79 / 58 62 -67 -79 / 56 60 72 77 / 55 70 -60 -77 / 57 66 72 75 / 70 -57 -66 -75 / 58 65 70 74 / 56 -65 -70 -74 / 55 58 70 74 / 53 -58 -70 -74 <END> 
<S> 58 65 70 74 / 56 -65 -70 -74 / 55 70 75 / 74 -55 -70 -75 / 56 72 75 -70 / 68 -56 -72 -75 / 67 -56 -72 -77 / 53 68 74 77 / 55 67 75 74 / 55 71 -67 -75 / 60 -55 -71 -74 / 62 67 71 -55 / 53 -62 -67 -70 / 51 63 67 70 / 62 65 -67 -70 / 48 64 67 72 / 60 -48 -67 -72 <END> 
<S> 55 62 71 75 / 60 -55 -71 -75 / 53 59 68 74 / 50 -59 -68 -74 / 51 58 67 75 / 58 -51 -67 -75 / 56 65 -51 -75 / 51 58 67 75 / 51 63 70 79 / 61 63 70 77 / 68 -61 -65 -77 / 60 67 75 / 77 -60 -67 / 58 63 67 79 / 56 68 -63 -79 / 58 65 70 74 / 56 63 68 72 <END> 
<S> 58 67 75 / 68 74 -58 / 56 63 72 / 65 74 -56 / 55 67 75 / 53 68 77 -75 / 55 62 74 -72 / 63 71 -55 -74 / 65 59 67 -74 / 60 63 67 72 / 62 67 70 75 / 65 69 74 <END> 
<S> 56 63 72 / 55 -63 -72 / 53 56 68 72 / 58 -53 -68 -72 / 60 67 -53 -72 / 54 69 72 74 / 55 67 71 -74 / 65 -55 -71 -74 / 60 63 67 72 / 58 62 -67 -72 / 56 65 72 77 / 55 70 -65 -72 <END> 
<S> 48 63 67 72 / 68 -48 -63 -72 / 50 65 70 74 / 46 62 68 77 / 67 75 -53 -62 / 51 58 67 75 / 55 74 -51 -67 / 53 60 68 46 / 51 58 -68 -68 / 50 65 67 72 / 60 68 -65 -72 / 58 65 74 / 57 60 -65 -74 / 58 62 70 77 / 69 -62 -62 -77 <END> 
<S> 51 58 65 67 / 63 -51 -58 -67 / 46 56 65 68 / 53 58 -65 -68 / 64 67 -58 / 62 65 -67 / 45 60 65 75 / 47 62 67 74 / 48 63 67 72 / 50 65 74 -72 / 48 62 67 75 / 53 65 68 74 / 50 -65 -68 -74 / 51 63 67 70 / 53 62 -67 -70 / 60 63 68 -51 / 50 65 -68 -68 <END> 
<S> 48 67 68 72 / 50 65 70 -72 / 52 67 70 / 53 65 68 -70 / 55 63 67 70 / 62 -55 -67 -70 / 56 60 67 72 / 65 68 74 / 55 64 70 72 / 53 65 68 -72 / 63 -53 -68 -72 / 55 62 67 71 <END> 
<S> 56 65 68 72 / 55 -65 -68 -72 / 53 61 67 70 / 52 60 -67 -70 / 53 60 65 68 / 55 -60 -65 -68 / 56 60 -65 / 63 -41 -56 -60 / 43 59 62 -56 / 55 -43 -59 -62 / 53 -43 -59 -62 / 48 51 55 60 / 47 55 62 67 <END> 
<S> 56 60 62 -65 / 43 59 -62 -65 / 50 57 62 65 / 55 58 62 67 / 53 57 62 -67 / 46 53 62 65 / -46 63 -53 -65 / 46 55 62 63 / 53 62 -55 -62 / 43 55 62 -62 / 53 -43 -59 -62 / 48 55 60 63 / 39 -55 -60 -63 / 44 60 62 65 / 43 -60 -65 <END> 
<S> 55 58 63 / 62 -55 -58 -63 / 56 60 65 -63 / 53 58 62 -65 / 60 63 -53 -65 / 46 58 62 65 / 56 -46 -62 -65 / 39 55 58 62 / 51 55 58 67 / 50 58 63 65 / 48 62 -58 -63 / 55 58 62 70 / 53 60 63 -70 / 68 -60 -60 -63 <END> 
<S> 51 58 63 67 / 50 -58 -63 -67 / 48 60 63 69 / 50 54 62 70 / 48 63 68 72 / 47 55 62 67 / 45 60 -55 -67 / 47 55 62 65 / 43 55 59 64 / 48 55 60 63 / 53 62 65 / 55 63 -53 -65 / 41 56 60 65 / 62 -41 -56 -65 <END> 
<S> 48 55 60 63 / 41 53 56 60 / 51 -41 -56 -60 / 43 50 55 59 / 59 -43 -43 -55 / 53 -43 -59 -67 / 48 51 60 67 / 46 51 62 67 / 50 -46 -62 -67 / 48 55 62 -67 / 53 60 -55 -67 / 58 62 -55 -67 / 43 59 62 67 / 45 60 65 69 / 47 62 65 -69 / 48 60 64 67 <END> 
<S> 48 51 67 -58 / 50 -51 -67 / 51 55 67 72 / 54 60 69 -67 / 43 59 67 70 / 48 60 69 -67 / 53 62 65 -69 / 60 63 -53 -69 / 46 62 65 70 / 46 62 -65 -70 / 48 63 67 / -70 -48 -63 -67 <END> 
<S> 53 60 65 69 / 51 -60 -65 -69 / 50 58 65 70 / 46 58 -65 -70 / 48 63 -58 / 46 53 60 -63 / 44 -53 -60 -63 / 41 55 60 67 / 58 41 -60 -67 / 43 53 59 68 / 51 -53 -53 -68 / 49 53 61 69 / 52 -61 -61 -69 / 50 57 62 65 / 53 -50 -62 -65 <END> 
<S> 44 51 60 65 / 43 50 59 -65 / 48 51 60 67 / 46 62 -60 -67 / 44 60 65 / 58 -44 -60 -65 / 41 60 68 -65 / 43 62 67 -65 / 63 58 -67 / 65 -43 -59 -67 / 48 60 63 -67 / 58 62 -48 -67 / 53 60 65 69 / 51 -60 -65 -69 / 50 58 65 70 / 46 62 -65 -70 <END> 
<S> 60 64 67 -46 / 58 -60 -67 -64 / 41 60 67 / 53 60 69 75 / 65 -53 -60 -69 / 46 65 65 70 / 46 62 -65 -70 / 55 63 70 72 / 53 65 68 -72 / 51 58 67 75 / 65 74 -51 -58 / 56 63 72 / 70 -56 -63 -72 / 55 61 70 79 / 60 72 -70 -79 <END> 
<S> 51 58 63 67 / 55 58 63 72 / 53 68 -63 -72 / 51 58 67 70 / 63 67 70 / 62 66 69 72 / 60 63 -69 -72 / 58 -63 -69 -72 / 62 68 72 77 / 63 70 -68 -77 / 63 70 79 -65 / 63 -63 -70 -79 / 58 70 77 -63 / 62 -58 -70 -77 / 68 -58 -62 -77 <END> 
<S> 58 65 70 74 / 60 63 68 75 / 67 -60 -63 -75 / 58 62 70 77 / 68 -58 -62 -77 / 60 63 67 75 / 65 69 -60 -75 / 55 67 71 74 / 55 67 71 74 / 60 67 72 75 / 58 -67 -72 -75 / 56 65 72 75 / 55 70 77 -75 / 53 68 72 77 / 68 -53 -68 -77 <END> 
<S> 60 67 75 / 58 65 74 77 / 56 63 72 75 / 55 63 70 -75 / 53 68 74 77 / 67 75 -53 -68 / 51 67 70 75 / 51 -67 -70 -75 / 53 68 72 74 / 55 67 71 -74 / 56 65 72 / 60 74 -65 -72 / 55 67 71 75 / 43 -67 -72 -75 <END> 
<S> 51 67 72 75 / 53 68 74 -72 / 55 67 71 -74 / 65 -55 -71 -74 / 48 63 67 72 / 60 63 67 72 / 58 62 -67 -72 / 57 60 65 72 / 55 67 -60 -72 / 53 62 68 72 / 63 -53 -68 -72 / 55 65 67 71 / 43 59 65 74 / 63 -55 -59 -74 <END> 
<S> 56 60 63 72 / 65 -56 -60 -72 / 55 62 67 70 / 53 -62 -67 -70 / 51 67 72 / 70 -51 -60 -67 / 53 56 65 68 / 55 59 67 -65 / 60 64 67 / 53 60 65 68 / 51 58 67 79 / 56 63 72 77 / 58 62 70 -77 / 68 -58 -62 -77 / 51 63 67 75 <END> 
<S> 53 60 65 68 / 63 -53 -60 -68 / 55 59 62 67 / 55 58 62 70 / 60 63 -55 -70 / 56 62 65 71 / 64 -56 -60 -71 / 53 59 68 74 / 57 -53 -68 -74 / 77 -53 -68 -74 / 55 70 75 -55 / 56 65 72 -75 / 58 77 -65 -72 / 63 70 79 <END> 
<S> 53 60 68 77 / 51 -60 -68 -77 / 50 62 70 77 / 62 -50 -62 -77 / 55 60 63 70 / 53 56 68 74 / 51 58 67 75 / 56 60 68 77 / 53 -60 -68 -77 / 58 62 67 79 / 56 -62 -67 -79 / 60 63 67 75 / 62 65 -67 <END> 
<S> 51 58 67 75 / 56 60 -51 -75 / 53 60 68 74 / 55 59 67 -74 / 65 -55 -67 -74 / 56 60 63 72 / 50 53 65 70 / 46 62 70 -65 / 51 63 69 72 / 67 -51 -63 -72 / 65 -51 -67 -72 / 67 74 -51 -58 / 59 62 67 79 <END> 
<S> 50 58 65 74 / 63 70 -50 -58 / 56 60 68 72 / 67 74 -56 -60 / 55 58 62 75 / 53 60 68 77 / 55 67 70 -77 / 53 65 68 -70 / 51 67 -56 -70 / 53 68 72 / 50 -67 -72 / 55 62 71 79 / 48 63 67 79 <END> 
<S> 55 58 67 75 / 53 60 68 77 / 62 -53 -68 -77 / 51 63 67 79 / 65 -51 -67 -79 / 50 67 72 75 / 48 -67 -72 -75 / 55 67 71 74 / 53 67 71 74 / 51 67 72 / 50 65 70 74 / 48 63 -70 -74 <END> 
<S> 48 67 75 -74 / 72 -48 -75 -75 / 55 67 71 74 / 53 -67 -71 -74 / 51 67 72 / 50 65 74 -72 / 48 63 -72 -74 / 50 66 -72 -74 / 55 67 -74 -74 / 53 68 -67 -74 / 55 62 -67 -72 / 56 60 65 72 / 58 74 -65 -68 / 60 67 -65 / 64 -60 -67 / 58 65 56 / 60 75 -56 -65 / 56 59 65 <END> 
<S> 56 63 67 72 / 55 65 -67 -72 / 53 57 -67 -72 / 74 -53 -57 -67 / 55 58 67 75 / 57 60 -67 -75 / 58 62 65 74 / 56 59 -65 -74 / 48 55 60 72 / 63 -48 -55 -72 / 42 57 63 72 / 62 66 -57 -72 / 60 63 67 -72 / 58 62 -67 -75 / 56 60 72 77 / 55 62 -60 -77 <END> 
<S> 48 55 63 72 / 43 55 62 71 / 51 55 63 72 / 50 53 65 74 / 48 51 67 72 / 55 58 67 74 / 56 60 -67 -74 / 55 59 62 67 / 53 -59 -62 -67 / 51 60 67 72 / 50 65 70 74 / 48 67 72 75 <END> 
<S> 56 60 67 72 / 55 -67 -72 / 53 65 68 74 / 53 75 -65 -68 / 63 -53 -68 -74 / 55 62 67 70 / 60 -62 -67 -70 / 58 60 67 75 / 57 -60 -67 -75 / 55 58 65 70 / 50 -58 -65 -70 / 51 58 63 67 / 62 -51 -58 -67 / 53 60 65 68 / 62 -53 -65 -68 <END> 
<S> 53 56 65 74 / 55 58 -65 -74 / 56 60 63 72 / 62 65 -56 -72 / 55 64 67 70 / 53 65 -67 -70 / 51 60 67 72 / 58 74 -67 -72 / 56 60 72 75 / 55 70 -60 -75 / 53 65 68 74 / 67 72 -53 -60 / 55 62 67 71 / 43 59 62 67 <END> 
<S> 56 65 72 / 67 -56 -72 / 55 65 68 74 / 53 -65 -68 -74 / 55 67 71 -60 / 59 62 -55 -67 / 57 60 -55 -67 / 55 59 62 67 / 55 60 63 70 / 53 -60 -63 -70 / 51 58 63 67 / 56 -51 -58 -67 / 39 58 63 67 / 51 58 65 67 / 63 -51 -58 -67 <END> 
<S> 44 60 63 65 / 56 62 -65 / 60 -56 -65 / 55 55 62 67 / 60 -55 -67 / 50 53 69 -60 / 48 58 -50 -65 / 47 56 62 / 43 55 60 63 / 44 53 59 65 / 45 51 60 65 / 63 -45 -60 -65 / 46 58 62 65 / 53 68 -46 -62 / 47 55 62 67 <END> 
<S> 44 56 60 / 59 -44 -56 -63 / 43 55 62 63 / 60 -43 -55 -63 / 44 53 65 -60 / 59 62 -53 -65 / 51 55 60 63 / 53 -55 -60 -63 / 55 60 62 / 57 -55 -60 -62 / 55 59 62 / 53 -55 -59 -62 / 51 55 60 63 / 48 57 63 -60 / 55 58 -48 -63 / 56 56 60 65 / 62 -56 -56 -65 <END> 
<S> 55 62 62 71 / 53 -62 -62 -71 / 51 60 67 / 50 53 -60 -67 / 48 55 60 -67 / 46 -55 -60 -67 / 44 56 60 65 / 43 55 62 67 / 58 65 -43 -55 / 53 -43 -59 -62 / 36 55 60 63 / 43 55 59 62 <END> 
<S> 44 51 60 62 / 55 -44 -60 -62 / 43 55 59 -62 / 51 60 -55 / 53 62 -43 -60 / 48 51 60 63 / 50 53 58 65 / 51 55 58 -67 / 60 -51 -67 / 46 53 62 -60 / 59 -43 -53 -62 / 44 51 60 63 / 43 62 65 70 / 41 -60 -65 -70 <END> 
<S> 48 51 60 63 / 50 53 58 -63 / 51 55 58 / 50 55 58 65 / 51 60 67 -55 / 53 60 62 / / 55 60 63 / 58 65 -55 / / 57 60 65 75 / 58 62 65 74 / 60 63 67 72 / 58 62 -67 -72 <END> 
<S> 55 60 63 / 53 55 -60 -63 / 59 62 -53 -55 / 51 60 -55 -59 / 50 53 -60 -60 / 55 59 -50 / 50 53 -43 -59 / 48 51 55 / 63 53 56 -48 / 51 55 60 -48 / 46 53 62 -60 / 55 -46 -62 / 53 56 -46 -62 / 55 58 62 / 56 60 65 -55 / 53 56 60 65 / 55 59 67 -65 / 56 60 63 -67 / 62 65 -56 -60 <END> 
<S> 48 51 55 63 / 46 -51 -55 -63 / 44 51 60 67 / 50 53 -60 -67 / 51 55 60 67 / 53 58 65 68 / 51 58 63 67 / 41 -58 -63 -67 / 39 55 63 70 / 46 -55 -63 -70 / 44 60 63 68 / 46 -60 -63 -68 / 48 51 63 68 / 46 -51 -63 -67 / 44 65 68 -60 / 50 62 67 71 / 51 -62 -67 -71 <END> 
