<S> 57 64 69 72 / 72 -57 -64 -72 / 55 67 74 -72 / 71 -55 -67 -74 / 60 67 72 76 / 71 -60 -67 -76 / 69 -60 -67 -76 / 55 67 71 74 / 65 -55 -71 -74 / 48 64 67 72 / 0 / 55 67 71 74 <END> 
<S> 48 64 67 72 / 48 64 67 72 / 55 59 67 74 / 60 67 76 / 59 67 74 / 65 -59 -67 -74 / 60 64 67 76 / 69 -60 -64 -67 / 62 65 71 74 / 69 -62 -65 -74 / 64 67 71 79 / 65 -64 -71 -79 <END> 
<S> 67 72 -48 -64 / 59 62 -67 -72 / 60 64 67 76 / 65 69 -60 -76 / 59 67 71 74 / 76 -59 -67 -71 / 57 67 72 76 / 66 -57 -72 -76 / 59 67 74 79 / 65 -59 -74 -79 / 60 64 72 79 / 62 65 -72 -79 / 64 67 72 79 / 65 71 74 -79 / 64 67 72 76 <END> 
<S> 60 67 72 76 / 59 -60 -67 -72 / 60 69 77 -64 / 72 -60 -64 / 58 62 70 77 / 52 -62 -70 -77 / 53 -62 -70 -77 / 55 61 70 76 / 77 -60 -64 -67 / 61 64 69 79 / 67 -61 -64 -79 / 57 62 69 77 / 60 69 72 -77 / 55 67 71 74 / 55 67 71 74 / 60 67 72 76 <END> 
<S> 57 60 69 77 / 59 62 -69 -77 / 60 64 67 76 / 65 69 -60 -76 / 62 67 74 -60 / 59 -62 -67 -74 / 48 64 67 72 / 53 65 69 74 / 71 -53 -65 -74 / 55 67 72 76 / 53 -67 -72 -76 / 55 62 74 -72 / 67 -55 -74 -74 / 71 -55 -67 -74 / 0 / 53 69 71 74 <END> 
<S> 50 65 71 74 / 52 -65 -71 -74 / 52 67 72 -71 / 53 69 -72 -79 / 55 67 71 74 / 65 -55 -71 -74 / 48 63 67 72 / 62 65 69 -48 / 60 64 67 / 58 -60 -67 -76 / 57 60 72 65 / 55 58 64 -72 / 53 57 62 72 / 52 -57 -60 -72 / 50 53 65 74 / 48 64 -53 -72 <END> 
<S> 60 64 67 72 / 55 65 74 -72 / 71 -55 -67 -74 / 48 64 67 72 / 60 67 72 76 / 59 -67 -72 -76 / 57 69 72 77 / 74 -69 -69 -77 / 67 70 76 -62 / 53 69 72 -76 / 55 67 71 74 / 55 67 71 74 <END> 
<S> 57 72 -67 -76 / 66 -57 -72 -76 / 55 64 71 74 / 53 69 73 / 52 67 71 79 / 65 -52 -71 -79 / 50 64 69 72 / 48 -64 -69 -72 / 50 67 71 77 / 52 -67 -71 -77 / 50 67 76 -70 / 52 -67 -76 -76 / 50 65 69 77 / 55 62 71 79 / 48 60 67 76 <END> 
<S> 50 67 76 -72 / 65 69 74 -79 / 67 70 76 79 / 65 69 81 -76 / 64 67 72 -81 / 65 74 81 -67 / 64 67 76 -81 / 62 65 81 81 / 64 41 -72 -81 / 60 64 69 76 / 65 77 -60 / 59 67 79 -77 / 60 64 76 -79 / 62 65 77 -60 / 53 79 -62 -70 <END> 
<S> 64 67 79 / 65 77 45 -79 60 64 72 79 / 58 65 74 -79 / 57 64 72 81 / 55 -64 -72 -81 / 53 62 69 81 / 60 -53 -69 -81 / 55 67 71 79 / 62 74 -55 -67 / 64 67 72 -55 / 60 65 -67 -72 / 55 67 74 -72 / 71 -55 -67 -74 / 65 -55 -71 -74 <END> 
<S> 53 65 74 81 / 64 -53 -74 -81 / 55 62 71 79 / 74 -55 -62 -79 / 57 69 77 76 / 59 64 74 -69 / 60 67 76 / 59 -60 -67 -76 / 57 60 67 76 / 55 59 67 74 / 54 -59 -67 -74 / 52 59 68 50 / 50 -59 -68 -74 / 52 59 67 76 / 57 74 -52 -67 <END> 
<S> 59 67 74 / 65 -59 -67 -74 / 60 67 76 / 62 77 -60 -67 / 61 64 69 79 / 62 69 77 / 59 68 -62 -77 / 57 61 69 76 / 57 60 69 76 / 77 -57 -60 -69 / 52 60 67 79 / 50 -60 -67 -79 / 52 60 72 79 / 71 -52 -60 -79 / 54 60 69 74 / 55 59 67 76 / 65 -55 -59 -76 <END> 
<S> 59 62 67 79 / 60 64 -67 -79 / 59 62 67 79 / 57 60 69 -79 / 55 62 71 79 / 72 -55 -62 -79 / 54 62 74 / 50 59 -62 -74 / 52 55 60 76 / 54 57 60 74 / 52 59 64 -74 / 54 57 62 74 / 64 -54 -57 -74 / 50 66 -57 -76 / 55 62 71 74 / 67 -55 -62 -74 <END> 
<S> 50 57 66 74 / 55 59 67 74 / 52 59 -67 -74 / 50 59 67 74 / 65 -59 -67 -74 / 52 60 67 72 / 55 74 -60 -67 / 53 59 67 / 65 74 -53 -53 / 52 55 67 72 / 50 57 65 74 <END> 
<S> 52 60 67 72 / 70 -52 -60 -67 / 53 60 65 69 / 48 60 64 67 / 59 -48 -64 -67 / 50 57 66 66 / 55 62 67 / 58 66 -50 -67 / 59 -50 -66 -66 / 51 58 67 / 55 59 62 67 / 64 -55 -62 / 57 60 66 / 55 59 62 67 <END> 
<S> 55 62 67 71 / 43 -62 -67 -71 / 50 62 69 -67 / 66 -50 -62 -69 / 60 -50 -66 -69 / 55 59 62 67 / 43 62 67 71 / 53 -62 -67 -71 / 52 60 67 72 / 50 65 -60 -72 / 52 60 67 70 / 48 -60 -67 -70 / 53 60 65 69 / 63 -53 -60 -69 / 46 62 65 70 / 51 63 67 70 / 69 -51 -63 -67 <END> 
<S> 52 60 67 72 / 54 53 69 -72 / 55 62 67 70 / 48 64 67 -70 / 50 58 65 -69 / 51 60 66 69 / 58 62 67 -55 / 53 57 60 69 / 55 58 67 -53 / 52 60 -55 -67 / 53 59 62 / -55 -59 -62 / 47 57 60 63 / 43 59 62 <END> 
<S> 55 58 62 70 / 48 55 63 69 / 50 54 63 69 / 60 -50 -54 -69 / 43 50 59 67 / 48 51 60 69 / 46 50 62 70 / 51 58 67 <END> 
<S> 50 54 62 69 / 43 50 62 71 / 48 51 60 72 / 51 -48 -60 -72 / 50 53 65 70 / 51 63 -53 -70 / 53 68 -48 -60 / 55 60 -48 -60 / 41 56 60 65 / 43 55 59 62 / 53 -43 -59 -62 <END> 
<S> 46 58 62 65 / 44 -58 -62 -65 / 43 59 62 67 / 48 55 63 -62 / 60 -48 -55 -63 / 41 56 62 65 / 60 63 -41 -56 / 59 62 -41 -68 / 60 67 -53 -56 / 55 62 -60 -65 / 59 -43 -55 -59 / 53 -43 -59 -62 / 48 51 55 60 <END> 
<S> 41 60 62 69 / 62 -41 -62 -69 / 43 58 63 -62 / 62 -43 -58 -63 / 44 56 60 63 / 55 -44 -60 -63 / 46 53 62 65 / 58 -53 -65 / 53 56 60 65 / 58 62 65 / 56 60 63 72 / 55 58 -63 -72 / 53 68 74 -72 / 68 -53 -68 -74 / 47 67 -68 -74 / 65 67 -47 -74 <END> 
<S> 53 56 65 68 / 63 -53 -68 -68 / 55 61 67 70 / 44 60 -67 -70 / 53 72 -60 -67 / 51 60 67 -67 / 53 65 68 -70 / 63 -53 -68 -70 / 62 -53 -63 -68 / 55 63 67 70 / 56 -63 -67 -70 / 58 63 68 -61 / 55 -58 -63 -67 / 53 60 68 / 55 58 67 75 <END> 
<S> 53 63 68 72 / 62 -53 -68 -72 / 63 67 -53 -68 / 46 62 65 -68 / 63 -46 -65 / 47 62 65 70 / 48 60 63 67 / 50 62 -60 -67 / 51 55 60 63 / 53 58 -60 -63 / 55 58 62 -48 / 51 56 -58 -67 / 41 -51 -56 -67 / 43 51 55 70 / 44 -51 -55 -70 <END> 
<S> 48 55 60 63 / 58 -48 -55 -63 / 45 53 65 -60 / 46 -53 -60 -65 / 44 51 60 -60 / 43 59 62 -60 / 44 60 -55 / 43 50 55 59 / 48 51 55 63 / 50 53 -55 -63 / 51 55 60 / 53 53 -60 55 / 55 59 62 / 56 -53 -59 -62 / 51 55 60 72 / 53 -60 65 -72 <END> 
<S> 48 51 55 60 / 50 53 58 65 / 51 55 58 67 / 46 55 62 70 / 68 -55 -62 -70 / 48 60 64 67 / 50 -60 -64 -67 / 52 60 67 / 48 58 64 68 / 56 60 65 68 <END> 
<S> 48 60 63 68 / 50 58 65 -68 / 51 67 -58 -65 / 63 -51 -58 -67 / 44 60 63 65 / 59 62 -44 -65 / 60 -53 -56 -65 / 39 55 58 62 / 51 58 67 / 43 -58 -67 / 44 48 65 65 / 45 60 -65 -65 <END> 
<S> 44 60 65 -63 / 46 58 62 -65 / 39 58 63 67 / 51 58 63 67 / 50 65 -58 -67 / 48 55 67 72 / 51 63 68 / 53 63 -63 -72 / 55 62 67 71 / 57 60 -67 -71 / 62 65 67 71 / 63 -62 -67 -71 / 62 65 67 71 / 60 63 -67 -70 <END> 
<S> 51 63 67 72 / 50 -63 -67 -72 / 48 62 67 74 / 47 -62 -67 -74 / 48 60 67 75 / 72 -48 -67 -75 / 55 67 71 74 / 50 -67 -71 -74 / 51 67 72 / 70 -51 -67 / 48 63 65 69 / 53 62 70 -65 / 51 55 63 70 / 53 56 68 -63 / 55 60 67 -53 / 53 -60 -67 <END> 
<S> 48 67 72 75 / 48 63 72 79 / 50 62 72 77 / 71 -50 -62 -77 / 51 67 72 75 / 53 -67 -72 -75 / 55 67 72 74 / 65 -55 -72 -74 / 56 63 71 -74 / 55 -56 -71 -74 / 72 -55 -59 -71 / 48 55 64 72 <END> 
<S> 53 69 72 74 / 50 65 71 74 / 51 -50 -65 -74 / 55 62 71 74 / 48 67 72 75 / 60 67 72 75 / 58 65 70 74 <END> 
<S> 48 63 67 72 / 60 -48 -67 -72 / 55 67 74 -60 / 59 67 -55 -74 / 57 60 -67 -74 / 59 62 67 74 / 72 -59 -62 -67 / 48 67 74 -67 / 50 65 -67 -74 <END> 
<S> 55 62 67 71 / 53 -62 -67 -71 / 51 60 67 72 / 48 -60 -67 -72 / 55 60 67 74 / 59 -55 -67 -74 / 56 60 63 72 / 65 -56 -60 -72 / 55 62 67 71 / 53 -62 -67 -71 <END> 
<S> 56 60 65 72 / 55 74 -60 -67 / 53 60 69 74 / 55 -60 -69 -74 / 54 60 69 75 / 56 64 71 -74 / 54 57 63 72 / 62 74 -57 -72 / 55 62 71 59 / 48 63 67 72 <END> 
<S> 57 60 -65 / 55 59 62 67 / 53 -59 -62 -67 / 48 60 63 -67 / 58 62 -48 -67 / 53 57 60 69 / 56 60 65 68 / 48 55 60 67 / 46 -60 -67 55 / 44 60 65 -75 / 53 -60 -65 -68 / 60 62 67 / 59 -55 -62 -67 <END> 
<S> 44 60 65 72 / 58 -44 -60 -72 / 43 56 62 -60 / 44 53 60 65 / 43 55 59 67 / 50 62 -43 -67 / 43 60 62 -67 / 55 59 -43 -67 / 36 60 -55 -67 / 48 55 62 67 / 58 -48 -55 -67 / 45 53 60 69 / 48 51 -60 -69 <END> 
<S> 43 59 62 67 / 48 60 63 69 / 50 62 65 71 / 51 63 67 72 / 53 60 68 74 / 59 -53 -68 -74 / 51 60 67 72 / 56 59 65 74 / 55 58 67 74 <END> 
<S> 51 63 67 72 / 60 -51 -67 -72 / 53 65 68 -72 / 63 -53 -68 -72 / 62 -53 -63 -68 / 55 62 67 70 / 56 65 68 72 / 63 67 -56 -72 / 62 68 -56 -72 / 43 60 67 44 / 59 62 67 74 / 60 65 68 <END> 
<S> 56 63 68 72 / 55 -63 -68 -72 / 53 61 67 70 / 52 -61 -67 -70 / 53 60 67 68 / 55 -60 -67 -68 / 56 60 65 68 / 53 -60 -65 -68 / 60 64 67 / 60 63 72 79 <END> 
<S> 44 60 65 / 56 60 64 72 / 62 -56 -60 -72 / 53 60 68 74 / 50 62 70 77 / 68 -50 -62 -77 / 51 63 67 79 / 53 69 74 -79 / 55 67 71 77 / 56 72 75 <END> 
<S> 58 62 65 77 / 67 -50 -58 -77 / 55 60 69 75 / 53 -60 -69 -75 / 55 60 67 74 / 59 -55 -67 -74 / 48 58 67 75 / 56 60 65 72 / 74 -56 -60 -65 / 55 58 67 75 / 53 68 -58 -75 <END> 
<S> 56 60 63 72 / 65 74 -56 -60 / 51 60 67 72 / 53 59 68 74 / 55 59 67 -74 / 65 -55 -59 -74 / 48 60 63 72 / 46 62 70 77 <END> 
<S> 44 60 65 75 / 46 -60 -65 -75 / 48 60 75 -65 / 58 -48 -67 -75 / 54 57 62 74 / 72 -57 -57 -62 / 55 58 64 72 / 54 -55 -63 -72 / 55 62 70 74 / 52 61 -70 -74 <END> 
<S> 54 63 69 72 / 55 62 67 70 / 60 63 67 75 / 58 62 -67 -75 / 56 60 65 75 / 55 -60 -65 -75 / 53 60 68 77 / 55 60 67 75 / 56 65 68 74 / 55 67 70 75 / 53 68 72 77 / 74 -53 -68 -77 <END> 
<S> 56 60 63 72 / 65 74 -56 -60 / 55 58 67 75 / 53 56 65 -75 / 51 58 67 75 / 51 67 70 74 / 56 72 -51 -70 / 55 65 70 74 / 53 68 -65 -74 / 51 63 70 79 / 55 -63 -70 -79 / 53 65 68 80 / 70 -53 -65 <END> 
<S> 55 67 70 75 / 56 63 72 77 / 53 68 72 75 / 65 74 -53 -68 / 63 67 70 79 / 65 68 -63 -79 / 63 67 70 75 / 63 -63 -67 -75 / 60 63 72 80 / 56 -60 -63 -72 / 58 65 70 74 / 68 -58 -65 -74 <END> 
<S> 63 67 70 75 / 65 -67 -70 -75 / 63 67 72 75 / 57 65 72 -75 / 58 65 70 74 / 56 -65 -70 -74 / 55 63 70 75 / 65 -55 -70 -75 / 53 67 70 74 / 51 63 -70 -74 / 53 68 72 75 / 77 -53 -72 <END> 
<S> 55 63 70 75 / 53 68 -63 -70 / 55 63 67 -70 / 65 -55 -63 -70 / 56 60 63 72 / 65 74 -56 -60 / 55 58 67 75 / 53 68 -58 -75 / 51 63 67 74 / 50 65 72 -74 / 51 63 70 75 / 65 -51 -70 -75 / 51 67 70 75 <END> 
<S> 53 60 68 77 / 51 63 67 -77 / 50 62 -67 -75 / 48 63 72 -67 / 50 65 -72 -72 / 51 67 70 -72 / 53 63 69 72 / 62 -53 -69 -72 / 55 62 67 71 / 53 59 62 67 / 51 60 67 72 / 58 65 74 / 56 -58 -65 -74 <END> 
<S> 56 60 68 72 / 55 -60 -68 -72 / 53 68 70 74 / 68 -53 -68 -77 / 47 62 67 79 / 77 -62 -67 / 60 67 75 / 58 -67 -75 -75 / 56 72 75 77 / 53 68 -72 -77 / 55 67 71 74 / 53 74 -67 -74 / 52 67 72 / 48 63 -67 -72 <END> 
<S> 53 68 72 74 / 55 75 -68 -74 / 56 70 72 77 / 58 -68 -72 -77 / 60 67 72 75 / 74 -60 -72 -75 / 53 68 72 75 / 55 67 71 74 / 65 -55 -71 -74 / 48 63 67 72 <END> 
<S> 56 68 72 / 65 74 -56 -72 / 55 67 71 75 / 56 65 72 77 / 58 64 74 -72 / 51 63 72 75 / 53 65 72 77 / 51 67 70 75 / 65 -51 -70 -75 / 46 63 67 70 / 62 65 -46 -70 / 51 60 63 67 <END> 
<S> 53 68 72 74 / 67 -53 -72 -74 / 53 65 68 74 / 63 72 -55 -68 / 55 62 71 74 / 67 72 -55 -74 / 65 69 -55 -74 / 63 67 -55 -74 / 65 -55 -70 -74 / 48 63 67 72 / 60 63 67 72 <END> 
<S> 55 67 70 75 / 53 -67 -70 -75 / 51 65 70 77 / 50 -65 -70 -77 / 51 63 70 79 / 58 65 70 77 / 68 -58 -65 -77 / 60 63 67 75 / 69 -60 -63 -67 / 58 65 70 74 / 56 -65 -70 -74 <END> 
<S> 56 60 63 72 / 65 -56 -60 -72 / 55 62 67 70 / 53 -62 -67 -70 / 51 60 67 72 / 70 -60 -67 / 53 60 65 68 / 55 59 -65 -68 / 60 63 65 68 / 56 62 -65 -68 <END> 
<S> 44 60 63 65 / 56 62 -65 / 60 -44 -56 -65 / 46 53 62 -65 / 58 -46 -62 -65 / 56 -46 -62 / 55 55 58 64 -46 -61 56 60 65 / 51 58 -60 -65 / 53 56 60 68 / 55 65 -60 -68 <END> 
<S> 44 60 63 65 / 58 62 -44 -65 / 45 53 60 -65 / 63 -45 -53 -60 / 46 62 -53 -60 / 59 -41 -53 -62 / 51 60 -53 -68 / 53 46 -62 -60 / 55 67 -60 -53 / 53 56 60 -60 / 55 59 62 -53 / 51 -55 -59 -62 <END> 
<S> 44 56 60 65 / 55 -44 -60 -65 / 53 56 62 -60 / 59 -53 -56 -62 / 57 -53 -62 / 55 60 -53 -62 / 50 53 62 -69 / 51 55 58 67 / 50 57 62 65 / 63 -50 -58 -62 / 56 59 62 / / 55 60 63 / <END> 
<S> 50 58 62 65 / 60 -50 -58 -65 / 46 53 62 70 / 51 58 67 / 53 -51 -58 -67 / 51 55 60 67 / 50 60 65 69 / 43 62 -60 -69 / 68 -48 -60 -69 / 47 62 67 -56 / 43 -62 -67 -68 / 44 60 65 72 / 45 67 -60 -72 / 70 -45 -60 -67 / 46 65 -51 -60 / 53 -46 -65 -65 / 48 60 64 67 <END> 
<S> 48 60 67 -65 / 63 -48 -60 -67 / 44 59 67 74 / 47 62 67 74 / 48 60 67 75 / 50 -60 -67 -75 / 51 60 68 74 / 50 -60 -68 -74 / 51 67 72 / 58 65 74 / 56 60 65 72 / 55 62 67 71 / 53 -62 -67 -71 <END> 
<S> 51 60 67 72 / 50 -60 -67 -72 / 48 65 67 74 / 47 64 67 74 / 48 63 68 75 / 50 65 68 77 / 51 67 70 75 / 53 -67 -70 -75 / 55 67 71 74 / 53 68 71 74 <END> 
<S> 58 65 74 / 56 -58 -65 -74 / 55 63 70 75 / 53 65 -70 -75 / 51 63 70 79 / 72 -51 -63 -79 / 56 68 74 77 / 55 75 -58 -77 / 56 72 77 / 58 74 -68 -77 / 60 67 72 76 / 53 -60 -72 -76 <END> 
<S> 56 63 72 77 / 53 -63 -72 -77 / 58 62 70 77 / 51 67 70 75 / 48 67 70 75 / 65 68 72 77 / 67 43 45 60 / 58 62 70 / 53 63 68 72 / 55 62 67 71 <END> 
<S> 51 67 72 75 / 53 65 68 74 / 63 72 -53 -68 / 55 62 67 71 / 56 72 -62 -71 / 62 72 -56 -67 / 55 62 71 74 / 72 -62 -65 -71 / 63 67 72 -53 / 62 74 -67 -72 / 60 65 74 / 59 67 -65 -74 / 60 63 -67 -74 <END> 
<S> 59 67 74 -53 / 60 75 -67 / 62 65 77 -60 / 59 62 -77 -77 / 60 63 75 79 / 62 77 -60 -79 / 60 63 72 79 / 58 74 -63 -79 / 56 60 72 77 / 55 70 75 -60 / 53 68 74 -60 / 55 59 67 -74 / 56 60 65 72 / 74 -56 -60 -65 <END> 
<S> 56 60 72 77 / 55 -60 -72 -77 / 53 61 70 79 / 52 -61 -70 -79 / 53 60 69 77 / 48 60 67 76 / 50 65 -60 59 / 51 67 74 -60 / 53 59 68 74 / 51 60 67 75 / 69 -48 -60 -75 / 50 60 71 77 / 62 -50 -71 -77 / 51 55 72 75 / 53 74 -55 -72 <END> 
<S> 48 60 67 75 / 50 65 -60 -75 / 51 67 72 -75 / 53 -67 -72 -75 / 55 67 71 74 / 60 67 72 75 / 58 -67 -72 -75 / 57 60 72 77 / 55 70 -60 -77 / 53 65 69 72 / 74 -53 -65 -69 / 55 58 67 75 / 57 60 -67 -75 / 58 62 65 74 <END> 
