<S> 51 67 72 79 / 53 65 -72 -79 / 63 -53 -72 -79 / 55 62 71 79 / 57 72 -62 -79 / 59 74 79 -62 / 60 63 72 -79 / 62 65 77 -72 / 55 67 71 -77 / 60 67 72 75 / 62 71 -67 -75 / 63 67 72 -75 / 65 -67 -72 -75 / 67 71 74 / 63 67 70 79 / 62 65 -70 -79 <END> 
<S> 60 67 75 / 62 74 -67 -75 / 63 72 -67 -75 / 66 -72 74 / 55 67 71 -74 / 72 -55 -67 -71 / 53 62 67 71 / 48 63 67 72 / 50 62 65 -72 / 51 58 67 75 / 60 -51 -67 -75 / 53 60 65 68 / 46 62 -65 -68 / 51 58 63 67 / 64 -58 -63 -67 <END> 
<S> 51 63 67 72 / 62 -51 -67 -72 / 60 63 67 72 / 58 62 -67 -72 / 56 60 65 72 / 55 67 -60 -72 / 53 60 69 77 / 54 -60 -69 -69 / 55 62 67 71 / 60 64 67 / 62 66 69 / 59 62 67 <END> 
<S> 53 57 69 74 / 50 -53 -69 -74 / 55 67 74 -74 / 59 -55 -67 -74 / 48 63 67 75 / 60 67 72 75 / 53 -67 -72 -75 / 55 67 71 74 / 65 -55 -71 -74 / 48 63 67 72 / 53 65 70 75 / 74 -53 -65 -70 <END> 
<S> 60 63 67 75 / 68 -60 -63 -75 / 55 67 71 74 / 53 -67 -71 -74 / 51 67 72 50 / 70 -51 -67 -79 / 53 65 69 77 / 75 -53 -65 -68 / 55 70 74 -65 / 59 67 74 / 65 -55 -59 -74 / 48 60 67 72 <END> 
<S> 56 63 68 72 / 74 -56 -63 -68 / 55 63 67 75 / 65 -55 -67 -75 / 51 60 67 75 / 53 -60 -67 -75 / 55 60 67 74 / 72 -55 -60 -67 / 55 59 67 74 / 65 -55 -59 -74 / 56 60 63 72 / 55 -60 -63 -72 <END> 
<S> 55 59 67 75 / 60 -55 -67 -75 / 74 -55 -60 -67 / 59 -55 -67 -74 / 48 63 67 72 / 53 65 68 72 / 51 63 67 -72 / 49 65 68 77 / 51 67 70 75 / 55 63 70 75 / 56 68 -63 -75 / 58 65 68 74 / 60 67 75 / 53 65 68 74 <END> 
<S> 51 58 67 75 / 63 67 -51 -75 / 56 65 72 77 / 55 70 75 -77 / 53 72 75 79 / 51 67 72 79 / 50 65 72 80 / 71 -50 -65 -77 / 48 67 72 75 / 53 68 74 77 <END> 
<S> 53 68 72 77 / 74 -53 -68 -77 / 55 70 75 -74 / 56 65 72 -75 / 58 62 70 77 / 63 -58 -70 -77 / 62 -58 -70 -75 / 52 60 70 79 / 53 60 69 -79 / 55 67 -60 -69 / 54 57 69 74 / 72 -54 -57 -69 <END> 
<S> 55 58 70 76 / 53 -58 -70 -75 / 51 66 72 -58 / 50 -66 -72 -77 / 51 70 -68 -77 / 63 -70 -70 -77 / 62 65 69 77 / 72 75 -65 -77 / 58 64 74 79 / 62 70 77 / 60 63 72 75 / 74 -60 -63 -72 <END> 
<S> 56 60 72 77 / 55 -60 -72 -77 / 53 62 70 79 / 51 60 -70 -79 / 53 68 74 -60 / 59 67 -53 -74 / 63 67 72 -53 / 54 -63 -72 -75 / 55 62 70 70 / 57 65 -70 -70 / 58 62 69 -70 / 67 -58 -62 -70 / 57 60 69 72 / 55 70 -60 -72 <END> 
<S> 55 67 70 74 / 56 -67 -70 -74 / 55 70 75 -70 / 53 -67 -70 -75 / 51 65 70 77 / 50 -65 -70 -77 / 51 63 70 79 / 72 -51 -63 -79 / 47 68 74 77 / 67 -47 -74 65 <END> 
<S> 48 60 63 79 / 50 72 -60 -79 / 52 67 72 77 / 53 -67 -72 -77 / 55 67 72 74 / 53 -67 -72 -74 / 55 62 71 77 / 56 60 72 75 / 55 70 -60 -75 <END> 
<S> 48 67 72 75 / 50 65 72 -75 / 51 67 72 -75 / 53 -67 -72 -75 / 55 67 74 -72 / 70 -55 -67 -74 / 51 67 70 72 / 53 -67 -70 -70 / 68 -53 -65 -74 / 55 58 67 75 / 56 60 -67 -75 / 58 62 65 74 / 56 60 -65 -74 <END> 
<S> 50 65 70 74 / 52 -65 -70 -74 / 53 65 69 72 / 71 74 -53 -65 / 60 67 72 75 / 58 -67 -72 -75 / 56 60 72 77 / 55 67 75 -60 / 53 60 65 70 / 55 59 67 75 / 56 60 -67 -75 / 60 72 -67 -75 / 55 74 -60 -72 / 56 60 71 75 / 65 -56 -60 <END> 
<S> 56 60 72 77 / 55 75 -60 -72 / 53 68 74 -72 / 55 67 71 -74 / 65 69 -55 -74 / 48 67 63 72 / 50 62 71 77 / 60 63 72 75 / 53 68 74 77 -60 55 67 74 -51 / 65 -55 71 -74 / 56 63 72 / 55 74 -63 -72 / 53 68 74 -72 / 55 67 71 74 / 65 -55 -71 -74 <END> 
<S> 56 60 63 72 / 65 -56 -60 -75 / 55 62 67 70 / 53 -62 -67 -70 / 51 63 67 72 / 50 65 74 -72 / 48 67 72 75 / 50 -67 -72 -75 / 51 67 72 75 / 53 -67 -72 -75 / 55 67 70 75 / 56 60 68 77 / 58 62 -68 -77 / 60 63 67 75 / 53 65 72 -75 <END> 
<S> 48 67 72 75 / 51 -67 -72 -75 / 53 68 74 -72 / 55 71 -74 -74 / 65 -55 -71 -74 / 48 63 67 72 / 55 67 71 74 / 60 67 72 75 / 58 -67 -72 -75 / 57 65 72 77 / 53 75 -65 -72 / 58 65 70 74 / 57 -65 -70 -74 <END> 
<S> 60 67 75 / 58 -60 -67 -75 / 56 60 68 75 / 55 -60 -68 -75 / 53 68 74 -60 / 55 59 67 -74 / 56 60 72 -67 / 65 -56 -60 -72 / 50 62 65 71 / 62 -62 -65 -71 / 60 63 67 72 / 58 62 -67 -72 / 56 60 65 72 / 55 67 -60 -72 / 53 65 -60 -67 / 62 65 -53 -56 / 54 60 63 69 / 56 60 65 68 / 62 -56 -65 -68 <END> 
<S> 57 60 67 72 / 55 -60 -67 -72 / 53 60 67 70 / 55 65 -60 -68 / 60 63 67 / 56 59 63 72 / 57 60 65 -72 / 68 -57 -60 -72 / 55 58 67 70 / 53 65 68 -70 / 51 63 67 70 / 48 -63 -67 -70 / 56 62 65 72 / 60 -56 -65 -72 <END> 
<S> 53 60 65 69 / 51 -60 -65 -69 / 50 58 65 70 / 46 62 -65 -70 / 51 58 63 67 / 50 58 65 74 / 51 60 67 75 / 53 62 65 77 / 63 72 79 / 55 71 -63 -79 / 62 -55 50 -79 / 60 63 75 -50 / 62 -60 -63 -79 <END> 
<S> 63 67 70 / 59 65 68 72 / 55 63 67 / 62 65 -55 -67 / 60 63 67 / 55 59 62 -67 / 53 60 65 68 / 51 63 67 -60 / 50 58 65 70 / 68 -50 -58 -65 / 51 58 67 79 / 53 -51 -58 -79 / 55 60 70 77 / 68 -60 -63 -77 <END> 
<S> 51 58 65 67 / 63 -51 -58 -67 / 56 60 63 72 / 55 -60 -63 -72 / 53 60 68 72 / 55 63 70 75 / 56 65 -68 -75 / 58 67 70 74 / 68 -58 -65 -74 <END> 
<S> 44 60 65 75 / 46 -60 -65 -75 / 48 75 -60 -65 / 47 62 67 79 / 65 -47 -71 -79 / 56 64 72 / 62 65 -72 -56 / 60 67 75 -72 / 53 -60 -67 -75 / 55 59 67 74 / 65 -55 -59 -74 <END> 
<S> 56 60 72 / 59 -56 -72 -75 / 60 74 -56 -60 / 55 59 67 -60 / 53 59 62 -67 / 51 60 63 -67 / 57 60 65 -51 / 53 62 65 69 / 63 -53 -65 -69 / 46 62 65 70 / 51 63 67 70 / 53 -63 -67 -70 / 51 55 -67 72 / 53 74 -60 -67 / 59 67 -53 / 65 -52 -59 -59 <END> 
<S> 56 60 63 72 / 55 65 -63 -72 / 53 62 74 70 / 68 -53 -62 -74 / 55 67 70 75 / 56 65 77 -75 / 58 62 70 77 / 51 63 70 79 / 62 77 -70 -79 / 56 60 72 75 / 55 70 -60 -75 / 53 62 68 77 / 60 -53 -68 -77 / 55 67 70 -60 / 58 62 -55 -70 -76 56 56 60 63 72 / 57 60 -56 -72 <END> 
<S> 56 63 72 77 / 53 -63 -72 -77 / 58 62 70 77 / 51 67 70 75 / 51 70 79 79 / 55 -70 -79 -79 / 77 -55 -70 -82 / 56 72 75 77 / 58 70 74 -77 / 68 -58 -74 -77 / 51 67 70 75 / 51 67 70 79 / 63 70 79 <END> 
<S> 56 68 72 77 / 58 -68 -72 -77 / 60 67 72 75 / 55 67 74 -72 / 53 -67 -72 -74 / 51 67 72 75 / 50 65 -72 -75 / 48 67 72 75 / 65 74 -48 -72 / 63 67 72 / 55 -63 -67 -72 / 56 62 65 72 / 60 -56 -65 -72 <END> 
<S> 48 67 72 75 / 63 -67 -72 -75 / 65 70 74 -60 / 58 -65 -70 -74 / 56 -65 -70 -74 / 55 70 75 / 74 -55 -70 -75 / 53 68 72 -75 / 74 -53 -68 -72 / 55 67 72 75 / 43 -55 -67 -75 / 65 74 -55 -60 / 59 -55 -65 -74 / 48 60 64 72 / 60 67 72 75 <END> 
<S> 55 67 71 75 / 53 -67 -71 -75 / 51 63 72 -67 / 50 62 -67 -72 / 48 60 67 75 / 53 60 65 68 / 44 59 67 74 / 65 -47 -68 -74 / 48 63 67 72 / 60 64 67 72 <END> 
<S> 56 60 65 72 / 55 70 -60 -72 / 53 68 72 -60 / 55 59 67 74 / 60 -55 -67 -74 / 65 -55 -60 -74 / 53 59 67 74 / 48 -59 -67 -74 / 50 60 65 77 / 52 62 -60 -65 / 53 60 67 <END> 
<S> 55 60 67 75 / 53 -60 -67 -75 / 55 59 67 74 / 65 -55 -59 -74 / 48 60 63 72 / 46 62 65 70 / 68 -46 -62 -65 / 51 58 67 -65 / 63 -51 -67 -70 / 56 60 65 68 / 55 -60 -65 -68 / 53 60 65 70 / 52 -60 -65 -70 <END> 
<S> 56 60 65 -51 / 55 58 63 67 / 53 60 68 / 46 53 62 70 / 51 63 67 70 / 48 -67 -67 -70 / 50 65 69 72 / 71 -50 -65 / 48 55 67 72 / 53 59 74 -67 / 51 60 68 -67 / 53 59 68 74 <END> 
<S> 51 67 72 / 63 70 -51 -67 / 53 56 68 72 / 51 60 67 -56 / 55 59 62 67 / 55 58 62 70 / 48 63 67 68 / 50 62 67 70 / 51 60 67 70 / 53 60 69 -67 / 62 65 -53 -69 / 60 63 -53 -68 <END> 
<S> 51 63 67 70 / 48 -63 -67 -70 / 55 63 67 71 / 62 -55 -67 -71 / 51 60 67 70 / 48 -60 -67 -70 / 53 60 65 68 / 55 58 63 -68 / 56 60 -63 -67 / 62 65 -56 / 55 58 63 70 / 51 -55 -63 -70 / 53 56 68 -63 / 55 60 63 -68 / 46 58 65 -63 / 48 58 63 67 / 49 -58 -63 -67 <END> 
<S> 55 58 62 70 / 53 63 68 72 / 51 67 -63 -72 / 50 65 70 74 / 55 63 -70 -74 / 53 68 72 -63 / 62 74 -53 -68 / 67 -53 -53 -74 / 52 67 70 72 / 53 65 69 72 / 63 -53 -69 -72 / 46 62 65 70 / 60 69 -43 <END> 
<S> 52 60 67 72 / 65 -52 -60 -72 / 48 60 64 70 / 53 60 68 72 / 53 68 74 -60 / 55 67 -60 -74 / 59 65 -55 -74 / 48 55 63 72 / 60 64 67 72 / 58 62 -67 -72 / 56 60 65 72 / 55 -60 -72 -76 <END> 
<S> 48 60 63 72 / 60 63 67 72 / 58 62 -67 -72 / 56 60 65 72 / 55 67 -60 -72 / 53 60 69 74 / 55 59 67 74 / 65 -55 -67 -74 / 48 63 67 72 / 50 58 -67 -72 <END> 
<S> 57 60 67 72 / 55 -60 -67 -72 / 53 65 69 72 / 52 -65 -69 -72 / 50 65 69 77 / 75 -50 -65 -69 / 55 67 70 74 / 51 58 70 79 / 53 -58 -70 -79 / 55 70 -58 82 / 56 60 -70 -75 / 58 62 65 74 / 68 -58 -62 -65 / 55 58 63 67 75 / 63 -55 -67 -75 <END> 
<S> 53 56 68 77 / 51 75 -68 -68 / 50 62 70 77 / 68 -62 -63 -77 / 55 63 70 75 / 53 68 77 -75 / 51 67 70 77 / 47 50 -70 -77 / 48 67 72 75 / 70 -48 -67 -75 / 53 65 72 74 / 55 63 70 -74 / 56 65 68 72 <END> 
<S> 48 51 67 75 / 72 -48 -67 -75 / 55 67 74 -72 / 43 71 -67 -74 / 65 -43 -71 -74 / 48 63 72 / 60 63 67 72 / 58 62 -67 -72 / 57 60 65 72 / 55 67 -60 -72 / 53 60 69 48 / 55 63 -69 / 60 65 -55 / 58 74 -55 -65 / 60 67 72 -58 / 59 62 68 77 <END> 
<S> 57 60 72 -67 / 65 -57 -60 -72 / 55 59 67 74 / 60 -55 -67 / / 58 67 74 / 68 -58 -74 / 56 63 72 / 55 70 -63 -72 / 56 -63 -70 / 58 62 65 -70 / 68 -58 -62 -65 / 51 58 67 75 / 48 60 67 75 / 55 59 67 74 / 65 -55 -59 -74 <END> 
<S> 56 63 68 72 / 70 -56 -63 -72 / 55 68 72 75 / 53 74 -68 -75 / 55 58 75 77 / 56 60 65 -75 / 58 62 65 74 / 56 65 70 -74 / 51 55 67 72 / 53 68 -58 -72 / 55 62 71 74 / 48 63 67 75 / 50 65 70 74 <END> 
<S> 53 68 -60 -70 / 55 62 67 71 / 43 59 65 68 / 63 -43 -59 -67 / 44 60 -63 / 55 59 67 -63 / 60 -55 -67 / 56 60 65 -60 / 59 62 -56 -65 / 55 60 63 67 / 53 -60 -63 -67 / 55 59 62 67 <END> 
<S> 56 60 65 / 55 59 62 -65 / 60 -56 -59 -65 / 55 58 63 -65 / 56 62 65 / 55 60 63 67 / 53 59 65 68 / 51 58 63 67 / 56 -58 -63 -67 / 51 58 63 67 / 70 -51 -58 -63 <END> 
<S> 53 60 65 68 / 50 58 65 -68 / 51 58 67 -65 / 63 -51 -58 -67 / 46 65 -58 -63 / 62 -46 -58 -65 / 56 60 63 / 55 58 62 65 / 56 60 63 -65 / 47 55 62 67 <END> 
<S> 46 63 65 / 62 -46 -65 / 46 53 62 70 / 55 -46 -62 -70 / 53 56 62 -62 / 55 -56 -60 -62 / 53 56 60 / 55 59 -53 -62 / 56 60 63 / 44 53 65 -60 / 39 58 67 -65 / 41 56 60 65 <END> 
<S> 56 60 63 / 55 59 62 -63 / 53 60 -56 -59 / 51 55 60 63 / 53 -55 -60 -63 / 55 59 62 / 56 60 -55 / 59 62 67 -55 / 43 59 62 67 / 55 62 67 71 <END> 
<S> 44 56 60 65 / 55 59 62 / 50 53 60 69 / 51 58 -60 -67 / 50 57 62 67 / 55 62 65 69 / 60 -62 -65 -69 / 55 62 67 71 / 54 63 69 72 / 62 -54 -69 -72 / 55 62 67 71 <END> 
<S> 46 62 65 69 / 51 60 -65 -69 / 50 58 65 70 / -58 -50 -65 -70 / 51 58 65 67 / 50 60 63 68 / 55 62 67 70 / 53 60 65 68 / 51 60 67 -65 / 50 65 -60 -65 / 63 -50 -60 -65 <END> 
<S> 56 60 65 / 55 58 67 / 53 68 -58 -67 / 51 58 65 67 / 50 -58 -65 -67 / 51 58 63 67 / 61 -51 -58 -67 / 44 56 60 65 / 59 62 -56 -65 / 55 60 63 / 56 59 62 -60 / 55 60 60 / 53 62 -60 <END> 
<S> 44 60 63 / 55 58 62 -44 / 53 56 60 65 / 55 62 65 70 / 53 -62 -65 -70 / 51 63 67 70 / 62 -51 -67 -70 / 53 60 65 68 / 63 -53 -60 -68 / 55 59 62 67 / 60 63 -55 -71 <END> 
<S> 46 62 65 / 53 68 -62 -65 / 55 62 70 -65 / 63 -55 -62 -70 / 53 60 65 69 / 48 -53 -65 -69 / 46 58 65 70 / 46 58 62 -70 / 58 -46 -62 -70 / 51 58 67 -65 / 53 63 67 69 / 65 -53 -63 -69 / 55 62 67 71 / 55 62 67 71 <END> 
<S> 50 65 65 70 / 47 -65 -65 / 48 67 -65 -70 / 64 -48 -67 -70 / 69 -48 -64 -67 / 0 / 51 60 67 75 / 69 -60 -55 -75 / 58 62 74 -75 / 56 60 72 75 / 55 70 75 -60 -55 53 53 68 74 / 55 59 67 -74 / 56 60 65 -74 / 74 -56 -60 -65 / 55 59 67 74 / 55 -55 -67 -74 <END> 
<S> 56 60 65 77 / 55 67 -60 -77 / 53 65 68 72 / 63 74 -53 -68 / 59 62 67 74 / 60 67 75 / 58 62 74 -67 / 56 63 72 / 55 70 -63 -72 / 53 68 72 74 / 55 67 71 -74 / 65 72 -55 -71 / 45 64 -55 -72 / 36 55 63 72 / 48 51 -63 -72 / 50 65 70 -72 <END> 
<S> 60 74 -65 -68 / 59 -60 -67 -74 / 51 60 67 75 / 53 -60 -67 -75 / 55 67 74 -60 / 59 -55 -67 -74 / 48 63 67 72 / 60 63 67 72 / 58 62 67 74 / 57 60 72 75 / 58 -57 -72 -75 / 56 65 72 77 / 55 75 -72 <END> 
<S> 60 63 67 75 / 58 62 -67 -75 / 56 60 72 77 / 55 70 -60 -77 / 53 65 68 72 / 74 -53 -65 -68 / 48 63 67 75 / 69 -48 -63 -75 / 50 65 70 74 / 51 -65 -70 -74 / 53 65 70 -70 / 68 -53 -65 -70 / 51 58 63 67 <END> 
<S> 48 63 67 72 / / 63 72 79 / 62 65 -72 -79 / 60 63 72 79 / 62 -63 -72 -79 / 60 63 72 79 / 58 -63 -72 -79 / 56 63 72 77 / 58 62 70 -77 / 68 -58 -62 -77 / 51 63 67 75 / 48 63 67 79 / 70 -48 -63 -79 <END> 
<S> 56 63 72 77 / 60 -56 -72 -77 / 53 62 70 -77 / 75 -53 -62 -70 / 51 55 58 70 / 51 63 67 -70 / 48 63 67 72 / 48 67 72 75 / 53 68 72 74 / 55 67 71 -74 / 65 -55 -71 -74 <END> 
<S> 48 63 67 72 / 68 -48 -63 -72 / 50 65 70 74 / 58 68 -70 -74 / 51 63 67 79 / 62 66 69 -51 / 60 63 -69 -75 / 58 65 74 -75 / 62 -58 -65 -74 / 60 63 67 75 / 69 -60 -63 -75 / 55 58 70 74 / 56 65 72 <END> 
<S> 60 63 67 75 / 62 65 -67 -75 / 63 67 72 75 / 70 -67 -75 -75 / 65 68 72 -75 / 74 -56 -68 -72 / 55 67 71 75 / 65 -55 -71 -75 / 56 60 72 75 / 55 70 -60 -75 / 53 68 72 74 / 55 67 71 74 / 65 -55 -71 -74 / 56 63 72 / 55 70 -63 -72 <END> 
<S> 56 68 72 75 / 55 -68 -72 -75 / 53 67 70 75 / 65 68 -53 -75 / 51 63 67 79 / 62 -51 -67 -79 / 60 67 72 -51 / 59 -67 -72 / 60 67 72 / 65 69 -60 -72 / 55 63 71 54 62 62 -55 -71 <END> 
<S> 60 63 67 75 / 62 -60 -67 -75 / 54 60 69 75 / 55 58 67 74 / 57 60 -67 -74 / 59 62 67 74 / 65 -59 -62 -74 / 60 63 67 75 / 69 -60 -63 -75 / 55 67 71 -75 / 65 -55 -71 -75 / 51 63 72 -71 / 62 -51 -67 -72 / 60 63 67 72 / 58 62 -67 -72 <END> 
<S> 60 63 75 / 58 62 65 74 / 55 67 75 / 51 58 -67 -75 / 56 60 65 77 / 53 62 70 -77 / 68 72 -53 -77 / 59 67 74 79 / 55 67 71 -79 / 60 67 72 75 / 62 -67 -72 -75 / 63 65 70 77 / 62 -65 -70 -77 <END> 
<S> 55 59 67 75 / 53 60 -67 -75 / 51 59 67 74 / 72 -59 -67 / / 67 72 75 / 71 -56 -67 -75 / 55 67 72 75 / 53 -67 -72 -75 / 55 67 71 74 / 65 -55 -71 -74 / 56 63 72 / 70 -56 -63 -72 / 68 -56 -63 -72 / 47 62 68 74 / 48 60 75 -68 <END> 
<S> 55 67 71 75 / 53 -67 -71 -75 / 51 -67 72 77 / 50 62 74 77 / 48 63 72 75 / 55 65 71 74 / 51 55 67 72 / 48 63 67 -72 / 50 65 -67 -72 / 51 67 72 / 53 60 68 74 / 55 59 67 74 / 63 -55 -59 -74 <END> 
