<S> 51 60 63 67 / 48 58 -63 -67 / 53 56 62 65 / 53 60 63 -53 / 55 59 62 -53 / 50 -55 -59 -62 / 51 55 60 67 / 48 51 -60 -67 / 44 48 60 65 / 41 56 62 -65 / 43 55 60 62 / 59 -43 -55 -62 / 48 55 60 63 / 48 51 60 67 / 46 -51 -60 -67 <END> 
<S> 44 48 60 65 / 41 41 -60 -65 / 46 55 62 -65 / 39 58 63 67 / 41 -58 -63 -67 / 43 51 63 70 / 60 -43 -63 -70 / 46 62 65 70 / 41 63 69 72 / 43 -58 -63 -72 / 45 60 65 72 / 41 58 63 -72 / 39 57 63 72 / 38 66 -63 -72 <END> 
<S> 46 58 63 68 / 44 -58 -63 -67 / 46 58 62 65 / 56 -46 -62 -65 / 39 55 58 63 / 51 55 58 67 / 50 60 63 69 / 48 60 65 68 / 47 -60 -65 -68 / 48 60 64 67 / 58 -48 -64 -67 / 41 56 65 / 55 58 63 70 / 53 60 -63 -70 <END> 
<S> 44 60 65 -51 / 46 58 62 -65 / 39 58 63 67 / 51 58 63 67 / 50 65 -58 -67 / 48 63 67 / 46 62 -67 / 44 60 67 72 / 46 68 -60 -72 / 44 65 72 -44 / 47 -65 -68 -72 / 48 67 -65 -72 / 64 -48 -67 -72 / -48 -64 -72 <END> 
<S> 48 60 67 68 / 47 -60 -67 -68 / 48 60 67 75 / 53 -60 -67 -75 / 55 59 67 74 / 50 -55 -67 -74 / 48 60 67 75 / 58 -60 -67 -75 / 56 60 75 -60 / 55 58 -60 -75 / 53 56 72 -60 / 55 71 -53 -60 / 47 65 -55 -68 / 48 55 64 67 / 46 62 67 -55 / 65 -43 -55 -62 <END> 
<S> 56 60 65 74 / 55 59 -65 -74 / 53 60 68 72 / 46 53 65 74 / 55 58 70 75 / 56 60 68 77 / 58 62 70 -77 / 68 -58 -62 -77 / 51 63 67 75 / 48 60 67 75 / 55 59 67 74 <END> 
<S> 56 63 68 77 / 60 68 75 -56 / 55 62 67 71 / 53 59 62 67 / 51 60 67 74 / 50 65 -60 -74 / 55 67 74 -60 / 43 59 -67 -74 / 48 63 67 72 / 60 67 72 75 <END> 
<S> 55 63 67 72 / 53 68 74 -72 / 55 67 71 74 / 65 -55 -71 -74 / 48 63 67 72 / 55 67 71 74 / 62 67 72 77 / 68 72 77 -62 / 67 71 -62 -77 / 60 67 72 75 / 65 -60 -72 -75 <END> 
<S> 60 67 75 / 58 62 -67 -75 / 56 63 72 75 / 55 -63 -72 -75 / 53 68 72 74 / 71 75 -53 -68 / 48 67 72 76 / 50 -67 -72 -76 / 52 67 72 79 / 53 -67 -72 <END> 
<S> 48 63 72 79 / 50 65 -72 -79 / 51 67 72 79 / 53 -67 -72 -79 / 55 67 74 -72 / 71 -55 -67 -79 / 51 63 72 79 / 53 -63 -72 -79 / 55 67 70 74 / 65 -55 -70 -74 <END> 
<S> 51 67 72 75 / 53 -67 -72 -75 / 55 67 70 74 / 65 -55 -70 -74 / 56 63 70 75 / 65 68 -56 -75 / 67 70 -56 -63 / 56 68 72 <END> 
<S> 47 62 67 74 / 65 -47 -62 -67 / 48 63 67 72 / 60 63 -67 -72 / 53 65 68 74 / 53 60 68 74 / 67 -60 -74 / 43 65 -60 -67 / 59 -43 -65 -74 / 48 60 64 75 / 47 62 67 74 / 65 -47 -62 -74 <END> 
<S> 60 67 75 / 58 -60 -67 -75 / 56 60 68 75 / 55 -60 -68 -75 / 53 60 68 77 / 51 63 67 79 / 55 63 70 79 / 56 60 -70 -79 / 58 62 65 74 / 68 77 -62 -65 / 59 62 67 79 / 60 63 -67 -79 <END> 
<S> 51 63 70 79 / 55 -63 -70 -79 / 53 62 70 77 / 60 75 -53 -70 / 55 62 71 79 / 60 63 67 79 / 59 62 -67 -79 / 57 60 77 -67 / 59 62 67 -77 / 60 63 67 75 / 55 62 72 77 <END> 
<S> 59 62 67 79 / 60 -62 -67 -79 / 55 62 67 71 / 57 72 -62 -67 / 55 59 67 74 / 53 -59 -67 -74 / 52 60 67 79 / 50 65 -60 -79 / 52 67 -60 / 53 59 69 74 <END> 
<S> 55 62 67 71 / 53 -62 -67 -71 / 51 60 67 72 / 50 -60 -67 -72 / 48 65 67 74 / 72 -48 -67 -74 / 55 65 74 -72 / 64 71 -55 -74 / 64 -55 -71 -74 / 72 -55 -67 -71 / 48 67 72 -55 / 53 57 65 72 -48 / 52 -65 -65 -74 <END> 
<S> 55 67 74 -60 / 53 59 -67 -74 / 52 59 67 72 / 53 57 74 72 / 59 62 -53 -72 / 52 60 64 79 / 62 66 -52 -60 / 67 -57 -60 -67 / 59 62 67 -55 / 52 -59 -62 -67 / 53 57 62 69 / 55 71 -62 -65 / 57 64 69 72 / 64 -57 -69 -72 / 59 62 74 -69 / 67 -59 -62 -74 / 65 -59 -62 -74 <END> 
<S> 57 60 64 72 / 55 59 -64 -72 / 54 60 62 69 / 50 62 -62 -69 / 60 64 67 / 59 62 -48 -67 / 50 57 60 65 / 59 62 -57 -65 / 52 60 64 67 / 58 -52 -60 -64 / 53 57 60 65 / 52 55 60 67 / 50 57 65 -60 / 59 -50 -57 -65 / 48 55 60 64 / 43 55 62 -60 / 59 -43 -55 -62 / 53 -43 -59 -62 <END> 
<S> 53 57 60 69 / 55 -60 -69 / 47 59 67 / 65 -47 -59 / 48 55 60 64 / 47 57 65 -60 / 45 57 60 65 / 43 55 59 -64 / 41 53 57 62 / 40 -53 -57 -62 / 38 53 59 62 / 41 -53 -59 -62 / 43 52 55 60 / 52 -43 -52 -60 / 55 -40 -43 -60 / 45 52 -55 -60 / 47 50 55 67 / 48 -55 -67 -74 / 50 65 69 -55 <END> 
<S> 43 55 59 67 / 41 -55 -59 -67 / 43 50 60 67 / 48 -55 -60 -67 / 47 62 65 -55 / 43 59 -62 -65 / 48 55 64 -62 / 45 57 60 -63 / 43 55 62 -60 / 41 55 59 -60 / 36 52 55 60 / 47 55 62 67 / 45 60 -55 -67 / 47 55 62 65 / 43 -55 -62 -65 / 48 55 60 64 / 53 -48 -60 -64 <END> 
<S> 41 48 60 69 / 50 53 -60 -69 / 48 60 64 67 / 48 -60 -64 -67 / 45 60 65 65 / 47 55 62 -65 / 48 55 60 64 / 55 59 62 / 53 -55 -59 -62 / 52 59 62 -55 / 50 53 -59 -62 / 48 55 60 64 / 53 57 -60 -64 / 55 59 62 / 53 -55 -59 -62 <END> 
<S> 55 59 62 / 53 -55 -59 -62 / 52 55 59 67 / 48 60 -55 -67 / 50 62 65 -55 / 43 59 62 67 / 53 -43 -59 -62 / 52 52 60 67 / 53 57 60 69 / 65 69 -53 -60 / 59 62 67 -53 / 60 -53 -59 -67 / 52 55 60 67 / 50 62 -60 -67 / 52 55 62 65 / 50 -55 -62 -65 <END> 
<S> 52 60 67 / 50 58 65 / 57 64 -50 -55 / 55 60 62 / 55 -55 -62 / 53 55 59 62 / 52 -55 -62 -70 / 50 53 60 69 / 55 62 -60 -69 / 52 59 67 / 48 55 60 64 / 59 74 -55 -60 / 57 -55 -60 -64 / 55 59 62 / 43 53 -59 -62 / 48 52 55 60 / 48 52 55 60 / 57 -48 -55 -60 / 47 55 62 / 55 43 59 -62 / 48 52 55 60 / 47 50 62 65 <END> 
<S> 48 55 60 64 / 58 -48 -55 -64 / 57 53 -48 -60 / 55 59 62 / 53 -55 -59 -62 / 52 55 59 64 / 50 -55 -64 -79 / 48 55 62 65 / 47 -55 -62 -65 / 48 55 60 64 / 47 -55 -60 -64 / 45 57 60 66 / 43 -57 -60 -66 / 59 -43 62 67 / 42 -43 -59 -62 / 36 52 55 60 / 38 53 62 65 / 38 62 -53 -65 / 43 59 62 -53 / 43 52 -59 -62 <END> 
<S> 48 55 60 64 / 55 59 62 -48 / 53 -55 -59 -62 / 52 55 60 64 / 50 -55 -60 -64 / 48 55 60 64 / 47 -55 -60 -64 / 45 57 60 64 / 43 -57 -60 -64 / 41 57 60 62 / 38 53 59 -62 / 62 -38 -53 -59 / 40 55 60 64 / 41 53 60 62 / 43 55 59 62 / 53 -43 -59 -62 / 36 52 55 60 / 48 60 64 67 <END> 
<S> 41 57 60 62 / 43 55 59 -62 / 53 -43 -59 -62 / 48 52 55 60 / 48 60 64 67 / 47 55 62 67 / 65 -47 -55 -62 / 48 55 60 64 / 58 -48 -55 -64 / 57 -48 -55 -60 / 55 59 -48 -55 / 53 57 64 69 / 55 59 62 67 / 52 60 67 72 / 53 65 69 72 / 55 64 67 71 / 62 65 -55 -71 <END> 
<S> 50 55 62 71 / 64 -55 -62 -71 / 53 60 69 / 59 62 -53 -69 / 48 60 64 67 / 47 -60 -64 -67 / 45 64 69 72 / 71 -45 -64 -72 / 50 57 66 -72 / 43 62 67 71 / 38 59 62 67 / 57 60 64 72 / 62 65 -57 -72 / 55 64 67 71 / 57 64 -67 -71 / 59 62 66 -71 <END> 
<S> 47 55 62 69 / 64 -55 -62 -69 / 59 62 66 74 / 60 -54 -66 -69 / 55 59 62 67 / 54 57 62 72 / 55 62 69 / 71 -55 -62 / 38 50 69 74 / 55 59 67 74 / 52 59 67 / 65 -52 -59 -67 / 57 60 64 72 / 55 62 67 71 <END> 
<S> 55 62 67 71 / 53 -62 -67 -71 / 52 60 72 -67 / 59 -52 -67 -72 / 60 67 76 / 58 -60 -67 -76 / 54 57 69 74 / 55 59 67 -74 / 72 -55 -60 -67 / 50 62 65 69 / 52 64 67 -69 / 53 57 69 -67 / 50 62 65 71 / 55 59 62 67 <END> 
<S> 55 62 70 / 52 -55 -62 -70 / 50 54 69 74 / 50 59 62 67 / 52 60 67 72 / 54 69 74 -72 / 55 67 71 -74 / 53 67 69 72 / 52 67 71 74 / 72 -52 -67 -71 / 52 67 72 / 53 65 69 -72 / 55 64 67 71 / 62 65 -55 -71 / 48 60 64 67 / 59 -48 -64 -67 / 50 57 65 -64 / 62 -50 -57 -65 <END> 
<S> 53 64 69 72 / 71 -53 -64 / 52 60 72 76 / 64 -52 -72 -76 / 67 72 -64 -64 / 62 65 69 -72 / 71 -62 -65 -69 / 64 67 72 / 62 65 71 74 / 60 64 72 76 / 53 74 -60 -72 / 55 59 67 74 / 56 60 76 -74 / 59 64 68 76 / 57 64 -64 -72 / 59 66 74 / 55 67 74 76 / 54 -67 -74 -76 <END> 
<S> 59 62 67 74 / 60 64 72 76 / 65 -60 -72 -76 / 64 67 72 / 62 66 -72 / 60 64 69 -72 / 67 71 -60 / 55 59 -67 -71 / 65 -55 -59 -74 / 48 55 64 72 / 53 57 65 72 / 74 -53 -57 -65 / 52 55 72 76 / 53 57 -72 -76 <END> 
<S> 55 64 69 72 / 65 -55 -69 -72 / 55 67 71 74 / 55 59 67 74 / 48 67 74 76 / 72 -48 -67 -76 / 53 69 72 77 / 67 -53 -72 -77 / 57 69 72 76 / 77 -57 -69 -72 / 59 67 74 79 / 77 -59 -67 -74 <END> 
<S> 53 65 72 81 / 64 -53 -72 -81 / 55 62 71 79 / 57 60 69 77 / 59 62 -69 -77 / 60 64 67 76 / 62 66 -60 -76 / 59 67 74 79 / 76 -59 -67 -79 / 57 65 72 77 / 59 62 74 -77 / 77 -59 -62 -77 / 60 62 67 76 / 60 67 72 76 <END> 
<S> 59 64 67 79 / 62 -59 -67 -79 / 60 67 76 / 55 -60 -67 -76 / 57 60 65 77 / 59 62 67 -77 / 60 64 69 -67 / 66 72 -64 -69 / 55 59 67 74 / 60 64 76 / 59 62 67 77 <END> 
<S> 59 62 67 74 / 60 76 -67 / 59 62 67 74 / 64 67 71 57 66 72 60 -66 -66 39 59 67 67 / 55 59 67 / 53 -59 -67 -67 / 52 60 67 72 / 50 -60 -67 -72 / 48 65 67 74 / 50 -65 -67 -74 / 48 67 72 76 / 60 77 -48 -72 / 47 67 74 79 / 48 76 -67 -79 <END> 
<S> 52 60 67 72 / 50 65 -60 -72 / 52 55 67 70 / 48 64 69 -55 / 53 -48 -64 -69 / 59 -48 -64 -69 / 45 60 64 -69 / 62 -45 -60 -69 / 43 59 64 67 / 45 60 65 -64 / 47 55 62 -65 / 48 55 60 64 / 62 -48 -55 -60 / 43 55 59 62 / 43 55 58 62 70 <END> 
<S> 45 60 64 67 / 47 -60 -64 -67 / 48 60 64 69 / 64 -60 -64 -69 / 62 65 -64 -69 / 62 -44 -65 -69 / 48 60 64 67 / 59 -48 -64 -67 / 50 57 62 66 / 43 59 62 67 / 48 60 64 67 / 47 62 -60 -67 / 45 60 64 67 / 47 62 -64 -67 <END> 
<S> 40 55 60 67 / 38 69 -55 -60 / 43 50 62 67 / 47 -62 -62 -67 / 48 55 62 67 / 60 -48 -55 -67 / 43 55 62 71 / 59 -43 -55 -71 / 48 52 60 67 / 53 62 -48 -67 / 45 64 72 -48 / 47 62 67 74 / 48 -62 -67 -74 / 50 62 67 69 / 47 -62 -67 -69 / 49 67 69 72 / 38 59 -69 -72 <END> 
<S> 48 55 64 72 / 47 62 67 71 / 45 60 69 -67 / 66 -45 -60 -69 / 43 59 67 / 62 -43 -59 -67 / 48 60 64 69 / 47 62 67 / 66 -47 -62 / 43 55 59 67 / 55 62 67 69 / 52 -55 -62 -69 / 53 59 62 67 / 57 -53 -62 -67 <END> 
<S> 47 59 67 74 / 57 -47 -62 -67 / 44 59 64 74 / 57 60 64 72 / 62 65 71 -57 / 60 64 67 76 / 59 62 -67 -76 / 57 60 72 77 / 55 62 71 79 / 74 -55 -62 -71 / 54 60 69 76 / 55 67 71 74 / 52 67 73 76 <END> 
<S> 59 64 67 / 65 -59 -67 -79 / 60 67 72 76 / 59 -67 -72 -76 / 57 69 72 77 / 55 62 71 79 / 64 -55 -71 -79 / 54 62 69 74 / 50 60 66 -74 / 52 55 67 -74 / 71 -55 -67 / 65 -55 -67 -71 / 60 64 67 72 / 62 65 69 74 <END> 
<S> 53 69 74 / 50 65 -69 -74 / 55 62 71 74 / 64 -55 -71 -74 / 65 -55 -71 -74 / 48 67 72 76 / 60 64 69 76 / 65 -64 -69 -76 / 64 67 71 79 / 62 65 69 81 / 64 71 -69 -81 / 62 71 78 -81 / 72 -62 -78 -81 <END> 
<S> 60 67 76 / 59 -60 -67 -76 / 57 60 69 77 / 55 62 71 79 / 57 60 69 77 / 59 62 -69 -77 / 60 64 67 76 / 62 -60 -67 -76 / 53 60 69 74 / 76 -53 -60 -69 / 77 -53 -60 -69 / 55 60 67 76 / 43 74 -60 -67 / 59 -43 -67 -74 / 65 -55 -59 -74 <END> 
<S> 60 64 67 76 / 62 -60 -67 -76 / 45 60 65 74 / 59 67 -65 -74 / 60 64 69 78 / 62 71 -69 -76 / 64 67 72 76 / 65 74 81 -72 / 64 71 79 -81 / -64 -64 -79 -79 / 61 64 69 79 / 50 62 70 77 / 68 -50 -62 -77 <END> 
<S> 60 64 67 79 / 62 74 -67 -79 / 60 64 72 79 / 65 69 74 -60 / 64 67 71 76 / 62 65 -67 -76 / 57 60 65 74 / 59 62 -65 -74 / 60 64 69 / 57 66 -60 -69 / 55 59 67 71 <END> 
<S> 55 62 67 71 / 53 -62 -67 -71 / 52 60 67 72 / 55 -60 -67 -72 / 53 57 65 74 / 64 -53 -57 -74 / 59 65 -53 74 / 45 60 72 76 / 77 -57 -60 -72 / 52 60 67 79 / 53 69 -60 -79 / 55 67 71 74 / 52 67 71 76 <END> 
<S> 57 64 72 / 57 65 74 -72 / 59 67 74 / 55 65 74 / 64 71 -55 / 56 60 64 72 / 65 69 -56 -72 / 55 64 67 71 / 62 -55 -67 -71 / 48 64 69 -67 / 50 62 66 -69 / 60 -50 -66 -69 / 43 59 62 67 <END> 
<S> 58 64 74 -67 / 62 66 -58 -74 / 60 67 70 76 / 62 69 77 -67 / 64 79 -62 -69 / 67 71 -64 -79 / 50 -67 -71 -76 / 48 64 72 76 / 62 -48 -72 -76 / 53 60 69 77 / 47 62 67 77 / 48 60 67 76 / 55 59 67 74 / 52 60 -67 -74 <END> 
<S> 52 67 72 / 53 -67 -72 -76 / 55 67 74 -72 / 71 -55 -67 -74 / 55 67 71 74 / 0 / 53 69 71 74 / 52 68 71 74 / 57 69 76 -74 / 55 -64 -69 -76 <END> 
<S> 59 62 67 74 / 57 60 -67 -74 / 55 59 67 74 / 55 59 67 74 / 60 66 69 -55 / 59 62 67 -77 / 68 -59 -62 -77 / 57 61 69 76 / 57 62 69 72 / 64 -57 -69 -72 <END> 
<S> 57 60 67 76 / 62 -57 -67 -76 / 64 -57 -67 -76 / 50 62 66 77 / 55 62 67 71 / 52 59 67 / 57 60 -67 50 / 55 59 67 74 / 55 59 62 67 / 53 60 69 -60 / 59 62 -53 -69 <END> 
<S> 55 59 67 74 / 56 59 71 76 / 74 -56 -59 -71 / 57 60 64 72 / 55 59 -64 -72 / 57 60 64 72 / 55 -60 -64 -72 / 53 65 69 72 / 55 -65 -69 -72 / 57 -65 -69 -72 / 59 74 -65 -69 / 60 64 67 76 / 62 69 77 -60 / 61 -69 -77 <END> 
<S> 57 64 72 -48 / 47 -57 -64 -72 / 48 62 67 47 / 60 76 -67 -48 / 58 -60 -67 -76 / 57 60 69 77 / 59 62 -69 -77 / 60 64 67 76 / 65 -60 -76 -76 / 55 67 71 74 / 65 -55 -71 -74 / 56 64 71 72 / 57 64 69 72 / 67 -57 -64 -72 / 54 62 69 74 / 55 59 67 -74 / 60 67 -55 -74 / 53 62 -67 -74 <END> 
<S> 60 67 76 / 59 -60 -67 -76 / 57 60 65 77 / 55 67 76 -60 / 53 60 69 74 / 55 59 67 -74 / 64 -55 -60 -74 / 72 -55 -60 -64 / 59 74 -55 -67 / 65 -55 -59 -74 48 48 60 64 67 / 48 60 64 67 <END> 
<S> 55 60 67 76 / 57 60 65 77 / 59 62 67 -77 / 60 67 76 / 64 -60 -67 -76 / 62 66 69 74 / 62 -69 -69 -74 / 70 -62 -69 -74 / 64 67 72 / 62 65 71 74 / 52 64 67 72 / 60 65 74 -67 <END> 
<S> 54 62 69 74 / 55 58 64 -74 / 57 60 65 72 / 64 -57 -60 -72 / 59 62 65 74 / 67 -59 -62 -74 / 48 64 67 76 / 50 69 74 -76 / 52 72 76 -60 / 53 69 74 77 / 55 76 -69 -77 / 57 60 69 76 / 59 -57 -69 -76 <END> 
<S> 59 67 74 / 61 76 -67 45 57 60 69 77 / 62 65 -69 -72 / 64 -57 -69 -72 / 59 62 67 74 / 61 67 76 / 62 77 -67 -76 / 64 67 72 79 / 62 74 -67 -79 / 60 67 76 / 65 69 -60 -76 / 64 67 71 79 / 50 -64 -67 -79 <END> 
<S> 64 67 79 / 62 65 -67 -79 / 60 64 67 79 / 59 62 -67 -79 / 57 60 69 77 / 55 67 71 76 / 57 60 69 77 / 59 -69 -69 -77 / 60 67 72 76 / 69 -60 -67 -76 / 59 67 74 / / 60 67 72 76 / 59 74 -67 -72 <END> 
<S> 57 60 69 77 / 59 62 -69 -77 / 60 64 67 76 / 65 69 -60 -76 / 53 67 71 74 / 52 67 72 / 50 65 69 77 / 64 -55 -69 -77 / 50 62 69 77 / 67 -50 -62 -77 / 60 67 76 / 53 69 81 / 55 67 71 74 / 60 67 72 76 <END> 
<S> 50 69 77 -64 / 62 65 -50 -77 / 60 76 -53 -69 / 59 74 -69 -72 / 67 76 -74 / 62 65 69 77 / 57 64 72 79 / 55 64 71 -79 / 53 62 81 81 / 49 -53 -81 -81 / 55 74 79 / 57 -47 -65 -74 <END> 
<S> 60 64 76 79 / 57 69 -76 -76 / 62 69 77 50 / 67 -62 -77 -77 / 57 67 72 76 / 60 69 72 76 / 67 -60 -72 -76 / 53 69 72 81 / 55 67 71 74 / 57 64 69 72 / 55 62 -69 -72 <END> 
<S> 50 65 69 77 / 71 -50 -65 -77 / 48 67 72 76 / 55 67 71 74 / 55 67 71 74 / 48 67 72 76 / 50 -67 -72 -76 / 52 67 72 76 / 53 -67 -72 -76 / 55 67 72 74 / 70 -55 -67 -74 / 60 67 72 76 / 69 72 77 <END> 
<S> 48 67 72 76 / 50 -67 -72 -76 / 52 67 72 76 / 53 -67 -72 -76 / 55 67 72 74 / 57 -67 -72 -74 / 59 71 74 -67 / 56 65 -71 -74 / 57 64 72 / 55 -64 -72 / 54 57 74 -72 / 55 62 71 -74 / 48 64 67 72 / 60 67 52 67 <END> 
<S> 57 64 72 / 55 -64 -72 / 53 69 72 / 52 67 -69 -72 / 50 65 71 74 / 48 64 69 76 / 49 64 69 -76 / 50 62 69 77 / 49 64 69 -77 / 50 62 65 77 / 67 -50 -62 -77 / 57 62 69 -62 / 60 -62 -69 -69 / 59 62 67 71 / 60 -59 -67 -71 <END> 
<S> 50 57 69 74 / 55 59 62 74 / 52 55 59 67 / 48 55 60 64 / 50 53 65 -60 / 52 55 60 67 / 53 69 -60 -60 / 59 -53 -60 -62 / 57 60 -53 -60 / 55 59 62 / 53 -55 -59 -62 <END> 
