<S> 48 52 55 60 / 55 60 64 -48 / 60 64 67 -48 / 52 -60 -64 -67 / 55 59 62 -67 / 53 67 -59 -62 / 52 60 64 67 / 50 -60 -64 -67 / 48 55 62 67 / 47 -55 -62 -67 / 48 55 64 69 / 45 -55 -64 -69 / 50 54 62 -69 <END> 
<S> 55 60 64 72 / 62 -55 -60 -72 / 55 60 63 / 62 -55 -60 / 59 -55 -62 / 53 57 -59 -62 / 52 55 59 67 / 50 57 60 65 / 64 -50 -57 -65 / 45 57 65 74 / 50 53 -60 -69 / 48 52 60 67 / 48 52 -60 -67 / 50 53 60 69 / 52 -50 -60 -69 / 48 53 60 67 / 41 60 -60 -67 <END> 
<S> 50 57 65 69 / 48 53 -57 -65 / 47 55 62 65 / 43 59 -55 -65 / 48 52 60 64 / 53 52 61 67 / 52 60 67 69 / 50 62 -67 -69 / 48 64 67 69 / 45 -64 -67 -69 / 50 62 66 -69 / 60 -50 -66 -69 / 55 59 62 67 / 52 64 71 79 / 62 -52 -71 -79 <END> 
<S> 45 52 64 72 / 54 -45 -64 -72 / 40 55 64 71 / 62 -40 -55 -71 / 41 60 62 69 / 38 60 -62 -69 / 43 62 67 71 / 47 55 62 67 / 45 52 60 72 / 47 50 62 71 / 48 64 -50 -71 / 50 55 62 -69 / 60 69 -50 -55 / 67 -50 -57 -66 / 43 59 67 / 55 59 62 67 / 53 -59 -62 -67 <END> 
<S> 47 50 62 67 / 43 71 -62 -67 / 48 64 69 -67 / 50 62 66 -69 / 60 -50 -66 -69 / 43 59 62 67 / 52 60 67 / 53 69 -60 -67 / 55 62 67 71 / 56 64 65 72 / 62 74 -56 -65 / 55 60 64 76 / 53 65 69 74 / 55 62 67 71 / 43 59 62 67 <END> 
<S> 52 55 67 72 / 53 57 65 -72 / 55 58 67 70 / 62 -55 -67 -70 / 52 60 67 70 / 53 65 -60 -70 / 55 58 -65 / 57 60 -55 -65 / 53 58 62 67 / 64 -53 -58 -67 / 57 60 65 / 53 59 62 -65 / 60 -53 -57 -65 / 47 62 -53 -65 / 60 -50 -53 -65 <END> 
<S> 54 60 63 69 / 55 58 63 67 / 56 60 63 -67 / 62 65 -56 -60 / 55 60 63 70 / 53 -60 -63 / 55 58 63 / 56 60 -55 -63 / 43 55 62 67 / 50 53 59 67 / 51 51 60 67 / 53 60 65 68 <END> 
<S> 55 62 70 -60 / 55 63 -55 -70 / 48 -55 -63 -70 / 50 55 62 67 / 51 60 67 / 53 59 62 74 / 55 59 62 74 / 48 60 -55 -62 / 50 55 62 71 / 54 -50 -62 -71 / 48 55 63 -62 / 60 -48 -55 -63 / 55 59 -48 -64 <END> 
<S> 55 59 62 67 / 51 55 63 70 / 50 -55 -63 -70 / 48 55 63 70 / 53 60 65 68 / 51 67 -60 -65 / 55 59 67 74 / 55 67 71 74 / 60 67 72 75 / 65 68 74 77 <END> 
<S> 51 60 63 67 / 56 60 63 72 / 65 74 -56 -60 / 51 60 67 75 / 53 -60 -67 -75 / 55 59 67 74 / 65 -55 -59 -74 / 56 60 63 72 / 55 -60 -63 -72 / 53 68 74 -60 / 55 59 67 -74 / 65 -55 -59 -74 <END> 
<S> 56 60 63 72 / 65 74 -56 -60 / 55 60 67 75 / 53 -60 -67 -75 / 55 60 67 74 / 59 -55 -67 -74 / 65 -55 -59 -74 / 48 55 63 72 / 51 58 67 79 <END> 
<S> 48 63 67 72 / 60 -63 -67 -72 / 55 67 71 74 / 53 67 73 51 51 67 70 79 / 60 -67 -70 -79 / 59 62 68 77 / 55 60 75 -77 / 56 60 75 77 / 53 68 74 -77 / 55 67 72 75 / 43 65 71 -75 <END> 
<S> 56 60 65 77 / 55 72 -60 -77 / 53 65 74 -72 / 71 -53 -65 -74 / 63 72 -56 -75 / 55 65 71 74 / 53 67 73 79 / 51 -67 -70 -79 / 50 65 77 -72 / 62 71 77 -77 / 63 67 75 79 / 62 -67 -75 -79 <END> 
<S> 46 62 70 77 / 51 63 70 79 / 53 63 70 79 / 55 -63 -70 -79 / 56 72 77 -63 / 62 -56 -72 -77 / 60 63 67 75 / 43 59 62 74 / 55 59 67 74 / 60 67 75 / 58 62 67 74 / 56 63 72 <END> 
<S> 59 62 67 77 / 60 75 -67 / 55 59 67 74 / 55 59 62 74 / 53 60 67 70 / 69 -53 -60 -75 / 55 67 70 74 / 56 65 68 74 / 55 59 67 75 / 53 60 68 74 / 51 -60 -68 -74 / 50 59 68 77 / 55 60 -68 -77 / 56 60 65 77 / 62 -56 -65 -77 <END> 
<S> 60 67 75 / 58 -60 -67 -75 / 56 68 75 -60 / 55 58 -68 -75 / 53 65 68 74 / 67 -53 -53 -68 / 51 58 67 70 / 56 63 68 72 / 58 62 -68 -72 / 60 63 67 75 / 72 -60 -63 -67 / 58 65 68 74 -51 -58 -74 / 60 67 72 75 / 58 62 70 77 / 56 -62 -70 -77 <END> 
<S> 58 67 70 75 / 63 68 72 / 62 67 70 77 / 58 67 75 77 / 56 -58 -75 -79 / 51 63 72 77 / 53 62 68 -77 / 48 63 67 75 / 55 65 72 / 60 63 67 72 / 58 62 -67 -75 / 57 60 72 77 / 59 62 -72 -77 / 60 67 72 75 / 65 -60 -72 -75 <END> 
<S> 60 63 67 75 / 62 -60 -67 -75 / 51 60 67 75 / 53 60 65 68 / 55 59 67 -65 / 63 -55 -67 / 62 -55 -67 / 48 60 67 75 / 53 65 68 74 / 54 63 72 75 / 74 -54 -63 -72 / 54 63 72 81 / 62 -54 -72 -81 / 55 62 71 79 / 77 -55 -62 -71 <END> 
<S> 60 63 69 75 / 62 65 71 -75 / 63 67 72 75 / 62 -67 -72 -75 / 60 67 72 75 / 58 -67 -72 -75 / 56 60 72 77 / 55 70 75 -60 / 53 60 65 74 / 63 72 -53 -60 / 55 59 67 74 / 65 -55 -59 -74 <END> 
<S> 56 63 72 77 / 58 -64 -72 -77 / 57 60 72 75 / 55 70 -60 -75 / 53 60 68 77 / 55 59 67 79 / 56 60 67 72 / 65 74 -56 -60 / 55 58 67 74 / 57 72 -67 -74 / 55 65 70 74 / 53 -67 -70 -74 <END> 
<S> 60 67 75 / 55 58 67 74 / 65 -55 -67 -74 / 51 63 67 72 / 56 65 68 -72 / 63 -56 -68 -72 / 55 62 67 71 / 55 62 67 71 / 53 -62 -67 -71 / 51 63 67 72 / 50 62 -67 -72 / 48 55 67 74 / 47 -67 -67 -74 / 51 67 72 / 48 -67 -72 <END> 
<S> 55 62 67 72 / 63 -55 -67 -72 / 71 -55 -67 -72 / 65 -55 -72 -72 / 67 -55 -72 / 51 60 67 48 / 53 -60 -67 / 55 62 70 -60 / 55 59 67 74 / 48 55 67 72 / 60 67 75 / 58 -60 -67 -75 / 56 60 72 77 / 55 70 -60 -77 / 53 65 68 72 / 74 -53 -65 -68 / 48 63 0 <END> 
<S> 51 60 67 72 / 56 74 -60 -67 / -72 60 67 / 55 59 67 74 / 60 67 75 / 58 62 70 77 / 56 63 70 -77 / 55 -63 -70 -77 / 53 75 -62 -70 / 46 50 74 77 / 51 58 70 79 / 51 70 -58 <END> 
<S> 53 68 72 77 / 70 -53 -68 -77 / 54 63 69 75 / 55 58 70 74 / 56 60 68 72 / 58 62 70 74 / 63 -58 -70 -79 / 65 77 -70 / 41 -65 -70 -77 / 68 72 77 -65 -68 -77 63 67 70 75 / 65 69 72 <END> 
<S> 58 63 70 / 62 65 -58 -70 / 51 58 67 75 / 63 72 -51 -75 / 65 74 77 -48 / 47 75 -65 -77 / 48 67 72 75 / 43 -67 -70 -75 / 67 70 77 -75 / 53 -60 -67 -77 / 55 74 -60 -67 / 53 -58 -67 -74 / 51 65 68 74 / 50 65 -65 -74 / 51 63 67 70 / 65 -51 -67 -70 <END> 
<S> 53 60 68 74 / 55 -60 -68 -74 / 56 59 68 -74 / 65 -56 -56 -74 / 55 59 67 75 / 53 57 65 74 / 50 59 65 -74 / 51 58 65 75 / 63 -48 -55 -75 / 53 60 65 77 / 59 62 67 -77 / 51 60 67 75 / 48 60 69 -75 <END> 
<S> 44 60 63 72 / 56 60 65 -72 / 56 65 72 -56 / 55 63 67 -72 / 53 65 68 74 / 55 59 67 -74 / 60 67 75 / 58 -60 -67 -75 / 56 60 65 77 / 53 75 -60 -77 / 55 67 71 74 / 55 71 74 <END> 
<S> 56 60 65 77 / 55 -56 -60 -77 / 53 62 68 72 / 46 53 -68 -72 / 48 67 72 75 / 50 59 -67 -75 / 51 60 67 75 / 53 -60 -67 -75 / 55 60 67 74 / 72 -55 -60 -67 / 43 59 74 -67 / 65 -43 -59 -74 <END> 
<S> 56 60 63 72 / 55 -60 -63 -72 / 53 65 68 72 / 63 74 -53 -68 / 61 67 -53 -74 / 74 -53 -67 -68 / 55 72 67 70 / 65 -55 -67 -75 / 51 58 67 75 / 56 -51 -58 -75 / 56 60 68 74 / 55 59 67 72 <END> 
<S> 51 63 67 72 / 53 -63 -67 -72 / 55 62 67 70 / 60 63 67 / 58 -60 -63 -67 / 56 60 65 / 55 58 63 67 / 53 56 65 68 / 46 53 62 70 / 68 -46 -53 -62 / 43 51 63 67 / 45 60 65 -63 / 46 58 62 -65 <END> 
<S> 50 58 65 68 / 50 62 65 -58 / 51 55 63 / 48 51 60 65 / 41 56 60 65 / 43 55 59 62 / 53 55 62 -59 / 48 52 55 60 / 50 53 62 67 / 52 60 67 -53 / 53 58 62 -67 / 65 -53 -62 -65 <END> 
<S> 41 55 60 62 / 43 55 59 -62 / 53 -43 -59 -62 / 48 51 55 60 / 48 60 63 67 / 50 -60 -63 -67 / 51 58 63 67 / 58 65 -51 -67 / 51 58 63 -67 / 39 -58 -63 -67 / 48 60 63 -67 / 58 -48 -64 -67 <END> 
<S> 48 60 63 67 / 50 -60 -63 -67 / 51 55 63 70 / 61 -51 -55 -70 / 53 56 60 68 / 58 -53 -53 -68 / 48 60 63 67 / 68 -48 -60 -63 / 46 58 63 65 / 56 -46 -63 -65 / 65 -48 -56 -63 / 47 55 62 67 / 48 60 -55 -67 / 53 56 60 68 / 55 62 67 -60 <END> 
<S> 44 60 65 / 53 56 60 62 / 41 -53 -60 -62 / 43 55 60 62 / 59 -43 -55 -62 / 48 55 60 63 / 44 60 65 -63 / 41 55 63 67 / 60 68 -55 -60 / 59 62 -55 -55 / 53 57 60 / 51 55 -53 -60 <END> 
<S> 55 62 63 / 60 -55 -60 -63 / 55 62 -60 / 59 -55 -62 / 53 -43 -59 -62 / 48 51 55 63 / 60 -51 63 67 / 50 60 65 70 / 48 63 -60 -68 <END> 
<S> 44 60 65 / 63 70 -60 -65 / 62 -60 -65 -70 / 60 63 67 75 / 58 62 -67 -75 / 56 60 72 77 / 55 -60 -72 -77 / 53 60 70 79 / 55 -60 -70 -79 / 53 65 68 72 / 71 74 -53 -65 / 48 67 72 75 / 70 -48 -67 -75 <END> 
<S> 53 60 68 69 / 51 60 67 70 / 56 59 65 68 / 60 -56 -65 -68 / 55 59 67 -65 / 53 59 62 -67 / 51 60 67 -67 / 58 62 65 -67 / 48 60 63 -67 / 58 62 -48 -67 / 53 56 60 65 / 51 55 67 -60 <END> 
<S> 60 63 67 72 / 62 65 -60 -72 / 60 63 67 -72 / 59 62 -67 -72 / 57 60 72 77 / 62 -57 -72 -77 / 58 62 70 77 / 63 -58 -70 -77 / 65 -58 -70 / 63 67 -58 -70 / 69 77 -63 -70 / 58 65 70 74 / 53 -58 -70 -74 / 51 69 72 -58 / 50 -69 -72 -77 / 55 62 71 79 / 60 67 -55 -70 <END> 
<S> 58 62 70 77 / 67 -58 -62 -77 / 60 63 67 79 / 53 69 -60 -79 / 55 67 71 -79 / 50 65 72 77 / 71 -50 -65 -77 / 48 67 72 75 / 58 -67 -72 -75 / 56 60 72 77 / 55 75 -60 -77 / 53 67 74 -60 / 55 59 -67 -74 / 65 -55 -59 -74 / 48 55 63 72 / 51 63 67 79 <END> 
<S> 56 67 72 75 / 55 -67 -72 -75 / 53 68 72 74 / 55 67 71 -53 / 47 65 -67 -74 / 48 63 67 72 / 60 63 67 / 58 65 -67 / 63 72 -55 -60 / 59 62 -55 -63 / 57 60 -55 -62 / 55 59 62 / 53 -55 -59 -62 / 48 55 60 63 / 50 58 65 / 51 56 -58 -65 / 63 70 -56 -60 <END> 
<S> 55 60 67 75 / 62 -55 -67 -75 / 43 59 65 74 / 63 67 72 / 62 65 71 77 / 60 63 72 79 / 58 62 74 79 / 67 -58 -62 -79 / 60 63 72 79 / 58 -63 -72 -77 / 57 63 72 77 / 55 -63 -72 -77 / 57 80 73 -77 / 58 75 77 / 46 65 74 <END> 
<S> 59 62 74 79 / 77 -59 -62 -74 / 55 67 71 75 / 63 72 -67 -75 / 58 65 74 77 / 56 -65 -74 -77 / 55 70 75 79 / 53 -70 -75 -79 / 51 72 75 79 / 50 -72 -75 -79 / 48 68 77 77 / 47 -68 -77 -77 / 48 67 72 75 <END> 
<S> 53 68 74 77 / 72 75 -53 -68 / 55 62 70 74 / 67 -55 -70 -74 / 48 63 67 72 / 66 -48 -63 -72 / 55 62 67 70 / 69 -55 -62 -70 / 67 70 -55 -62 / -63 69 -55 -62 / 60 -55 -62 -69 / 50 58 67 70 / 51 60 67 69 <END> 
<S> 62 67 70 / 55 62 -67 -70 / 60 64 67 72 / 54 69 -64 -72 / 55 62 67 71 / 60 69 -55 -67 / 50 62 66 -69 / 60 -50 -66 -69 / 55 59 62 67 / 60 67 75 / 58 -60 -67 -75 <END> 
<S> 55 62 67 70 / 53 -62 -67 -70 / 51 60 67 72 / 55 -60 -67 -72 / 53 65 69 74 / 59 -65 -69 -74 / 60 63 67 72 / 62 74 -60 -67 / 76 60 67 69 / 69 -60 -65 / 58 62 67 70 / 65 69 -58 -62 <END> 
<S> 60 64 67 75 / 62 -60 -67 -75 / 54 60 69 74 / 55 67 71 74 / 57 -67 -71 -74 / 60 63 69 72 / 55 -60 -69 -72 / 53 68 72 70 / 65 -53 -68 -72 / 55 58 67 74 / 56 65 -58 -74 / 58 63 67 56 / 65 -58 -67 / <END> 
<S> 53 65 68 74 / 63 -53 -68 -74 / 55 65 70 -74 / 63 70 -55 -70 / 56 63 68 72 / 55 67 -63 -72 / 53 56 65 68 / 51 55 63 -68 / 50 65 -55 -70 / 48 63 72 -55 / 53 56 65 74 / 55 58 67 75 / 56 60 65 -75 / 53 62 68 74 / 63 67 -53 -74 <END> 
<S> 56 62 65 71 / 55 -62 -65 -71 / 48 60 63 68 / 50 -60 -63 -68 / 51 58 67 / 55 63 -51 -67 / 50 60 65 -67 / 48 60 63 67 / 46 -60 -63 -67 / 44 56 60 65 / 47 55 62 67 / 45 60 63 65 / 47 62 65 67 <END> 
<S> 48 60 63 67 / 46 -60 -63 -67 / 44 60 63 67 / 58 -44 -63 -67 / 56 60 63 72 / 54 -60 -63 -72 / 55 62 67 70 / 50 62 69 -55 / 54 60 -50 -69 / 55 58 67 / 48 51 60 67 / 46 -51 -60 -67 <END> 
<S> 55 70 62 / -70 -55 -62 -70 / 51 55 67 72 / 50 -55 -62 -67 / 48 55 62 65 / 63 -55 -62 / 43 59 62 67 / 55 59 62 67 / 53 -59 -62 -67 / 51 60 63 -67 / 50 -60 -63 -67 / 48 55 63 -67 / 60 -48 -63 -67 <END> 
<S> 55 62 67 71 / 55 62 67 71 / 48 63 67 72 / 53 60 65 68 / 51 63 67 70 / 65 68 -51 -75 / 51 67 70 75 / 65 -51 -70 -75 / 63 67 70 75 / 65 68 -51 -75 / 63 67 75 / 62 65 71 74 <END> 
<S> 53 65 68 74 / 51 63 67 75 / 69 74 -51 -60 / 50 65 70 74 / 69 -50 -65 -74 / 51 63 70 79 / 62 -51 -70 -79 / 63 70 79 -51 / 62 77 -70 / 56 60 65 72 / 64 67 -56 -60 / 58 62 65 74 / 56 60 -65 -74 / 55 58 67 75 / 53 68 77 -58 <END> 
<S> 56 63 68 72 / 65 -56 -56 -72 / 51 55 67 71 / 53 60 68 -67 / 62 -53 -67 -68 / 47 62 67 79 / 65 -47 -62 -79 / 48 60 63 79 / 50 -60 -63 -79 / 51 60 79 -67 / 53 60 69 77 <END> 
<S> 63 72 -48 -60 / 47 62 67 74 / 60 67 75 / 58 67 74 77 / 56 65 72 75 / 55 67 70 -75 / 53 68 72 77 / 55 75 -68 -72 / 56 65 72 77 / 58 -56 -72 -77 / 57 60 72 77 / 75 -60 -72 -77 <END> 
<S> 58 65 70 74 / 68 -58 -65 -74 / 60 67 75 / 58 62 -67 -75 / 56 63 72 / 55 65 70 -72 / 53 67 68 72 / 51 75 -67 -68 / 50 65 68 74 / 55 63 67 75 / 53 65 68 74 / 55 59 67 -74 / 56 60 67 72 / 65 -56 -60 -72 <END> 
<S> 51 67 72 75 / 53 -67 -72 -75 / 55 67 74 -72 / 71 -55 -67 -74 / 65 -55 -71 -74 / 56 63 72 / 60 -63 -72 / 74 -56 -60 -72 / 51 60 67 75 / 53 -60 -67 -75 / 55 59 67 74 / 65 -55 -59 -74 / 56 60 63 72 / 62 -56 -60 -72 / 58 61 70 79 <END> 
<S> 56 60 67 72 / 65 -56 -60 -72 / 55 62 67 71 / 75 -55 -62 -67 / 48 55 63 72 / 67 -55 -58 -72 / 56 63 68 72 / 58 65 -63 -72 / 60 64 67 72 / 65 68 -60 -72 / 63 67 70 / 65 68 44 <END> 
<S> 62 65 69 77 / 63 -62 -69 -77 / 58 65 70 75 / 63 70 -58 -75 / 63 70 75 79 / 62 68 77 77 / 60 75 -65 -77 / 58 63 72 77 / 56 -63 -72 -77 / 58 63 70 77 / 62 65 -70 -77 <END> 
<S> 56 63 72 77 / 53 -63 -72 -77 / 58 62 70 77 / 51 67 70 75 / 48 67 75 79 / 72 75 -67 -75 / 59 67 74 77 / 57 60 -74 -77 <END> 
<S> 51 63 67 75 / 53 65 69 74 / 55 65 71 -74 / 56 72 -65 / 74 65 -56 -72 / 55 67 71 74 / 55 67 71 77 / 53 -67 -71 -77 <END> 
<S> / 63 70 72 / 62 65 -70 -74 / 60 63 67 79 / 57 60 -67 -79 / 59 62 67 77 / 60 67 75 -62 / 55 59 62 74 / 55 71 -59 <END> 
<S> 56 60 65 72 / 55 -60 -63 -72 / 53 62 68 71 / 55 59 67 -71 / 65 -55 -59 -71 / 48 55 63 72 / 50 65 71 74 / 51 67 72 75 / 53 -67 -72 -75 <END> 
<S> 48 63 68 72 / 50 -63 -68 -72 / 51 63 67 70 / 53 -63 -67 -70 / 55 62 67 71 / 53 -62 -67 -71 / 51 63 67 72 / 48 -63 -67 -72 / 55 62 67 70 / 60 -55 -67 -74 / 53 59 67 74 / 65 72 -53 -74 <END> 
<S> 51 63 67 72 / 53 -63 -67 -72 / 55 62 67 71 / 48 60 67 75 / 48 60 67 75 / 58 -48 -67 -75 / 50 56 65 77 / 58 62 77 -56 / 56 60 63 72 / 55 58 -63 -72 / 53 68 -58 -63 <END> 
<S> 51 58 67 75 / 48 63 70 77 / 50 -58 -70 -77 / 51 70 75 -65 / 63 -51 -70 -79 / 53 68 72 80 / 74 -53 -68 -77 / 55 63 75 79 / 65 -55 -75 -79 / 67 72 -55 -75 / 59 68 74 77 <END> 
<S> 50 65 70 77 / 51 68 72 -77 / 53 68 74 -72 / 55 71 -74 / 56 72 -55 / 55 59 67 74 / 0 / 48 63 67 72 / 66 -48 -63 -72 / 50 62 66 70 / 52 55 67 72 / 53 57 65 -72 / 63 -53 58 -65 / 60 57 62 65 / 58 64 -57 <END> 
