<S> 60 63 67 72 / 58 -63 -67 -72 / 56 62 65 72 / 60 -56 -65 -72 / 55 62 67 70 / 60 -55 -67 -70 / 55 58 67 75 / 57 60 -67 -75 / 59 62 67 74 / 60 63 69 72 / 55 65 71 74 / 43 -65 -71 -74 / 48 63 67 72 <END> 
<S> 59 62 67 74 / 60 63 -67 -74 / 55 62 67 71 / 43 59 62 67 / 48 60 67 75 / 51 67 -60 -75 / 53 68 74 -60 / 59 -53 -68 -74 / 55 60 63 50 / 48 -55 -63 -75 / 50 55 62 71 / 54 62 -50 -71 / 48 60 63 69 / 50 62 66 -69 / 60 -50 -66 -69 <END> 
<S> 55 60 62 67 / 43 59 62 67 / 48 60 63 67 / 50 65 -60 -67 / 51 55 67 / 53 60 68 -51 / 55 59 67 / 53 56 60 65 / 55 59 -53 -65 / 53 57 62 -53 / 51 -53 -57 -62 / 50 53 58 / 46 50 53 58 <END> 
<S> 53 56 60 65 / 55 58 67 / 56 60 65 / 58 -48 -65 / 56 60 65 -48 / 47 55 62 67 / 41 55 62 65 / 53 -47 -55 -62 / 48 55 60 63 / 50 -55 -60 -63 / 55 59 -50 -63 / 57 -50 -55 -59 / 55 59 -50 -53 / 53 -43 -59 -60 <END> 
<S> 50 55 62 65 / 60 -50 -55 -65 / 47 55 62 67 / 43 -55 -62 -67 / 48 60 63 -67 / 53 60 65 68 / 51 55 67 -60 / 57 60 -51 -67 / 50 53 59 -67 / 48 52 -59 -67 / 60 -48 -52 -67 / 50 57 65 -60 / 59 -50 -53 -65 / 48 51 55 67 / 46 -51 -55 -67 / 48 51 60 67 / 53 -51 -60 -67 <END> 
<S> 47 53 62 67 / 48 60 -53 -67 / 44 51 60 67 / 58 -51 -67 / 57 56 65 72 / 55 58 63 -72 / 54 57 62 74 / 55 58 62 70 / 54 63 -58 -70 / 51 63 68 -58 / 50 -58 -63 -70 / 46 58 62 68 77 <END> 
<S> 53 56 62 74 / 58 -53 -62 -74 / 48 55 63 72 / 50 65 -55 -72 / 51 60 67 70 / 50 -60 -67 -70 / 51 60 67 72 / 53 69 -60 -72 / 52 65 -60 -69 / 61 -52 -65 -70 <END> 
<S> 55 60 67 / 53 59 -55 -67 / 57 60 65 -55 / 53 62 -60 -65 / 50 59 62 67 / 57 -50 -62 -67 / 43 58 62 -67 / 63 -46 -58 -67 / 45 60 65 72 / 46 58 62 74 / 56 -46 -62 -74 / 51 55 60 72 / 53 56 62 -72 / 59 -53 -56 -72 <END> 
<S> 51 60 67 / 55 -51 -67 / 63 55 -67 -70 / 60 67 -55 -67 / 58 62 -67 -70 / 56 60 63 -68 / 55 58 -63 -68 / 53 56 60 68 / 58 62 -53 -68 / 60 63 67 / 46 65 -60 -67 / 50 58 65 77 / 58 -50 -65 -77 / 51 63 70 79 / 62 -51 -70 -79 <END> 
<S> 55 60 63 75 / 58 -55 -63 -75 / 56 65 72 / 63 -56 -65 -72 / 55 63 70 75 / 53 68 -63 -72 / 51 63 67 70 / 61 -51 -67 -70 / 53 60 68 -67 / 65 -53 -60 -68 / 48 60 64 67 / 58 -48 -64 -67 / 53 56 65 / 55 58 -65 / 56 64 -58 -61 / 55 58 65 -58 / 53 56 -58 -65 <END> 
<S> 53 57 65 69 72 / 60 65 69 74 / 59 62 67 74 / 55 62 71 79 / 60 63 72 79 / 59 65 74 77 / 67 -59 -74 -77 / 60 67 72 76 / 59 67 74 77 / 60 76 -67 -74 / 55 59 67 72 / 53 -59 -67 -72 <END> 
<S> 59 67 74 77 / 60 67 72 76 / 55 74 -67 -72 / 53 57 65 72 / 64 -53 -57 -72 / 47 62 65 74 / 67 -47 -62 -74 / 65 -47 -62 -74 / 48 55 64 72 / 60 64 67 72 / 59 -64 -67 -72 <END> 
<S> 53 69 -60 -67 / 59 -53 -69 / 52 60 64 67 / 58 -52 -64 -67 / 50 57 65 65 / 47 62 67 / 55 -47 -62 -67 / 48 55 64 -62 / 60 -48 -55 -64 / 41 57 62 -60 / 50 59 -41 -62 / 57 -41 -50 -62 / 43 55 59 62 / 53 -43 -59 -62 <END> 
<S> 57 60 62 65 / 50 -57 -60 -62 / 55 59 -50 -62 / 43 55 59 62 / 53 -43 -59 -62 / 48 52 55 60 / 48 60 64 69 / 53 60 65 71 / 52 59 67 / 60 64 -52 -67 / 54 60 69 -64 / 62 -54 -54 -69 / 43 55 62 71 / 48 64 -55 -71 / 47 62 65 71 / 68 -50 -62 -71 <END> 
<S> 53 60 65 69 / 52 -60 -65 -69 / 50 60 64 69 / 48 -60 -64 -69 / 50 62 65 71 / 52 64 67 -71 / 62 -52 -67 -71 / 45 60 64 72 / 66 -45 -60 -72 / 47 62 67 71 / 48 -62 -67 -71 / 50 62 69 -67 / 48 -62 -67 -69 / 50 62 66 69 / 60 -50 -66 -69 <END> 
<S> 59 62 74 -67 / 60 64 -67 -74 / 62 66 69 50 / 71 -62 -66 -81 / 52 62 71 79 / 60 64 72 79 / 62 39 -72 -79 / 67 71 74 79 / 65 -67 -71 -74 / 60 67 72 76 / 62 69 77 81 / 61 64 70 79 <END> 
<S> 64 67 72 79 / 65 74 81 / 64 67 76 -81 / 71 77 -76 -67 / 74 -68 -67 -84 / 60 67 72 76 / 59 -67 -72 -76 / 57 69 72 77 / 59 67 74 79 / 77 -59 -67 -74 / 60 67 72 76 / 53 -67 -72 -76 / 55 67 72 74 / 71 -55 -67 -74 / 72 -55 -67 -71 <END> 
<S> 64 67 72 79 / 65 74 81 -67 / 64 67 -74 -81 / 62 65 77 81 / 55 74 79 -77 / 60 67 76 83 / 74 -60 -67 -76 / 59 67 74 / 77 -59 -67 -74 / 60 67 76 / 53 69 72 -76 / 55 -69 -72 74 / 57 -69 -72 -74 / 50 59 71 76 / 56 65 -71 -71 / 57 64 69 72 / 55 -64 -69 -72 <END> 
<S> 57 67 72 76 / 66 -57 -72 -76 / 69 72 78 / 74 -67 -72 / 65 71 74 / 69 -55 -74 / 48 64 67 72 / 55 62 65 71 / 60 64 67 72 / 55 59 67 74 / 53 69 -67 -74 / 52 67 76 -58 / 57 65 -67 -76 <END> 
<S> 55 67 71 74 / 62 67 73 76 / 64 69 73 57 / 62 65 74 77 / 67 72 76 -50 / 55 -67 -72 -76 / 53 67 74 / 52 76 -69 -74 / 50 65 71 77 / 69 -50 -65 -77 / 55 70 76 76 / 57 60 -76 -76 / 59 69 74 -55 <END> 
<S> 59 67 74 79 / 61 69 76 -79 / 62 67 71 79 / 77 -62 -71 -79 / 60 67 72 76 / 77 -60 -67 -72 / 60 67 72 79 / 58 74 -67 -72 / 56 60 72 76 / 55 -60 -72 -76 / 53 69 72 74 / 50 76 -69 -72 / 50 65 71 77 / 47 62 67 -77 / 48 67 -62 -74 <END> 
<S> 57 65 72 77 / 55 74 -65 -77 / 53 67 72 76 / 52 -67 -72 -76 / 53 74 -67 -72 / 55 67 71 74 / 65 -55 -71 -74 / 48 64 67 72 / 55 62 71 74 / 53 59 62 74 <END> 
<S> 53 62 67 71 / 50 65 -67 -71 / 55 64 67 72 / 62 -55 -67 -72 / 60 67 76 / 59 -67 -72 -76 / 57 65 72 77 / 55 67 76 -72 / 53 -67 -72 -76 / 55 74 -67 -72 / 65 -55 -72 -74 / 70 -55 -65 -74 / 48 64 67 76 / 53 65 69 72 / 46 62 65 74 / 64 76 -53 -69 <END> 
<S> 53 57 74 -69 / 50 65 -74 -74 / 55 62 74 -69 / 67 -55 -60 -74 / 43 59 67 74 / 65 -43 -59 -74 / 48 55 64 72 / 55 62 71 74 <END> 
<S> 55 62 67 71 / 53 -62 -67 -71 / 52 62 67 71 / 50 -62 -67 -71 / 52 55 67 72 / 54 57 -67 -72 / 55 59 62 71 / 60 64 69 -55 / 48 60 69 69 / 50 59 71 -69 / 48 57 64 72 / 52 55 -64 -69 <END> 
<S> 48 57 64 69 / 55 59 71 74 / 53 -59 -71 -74 / 52 59 68 -76 / 50 65 -59 -74 / 48 64 67 76 / 60 -48 -67 -76 / 55 67 74 -72 / 71 -55 -67 -74 / 69 -55 -67 -74 / 64 67 71 -55 / 53 65 68 74 <END> 
<S> 60 67 76 / 59 -60 -67 -76 / 57 60 65 77 / 55 67 76 -60 / 53 60 69 74 / 55 59 67 -74 / 65 -55 -59 -74 / 64 72 -55 -59 / 65 -55 -59 -72 / 48 55 64 72 / 50 62 65 71 / 52 64 67 72 / 53 -64 -67 -72 / 55 62 67 71 / 56 60 65 -71 / 62 -56 -60 -65 <END> 
<S> 48 55 64 72 / 60 67 -55 -72 / 55 59 67 74 / 69 -55 -59 -74 / 57 67 71 -74 / 65 -57 -71 -74 / 64 67 72 / 54 -64 -71 -72 / 55 62 71 71 / 57 64 69 72 / 54 62 69 74 / 55 62 67 70 / 64 -55 -67 -70 / 50 62 65 69 / 62 -50 -62 -69 / 60 -50 62 -69 / 43 59 -62 -69 / 59 -43 -62 -71 <END> 
<S> 54 62 69 74 / 52 62 67 -74 / 72 -62 -67 -74 / 50 62 66 -72 / 55 62 67 71 / 55 59 62 67 / 53 -59 -62 -67 / 52 60 67 -65 / 64 -60 -67 / 55 62 65 74 / 53 -62 -65 -74 / 55 67 72 / 66 74 -55 -72 / 43 59 67 74 / 65 -43 -59 -74 / 48 64 67 72 <END> 
<S> 56 60 67 76 / 62 -56 -67 -76 / 55 64 67 72 / 62 71 -55 -67 / 48 64 67 69 / 50 62 66 -69 / 60 -50 -66 -69 / 55 59 62 67 / 55 59 62 67 / 52 55 64 70 / 57 65 -52 -70 / 53 59 69 74 / 57 -53 -69 -74 / 52 59 68 -74 / 72 -52 -59 -67 <END> 
<S> 55 59 62 67 / 53 57 -67 -72 / 52 62 67 71 / 50 -62 -67 -67 / 52 60 67 72 / 48 -67 -72 / 67 -48 -67 -72 / 55 62 67 71 / 52 55 62 67 / 52 55 64 72 / 53 57 65 69 / 59 -53 -57 -69 / 52 60 64 67 / 57 64 -60 -67 / 55 60 62 65 69 59 59 67 -55 -74 <END> 
<S> 52 55 67 72 / 50 57 65 74 / 52 59 67 76 / 54 57 62 72 / 50 62 -57 -72 / 55 64 71 / 60 62 67 76 / 59 62 74 -67 / 57 64 69 72 / 55 -64 -69 -72 / 54 62 69 -72 / 50 -62 -69 -72 / 55 62 67 71 / 64 -55 -67 -71 / 50 62 66 69 / 62 66 -50 -69 <END> 
<S> 57 64 72 -67 / 66 -57 -64 -72 / 55 62 67 71 / 53 59 62 67 / 52 60 67 72 / 50 65 69 74 / 71 -50 -65 -74 / 48 67 72 76 / 50 59 -72 -76 / 52 60 67 76 / 53 74 -60 -67 / 55 59 67 74 / 56 64 71 76 <END> 
<S> 52 67 72 -70 / 50 65 -67 -72 / 48 67 72 76 / -67 -48 -72 -76 / 55 67 71 74 / 53 -67 -71 -74 / 52 59 67 79 / 57 60 77 -67 / 59 62 69 -77 / 60 64 76 -74 / 72 -60 -64 -76 / 53 65 74 -60 / 59 62 67 74 / 64 -58 -59 -74 / 57 60 69 72 / 59 62 -69 -72 <END> 
<S> 57 60 69 77 / 59 62 -69 -77 / 60 64 67 76 / 65 69 -60 -76 / 53 67 71 74 / 52 67 72 / 50 65 70 74 / 48 64 69 72 / 50 62 66 71 / 52 60 67 72 / 54 62 69 -72 / 55 62 67 71 / 60 64 67 -71 / 59 62 67 71 <END> 
<S> 50 65 69 72 / 71 -50 -65 -72 / 52 59 67 71 / 60 -52 -67 -71 / 50 59 67 74 / 48 57 69 72 / 55 59 67 74 / 48 60 67 76 / 72 -48 -60 -76 / 55 59 74 74 / 52 64 71 -74 / 65 69 -52 71 <END> 
<S> 47 62 67 74 / 48 64 67 76 / 50 65 77 / 71 -50 -65 -77 / 52 67 72 76 / 53 74 -67 -72 / 55 67 71 74 / 52 59 73 79 / 64 69 -55 -76 <END> 
<S> 47 67 74 / 66 -47 -74 -77 / 52 59 67 79 / 50 57 62 -79 / 52 59 72 76 / 56 -64 -72 -76 / 52 55 64 72 / 62 -55 -72 / 47 55 62 67 <END> 
<S> 57 64 72 / 55 59 67 74 / 60 67 76 / 59 62 67 77 / 60 67 76 / 55 59 74 -67 / 65 -55 -59 -74 / 57 60 64 72 / 55 -60 -64 -72 / 53 59 69 74 / 50 57 65 -74 <END> 
<S> 60 67 76 / 55 -60 -67 -76 / 53 69 -60 -76 / 55 59 67 74 / 52 60 67 76 / 52 60 67 79 / 50 65 77 -79 / 71 79 -50 -65 / 48 72 77 -65 / 76 -48 -60 -72 / 47 67 74 79 / 55 -47 -74 -79 / 48 55 64 72 / 50 65 74 -72 <END> 
<S> 60 64 69 79 / 62 -60 -69 -79 / 48 64 69 79 / 71 -48 -64 -81 / 50 69 72 77 / 52 67 71 79 / 62 64 69 -79 / 50 62 69 77 / 67 -50 -62 -77 / 48 67 76 -62 / 60 64 67 76 / 62 65 69 74 / 64 76 -69 -72 / 53 65 72 81 / 64 -53 -72 -81 / 55 62 79 -72 / 67 71 -55 -62 <END> 
<S> 50 69 77 -64 / 62 71 -50 -77 / 52 67 76 -62 / 60 -52 -67 -76 / 53 59 67 74 / 57 -53 -67 -74 / 55 59 67 -74 / 72 -55 -59 -67 / 52 57 -67 72 / 53 69 74 -60 / 50 59 67 76 / 65 -53 -59 -67 / 52 60 64 67 / 59 62 -52 -67 / 53 57 69 -62 / 72 -53 -57 -69 / 52 59 67 71 / 50 57 -67 -71 / 52 59 67 72 / 48 57 -64 -67 -72 <END> 
<S> 52 60 67 72 / 50 65 71 74 / 52 64 67 72 / 62 -52 -67 -72 / 52 60 67 72 / 53 69 74 -60 / 55 59 67 74 / 65 -55 -59 -74 / 48 55 64 72 / 48 55 64 72 <END> 
<S> 55 60 67 76 / 53 -60 -67 -76 / 55 59 67 74 / 65 -55 -59 -74 / 48 55 64 72 / 55 67 71 74 / 60 67 72 76 / 53 69 72 74 / 65 -53 -72 -74 / 55 62 71 -74 / 43 59 62 74 / 48 55 64 72 <END> 
<S> 57 65 69 72 / 50 65 71 74 / 52 64 68 76 / 62 -52 -72 -76 / 53 60 69 77 / 76 -53 -69 -72 / 55 67 71 74 / 43 59 74 -67 / 65 -43 -59 -74 / 48 60 64 72 / 55 60 67 72 / 69 -55 -60 -72 <END> 
<S> 48 60 67 76 / 52 -60 -67 -76 / 53 59 67 74 / 52 60 67 76 / 50 65 69 74 / 71 -50 -65 -74 / 48 67 72 76 / 50 -67 -72 -76 / 52 67 72 76 / 53 -67 -72 -76 / 55 67 72 74 / 71 -55 -67 -74 / 0 / -67 69 71 <END> 
<S> 48 67 72 76 / 50 65 71 77 / 69 -50 -65 -77 / 52 59 67 79 / 61 -52 -67 -79 / 53 60 69 77 / 76 -53 -60 -69 / 55 59 67 74 / 62 74 -55 -67 / 64 -55 -67 -74 / 65 71 -55 -74 / 48 64 67 72 / 55 62 71 / 60 -55 -62 -67 <END> 
<S> 55 60 67 74 / 59 -55 -67 -74 / 48 64 67 72 / 48 64 67 72 / 65 74 -48 -67 / 60 67 72 76 / 59 -67 -72 -76 / 57 69 72 77 / 59 71 74 79 / 60 72 76 / 59 62 74 57 <END> 
<S> 58 65 74 / 57 64 -58 -74 / 55 62 69 70 / 53 -62 -70 -70 / 55 58 67 70 / 53 60 69 77 / 58 62 70 77 / 48 -58 -69 -77 / 53 60 69 77 / 46 61 70 77 <END> 
<S> 58 62 67 70 / 60 -58 -67 -70 / 58 63 68 72 / 57 -63 -68 -72 / 63 65 70 / 52 -65 -70 / 53 60 65 70 / 62 65 -53 -70 / 55 63 67 70 / 56 -63 -67 -70 / 58 63 68 / 55 67 -63 / 53 60 68 -67 / 65 -53 -60 -68 <END> 
<S> 51 63 67 72 / 53 -63 -67 -72 / 55 62 67 70 / 60 63 67 70 / 61 65 68 48 / 60 -65 -68 / 59 62 67 -65 / 60 63 -67 / 58 62 65 / 56 59 -65 <END> 
<S> 46 62 65 79 / 51 60 -65 -70 / 50 58 65 70 / 48 63 67 -70 / 50 62 65 69 / 71 -50 -62 -65 / 51 63 67 72 / 53 -63 -67 -72 / 55 62 67 71 / 53 63 67 72 / 69 -53 -63 -72 / 55 62 71 -69 <END> 
<S> 51 63 67 72 / 60 -51 -67 -72 / 53 65 69 -72 / 46 -65 -69 -72 / 51 60 65 -68 / 58 62 -65 -68 / 51 60 67 -65 / 58 -51 -67 / 57 63 -51 -58 / 46 58 62 65 / 48 55 63 <END> 
<S> 53 60 65 68 / 51 -60 -65 -68 / 50 58 65 70 / 63 -50 -58 -70 / 51 58 63 67 / 62 -51 -58 -67 / 51 56 60 65 / 55 58 62 -65 / 53 56 60 65 / 59 -53 -53 -65 <END> 
<S> 51 58 63 67 / 56 -51 -63 -67 / 58 65 -51 -58 / 50 58 65 70 / 51 58 63 67 / 62 65 -51 -58 / 56 60 63 -53 / 55 58 62 -63 / 53 56 60 65 / 53 -53 -60 -65 <END> 
<S> 46 58 65 -63 / 50 58 62 -65 / 51 58 63 67 / 50 65 -58 -67 / 48 63 67 72 / 51 -63 -67 -72 / 53 62 68 72 / 50 -62 -68 -72 / 55 62 67 71 / 55 59 62 67 <END> 
<S> 51 63 67 70 / 50 62 -67 -70 / 48 60 67 72 / 63 -48 -67 -72 / 41 56 65 72 / 53 69 -56 -72 / 55 62 67 71 / 48 64 67 72 / 60 63 67 72 <END> 
<S> 44 60 72 -65 / 59 62 67 -72 / 60 63 67 72 / 58 62 -67 -72 / 56 60 65 77 / 55 62 67 -77 / 60 67 75 / 58 62 -67 -75 / 56 63 72 77 / 55 -63 -72 -77 / 53 62 70 79 / 52 -62 -70 -79 <END> 
<S> 60 63 67 75 / 58 62 -67 -75 / 56 60 72 77 / 55 70 -60 -77 / 53 65 68 72 / 74 -53 -65 -68 / 48 63 67 75 / 69 -48 -63 -75 / 50 65 70 74 / 51 -65 -70 -74 / 53 65 70 72 / 55 74 -65 -70 / 51 63 67 75 / 62 65 -51 -75 <END> 
<S> 51 67 70 72 / 53 65 69 -72 / 46 65 70 74 / 51 58 63 67 / 62 -51 -58 -67 / 53 60 65 68 / 62 -53 -65 -68 / 55 58 63 67 / 56 60 -63 -67 / 58 62 65 / 56 63 -58 -65 / 53 65 68 -56 / 55 58 67 75 / 53 60 68 77 <END> 
<S> 56 63 68 72 / 55 -63 -68 -72 / 53 61 67 70 / 52 -61 -67 -70 / 53 60 67 68 / 64 -53 -60 -68 / 65 -53 -60 -68 / 59 62 67 -53 / 60 -53 -62 -67 / 55 62 67 / 57 60 66 69 / 59 62 67 67 / 60 63 -67 -67 <END> 
<S> 54 60 63 69 / 62 -54 -60 -69 / 43 55 62 71 / 53 62 -43 -71 / 51 60 63 72 / 57 74 -60 -63 / 55 59 67 74 / 55 67 71 74 <END> 
<S> 55 62 67 72 / 60 -55 -67 -72 / 43 62 67 71 / 65 -43 -67 -71 / 48 63 67 72 / 60 67 75 / 58 -60 -67 -75 / 56 60 68 75 / 55 -60 -68 -75 / 53 60 68 74 / 55 59 67 -74 / 56 60 67 72 / 65 -56 -60 -72 <END> 
<S> 56 60 63 72 / 65 74 -56 -60 / 55 58 67 75 / 53 68 77 -58 / 55 63 70 75 / 56 65 -63 -75 / 58 62 65 74 / 64 -58 -62 -74 / 56 65 -62 -74 / 72 -56 -62 -65 / 55 59 67 74 / 55 71 -67 <END> 
<S> 58 62 65 70 / 56 60 63 72 / 55 -60 -63 -72 / 53 68 72 74 / 55 67 71 -74 / 65 -55 -71 -74 / 48 63 67 72 / 51 58 70 79 / 53 60 -70 -79 / 55 58 70 79 / 56 60 -70 -79 <END> 
<S> 48 63 67 72 / 60 63 -48 -67 / 53 58 65 70 / 53 63 69 72 / 51 58 67 70 / 65 -51 -58 -70 / 48 63 67 72 / 51 -63 -67 -72 / 56 -51 -63 -72 / 53 55 67 72 <END> 
