<S> 51 60 67 72 / 52 61 67 70 / 53 60 65 68 / 55 58 64 67 / 56 60 65 / 58 -56 -65 / 56 -56 -65 / 49 58 -65 / 53 -49 -65 / 48 60 64 67 / 58 62 67 74 <END> 
<S> 56 60 65 / 58 -56 -65 / 56 -56 -65 / 49 58 -65 -65 / 53 59 -65 / / 60 -53 -65 -74 / 55 62 70 79 / 43 58 -70 -74 / 45 60 72 -70 / 62 70 -53 -72 / 52 60 67 72 / 58 74 -52 -67 / 53 65 68 72 / 56 -65 -68 -74 / 55 67 70 74 / 53 -67 -70 <END> 
<S> 51 67 70 72 / 55 -67 -70 -72 / 53 68 72 77 / 51 67 72 -77 / 50 65 71 -77 / 48 67 72 75 / 55 -67 -72 -75 / 60 67 72 75 / 58 -67 -72 -75 / 56 65 72 75 / 55 70 75 -75 / 56 65 74 77 / 55 75 -65 -77 / 58 74 70 <END> 
<S> 60 67 75 / 58 -60 -67 -75 / 56 60 75 -67 / 55 -60 -67 -75 / 53 60 68 74 / 55 59 67 -74 / 65 -55 -67 -74 / 48 63 67 72 / 60 63 67 72 / 58 62 -67 -72 / 57 60 65 72 / 55 67 -60 -72 / 53 60 69 -67 / 65 -53 -60 -69 / 60 -53 -65 -69 <END> 
<S> 56 65 72 -51 / 53 -56 -72 -75 / 55 60 67 74 / 53 59 -67 -74 / 44 72 -55 -60 / 47 56 65 74 / 45 53 -65 -74 / 47 55 63 67 / 62 -47 -55 -67 / 48 55 60 63 / 58 -48 -55 -63 / 56 56 60 63 72 / 65 -56 -60 -72 <END> 
<S> 48 55 63 -62 / 56 60 -48 -63 / 59 -48 -56 -63 / 44 56 60 65 / 59 -44 -56 -65 / 43 55 60 63 / 41 -55 -60 -63 / 55 62 -44 -60 / 53 59 -43 -55 / 53 -43 -59 -60 / 44 51 60 / 43 55 59 62 / 41 -55 -59 -62 / 48 55 60 63 / 51 -48 -60 -63 <END> 
<S> 41 56 60 62 / 43 55 59 -60 / 53 -43 -59 -62 / 44 51 60 / 43 55 59 62 / 60 -43 -55 -60 / 47 62 65 -55 / 56 -50 -65 -65 <END> 
<S> 43 55 59 62 / 48 55 60 63 / 50 -55 -60 -63 / 51 55 60 63 / 53 -55 -60 -63 / 55 59 62 / 57 -55 -59 -62 / 43 55 59 62 / 53 -43 -59 -62 <END> 
<S> 55 62 -46 -58 / 56 60 -43 -62 / 55 59 62 / / 53 -59 -62 / 48 51 55 60 / 46 62 -51 -55 / 44 51 60 -55 / 56 59 62 67 / 0 -56 -62 -67 / 51 60 67 / 50 53 65 -60 / 59 -50 -53 -65 <END> 
<S> 36 55 63 67 / 60 -55 -63 -67 / 56 62 65 -60 / 60 -56 -60 / 58 55 59 62 / 56 60 63 72 / 65 74 -60 / 55 59 67 75 / 60 -55 -67 -75 / 48 60 67 75 / 68 -48 -60 -75 / 50 62 65 71 / 59 62 67 -71 / 60 63 67 72 / 62 69 -67 <END> 
<S> 55 60 67 75 / 62 74 -67 -60 / 59 63 67 / 57 60 65 75 / 58 65 74 / 55 63 70 75 / 68 -55 -63 -75 / 65 -55 70 -75 / 53 67 70 74 / 51 72 -67 -70 / 53 65 70 72 / 68 74 -53 -58 / 51 63 67 79 / 48 69 72 -75 / 50 71 74 77 / 71 -50 -74 -77 / 51 72 75 79 / 53 68 74 77 <END> 
<S> 50 65 70 77 / 68 -50 -65 -77 / 51 70 79 -65 / 63 -70 -79 / 62 65 -70 -79 / 72 -62 -65 -79 / 58 62 70 79 / 63 67 70 79 / 62 65 -70 -79 / 60 63 75 79 / 58 -63 -75 -79 / 56 72 75 77 / 58 70 74 -77 / 51 70 75 75 <END> 
<S> 58 62 70 77 / 68 -58 -62 -77 / 60 63 67 75 / 53 65 68 74 / 63 72 -53 -68 / 55 62 67 70 / 65 68 -55 -70 / 53 63 68 72 / 74 -53 -63 -68 / 55 67 70 75 / 72 -55 -67 -75 / 55 67 74 / 59 -55 -67 -74 <END> 
<S> 58 65 70 74 / 56 -65 -70 -74 / 55 67 70 75 / 53 68 72 77 / 55 67 70 75 / 56 65 68 72 / 58 67 70 / 64 67 79 / 60 72 -67 -79 / 58 62 67 77 / 60 75 -67 58 / 62 72 77 -75 / 79 -63 -72 -77 <END> 
<S> 63 67 70 79 / 65 68 72 75 / 63 67 70 75 / 61 65 70 77 / 53 62 -70 -77 / 51 63 70 79 / 55 58 82 82 / 56 60 68 77 / 62 -56 -60 -77 <END> 
<S> 51 63 70 79 / 53 -63 -70 -79 / 55 63 70 79 / 56 -63 -70 -79 / 58 65 70 74 / 60 75 -65 -70 / 62 71 77 -65 / 59 62 74 -77 / 60 63 74 75 / 62 65 72 77 <END> 
<S> 56 60 -65 -71 / 62 -56 -60 -68 / 55 60 63 67 / 53 59 62 68 / 51 58 60 67 / 68 -48 -60 -75 / 55 58 62 70 / 53 63 68 72 / 74 -53 -65 -68 / 60 67 75 / 58 -60 -67 -75 / 56 60 72 77 / 55 70 -60 -77 <END> 
<S> 53 60 65 68 / 51 63 67 70 / 55 63 67 70 / 61 67 70 77 / 62 65 -70 -77 / 72 -62 -65 -77 / 58 -62 -70 -77 / 60 63 67 75 / 58 62 -67 -75 / 56 60 65 -75 / 55 67 -60 -75 / 53 60 68 77 / 55 60 67 75 / 53 56 65 74 / 55 59 -65 -74 / 56 60 63 72 / 56 -56 -60 -72 <END> 
<S> 60 67 75 / 58 -60 -67 -75 / 56 62 65 77 / 55 63 75 -77 / 56 65 72 75 / 53 63 70 -75 / 51 63 72 79 / 53 68 77 -63 / 62 70 77 / 51 63 70 79 / 55 58 -70 -79 / 53 68 77 -58 / 51 60 67 79 / 48 60 75 79 <END> 
<S> 51 63 70 79 / 53 63 72 -70 / 68 -53 -62 -72 / 47 62 67 79 / 48 63 67 72 / 43 65 74 -72 / 71 -43 -65 -74 / 48 67 72 75 / 53 -67 -72 -75 / 55 67 71 74 / 65 -55 -71 -74 <END> 
<S> 48 67 72 75 / 63 72 -67 -75 / 65 68 74 -60 / 59 67 74 / 60 67 75 / 58 -60 -67 -75 / 57 60 65 77 / 55 59 67 75 / 53 57 65 74 / 63 -53 -57 -74 / 55 62 65 71 / 64 67 -55 -71 / 65 -55 -67 -71 <END> 
<S> 53 60 65 68 / 64 -53 -60 -68 / 55 65 -60 -68 / 59 67 -55 -65 / 48 60 64 -67 / 60 64 67 72 / 58 -64 -67 -72 / 54 57 62 74 / 72 -54 -57 -62 / 55 62 70 / 53 55 62 -70 / 51 63 -55 -70 / 50 65 -55 -70 <END> 
<S> 54 60 63 69 / 62 -54 -60 -69 / 55 62 67 71 / 48 63 67 72 / 53 60 65 68 / 51 58 63 67 / 50 -58 -63 -67 / 51 58 63 67 / 61 -51 -58 -67 <END> 
<S> 55 70 -63 -70 / 62 -63 -70 -70 / 60 63 70 -67 / 65 -60 -63 -70 / 58 63 67 70 / 62 65 -67 45 60 64 67 72 / 55 -60 -67 -72 / 53 60 67 72 / 62 -53 -67 -72 / 60 63 67 / 58 62 65 / 56 63 72 / 55 65 -72 <END> 
<S> 60 64 67 72 / 55 67 -60 -72 / 54 60 69 74 / 55 59 67 -74 / 65 -55 -67 -74 / 60 63 67 72 / 58 62 74 -67 / 56 72 -62 / 55 58 70 74 / 53 68 -58 -74 / 51 58 67 75 / 74 -51 -58 -67 / 51 60 67 75 / 58 -60 -67 -75 / 56 60 72 77 / 55 70 75 -60 <END> 
<S> 55 67 70 75 / 56 60 -67 -75 / 58 62 74 -67 / 56 63 72 75 / 55 70 -63 -72 / 53 56 68 74 / 58 67 -53 -74 / 69 -58 -74 / 46 65 70 74 / 72 -46 -65 -70 / 47 65 67 74 / 68 -47 -65 -74 / 63 70 -44 -65 / 47 62 67 -65 / 48 60 63 67 / 58 -48 -63 -67 <END> 
<S> 50 65 70 74 / 48 -65 -70 -74 / 55 67 70 75 / 46 -55 -70 -75 / 51 63 70 77 / 62 -51 -70 -77 / 53 63 70 79 / 55 63 -70 -79 / 56 63 72 77 / 58 -63 -72 -77 / 60 67 75 -62 / 53 -60 -67 -75 / 55 59 74 -67 / 65 -55 -59 -74 / 56 60 63 72 / 55 58 -63 -72 / 50 53 65 70 / 68 -53 -53 -65 <END> 
<S> 56 68 74 75 / 55 -68 -74 -77 / 72 -56 -68 -75 / 55 62 70 74 / 75 -55 -62 -70 / 53 65 68 72 / 63 -53 -68 -72 / 46 62 70 74 / 67 -46 -62 -70 / 77 56 -62 -67 -70 / 60 75 -62 -67 / 53 60 68 74 / 55 59 67 -74 / 56 60 65 -74 / 72 -56 -60 -65 / 55 62 67 70 / 50 62 65 70 <END> 
<S> 56 68 74 -65 / 55 75 -68 -68 / 56 60 -68 -75 / 58 62 68 -77 / 60 63 67 75 / 65 -60 -67 -75 / 58 67 74 77 / 59 -67 -74 -77 / 60 67 72 75 / 55 67 71 74 / 55 67 71 74 / 60 67 72 75 / 58 -67 -72 -75 / 57 66 72 77 / 70 -57 -65 -77 <END> 
<S> 60 67 74 75 / 72 -60 -67 -75 / 55 62 71 74 / 63 -55 -71 -74 / 60 63 67 72 / 58 -64 -67 -72 / 56 65 72 77 / 55 -63 -72 -77 / 53 62 70 79 / 51 63 -70 -79 / 53 60 68 77 / 55 60 75 79 / 53 65 70 77 / 46 62 67 77 / 58 -62 -67 -77 <END> 
<S> 53 60 68 77 / 58 62 70 -77 / 56 63 -70 -74 / 55 63 70 79 / 72 -55 -63 -79 / 56 72 77 / 53 68 -72 -77 / 55 70 75 79 / 56 72 77 -75 / 58 74 77 -77 / 72 -58 -77 -77 / 68 74 -58 -77 / 55 70 75 79 / 72 77 -48 -75 <END> 
<S> 53 68 72 77 / 74 -53 -68 -77 / 55 -68 -74 -77 / 56 74 -68 / 55 70 75 79 / 56 60 -70 -75 / 58 62 65 74 / 67 75 -58 -65 / 60 63 68 75 / 58 62 68 -75 / 56 60 -68 -75 55 55 59 67 75 / 60 68 -55 54 <END> 
<S> 58 62 70 77 / 68 -58 -62 -77 / 60 63 67 75 / 65 69 -60 -75 / 55 67 71 74 / 63 72 -55 / / 67 74 77 / -67 -74 -77 / 51 67 72 75 / 53 68 72 74 / 55 67 71 -74 / 65 -55 -71 -74 / 56 63 72 / 55 70 -63 -72 <END> 
<S> 67 72 74 / 68 71 -74 / 65 67 -71 -74 / 48 63 67 72 / 55 67 71 74 / 55 67 71 74 / 53 -67 -71 -74 / 51 67 72 75 / 53 -67 -72 -75 / 55 67 70 75 / 56 60 -70 -75 / 58 62 65 74 / 56 60 -65 -74 / 55 58 67 75 / 53 68 77 -58 / 63 -50 -58 -68 / 56 65 68 72 / 74 -56 -65 -68 <END> 
<S> 56 68 72 75 / 55 70 -68 -75 / 56 65 72 75 / 53 74 -65 -72 / 63 70 -53 -72 / 65 68 72 44 / 63 67 72 75 / 62 65 70 77 / 63 70 79 / 62 -63 -70 -79 / 60 63 68 79 / 58 65 -68 -79 / 56 63 72 77 / 62 79 -72 -56 / 60 79 -72 / 58 62 71 74 <END> 
<S> 62 65 70 -56 / 63 -62 -70 -82 / 65 -62 -70 -82 / 58 75 77 -65 / 63 74 80 -55 / 59 62 74 79 / 55 63 71 82 / 60 63 75 79 / 58 -63 -70 -79 <END> 
<S> 63 67 70 79 / 62 65 -70 -79 / 60 63 72 79 / 62 77 -51 -72 / 63 67 79 / 70 -63 -67 -79 / 63 68 72 77 / 74 -63 -68 -77 / 60 75 -65 / 58 62 65 74 / 67 72 -58 -67 <END> 
<S> 56 63 72 77 / 53 -63 -72 -77 / 58 62 70 77 / 47 62 67 74 / 48 63 67 75 / 72 -48 -67 -75 / 55 67 71 74 / 55 67 71 74 <END> 
<S> / 62 67 72 / / 66 -62 -72 -77 / 55 62 71 -75 / 56 60 64 72 / 53 60 68 74 / 65 -53 -60 -74 / 55 59 67 74 / 65 -55 -59 -74 / 56 60 63 72 / 55 -60 -63 -72 <END> 
<S> 55 60 67 75 / 53 -60 -67 -75 / 55 59 67 74 / 65 -55 -59 -74 / 48 60 63 72 / 55 67 70 75 / 58 62 70 77 / 56 -62 -70 -77 / 55 63 70 79 / 53 60 80 -70 / 68 -53 -60 -75 / 55 67 70 75 / 56 65 72 77 <END> 
<S> 56 63 72 / 53 56 65 74 / 72 -53 -56 -72 / 51 58 67 70 / 50 62 65 -70 / 48 63 67 72 / 55 67 71 74 / 55 67 71 74 / 60 67 72 75 / 58 -67 -72 -75 / 57 65 72 77 / 53 75 -65 -72 / 58 70 74 77 / 57 -65 -70 -74 <END> 
<S> 47 68 74 77 / 67 -47 -74 -77 / 48 67 72 76 / 66 -48 -72 -75 / 55 67 71 74 / 63 67 72 / 62 -67 -72 / 60 67 74 / 59 -67 -74 / 65 -43 -59 -74 / 48 55 63 72 / 50 74 -55 -60 <END> 
<S> 48 67 72 75 / 60 -67 -72 -75 / 55 67 71 74 / 53 -67 -71 -74 / 62 67 71 79 / 63 -62 -67 -79 / 59 62 67 77 / 60 69 75 -62 / 55 67 71 74 / 55 59 71 74 / 60 67 72 75 / 58 -67 -72 -75 <END> 
<S> 60 67 75 / 55 74 -60 -67 / 63 -55 -67 -75 / 56 65 72 77 / 63 -56 -72 -77 / 58 62 70 77 / 51 67 70 75 / 75 -67 -70 -75 / 65 70 77 56 / -65 -70 -77 63 67 70 -56 -63 72 -63 55 62 70 82 / 48 63 79 79 / 60 72 -63 -79 <END> 
<S> 58 74 -68 / 68 -58 -74 / 46 67 70 74 / 51 63 70 79 / 53 63 70 77 / 62 -53 -70 -77 / 60 63 70 79 / 59 62 -70 -79 / 57 60 81 -75 / 59 65 74 -81 / 60 67 72 75 / 58 67 75 79 / 60 70 -75 <END> 
<S> 56 60 68 77 / 55 -60 -68 -77 / 60 67 75 -55 / 53 -60 -67 -75 / 55 60 67 74 / 59 -55 -67 -74 / 48 60 67 75 / 53 59 68 74 / 51 58 67 75 / 56 63 -51 -75 / 44 60 72 -63 / 43 58 62 70 / 68 -43 -58 -71 <END> 
<S> 53 60 68 74 / 55 59 67 -74 / 65 -55 -67 -74 / 48 63 67 72 / 50 58 70 77 / 51 58 70 79 / 53 -58 -70 -79 / 55 58 70 79 / 56 60 -70 -79 / 58 62 65 74 / 67 75 -58 -62 / 56 60 68 77 <END> 
<S> 51 58 70 79 / 53 -58 -70 -79 / 55 58 70 77 / 56 60 -70 -77 / 58 62 65 77 / 68 75 -58 -65 / 56 65 70 74 / 55 -65 -70 -74 / 53 68 72 75 / 58 -67 -72 -75 / 56 60 72 77 / 55 70 75 -60 <END> 
<S> 55 67 70 75 / 56 68 72 -75 / 58 74 -68 -75 / 67 75 -58 -75 / 56 65 77 -72 / 55 67 72 75 / 53 68 74 -72 / 55 70 -74 -74 / 72 -55 -70 -74 / 67 70 -55 -70 / 53 -67 -70 68 51 51 67 72 79 / 70 -51 -67 -79 / 53 65 68 77 / 51 67 75 79 <END> 
<S> 53 68 72 74 / 55 -68 -72 -74 / 56 65 70 -74 / 55 -68 -70 -74 / 60 67 72 75 / 53 74 -67 -72 / 55 62 67 71 / 53 -62 -67 -71 / 51 60 67 72 / 53 -60 -67 -72 / 48 55 67 74 / 43 59 -67 -74 / 44 60 67 72 / 43 -60 -67 -72 <END> 
<S> 55 60 67 75 / 53 -60 -67 -75 / 55 59 67 74 / 65 -55 -59 -74 / 48 60 63 72 / 51 58 63 67 / 60 63 67 / 58 -60 -67 / 68 56 60 / -67 -56 -60 / 56 72 -56 -60 / 55 58 -63 -72 / 56 60 68 72 / 65 74 -56 -60 / 55 58 64 67 <END> 
<S> 60 63 67 / 57 60 72 -67 / 65 -57 -72 / 63 -57 -65 -72 / 59 62 74 -65 / 60 63 67 -74 / 62 72 -67 / / 60 68 -72 / 55 59 67 74 / 48 60 67 75 / 48 60 67 75 / 50 -60 -67 -75 <END> 
<S> 48 60 67 75 / 55 59 67 74 / 65 -55 -59 -74 / 57 60 63 72 / 55 -60 -63 -72 / 54 57 69 74 / 50 62 66 -74 / 55 62 67 70 / 51 66 69 -63 / 50 62 66 -69 / 60 -50 -66 -69 / 55 59 62 67 / 60 63 67 72 / 58 62 -67 -72 <END> 
<S> 55 62 67 70 / 53 -62 -67 -70 / 51 60 67 72 / 69 -51 -60 -72 / 47 62 71 74 / 48 67 72 75 / 55 67 71 74 / 60 67 72 75 / 58 -67 -72 -75 / 56 63 72 77 / 58 62 -68 -77 / 68 -58 -62 -77 <END> 
<S> 48 67 72 75 / 56 -67 -72 -75 / 55 67 71 74 / 53 -67 -71 -74 / 51 63 67 72 / 50 65 69 77 / 71 -50 -65 -77 / 48 67 72 75 / 53 68 74 77 <END> 
<S> 53 68 72 74 / 55 -68 -72 -74 / 56 -68 -72 -74 / 55 70 -60 -76 / 53 60 68 74 / 55 59 67 -74 / 65 -55 -67 -74 / 48 63 67 72 / 50 58 70 77 <END> 
<S> 53 60 69 -67 / 62 65 -53 -69 / 63 67 -53 -68 / 62 65 -56 -67 / 60 63 67 75 / 58 -60 -67 -75 / 56 60 72 77 / 58 62 -72 -77 / 60 67 72 75 / 58 62 -72 -75 / 56 60 72 77 / 55 70 75 -60 <END> 
<S> 60 63 67 75 / 62 -60 -67 -75 / 54 60 69 74 / 55 59 67 74 / 65 -55 -59 -74 / 48 60 63 72 / 50 58 70 77 <END> 
<S> 53 60 68 74 / 55 -60 -68 -74 / 56 60 68 72 / 65 -56 -60 -72 / 55 59 67 74 / 55 71 -62 / 48 -55 -67 -74 / 56 59 67 72 / 60 -67 -72 <END> 
<S> 55 62 67 71 / 51 60 67 72 / 50 74 -60 -67 / 48 60 67 75 / 53 65 68 74 / 55 67 75 / 44 65 74 -75 / 56 59 -65 -74 / 63 -56 -59 -74 / 56 72 -59 <END> 
<S> 56 60 65 72 / 55 67 -60 -72 / 53 60 68 74 / 55 59 67 -74 / 65 -55 -67 -74 / 48 63 67 72 / 60 63 67 72 <END> 
<S> 59 68 -62 -76 / 60 -59 -67 -74 / 72 75 -60 -67 / 58 74 -67 -75 / 56 60 72 77 / 55 70 75 -60 / 53 62 74 77 / 72 -53 -60 -77 / 55 67 74 -72 / 71 -55 -67 -74 / 43 67 70 75 <END> 
<S> 53 60 69 77 / 75 -53 -60 -69 / 55 58 67 74 / 59 -55 -67 -74 / 60 67 75 / 58 -60 -67 -75 / 56 62 65 77 / 55 63 75 -77 / 56 74 77 -63 / 67 72 75 / 55 65 71 74 / 53 72 75 / 51 -67 -72 -75 <END> 
<S> 60 63 67 75 / 62 65 -67 -75 / 63 67 72 -75 / 59 -67 -72 -75 / 60 67 72 75 / 74 -60 -67 -72 / 54 69 72 74 / 55 67 71 -74 / 65 -55 -71 -74 / 56 63 72 / 55 70 -63 -72 / 53 65 68 74 / 55 63 75 / 56 65 74 / 55 59 67 74 <END> 
<S> 56 64 72 -70 / 55 65 -70 -72 / 53 68 72 74 / 58 75 -68 -72 / 56 -68 -68 -75 / 55 65 68 74 / 63 67 70 / 59 65 -67 -70 / 75 60 67 75 / 58 77 -67 -75 / 56 65 72 77 / 55 67 75 -72 <END> 
<S> 60 63 67 75 / 58 62 -67 -75 / 56 60 72 77 / 55 70 -60 -77 / 53 65 68 72 / 74 -53 -65 -68 / 48 63 67 75 / 69 -48 -63 -75 / 50 65 70 74 / 51 -65 -70 -74 / 53 65 70 72 / 51 60 -70 -72 <END> 
