<S> 50 57 62 66 / 48 -57 -62 -66 / 46 58 62 67 / 45 54 69 -62 / 43 55 62 70 / 42 57 62 72 / 43 55 62 70 / 38 54 62 69 / 60 -38 -54 -69 / 43 50 59 67 / 47 55 62 67 <END> 
<S> 43 55 62 70 / 70 -43 -55 -62 / 44 53 60 69 / 60 65 -53 -60 / 63 67 -53 -60 / 46 58 62 -67 / 56 65 -46 -62 / 47 55 62 67 / 48 55 63 -62 / 60 -48 -55 -63 / 42 57 60 65 / 50 59 62 67 / 57 -50 -62 -67 <END> 
<S> 45 60 65 -63 / 47 55 62 67 / 48 55 60 63 / 50 55 59 62 / 48 -55 -59 -62 / 50 55 60 63 / 52 -55 -60 -63 / 53 56 60 65 / 62 -53 -56 -65 / 54 58 63 67 / 53 57 62 65 / 55 58 60 63 / 56 60 -60 -63 <END> 
<S> 48 55 60 63 / 46 -55 -60 -63 / 44 56 60 65 / 43 -56 -60 -65 / 41 53 62 -60 / 58 -53 -53 -62 / 51 -53 -62 -68 / 51 58 61 67 / 77 -51 -58 -67 / 44 60 63 65 / 45 58 65 -63 / 63 -45 -58 -65 / 46 53 62 65 / 39 -53 -62 -65 / 39 55 58 63 / 51 -43 -55 -58 <END> 
<S> 46 58 65 -63 / 62 -46 -58 -65 / 43 58 62 70 / 55 63 69 -58 / 54 57 62 -69 / 43 58 62 70 / 48 55 -58 -70 / 50 53 60 70 / 52 55 -60 -70 / 53 65 68 -60 / 53 60 65 69 / 48 -60 -65 -69 <END> 
<S> 55 60 62 / 53 -55 -60 -62 / 55 59 62 -55 / 53 -55 -59 -62 / 48 51 60 55 / 48 51 60 67 / 46 -51 -60 -67 / 44 53 60 65 / 43 55 59 -65 / 42 57 60 63 / 62 -42 -57 -60 / 43 55 59 62 / 39 55 60 67 / 58 -39 -55 -67 <END> 
<S> 44 51 60 65 / 59 -44 -60 -65 / 43 60 62 -65 / 44 -60 -65 -65 / 43 59 62 -65 / 0 / 60 -43 -65 / 55 62 65 / 53 63 -62 -65 / 59 62 67 -65 / 60 63 -67 / 62 67 -60 -67 / 50 60 -67 -67 / 48 63 -67 72 / 43 -63 -67 -72 / 65 68 -43 -72 / 60 67 75 -72 / 58 62 70 77 / 56 65 72 -77 <END> 
<S> 60 63 67 72 / 62 65 -67 -72 / 60 63 67 75 / 58 62 -67 -75 / 56 60 72 77 / 55 70 -60 -77 / 53 65 70 -77 / 75 -53 -65 -70 / 46 65 70 74 / 58 65 70 74 / 56 -65 -70 -74 / 55 63 70 75 / 65 -55 -70 -75 / 51 63 67 72 / 50 65 70 77 <END> 
<S> 53 65 70 74 / 51 -65 -70 -74 / 53 63 69 -70 / 62 65 69 -55 / 60 64 67 / 58 62 65 / 60 63 72 75 / 58 -63 -72 -75 / 56 72 77 -63 / 58 62 70 -77 / 68 -58 -62 -77 / 51 58 67 75 / 58 60 67 -75 / 56 60 68 77 <END> 
<S> 51 63 67 79 / 60 63 69 -79 / 53 62 70 77 / 60 63 75 79 / 58 80 -63 -79 / 56 72 77 -63 / 58 62 70 -77 / 68 -58 -62 -77 / 51 63 67 75 / 58 62 70 77 / 56 -62 -70 -77 / 55 63 70 79 / 53 75 -70 <END> 
<S> 51 63 67 70 / 53 -63 -67 -70 / 55 63 70 -67 / 56 63 -63 -70 / 55 58 65 70 / 53 62 -65 -70 / 51 63 67 70 / 62 -51 -67 -70 / 53 60 65 68 / 63 -53 -60 -68 / 55 59 62 67 <END> 
<S> 56 63 65 / 55 58 -63 -65 / 53 60 63 68 / 51 -60 -63 -68 / 49 58 65 70 / 48 60 -65 -70 / 46 62 65 70 / 48 63 68 72 / 55 67 71 74 <END> 
<S> 58 65 -63 -70 / 62 -58 -65 -70 / 60 63 68 -58 / 57 -60 -63 -75 / 58 62 65 74 / 67 -58 -62 -74 / 60 63 68 75 / 62 65 -68 -75 / 63 67 70 75 / 72 -67 -70 -75 / 58 67 74 77 / 68 72 -58 <END> 
<S> 60 63 68 75 / 62 65 -68 -72 / 63 63 67 79 / 62 -63 -67 -79 / 60 63 67 79 / 59 62 -67 -79 / 60 63 67 72 / 58 62 -67 -72 / 56 60 65 77 / 55 59 62 -77 <END> 
<S> 46 65 70 74 / 63 75 -70 -70 / 65 68 77 -58 / 59 67 -65 -77 / 60 63 -77 / 60 67 75 / 69 -60 -75 -75 / 58 70 74 77 / 60 70 75 79 / 51 72 79 -79 <END> 
<S> 60 63 72 75 / 62 65 -72 -75 / 63 70 79 -72 / 53 68 72 80 / 55 67 71 -75 / 56 62 71 79 / 53 -62 -71 -79 / 51 63 79 55 / 82 -63 -79 <END> 
<S> 55 62 70 75 / 63 -55 -70 -75 / 56 65 70 72 / 74 -56 -65 -70 / 53 63 68 72 / 67 74 -58 / / 60 67 75 -74 / 58 -67 -74 -75 / 56 72 75 59 / 55 -72 -75 -75 / 53 70 77 -60 / 55 75 50 -60 -68 <END> 
<S> 48 63 67 75 / 60 67 72 -75 / 55 67 71 74 / 59 67 74 / 60 67 72 75 / 58 -67 -72 -75 / 56 60 72 77 / 55 70 -60 -77 / 53 65 68 72 / 74 -53 -65 -68 / 75 -53 -65 -68 <END> 
<S> 60 67 72 75 / 58 -67 -72 -75 / 56 66 72 75 / 70 -56 -66 -75 / 61 65 68 77 / 60 63 -68 -77 / 58 65 70 77 / 60 -65 -70 -77 / 69 -60 -65 -75 / 59 67 74 77 / 60 67 75 <END> 
<S> 58 65 70 74 / 60 -65 -70 -74 / 58 65 70 77 / 56 -65 -70 -77 / 55 70 70 74 / 75 -55 -70 -74 / 56 72 -70 / 68 -56 -72 -77 / 52 67 72 79 / 53 -67 -72 -79 / 55 67 71 74 / 65 -55 -71 -74 / 56 63 72 / 62 -56 -72 <END> 
<S> 53 68 72 74 / 55 67 71 -74 / 65 -55 -71 -74 / 48 63 67 72 / 60 67 72 75 / 58 -67 -72 -75 / 56 60 72 77 / 55 70 -60 -77 / 53 60 68 -77 / 74 -53 -68 -77 / 55 59 67 75 / 56 60 65 77 / 62 74 -60 -65 <END> 
<S> 56 60 72 77 / 55 70 -60 -77 / 53 65 68 72 / 74 -53 -68 55 / 75 -53 -68 -72 / 55 67 71 74 / 65 -67 -71 -74 / 62 67 72 / 60 67 74 / 58 -67 -74 / 57 60 65 77 / 59 62 67 -77 / 60 63 67 75 <END> 
<S> 56 68 72 75 / 55 -68 -72 -75 / 53 68 74 77 / 55 -68 -74 -77 / 56 -68 -74 -77 / 72 -56 -68 -77 / 55 67 71 74 / 63 67 71 / 62 65 -67 -71 / 60 63 67 72 / 58 62 -67 -72 / 56 60 65 72 / 55 67 -60 -72 / 53 60 65 68 / 55 59 62 67 / 56 60 63 -67 / 65 -56 -60 <END> 
<S> 56 63 72 / 55 65 -72 / 63 -55 -67 -72 / 53 69 -63 -72 / 62 -53 -69 -72 / 60 -53 -69 -72 / 55 62 67 71 / 55 59 62 67 / 60 63 67 72 / 58 62 -67 -72 / 57 60 65 77 / 59 62 67 -77 / 60 63 67 75 / 62 65 -67 -75 / 63 67 72 79 / 59 -67 -72 -79 <END> 
<S> 55 62 67 71 / 56 60 65 72 / 63 -56 -60 -72 / 55 65 74 -60 / 53 59 67 75 / 51 60 67 75 / 53 68 74 77 / 55 59 67 74 / 65 -55 -59 -74 / 56 60 63 72 / 74 -56 -60 -63 / 55 60 67 75 / 53 68 -60 -75 / 55 60 67 74 / 56 59 65 -74 / 72 -56 -60 -65 <END> 
<S> 60 63 67 75 / 58 62 -67 -75 / 56 60 72 77 / 55 70 -60 -77 / 53 65 68 74 / 64 -53 -68 -74 / 59 65 -68 -74 / 60 67 72 75 / 58 -67 -72 -75 / 56 60 72 77 / 55 70 -60 -77 / 53 60 68 77 / 67 -53 -60 -77 / 59 62 67 79 / 60 -59 -67 -79 / 55 60 67 72 / 71 74 -55 -67 <END> 
<S> 56 60 65 77 / 62 -56 -65 -77 / 60 -56 -65 -68 / 55 59 67 -65 / 60 63 67 / 58 62 -67 / 60 63 -55 -67 / 56 62 65 / 60 -56 -65 / 55 58 67 70 / 46 -55 -67 -70 / 68 -46 -58 -70 / 79 63 67 70 / 56 65 / 72 74 -65 / 55 72 74 -60 / 53 70 -60 -74 / 51 72 -60 -68 / 53 68 74 -60 / 55 59 67 -74 / 65 -55 -59 -74 <END> 
<S> 53 65 68 72 / 63 -53 -68 -72 / 46 62 65 70 / 48 63 69 75 / 46 65 70 74 / 53 65 68 72 / 74 -53 -65 -68 / 60 63 67 75 / 69 -60 -63 -75 / 58 65 70 74 / 53 68 72 75 / 51 -73 -72 -75 <END> 
<S> 60 63 67 75 / 58 62 -67 -75 / 56 60 72 77 / 55 70 -60 -77 / 53 65 68 74 / 59 74 -65 -68 / 60 63 67 72 / 58 62 -67 -72 / 56 65 72 / 63 -56 -72 / 47 65 74 / 55 -47 -68 -74 / 48 55 63 75 / 50 -48 -63 -75 <END> 
<S> 56 64 72 / 60 65 -56 -72 / 55 62 67 71 / 55 62 67 71 / 53 -62 -67 -71 / 51 63 67 72 / 50 62 69 -67 / 48 67 75 -62 / 47 -62 -67 / 60 65 72 -51 / 51 55 67 -72 <END> 
<S> 55 62 67 71 / 53 60 65 68 / 62 -53 -65 -68 / 51 60 67 -65 / 59 64 -55 -67 / 55 59 62 67 / 53 -59 -62 -67 / 51 60 67 72 / 50 -60 -67 -72 / 48 67 72 74 / 47 -67 -72 -74 / 48 72 75 -74 / 50 66 -72 -75 / 43 62 71 -75 / 55 67 -71 -74 / 62 72 -55 -74 / 67 -55 -72 -74 <END> 
<S> 55 71 74 -67 / 60 67 72 75 / 68 -60 -72 -75 / 58 65 70 74 / 56 -65 -70 -74 / 55 67 70 75 / 53 -67 -70 -75 / 51 65 70 77 / 50 -65 -70 -77 / 51 63 70 79 / 72 -51 -63 -79 / 47 68 74 77 / 67 -47 -74 -77 <END> 
<S> 58 65 70 74 / 56 -65 -70 -74 / 55 67 70 75 / 53 -67 -70 -75 / 51 65 70 77 / 50 -65 -70 -77 / 46 63 70 79 / 62 70 77 / 44 59 65 74 / 59 62 67 75 / 60 63 67 75 / 69 -60 -63 -75 <END> 
<S> 56 68 71 75 / 53 68 72 77 / 74 -53 -68 -77 / 55 70 75 / 0 / 46 -55 -70 -75 / 56 68 72 75 / 52 68 -75 60 67 53 68 68 74 / 55 67 70 -74 / 56 65 68 72 / 74 -56 -65 -68 / 60 64 67 76 / 58 62 -67 -76 / 56 60 72 77 / 55 -60 -72 -77 <END> 
<S> 51 67 70 72 / 53 65 69 -72 / 46 65 70 74 / 51 58 63 67 / 62 -51 -58 -67 / 53 60 65 68 / 62 -53 -65 -68 / 55 58 63 70 / 56 60 -63 -70 / 46 58 62 68 / 50 -58 -62 -68 / 51 58 63 67 / 55 58 63 67 <END> 
<S> 51 56 63 67 / 60 -51 -67 / 50 53 60 65 / 59 -50 -55 -65 / 48 55 60 64 / 62 -48 -55 -60 / 43 55 59 62 / 55 59 62 -43 / 53 -43 -59 -62 / 48 51 55 60 / 48 60 63 67 <END> 
<S> 41 50 60 62 / 43 55 59 -62 / 53 -43 -59 -62 / 48 51 55 60 / 48 60 63 67 / 58 62 -48 -67 / 53 57 60 69 / 65 -53 -57 -69 / 46 62 65 70 / 63 -46 -70 -70 / 65 69 -55 -70 / 53 63 69 72 / 54 -63 -69 -72 <END> 
<S> 46 53 65 70 / 48 60 63 67 / 53 60 65 68 / 51 58 67 / 55 63 -58 -67 / 65 -55 -63 -67 / 48 63 69 -63 / 67 -48 -63 -63 / 50 62 66 69 / 51 58 67 70 / 53 58 -67 -70 <END> 
<S> 48 63 69 -67 / 63 -48 -69 -69 / 50 62 67 70 / 51 60 63 69 / 50 58 65 70 / 51 58 63 67 / 56 63 -51 -67 / 51 58 63 67 / 61 -51 -58 -67 / 50 56 60 65 / 59 62 -50 -65 / 51 55 60 63 / 53 -55 -60 -63 <END> 
<S> 44 60 65 65 / 63 -60 -65 / 46 62 65 / 39 58 63 67 / 51 67 70 -63 / 63 -51 -67 -70 / 50 65 68 / 71 -50 -65 -68 / 51 58 67 75 / 53 60 65 77 / 62 -53 -65 -77 / 55 63 70 75 / 56 -63 -70 -75 / 58 62 68 74 / 68 -58 -62 -74 <END> 
<S> 51 56 65 68 / 63 -48 -56 -65 / 50 58 65 70 / 46 62 -58 -70 / 51 58 67 79 / 63 -51 -58 -79 / 56 60 68 77 / 55 -60 -65 -77 / 53 60 70 79 / 55 -61 -70 -79 / 53 60 68 77 / 59 -53 -68 -77 / 51 60 67 75 / 53 65 74 -60 <END> 
<S> 56 60 65 72 / 53 -56 -60 -72 / 55 58 62 70 / 56 60 63 72 / 55 58 65 70 / 53 68 -58 -70 / 51 58 67 68 / 64 -51 -67 -58 / 65 -48 -67 -68 / 67 75 -48 -67 / 53 65 69 72 / 63 -53 -69 -72 / 46 62 65 70 / 58 65 70 74 / 55 63 70 75 / 65 69 -55 -75 <END> 
<S> 52 67 70 72 / 53 65 69 -72 / 46 65 70 74 / 51 58 67 70 / 62 -51 -70 -70 / 53 60 68 -70 / 55 59 68 74 / 53 56 -68 -74 / 51 55 67 72 / 50 74 -67 -72 / 48 63 67 72 / 60 66 69 -72 / 55 67 70 / 62 66 -67 -70 <END> 
<S> 55 63 70 75 / 57 -55 -63 -75 / 58 62 65 74 / 47 -58 -65 -74 / 48 60 63 68 / 50 -60 -68 -68 / 51 58 67 / 50 53 -58 -67 / 51 55 58 -67 / 60 -51 -55 -67 / 50 53 59 67 / 48 51 60 67 / 47 62 65 68 / 48 51 63 67 / 68 -51 -60 -63 <END> 
<S> 55 -51 -60 -67 / 75 -55 -60 -67 / 48 60 65 -55 / 48 52 -60 -65 / 46 55 62 70 / 44 -55 -70 / 48 51 70 72 / 50 53 -70 -72 / 51 55 67 72 / 53 60 68 -72 / 55 62 67 71 / 48 63 67 72 / 60 64 67 72 <END> 
<S> 52 68 72 -58 / 53 56 -68 -72 / 55 62 67 71 / 55 62 67 70 / 48 63 67 70 / 50 58 65 68 / 51 58 63 67 / 56 60 63 72 / 55 -60 -63 -72 / 53 62 68 72 / 63 -53 -68 -72 / 55 65 67 71 <END> 
<S> 55 63 70 / 56 -63 -63 / 58 63 65 / 50 -58 -63 / 56 62 70 / 77 -56 -62 -70 / 55 67 79 / 53 68 77 -60 / 52 60 67 79 / 50 65 77 -60 / 59 -50 -65 -68 / 48 60 64 67 / 60 -60 -67 -75 / 55 67 71 74 -60 53 59 67 74 / 51 60 -67 -74 <END> 
<S> 53 60 68 77 / 55 -60 -68 -77 / 56 60 -68 -68 / 59 -43 -60 -68 / 48 60 67 75 / 58 -48 -67 -75 / 53 56 65 74 / 53 72 -53 -56 / 55 59 62 67 / 67 -55 -59 -67 / 65 -55 -59 -67 / 48 60 67 -65 / 55 59 62 67 / 53 -59 -62 -67 / 51 60 67 72 / 50 -60 -67 -72 / 48 65 67 74 / 47 -65 -67 -74 / 48 63 67 75 / 62 -48 -67 -75 <END> 
<S> 55 60 67 75 / 53 -60 -67 -75 / 55 59 67 74 / 65 -55 -59 -74 / 48 60 63 72 / 60 63 67 75 / 58 62 -67 -75 / 56 60 72 75 / 55 70 -60 -75 / 53 68 74 -60 / 55 59 67 -74 / 65 -55 -59 -74 / 48 60 63 72 / 50 58 70 77 / 51 63 70 79 / 53 68 77 -63 / 55 62 -77 -77 <END> 
<S> 53 60 68 74 / 72 -53 -60 -68 / 55 59 67 74 / 55 59 74 / 65 -55 -59 -74 / 60 67 -55 / 53 60 68 -60 / 55 59 -60 -65 / 53 57 62 -60 / 58 -53 -57 -62 / 53 57 60 / 58 62 -53 -57 / 51 55 63 72 / 50 53 65 70 / 48 58 67 -65 <END> 
<S> 53 57 60 74 / 50 58 65 -74 / 56 72 -65 -74 / 55 58 67 75 / 57 60 -67 -75 / 58 62 65 74 / 56 60 -65 -74 / 55 67 70 75 / 53 -67 -70 -75 / 51 65 70 77 / 50 -65 -70 -77 <END> 
<S> 60 63 67 75 / 58 62 -67 -75 / 56 60 72 77 / 55 70 75 -60 / 53 65 68 74 / 72 -53 -65 -68 / 55 62 67 71 / 43 59 67 74 / 65 -59 -67 -74 / 60 63 67 75 / 62 -60 -67 -75 / 54 60 69 74 / 72 -54 -60 -69 <END> 
<S> 59 62 67 74 / 60 67 75 / 62 77 -67 / 63 63 67 79 / 53 62 -67 -79 / 77 -53 -62 -67 / 55 67 75 -62 / 60 -55 -67 -75 / 55 62 67 74 / 63 -55 -67 -74 / 65 -55 -70 -74 / 56 63 72 / 65 74 -56 -72 / 55 67 71 77 / 53 68 -71 -77 <END> 
<S> 60 63 67 75 / 58 62 -67 -75 / 56 60 72 77 / 55 70 75 -60 / 53 68 72 74 / 55 67 71 -74 / 65 69 72 / 63 67 72 / 59 62 67 74 / 60 67 75 / 58 -60 -67 -75 <END> 
<S> 63 68 72 / 57 67 -72 -74 / 55 65 71 74 / 53 59 68 74 / 52 60 67 / 68 -52 -60 -67 / 53 60 68 74 / 55 59 67 -74 / 56 60 65 -74 / 72 -56 -60 -65 / 55 62 67 71 <END> 
<S> 56 60 63 72 / 65 74 -56 -60 / 55 60 67 75 / 53 -60 -67 -75 / 55 60 67 74 / 59 -55 -67 -74 / 65 -55 -59 -74 / 48 55 63 72 / 46 62 70 77 <END> 
<S> 44 60 65 74 / 41 -60 -65 -69 / 75 -60 -65 -69 / 46 62 65 74 / 47 62 67 74 / 48 60 67 75 / 75 -48 -67 -75 / 53 68 74 -60 / 55 59 67 -74 / 65 -55 -67 -74 / 48 63 67 72 / 50 58 70 77 / 51 58 70 79 / 53 -58 -70 -79 / 55 58 70 79 / 56 60 -70 -79 <END> 
<S> 48 60 67 75 / 46 -60 -67 -75 / 44 68 72 75 / 46 -68 -72 -75 / 63 67 72 -75 / 53 -67 -72 -75 / 55 74 -67 -72 / 65 71 -55 -74 / 56 63 72 / 55 63 70 -55 / 53 56 68 -63 / 51 58 63 -68 / 65 -51 -58 -70 / 50 58 65 68 / 60 67 -65 / 58 62 65 70 <END> 
<S> 53 63 68 72 / 51 -63 -68 -72 / 50 61 70 77 / 51 67 70 -77 / 53 -67 -70 -77 / 46 67 70 77 / 55 75 -70 -77 / 56 72 77 / 58 74 -72 -77 / 60 67 72 76 / 53 -67 -72 -75 / 55 67 71 74 / 53 -67 -71 -74 <END> 
<S> 50 65 72 77 / 71 -50 -65 -77 / 52 67 72 75 / 53 -67 -72 -75 / 55 67 71 74 / 65 -55 -71 -74 / 56 63 72 / 70 -56 -63 -72 / 55 65 68 74 / 53 67 75 -65 / 52 67 77 / 58 65 68 74 <END> 
<S> 56 63 68 72 / 53 68 -68 -72 / 51 67 70 / 61 65 69 -51 / 52 60 67 -70 / 53 60 68 -67 / 65 -53 -60 -68 / 48 60 64 67 / 44 60 63 75 <END> 
<S> 44 60 65 -70 / 46 58 62 -65 / 60 63 -46 -58 / 56 62 65 / 39 55 60 67 / 53 62 68 -55 / 51 60 -55 -67 / 50 62 65 / 59 -50 -62 -65 / 51 55 62 67 / 53 60 -55 -67 / 55 62 67 -53 / 43 59 -55 -67 <END> 
<S> 55 62 63 -46 / 53 62 65 / 51 55 63 67 / 50 65 -55 -60 / 48 55 60 63 / 51 -48 -60 -63 / 41 53 56 62 / 55 -41 -53 -60 / 59 -41 -53 -55 / 54 60 -45 -55 / 53 -54 -60 -57 / 55 59 62 -53 / 52 55 60 -55 / 53 62 -48 -55 / 55 60 63 -48 / 50 58 -60 -63 <END> 
<S> 55 59 62 -48 / 50 -55 -59 -62 / 48 55 60 63 / 52 55 -60 -63 / 53 56 60 65 / 55 -53 -65 / 46 56 62 65 / 58 -46 -62 -65 / 44 60 63 65 / 45 61 -63 -65 / 46 53 62 65 / 58 63 67 -53 / 55 62 -58 -67 / 43 -58 -55 -67 / 0 / 56 60 65 68 / 58 -60 -65 -68 <END> 
<S> 46 58 62 65 / 44 -58 -62 -65 / 46 58 62 65 / 44 -58 -62 -65 / 43 58 63 70 / 41 60 -63 -70 / 46 62 68 -63 / 39 55 63 70 / 51 58 67 / 53 -58 -67 / 55 48 63 -67 / 41 56 65 68 / 58 58 67 -65 / 64 -58 -58 -67 / 56 60 65 -63 / 62 -56 -60 -65 / 55 58 62 70 / 53 -58 -62 -70 <END> 
<S> 44 60 65 -63 / 46 58 62 -65 / 39 55 63 / 39 55 60 62 / 41 -55 -60 -62 / 43 59 62 -55 / 53 -43 -59 -62 / 48 51 60 / 57 63 -48 / 50 53 58 65 / 51 58 67 -65 / 63 -51 -58 -67 / 45 60 65 -63 / 47 55 62 -65 / 48 55 60 63 / 48 51 56 60 <END> 
