<S> 52 60 67 72 / 53 -60 -67 -72 / 55 59 62 67 / 53 -59 -62 -67 / 52 60 67 72 / 50 74 77 -60 / 59 -50 -74 -77 / 48 60 67 76 / 52 -60 -67 -76 / 55 67 74 -60 / 59 -55 -67 -74 / 65 -55 -59 -74 / 48 55 64 72 / 57 60 64 72 / 66 -57 -60 -72 <END> 
<S> 48 60 67 76 / 52 -60 -67 -76 / 54 60 69 74 / 50 -60 -69 -74 / 55 59 67 -74 / 65 -55 -59 -74 / 48 64 72 / 60 64 67 72 / 60 67 76 / 69 -60 -67 -76 / 57 65 69 72 / 64 67 72 / 53 65 69 72 / 74 -53 -65 -69 / 60 64 67 76 / 77 -60 -67 <END> 
<S> 45 60 72 -67 / 69 -45 -60 -72 / 50 62 71 -69 / 60 -50 -66 -69 / 55 59 62 67 / 52 55 67 72 / 48 64 67 -72 / 50 65 69 72 / 71 -50 -65 -77 / 48 67 72 76 / 55 67 74 -72 / 71 -55 -67 -74 / 56 67 71 76 / 65 74 -71 -74 / 64 72 76 / 55 -64 -72 -76 <END> 
<S> 52 67 72 / 50 65 71 74 / 48 67 72 76 / 50 -67 -72 -76 / 52 69 72 76 / 53 -69 -72 -76 / 55 67 74 -72 / 53 -67 -72 -74 / 55 62 71 74 / 64 67 -55 -74 / 65 -55 -67 -74 / 48 64 67 72 / 50 65 69 74 / 71 -50 -65 -74 / 52 67 72 76 / 53 -67 -72 -76 <END> 
<S> 55 62 67 72 / 55 62 67 71 / 69 -55 -62 -67 / 43 62 67 71 / 55 59 62 67 / 53 -59 -62 -67 / 52 60 64 67 / 48 -60 -64 -67 / 53 60 65 69 / 52 -60 -65 -69 / 50 62 65 69 / 48 64 -65 -69 / 50 59 65 74 / 45 60 64 -74 / 47 62 65 71 / 48 64 67 72 / 48 62 67 74 / 71 -48 -67 -74 <END> 
<S> 50 60 65 69 / 51 -60 -65 -69 / 52 58 64 67 / 50 -58 -64 -67 / 48 55 65 74 / 52 55 59 67 / 45 57 60 72 / 62 -45 -57 -72 / 47 55 62 71 / 48 55 64 69 / 50 54 62 71 / 52 55 64 72 / 54 57 62 74 / 55 59 62 71 <END> 
<S> 52 55 64 72 / 62 -55 -52 -72 / 51 55 60 69 / 59 -52 -55 -68 / 48 60 64 67 / 48 60 64 67 / 59 -60 -64 -67 / 57 60 64 72 / 55 59 -64 -72 / 53 57 69 72 / 52 64 -69 -72 / 50 62 65 71 / 48 60 64 67 / 47 62 -60 -67 <END> 
<S> 57 64 71 -48 / 47 62 -57 -71 / 48 64 69 -72 / 50 -64 -69 -72 / 55 62 71 -69 / 67 -55 -62 -71 / 50 69 69 -55 / 54 -50 -69 -69 / 55 62 67 70 / 64 -55 -62 -70 / 45 60 64 69 / 66 -45 -60 -69 / 47 62 67 71 / 48 64 69 -67 <END> 
<S> 50 54 69 69 / 62 -50 -66 -69 / 43 62 67 71 / 45 -62 -67 -71 / 50 55 69 72 / 52 67 -55 -72 / 53 60 69 -72 / 67 71 -53 -60 / 52 60 67 -53 / 58 -52 -67 -55 / 53 57 65 72 / 47 62 -65 -72 / 48 62 67 72 / 64 -48 -67 -72 / 43 62 67 71 <END> 
<S> 53 60 65 69 / 62 -53 -65 -69 / 52 60 64 67 / 58 -52 -64 -67 / 53 57 65 -64 / 55 59 62 -65 / 60 64 -53 / 57 -60 -64 / 55 62 65 / 0 / 59 67 -65 -77 / 60 64 67 / 59 62 -64 -67 <END> 
<S> 53 57 60 69 / 55 -60 -69 / 60 67 -57 / 58 64 -53 -67 / 41 62 65 -57 / 45 57 -53 -65 / 46 55 62 65 / 45 -55 -62 -65 / 43 55 60 64 / 62 65 -55 -60 / 45 60 -55 -64 / 43 55 -60 -64 <END> 
<S> 47 62 65 67 / 47 -62 -65 -67 / 48 60 64 67 / 59 -48 -64 -67 / 50 57 60 65 / 59 62 -50 -65 / 52 55 60 64 / 53 57 -60 -64 / 55 59 62 / 53 -55 -59 -62 / 52 52 57 60 / 53 57 -60 -64 / 55 59 62 / 43 53 -59 -62 <END> 
<S> 55 59 62 / 53 -55 -59 -62 / 52 55 59 67 / 50 -55 -62 -67 / 66 -50 -60 -67 / 55 59 62 67 / 52 55 59 67 / 48 55 60 64 / 69 -55 -60 -64 / 55 62 67 / 53 69 -62 -67 / 51 62 67 71 / 53 -62 -67 -71 / 52 55 67 72 / 50 -55 -67 -72 / 52 60 67 74 / 48 60 67 76 <END> 
<S> 48 55 64 72 / 55 71 -48 -64 / 38 -55 66 69 / 59 -50 -66 -69 / 43 59 62 67 / 52 55 60 72 / 50 53 62 71 / 48 55 64 72 / 52 60 67 72 / 58 -52 -67 -72 / 53 57 69 72 / 46 65 74 / 64 76 -53 -81 / 55 62 74 -72 / 67 71 -55 -74 <END> 
<S> 52 55 67 72 / 53 60 64 -72 / 55 59 62 74 / 52 64 -55 -70 / 48 55 64 72 / 48 52 64 67 / 50 53 65 69 / 52 64 -53 -69 / 59 -43 -64 -69 / 45 60 64 69 / 62 71 -41 -57 / 52 55 64 72 / 53 56 -64 -72 / 55 62 71 <END> 
<S> 50 57 65 71 / 69 -50 -57 -65 / 52 59 62 67 / 50 53 -59 -67 / 48 55 60 69 / 47 -55 -60 -69 / 72 -47 -55 / 48 55 60 67 / 58 -48 -64 -67 / 45 57 65 -60 / 59 -45 -57 -65 / 36 57 60 64 / 60 65 -60 / 55 59 62 -65 / 53 57 -62 -65 <END> 
<S> 48 55 60 64 / 46 -55 -60 -64 / 45 57 65 -60 / 43 55 59 67 / 41 60 68 -55 / 40 48 60 68 / 45 52 60 67 / 41 -52 -60 -67 / 43 55 60 64 / 48 -55 -60 -64 / 42 57 60 65 / 50 59 62 67 / 48 52 60 67 / 53 -48 -60 -67 / 47 55 62 67 / 43 53 59 -62 <END> 
<S> 48 55 60 64 / 46 -55 -60 -64 / 45 57 60 65 / 43 58 64 67 / 41 60 65 69 / 62 -41 -65 -69 / 43 58 63 67 / 45 60 -63 -67 / 46 58 62 65 / 55 58 62 70 / 64 -55 -58 -70 / 48 55 60 64 / 48 55 -60 -63 / 50 53 60 65 / 52 -43 -53 -65 <END> 
<S> 46 53 65 70 / 58 -53 -65 -70 / 51 60 63 67 / 58 62 65 -55 / 56 60 63 / 55 55 -60 -63 / 53 62 -60 -67 / 59 62 -53 -55 / 53 60 -53 -59 / 48 -53 -60 -69 / 48 75 -53 -60 -69 43 59 -48 -53 / 48 52 55 60 / 57 -48 -55 -60 / 43 55 59 62 / 0 / 52 55 60 <END> 
<S> 47 55 62 67 / 48 55 63 / / 60 -48 -63 / / 55 60 67 / 58 62 65 -55 / 56 60 63 / 55 62 65 70 / 53 -62 -65 -70 / 51 63 67 70 / 62 -51 -67 -70 / 53 60 65 68 / 67 -53 -60 -68 / 55 60 65 68 / 62 -55 -65 -68 <END> 
<S> 55 58 62 70 / 63 -58 -55 -70 / 53 56 65 68 / 63 -53 -56 -68 / 55 59 62 67 / 56 60 63 72 / 65 74 -56 -60 / 55 60 67 72 / 53 68 -60 -72 / 55 59 62 74 / 48 60 -55 -74 / 47 56 68 74 / 65 -47 -56 -68 <END> 
<S> 57 60 67 72 / 65 -57 -60 / 58 64 67 70 / 54 63 69 72 / 62 -54 -69 -72 / 55 62 67 70 / 60 63 67 75 / 58 62 -67 -75 / 57 60 65 75 / 55 -60 -65 -75 / 53 60 68 77 / 55 62 -68 -77 / 56 63 68 72 / 66 -56 -60 -72 <END> 
<S> 60 63 67 75 / 58 62 -67 -75 / 56 60 72 75 / 55 70 -60 -75 / 53 68 72 74 / 55 67 71 -74 / 65 -55 -71 -74 / 48 63 67 72 / 51 58 70 79 / 53 60 68 77 / 55 59 67 -77 / 53 60 68 -67 / 51 59 67 -43 / 53 60 69 -67 / 55 59 67 74 / 56 60 65 -74 / 59 74 -56 -65 <END> 
<S> 56 60 68 77 / 55 -60 -68 -77 / 53 61 70 79 / 52 -61 -70 -79 / 53 65 68 72 / 59 74 -53 -68 / 48 60 67 75 / 55 59 67 74 / 53 60 68 77 / 62 -53 -68 -77 / 48 63 67 79 / 72 -48 -67 -79 <END> 
<S> 55 60 67 75 / 53 -60 -67 -75 / 55 59 67 74 / 65 -55 -59 -74 / 48 60 63 72 / 51 63 67 79 / 60 63 69 -79 / 58 65 68 74 / 56 60 -65 -74 / 55 62 67 71 / 53 -62 -67 -70 / 51 60 67 72 / 50 -60 -67 -72 / 48 65 67 74 / 47 -65 -67 -74 / 48 63 67 75 / 62 -48 -67 -75 <END> 
<S> 55 67 71 74 / 63 75 -55 -74 / 57 65 72 -75 / 59 67 74 77 / 51 67 75 79 / 51 72 75 79 / 70 74 -51 -79 / 56 72 75 / 56 74 77 -56 55 72 -56 -63 / 55 70 75 -55 / 53 56 68 74 / 51 55 58 67 / 68 -51 -58 <END> 
<S> 56 72 77 51 / 53 -72 -77 / 58 74 77 -56 / 68 -58 -77 / 51 67 70 75 / 48 67 75 79 / 50 -67 -75 -79 / 51 70 79 -67 / 53 68 72 77 / 68 71 -53 -77 / 51 67 72 79 / 53 -67 -72 -79 <END> 
<S> 48 63 72 75 / 53 65 74 -72 / 55 67 71 74 / 63 -55 -71 -74 / 62 65 -55 -74 / 60 63 67 75 / 58 62 -67 -75 / 56 60 68 75 / 55 -68 -75 -75 / 53 68 74 77 / 67 -53 -68 -77 / 46 65 69 74 / 46 65 70 74 / 58 65 70 74 / 56 65 72 / 74 -56 -65 -72 <END> 
<S> 60 67 -51 -70 / 58 68 -67 -75 / 57 65 72 -75 / 58 62 70 77 / 68 -58 -62 -77 / 51 63 67 79 / 53 69 72 77 / 71 -53 -62 -77 / 60 67 72 75 / 65 74 -72 / 63 67 -72 / 59 62 67 74 / 60 65 77 / 58 62 -65 / 63 67 -58 <END> 
<S> 53 65 72 -70 / 68 -53 -65 -72 / 63 -53 -68 -72 / 46 65 69 74 / 58 62 70 77 / 51 58 -70 -77 / 53 -58 -70 -77 / 55 70 75 79 / 56 72 77 -75 / 58 74 -72 -77 / 68 72 -58 -77 / 47 62 67 79 / 55 62 67 -79 / 60 63 68 -55 <END> 
<S> 53 68 72 77 / 74 -53 -68 -77 / 55 70 75 -62 / 56 -58 -70 -75 / 58 62 65 -75 / 56 63 72 77 / 58 62 70 77 / 68 -58 -62 -77 / 60 63 67 75 / 67 -60 -63 -75 / 58 65 70 74 / 53 65 68 72 / 74 -53 -65 -68 / 63 67 79 / 62 65 -67 -79 <END> 
<S> 58 62 65 74 / 67 -58 -74 -77 / 68 -58 -74 -77 / 57 67 75 -74 / 55 -67 -70 -75 / 57 72 75 / 55 59 67 74 <END> 
<S> 53 68 72 74 / 55 58 -68 -74 / 56 60 68 72 / 50 58 -65 -68 / 48 67 68 / 46 65 68 74 / 53 63 -68 72 <END> 
<S> 68 -52 -60 -68 / 50 60 65 -68 / 51 58 67 -65 / 63 -51 -58 -67 / 56 60 63 72 / 55 -60 -63 -72 / 53 62 65 72 / 63 -53 -65 -72 / 59 65 67 74 / 58 65 -67 -74 <END> 
<S> 56 60 65 72 / 55 -60 -72 / 53 -60 -72 55 / 55 63 72 / 46 -55 -63 -72 / 48 56 60 68 / 53 58 68 <END> 
<S> 54 63 69 72 / 55 62 67 70 / 57 60 -67 -70 / 59 62 67 74 / 66 -59 -62 -74 / 60 63 67 72 / 54 69 -63 -72 / 62 -54 69 -72 / 55 62 71 -69 / 67 -55 -62 -71 / 50 62 67 69 / 60 -50 -62 -69 <END> 
<S> 62 71 -67 / 50 66 69 / 62 -50 -66 -69 / 60 -50 -66 -69 / 55 59 62 67 / 60 67 75 / 58 -60 -67 -75 / 56 60 65 77 / 55 -60 -65 -77 / 53 60 70 79 / 52 -60 -70 -79 / 53 60 68 77 / 59 -53 -68 -77 <END> 
<S> 60 63 67 75 / 58 62 -67 -75 / 56 60 72 77 / 55 70 -60 -77 / 53 65 68 72 / 74 -53 -65 -68 / 48 63 67 75 / 69 -48 -63 -75 / 50 65 70 74 / 51 -65 -70 -74 / 53 65 70 -70 / 51 60 -70 -70 <END> 
<S> 48 63 67 72 / 60 -63 -67 -72 / 55 62 67 71 / 53 -62 -67 -71 / 51 60 67 72 / 63 -60 -67 -72 / 56 65 68 74 / 59 -65 -68 -74 / 60 63 67 72 / 62 74 -67 / 60 75 -67 / 58 62 67 74 / 56 60 72 77 / 55 75 -60 -72 <END> 
<S> 60 63 67 72 / 58 62 -67 -72 / 56 60 65 77 / 55 62 67 -77 / 53 -62 -67 -77 / 51 63 70 79 / 53 -63 -70 -79 / 55 63 70 79 / 56 -63 -70 -79 / 58 65 70 74 / 60 75 -65 -70 / 62 71 77 -65 / 59 62 74 -77 <END> 
<S> 51 58 79 79 / 53 -58 -79 -79 / 55 70 79 -63 / 56 60 -70 -79 / 58 62 70 77 / 60 -62 -70 -77 / 46 -62 -70 -77 / 55 63 75 79 / 60 -63 -70 -79 / 59 62 68 77 / 55 60 75 -77 / 77 -55 -60 -62 / 59 62 67 77 / 60 67 75 <END> 
<S> 59 62 67 77 / 60 75 -67 / 55 62 67 70 / 60 63 67 70 / 57 60 65 68 / 53 59 65 67 / 60 63 68 -53 / 50 62 65 70 / 48 63 67 -70 / 53 60 65 68 <END> 
<S> 56 60 65 68 / 55 -60 -65 -68 / 53 -60 -68 -69 / 46 53 68 74 / 58 -46 -53 -68 / 39 58 67 75 / 41 -58 -67 -75 / 54 60 69 75 / 55 62 70 74 / 53 -62 -70 -74 / 51 63 70 79 / 65 -51 -70 -79 <END> 
<S> 45 60 63 65 / 46 58 62 65 / 51 55 58 63 / 53 57 60 -63 / 55 59 62 / 53 55 60 62 / 52 55 60 67 / 50 53 65 -60 / 51 55 67 -60 / 53 60 68 -60 / 55 59 62 / 53 -55 -59 -62 <END> 
<S> 51 55 60 62 / 53 -55 -60 -62 / 55 59 62 / 43 55 -59 -62 / 48 55 60 63 / 53 51 -60 -63 / 55 59 62 -48 / 53 56 60 63 / 59 62 -53 -56 / 51 60 60 67 / 53 -60 -60 -67 / 55 62 -53 -60 / 59 -43 -55 -62 / 48 55 60 63 / 44 51 60 67 <END> 
<S> 55 59 62 -48 / 53 -55 -59 -62 / 48 51 55 60 / 48 51 63 67 / 50 58 65 -67 / 51 55 67 / 48 60 63 67 / 58 62 -48 -67 / 53 56 60 65 / 59 -53 -56 -65 / 55 60 63 -53 / 56 62 65 -60 <END> 
<S> 48 60 63 67 / 58 -60 -63 -67 / 56 60 68 -65 / 55 62 67 71 / 53 -62 -67 -71 / 51 60 67 72 / 50 -60 -67 -72 / 48 65 67 74 / 47 -65 -67 -74 / 48 63 67 75 / 62 -48 -67 -75 / 50 60 65 74 / 59 -50 -65 -74 <END> 
<S> 48 60 67 75 / 51 60 67 72 / 53 68 74 -60 / 55 67 71 -74 / 56 72 -67 / 60 65 -56 -72 / 55 59 67 74 / 55 60 67 75 / 74 -55 -60 -67 / 53 59 65 74 / 47 -59 -65 -74 <END> 
<S> 56 63 68 72 / 55 -63 -68 -72 / 53 61 67 70 / 52 -67 -67 -70 / 53 68 68 72 / 55 67 -68 -72 / 56 65 -68 -72 / 58 64 67 -72 / 65 74 -67 / 55 67 75 75 / 53 -67 -70 -75 / 55 62 67 71 / 43 -55 -67 -71 / 48 63 67 72 / 58 62 -67 -72 <END> 
<S> 55 67 71 74 / 60 -67 -71 -74 / 59 67 74 / 55 71 -67 / 65 -55 -67 -74 / 51 63 67 72 / 60 65 68 74 / 62 65 70 77 / 63 -62 -70 -77 / 57 -62 -70 -77 / 58 62 67 77 / 60 -62 -67 -77 <END> 
<S> 58 62 70 77 / 63 72 -58 -77 / 65 -56 -72 -77 / 55 67 70 75 / 53 65 68 -75 / 51 63 67 75 / 68 -51 -75 -75 / 55 67 70 75 / 53 68 77 -75 / 51 63 70 79 / 50 72 80 -79 / 70 -50 -72 <END> 
<S> 58 63 67 70 / 65 68 -58 -63 / 63 70 -56 / 55 58 70 75 / 51 58 67 79 / 51 63 70 79 / 53 65 68 77 / 63 -53 -68 -77 / 58 62 70 77 / 56 -62 -65 -77 <END> 
<S> 51 58 67 75 / 63 -51 -58 -75 / 56 60 68 75 / 55 60 68 75 / 53 60 68 77 / 63 -53 -68 -77 / 50 65 70 77 / 68 -50 -65 -77 / 52 67 70 79 / 53 -67 -70 -79 / 55 67 71 74 / 60 -67 -71 -79 <END> 
<S> 55 74 -63 -70 / 56 63 72 -55 / 55 70 -63 -72 / 53 65 68 74 / 55 63 70 75 / 74 -55 -63 -70 / 56 72 -63 -70 / 65 68 -56 -72 / 47 60 67 75 / 48 60 67 75 / 58 -48 -67 -75 / 56 60 65 77 / 72 -56 -60 -77 / 55 62 71 79 / 53 -62 -70 -79 <END> 
<S> 48 60 67 75 / 72 -48 -60 -75 / 53 60 74 77 / 72 -53 -60 -77 / 55 67 71 74 / 65 -55 -71 -74 / 48 63 67 72 / 62 65 70 77 / 60 75 -65 -70 / 58 72 77 -65 / 62 -58 -72 -77 / 60 63 70 79 / 62 77 -60 -70 / 63 70 79 -55 / 62 77 -70 -79 <END> 
<S> 63 70 79 / 61 -63 -67 -79 / 60 63 68 44 / 62 -60 -68 -77 / 60 63 67 79 / 58 62 -67 -79 / 57 60 65 77 / 55 59 67 -77 / 53 60 68 75 / 74 -53 -60 -68 / 55 59 67 74 / 65 -55 -59 -74 <END> 
<S> 56 60 65 77 / 55 67 -60 -77 / 53 59 68 -77 / 51 60 75 -68 / 55 59 67 74 / 65 -55 -74 / 56 60 63 72 / 65 -56 -60 -72 / 55 62 67 71 / 53 -62 -67 -71 / 51 63 72 -67 / 69 -51 -63 -72 / 50 65 71 74 <END> 
<S> 57 60 72 -65 / 55 58 -72 -77 / 53 68 -58 -72 / 47 62 70 77 / 68 -47 -62 -77 / 48 63 67 75 / 67 -48 -63 -75 / 50 65 77 -72 / 71 -50 -65 -77 / 51 67 72 79 / 53 -67 -72 -79 / 55 67 71 74 / 51 67 70 79 <END> 
<S> 48 67 72 75 / 63 -67 -72 -75 / 62 65 71 74 / 63 67 72 / 60 65 75 -72 / 58 -65 -72 -75 / 56 60 72 77 / 55 70 75 -60 / 53 65 68 74 / 72 75 -53 -65 / 55 62 71 74 / 67 -55 -71 -74 / 65 -55 -71 -74 <END> 
<S> 57 60 77 -65 / 59 62 74 -77 / 60 63 67 75 / 48 72 -67 -75 / 55 67 70 74 / 65 -55 -70 -74 / 63 70 72 75 / 74 -63 -70 / 67 72 75 / 68 -67 -72 -75 / 55 67 70 74 / 56 68 -70 -75 <END> 
<S> 48 63 67 75 / 51 67 72 -75 / 53 68 72 74 / 55 67 71 -74 / 56 65 72 / 50 74 -65 -72 / 48 63 72 79 / 50 62 77 -72 / 71 -50 -62 -77 / 51 55 72 75 / 53 -67 -72 -75 <END> 
<S> 48 63 67 72 / 62 71 -67 -48 / 60 67 72 75 / 62 -67 -72 / 60 63 67 72 / 58 62 -67 -72 / 56 60 65 72 / 55 67 -60 -72 / 53 60 69 74 / 55 -60 -68 -74 / 57 60 67 -74 / 72 -57 -60 -67 / 55 59 67 74 / 55 59 67 74 <END> 
<S> 57 60 65 72 / 55 -60 -65 -72 / 53 59 67 74 / 51 65 68 72 / 50 74 -65 -68 / 51 63 67 75 / 58 -51 -67 -75 / 56 60 68 72 / 55 67 70 -60 <END> 
<S> 44 72 -51 -67 / 46 50 65 -72 / 48 67 75 / 47 -67 -67 -75 / 48 60 75 -67 / 62 65 -60 -75 / 55 59 67 74 / 55 59 67 74 <END> 
<S> 50 62 67 71 / 51 60 67 72 / 50 53 -67 -72 / 48 55 -67 -72 / 51 67 72 / 60 -51 -67 -72 / 56 65 72 / 55 63 67 -72 / 56 68 74 77 / 58 -68 -74 -77 51 60 67 75 / 53 -60 -67 -75 <END> 
<S> 51 63 67 72 / 53 -63 -67 -72 / 55 62 67 70 / 56 60 67 75 / 58 -60 -67 -75 / 56 60 65 77 / 53 56 68 -77 / 55 58 70 75 / 56 60 -70 -75 / 58 62 65 74 / 56 60 -65 -74 / 55 58 67 75 / 68 77 -55 -58 <END> 
