<S> 50 57 65 -63 / 62 -50 -57 -65 / 48 -57 -62 -65 / 46 58 62 67 / 45 60 66 69 / 43 62 67 70 / 63 -43 -67 -70 / 62 -43 -67 -70 / 44 60 72 -67 / 65 -44 -60 -72 / 46 -60 -65 -72 / 48 60 67 -65 / 63 -48 -60 -67 / 62 -48 -60 -67 / 63 -48 -60 -67 / 47 55 62 67 / 48 55 60 63 / 50 65 -55 -60 <END> 
<S> 48 60 67 -65 / 62 -48 -67 -48 / 63 -48 -55 -67 / 60 -48 -67 / 46 53 62 -67 / 59 65 -53 -62 / 44 -53 60 -62 / 43 55 62 -60 / 53 59 -43 -62 / 45 48 65 -59 / 60 -48 -53 / 47 55 62 67 / 48 63 69 -67 / 50 62 66 -69 / 60 -50 -66 -69 / 43 58 62 67 / 45 60 72 -67 / 47 62 67 74 / 48 -62 -67 -74 <END> 
<S> 48 55 60 64 / 46 55 58 62 / 44 53 60 68 / 43 -53 -60 -68 / 44 60 65 67 / 41 -60 -65 -67 / 46 60 65 68 / 53 -60 -65 -69 / 64 -60 -60 -69 / 55 -60 -65 -69 / 53 60 65 69 / 51 -60 -65 -69 / 50 58 65 70 / 48 63 67 75 / 69 -48 -60 -75 <END> 
<S> 50 58 65 -62 / 60 -50 -58 -65 / 43 58 62 70 / 55 63 69 -58 / 53 60 65 68 / 51 67 -60 -63 / 50 58 65 / 55 -50 -65 -72 / 48 54 63 70 / 62 -48 -63 -70 / 53 60 68 74 / 50 59 65 -74 / 48 58 63 72 / 56 65 -48 -72 <END> 
<S> 51 58 67 / 50 -58 -67 / 48 55 63 -67 / 51 58 67 / 60 -51 -67 / 50 62 65 70 / 52 67 -62 -70 / 53 60 65 69 / 63 -53 -60 -69 / 46 62 65 70 / 48 63 69 61 <END> 
<S> 53 60 65 69 / 63 -53 -60 -69 / 46 62 65 70 / 48 63 67 75 / 50 58 -67 -70 / 51 63 67 70 / 53 -63 -67 -70 / 55 58 70 -67 / 53 56 65 68 / 63 -53 -56 -68 / 50 59 62 65 / 62 -50 -59 -62 <END> 
<S> 56 63 65 72 / 58 74 -63 -68 / 60 67 75 / 53 68 74 -60 / 55 59 67 -74 / 65 -55 -59 -74 / 48 55 63 72 / 50 58 65 77 <END> 
<S> 55 67 70 75 / 53 -67 -70 -75 / 51 65 70 77 / 50 -65 -70 -77 / 51 63 70 79 / 72 -51 -63 -79 / 70 -51 80 -79 / 53 68 72 77 / 55 70 75 79 <END> 
<S> 63 72 79 / 51 -63 -72 -79 / 53 63 72 80 / 55 79 -63 -72 / 56 60 71 77 / 62 -60 -67 -77 / 60 67 75 / 58 -60 -67 -75 / 56 65 72 / 53 68 -72 <END> 
<S> 60 63 67 72 / 58 62 -67 -72 / 57 60 65 77 / 53 62 -60 -77 / 58 61 70 77 / 60 -58 -70 -77 / 56 65 68 77 / 55 70 -68 -77 / 56 68 72 75 / 74 -56 -68 -75 / 58 70 75 77 / 74 -58 -70 -77 / 56 -71 -74 -77 <END> 
<S> 53 68 72 77 / 74 -53 -68 -77 / 51 70 75 79 / 58 -70 -75 -79 / 60 68 75 -58 / 62 70 77 / 63 68 72 / 60 67 74 / 59 67 74 <END> 
<S> 50 65 70 77 / 51 -65 -70 -77 / 53 65 68 77 / 67 71 -53 -77 / 63 69 72 75 / 43 -69 -72 -75 / 53 68 72 75 / 65 -56 -72 -75 / 55 67 72 -72 / 65 -55 -72 -75 / 63 -55 -60 -72 / 59 62 67 -55 / 48 60 67 76 <END> 
<S> 53 68 72 74 / 55 65 71 -74 / 63 -55 -71 -74 / 48 63 67 72 / 60 63 67 72 / 58 62 -67 -72 / 56 60 65 72 / 55 67 -60 -72 / 53 60 65 68 / 51 67 -60 -65 -68 53 60 65 68 / 62 63 67 -53 / 55 62 65 71 <END> 
<S> 56 63 68 72 / 55 -63 -68 -72 / 53 61 67 70 / 52 -61 -67 -70 / 53 60 67 68 / 55 -60 -67 -68 / 56 60 65 68 / 53 -60 -65 -68 / 60 64 67 / 60 63 72 79 <END> 
<S> 44 60 65 / 59 62 -44 -65 / 60 63 -44 -60 / 56 59 62 -41 / 60 -56 -72 / 55 59 67 74 / 53 60 68 -74 / 74 -53 -60 -68 / 55 59 67 74 / 65 -55 -59 -74 / 48 60 63 72 / 48 60 63 67 <END> 
<S> 55 59 67 75 / 60 -55 -67 -75 / 55 59 67 74 / 72 -55 -59 -67 / 0 / 55 67 71 74 / 48 67 72 75 / 50 65 70 77 / 51 65 70 75 / 53 65 68 -75 / 74 -53 -65 -68 <END> 
<S> 51 60 67 75 / 58 65 70 74 / 56 -65 -70 -74 / 55 67 70 75 / 53 68 72 77 / 55 70 75 79 / 56 72 77 -75 / 58 74 -72 -77 / 68 -58 -62 -77 / 51 67 75 75 / 51 67 70 79 <END> 
<S> 53 68 72 77 / 74 -53 -68 -77 / 55 70 75 -60 / 56 74 77 / 55 67 72 75 / 74 -56 -67 -72 / 51 63 72 79 / 53 -63 -72 -79 / 55 67 71 74 / 55 62 -67 -75 / 53 60 65 70 / 51 67 -65 -70 <END> 
<S> 56 72 77 -72 / 53 68 -72 -77 / 55 62 72 74 / 71 -55 -62 -74 / 48 63 67 72 / 60 67 72 75 / 62 77 -67 -72 / 63 67 70 79 / 72 -63 -67 -79 / 59 68 74 77 / 60 67 72 75 / 55 67 71 74 <END> 
<S> 60 63 72 -67 / 62 65 68 -72 / 63 -44 -65 -72 / 62 71 -60 -65 / 60 63 67 75 / 53 -60 -67 -75 / 55 59 67 74 / 65 -55 -59 -74 / 56 60 63 72 / 55 -60 -63 -72 / 53 68 -60 -72 / 55 59 67 74 / 60 -55 -67 -74 / 65 -55 -60 -74 / 48 60 67 75 / 55 59 67 74 <END> 
<S> 56 60 67 72 / 64 72 -67 / 65 -57 -67 -72 / 55 67 74 -67 / 59 71 -67 -75 / 60 68 -55 -64 / 62 -55 -60 59 / 59 -55 -62 -65 / 48 55 60 63 / 51 58 -48 -63 / 53 56 62 -63 / 55 58 63 / 56 60 -55 -63 / 50 53 62 70 / 68 -50 -53 -62 / 51 55 60 67 / 53 62 -55 -67 <END> 
<S> 48 55 60 63 / 58 -48 -55 -63 / 41 56 56 65 / 43 55 58 62 / 53 -43 -58 -62 / 51 55 58 / 53 56 60 65 / 59 -53 -56 -65 / 55 60 63 -53 / 53 56 62 -60 / 58 -53 -60 -62 / 57 -53 60 -62 / 55 58 62 / 53 56 60 <END> 
<S> 53 56 62 65 / 60 -53 -56 -65 / 53 55 62 70 / 55 58 62 70 / 56 -58 -62 -70 / 51 58 63 67 / 51 58 67 / 53 60 68 -58 / 55 59 62 68 / 56 60 63 72 / 65 74 -53 -60 / 55 60 67 -51 / 53 68 -60 -67 / 48 60 67 -53 / 65 -48 -60 -75 / 55 59 67 -48 / 56 60 63 72 / 58 74 -60 -64 <END> 
<S> 56 60 63 72 / 55 -60 -63 -72 / 53 68 72 74 / 50 71 -68 -74 / 65 72 -50 -68 / 55 62 67 71 / 48 63 67 72 / 60 63 67 72 / 58 62 -67 -72 / 56 60 65 72 / 55 67 -60 -72 / 53 60 68 74 / 59 -53 -68 -74 <END> 
<S> 51 63 67 72 / 56 63 72 -67 / 54 62 69 74 / 72 -54 -62 -69 / 55 62 67 70 / 50 -55 -62 -67 / 48 55 62 -67 / 60 63 -55 -70 / 56 62 65 / 60 64 67 / 44 60 65 68 / 64 -60 -65 -68 / 59 65 68 74 / 60 -65 -68 -74 <END> 
<S> 56 60 63 72 / 55 -60 -63 -72 / 53 65 68 -60 / 55 59 62 -65 / 56 60 63 -65 / 57 60 65 68 / 58 62 -65 -68 / 60 67 -65 -68 / 58 -60 -65 -67 / 48 60 67 -65 / 64 -48 -60 -67 / 57 60 65 -51 / 53 -60 -65 <END> 
<S> 60 63 67 / 55 59 62 -67 / 60 -55 -67 -72 / 53 62 65 -72 / 59 62 67 74 / 60 63 67 75 / 65 68 74 -60 / 55 67 71 75 / 55 -67 -71 -75 / 56 72 -67 -75 / 58 74 -67 -72 / 56 63 72 48 / 55 63 72 79 / 53 68 -72 -77 / 51 67 72 75 / 50 -67 -72 -75 / 48 67 72 75 / 53 -67 -72 -75 <END> 
<S> 60 67 75 / 51 -60 -67 -75 / 53 60 68 74 / 55 59 67 -74 / 56 60 65 72 / 74 -56 -60 -65 / 55 59 67 75 / 53 57 65 74 / 50 58 65 -74 / 51 58 65 75 / 63 74 -58 -65 / 56 60 63 72 / 65 -56 -60 -72 / 55 61 67 70 / 53 59 -67 -70 / 51 60 67 72 / 56 74 -60 -67 / 65 -53 -60 -68 <END> 
<S> 56 60 63 72 / 56 65 -63 -72 / 55 63 67 70 / 53 -63 -67 -70 / 51 60 67 72 / 53 -60 -67 -72 / 52 55 67 72 / 48 -55 -67 -72 / 56 60 65 / 59 62 -65 / 48 60 -56 -65 / 55 58 63 67 / 41 -55 -63 -67 / 43 -58 -63 -67 / 45 60 65 69 / 46 62 65 70 <END> 
<S> 48 55 60 65 / 63 -48 -60 -63 / 46 -55 -60 -63 / 44 53 65 -60 / 43 58 50 -65 / 41 74 -53 -60 / 43 59 62 -53 / 50 -43 -59 -62 / 51 55 60 / 53 55 59 62 / 51 -55 -59 -62 / 60 53 60 / 55 59 62 -53 / 53 -55 -59 -62 <END> 
<S> 41 60 62 65 / 43 50 59 -65 / 48 55 60 63 / 46 -55 -60 -63 / 44 56 60 63 / 43 -56 -60 -63 / 44 56 60 65 / 46 58 62 -65 / 39 58 67 -62 / 51 58 63 67 / 50 65 -58 -67 / 48 63 67 72 / 53 62 65 71 <END> 
<S> 43 58 63 67 / 44 -58 -63 -67 / 46 58 62 65 / 47 62 67 / 65 -47 -62 -67 / 48 55 63 67 / 53 57 62 -67 / 60 -53 -57 -67 / 55 59 62 / 46 -55 -62 / 53 -43 -59 -62 / 48 52 55 60 / 48 60 63 67 / 41 56 60 65 / 53 55 58 62 / 57 -53 -58 -62 <END> 
<S> 55 58 62 / 53 56 60 -62 / 55 58 62 / 43 53 -58 -62 / 48 51 55 63 / 46 -51 -55 -63 / 44 56 60 63 / 70 -56 -60 -63 / 55 60 63 / 53 -60 -63 / 55 59 62 / 56 60 -55 -59 / 39 55 60 67 <END> 
<S> 44 60 63 65 / 41 -60 -63 -65 / 46 62 65 / 39 58 63 67 / 51 58 63 67 / 50 65 -58 -67 / 48 63 67 72 / 50 62 -67 -72 / 51 60 67 68 / 50 58 -67 -68 / 48 55 63 67 / 53 60 68 / 51 55 -60 <END> 
<S> 48 51 63 67 / 50 53 -63 -67 / 51 55 67 72 / 48 71 -67 -75 / 50 55 65 72 / 53 -50 -65 -72 / 55 60 67 / / 59 -60 -67 / <END> 
<S> 43 67 70 74 / 53 -67 -70 -74 / 51 67 72 / 50 65 74 -72 / 48 63 -72 -77 / 50 62 70 77 / 51 67 -70 -77 / 53 69 77 -63 / 55 75 -69 -72 / 56 65 74 77 <END> 
<S> 58 62 70 77 / 68 -58 -62 -77 / 60 63 67 75 / 53 65 68 74 / 55 63 67 72 / 62 65 -55 -72 / 60 63 67 72 / 58 62 -67 -72 / 56 60 65 72 / 55 67 -60 -72 / 53 65 68 72 / 47 62 67 74 <END> 
<S> 56 63 67 72 / 65 -56 -63 -72 / 56 62 65 72 / 60 -56 -65 -72 / 47 62 67 70 / 48 64 67 -70 / 53 60 65 69 / 51 -60 -65 -69 / 50 58 65 70 / 46 62 -65 -70 / 48 60 63 68 / 50 58 65 -68 <END> 
<S> 50 62 65 69 / 63 -50 -69 -72 / 43 62 67 71 / 55 59 62 67 / 53 60 67 72 / 51 63 67 -72 / 50 65 70 77 / 48 -65 -70 -77 / 47 62 67 79 / 0 -62 -67 51 63 67 72 / 50 62 65 71 <END> 
<S> 51 63 67 72 / 50 65 70 74 / 48 67 72 75 / 50 65 70 77 / 51 -65 -70 -77 / 53 61 69 77 / 55 75 -60 -69 / 53 -60 -69 -75 / 55 58 70 75 / 56 60 65 -75 / 74 -56 -60 -65 / 55 59 67 75 / 53 -59 -67 -75 <END> 
<S> 56 60 65 72 / 67 -56 -60 -72 / 55 62 67 70 / 53 -62 -67 -70 / 51 60 67 79 / 48 -60 -67 -79 / 50 60 66 74 / 52 55 67 72 / 43 53 59 74 / 48 51 60 67 / 50 65 -60 -72 <END> 
<S> 51 60 67 72 / 53 -51 -67 -72 / 51 65 67 / 47 50 -65 -67 / 48 55 63 72 / 53 62 -48 -55 / 51 55 60 / 47 55 62 67 / 48 55 60 63 / 50 53 58 65 / 51 58 67 / 53 59 62 65 <END> 
<S> 48 55 62 63 / 50 -55 -62 -63 / 51 55 62 -63 / 60 63 -55 -60 / 58 -55 -60 -63 / 56 59 62 65 / 51 55 60 67 / 53 60 68 / 55 -53 -60 -68 / 61 65 -53 -69 / 48 58 65 67 / 46 -56 -65 -67 <END> 
<S> 56 60 63 72 / 55 58 -63 -72 / 53 57 65 72 / 63 -53 -57 -72 / 59 62 65 74 / 60 63 72 75 / 62 -63 -72 -75 / 57 63 72 77 / 62 65 -72 -77 / 58 70 75 77 / 68 72 75 -65 / 67 72 75 79 / 68 77 -75 <END> 
<S> 58 63 65 74 / 62 65 70 77 / 60 63 67 75 / 69 -60 -63 -75 / 58 61 70 -75 / 56 60 72 77 / 55 70 -60 -77 / 53 65 68 72 / 74 -53 -65 -68 / 75 -53 -65 -68 / 46 65 70 74 / 51 63 67 70 / 53 68 -63 -70 <END> 
<S> 53 63 68 72 / 55 -63 -68 -72 / 56 63 68 72 / 58 64 -68 -72 / 60 67 68 / 65 -60 -67 -68 / 60 63 67 70 / 55 -60 -67 -70 / 53 60 65 68 / 0 / 53 60 68 77 / 62 -53 -68 -77 <END> 
<S> 56 60 63 72 / 65 74 -56 -60 / 55 58 67 75 / 53 68 -58 -75 / 51 58 67 74 / 50 -58 -67 -74 / 48 67 72 / 51 58 -67 -72 / 56 65 72 / 63 -56 -72 -72 / 65 74 -56 -72 / 55 67 75 -72 / 53 -67 -72 -75 / 55 65 74 -72 / 71 -55 -68 -74 <END> 
<S> <END> 
<S> <END> 
<S> <END> 
<S> 44 60 64 72 / 65 74 -60 -60 <END> 
<S> 72 77 -57 -62 <END> 
<S> 72 -55 -64 / 62 70 -55 -72 / 43 73 70 76 / 53 -49 -70 -76 <END> 
<S> 53 60 68 72 / 55 70 -60 -80 / 56 60 68 77 / 58 62 70 -77 / 68 -58 -62 -77 / 60 63 67 75 / 57 72 -60 -75 <END> 
<S> 46 58 65 74 / 63 -46 -58 -74 / 47 65 68 74 / 55 67 -47 -74 / 65 -55 -62 -74 / 56 60 63 72 / 65 74 -56 -72 / 55 67 71 75 / 53 68 72 -75 / 55 62 74 -72 / 67 71 -55 -74 <END> 
<S> 56 60 63 72 / 65 -56 -60 -72 / 55 62 67 71 / 53 59 62 67 / 51 60 67 -67 / 55 59 65 -67 / 56 60 63 -67 / 65 74 -60 -65 / 55 60 67 75 / 53 -60 -67 -75 / 55 59 67 74 / 65 -55 -59 -74 <END> 
<S> 56 60 63 72 / 55 -60 -63 -72 / 53 65 68 72 / 63 -53 -68 -72 / 46 65 70 74 / 47 62 67 74 / 48 60 67 75 / 58 -60 -67 -75 / 56 60 65 77 / 55 -60 -65 -77 / 53 65 68 72 / 74 -53 -65 -68 / 48 63 67 75 / 69 -48 -63 -75 / 50 65 70 74 / 51 -65 -70 -74 <END> 
<S> 53 60 69 75 / 55 -60 -69 -75 / 53 56 74 -60 / 59 -53 -60 -74 / 55 60 67 74 / 72 -55 -60 -67 / 55 59 67 74 / 65 -55 -59 -74 / 48 60 63 72 / 50 58 65 70 / 51 63 -58 -70 / 56 60 68 / 55 58 -60 -68 <END> 
<S> 48 55 63 72 / 56 60 65 -48 / 47 -56 -60 -65 / 48 55 60 64 / 46 -55 -60 -64 / 44 59 62 65 / 43 58 63 -65 / 41 62 65 -58 / 43 58 63 67 <END> 
<S> 44 60 65 -57 / 55 -45 -60 -65 / 46 -55 -60 -65 / 53 58 62 65 / 51 58 60 67 / 68 -51 -60 -63 / 50 58 65 70 / 63 -50 -58 -70 / 51 58 67 68 / 53 60 -51 -67 / 46 52 62 67 / 48 51 60 69 <END> 
<S> 50 58 65 74 / 46 58 62 74 / 76 -58 -62 / 53 60 69 77 / 51 60 67 79 / 50 58 65 70 / 48 60 67 75 / 46 65 74 -60 / 59 68 -50 -65 / 51 60 63 67 / 69 -60 -63 <END> 
<S> 47 62 67 74 / 48 75 -67 -62 / 50 65 69 74 / 71 -50 -65 -74 / 48 63 72 79 / 51 -63 -72 -79 / 53 65 72 77 / 50 -65 -72 -77 / 51 63 67 79 / 50 69 -67 -79 / 82 -50 -67 -79 / 48 67 75 -60 / 53 72 -48 -75 <END> 
<S> 58 65 74 / 57 67 72 / 70 -57 -65 -72 / 61 65 69 72 / 60 65 -65 -69 / 58 65 70 74 / 56 -65 -70 -74 / 55 63 70 75 / 65 -55 -70 -75 / 51 67 70 74 / 53 -67 -70 -74 <END> 
<S> 63 70 79 / 61 -63 -70 -79 / 60 68 77 -63 / 58 -60 -68 -77 / 51 70 -60 -68 / 55 59 68 74 / 53 60 68 74 / 64 -53 -60 -74 / 55 59 67 -74 / 72 -55 -59 -67 / 65 -55 -59 -67 <END> 
<S> 55 60 67 75 / 53 -60 -67 -75 / 55 59 67 74 / 65 -55 -59 -74 / 48 60 63 72 / 51 63 67 79 / 60 63 69 -79 / 58 65 68 74 / 59 67 74 / 60 67 72 75 / 70 -60 -67 -75 <END> 
<S> 58 62 65 77 / 60 63 75 -48 / 58 62 67 -75 / 56 60 65 -75 / 55 67 75 -60 / 53 60 68 74 / 55 59 67 -74 / 65 -55 -67 -74 / 48 63 67 72 / 56 63 72 77 / 58 65 70 74 / 75 -58 -65 -70 <END> 
