<S> 60 63 67 72 / 59 62 67 74 / 60 67 75 / 57 60 65 77 / 58 65 74 / 57 -58 -65 -74 / 58 70 -58 -74 / 60 69 75 -58 / 46 62 70 77 / 59 62 67 79 <END> 
<S> 58 65 74 / 57 -58 -65 -74 / 58 70 -58 -74 / 60 69 75 -58 / 46 62 70 77 / 59 62 67 79 / 60 67 75 / 58 62 -67 -75 / 56 63 72 / 55 -63 -72 / 53 68 72 74 / 55 67 71 74 / 65 -55 -71 -74 <END> 
<S> 60 67 75 / 58 -60 -67 -75 / 56 68 72 75 / 55 -68 -72 -75 / 53 68 70 74 / 53 65 68 72 / 74 -53 -65 -68 / 51 63 67 75 / 69 -51 -63 -75 / 50 65 68 74 / 51 75 -65 -68 <END> 
<S> 48 63 68 -67 / 50 65 -68 -68 / 51 67 67 / 70 -51 -67 / 53 60 65 68 / 62 -53 -65 -68 / 55 58 63 67 / 56 60 -63 -67 / 58 62 65 / 56 60 63 72 / 55 62 67 70 <END> 
<S> 44 60 63 65 / 58 62 -44 -65 / 60 -44 -53 -65 / 46 58 62 -65 / 56 -46 -62 -65 / 39 55 58 63 / 51 55 58 67 / 50 55 63 69 / 48 -55 -63 -69 <END> 
<S> 46 58 65 74 / 50 -58 -65 -74 / 51 70 -58 / 53 -51 -58 -70 / 48 60 68 -58 / 57 -48 -60 -67 / 46 58 65 68 / 64 -46 -58 -65 / 45 60 65 -63 / 47 55 62 -65 <END> 
<S> 46 62 65 / 53 -46 -62 -65 / 46 55 62 67 / 51 58 63 67 / 50 -58 -63 -67 / 48 55 62 67 / 60 -48 -67 / 43 55 59 67 / 44 60 63 72 / 46 -60 -63 -72 / 48 63 68 72 / 47 -63 -68 -72 <END> 
<S> 48 60 63 67 / 62 -48 -60 -67 / 43 60 67 -60 / 59 -43 -55 -67 / 45 60 65 -55 / 57 54 63 -45 / 43 58 62 70 / 46 62 67 -70 / 48 60 65 69 / 51 -60 -65 -69 / 50 58 65 70 / 51 58 63 67 / 53 56 62 65 / 55 58 62 / 53 56 60 65 <END> 
<S> 51 58 67 / 50 65 -58 -67 / 51 63 67 72 / 62 -51 -67 -72 / 52 60 67 72 / 58 -52 -67 -72 / 53 57 65 74 / 58 -51 -65 -74 / 53 60 65 74 / 61 64 -53 -70 <END> 
<S> 56 60 63 72 / 62 65 -56 -72 / 55 58 67 70 / 60 63 -55 -70 / 53 56 65 68 / 51 60 67 -53 / 53 -51 -67 -70 / 51 65 67 70 / 64 -51 -67 -70 / 50 65 65 74 / 71 -50 -65 -65 <END> 
<S> 56 60 65 68 / 55 59 67 -65 / 60 64 67 / 56 60 65 / 55 60 64 67 / 53 -60 -67 / 55 58 -67 / 57 65 -55 -74 / 53 58 62 67 / 63 -58 -67 -70 / 57 60 65 68 / 63 -60 -68 / 59 62 68 / 60 63 67 72 / 59 62 -67 -72 <END> 
<S> 53 60 65 69 / 63 -53 -60 -69 / 46 62 65 70 / 48 63 68 72 / 50 67 -63 -72 / 51 63 67 70 / 61 -51 -67 -70 / 53 60 68 74 / 55 59 67 -74 / 65 -55 -59 -74 / 48 60 63 72 / 50 58 70 77 <END> 
<S> 53 60 68 74 / 50 -60 -68 -74 / 55 59 67 -74 / 65 -55 -59 -74 / 48 60 63 72 / 51 58 63 79 / 60 63 72 79 / 58 -63 -72 -79 / 56 63 72 77 / 58 62 70 -77 / 57 -62 -70 -77 / 58 62 70 77 / 67 -58 -62 -77 / 60 70 75 -55 <END> 
<S> 63 70 79 -65 / 63 -63 -70 -79 / 62 70 79 -65 / 63 -62 -70 -79 / 59 68 74 77 / 67 -59 -74 -77 / 60 67 72 75 / 55 67 71 74 / 65 -55 -71 -74 / 56 63 72 / 70 -56 -63 -72 / 55 65 68 74 / 53 75 -65 -68 / 77 -53 -65 -68 <END> 
<S> 51 63 67 72 / 53 65 68 -72 / 63 -53 -68 -72 / 55 62 67 71 / 55 59 62 67 / 60 67 75 / 58 -60 -67 -75 / 56 60 65 75 / 53 -60 -65 -75 / 46 65 70 74 / 68 -46 -65 -70 / 48 63 67 79 / 41 60 69 77 <END> 
<S> 60 63 67 79 / 58 62 -67 -79 / 57 60 72 77 / 59 62 67 79 / 60 67 77 / 63 -60 -67 -72 / 56 62 65 71 / 60 -56 -65 -71 / 55 59 67 74 / 53 -59 -67 -74 / 51 60 67 75 / 55 59 -67 -75 / 53 -55 -67 -74 <END> 
<S> 60 63 67 75 / 58 62 -67 -75 / 56 60 72 77 / 55 70 -60 -77 / 53 65 68 72 / 74 -53 -65 -68 / 48 63 67 75 / 69 -48 -63 -75 / 50 62 70 77 / 46 62 -70 -77 / 51 63 67 79 / 62 70 77 -51 / 60 67 75 79 / 69 72 75 -60 <END> 
<S> 48 63 68 75 / 50 65 -68 -75 / 51 67 70 74 / 61 -67 -70 -79 / 53 68 72 75 / 74 -53 -68 -72 / 55 70 72 75 / 74 -55 -72 -75 / 56 71 60 -75 / 74 -56 -60 -66 / 55 60 63 75 / 53 68 -60 -75 / 55 60 67 75 / 53 65 68 74 <END> 
<S> 56 68 72 77 / 55 -68 -72 -77 / 53 65 70 74 / 53 -65 -70 -74 / 55 63 70 75 / 72 -55 -63 -75 / 53 68 74 77 / 58 -68 -74 -77 / 63 69 72 -58 / 55 -63 -72 62 / 52 70 79 -72 / 52 -70 -72 -79 <END> 
<S> 58 63 70 77 / 62 -58 -70 -77 / 51 63 67 79 / 55 63 70 79 / 57 -63 -70 -79 / 58 65 70 74 / 60 -65 -70 -74 / 58 62 -70 77 / 56 60 72 -77 / 55 70 79 -60 <END> 
<S> 58 63 70 79 / 60 -58 -70 -79 / 58 62 70 77 / 55 63 70 75 / 53 65 69 -75 / 51 67 70 75 / 50 -67 -70 -75 / 48 63 72 79 / 60 -63 -72 -79 <END> 
<S> 58 62 67 77 / 68 -58 -62 -77 / 57 63 67 72 / 55 65 -67 -72 / 53 65 68 -72 / 51 -65 -68 -72 / 50 65 68 74 / 55 -65 -68 -74 / 63 67 72 / 62 66 71 -55 / 60 63 67 72 / 58 -63 -67 -72 / 56 63 72 77 / 58 62 70 -77 / 68 -58 -62 -77 <END> 
<S> 63 68 72 -51 / 50 65 -68 -72 / 51 63 67 70 / 53 -63 -67 -70 / 55 63 67 70 / 56 60 -63 -70 / 65 68 74 -60 / 59 67 67 75 / 68 77 -56 -67 / 70 75 -67 / 61 67 68 / 64 -46 -67 -68 / 65 60 68 -68 / 62 65 -68 -68 / 60 64 67 / 58 -60 -67 -75 <END> 
<S> 67 70 -51 -67 / 65 -51 -67 -70 / 48 63 67 72 / 55 63 70 74 / 53 65 68 72 / 54 63 69 72 / 55 62 67 70 / 55 58 62 70 / 53 60 68 -70 / 65 -53 -60 -70 / 52 59 67 -65 / 60 63 -52 -67 / 58 62 -48 -67 <END> 
<S> 55 63 70 75 / 61 -55 -70 -75 / 56 68 -61 -75 / 74 -56 -65 -68 / 55 72 75 -65 / 53 68 74 -75 / 55 62 70 77 / 56 60 72 -77 / 58 70 74 -77 / 68 72 -58 -77 / 59 67 74 79 / 55 79 -67 -79 / 60 67 75 -79 / 58 74 -67 -75 <END> 
<S> 53 68 72 77 / 74 -53 -68 -77 / 55 63 75 79 / 56 -55 -75 -76 / 53 74 77 -56 / 58 51 67 -74 / 51 60 67 75 / 63 -51 -67 -75 / 53 60 68 74 / 55 -60 -68 -74 / 53 62 70 79 / 55 -70 -70 -79 / 57 63 72 79 / 59 62 74 79 / 60 67 75 / 56 72 -60 -75 <END> 
<S> 56 60 63 68 / 60 -56 -60 -77 / 55 59 67 75 / 53 -59 -67 -75 / 51 60 67 75 / 53 65 68 74 / 55 59 67 74 / 65 -55 -67 -74 / 48 63 67 72 / 58 62 70 77 <END> 
<S> 53 60 68 74 / 55 59 67 -74 / 56 60 -67 -74 / 72 -56 -60 -67 / 55 62 67 71 / 53 -62 -67 -71 / 51 63 67 72 / 53 69 -63 -72 / 62 -53 -69 -72 / 55 62 71 74 / 50 -62 -71 -74 / 51 63 72 / 50 66 -72 <END> 
<S> 54 60 69 -67 / 62 66 69 / 60 -62 -66 -69 / 58 62 67 / 57 69 -62 -67 / 55 62 67 70 / 53 -62 -67 -70 / 51 60 67 72 / 55 -60 -67 -72 / 53 60 67 74 / 72 -53 -60 -67 / 55 59 67 74 / 65 -55 -67 -74 / 48 63 67 72 / 60 63 69 75 <END> 
<S> 52 60 67 72 / 53 -60 -67 -72 / 51 55 67 71 / 65 -51 -55 -71 / 48 63 68 72 / 46 62 67 74 / 43 58 -67 -74 / 44 -58 72 -67 / 43 59 67 74 / 65 -43 -59 -74 / 48 55 60 63 / 62 -55 -60 -70 / 51 60 63 67 / 53 -60 -63 -67 <END> 
<S> 48 60 67 75 / 55 -60 -67 -75 / 53 68 74 -60 / 55 59 67 -74 / 65 -55 -59 -74 / 48 60 63 72 / 50 58 70 77 / 51 63 70 79 / 53 -63 -70 -79 / 55 63 70 79 / 56 -63 -70 -79 / 58 65 70 74 / 60 75 -65 -70 / 62 71 77 -65 / 63 67 72 -55 <END> 
<S> 51 63 70 79 / 53 -63 -70 -79 / 55 63 70 79 / 56 -63 -70 -79 / 58 70 77 -63 / 62 -58 -70 -77 / 68 -58 -62 -77 / 59 62 67 77 / 55 -62 -67 -77 / 60 75 -62 -67 / 60 -60 -67 -75 / 62 67 71 -60 / 59 63 67 74 / 60 67 75 / 48 60 -67 -75 <END> 
<S> 60 67 75 / 55 59 74 -67 / 55 60 67 75 / 48 60 67 75 / 50 60 67 74 / 71 -50 -67 -74 / 48 72 67 74 / 50 59 -67 -74 / 51 60 67 75 / 53 -60 -67 -75 / 55 60 67 74 / 72 -55 -60 -67 / 43 59 67 74 / 65 -43 -59 -74 <END> 
<S> 48 67 75 -62 / 60 -51 -67 -75 / 50 65 74 77 / 59 -50 -65 -77 / 52 60 67 75 / 53 -60 -67 -75 / 55 60 67 74 / 59 -55 -67 -74 / 48 63 67 72 / 60 64 67 72 / 65 74 -60 -67 / 60 67 75 / 58 -60 -67 -75 / 56 68 72 75 / 55 70 -75 <END> 
<S> 48 63 67 72 / 60 63 -67 -72 / 58 65 74 / 53 -58 -65 -74 / 55 67 72 75 / 54 -67 -72 -75 / 55 67 74 -72 / 70 -55 -67 -74 / 56 67 72 / -63 -67 -72 / 59 65 74 / 67 -59 -74 / 48 60 67 75 / 53 60 68 74 / 55 59 67 -74 / 56 60 -67 -74 / 65 -56 -60 -74 <END> 
<S> 56 60 68 72 / 55 -60 -67 -72 / 53 68 -60 -72 / 58 62 -53 -68 / 48 60 64 67 / 58 -48 -64 -67 / 53 56 65 72 / 67 -53 -56 -72 / 55 62 67 70 / 48 63 67 -70 / 50 58 65 68 / 51 58 63 67 / 56 60 63 72 / 62 65 -56 -72 <END> 
<S> 51 58 67 / 50 -58 -67 / 48 55 63 -67 / 45 -55 -67 -75 / 46 55 62 70 / 53 56 62 71 / 50 65 -56 -60 / 55 58 62 / 53 60 68 / 51 55 60 67 / 59 -39 -55 -67 / 41 60 -55 / -63 -41 -60 -60 / 43 59 62 / 53 -43 -59 -62 <END> 
<S> 51 55 60 63 / 53 -55 -60 -63 / 55 59 62 / 43 55 59 62 / 48 55 60 63 / 50 -55 -60 -63 / 51 55 60 67 / 58 -51 -67 / 57 60 65 -51 / 50 58 62 -65 / 51 58 63 67 / 50 65 -58 -67 / 48 63 67 -58 / 53 62 -48 -67 / 55 60 63 -48 / 46 58 62 65 / 56 -46 -62 -65 <END> 
<S> 48 55 60 63 / 46 -51 -55 -63 / 44 56 60 65 / 43 50 59 67 / 44 65 60 -44 / 43 55 -60 -65 / 59 62 -43 -55 / 53 -43 -59 -62 / 48 52 60 / 48 55 63 / 50 55 58 65 / 51 60 67 79 / 58 62 -67 -79 / 51 60 67 75 / 53 -60 -67 -75 <END> 
<S> 48 55 60 63 / 46 -48 -60 -63 / 44 56 65 -60 / 53 62 -44 -65 / 46 61 65 68 / 46 58 62 -65 / 58 -46 -62 -65 / 39 55 63 67 / 51 63 -46 -67 / 44 60 63 65 / 56 -60 -63 -65 / 58 62 65 / 56 60 -65 59 / 65 -56 -60 / 55 58 62 67 / 53 68 -62 <END> 
<S> 44 60 65 / 63 -44 -60 -65 / 46 62 65 68 / 65 -46 -60 -65 / 39 58 63 67 / 56 68 -63 72 / 58 64 67 / 65 -59 -67 / 47 55 62 -67 / 48 60 63 67 / 58 -48 -60 -67 / 53 56 60 65 / 58 -53 -56 -65 / 55 56 60 63 / 53 56 60 65 / 51 55 60 67 <END> 
<S> 48 60 63 67 / 58 -48 -63 -67 / 56 65 -48 -72 / 47 55 67 74 / 65 -47 -55 -74 / 48 60 63 75 / 62 -48 -55 -67 / 53 63 69 72 / 54 -63 -69 -72 / 55 62 67 70 / 72 -55 -62 -67 / 51 55 67 72 / 50 -55 -67 -72 / 48 60 -67 -72 / 53 68 74 -67 / 55 63 -68 / 65 -55 -55 -63 <END> 
<S> 51 63 67 72 / 50 65 69 74 / 48 -65 -69 -74 / 55 67 71 74 / 53 -67 -71 -74 / 51 67 72 75 / 57 65 72 -75 / 55 67 70 75 / 56 65 -70 -75 / 58 65 70 74 / 68 -58 -65 -74 / 63 70 79 / 62 65 -70 -79 / 60 63 67 79 / 58 62 -67 -79 <END> 
<S> 63 67 70 79 / 62 65 -70 -79 / 60 67 72 75 / 58 -67 -72 -75 / 56 60 72 77 / 58 62 70 -77 / 68 -58 -62 -77 / 51 63 67 75 / 60 69 75 / 55 58 70 -75 / 56 60 68 75 / 58 62 70 74 / 63 -58 -70 -77 <END> 
<S> 51 60 67 75 / 53 60 65 -75 / 55 59 67 74 / 56 60 65 -74 / 72 -56 -60 -65 / 55 62 67 70 / 53 -62 -67 -70 / 51 60 67 72 / 69 -51 -60 -72 / 70 -51 -72 <END> 
<S> 55 62 70 -65 / 63 -55 -62 -70 / 53 65 69 -63 / 58 62 65 70 / 56 60 -65 -70 / 55 62 65 70 / 63 -55 -62 -70 / 57 60 63 72 / 55 58 -63 -72 / 54 63 68 72 / 62 -54 -69 -72 / 63 67 71 / 0 / 65 -56 -71 <END> 
<S> 54 60 63 69 / 62 -54 -69 / 60 66 -48 -69 / 55 59 67 74 / 60 67 75 / 58 -60 -67 -75 / 56 60 65 75 / 53 -60 -65 -75 / 51 58 65 74 / 63 67 -58 -74 / 65 -58 -70 -74 / 67 72 -58 -65 / 62 74 -58 -72 / 56 63 72 -74 / 55 63 70 75 / 53 -63 -70 <END> 
<S> 58 67 75 / 65 68 -58 -75 / 63 67 70 / 65 68 -63 / 58 63 67 / 56 60 -63 -67 / 58 62 65 / 56 -58 -65 / 55 55 63 70 / 53 68 -55 -60 / 48 60 67 75 / 55 59 67 74 <END> 
<S> 56 63 65 / 55 -56 -63 -65 / 53 56 60 65 / 58 -53 -56 -65 / 51 67 -53 -65 / 39 58 63 -67 / 41 56 60 65 / 62 -41 -56 -65 / 39 55 63 67 / 58 62 65 -55 / 56 60 63 / 55 59 62 67 <END> 
<S> 44 63 65 / 44 63 72 -65 / 46 62 -65 -72 / 63 -46 -46 -72 / 47 55 62 45 / 48 60 63 67 / 46 -60 -63 -67 / 44 60 65 -63 / 63 -44 -60 -65 / 46 58 62 -65 / 56 -46 -62 -65 / 39 55 58 63 <END> 
<S> 44 60 63 65 / 41 56 -63 -65 / 46 53 62 -65 / 58 -46 -62 -65 / 56 -46 -62 -65 / 39 55 58 63 / 51 58 63 67 / 50 -58 -63 -67 / 48 60 63 69 / 50 -60 -63 -69 / 51 58 67 70 / 50 65 -67 -70 <END> 
<S> 48 63 69 -67 / 50 62 66 -69 / 43 62 67 71 / 43 -62 -67 -71 / 45 60 72 -67 / 66 -45 -60 -72 / 46 62 67 70 / 48 63 69 -67 / 50 62 66 -69 / 55 59 67 67 / 60 63 67 / 53 60 -63 -67 <END> 
<S> 43 62 67 70 / 65 -51 -62 -70 / 51 60 63 67 / 46 -60 -63 -67 / 48 60 65 68 / 47 -60 -65 -68 / 48 60 67 / 68 -48 -60 -67 / 43 60 63 67 / 62 -43 -60 -67 / 44 60 65 / 59 -44 -60 -65 / 48 60 64 67 / 60 -48 -60 -67 <END> 
<S> 48 60 63 67 / 55 59 67 74 / 55 58 67 74 / 60 67 75 / 58 62 67 74 / 65 68 -62 -74 / 63 67 70 / 62 65 -67 -70 / 60 63 67 72 / 58 -63 -67 -72 / 56 62 65 77 / 55 60 75 <END> 
<S> 60 67 75 / 58 62 68 77 / 56 63 72 75 / 55 70 -63 -75 / 53 68 74 -63 / 62 67 -53 -74 / 51 63 70 79 / 55 82 -70 -79 / 56 68 72 75 / 58 -68 -72 -75 / 60 67 72 77 / 74 -60 -67 -72 <END> 
<S> 51 63 67 72 / 53 -63 -67 -72 / 55 62 67 70 / 56 65 -62 -70 / 56 60 65 72 / 55 -60 -65 -72 / 53 -60 -67 -72 / 55 59 67 74 / 48 60 67 79 / 58 -48 -67 -79 / 53 57 72 77 / 59 -53 -69 -77 <END> 
<S> 48 60 63 72 / 55 67 71 74 / 60 67 72 75 / 58 -67 -72 -75 / 56 60 72 77 / 55 70 -60 -77 / 53 65 68 72 / 74 -53 -65 -68 / 75 -53 -65 -68 / 46 65 68 74 / 55 63 67 75 / 61 65 68 -75 <END> 
<S> 56 60 68 72 / 55 -60 -68 -72 / 53 65 68 72 / / 74 -65 -68 -72 / 60 67 75 / 58 -60 -67 -75 / 56 60 68 77 / 55 63 75 -60 / 53 65 68 72 / 59 74 -53 -68 / 48 60 67 75 / 50 65 -60 -75 <END> 
<S> 56 60 68 75 / 55 -60 -68 -75 / 53 68 74 -60 / 55 59 67 -74 / 65 -55 -59 -74 / 48 60 63 72 / 50 58 70 74 / 51 63 70 79 / 53 -63 -70 -79 / 55 58 70 79 / 56 60 -70 -79 <END> 
<S> 48 63 68 72 / 50 -63 -68 -72 / 51 63 67 70 / 53 -63 -67 -70 / 55 58 67 70 / 56 60 -67 -70 / 58 62 65 68 / 63 67 -60 / 59 62 65 / 60 63 72 / 55 59 62 74 <END> 
<S> 56 60 63 / 55 58 65 -63 / 53 56 62 65 / 58 -53 -53 -65 / 48 60 63 67 / 59 -48 -63 -67 / 53 56 65 / 55 58 62 -65 / 56 60 65 / 55 63 67 -56 <END> 
<S> 44 60 63 65 / 46 58 62 -65 / 51 55 63 67 / 53 60 68 -51 / 53 56 60 68 / 46 -53 -60 -68 / 44 58 67 / 43 59 65 -67 -74 <END> 
<S> 56 60 65 -51 / 55 -56 -60 -65 / 53 56 62 / 55 59 -53 -62 / 53 57 60 / 51 55 -60 -60 / 50 53 59 65 / 48 51 -53 -65 / 46 50 58 65 / 44 53 59 62 <END> 
<S> 44 51 60 65 / 43 51 -60 -65 / 41 59 62 -65 / 39 58 60 67 / 51 67 58 63 / 39 51 -58 -63 / 44 56 60 65 / 59 -44 -53 -65 / 48 60 63 -53 / 38 -56 -60 -63 / 51 55 58 63 / 50 -55 -58 -63 <END> 
<S> 44 60 63 65 / 44 -60 -63 -65 / 46 53 62 70 / 65 -53 -53 -70 / 39 51 58 67 / 50 -39 -58 -67 / 44 48 60 65 / 63 -44 -60 -48 -72 / 41 -60 -63 -72 / 46 62 67 70 / 61 -46 -67 -70 / 44 60 63 67 / 59 -44 -63 -67 / 44 60 65 / 53 62 -44 -60 / 59 -44 -53 -62 <END> 
<S> 44 60 65 / 45 60 64 -65 / 46 53 62 70 / 53 60 68 -53 / 48 55 60 67 / 46 -55 -60 -64 / 53 56 60 65 / 51 -53 -60 -65 / 46 58 62 65 / 58 -46 -62 -65 / 45 57 62 63 / 46 -57 -62 -65 <END> 
