<S> 47 62 67 / 65 -47 -62 -67 / 48 63 67 -62 / 60 -48 -63 -67 / 50 58 65 70 / 51 58 67 -65 / 63 -51 -58 -67 / 58 67 70 -51 / 60 -51 -67 -70 / 50 62 65 71 / 48 55 63 72 / 47 62 67 74 <END> 
<S> 50 58 65 74 / 51 58 67 75 / 53 60 65 77 / 56 60 65 -77 / 62 -56 -60 -77 / 52 60 67 79 / 53 60 65 69 / 60 63 67 -53 / 58 62 -67 -75 / 56 60 72 77 / 55 75 -60 -72 / 53 67 71 74 / 55 65 71 -74 / 63 67 72 / 65 74 -67 -72 <END> 
<S> 57 60 72 -65 / 60 66 -57 -72 / 55 62 67 70 / 55 62 67 70 / 53 -62 -67 -70 / 51 60 67 72 / 55 -60 -67 -72 / 48 65 67 74 / 64 -48 -67 -74 / 71 -48 -64 -67 / 48 64 67 72 / 51 60 67 75 / 53 60 68 74 / 55 59 67 74 / 65 -55 -59 -74 <END> 
<S> 48 60 67 75 / 58 60 -67 -75 / 56 68 72 77 / 74 -56 -68 -68 / 63 67 -56 -72 / 62 68 -56 -72 / 55 63 67 70 / 53 65 -63 -70 / 51 58 67 -65 / 56 63 -51 -67 / 50 65 -58 -67 / 48 60 67 75 / 58 -60 -67 -75 / 56 60 68 77 / 55 -60 75 -77 / 53 68 72 77 / 70 -53 -68 -77 / 51 69 72 79 / 50 77 -72 -79 / 52 67 72 79 / 53 -67 -72 -79 <END> 
<S> 55 62 70 77 / 56 -62 -70 -77 / 55 63 70 79 / 53 56 65 77 / 51 67 72 75 / 53 68 74 -72 / 55 67 71 -74 / 65 -55 -71 -74 / 48 63 67 72 / 60 63 67 72 / 58 62 -67 -72 / 57 60 65 72 / 55 67 -60 -72 / 53 65 69 72 / 51 -65 -69 -72 / 50 65 69 77 / 75 -50 -65 -69 <END> 
<S> 56 60 65 72 / 55 70 -60 -72 / 53 65 68 72 / 63 -53 -68 -72 / 58 65 68 74 / 67 -58 -65 -74 / 60 63 67 72 / 62 65 70 77 / 63 70 79 / 62 65 -70 -79 / 60 67 72 75 / 58 -67 -72 -75 / 56 72 77 55 / 75 -56 -72 -75 <END> 
<S> 63 70 75 / 62 65 -70 / 63 67 70 / 65 68 -63 / 63 58 70 -65 / 46 65 -63 -70 / 51 58 63 67 / 62 65 -51 -58 / 56 60 63 -51 / 55 58 62 68 / 53 -58 -62 -67 <END> 
<S> 51 58 65 67 / 63 -51 -58 -67 / 56 60 65 -51 / 55 58 63 70 / 53 58 65 68 / 51 58 63 67 / 56 60 63 72 / 65 74 -56 -60 / 55 58 60 67 / 53 56 -60 -67 / 51 55 -60 -67 / 53 56 60 68 / 55 59 62 -53 56 60 -53 -55 -62 <END> 
<S> 56 60 63 68 / 56 65 -60 -68 / 60 63 67 -56 / 58 62 -67 -67 / 53 60 65 68 / 51 58 63 67 / 56 68 65 / 55 63 67 70 / 53 68 -67 -71 / 51 63 67 72 / 50 65 74 -68 / 51 67 70 75 <END> 
<S> 53 68 68 74 / 55 62 -68 -74 / 67 -55 -62 -74 / 56 60 -67 -74 / 65 -56 -60 -74 / 55 59 65 68 / 60 64 -55 -68 / 62 -55 -60 -67 / 53 60 -60 -67 / 55 59 -60 -69 / 54 60 69 -59 / 55 59 62 67 / 48 60 64 67 / 58 -48 -64 -67 <END> 
<S> 53 60 68 74 / 50 -60 -68 -74 / 55 67 74 -60 / 59 -55 -67 -74 / 48 63 67 72 / 60 67 74 / 68 72 -60 -67 / 55 67 71 74 / 53 -67 -71 -74 / 51 67 72 75 / 65 -51 -72 -75 / 51 67 72 -65 / 63 -51 -67 -72 <END> 
<S> 60 67 75 / 58 62 -67 -75 / 56 63 72 77 / 55 -63 -72 -77 / 53 62 70 79 / 51 63 -70 -79 / 53 65 72 -70 / 69 -53 -65 -72 / 63 70 79 / 62 -63 -70 -79 / 60 63 68 79 / 58 62 70 77 / 56 -62 -70 -77 <END> 
<S> 53 63 65 68 / 51 63 70 79 / 55 68 71 74 / 53 68 72 74 / 55 67 71 74 / 65 -55 -71 -74 / 56 63 72 / 55 70 -63 -72 / 53 65 68 74 / 55 63 75 -68 / 56 74 -67 -75 <END> 
<S> 56 68 72 75 / 55 -68 -72 -75 / 67 -55 -60 -72 / 53 72 75 -60 / 55 59 67 74 / 56 60 65 -74 / 58 59 67 74 / 56 -59 -67 -74 / 55 67 75 / 53 68 -67 -75 / 55 62 67 74 / 53 -59 -67 -74 / 51 60 67 75 / 53 -60 -67 -75 / 55 60 67 74 / 72 -55 -60 -67 / 43 59 67 74 / 65 -43 -59 -74 <END> 
<S> 56 60 65 68 / 55 -60 -65 -68 / 53 60 68 -60 / 59 -53 -60 -68 / 48 60 67 75 / 72 -48 -60 -75 / 55 -48 74 -60 / 47 62 67 79 / 48 63 67 72 / 53 62 65 -72 / 64 -53 -60 -72 / 55 59 62 67 / 65 -55 -59 -74 / 56 60 63 72 / 55 -60 -63 -72 <END> 
<S> 48 60 67 75 / 51 -60 -67 -75 / 53 68 74 -60 / 55 59 67 -74 / 65 -55 -59 -74 / 48 55 63 72 / 50 58 65 70 / 51 58 63 67 / 56 68 -63 / 55 58 63 70 / 60 63 -55 -70 / 53 56 68 -63 / 51 55 63 -68 / 50 53 58 65 / 58 -50 -53 -65 <END> 
<S> 55 63 70 / 51 58 -63 -70 / 56 63 68 72 / 55 -63 -68 -72 / 53 61 67 70 / 52 -61 -67 -70 / 53 60 67 68 / 55 -60 -67 -68 / 56 60 65 68 / 53 -60 -65 -68 / 60 64 67 / 60 64 67 72 <END> 
<S> 56 60 65 72 / 55 -60 -65 -72 / 53 56 -65 -72 / 46 62 -65 -72 / 51 63 67 70 / 61 -51 -67 -70 / 53 60 68 -67 / 55 59 67 74 / 56 60 65 -74 / 58 60 67 75 / 58 -60 -67 -75 / 53 60 65 68 / 47 -60 -65 -68 <END> 
<S> 60 63 67 / 58 -60 -64 -67 / 56 60 65 72 / 55 67 -60 -72 / 53 65 68 72 / 55 -65 -68 -72 / 57 60 -65 -68 / 58 62 65 -45 / 60 63 -65 / 56 59 62 65 / 55 60 63 72 / 53 56 62 -72 <END> 
<S> 56 60 63 / 55 -56 -60 -63 / 53 56 62 65 / 60 -56 -53 -65 / 52 58 62 67 / 50 53 62 70 / 51 55 63 72 / 53 56 65 72 / 55 63 67 -72 / 62 65 -55 -72 / 60 63 67 -72 / 59 62 67 74 <END> 
<S> 50 62 65 71 / 63 -50 -62 -71 / 55 62 67 70 / 53 -62 -67 -70 / 51 60 67 72 / 48 -60 -67 -72 / 53 65 68 74 / 63 72 -53 -68 / 55 65 70 74 / 63 70 73 79 / 67 -70 -75 -79 / 68 72 75 -63 / 62 70 77 56 <END> 
<S> 51 63 67 72 / 53 -63 -67 -72 / 55 62 67 71 / 56 60 65 72 / 62 -56 -65 -72 / 55 63 67 72 / 54 -63 -67 -72 / 55 62 67 70 / 53 -62 -67 -70 / 51 60 67 -67 / 69 -51 -60 -67 / 50 66 69 46 / 51 -63 -69 <END> 
<S> 55 62 70 -69 / 67 -55 -62 -70 / 50 60 67 69 / 66 -50 -60 -69 / 55 59 67 / 52 60 67 72 / 54 62 69 74 / 55 62 67 70 / 63 66 -55 -70 / 60 66 -66 / 46 62 67 70 / 44 63 69 72 / 66 -63 -69 -72 / 62 65 70 / 60 63 69 / 56 62 71 -69 / 68 -56 -62 -71 <END> 
<S> 54 62 69 74 / 55 -58 -69 -74 / 56 72 -69 / 58 62 67 -72 / 60 63 67 72 / 58 62 74 -67 / 54 63 69 72 / 55 -63 -69 -72 / 54 62 68 71 / 55 -62 -66 -69 / 60 63 67 / 58 62 67 / 56 60 63 72 / 55 67 -63 -72 / 53 56 65 72 / 74 -53 -65 / 55 58 75 / 53 60 68 77 / 46 62 70 -77 <END> 
<S> 53 63 68 72 / 62 65 -68 -72 / 60 63 67 75 / 58 62 -67 -75 / 56 60 72 77 / 55 75 -60 -72 / 53 67 74 -72 / 71 -53 -67 -74 / 51 63 67 72 / 53 65 68 -72 / 55 67 70 -53 / 65 -55 -67 -70 / 56 60 63 72 / 55 58 -63 -72 / 53 56 68 74 / 58 -53 -68 -74 <END> 
<S> 53 68 74 -60 / 55 59 -74 -74 / 56 60 65 -74 / 48 59 67 75 / 53 60 68 74 / 50 59 67 -74 / 51 58 67 74 / 65 -51 -58 -74 / 51 63 67 72 / 62 -51 -67 -72 / 48 60 65 67 / 64 -60 -67 <END> 
<S> 51 63 67 72 / 53 65 68 74 / 55 63 67 -74 / 62 65 -55 -74 / 63 -55 -70 -74 / 53 65 70 72 / 51 -65 -70 -72 / 50 65 70 77 / 51 55 -70 -77 / 53 56 68 77 / 58 75 -53 -68 / 51 56 65 74 / 72 -51 -60 -68 <END> 
<S> 56 63 68 72 / 70 -56 -63 -72 / 55 65 68 72 / 53 74 -65 -68 / 58 64 67 75 / 56 60 -67 -75 / 58 62 65 74 / 68 -58 -62 -74 / 52 60 67 72 / 53 69 -60 -72 / 46 65 70 74 / 53 65 69 72 / 63 -53 -69 -72 / 46 62 65 70 <END> 
<S> 53 57 65 74 / 55 58 -65 -74 / 56 60 72 -65 / 70 -56 -60 -72 / 50 58 65 74 / 68 -50 -58 -74 / 51 58 67 75 / 65 -51 -58 -75 / 63 67 70 75 / 65 68 74 / 63 67 70 / 68 74 -58 -67 <END> 
<S> 53 68 68 74 / 55 62 -68 -74 / 67 -55 -62 -74 / 65 -55 -67 -74 / 48 63 67 72 / 60 63 67 75 / 58 62 67 77 / 60 63 67 75 / 58 62 -67 -75 / 56 60 72 77 / 55 75 -60 -72 / 53 68 74 -72 / 55 67 71 -74 / 65 -55 -71 -74 <END> 
<S> 60 67 75 / 58 -60 -67 -75 / 56 68 75 75 / 55 -68 -75 -75 / 53 68 72 77 / 67 -53 -72 -77 / 69 77 -53 -72 / 55 67 71 75 / 72 -55 -67 -75 / 67 -55 -72 -75 / 71 74 -55 -67 / 65 -55 -71 -74 <END> 
<S> 63 67 72 / 55 65 71 74 / 55 63 67 75 / 62 68 77 -56 / 60 75 -62 -65 / 58 62 70 77 / 51 63 70 79 / 53 63 69 77 / 62 71 -53 -77 / 51 63 72 75 / 53 65 74 -72 / 55 67 71 74 / 56 -67 72 / 66 74 -56 -57 <END> 
<S> 53 68 77 -63 / 53 62 70 -77 / 51 63 79 -70 / 50 65 77 82 / 80 67 -65 -77 / 65 68 75 -77 / 47 67 74 79 / 43 71 -67 -74 / 48 72 -67 / 60 67 68 75 / 51 -67 -68 -75 / 55 67 71 74 / 53 -67 -71 -74 <END> 
<S> 48 67 72 75 / 60 -67 -72 -75 / 67 70 74 / 65 -67 -71 -74 / 63 67 72 / 62 65 70 74 / 60 63 -70 -77 / 62 65 69 77 / 60 75 -65 -69 / 58 65 74 / 56 62 -65 -74 / 55 58 67 74 / 62 77 -55 -58 <END> 
<S> 58 65 70 74 / 60 -65 -70 -74 / 62 65 69 77 / 71 -62 -65 -77 / 63 67 72 79 / 65 71 79 / 63 67 72 79 / 74 -67 -70 -79 / 56 72 77 -70 / 58 62 70 -77 / 68 -58 -62 -77 / 51 58 67 75 / 48 60 69 75 / 46 65 70 74 <END> 
<S> 56 63 72 77 / 58 62 70 -77 / 68 -58 -62 -77 / 51 67 75 -58 / 48 60 69 75 / 55 58 70 -75 / 56 60 72 77 / 62 -56 -72 -77 / 55 63 72 79 / 53 68 -72 -79 / 58 67 74 77 / 47 67 -74 -77 / 48 67 72 75 <END> 
<S> 53 68 74 77 / 72 75 -53 -68 / 55 62 71 74 / 63 67 -55 -71 / 65 -55 -67 -71 / 48 63 67 72 / 60 63 72 79 / 58 -63 -72 -79 / 56 64 72 79 / 55 62 71 -79 / 53 65 81 -70 / 74 -53 -65 / 75 -53 -65 -74 / 58 65 74 / 70 -58 -65 -74 / 60 65 72 -58 / 62 -60 -65 -72 <END> 
<S> 60 63 72 79 / 53 63 72 80 / 55 79 -72 -79 / 56 60 -72 -79 / 58 62 70 77 / 68 -58 -62 -77 / 60 63 67 75 / 53 65 68 74 / 63 72 -53 -68 / 55 62 67 70 / 65 -55 -70 / 56 60 64 72 / 74 -60 -60 -64 <END> 
<S> 56 63 68 72 / 62 -56 -68 -72 / 55 61 64 67 / 53 60 65 68 / 48 60 64 67 / 45 60 65 75 <END> 
<S> 50 65 70 74 / 48 -65 -70 -74 / 55 63 70 79 / 62 77 -70 / 56 60 72 75 / 55 -60 -72 -75 <END> 
<S> 48 60 67 75 / 55 67 74 -60 / 59 -55 -67 -74 / 0 / 47 67 74 79 / 65 -47 -74 -79 <END> 
<S> 55 60 67 75 / 62 74 -55 -60 / 59 -55 -62 -74 / 56 60 63 72 / 65 -56 -60 -72 / 50 62 65 71 / 68 -50 -62 -71 <END> 
<S> 68 72 77 -57 / 59 62 67 -77 / 60 64 67 75 / 72 -60 -67 -75 / 55 67 72 74 / 53 -67 -72 -74 / 51 67 71 74 / 65 72 -71 -74 <END> 
<S> 51 60 67 75 / 53 -60 -67 -75 / 55 74 -60 -68 / 59 67 -55 -74 / 0 / 47 67 74 / 65 -47 -55 -74 / 48 63 67 70 / 62 -48 -67 -70 / 50 60 67 72 / 58 -67 -50 -67 <END> 
<S> 48 63 67 72 / 60 -63 -67 -72 / 55 67 74 -72 / 71 -55 -67 -74 / 65 -55 -71 -74 / 56 63 72 / 55 -63 -72 / 53 68 74 -72 / 65 -53 -72 -74 / 55 62 71 -74 / 67 -55 -71 -74 / 65 -55 -71 -74 <END> 
<S> 59 67 68 74 / 65 -59 -67 -74 / 60 67 75 / 62 74 -67 -60 / 63 -62 -67 -74 / 60 65 72 75 / 74 -60 -63 -72 / 58 65 74 / 60 75 -65 -74 / 58 70 75 77 / 74 -58 -70 -77 / 67 70 75 -62 / 48 -67 -70 -75 <END> 
<S> 58 63 75 79 / 51 -63 -75 -79 / 58 70 75 77 / 68 -58 -75 -77 / -58 -58 -70 -77 / 60 68 72 75 / 70 -60 -68 -72 / 53 68 72 74 / 55 71 -68 -74 / 56 64 73 50 <END> 
<S> 53 68 72 74 / 55 67 71 -74 / 65 -55 -71 -74 / 48 63 67 72 / 55 62 70 77 / 53 -62 -70 -77 / 51 63 70 79 / 72 -51 -60 -79 / 58 67 74 77 / 68 -58 -74 <END> 
<S> 53 68 77 -63 / 58 62 70 -77 / 51 63 79 -70 / 67 72 -51 -79 / 68 77 -51 -72 / 50 70 -68 -77 / 51 70 75 -68 / 55 67 -70 -75 <END> 
<S> 70 75 -51 -67 / 50 65 -67 -70 / 51 67 72 / 53 -67 -72 -75 / 55 67 71 74 / 55 62 71 79 <END> 
<S> 58 62 65 74 / 56 60 65 74 / 55 59 67 74 / 53 -59 -67 -74 / 51 60 68 50 / 58 -60 -68 -75 / 48 60 67 75 <END> 
<S> 48 63 68 72 / 50 65 -68 -72 / 51 67 70 / 50 65 -67 -70 / 63 -50 -67 -72 / 55 62 67 71 / 55 59 62 67 <END> 
<S> 48 63 67 / 55 -51 -67 -67 / 56 60 67 72 / 65 -60 -72 / 63 -56 -60 -72 / 55 62 70 -60 / 55 59 62 -70 / 53 57 67 72 / 51 -57 -67 -72 <END> 
<S> 55 62 67 71 / 53 -62 -67 -71 / 51 60 67 72 / 48 -60 -67 -72 / 55 60 67 74 / 59 -55 -67 -74 / 56 60 63 72 / 65 74 -56 -60 / 58 67 72 / 53 68 74 -72 / 55 67 71 -74 / 65 -55 -71 -74 <END> 
<S> 56 60 65 72 / 55 67 -60 -72 / 53 65 68 72 / 74 -53 -65 -68 / 75 67 -65 / 58 65 74 77 / 75 -55 -65 -74 / 55 62 70 77 / 53 -62 -70 -77 / 51 63 70 79 / 65 -51 -70 -79 / 51 67 72 75 / 48 -67 -72 -75 <END> 
<S> 55 58 70 75 / 53 56 -70 -75 / 58 -53 -70 -75 / 51 56 72 77 / 70 -51 -58 -77 / 56 60 72 75 / 55 70 -60 -75 / 53 68 72 80 / 56 74 -53 -68 / 55 67 71 -74 / 55 72 -67 / 65 -55 -72 / 48 55 64 -72 / <END> 
<S> 53 68 72 74 / 55 75 -68 -74 / 56 65 71 77 / 55 -65 -70 -77 / 53 63 70 79 / 62 77 -48 -70 / 56 60 72 75 / 55 70 -60 -75 / 53 68 74 -60 / 59 67 -53 -74 / 51 63 67 72 / 56 65 72 74 / 55 67 70 75 <END> 
<S> 53 68 74 -60 / 55 75 -60 -68 / 56 59 65 74 / 60 -56 -65 -74 / 55 59 67 76 / 60 -55 -67 -76 / 43 59 67 74 / 55 59 67 75 / 60 -55 -67 -75 / 55 62 67 74 / 53 59 62 68 / 51 60 63 -68 / 56 65 -60 -63 <END> 
<S> 55 59 67 74 / 62 77 -55 -59 / 56 60 63 72 / 55 59 67 -63 / 57 60 -55 -67 / 50 62 65 / 59 -50 -65 -71 / 51 62 67 71 / 50 -62 -67 -71 / 48 62 67 72 / 60 -48 -67 -72 / 55 67 74 -60 / 59 -55 -67 -74 / 53 60 67 68 / 65 -53 -60 -68 <END> 
<S> 51 63 67 72 / 53 -63 -67 -72 / 55 62 67 71 / 48 60 67 75 / 55 59 67 74 / 68 71 -55 -74 / 56 67 51 72 / 65 70 -56 -72 / 53 68 72 74 / 55 67 71 -74 / 65 -55 -71 -74 / 48 63 67 72 / 50 58 70 77 <END> 
<S> 53 60 68 74 / 55 -60 -68 -74 / 56 60 -68 -74 / 59 -56 -60 -77 / 72 -48 -56 -77 / 50 53 65 74 / 55 58 -65 -74 / 56 -55 -65 -74 / 48 55 63 72 / 50 53 58 70 / 51 55 67 70 / 53 60 68 -67 / 55 59 67 74 / 56 60 65 -74 / 59 58 67 74 / 57 60 -67 -74 <END> 
<S> 51 56 72 -68 / 55 -51 -68 -72 / 67 70 -55 -60 / 53 60 68 -67 / 55 60 67 -60 / 59 62 -55 -67 / 56 60 65 72 / 74 -56 -60 -65 / 51 60 67 75 / 53 -60 -67 -75 / 55 60 67 74 / 59 -55 -67 -74 / 48 63 67 72 / 60 66 69 72 <END> 
<S> 56 60 63 72 / 55 -60 -63 -72 / 53 65 68 72 / 55 63 67 -72 / 56 65 -67 -72 / 58 65 74 / 68 -58 -74 / 48 67 72 75 / 50 -67 -72 -75 / 51 67 72 75 / 53 -67 -72 -75 / 55 67 70 75 / 56 60 68 77 / 58 62 -68 -77 / 60 63 67 75 / 69 -60 -63 -75 <END> 
<S> 48 67 72 75 / 60 -67 -72 -75 / 58 67 70 74 / 56 -58 -67 -74 / 55 58 67 75 / 53 68 77 -58 / 51 63 67 79 / 50 65 68 -79 / 51 67 70 79 / 48 -67 -70 -79 / 50 65 70 77 / 62 -50 -70 -77 / 51 67 70 75 / 53 69 72 -75 / 55 70 74 79 / 56 72 -70 65 <END> 
<S> 51 67 72 75 / 53 -67 -72 -75 / 55 67 71 74 / 65 -55 -71 -74 / 56 63 72 / 70 -56 -63 -72 / 55 65 68 74 / 53 75 -65 -68 / 77 -53 -65 -68 / 55 59 67 75 / 60 -55 -67 -75 / 58 62 65 74 / 56 60 -65 -74 / 55 58 67 75 / 53 68 77 -58 / 46 61 70 74 <END> 
<S> 56 63 65 72 / 53 65 68 72 / 63 -53 -68 -72 / 55 62 67 71 / 65 -55 -62 -71 / 48 60 63 67 / 58 -48 -63 -67 / 53 56 65 / 58 -53 -65 / 60 64 -53 -65 / 50 65 70 -60 / 59 -50 -65 -70 / 45 60 65 -70 / 53 60 65 69 / 51 -60 -65 -69 <END> 
