<S> 51 55 60 / 50 -55 -60 / 48 55 62 / 47 -55 -62 / 48 55 62 63 / 50 -55 -62 -63 / 51 60 -55 -63 / 48 -55 -60 -63 / 43 55 59 62 / 46 55 62 67 / 45 -55 -62 -67 / 43 62 69 / 42 -62 -69 <END> 
<S> 43 55 59 63 / 0 / 43 55 59 62 / 48 55 60 63 / 53 56 60 65 / 53 55 59 62 / 57 -53 -59 -62 / 50 58 60 65 / 53 58 62 / 43 53 -58 -62 <END> 
<S> 55 58 62 / 53 56 -58 -62 / 55 58 62 / 53 56 60 / 51 55 -56 -60 / 51 56 60 -51 / 50 53 -56 -60 / 55 51 62 / 50 -43 -62 -65 / 48 55 63 -62 / 60 -48 -55 -63 / 43 55 58 62 / 50 53 59 67 <END> 
<S> 50 51 58 67 / 55 -51 -50 -67 / 50 53 57 69 / 58 -50 -53 -69 / 51 55 60 67 / 53 58 -55 -67 / 55 60 63 67 / 43 58 65 / 57 -46 -62 -65 / 46 58 62 65 / 58 -46 -62 -65 / 39 55 60 67 / 58 -39 -55 -67 / 41 -55 -58 -60 / 52 55 59 / 53 60 -48 -63 / 50 58 63 / 56 -50 -58 -50 <END> 
<S> 45 53 60 65 / 63 -45 -53 -60 / 46 53 62 -60 / 58 -46 -53 -62 / 53 -43 -53 -58 / 55 51 60 -43 / 57 -55 -60 -63 / 55 59 62 -55 / 53 55 60 63 / 53 -55 -60 -63 / 55 59 62 / 43 53 -59 -62 / 48 51 55 60 / 60 -48 -55 -60 <END> 
<S> 55 59 62 / 51 55 60 63 / 48 -55 -60 -63 / 50 53 55 -60 / 58 -50 -53 -55 / 52 53 60 -55 / 53 -43 -60 / 55 59 -53 -62 / 57 -53 -55 -60 / 58 50 62 / 56 59 -50 -62 / 50 55 62 67 / 54 -50 -62 -67 / 43 55 62 67 <END> 
<S> 50 53 57 62 / 58 -50 -53 -62 / 48 55 60 63 / 46 -55 -60 -63 / 44 53 60 65 / 43 55 -60 -65 / 41 56 60 -60 / 63 -41 -56 -60 / 65 -41 -56 -60 / 43 55 59 62 / 53 -43 -59 -62 / 48 51 55 60 / 48 51 55 60 / 46 -51 -55 -60 / 44 48 60 63 / 43 50 58 -60 / <END> 
<S> 41 60 60 62 / 43 55 -60 -62 / 53 -43 -60 -62 / 44 59 -53 -62 / 36 51 60 63 / 48 51 60 -60 / 51 -48 -60 -63 / 50 58 62 65 / 51 58 63 67 / 53 60 65 68 / 62 -53 -60 -68 / 55 58 63 67 / 56 60 -63 -67 / 58 62 65 / 56 63 -58 -65 / 59 62 -56 -65 <END> 
<S> 51 58 63 67 / 50 -58 -63 -67 / 48 60 63 67 / 46 -60 -63 -67 / 44 51 60 67 / 58 -44 -51 -67 / 53 56 60 68 / 51 55 -60 -68 / 50 58 65 70 / 46 62 -65 -70 / 51 58 67 <END> 
<S> 53 60 65 68 / 51 -60 -65 -68 / 50 62 65 70 / 58 -62 -65 -70 / 56 62 65 / 55 -56 -65 / 51 55 63 67 / 61 -51 -55 -67 / 48 60 63 68 / 50 58 65 -68 / 51 58 67 -65 / 63 -51 -58 -67 <END> 
<S> 44 60 65 72 / 41 -60 -65 -72 / 46 62 67 70 / 65 -46 -62 -70 / 56 63 70 / 61 66 -57 -63 / 60 60 65 68 / 62 -60 -65 -68 / 60 63 67 / 58 -60 -67 -75 / 56 60 65 77 / 53 -60 -65 -77 / 58 62 70 77 / 46 -62 -70 -77 <END> 
<S> 58 60 65 67 / 68 -60 -65 / 63 67 70 / 57 65 -67 -74 / 58 65 67 74 / 53 -58 -65 -74 / 48 63 67 72 / 50 62 66 74 / 47 62 67 74 / 48 63 67 75 / 68 -48 -63 -75 <END> 
<S> 55 63 67 70 / 53 62 65 -70 / 51 63 67 -70 / 69 -51 -63 -67 / 50 62 65 70 / 51 60 67 -70 / 53 60 69 -60 / 55 59 -60 -69 / 57 60 67 72 / 58 64 67 / 65 74 -57 -67 / 55 67 70 75 / 53 -67 -70 -75 <END> 
<S> 54 60 62 69 / 55 62 67 71 / 50 62 65 71 / 51 60 67 72 / 53 59 62 -72 / 52 60 67 72 / 50 65 -67 -72 / 48 67 72 75 / 60 68 74 77 <END> 
<S> 53 60 68 74 / 50 -60 -68 -74 / 55 59 67 74 / 65 -55 -59 -74 / 48 55 63 72 / 48 63 67 79 <END> 
<S> 48 60 68 75 / 55 67 70 74 / 56 63 72 77 / 53 -63 -72 -77 / 58 62 70 77 / 51 67 70 75 <END> 
<S> 53 72 80 -63 / 62 -53 -72 -80 / 55 63 70 79 / 57 77 -63 / 58 62 65 77 / 67 -58 -62 -77 / 60 68 -58 -77 / 74 -58 -68 -68 <END> 
<S> 54 63 69 72 / 55 62 70 70 / 51 63 67 70 / 53 60 65 68 / 46 58 62 68 / 56 -46 -62 -65 / 47 55 62 67 <END> 
<S> 51 63 67 70 / 48 -63 -67 -70 / 44 60 68 72 / 46 -60 -68 -72 / 48 67 75 -72 / 53 68 74 74 / 55 59 67 74 / 65 -55 -59 -74 <END> 
<S> 46 62 65 77 / 67 -46 -62 -77 / 48 67 75 -62 / 60 -48 -67 -75 / 50 60 65 74 / 59 -50 -65 -74 / 51 60 67 75 / 53 60 68 77 / 55 62 -68 -77 / 56 60 63 72 / 65 74 -56 -60 <END> 
<S> 56 60 63 72 / 55 -60 -63 -72 / 53 68 74 -60 / 58 67 -53 / -46 -55 -58 -74 / 47 56 65 74 / 47 55 65 74 / 62 -47 -65 -77 / 48 60 64 75 / 58 -48 -60 -76 / 53 56 60 65 / 53 75 -53 -60 <END> 
<S> 48 63 67 72 / 50 65 70 74 / 51 67 72 / 70 -51 -67 -72 / 53 60 65 69 / 51 -60 -65 -69 / 50 58 65 70 / 46 62 -65 -70 / 51 58 63 67 / 62 -51 -58 -67 / 48 60 63 68 / 50 58 65 -68 <END> 
<S> 58 65 -63 / 62 -58 -65 / 63 67 -58 -58 / 57 60 65 -51 / 50 58 62 -65 / 51 58 63 67 / 50 58 65 70 / 48 60 63 69 / 46 62 65 70 / 51 67 -65 -70 / 63 -51 -67 -70 / 50 65 69 77 / 71 -50 -65 -77 / 52 67 72 75 / 53 -67 -72 -75 <END> 
<S> 51 58 65 67 / 50 -58 -65 -67 / 48 60 63 68 / 50 -60 65 -68 / 51 58 63 67 / 53 68 -58 -63 / 55 62 70 -58 / 56 63 72 -70 / 65 68 -56 -72 / 47 67 68 74 / 65 -47 -68 -74 / 48 67 72 75 / 53 -67 -72 -75 / 55 67 71 74 / 65 -55 -71 -74 <END> 
<S> 55 63 70 75 / 56 68 -63 -75 / 58 61 67 74 / 65 -58 -70 / 48 63 67 72 / 56 63 72 / 55 58 65 74 / 53 -58 -63 -74 / 51 58 70 75 / 55 -68 -70 -75 / 68 72 -55 -75 / 53 67 74 -72 / 51 70 75 79 / 58 70 74 77 / 68 -58 -74 -77 / 70 -58 -74 -77 / 72 -58 -70 -77 <END> 
<S> 55 67 70 75 / 56 72 -67 -75 / 55 68 74 77 / 53 -68 -74 -77 / 60 67 70 76 / 53 60 69 72 / 46 53 65 70 / 48 58 67 75 / 50 74 -48 -67 / 51 67 72 75 / 53 -67 -72 -75 / 55 67 71 74 / 72 -55 -67 -74 <END> 
<S> 48 63 67 72 / 50 65 -67 -72 / 51 67 72 -67 / 53 -67 -67 -72 / 51 60 -67 -72 / 53 57 -67 -72 / 54 62 69 74 / 55 58 67 75 / 57 60 -67 -75 / 58 62 65 74 / 67 75 -58 -62 / 56 60 63 72 / 65 74 -56 -60 / 55 67 71 75 / 56 74 -67 -75 / 65 -56 -71 -77 / 51 63 67 79 / 60 -51 -67 -79 <END> 
<S> 60 63 67 75 / 62 -60 -67 -75 / 56 60 65 75 / 58 -60 -65 -75 / 53 60 65 68 / 55 59 67 -65 / 63 -55 -67 -74 / 56 60 65 75 / 58 -56 -63 -75 / 56 63 68 72 / 55 63 70 53 / 56 68 72 75 / 53 68 74 77 / 55 67 71 75 <END> 
<S> 57 60 65 72 / 58 65 74 / 56 -58 -65 -74 / 55 67 70 75 / 51 -67 -70 -75 / 53 65 68 74 / 63 67 70 / 65 69 -63 / 63 67 70 -56 / 65 -67 -70 / 50 63 67 70 / 62 65 -67 -70 / 60 63 67 70 / 58 -60 -67 -75 / 56 60 72 77 / 58 74 79 -77 / 60 67 72 75 / 58 65 74 -75 <END> 
<S> 46 65 70 74 / 68 -46 -65 -74 / 48 63 67 75 / 67 -48 -60 -75 / 53 65 68 72 / 63 74 -53 -68 / 59 67 74 -53 / 52 67 72 / 48 65 67 72 / 60 -48 -67 -72 / 53 60 65 68 -44 <END> 
<S> 48 63 68 72 / 67 -48 -63 -74 / 50 65 70 77 / 68 -50 -65 -77 / 51 67 79 -65 / 63 -51 -67 -79 / 60 67 75 / 58 -67 -75 / 56 60 72 77 / 55 70 -60 -77 / 53 65 72 80 / 74 -53 -65 -80 / 55 58 75 79 / 56 -58 -75 -79 / 58 70 74 77 / 68 -58 -74 -77 <END> 
<S> 53 60 72 77 / 55 70 -60 -77 / 56 65 72 77 / 63 -56 -72 -77 / 58 62 70 77 / 68 -58 -62 -77 / 59 62 67 79 / 60 67 75 / 55 59 67 74 / 65 -55 -59 -74 / 56 60 63 72 / 55 -60 -63 -72 / 53 60 68 77 / 62 -53 -68 -77 / 60 63 67 75 / 65 69 74 -60 <END> 
<S> 60 67 76 / 55 -60 -67 -76 / 53 60 69 75 / 55 67 71 74 / 56 72 -67 / 60 65 -56 -72 / 55 59 67 74 / 55 67 71 75 / 60 67 72 75 / 62 65 70 77 / 63 70 79 / 62 -63 -70 -79 / 60 63 72 79 / 58 -63 -72 -79 <END> 
<S> 60 63 67 75 / 62 -60 -67 -75 / 54 60 69 75 / 55 67 71 74 / 60 67 72 75 / 65 68 74 -72 / 63 70 75 79 / 68 -63 -75 -79 / 67 72 75 -63 / 62 -67 -72 -75 / 60 67 72 75 / 58 -67 -72 -75 <END> 
<S> 63 67 70 75 / 65 69 -63 / 63 67 70 / 62 -60 -67 / 60 63 67 / 59 -60 -67 / 57 60 65 / 58 -60 -65 / 60 67 75 -60 / 59 -60 -67 -75 / 53 56 65 72 / 51 58 -65 -72 / 56 60 65 -72 / 55 58 67 74 <END> 
<S> 60 63 68 / 56 60 65 / 63 -56 -60 / 55 56 61 70 / 53 68 -60 -71 / 52 67 -60 -70 / 53 60 68 -67 / 65 -53 -60 -68 / 48 60 65 67 / 63 -48 -60 -67 / 53 57 60 72 / 62 -53 -57 -72 / 55 63 71 / 62 -55 -65 <END> 
<S> 53 60 65 69 / 51 -60 -65 -69 / 50 58 65 70 / 46 62 -65 -70 / 48 60 63 -70 / 53 62 65 69 / 63 -53 -62 -69 / 46 62 62 70 / 51 63 -62 -70 / 50 62 65 -70 / 48 60 63 67 / 60 64 67 <END> 
<S> 63 -39 -58 -70 / 62 -43 -58 -63 / 60 -46 -58 -63 / 55 58 62 -46 / 55 67 70 -51 / 68 -55 -58 -67 / 44 60 63 72 / 53 65 74 -72 / 51 63 67 72 / 50 65 68 74 / 48 63 67 72 / 53 56 65 74 / 51 55 67 70 / 50 58 65 68 <END> 
<S> 53 60 65 68 / 51 67 -60 -65 / 53 59 68 74 / 62 -53 -68 -74 / 55 63 67 72 / 62 65 -55 -72 / 43 60 63 70 / 59 -43 -63 -68 / 45 60 65 -63 / 47 62 -65 -65 / 48 63 67 -65 / 60 64 67 <END> 
<S> 43 60 63 -67 / 58 62 -48 -67 / 45 53 60 65 / 46 63 -53 -60 / 59 62 -44 -53 / 48 60 -53 -59 / 41 53 62 -60 / 51 -41 -60 -62 / 43 50 59 65 / 44 51 60 67 / 50 53 58 65 / 51 54 57 -65 / 46 58 62 65 <END> 
<S> 48 51 60 68 / 50 53 58 -68 / 51 67 -58 / 46 65 -51 -67 / 50 65 72 -58 / 63 -50 -55 -69 / 55 62 70 -55 / 53 -55 -62 -70 / 48 55 63 72 / 50 -55 -63 -72 / 51 55 62 67 / 53 60 69 -67 / 55 62 -60 -69 / 59 67 -55 -62 <END> 
<S> 51 55 62 71 / 50 55 -62 -71 / 51 55 62 72 / 48 71 -55 -62 / 50 55 62 69 / 54 -50 -62 -69 / 60 -50 -54 -69 / 43 50 59 67 / 48 51 60 67 / 46 50 -60 -67 / 51 55 67 72 / 48 60 -67 -72 <END> 
<S> 47 55 62 67 / 48 55 63 69 / 50 62 65 70 / 51 60 67 -70 / 53 60 65 69 / 51 -60 -65 -69 / 50 65 -60 -69 / 48 63 67 -57 / 50 62 -48 -67 / 60 48 60 67 <END> 
<S> 55 58 62 70 / 53 56 -62 -70 / 51 55 63 70 / 53 -55 -63 -70 / 55 60 63 70 / 48 -55 -60 -70 / 50 58 65 70 / 53 62 68 / 51 55 67 70 / 48 60 63 -67 / 50 58 65 68 / 51 58 63 67 <END> 
<S> 53 60 68 -67 / 55 58 67 -53 / 56 60 65 -68 / 58 65 -48 -65 / 56 60 -65 -68 / 55 61 64 67 / 41 60 65 68 / 61 67 -41 -65 / 48 60 64 67 / 58 -48 -64 -67 / 53 56 60 65 / 55 59 62 67 / 53 -59 -62 -67 <END> 
<S> <END> 
<S> 38 57 65 72 / 59 62 67 -53 <END> 
<S> 50 62 65 / 52 60 67 <END> 
<S> 50 62 65 71 / 52 60 67 72 / 62 -52 -67 -72 <END> 
<S> 53 60 69 / 52 55 60 -60 / 50 53 59 62 / 55 -47 -62 <END> 
<S> 53 57 62 / 59 -53 -57 -62 / 52 55 60 -59 / 53 57 60 -60 / 55 59 62 / 43 53 59 -62 / 48 52 55 60 / 47 55 62 67 <END> 
<S> 48 55 62 65 / 47 -55 -62 -65 / 48 55 60 64 / 58 -48 -55 -64 / 43 55 58 62 / 53 -43 -58 -62 / 52 55 58 60 / 53 57 62 -60 / 55 59 -53 -62 / 57 60 -55 -62 / 43 55 59 62 / 55 -55 -59 -64 <END> 
<S> 50 57 62 66 / 55 59 62 67 / 54 57 62 69 / 52 62 65 -69 / 50 -62 -65 -69 / 49 64 67 / 48 57 64 -67 / 50 55 62 69 / 54 62 -50 -69 / 67 -50 -62 / 60 69 -50 -62 / 55 59 62 67 / 52 60 64 72 / 50 65 -60 -72 <END> 
<S> 50 57 62 69 / 55 62 71 / / 52 55 67 72 / 48 52 -67 -72 / 50 62 66 -72 / 52 60 -66 -69 / 50 57 66 69 / 55 62 67 71 / 52 60 67 72 / 64 -52 -67 -72 / 62 66 69 -51 / 71 -62 -66 -69 / 50 59 67 -69 / 62 -50 -67 -71 <END> 
<S> 52 60 67 72 / 50 62 -67 -72 / 48 64 67 69 / 47 62 67 -69 / 45 60 64 69 / 48 59 -64 -69 / 52 57 67 72 / 50 -57 -67 -72 / 52 55 67 71 / 50 -55 -67 -71 / 48 55 64 67 / 50 62 65 -69 / 60 -50 -66 -69 / 55 59 62 67 / 60 64 67 72 <END> 
<S> 48 64 69 -67 / 50 62 66 -69 / 60 -50 -66 -69 / 43 59 62 67 / 52 58 60 67 / 50 57 62 65 / 52 58 61 67 / 60 -52 -61 / 53 60 62 -48 / 55 59 -53 -62 / 52 55 60 -55 / 53 57 -55 -60 / 55 59 62 / 43 -55 -59 -62 <END> 
<S> 50 55 62 71 / 52 55 -62 -71 / 60 -55 -52 -71 / 50 59 67 71 / 52 60 64 69 / 57 60 65 72 / 55 59 67 / 55 60 67 76 / 53 -60 -67 -76 / 55 59 74 -67 / 65 -55 -59 -74 / 48 55 64 72 / 53 60 69 72 / 52 -60 -69 -72 / 50 65 -69 -77 / 48 67 76 -65 / 47 76 -67 -76 / 48 72 77 -76 <END> 
<S> 55 60 64 72 / 53 74 -60 -72 / 52 60 67 72 / 65 -52 -60 -72 / 52 60 67 / 58 74 -60 -67 / 65 -55 -59 -67 / 48 60 64 67 / 58 -48 -64 -67 / -79 60 81 -67 / 69 -60 -63 / 58 62 67 70 / 57 60 69 76 / 55 60 64 -69 / 53 59 62 67 <END> 
<S> 60 67 76 / 62 -60 -67 -76 / 48 60 64 79 / 50 60 64 -79 / 52 60 67 79 / 50 65 69 74 / 59 67 74 76 / 77 -59 -67 -74 / 60 67 76 -74 / 72 -60 -67 -76 / 55 67 71 74 / 53 -67 -71 -74 / 52 67 72 76 / 57 -67 -72 -76 <END> 
<S> 67 71 74 / 65 69 -71 -74 / 64 67 71 76 / 73 -64 -67 -76 / 62 69 74 77 / 73 -62 -69 -77 / 56 71 74 -69 / 55 64 71 76 / 50 69 74 77 / 52 67 73 76 / 53 69 74 -72 / 50 -69 -72 -74 / 55 67 71 74 / 65 -55 -71 -74 <END> 
<S> 57 64 69 72 / 65 69 74 -57 / 55 64 70 76 / 53 65 69 74 / 52 67 70 76 / 77 -52 -67 -70 / 53 60 69 77 / 62 -53 -69 -77 / 60 64 67 79 / 65 69 -60 -76 / 59 67 71 74 / 60 76 -67 -71 <END> 
<S> 53 60 69 81 / 55 71 -60 -65 / 57 60 72 76 / 59 74 -57 -76 / 57 60 72 76 / 55 74 -72 / 64 67 72 -55 / 53 65 69 -72 / 52 64 67 71 / 65 -52 -64 -67 / 45 64 72 -58 / 57 -45 -64 -72 / 47 56 62 71 / 64 69 -55 -71 / 65 -55 -62 -71 / 60 64 67 69 / 59 62 -67 -69 <END> 
<S> 54 57 69 74 / 50 -57 -69 -74 / 52 64 -69 -74 / 54 62 -69 -72 / 55 62 71 -69 / 67 -55 -62 -71 / 50 62 69 69 / 66 -50 -62 -69 / 55 59 62 67 / 52 60 64 67 / 54 60 69 -64 / 62 -54 -60 -69 / 55 59 62 71 / 52 57 60 -71 / 69 -52 -55 -60 / 54 62 -45 -60 -72 / 50 59 62 67 <END> 
<S> 50 62 66 71 / 69 -50 -62 -66 / 43 59 62 67 / 48 60 64 69 / 47 -60 -64 -69 / 48 60 64 67 / 58 -48 -64 -67 / 50 53 57 69 / 59 -50 -53 -69 / 52 60 64 67 / 50 53 -64 -67 / 52 55 62 67 / 48 -55 -62 -67 / 50 55 62 69 / 38 54 62 -69 / 43 59 62 67 <END> 
<S> 50 55 62 69 / 54 -50 -62 -69 / 43 59 62 67 / 52 55 60 79 / 57 60 66 / 59 -57 -66 -74 / 57 60 64 72 / 55 62 71 / 53 -62 -67 -71 / 52 60 67 72 / 50 65 69 74 / 71 -50 -65 -74 / 48 67 72 76 / 50 77 -67 -72 / 52 79 -67 -72 / 53 69 77 -72 <END> 
<S> 57 60 64 72 / 55 59 -64 -72 / 53 57 69 72 / 52 -67 -72 / 50 65 74 -72 / 64 -50 -72 -74 / 43 62 71 74 / 55 67 71 79 / 48 67 72 77 <END> 
