<S> 46 55 60 64 / 45 57 60 66 / 43 50 59 67 / 47 55 62 67 / 48 55 64 -62 / 60 -48 -55 -64 / 43 62 -55 -60 / 59 -43 -55 -62 / 53 -43 -59 -62 / 36 52 55 60 / 48 52 55 60 <END> 
<S> 48 55 64 -62 / 47 -55 -62 -64 / 45 57 60 69 / 43 -57 -60 -69 / 59 50 62 71 / 48 55 64 72 / 52 55 -64 -72 / 71 -52 -64 -72 / 54 69 -55 -72 / 55 62 67 71 / 48 64 67 69 / 50 62 66 -69 / 60 -50 -66 -69 / 55 59 62 67 <END> 
<S> 52 55 72 -64 / 54 57 -64 -72 / 55 59 62 71 / 52 64 67 -71 / 50 62 66 69 / 62 -50 -62 -69 / 43 62 67 71 / 53 -43 -62 -71 / 52 55 72 72 / 54 -55 -64 -72 / 55 62 71 / 59 -55 -62 -74 / 52 60 67 72 / 50 62 -67 -72 / 48 64 67 -72 / 50 62 -67 -72 / 55 62 67 71 / 53 -62 -67 -71 <END> 
<S> 53 62 65 69 / 47 -53 -65 -69 / 48 60 64 69 / 58 -48 -64 -69 / 45 57 64 72 / 59 -45 -64 -72 / 42 57 62 72 / 42 57 62 72 / 43 55 62 71 / 45 54 69 72 / 47 67 74 / 43 67 71 76 / 50 69 -67 -76 / 52 67 72 77 / 53 76 -67 -72 <END> 
<S> 59 62 67 74 / 60 64 -67 -74 / 66 72 -60 / 55 67 -60 -72 / 53 59 62 71 / 55 -53 -62 -71 / 52 55 60 72 / 54 57 62 -72 / 55 58 62 70 / 64 -55 -58 -70 / 45 60 65 69 / 46 62 67 70 / 48 -62 -67 -70 <END> 
<S> 53 57 62 69 / 50 -53 -62 -69 / 55 59 62 71 / 64 -55 -59 -71 / 57 60 64 72 / 59 62 74 -72 / 60 64 67 76 / 57 72 77 -64 / 59 62 74 79 / 60 64 72 76 / 65 -60 -72 -76 / 55 67 72 74 / 62 -55 -72 -74 / 43 71 74 -67 / 62 -43 -71 -74 <END> 
<S> 59 64 74 79 / 57 60 72 76 / 77 -57 -60 -72 / 59 76 79 -53 / 60 77 -59 / 52 60 67 79 / 53 -60 -67 -79 / 55 59 67 74 / 52 60 67 79 / 50 60 65 77 / 59 -50 -65 -77 / 52 60 67 76 / 53 -60 -67 -76 / 55 59 67 74 / 65 -55 -59 -74 <END> 
<S> 55 59 67 74 / 53 -59 -67 -74 / 52 59 68 76 / 50 -59 -59 -74 / 48 57 60 64 / 55 59 62 67 / 53 -59 -62 -67 / 52 60 67 72 / 59 -52 -67 -72 / 53 60 69 72 / 52 62 67 71 / 50 -62 -67 -71 / 52 60 67 72 / 53 -60 -67 -72 / 52 60 67 72 / 50 65 69 74 / 71 -50 -65 -74 / 48 67 72 76 / 50 74 77 -67 / 52 67 72 76 / 53 -67 -72 -76 <END> 
<S> 52 60 67 72 / 50 65 69 74 / 71 -50 -65 -74 / 48 67 72 76 / 60 74 77 -48 / 76 79 -48 -60 / 53 59 74 77 / 60 72 76 -53 / 55 67 71 74 / 56 64 71 76 / 57 64 71 72 / 59 -64 -71 -72 / 60 64 69 72 / 62 71 -64 -69 / 64 68 -69 / 61 -64 -69 <END> 
<S> 59 67 74 77 / 60 67 76 -74 / 72 -60 -67 -76 / 55 67 72 74 / 71 -55 -67 -74 / 0 / 55 67 71 74 <END> 
<S> 50 65 69 74 / 71 -50 -65 -74 / 48 67 72 76 / 52 -67 -72 -76 / 55 67 74 -72 / 67 -55 -72 -74 / 71 -55 -67 -74 / 65 -55 -59 -74 / 48 55 64 72 / 60 64 67 72 <END> 
<S> 55 67 70 / 64 69 -55 -67 / 54 62 69 -69 / 55 62 67 70 / 53 -62 -67 -70 / 52 60 67 72 / 53 -60 -67 -72 / 52 55 67 72 / 50 62 -67 -72 / 48 64 67 72 / 45 -64 -67 -72 / 55 62 67 71 / 53 -62 -67 -71 <END> 
<S> 52 60 67 72 / 53 62 -67 -72 / 52 64 67 71 / 50 65 -67 -71 / 48 64 67 72 / 62 -48 -67 -72 / 55 60 67 74 / 59 -55 -67 -74 / 48 64 67 72 / 60 64 67 72 / 59 -64 -67 -72 <END> 
<S> 48 60 67 76 / 72 -48 -67 -76 / 55 67 71 74 / 47 -67 -71 -74 / 48 64 67 72 / 62 65 -67 -72 / 64 67 72 -72 / 62 66 -72 -72 / 55 62 71 74 / 64 -55 -71 -74 / 65 -55 -59 -74 / 48 64 72 -55 <END> 
<S> 55 67 71 74 / 60 -67 -71 -74 / 59 67 74 / 65 -59 -74 / 64 67 -59 -74 / 57 65 69 72 / 55 62 67 71 / 48 60 67 76 / 59 -48 -67 -76 / 57 66 74 -48 / 47 64 67 -74 / 57 66 72 -50 43 55 59 67 71 <END> 
<S> 47 62 67 74 / 48 60 -67 -74 / 50 62 66 74 / 55 62 71 -74 / 64 -55 -71 -74 / 65 -55 -71 -74 / 48 64 67 72 / 60 66 69 74 / 55 59 67 74 / 62 71 -55 -67 <END> 
<S> 52 60 67 72 / 50 65 69 74 / 71 -50 -65 -74 / 48 67 72 76 / 50 77 -72 / 52 79 -67 -72 / 53 69 77 -72 / 67 -53 -69 -72 / 55 62 67 71 / 64 72 -55 -67 / 65 -55 -67 -72 / 60 67 72 76 / 77 -60 -67 -72 / 60 67 74 / 59 -60 -67 -74 <END> 
<S> 53 65 69 72 / 62 74 -53 -69 / 63 67 -53 -72 / 55 59 65 71 / 53 60 67 72 / 52 -60 -67 -72 / 53 60 69 74 / 55 59 67 -74 / 65 -55 -59 -74 / 64 72 -55 -59 / 60 65 -55 -72 / 55 62 67 71 / 48 64 67 72 / 60 64 67 72 <END> 
<S> 48 60 67 72 / 55 59 -67 -72 / 60 67 -52 -67 / 53 -60 -67 -67 / 52 55 72 -67 / 72 -55 -67 -72 / 48 67 74 -72 / 71 -55 -67 -74 / 65 -55 -71 -74 / 56 64 67 / 48 64 72 -56 -72 / 55 65 71 74 / 53 -65 -71 -74 / 52 67 72 / 48 -67 -72 <END> 
<S> 48 55 64 72 / 60 67 -55 -72 / 55 58 74 -67 / 57 64 -55 -67 / 65 -57 -60 / 55 59 67 74 / 53 -59 -67 -74 / 52 59 67 76 / 54 -59 -59 -76 / 45 57 60 65 / 47 50 -57 -65 / 48 55 64 -65 / 60 -48 -55 -65 / 53 60 -48 -60 / 55 62 -48 -60 / 36 -55 -58 -62 / 48 55 60 64 / 0 / -48 -55 -60 -64 <END> 
<S> 48 55 60 64 / 49 -55 -60 -64 / 50 53 60 65 / 55 59 -50 -65 / 45 53 60 / / 60 -53 -57 / 40 55 60 64 / 41 53 57 60 / 41 53 -57 -60 / 40 55 60 67 / 41 53 60 69 / 40 -53 -60 -69 / 43 50 59 67 / 55 -43 -59 -62 / 52 -43 -59 -62 / 45 53 60 64 / 47 -53 -60 -64 <END> 
<S> 50 53 62 -60 / 48 52 55 -62 / 53 57 60 / 55 59 62 / 48 55 60 64 / 47 55 62 71 / 48 55 64 72 / 50 65 71 74 / 52 64 67 72 / 54 62 -67 -72 <END> 
<S> 48 55 60 64 / 58 -48 -55 -64 / 41 53 56 62 / 71 -41 -53 -56 / 40 55 59 67 / 50 53 -59 -67 / 48 52 55 60 / 52 55 60 / 58 -55 -52 / 53 57 60 69 / 59 -53 -57 -69 / 48 60 65 -53 / 47 55 -52 -65 <END> 
<S> 48 55 60 64 / 50 -55 -60 -64 / 52 55 60 64 / 50 -55 -60 -64 / 55 59 62 -55 / 53 -55 -59 -62 / 52 55 60 64 / 57 -55 -60 -64 / 53 55 59 62 / 52 -55 -59 -62 / 50 53 57 60 / 52 -43 -57 -60 / 47 53 62 65 / 48 60 -53 -65 / 47 55 62 67 / 43 71 -55 -62 <END> 
<S> 50 57 62 65 / 55 59 -62 -65 / 53 57 60 / 59 62 -53 -53 / 52 55 60 64 / 50 55 59 62 / 52 55 64 67 / 54 57 62 69 / 55 59 62 67 / 52 60 64 -67 / 50 65 -60 -64 / 48 60 64 67 / 59 -48 -64 -67 <END> 
<S> 52 57 64 67 / 50 -57 -64 -67 / 52 57 62 71 / 77 -57 -62 -71 / 52 60 67 72 / 53 -60 -67 -72 / 52 55 67 72 / 65 -52 -55 -72 / 53 57 60 -72 / 55 59 67 74 / 53 -59 -67 -74 / 52 60 67 76 / 53 -60 -67 -76 / 55 60 67 74 / 59 -55 -67 -74 / 55 59 67 74 <END> 
<S> 53 57 67 72 / 62 -53 -67 -72 / 55 64 72 -67 / 65 -55 -64 -72 / 55 67 71 74 / 65 -55 -71 -74 / 48 64 67 72 / 55 59 67 74 / 53 60 67 76 / 52 -60 -67 -76 / 50 65 69 74 / 71 -50 -65 -74 / 48 67 72 76 / 52 -67 -72 -76 <END> 
<S> 55 60 67 72 / 53 -60 -67 -72 / 55 59 67 74 / 62 -55 -59 -74 / 64 -55 -59 -74 / 48 60 65 -55 / 50 -48 -60 -65 / 52 55 60 64 / 53 -55 -60 -64 / 55 59 62 / 53 57 61 64 / 52 55 60 64 / 50 -55 -60 -64 / 53 55 59 62 / 52 -55 -59 -62 / 43 53 59 -43 / 48 52 -43 -59 / 50 53 -43 -59 / 36 52 55 60 <END> 
<S> 55 62 -60 / 52 55 60 64 / 53 -55 -60 -64 / 55 59 62 / 53 -55 -59 -62 / 52 55 60 64 / 48 -55 -60 -64 / 47 55 62 65 / 48 -55 -65 -70 / 50 55 62 65 / 60 -50 -65 / 43 55 59 62 / 48 -55 -59 -62 / 47 55 62 / 48 55 60 64 <END> 
<S> 48 55 62 64 / 47 -55 -62 -64 / 48 55 62 64 / 45 60 -55 -64 / 43 55 62 -60 / 59 -50 -55 -62 / 48 55 60 64 / 47 62 -55 -60 / 48 55 60 64 / 58 -48 -55 -64 / 42 57 60 62 / 44 -57 -60 -62 / 43 55 59 62 / 55 -43 -59 -62 / 45 48 55 64 / 46 -52 -55 -64 <END> 
<S> 48 55 60 64 / 47 -55 -60 -64 / 45 57 60 65 / 43 -57 -60 -65 / 41 57 62 -60 / 38 53 59 -62 / 48 52 57 60 / 47 50 62 67 / 45 52 60 69 / 47 50 62 71 / 48 52 64 67 / 50 60 65 -64 / / 52 60 64 67 / 53 60 69 -60 / 59 -53 -53 -69 / 52 60 67 -53 / 52 60 -52 -67 / 45 52 60 67 <END> 
<S> 47 50 67 -62 / 52 60 -50 -67 / 53 59 62 67 / 55 -53 -59 -67 / 48 60 -55 -64 / 41 53 60 69 / 43 50 59 67 / 48 52 60 67 / 47 50 62 -67 / 45 48 64 72 / 47 52 -64 -72 / 48 57 64 72 / 50 -57 -64 -72 <END> 
<S> 48 52 60 67 / 47 50 -60 -67 / 45 52 60 67 / 48 52 -60 -67 / 50 53 65 -60 / 59 -50 -53 -65 / 52 55 60 64 / 53 -55 -60 -64 / 55 59 62 / 53 -55 -59 -62 / 52 55 60 64 / 48 -55 -60 -64 <END> 
<S> 50 53 62 71 / 52 52 69 72 / 53 -52 -69 -72 / 52 67 -36 -72 / 48 60 64 69 / 67 71 -48 -60 / 50 57 66 69 / 55 62 67 71 / 43 59 62 67 / 48 60 64 67 / 50 -60 -64 -67 <END> 
<S> 47 55 62 71 / 48 55 64 72 / 50 62 65 71 / 52 64 67 / -71 / -67 -52 -67 / 66 69 -52 -59 / 59 -43 -69 -71 / 48 -59 -66 -69 / 64 -48 67 -69 / 50 62 66 -69 / 60 -50 -66 -69 / 55 59 62 67 / 52 59 64 67 <END> 
<S> 50 57 69 -67 / 62 66 -50 -69 / 43 59 62 67 / 45 52 60 72 / 48 52 60 67 / 53 60 69 -67 / 66 -53 -60 -69 / 55 59 67 / 57 60 64 67 / 59 62 -57 -67 / 60 57 65 / 53 64 -57 -60 / 58 62 65 / 50 -58 -65 <END> 
<S> 53 60 69 -67 / 62 65 -53 -69 / 52 64 67 / 71 -52 -64 -67 / 50 64 69 72 / 62 71 -50 -69 / 52 67 71 76 / 53 60 69 77 / 55 62 67 74 / 60 76 -67 / 58 67 72 / 56 64 -67 -72 / 65 69 74 / 55 67 71 -74 / 53 67 72 / 48 64 -67 -72 <END> 
<S> 55 67 74 / 72 -55 -67 / 65 -55 -67 -72 / 67 -55 -67 -72 / 65 -55 -67 -72 / 71 -55 -67 -71 / 48 64 67 72 / 62 74 -48 -67 / 60 76 -48 -67 / 50 59 67 77 / 52 60 67 76 / 53 69 -60 -72 / 55 67 71 74 / 55 67 71 74 <END> 
<S> 62 67 71 / 64 -62 -67 / 66 69 -62 / 50 62 -69 -69 / 67 71 -62 -69 / 50 62 66 69 / 60 -50 -66 -69 / 55 59 62 67 / 55 59 67 / 57 60 -67 / 59 62 67 74 / 60 64 -67 -74 / 62 66 74 -50 / 60 -66 -69 -74 / 55 67 71 74 / 53 -67 -71 -74 <END> 
<S> 59 62 67 79 / 69 -59 -62 -79 / 55 62 71 79 / 57 60 69 76 / 62 -57 -69 -76 / 55 62 71 79 / 64 72 -55 -79 / 53 65 74 -72 / 71 -53 -65 -74 / 48 67 72 76 / 50 -67 -72 -76 / 52 67 72 76 / 53 -67 -72 -76 / 55 67 72 74 / 70 -55 -67 -74 / 57 69 71 74 / 65 69 74 -57 <END> 
<S> 52 67 72 76 / 53 -67 -72 -76 / 55 67 71 74 / 72 -55 -67 -76 / 71 -55 -67 -76 / 53 65 70 74 / 52 67 72 / 70 -52 -67 -72 / 53 65 69 72 / 71 -53 -65 -69 / 55 67 72 76 / 59 -67 -72 -76 / 60 67 72 76 / 62 -67 -72 -76 / 57 60 72 77 / 62 -57 -72 -77 <END> 
<S> 53 65 70 72 / 69 -53 -65 -72 / 58 65 70 74 / 57 -65 -70 -74 / 55 63 70 75 / 53 65 69 74 / 51 67 70 74 / 55 -67 -70 -74 / 72 -55 -67 -74 / 70 -55 -67 -74 / 65 -55 -70 -74 <END> 
<S> 55 67 70 75 / 53 -67 -70 -75 / 51 65 70 77 / 50 -65 -70 -77 / 51 63 70 79 / 72 -51 -70 -79 / 68 77 -51 -72 / 50 67 71 77 / 48 67 72 75 / 50 65 70 74 <END> 
<S> 58 65 74 77 / 56 -65 -74 -77 / 55 70 75 79 / 53 -70 -75 -79 / 51 72 79 -79 / 70 -51 -72 -79 / 56 72 75 77 / 55 70 75 -77 / 53 72 75 79 / 74 -53 -72 -75 / 55 71 74 77 / 56 60 -74 -77 / 55 67 75 -60 / 53 -59 -67 -75 <END> 
<S> 53 68 72 77 / 74 -53 -68 -77 / 55 70 75 79 / 56 65 -75 -79 / 58 74 77 -67 / 62 -58 -70 -77 / 63 -58 70 79 / 55 65 -70 -79 / 53 63 70 79 / 62 77 -70 / 63 72 79 -58 / 58 -63 -67 -79 <END> 
<S> 58 63 70 77 / 46 65 70 -77 / 68 -46 -65 -77 / 63 67 70 79 / 62 65 -70 -79 / 60 63 72 79 / 58 -63 -72 -79 / 56 63 72 77 / 58 62 70 -77 / 75 -58 -62 -70 / 51 67 70 75 / 51 -67 -70 -75 <END> 
<S> 56 63 72 77 / 53 -63 -72 -77 / 58 62 70 77 / 51 67 70 75 / 63 70 79 / 62 65 70 74 / 75 -62 -65 -70 / 63 65 72 77 / 62 -65 -72 -77 / 60 67 75 79 / 58 62 -75 -79 / 56 60 72 77 <END> 
<S> 63 67 70 75 / 65 46 -70 -75 / 44 70 72 77 / 59 68 74 -77 / 60 67 72 75 / 53 68 72 74 / 55 67 71 -74 / 65 -55 -71 -74 / 48 63 72 / 51 63 70 79 <END> 
<S> 53 68 74 -60 / 55 59 67 -74 / 56 60 -67 -74 / 60 72 -67 -75 / 55 67 71 -75 / 60 -67 -71 -75 / 62 67 71 74 / 63 67 70 79 / 62 65 -70 -79 / 60 63 72 79 / 58 -63 -72 -79 / 56 63 72 77 / 58 62 70 77 <END> 
<S> 63 72 75 -60 / 68 74 -63 -80 / 70 -63 75 79 / 56 72 75 77 / 58 70 74 77 / 68 72 75 54 42 58 67 75 / 58 62 70 77 / 56 -62 -70 -77 / 55 62 71 77 / 60 69 -55 -77 / 53 59 74 79 / 51 60 75 79 / 50 -60 -75 -79 <END> 
<S> 56 63 68 72 / 55 -56 -63 -72 / 53 56 68 72 / 51 58 67 75 / 56 65 68 72 / 55 63 67 70 / 53 61 67 68 / 52 60 67 79 / 61 -52 -67 -79 / 53 60 68 77 / 48 60 67 75 / 55 59 67 74 <END> 
<S> 58 65 68 74 / 53 -65 -68 -74 / 55 67 70 75 / 63 -55 -67 -75 / 56 60 68 77 / 58 62 -68 -77 / 60 63 67 75 / 53 -60 -67 -75 / 55 67 74 -60 / 59 -55 -67 -74 / 57 -55 -67 -74 / 43 59 67 74 / 55 59 67 74 / 60 67 75 -74 <END> 
<S> 55 59 67 75 / 60 -55 -67 -75 / 62 65 -55 -60 / 59 -55 -65 -62 / 48 60 64 -65 / 50 58 65 -60 / 46 58 63 -58 / 56 -46 -58 -63 / 55 -46 -58 -63 / 53 56 60 65 / 55 58 62 -65 / 56 59 62 -65 / 60 -56 -56 -65 / 55 58 64 67 / 62 -55 -58 -63 / 55 60 63 / 58 -55 -60 -63 <END> 
<S> 46 62 65 70 / 50 -62 -65 -70 / 51 55 63 70 / 60 -55 -63 -70 / 56 60 65 68 / 58 62 -65 -68 / 51 60 67 -65 / 53 60 63 -67 / 62 65 -53 -60 / 63 63 -53 -60 / 59 62 -43 / -68 60 64 / 51 62 65 / 53 55 67 72 / 51 -55 -67 -72 / 53 69 74 -60 / 59 -53 -69 -74 <END> 
<S> 56 60 63 72 / 65 74 -56 -60 / 55 60 67 75 / 53 -60 -67 -75 / 55 60 67 74 / 59 -55 -67 -74 / 65 -55 -59 -74 / 48 55 63 72 / 48 63 72 79 / 50 65 77 -72 / 71 -50 -65 -77 / 51 67 72 75 / 53 -67 -72 -75 <END> 
<S> 48 55 63 72 / 60 63 67 72 / 58 62 -67 -72 / 57 63 72 / 55 65 71 74 / 53 67 75 / 51 60 -67 -75 / 53 60 69 74 / 55 59 67 -74 / 56 60 65 72 / 74 -56 -60 -65 / 51 67 72 79 / 53 68 74 77 / 55 67 75 -74 / 55 70 74 / 53 68 -74 <END> 
<S> 56 60 68 75 / 55 -60 -68 -75 / 53 60 68 74 / 47 59 67 -74 / 65 -47 -55 -74 / 48 55 63 72 / 56 63 72 / 55 58 67 74 / 60 67 72 75 / 58 65 74 77 / 63 75 -58 -74 / 55 62 70 77 / 53 -62 -70 -77 <END> 
<S> 48 60 67 75 / 72 -48 -60 -75 / 55 67 74 -72 / 71 -55 -67 -74 / 56 72 -67 / 63 -56 -67 -72 / 65 -56 -60 / 55 59 62 / 53 59 62 67 / 55 60 63 -67 / 53 56 65 68 / 51 58 67 70 / 56 60 68 72 / 58 74 -68 -77 <END> 
<S> 53 60 68 68 / 55 58 67 75 / 56 60 65 -75 / 58 60 65 74 / 56 64 72 -74 / 55 58 70 74 / 53 68 70 75 / 51 65 70 74 / 63 72 70 79 / 62 -70 77 -79 <END> 
<S> 58 63 70 79 / 62 65 -70 -79 / 58 63 70 79 / 63 -63 -70 -79 / 61 70 77 -63 / 62 -61 -70 -77 / 60 67 75 -70 / 69 -60 -75 -75 / 58 70 74 77 / 55 70 75 79 / 56 72 77 -75 / 74 77 -63 -77 / 75 -58 -62 -77 <END> 
<S> 58 61 70 77 / 62 -58 -70 -77 / 51 63 70 79 / 55 72 -63 -79 / 56 72 77 -63 / 58 65 74 -77 / 0 -59 -65 -77 / 60 67 75 75 / 55 67 72 -75 / 53 68 -72 -75 / 55 62 71 74 / 63 67 72 <END> 
<S> 41 68 74 77 / 55 75 -68 -77 / 56 74 -68 / 60 63 72 / 55 67 71 75 / 60 -67 -75 -75 / 56 74 -67 -75 / 65 -56 -60 -74 / 55 59 67 75 / 65 -55 -59 -75 / 64 -55 -59 50 <END> 
<S> 56 65 72 / 63 -56 -72 / 55 65 70 74 / 53 75 -65 -70 / 74 -53 -65 -68 / 67 75 -53 -60 / 46 62 65 70 / 63 68 -46 -65 / 47 65 67 / 48 63 67 / 60 -48 -67 -67 <END> 
<S> 58 65 70 / 63 -58 -65 -70 / 46 62 65 70 / 46 62 65 -70 / 48 60 63 69 / 50 58 65 70 / 51 58 63 67 / 62 -58 -51 -67 / 51 60 63 67 / 50 58 65 68 <END> 
<S> 51 58 65 67 / 50 -58 -65 -67 / 51 60 63 70 / 53 60 68 -63 / 53 62 68 -53 / 51 55 63 -68 / 50 58 65 -68 / 51 58 67 -65 / 63 -51 -58 -67 / 46 60 65 -63 / 53 58 62 -65 / 60 -53 -58 -65 <END> 
<S> 51 58 65 67 / 63 -51 -58 -67 / 44 60 65 -51 / 46 58 -65 / 63 -46 -58 -65 / 39 58 63 67 / 51 58 65 67 / 50 60 63 69 / 48 60 -60 -69 / 46 58 -60 -68 <END> 
