<S> 48 55 60 64 / 40 55 60 67 / 41 -55 -60 -67 / 43 50 59 67 / 44 52 59 64 / 45 52 60 -59 / 57 -45 -52 -60 / 47 50 55 62 / 48 55 64 / 48 52 55 60 <END> 
<S> 45 52 60 -59 / 57 -45 -52 -60 / 47 55 62 71 / 48 55 64 69 / 50 54 62 69 / 60 -50 -54 -69 / 55 59 67 / -69 -50 -59 -67 / 45 60 64 72 / 47 62 67 71 / 48 64 67 69 / 50 62 66 -69 / 43 58 62 67 / 48 60 64 -67 <END> 
<S> 47 59 67 74 / 49 -59 -67 -74 / 52 59 67 72 / 55 -52 -67 -72 / 53 60 69 72 / 50 62 65 71 / 48 64 67 76 / 50 65 -67 -74 / 52 67 72 / 53 -67 -72 -76 / 55 67 71 74 / 76 -55 -67 -71 / 57 69 -67 -76 / 58 65 74 77 / 57 72 -69 -77 / 55 65 71 79 <END> 
<S> 52 60 67 72 / 53 69 -60 -72 / 52 65 70 -72 / 50 -65 -72 / 60 64 69 72 / 55 62 71 79 / 64 -55 -71 -79 / 65 72 81 / 69 -65 -72 / 59 67 74 79 / 60 76 -67 -79 / 62 65 77 81 / 62 -62 -77 -77 / 57 64 69 76 / 77 -57 -69 -68 <END> 
<S> 59 62 79 79 / 77 -59 -62 -79 / 60 67 76 58 / 74 77 -67 / 57 69 72 76 / 55 77 -72 / 53 57 72 -77 / 52 67 70 76 / 53 65 69 81 / 55 71 -65 -81 / 64 -55 -71 -81 / 62 66 69 81 / 74 -54 -62 -69 / 43 62 71 79 <END> 
<S> 50 65 77 -72 / 67 -50 -65 -77 / 48 67 72 76 / 53 69 -72 -76 / 55 67 71 74 / 55 64 71 -74 / 57 64 69 72 / 55 65 -69 -72 / 53 67 70 / 52 -67 -70 / 50 53 -67 -70 / 48 52 -67 -67 / 50 57 65 69 / 59 62 -50 -69 / 60 -50 61 / 59 62 -57 / <END> 
<S> 65 69 74 / / -69 -74 -74 / 48 67 72 76 / 50 66 -72 -76 / 55 62 71 74 / 67 -55 -71 -74 / 65 -55 -71 -74 / 48 64 67 72 / 57 60 66 72 / 55 59 67 74 / 55 59 62 67 <END> 
<S> 57 64 67 72 / 55 62 71 74 / 60 67 76 / 59 -60 -67 -76 / 57 60 67 77 / 76 -57 -60 -67 / 55 59 62 71 / 53 59 62 71 / 52 64 -59 -71 / 57 64 72 / 55 59 -64 -72 / 54 57 62 74 / 50 55 72 76 / 55 77 -72 / 64 67 -55 -72 / 65 74 -55 -72 <END> 
<S> 57 60 64 72 / 55 59 -64 -72 / 54 57 62 74 / 50 -57 -62 -74 / 52 55 64 72 / 54 57 -64 -72 / 55 59 62 71 / 52 64 -55 -71 / 57 66 69 -55 / 52 59 67 71 / 52 64 68 71 / 54 -52 -64 -68 / 55 64 71 -52 / 50 59 64 67 <END> 
<S> 57 64 72 -55 / 71 -57 -57 -64 / 55 62 69 -55 / 54 62 69 / / -54 -62 -69 / 43 59 62 67 / 0 / 43 59 62 67 / 45 60 64 69 / 66 -45 -60 -69 / 47 62 67 71 / 64 -62 -67 -71 / 64 66 69 -67 / 62 -66 -69 -66 <END> 
<S> 43 59 67 / 45 60 -67 -71 / 43 62 67 71 / 45 60 72 -67 / 47 55 62 67 / 48 57 64 -62 / 50 59 62 67 / 52 55 60 67 / 53 57 69 -60 / 64 -53 -57 -69 / 55 62 71 -65 / 64 -55 -62 -71 / 43 60 65 74 / 59 -43 -65 -74 <END> 
<S> 45 60 64 69 / 66 -45 -60 -69 / 52 59 67 71 / 50 -59 -67 -71 / 48 60 67 72 / 62 74 -67 -53 / 52 60 67 76 / 53 60 69 74 / 55 59 67 74 / 43 59 65 -74 / 64 -43 -59 -74 / 48 55 60 72 / 64 67 -55 -72 <END> 
<S> 55 60 67 76 / 53 -60 -67 -76 / 55 59 67 74 / 65 -55 -59 -74 / 48 55 64 72 / 48 55 64 72 / 50 65 71 74 / 52 67 72 76 / 53 -67 -72 -76 / 55 67 72 74 / 57 -67 -72 -74 / 59 71 -67 -74 / 55 68 -71 -74 <END> 
<S> 48 64 67 72 / 60 67 72 76 / 77 -60 -67 -72 / 70 -60 -67 -76 / 50 69 77 77 / 62 -50 -69 -77 / 60 67 76 / 55 77 -60 -67 / 53 60 69 77 / 55 67 70 -77 / 53 69 72 <END> 
<S> 53 69 72 / 55 67 -69 -72 / 53 65 69 74 / 50 65 -69 -74 / 55 62 71 -74 / 43 72 -55 -71 / 48 55 64 72 / 48 52 55 72 / 60 64 67 72 / 54 69 72 74 / 56 67 -74 -74 / 55 64 72 76 / 74 -55 -64 -72 / 55 71 74 -60 / 59 67 -55 -74 <END> 
<S> 52 64 67 72 / 55 67 71 74 / 48 67 72 76 / 65 74 -48 -72 / 63 67 72 -48 / 47 62 74 -67 / 45 60 72 76 / 47 65 -72 -76 / 48 67 72 76 / 53 -67 -72 -76 / 55 67 71 74 / 52 67 72 76 / 50 -67 -72 -76 / 52 67 72 79 / 53 -67 -72 -79 <END> 
<S> 55 67 71 74 / 53 -67 -71 -74 / 52 67 72 76 / 53 -67 -72 -76 / 55 67 71 74 / 48 67 72 76 / 50 -67 -72 -76 / 52 69 72 77 / 70 76 -52 -64 / 53 69 72 77 / 74 -53 -69 -77 / 55 70 76 -62 / 57 60 69 -76 <END> 
<S> 52 67 72 76 / 53 -67 -72 -76 / 55 67 71 74 / 72 76 -55 -67 / 50 69 74 77 / 52 67 72 76 / 53 67 71 74 / 55 65 -71 -74 / 57 64 72 / 55 -64 -72 / 74 -55 -64 -72 / 53 69 72 74 / 55 67 71 -74 / 65 -55 -71 -74 <END> 
<S> 57 65 72 77 / 59 76 -72 -77 / 60 67 72 76 / 74 -60 -67 -72 / 53 69 74 -72 / 71 -53 -74 -74 / 69 72 -53 -74 / 55 67 71 74 / 65 72 -55 -71 / 56 64 71 / 62 65 -56 -72 / 57 60 64 72 / 65 74 -57 -60 / 55 59 67 76 / 60 69 -55 -76 / 62 74 -55 -60 / 59 67 -55 -74 / 64 67 71 -74 / 65 -43 -67 -74 <END> 
<S> 57 60 66 72 / 55 59 67 74 / 54 57 62 74 / 52 64 -57 -74 / 50 62 66 72 / 52 67 -62 -72 / 54 62 69 72 / 52 64 67 71 / 50 62 65 -71 / 45 60 64 69 / 57 65 -60 -69 / 74 -57 -60 -69 / 59 62 67 74 / 60 64 -67 / 62 65 -60 / 59 64 -60 -72 <END> 
<S> 50 62 69 -67 / 52 60 67 / 59 -52 -67 / 53 57 60 69 / 59 62 -53 -69 / 52 60 67 76 / 50 77 -60 -67 / 52 60 67 79 / 53 69 -60 -79 / 55 67 71 74 / 52 67 71 76 / 57 67 69 72 / 59 -67 -69 -72 <END> 
<S> 52 60 67 79 / 53 -60 -67 -79 / 55 59 74 79 / 60 67 76 / 65 69 72 / 64 69 -65 -72 / 62 65 71 74 / 67 -62 -71 -74 / 60 67 72 76 / 53 69 72 77 / 74 -53 -69 -77 / 55 67 72 76 / 70 -55 -67 -76 <END> 
<S> 58 65 74 / 57 72 -58 -74 / 55 70 74 76 / 57 69 73 -76 / 67 72 -50 -76 / 65 74 -72 / 56 64 71 72 / 69 74 -53 -64 / 41 62 71 76 / 45 69 -62 -76 / 50 62 71 77 / 52 60 72 76 / 53 69 -72 -76 <END> 
<S> 55 67 71 74 / 53 -67 -71 -74 / 52 71 -67 -76 / 66 74 -52 -71 / 59 62 67 74 / 64 71 76 / 57 60 69 72 / 55 62 71 74 / 64 67 71 -74 / 65 65 -71 -74 / 67 -65 -71 -74 / 60 67 72 76 / 62 77 -60 -72 / 52 60 72 79 / 53 69 -72 -79 <END> 
<S> 57 64 69 72 / 62 65 71 74 / 60 64 67 76 / 65 69 -60 -76 / 59 67 74 77 / 60 67 76 -74 / 52 67 72 -76 / 53 69 74 -72 / 50 -69 -72 -74 / 55 62 71 74 / 64 -55 -71 -74 / 65 -55 -71 -74 / 72 -55 -65 -71 / 48 64 67 72 / 60 64 72 79 / 60 -72 -72 -79 <END> 
<S> 55 67 72 74 / 62 -55 -72 -74 / 55 67 71 74 / 65 -55 -71 -74 / 48 64 67 72 / 55 67 71 74 / 60 67 72 76 / 59 -67 -72 -76 / 57 69 72 77 / 59 67 74 79 / 77 -55 -67 -74 / 60 76 -67 -74 / 69 74 -60 41 / 59 -60 -74 -77 / 72 -59 76 <END> 
<S> 60 67 72 76 / 59 -67 -72 -76 / 57 69 72 77 / 55 62 71 79 / 64 -55 -71 -79 / 65 69 72 -55 / 50 -69 -72 -77 / 48 67 72 76 / 55 67 71 74 / 60 67 72 76 / 57 69 72 77 <END> 
<S> 52 67 72 / 50 65 69 74 / 71 -50 -65 -74 / 48 67 72 76 / 50 77 -72 -76 / 52 67 72 79 / 53 -67 -72 -79 / 55 67 71 74 / 52 67 71 79 / 65 -52 -71 -79 <END> 
<S> 47 62 67 74 / 48 67 76 -74 / 50 72 -67 -76 / 55 62 -67 -72 / 64 -55 -62 -70 / 48 60 64 67 / 58 -48 -64 -67 / 53 57 60 69 / 55 62 67 71 <END> 
<S> 50 65 69 71 / 62 -50 -65 -69 / 52 64 67 71 / 50 -52 -67 -71 / 48 57 67 72 / 55 -48 -67 -72 / 53 57 65 72 / 52 55 67 -72 / 50 57 65 / -72 -50 -57 -65 / 55 59 62 / 53 -55 -59 -62 / 48 52 55 64 / 42 57 -48 -64 / 41 53 57 62 / 43 55 -57 -62 / 50 53 57 62 / 50 53 -62 <END> 
<S> 50 57 65 71 / 47 -50 -57 -65 / 52 55 59 64 / 43 -52 -55 -59 / 40 55 60 / 55 59 -43 -55 / 48 52 -55 -59 / 55 -52 -52 -60 / 52 54 -55 -60 / 50 57 -55 -60 / 55 59 -50 -55 / 53 -50 -55 -60 / 52 55 61 / 53 57 62 69 / 52 62 67 71 / 50 -62 -67 -71 <END> 
<S> 52 55 60 62 / 50 54 59 62 / 48 52 55 60 / 48 52 55 60 / 50 60 -55 -60 / 48 52 55 60 / 50 55 60 / / 52 -55 -60 / 53 -43 59 62 / 48 52 55 60 / 50 53 58 62 / 52 55 60 53 53 57 -48 -52 55 55 <END> 
<S> 48 55 60 64 / 50 58 65 -60 / 52 60 67 / 43 58 -60 -67 / 45 60 65 -43 / 47 -60 -65 / 48 55 64 64 / 45 57 60 -64 / 43 55 59 62 / 55 59 -43 -62 / 48 55 60 69 / 47 62 -55 -69 / 48 60 64 69 / 50 -60 -64 -69 <END> 
<S> 43 59 62 -55 / 53 -43 -59 -62 / 36 52 55 60 / 48 52 60 67 / 47 62 -52 -67 / 45 52 64 72 / 54 -45 -64 -72 / 47 55 62 71 / 48 55 64 69 / 50 -55 -62 -69 / 60 -50 -55 -69 / 43 55 59 67 / 47 54 60 69 / 52 60 -54 -69 <END> 
<S> 45 57 64 72 / 66 -45 -57 -72 / 47 50 67 71 / 48 52 -67 -71 / 50 62 69 -67 / 55 62 -67 69 / 64 -55 -62 -69 / 59 62 67 69 / 60 66 69 -62 / 55 59 67 69 / 66 69 -55 -59 / 55 62 67 71 / 53 59 62 67 / 52 60 64 -67 / 50 57 65 -64 <END> 
<S> 62 71 66 69 / 60 -66 -66 -69 / 59 62 67 71 / 57 60 64 -67 / 59 62 66 -57 -72 / 55 59 62 67 / 52 59 67 / 48 57 64 69 / 55 59 62 71 / 52 60 67 72 / 48 64 -60 -72 / 50 65 72 -64 / 52 58 67 -72 / 53 57 69 72 / 55 59 -69 -72 / 53 60 69 72 / 52 62 -69 -72 / 64 -52 -69 -72 <END> 
<S> 48 57 64 72 / 55 62 71 / 60 69 -55 -62 / 55 59 67 71 / 52 60 66 -71 / 52 59 67 71 / 50 -59 -67 -71 / 48 64 67 72 / 55 62 -67 -72 / 54 69 -62 -72 / 55 62 71 71 / 67 -55 -62 -71 / 50 62 69 -67 / 66 -50 -62 -69 / 60 -50 -66 -69 <END> 
<S> 57 64 72 -48 / 47 -57 -64 -72 / 48 64 69 -72 / 50 -64 -69 -72 / 51 62 71 / / 71 -62 -62 / 60 64 67 / 43 59 62 -67 / 57 60 65 72 / 55 59 67 / 55 60 67 74 / 53 59 62 74 / 52 58 67 76 / 50 57 65 77 / 47 62 -57 -77 / 52 55 61 76 / 53 57 61 70 <END> 
<S> 57 64 67 72 / 59 62 67 74 / 60 67 76 / 59 62 -67 -76 / 57 64 72 77 / 62 -57 -72 -77 / 52 67 72 79 / 53 -67 -72 -79 / 55 67 71 74 / 62 67 71 -74 / 65 71 74 -71 <END> 
<S> 57 69 72 77 / 59 -69 -72 -77 / 60 67 72 76 / 53 69 72 74 / 55 67 71 74 / 48 67 72 76 / 60 67 76 / 59 -60 -67 -76 / 57 60 69 76 / 55 -60 -69 -76 / 54 69 72 76 / 52 67 -72 -74 / 50 66 -72 -76 / 55 -50 -71 -74 / 57 72 -50 -67 / 66 -57 -60 -72 <END> 
<S> 60 67 72 76 / 57 -60 -72 -76 / 58 70 74 76 / 55 -58 -70 -76 / 57 65 70 77 / 52 67 73 79 / 50 65 70 74 / 76 -65 69 48 77 <END> 
<S> 62 70 77 / 64 -62 -70 -77 / 65 70 77 / 69 -65 -70 -77 / 65 70 79 -65 / 64 -70 72 53 60 65 74 77 / 59 -65 -74 -77 / 60 67 76 / 57 64 72 76 / 55 -64 -72 -76 <END> 
<S> 53 60 69 77 / 53 -60 -69 -77 / 55 60 67 76 / 43 59 -67 -74 / 72 -43 -59 -67 / 48 64 67 72 / 60 64 72 79 / 53 65 72 81 / 64 -53 -72 -81 / 54 62 72 81 / 43 50 59 62 -81 / 52 55 59 79 <END> 
<S> 52 64 67 72 / 53 65 69 -72 / 64 -53 -69 -72 / 62 65 69 74 / 71 -65 -69 -74 / 72 -56 -65 -74 / 55 67 71 74 / 65 -55 -71 -74 / 48 64 67 76 / 53 60 69 77 <END> 
<S> 55 64 69 72 / 54 62 -69 -72 / 55 62 67 71 / 53 59 62 67 / 52 60 67 72 / 50 65 69 74 / 71 -50 -65 -74 / 48 67 72 76 / 60 77 -72 -76 / 79 67 74 -72 / 71 74 -67 -74 <END> 
<S> 50 62 65 71 / 64 67 -50 -71 / 65 69 -50 74 / 67 71 -50 -74 / 65 -43 -71 -74 / 48 64 67 76 / 60 69 76 -76 / 77 -60 -69 -72 / 59 67 74 79 / 77 -59 -67 -74 / 60 67 72 76 / 53 69 72 74 / 55 67 71 74 / 65 -55 -71 -74 <END> 
<S> 67 71 74 / 65 69 -71 -74 / 64 71 73 57 / -64 -64 -73 -79 / 57 69 74 77 / 55 64 71 -76 / 53 69 72 / 52 67 -69 -72 / 50 65 69 74 / 48 64 69 -74 / 50 59 65 74 / 60 -50 -65 -69 / 52 59 67 71 / 64 -52 -67 -71 / 57 64 69 72 / 62 65 -69 -72 <END> 
<S> 53 57 69 72 / 71 -53 -57 -69 / 52 55 64 -69 / 54 57 69 74 / 55 59 67 -74 / 72 -55 -59 -67 / 65 -55 -59 -67 / 48 60 64 67 / 55 62 -60 -67 / 57 60 65 / 47 59 62 67 / 55 -47 -59 -67 / 48 55 60 64 / 46 -55 -60 -64 <END> 
<S> 48 60 67 76 / 55 -60 -67 -76 / 54 57 74 -60 / 55 59 62 -74 / 57 72 -55 -62 / 47 55 62 67 / 48 55 64 -62 / 60 -48 -55 -64 / 41 57 60 69 / 43 55 59 64 / 45 57 60 64 / 43 55 59 -64 / 62 -43 -55 -59 / 45 48 55 64 / 46 52 -55 -64 / 50 57 65 -50 / 48 -50 -57 -65 <END> 
<S> 45 60 64 65 / 47 50 -57 -65 / 48 52 55 64 / 53 -48 -55 -64 / 47 55 62 / 48 55 64 / 43 59 -55 -64 / 45 53 57 65 / 47 50 -57 -65 / 48 52 55 64 / 53 57 -48 -64 / 55 59 -48 / 53 57 -48 -55 / 50 57 66 -55 / 43 50 59 67 / 65 -43 -59 / 48 52 55 64 / 40 55 62 71 <END> 
<S> 50 55 62 71 / 48 55 64 69 / 50 54 62 69 / 60 -50 -54 -69 / 43 50 59 67 / 49 50 57 69 / 52 -46 -57 -62 / 50 53 57 69 / 52 59 -50 -62 / 48 52 60 67 / 47 62 -52 -67 / 45 52 64 72 / 54 62 -45 -72 / 43 55 62 71 / 50 -55 -62 -67 / 48 52 60 67 / 53 -48 -60 -67 <END> 
<S> 47 50 62 67 / 49 55 64 -67 / 50 57 66 69 / 55 59 62 71 / 52 55 67 71 <END> 
<S> 50 62 65 71 / 60 69 -50 -65 / 55 59 67 74 / 53 59 -67 -74 / 52 59 68 74 / 50 57 -68 -74 / 52 59 68 76 / 57 60 -52 76 / 59 62 74 -57 / 60 64 -62 -74 / 56 62 71 76 / 56 64 71 76 <END> 
<S> 57 60 64 72 / 55 59 -64 -72 / 53 57 69 72 / 52 64 67 72 / 50 -64 -67 -79 / 52 62 71 79 / 77 -52 -62 -71 / 52 60 67 72 / 53 69 -60 -72 / 55 62 71 -60 / 48 64 67 72 / 55 62 67 71 / 53 59 62 67 <END> 
<S> 50 62 66 71 / 55 60 62 69 / 67 -55 -60 -69 / 59 62 67 74 / 55 59 -67 -74 / 60 67 76 / 57 60 69 77 / 62 -57 -69 -77 / 55 64 67 79 / 57 65 -64 -79 / 53 65 74 / 47 55 -65 -74 / 48 60 67 76 / 50 -60 -67 -76 / 52 60 72 76 / 70 77 -60 <END> 
<S> 52 60 64 67 / 57 60 65 -79 / 55 59 67 74 / 53 -59 -67 -74 / 52 59 67 76 / 50 77 -59 -67 / 49 52 67 79 / 50 65 77 -79 / 52 67 72 79 / 70 -52 -67 -79 / 53 65 69 72 / 48 67 72 76 / 64 76 -48 -72 / 50 65 69 -72 / 71 -50 -65 -69 / 52 67 71 / 47 62 -52 -67 <END> 
<S> 52 67 72 79 / 50 65 74 -79 / 52 67 72 79 / 53 -67 -72 -79 / 55 67 71 74 / 53 67 71 79 / 52 -67 -71 -79 / 50 65 69 74 / 50 -62 -69 -77 / 52 62 76 -69 / 72 -52 -69 -76 / 53 67 71 74 / 52 -67 -71 -74 / 50 67 69 72 / 48 -67 -72 -76 <END> 
<S> 52 60 67 72 / 50 69 74 -60 / 52 67 71 76 / 50 65 77 81 / 62 -50 -65 -77 / 64 67 76 / 69 66 74 / 67 69 -67 -74 / 62 67 71 79 / 72 -62 -67 -79 / 50 67 71 77 / 62 67 -71 -79 <END> 
<S> 64 67 72 79 / 65 74 81 -67 / 64 67 76 -81 / 62 74 81 -67 / 66 69 74 -81 / 55 67 71 76 / 53 60 72 -67 / 62 65 -53 -72 / 64 -53 -69 -72 / 55 65 71 74 / 64 67 -55 -71 / 65 -55 -67 -71 / 48 64 67 72 / 53 62 65 -72 / 64 -53 -65 -72 <END> 
<S> 55 64 72 / 62 65 -55 -72 / 55 60 67 75 / 53 -60 -67 -76 / 55 60 67 74 / 43 59 -67 -74 / 72 -43 -59 -67 / 48 55 64 72 / 60 64 67 72 / 59 -64 -67 -72 / 54 57 69 74 / 56 59 -69 -74 / 57 60 72 76 / 59 -57 -72 -76 / 60 67 76 / 47 -60 -67 -76 <END> 
<S> 55 59 67 74 / 56 64 71 76 / 57 64 69 72 / 59 67 74 / 60 67 77 / 55 62 -67 -72 / 60 67 -43 -72 / 59 74 -67 -72 / 57 67 71 72 / 65 -57 -72 / 64 -57 -72 -72 / 59 62 74 -56 / 57 60 -62 -74 / 59 62 67 74 / 77 -59 -62 -67 <END> 
<S> 60 64 67 69 / 59 62 -67 -76 / 57 60 72 76 / 55 71 -60 -72 / 54 69 74 / 50 59 64 -74 / 52 57 64 72 / 54 57 -64 -72 / 55 59 62 71 / 52 55 67 -71 / 50 -55 -67 -71 / 48 64 67 72 / 57 66 -48 -72 / 55 59 67 71 / 55 62 -67 -71 <END> 
<S> 50 54 62 69 / 60 -50 -54 -69 / 43 55 59 67 / 48 52 60 67 / 47 62 -52 -67 / 45 52 60 72 / 38 -52 -60 -72 / 50 54 62 71 / 50 69 -50 -62 / 51 55 62 67 / 60 64 -55 -67 / 53 60 69 / 62 71 -53 -57 <END> 
<S> 50 57 64 69 / 62 -50 -69 / 60 -50 -65 -69 / 47 62 67 -65 / 48 64 -59 -67 / 60 -48 -64 -67 / 55 62 67 -48 / 47 -67 -55 -67 / 48 55 64 69 / 60 -48 -55 -64 / 72 -48 -60 -64 36 55 59 67 / 43 -59 -67 -74 / 52 67 -59 -67 / 60 64 -52 -67 / 53 60 65 69 / 59 -53 -65 -69 / 60 64 67 / 58 60 64 -67 <END> 
<S> 48 60 64 67 / 47 -60 -64 -67 / 45 60 65 69 / 47 -60 -65 -69 / 48 60 64 67 / 58 -48 -64 -67 / 49 64 -58 / 41 57 -49 -64 / 45 57 61 64 / 44 52 59 64 / 49 52 57 61 / 52 57 59 67 / 55 -52 -59 -67 / 54 57 69 -64 / 55 58 64 67 / 57 64 -55 -67 / 54 60 62 66 <END> 
<S> 49 52 57 67 / 49 -52 -57 -67 / 50 57 66 / 55 -50 -66 -66 / 43 59 62 67 / 50 59 65 -67 / 52 60 67 / 53 57 -60 -67 / 52 55 67 71 / 50 59 -67 -71 / 55 62 67 72 / 53 57 -67 -72 / 52 59 67 74 / 47 -59 -67 -74 / 48 62 67 72 / 60 -48 -67 -72 <END> 
