<S> 51 55 60 / 50 53 57 62 / 59 -50 -53 -62 / 48 55 60 63 / 59 -48 -55 -63 / 44 56 60 65 / 62 -44 -56 -65 / 43 50 59 67 / 0 / 39 51 58 67 / 41 -51 -58 -67 <END> 
<S> 43 53 60 59 / 41 60 -53 -68 / 48 55 60 63 / 44 53 56 65 / -74 -53 -56 -65 / 50 54 58 63 / 62 70 -55 -63 / 56 60 63 72 / 62 65 -56 -72 / 75 -56 -65 -72 / 50 65 70 74 / 51 -65 -70 -74 / 53 63 69 72 / 51 -63 -69 -72 <END> 
<S> 58 65 70 / 56 -58 -65 -70 / 46 55 63 70 / 62 65 -55 -70 / 56 60 63 72 / 55 58 -63 -72 / 53 56 68 72 / 74 -53 -56 -68 / 51 58 67 75 / 50 58 65 74 / 77 -58 -65 -74 / 52 67 72 -58 / 54 57 69 -72 / 55 62 67 70 / 53 -62 -67 -70 <END> 
<S> 53 60 65 68 / 51 58 65 67 / 63 -58 -65 -67 / 56 60 65 68 / 58 62 -68 -68 / 60 67 -65 / / 60 -65 -67 / 58 62 65 74 / 56 60 -65 -74 / 55 58 67 75 / 53 56 68 74 / 55 58 67 74 / 56 65 -58 -74 <END> 
<S> 56 60 65 77 / 58 62 68 -77 / 60 67 -65 -77 / 47 62 67 79 / 48 63 -67 -79 / 60 67 72 75 / 53 -67 -72 -75 / 55 59 74 74 / 56 60 -74 -74 / 55 59 67 74 / 53 -59 -62 -74 <END> 
<S> 56 62 72 77 / 60 -56 -72 -77 / 55 62 71 79 / 55 62 71 79 / 48 63 67 72 / 0 / 56 65 72 77 / 55 70 75 79 / 56 72 77 -75 <END> 
<S> 61 64 70 79 / 62 65 72 77 / 63 73 79 / 57 63 72 77 / 58 62 70 -77 / 68 -58 -62 -77 / 51 58 67 75 / 63 69 72 -75 / 65 65 71 74 <END> 
<S> 58 65 77 / 62 67 -58 -77 / 60 63 67 75 / 62 65 77 -60 / 63 -60 79 / 58 62 65 -79 / 60 63 72 -58 / 57 -63 -72 -75 / 58 65 70 74 / 57 -65 -70 -74 <END> 
<S> 57 60 65 72 / 60 -57 -65 -72 / 55 67 71 74 / 59 67 74 / 62 70 77 / 60 63 67 75 / 69 -60 -63 -75 / 58 62 70 -75 / 56 -62 -70 -75 / 55 62 71 77 / 53 -62 -70 -77 <END> 
<S> 60 63 67 75 / 69 -60 -63 -75 / 58 65 70 74 / 56 -65 -70 -74 / 55 67 70 75 / 53 -67 -70 -75 / 51 65 70 77 / 50 -65 -70 -77 / 51 63 70 79 / 72 -51 -63 -79 / 50 65 77 -72 / 71 -50 -65 -77 <END> 
<S> 55 63 70 75 / 51 58 65 -75 / 53 56 68 72 / 55 58 67 74 / 56 60 67 -74 / 58 65 68 74 / 64 -44 -68 -74 / 53 65 68 72 / 67 74 -53 -65 / 48 60 67 75 / 58 -60 -67 -75 / 56 60 72 77 / 55 75 -60 -72 <END> 
<S> 60 63 67 75 / 58 62 -67 -75 / 56 60 72 77 / 55 70 -60 -77 / 53 65 68 74 / 63 -53 -68 -74 / 59 65 69 -72 / 60 65 -69 -72 / 58 62 65 74 / 57 60 66 72 / 55 59 67 -72 / 54 57 69 72 / 60 -54 -69 -72 <END> 
<S> 57 63 72 / / -57 -63 -72 / 55 62 71 / 60 -55 -62 -71 / 53 60 67 69 / 51 -60 -67 -69 / 53 62 65 71 / 58 62 -65 -71 / 51 63 67 72 / 48 -63 -67 -72 / 55 62 67 70 / 60 67 -55 -70 / 53 65 69 72 / 74 -53 -65 -69 / 75 -53 -65 -69 <END> 
<S> 51 63 67 72 / 50 65 69 -72 / 71 -50 -65 -72 / 48 67 72 75 / 58 -67 -72 -75 / 56 60 72 77 / 55 70 75 -60 / 53 60 68 74 / 55 59 67 -74 / 65 -55 -67 -74 / 48 63 67 72 / 50 58 70 77 <END> 
<S> 53 60 68 74 / 55 -60 -68 -74 / 56 60 71 -65 / 62 -56 -60 -65 / 50 59 65 67 / 53 60 65 68 / 51 60 65 67 / 59 -51 -65 -67 / 51 60 67 75 / 62 -60 -67 -75 / 55 60 67 74 / 59 -55 -67 -74 <END> 
<S> 56 60 63 72 / 55 65 -60 -63 / 53 -55 -60 -67 / 51 55 60 -67 / 59 -52 -55 -67 / 0 / 53 60 68 / 55 60 67 -53 / 53 56 65 72 / 51 63 67 / 50 65 70 <END> 
<S> 53 60 65 68 / 51 -60 -65 -68 / 50 58 65 70 / 53 62 -58 -70 / 51 55 58 67 / 60 -51 -58 -67 / 47 56 60 65 / 48 55 60 63 / 53 55 59 62 / 53 56 60 63 / 50 65 -56 -60 <END> 
<S> 56 60 63 65 / 55 -60 -63 / 55 58 62 / 53 -58 -58 -62 / 51 58 63 / 53 56 -58 -63 / 46 58 62 65 / 50 53 -58 -65 / 51 55 58 67 / 50 60 65 69 / 48 -60 -65 -69 / 46 62 65 70 / 46 62 -65 -70 <END> 
<S> 51 58 63 67 / 50 -58 -63 -67 / 48 60 63 69 / 53 58 65 70 / 51 63 -58 -70 / 57 60 63 -51 / 50 55 58 -63 / 39 55 -58 -63 / 53 56 60 65 / 39 55 67 -60 / 58 -40 65 -67 / 43 64 67 -60 / 41 60 65 68 / 53 -65 -60 -68 <END> 
<S> 51 56 60 68 / 53 -51 -60 -68 / 55 59 67 -53 / 52 60 -55 -67 / 45 53 60 65 / 63 -45 -53 -60 / 46 62 -53 -60 / 50 58 -46 -62 / 53 -43 -58 -62 / 51 55 60 63 / 51 -55 -60 -63 / 48 56 60 65 / 53 58 62 68 / 51 58 67 -62 / 51 58 63 67 / 62 -51 -58 -67 <END> 
<S> 44 51 55 65 / 48 60 63 -65 / 46 62 65 -65 / 63 -46 -65 -65 / 47 55 62 -65 / 48 55 63 -62 / 44 60 -55 -63 / 41 56 62 65 / 53 -41 -60 -65 / 43 55 59 62 / 55 62 -43 -59 / 48 55 60 63 / 58 -48 -55 -63 / 56 56 60 63 72 / 55 -60 -63 -72 <END> 
<S> 41 56 60 62 / 43 55 59 -60 / 53 -43 -59 -62 / 44 51 60 / 43 52 55 -60 / 45 53 60 65 / 55 59 63 / 57 -53 -55 -63 / 55 58 62 / 53 56 62 71 / 50 54 62 67 / 55 -50 -62 -67 / 43 55 62 67 <END> 
<S> 41 55 60 69 / 53 -55 -60 -69 / 43 59 62 67 / 48 55 60 63 / 44 51 60 65 / 41 -51 -60 -65 / 46 50 58 -65 <END> 
<S> 44 60 65 -63 / 46 58 62 -65 / 63 -46 -58 -62 / 39 55 58 63 / 51 55 58 67 / 50 55 -58 -67 / 48 53 57 65 / 47 55 62 -65 / 48 55 60 63 / 58 -48 -55 -60 <END> 
<S> 51 58 60 67 / 50 -51 -60 -67 / 48 51 55 67 / 60 -51 -55 -67 / 56 60 63 / 55 58 -60 -63 / 54 57 60 -63 / 62 -54 -57 -60 / 55 59 62 / 53 55 -59 -62 / 48 51 55 60 / 48 51 55 60 / 46 -51 -55 -60 <END> 
<S> 41 60 62 69 / 43 -60 -62 -69 / 55 59 62 67 / 60 -55 -62 -67 / 43 62 -55 -67 / 59 -43 -55 -67 / 44 53 62 65 / 63 -48 -53 -65 / 46 55 62 -60 / 44 53 60 -60 / 43 52 55 -60 -63 53 62 -43 -55 -60 / 55 59 -43 -62 / 53 -43 -59 -62 / 48 51 55 60 / 48 60 63 67 <END> 
<S> 43 55 60 67 / 53 62 -43 -60 / 59 -43 -53 -62 / 51 60 -43 -59 / 55 -43 -60 / 47 55 62 -43 / 53 -55 -62 / 48 51 55 63 / 46 -51 -55 -63 / 44 56 60 63 / 43 -56 -60 -63 / 41 60 65 -56 / 62 -41 -60 -65 / 43 59 63 67 / 53 62 -67 -71 / 60 63 67 72 / 58 62 -67 -72 <END> 
<S> 48 55 63 -62 / 60 -48 -55 -63 / 41 56 60 65 / 58 -41 62 -65 / 56 65 -46 -62 / 39 55 58 63 / 51 58 63 67 / 50 60 65 68 / 48 -60 -65 -68 / 46 62 67 70 / 65 68 -46 -62 / 56 60 64 67 / 65 58 65 / 56 60 -65 -65 / 62 -56 -60 -65 / 55 60 63 67 / 53 60 68 -60 / 44 -53 -60 -68 <END> 
<S> 46 58 65 68 / 50 58 65 -65 / 51 58 63 67 / 56 60 63 72 / 55 -60 -63 -72 / 53 62 68 72 / 63 -53 -68 -72 / 55 65 67 71 / 48 63 67 72 / 55 67 71 74 <END> 
<S> 56 60 65 72 / 55 -60 -65 -72 / 53 60 67 75 / 58 -53 -67 -75 / 56 60 65 77 / 72 -56 -60 -77 / 55 67 70 75 / 53 68 74 77 / 56 -68 -74 -77 / 55 67 71 75 / 53 -67 -71 -75 <END> 
<S> 53 68 72 74 / 55 71 -68 -74 / 56 63 72 / 65 74 -56 -72 / 55 70 75 -65 / 53 60 68 77 / 74 -53 -60 -68 / 55 59 67 -53 / 55 59 67 74 / 60 72 -67 / 65 68 74 / 62 65 -68 -74 <END> 
<S> 56 60 68 77 / 55 75 -60 -68 / 53 59 68 74 / 55 59 67 -74 / 56 60 65 72 / 63 -56 -60 -72 / 50 62 65 70 / 68 -50 -62 -65 / 51 60 67 75 / 53 -60 -67 -75 / 55 59 67 74 / 65 -55 -59 -74 / 56 60 63 72 / 55 -60 -63 -72 <END> 
<S> 56 60 63 72 / 55 -60 -63 -72 / 53 68 72 74 / 50 71 -68 -74 / 65 -50 -71 -74 / 48 63 72 -70 / 69 -48 -63 -72 / 50 65 70 -72 / 51 -65 -70 -72 / 53 65 69 -72 / 46 62 -65 -72 / 51 63 67 70 / 50 65 -67 -70 / 48 63 67 72 / 60 -48 -67 -72 <END> 
<S> 46 58 65 / 63 -46 -58 -65 / 46 58 62 65 / 56 -46 -62 -65 / 48 55 63 -58 / 56 60 -48 -63 / 55 58 62 / 53 56 -58 -63 / 58 62 -53 -58 / 51 58 60 67 / 55 62 67 70 / 56 63 65 68 / 58 62 -65 -68 / 60 67 -65 / 64 -60 -67 <END> 
<S> 55 58 63 68 / 53 -58 -63 -67 / 55 62 63 70 / 53 56 62 68 / 51 55 60 70 / 59 -51 -55 -70 / 44 53 60 65 / 46 55 67 -60 / 44 60 65 -60 / 41 62 -60 -65 / 43 60 64 -60 / 59 -43 -60 -64 / 59 -43 -59 -64 / 44 60 -59 <END> 
<S> 41 56 60 62 / 43 55 59 62 / 53 -43 -59 -62 / 48 51 55 60 / 43 55 60 63 / 58 -55 -60 -63 / 53 56 60 62 / 53 -53 -60 -62 / 55 59 62 -53 / 51 -55 -59 -62 / 53 -43 -59 -62 / 59 -43 -53 -59 / 44 51 60 <END> 
<S> 44 56 60 65 / 55 63 -44 -60 / 44 56 60 65 / 41 53 62 -60 / 60 -41 -53 -60 / 41 56 60 65 / 46 62 65 -53 / 44 60 63 -53 / 43 55 62 -60 / 41 60 -55 -60 / 43 55 59 62 / 53 -43 -59 -62 / 36 51 55 60 / 48 51 55 60 / 46 -51 -55 -60 <END> 
<S> 41 60 -55 -62 / 60 -41 -56 -60 / 43 55 59 62 / 53 -43 -59 -62 / 36 51 55 60 / 48 51 55 60 / 46 -51 -55 -60 / 44 51 60 <END> 
<S> 48 60 63 67 / 50 -60 -63 -67 / 51 58 62 67 / 56 60 -51 -67 / 44 65 -56 -60 / 59 62 -44 -53 / 51 60 -44 -53 / 50 53 62 -60 / 51 55 60 63 / 53 -51 -60 -63 / 55 58 62 / 56 56 60 -59 <END> 
<S> 44 56 60 65 / 44 -56 -60 -65 / 43 62 -44 -60 / 53 -43 -60 -62 / 41 59 -43 -60 / 43 55 60 59 / 51 60 -43 -60 / 41 53 -60 -60 / 59 -53 -53 -60 / 51 -53 -60 55 / 50 53 62 71 / 55 67 -50 -53 / 51 51 60 67 / 53 -51 -60 -67 <END> 
<S> 44 51 60 65 / 59 -44 -50 -65 / 48 55 63 -44 / 46 62 -55 -63 / 44 60 65 -51 / 43 59 62 -65 / 48 55 63 -62 / 56 -48 -63 -63 / 65 -56 -56 -64 / 55 63 -44 -56 / 53 56 59 62 / 51 55 60 67 / 53 68 -60 -60 / 55 59 62 -53 / 56 -53 -55 -59 -62 / 48 55 60 63 / 50 -55 -60 -63 <END> 
<S> 55 59 62 67 / 53 -59 -62 -67 / 51 60 67 / 53 58 -67 -67 / 56 60 65 -68 / 62 65 -56 -65 / 55 58 63 67 / 53 62 65 / 55 60 63 / 0 / 56 60 65 / 53 58 62 65 / 53 58 63 70 / 57 63 68 72 / 65 -57 -63 -72 <END> 
<S> 56 60 63 / 55 -56 -60 -63 / 55 59 62 / 53 -59 -62 / 51 51 60 67 / 55 59 62 67 / 53 -59 -62 -67 / 51 60 67 72 / 50 62 -67 -72 / 48 63 -67 -72 / 53 62 70 / 60 -53 -62 -70 / 55 62 67 70 / 57 -62 -67 -70 / 50 58 65 70 / 51 60 63 -70 <END> 
<S> 52 60 67 72 / 54 62 69 -72 / 55 62 71 -69 / 67 -55 -62 -71 / 48 63 67 69 / 55 62 67 70 / 53 65 -62 -70 / 51 63 72 -70 / 62 65 -51 -72 / 67 75 -51 -72 / 70 74 -51 -75 / 53 68 72 75 / 55 -68 -72 -80 / 56 60 -72 -77 / 58 62 70 -77 / 63 79 -70 -70 / 65 77 -63 -70 / 75 -65 -70 -77 / 63 70 79 -65 / 63 72 -70 <END> 
<S> 53 60 65 68 / 51 58 -65 -68 / 56 63 72 / 55 62 71 74 / 50 60 65 77 / 53 62 67 -77 / 51 60 68 79 / 55 67 72 75 / 71 -55 -67 -75 / 65 -55 -71 -74 / 56 63 72 / 65 -56 -72 / 63 -56 -72 / 57 65 72 77 / 59 -56 -72 -77 / 60 -56 -72 -77 / 55 62 71 79 / 56 60 -70 -79 / 62 65 77 -56 / 59 62 67 -77 / 60 63 75 / 58 62 65 -75 / 56 63 72 77 <END> 
<S> 56 72 77 -60 / 55 70 -60 -77 / 56 65 72 -77 / 53 -65 -72 -77 / 58 67 72 77 / 57 60 65 -77 / 58 62 70 77 / 56 -62 -70 -77 / 55 63 70 79 / 62 77 -55 -70 / 56 60 72 75 / 55 70 -60 -75 / 53 68 -60 0 / 55 59 67 74 / 56 60 67 -74 / 65 74 -56 -60 <END> 
<S> 53 60 68 77 / 55 67 71 75 / 56 65 72 74 / 55 58 -65 -72 / 56 60 65 72 / 58 74 -65 / -72 -58 -58 -68 / 56 60 65 72 / 55 70 -60 -65 / 53 60 68 68 / 53 -60 -68 -68 / 55 59 67 74 / 65 -55 -59 -74 / 56 60 63 72 / 55 58 -63 -72 <END> 
<S> 56 60 63 72 / 62 65 -56 -72 / 55 64 67 72 / 55 59 67 74 / 60 67 75 / 58 -60 -67 -75 / 56 60 65 75 / 55 67 75 -75 / 53 65 68 77 / 59 67 74 / 51 60 67 75 / 58 -52 -67 -75 / 56 65 72 77 / 55 70 75 -65 <END> 
<S> 60 68 75 / 55 59 67 -74 / 56 60 72 -67 / 66 -56 -60 -72 / 55 62 67 71 / 48 63 67 72 / 53 57 65 72 / 58 65 74 / 57 60 66 72 / 55 62 67 70 / 53 -62 -67 -70 / 51 60 67 72 / 55 -60 -67 -72 <END> 
<S> 57 60 65 72 / 55 64 -60 -72 / 53 65 69 -60 / 59 -53 -65 -69 / 48 60 67 75 / 58 -48 -67 -75 / 53 56 65 72 / 55 59 67 74 / 56 60 65 -74 / 58 -56 -65 -77 / 56 60 65 75 / 55 58 -65 -72 <END> 
<S> 56 60 65 72 / 55 58 -65 -72 / 53 57 72 74 / 58 65 -53 -74 / 48 63 72 79 / 50 66 71 77 / 51 67 72 79 / 53 -67 -72 -79 / 55 67 71 74 / 48 67 72 75 <END> 
<S> 56 63 72 / 55 67 -63 -72 / 53 65 68 72 / 63 -53 -68 -72 / 61 65 69 0 / 67 -61 -65 -69 / 60 63 67 75 / 58 -60 -67 -75 / 56 60 72 77 / 53 68 -72 -77 / 58 67 74 77 / 75 -58 -67 -74 / 65 68 72 75 <END> 
<S> 53 60 68 74 / 55 67 75 -74 / 56 72 -67 -75 / 55 65 74 / 53 -65 -72 -74 / 55 63 70 75 / 53 68 77 -63 / 62 67 70 -53 / 52 63 67 72 / 53 65 68 -72 / 55 63 67 70 / 62 65 -55 -70 / 60 63 67 72 / 58 -60 -67 -72 <END> 
<S> 52 67 72 / 70 -52 -67 / 53 60 65 69 / 55 60 67 / 58 -52 -55 -67 / 53 56 60 65 / 53 56 60 65 / 53 62 65 -56 / 55 63 -53 -65 / 46 56 62 65 / 58 -46 -62 -65 / 44 53 60 63 / 43 50 -60 -63 <END> 
<S> 55 58 63 -65 / 62 -55 -58 -65 / 48 60 63 68 / 50 58 65 70 / 51 58 67 / 53 -51 -67 -70 / 48 63 67 72 / 50 62 65 -67 / 51 58 67 / 79 -51 -58 -67 / 57 60 65 -51 / 50 59 67 -77 / 51 60 67 75 / 53 60 65 74 <END> 
<S> 51 63 67 72 / 53 68 -63 -72 / 55 62 67 71 / 51 60 67 72 / 48 74 -60 -67 / 60 63 72 / 58 62 65 -72 / 56 60 68 72 / 55 62 67 71 <END> 
<S> 63 67 70 / 62 -60 -67 -70 / 56 60 67 75 / 58 -60 -67 -75 / 56 65 72 77 / 53 74 -65 -72 / 48 63 67 75 / 62 -48 -67 -75 / 50 60 66 74 / 59 -50 -66 -74 / 51 58 67 -74 / 51 59 68 72 / 60 -52 -67 -72 <END> 
<S> 48 63 67 72 / 55 62 67 71 / 60 -55 -67 -71 / 60 67 72 75 / 62 -60 -67 -72 / 60 63 67 70 / 58 62 -67 -70 / 56 60 68 77 / 55 -60 -68 -77 / 53 61 70 79 / 52 -61 -70 -79 / 53 60 69 77 / 59 67 -53 -77 <END> 
<S> 60 63 67 75 / 58 62 -67 -75 / 56 60 72 77 / 55 70 -60 -77 / 53 65 68 74 / 63 75 -53 -68 / 59 62 68 77 / 60 67 75 / 55 59 67 74 / 53 -59 -67 -74 / 51 60 67 75 / 58 65 -51 -75 / 56 63 72 77 / 55 62 70 -77 <END> 
<S> 60 67 75 / 53 60 -67 -75 / 55 59 67 74 / 55 71 -67 -74 / 56 72 -67 / 60 65 -56 -72 / 55 59 67 74 / 55 67 70 75 / 56 60 70 77 / 53 -60 -70 -77 / 51 -60 -70 79 / 59 71 74 -79 / 56 72 75 60 <END> 
<S> 60 63 67 75 / 58 62 -67 -75 / 56 60 72 75 / 55 70 -60 -75 / 53 60 68 74 / 59 -53 -68 -74 / 48 67 72 76 / 50 65 72 77 / 71 -50 -65 -77 / 51 67 72 75 / 53 -67 -72 -75 <END> 
<S> 48 63 72 79 / 50 62 77 -72 / 71 -50 -62 -77 / 51 55 72 75 / 53 68 -72 -75 / 55 67 74 -72 / 71 -55 -67 -74 / 65 -55 -71 -74 / 56 63 72 / 62 -56 -72 / 57 65 72 77 / 59 67 74 -77 / 60 67 75 -74 / 72 -60 -67 -75 <END> 
<S> 56 64 72 / 55 65 74 / 67 75 -55 / 65 68 -67 -72 / 56 65 68 72 / 64 67 -56 -72 / 65 74 -56 -68 / 63 72 -56 -68 / 55 62 67 71 / 60 63 67 / 58 -60 -67 / 53 56 65 72 / 53 56 -65 -72 <END> 
<S> 56 63 65 72 / 55 -63 -65 -72 / 53 63 68 72 / 44 -63 -68 -72 / 46 61 65 70 / 48 63 67 -70 / 50 62 65 70 / 51 60 66 69 / 53 59 62 68 / 51 -59 60 -68 / 47 62 67 / 55 -47 -62 -67 <END> 
<S> 55 62 71 -67 / 60 63 67 69 / 55 62 67 70 / 53 60 65 68 / 51 67 -60 -65 / 53 60 68 -65 / 63 -53 -60 -68 / 59 62 68 74 / 55 60 67 75 / 56 65 72 74 / 55 67 71 75 <END> 
<S> 56 60 63 72 / 55 -60 -63 -72 / 53 65 68 72 / 63 74 -53 -68 / 59 67 -53 -74 / 72 -53 -67 -68 / 55 67 71 74 / 65 -55 -71 -74 / 48 63 72 / 51 63 70 79 <END> 
