<S> 51 67 72 / 70 -51 -67 -72 / 48 63 68 72 / 67 -48 -63 -72 / 50 62 65 70 / 60 68 -50 -65 / 51 58 67 -65 / 63 -51 -58 -67 / 63 67 70 -51 / 50 -63 -67 -70 / 48 63 68 72 / 67 -48 -63 -72 / 65 68 74 -48 / 47 -65 -68 -74 / 48 67 72 -65 / 63 -48 -67 -72 <END> 
<S> 51 63 67 72 / 60 -51 -67 -72 / 53 65 68 72 / 46 -65 -68 -72 / 48 64 68 -72 / 50 65 -68 -72 / 51 67 -65 -72 / 53 65 69 74 / 55 -65 -69 -74 / 67 -55 -60 -74 / 65 -55 -59 -74 / 48 55 64 72 / 60 63 67 72 <END> 
<S> 55 67 70 75 / 53 -67 -70 -75 / 51 65 70 77 / 50 -65 -70 -77 / 51 63 70 79 / 53 58 70 77 / 55 -58 -70 -77 / 57 60 72 -70 / 69 -57 -60 -72 / 55 62 70 70 / 53 65 -70 -70 / 51 63 70 -70 / 57 63 69 72 / 55 -63 -69 -72 <END> 
<S> 53 57 69 74 / 50 65 -59 -74 / 55 59 67 74 / 65 -55 -59 -74 / 48 58 63 72 / 60 63 67 72 / 58 62 70 77 / 56 -62 -70 -77 / 55 63 70 79 / 53 -63 -70 -79 / 51 63 70 79 / 53 -63 -70 -79 <END> 
<S> 60 63 67 75 / 58 62 -67 -75 / 56 60 72 77 / 55 70 75 -60 / 53 68 72 74 / 55 67 71 -74 / 65 -55 -71 -74 / 56 63 72 / 55 70 -63 -72 / 53 68 72 74 / 55 67 71 74 / 65 -55 -71 -74 <END> 
<S> 56 63 72 75 / 55 -63 -72 -75 / 53 68 72 77 / 53 74 -68 -77 / 58 70 75 77 / 56 -70 -74 / 55 70 75 / 53 -67 -70 -75 / 51 65 70 77 / 50 -65 -70 -77 / 51 63 70 79 / 72 -51 -63 -79 / 50 65 77 -72 / 71 -50 -65 -77 / 48 67 72 75 <END> 
<S> 51 63 67 72 / 53 62 65 -72 / 55 63 70 72 / 56 65 68 72 / 63 -56 -68 -72 / 55 62 67 71 / 60 63 67 / 62 -60 -67 / 53 60 65 68 / 59 62 67 -53 / 51 60 67 75 / 50 -60 -67 -75 / 51 60 67 75 / 53 -60 -67 -75 <END> 
<S> 60 63 67 72 / 55 62 67 70 / 60 63 67 70 / 58 62 65 70 56 60 63 72 / 55 58 -63 -72 / 56 60 68 72 / 65 74 -56 -60 / 48 64 67 72 / 53 60 68 74 <END> 
<S> 56 60 63 72 / 65 -56 -60 -72 / 55 62 67 70 / 60 63 67 68 / 58 65 -68 / 64 67 -44 -60 / 56 60 -67 <END> 
<S> 48 63 68 72 / 50 65 -68 -72 / 51 63 67 70 / 62 -51 -67 -70 / 53 60 65 68 / 63 -53 -60 -68 / 55 59 62 67 / 60 67 -59 / 62 60 -67 -51 <END> 
<S> 43 63 70 -67 / 68 -43 -63 -63 / 44 60 -63 -68 / 46 58 65 -63 / 62 -46 -58 -65 / 56 -46 -62 -65 / 39 55 58 63 / 55 58 63 / 70 -55 -58 -63 <END> 
<S> 46 58 65 74 / 46 58 65 74 / 51 58 67 79 / 50 60 70 77 / 48 -60 -63 -77 / 55 59 67 -77 / 68 -55 -59 -74 / 51 58 67 75 / 60 63 68 79 <END> 
<S> 53 59 68 74 / 55 60 -68 -74 / 56 60 68 75 / 55 -60 -68 -75 / 53 60 68 77 / 62 -53 -68 -77 / 51 63 67 79 / 59 65 74 / 55 59 67 74 <END> 
<S> 44 60 65 74 / 46 -60 -65 -74 / 48 67 72 75 / 53 -67 -72 -75 / 55 67 71 74 / 56 65 71 -74 / 74 -56 -65 / 55 64 70 72 / 53 65 68 72 / 67 -53 -53 -72 / 51 60 67 / 58 62 -67 -72 <END> 
<S> 56 68 72 75 / 55 -67 -72 -75 / 53 68 72 74 / 55 67 71 74 / 65 -55 -71 -74 / 48 63 67 72 / 0 / 56 60 71 77 <END> 
<S> 46 67 70 74 / 65 -46 -70 -74 / 51 58 67 75 / 55 67 70 74 / 65 70 -55 -74 <END> 
<S> 53 68 74 -62 / 60 75 -53 -68 / 55 62 67 71 / 63 -55 -67 -71 / 48 63 67 72 / 48 63 -63 -72 <END> 
<S> 53 68 72 / / 60 -68 -72 / 67 71 -60 44 / 55 65 -67 -71 / 48 63 67 72 / 60 67 72 75 <END> 
<S> 48 63 67 72 / 60 63 72 79 / 58 65 74 82 <END> 
<S> 60 63 67 75 / 58 62 -67 -75 / 56 60 72 77 / 55 70 75 -60 <END> 
<S> 60 67 75 / 58 -60 -67 -75 / 56 60 68 77 / 55 -60 -68 -77 <END> 
<S> 60 67 72 75 / 58 -67 -72 -75 <END> 
<S> 80 68 74 / 62 67 -74 -74 / 72 -56 -67 <END> 
<S> 38 59 67 74 / 60 -59 -67 -74 <END> 
<S> <END> 
<S> 72 56 65 74 / 55 -65 -68 -74 <END> 
<S> 0 / 56 60 64 72 / 65 74 -56 -60 <END> 
<S> 60 67 76 / 59 -60 -67 -76 / 57 60 65 77 / 55 67 76 -60 <END> 
<S> 48 64 67 72 / 60 67 72 76 / 77 -60 -67 -72 <END> 
<S> 60 67 72 / 55 -60 -67 -72 / 53 67 71 74 / 52 -67 -70 -74 / 50 65 72 77 / 71 -50 -65 -77 / 52 67 72 76 / 70 74 -52 -67 <END> 
<S> 48 64 72 79 / 50 -64 -72 -79 / 52 64 72 79 / 48 -64 -72 -79 / 53 64 72 79 / 52 -64 -72 -79 / 53 62 72 77 / 50 -62 -65 -77 / 60 67 76 / 66 -60 -76 -76 / 61 67 69 -76 <END> 
<S> 53 64 69 72 / 57 65 69 -72 / 59 67 74 / 55 65 71 74 / 60 64 72 76 / 59 69 74 77 / 76 -59 -69 -77 / 56 71 76 49 / 74 -56 -71 -76 / 57 69 77 76 / 55 67 71 79 / 53 69 74 50 / 67 72 -53 76 <END> 
<S> 59 64 74 79 / 56 -59 -74 -79 / 57 64 72 79 / 55 -64 -72 -79 / 53 65 72 81 / 52 -65 -72 -81 / 53 65 70 79 / 41 65 69 77 / 40 60 67 79 / 41 60 69 77 <END> 
<S> 61 64 69 79 / 57 -64 -69 -79 / 62 67 72 58 / 62 -67 -72 -77 / 64 67 72 79 / 65 -67 -72 -79 / 67 71 74 79 / 60 -67 -71 -76 / 62 71 79 -67 / 64 69 73 57 / 65 74 -69 -81 / 70 76 79 64 / 74 -64 -70 -79 <END> 
<S> 60 67 72 76 / 59 -67 -72 -76 / 57 69 72 77 / 62 67 72 76 / 77 -55 -62 -72 / 60 67 72 76 / 58 -67 -72 -76 / 57 69 72 77 / 55 -69 -72 -77 / 53 67 72 76 / 52 -67 -72 -76 / 53 69 72 74 / 55 67 71 -74 / 65 -55 -71 -74 <END> 
<S> 50 65 72 77 / 71 -50 -65 -77 / 52 67 72 76 / 53 74 -72 -76 / 55 67 74 -72 / 71 -55 -67 -74 / 56 72 -67 / 66 -56 74 -72 / 55 67 71 74 / 54 62 69 72 / 55 62 67 71 / 55 59 62 67 / 52 59 64 67 / 57 60 64 72 / 55 -60 -64 -72 <END> 
<S> 55 67 71 74 / 72 -51 -67 -74 / 55 67 71 74 / 65 -55 -71 -74 / 48 64 67 72 / 55 65 67 72 / 55 67 74 -72 / 71 -55 -67 -74 / 65 -55 -71 -74 / 56 64 71 72 / 57 64 69 72 / 47 65 74 / 67 -47 -74 <END> 
<S> 55 67 74 -72 / 71 -55 -67 -74 / 69 -55 -67 -74 / 65 71 -55 -67 / 64 67 72 / 55 65 74 -72 / 53 -65 -72 -74 / 55 67 72 76 / 57 -55 -72 -76 / 43 69 74 77 / 59 67 -74 -77 / 60 67 76 -74 / 72 -60 -67 -76 / 55 67 72 74 / 71 -55 -67 -74 / 65 -55 -71 -74 / 48 64 67 72 / 60 64 67 72 <END> 
<S> 69 74 -53 / 59 76 -53 -69 / 52 60 69 77 / 71 -60 -77 -77 / 72 76 -60 -77 / 55 74 -60 -72 / 67 71 74 -55 / 43 59 -67 -74 / 65 -43 -59 -67 / 48 64 67 72 / 60 67 72 76 / 59 -67 -72 -76 / 57 69 72 77 / 55 67 71 76 / 65 -55 -71 -76 <END> 
<S> 48 60 67 76 / 72 -48 -60 -76 / 71 -48 -60 -76 / 47 50 74 77 / 48 52 67 72 / 55 62 67 74 / 60 64 -55 -74 / 59 62 67 74 / 65 -59 -62 -74 / 57 61 64 72 / 55 -57 -64 -72 / 53 57 69 72 / 52 64 67 72 / 57 -64 -64 -72 <END> 
<S> 59 62 67 74 / 60 64 -67 -74 / 55 62 67 72 / 71 -55 -62 -71 / 52 55 67 72 / 50 69 -55 -72 / 54 62 71 -69 / 55 59 67 -71 / 60 64 67 72 / 62 69 -60 -67 / 59 60 67 76 / 69 77 -60 -64 / 59 62 67 79 / 77 -59 -67 <END> 
<S> 47 62 67 71 / 48 64 69 -67 / 50 62 66 -69 / 60 -50 -66 -69 / 43 59 62 67 / 55 59 62 67 / 53 57 -62 -67 / 52 55 62 67 / 50 59 -55 -67 / 52 55 60 67 / 53 57 60 -67 / 55 59 62 67 / 53 -59 -62 -67 <END> 
<S> 54 62 69 / 53 60 -66 -69 / 59 62 67 -53 / 52 60 64 -67 / 50 62 65 69 / 48 -62 -65 -69 / 47 62 65 67 / 43 59 64 -67 / 45 60 65 -64 / 47 55 62 -65 / 48 55 60 64 / 48 55 60 64 / 43 55 58 62 / 57 -43 -55 -62 / 53 55 58 62 / 52 -55 -58 -62 <END> 
<S> 45 60 65 -64 / 47 55 62 -65 / 48 55 60 64 / -74 -48 -55 -60 / 55 59 62 / 40 -55 -59 -62 / 36 52 55 60 / 48 62 -55 -60 / 45 53 60 -60 / 47 55 62 / / 48 -55 -62 -65 / 47 59 62 67 / 0 / 59 62 67 74 <END> 
<S> 55 58 62 -48 -55 / 53 -55 -58 -62 / 52 55 60 / 53 57 60 69 / 45 -53 -60 -69 / 47 62 65 71 / 48 64 67 72 / 48 64 67 71 / 62 -48 -67 -71 / 53 57 60 69 / 55 59 67 74 / 57 60 65 -67 <END> 
<S> 48 60 64 67 / 50 -60 -64 -67 / 52 55 60 67 / 53 62 -55 -67 / 55 64 67 / / 62 -55 -67 / 45 60 65 -55 / 43 47 55 -65 / 47 55 62 67 / 48 55 64 -62 / 50 65 -55 -60 / 52 55 60 67 / 50 -55 -60 -67 / 48 55 62 65 / 47 -55 -62 -65 <END> 
<S> 48 55 60 64 / 50 -55 -60 -64 / 52 55 60 64 / 59 -55 -60 -64 / 57 60 65 -57 / 55 59 62 -65 / 53 57 62 / 71 -53 -57 -62 / 55 59 64 / / 57 60 65 / 59 -57 -65 / 48 60 64 67 / 60 -60 -64 -67 / 62 65 69 -60 / 59 -62 -65 -69 / 57 60 69 72 / 64 -60 -69 -72 <END> 
<S> 57 60 64 72 / 55 59 -64 -72 / 54 57 62 72 / 50 62 66 71 / 52 55 67 72 / 52 64 67 71 / 55 -64 -67 -71 / 57 64 69 72 / 59 62 67 -72 / 60 64 67 74 / 72 -60 -67 -76 / 55 67 71 74 / 52 67 -71 -74 <END> 
<S> 57 64 71 72 / 59 62 74 -72 / 67 -59 -64 -74 / 60 64 67 76 / 62 77 -67 -76 / 61 67 76 79 / 60 69 76 79 / 62 67 74 77 / 72 76 -62 -67 / 69 74 -72 / 50 71 74 -74 / 72 -50 -74 -77 / 52 67 72 76 <END> 
<S> 59 67 74 79 / 60 76 -67 -79 / 62 69 77 -67 / 65 69 74 81 / 72 76 -69 -62 / 55 67 71 74 / 53 67 73 76 / 52 -67 -73 -76 / 50 69 74 77 / 52 -69 -74 -77 / 53 69 74 77 50 55 -69 -74 / 52 67 70 76 / 48 64 69 72 <END> 
<S> 55 67 69 76 / 53 69 74 -67 / 52 67 71 79 / 50 -62 -67 -79 / 48 62 72 77 / 60 -48 76 -72 / 47 67 74 -72 / 48 67 76 -74 / 72 -48 -67 -76 / 43 65 71 74 / 47 64 67 -74 / 65 -47 -67 -74 / 48 67 72 76 / 60 -67 -72 -76 <END> 
<S> 48 67 76 -62 / 60 -48 -67 -76 / 43 60 67 74 / 59 -43 -67 -74 / 48 64 67 72 / 60 67 72 76 / 59 -67 -72 -76 / 57 69 72 77 / 55 62 71 79 / 64 -55 -71 -79 / 50 65 69 77 / 71 -50 -65 -77 <END> 
<S> 60 67 72 / 64 -60 -72 / 71 -60 -64 / 68 74 -60 / 59 67 74 / 57 60 72 76 / 59 -45 -72 -76 / 54 57 74 -72 / 50 74 -57 -69 / 52 55 -74 -74 / 54 72 -55 -74 / 43 67 71 74 / 47 62 -74 79 / 52 67 72 76 / 53 -67 -72 -76 <END> 
<S> 55 67 71 74 / 52 67 73 76 / 50 -67 -71 -76 / 52 68 72 -76 / 70 -52 -68 -76 / 53 69 72 77 / 58 62 67 -77 / 57 60 69 76 / 59 62 -69 -76 / 60 64 67 76 / 65 69 -60 -76 / 59 67 71 74 / 57 60 72 77 / 56 62 71 -77 <END> 
<S> 57 60 69 72 / 59 62 -69 -72 / 60 64 67 76 / 62 77 -60 -67 / 61 76 79 / 58 62 74 -79 / 57 60 72 76 / 65 77 -60 -72 / 59 67 74 79 / 60 76 -67 -79 / 65 72 -60 -76 / 55 67 71 74 <END> 
<S> 59 67 74 / 61 76 -67 45 57 60 69 77 / 60 69 76 -77 / 59 67 74 -77 / 76 -59 -67 -74 / 57 72 77 / 47 -57 -72 -77 / 52 67 72 76 / 53 74 -67 -72 / 55 67 -72 -74 / 54 69 73 -76 / 50 62 -69 -72 <END> 
<S> 57 69 72 77 / 59 -69 -72 -77 / 60 67 72 76 / 55 67 71 74 / 55 67 71 74 / 48 67 72 76 / 50 65 71 77 / 69 -50 -65 -77 / 52 64 67 79 / 62 -52 -67 -79 / 53 60 69 76 / 55 67 71 76 / 50 65 74 77 / 60 67 76 -50 77 / 59 67 74 79 <END> 
<S> 52 67 72 79 / 53 -67 -72 -79 / 55 67 71 74 / 52 67 71 79 / 65 -52 -71 -79 / 56 64 73 76 / 57 72 -64 -76 / 62 65 74 -72 / 70 -57 -65 -74 / 64 67 72 76 / 53 65 69 77 <END> 
<S> 57 64 72 -71 / 69 -57 -64 -72 / 52 64 67 71 / 53 69 -64 -67 / 52 62 67 71 / 50 -62 -67 -71 / 52 55 67 72 / 54 57 62 -72 / 55 59 62 71 / 60 64 -55 -71 / 57 62 66 69 / 59 62 65 -69 / 52 60 64 67 / 59 62 -64 -67 / 45 57 64 72 / 63 -45 -57 -72 <END> 
<S> 52 55 64 71 / 62 -52 -55 -71 / 53 57 60 69 / 59 62 -53 -69 / 48 60 64 67 / 47 62 -60 -67 / 45 52 60 69 / 48 52 -60 -69 / 50 62 65 71 / 48 64 67 69 / 47 62 -67 -69 / 45 64 69 72 / 71 -45 -64 -72 / 50 57 72 -64 / 62 71 -50 -57 <END> 
<S> 45 52 60 67 / 50 53 59 -67 / 48 52 60 67 / 55 -48 -67 / 57 55 62 -48 / 59 -55 -62 / / 55 60 64 / 48 52 55 60 / 53 62 -48 -55 / 52 55 60 -48 / 50 -55 -60 -64 / 55 60 62 / 43 -55 -60 -62 / 43 59 59 62 / 53 -43 -59 -62 <END> 
<S> 44 48 55 60 / 48 52 55 60 / 47 50 62 -55 / 45 48 57 60 / 43 50 59 67 / 43 50 -59 -67 / 48 52 55 67 / 45 60 64 69 / 66 -45 -60 -69 / 47 50 67 71 / 49 64 69 50 / 50 65 -69 <END> 
<S> 45 52 60 72 / 43 50 59 71 / 48 52 64 67 / 53 62 -48 -67 / 45 60 72 -52 / 43 55 58 72 / 41 69 -55 -58 / 43 55 59 67 / 48 60 -55 -67 / 41 55 60 69 / 38 -55 -60 -69 / 48 60 63 67 / 58 -48 -60 -67 / <END> 
<S> 47 55 62 67 / 48 55 60 64 / 50 53 59 65 / 48 52 55 -65 / 60 -48 -55 -64 / 41 57 60 62 / 43 55 59 -62 / 53 -43 -59 -62 / 36 52 55 60 <END> 
<S> 45 48 60 65 / 47 50 -60 -65 / 48 52 55 64 / 53 -48 -52 -64 / 55 -48 -60 -64 / 41 57 62 -60 / 59 -41 -53 -62 / 40 55 60 64 / 53 57 60 62 / 44 53 60 62 / 41 69 -60 -62 / 43 50 59 67 / 55 -43 -59 -67 <END> 
<S> 47 55 62 65 / 48 55 60 64 / 43 59 62 -55 / 45 53 60 65 / 47 55 62 -65 / 48 55 60 64 / 59 -48 -55 -64 / 43 55 60 62 / 59 -43 -55 -62 / 47 55 62 67 / 48 55 60 64 / 50 65 -55 -60 / 52 55 60 67 / 50 -55 -60 -67 <END> 
