<S> 51 55 60 67 / 55 60 -51 -67 / 57 65 -51 -60 / 50 53 59 -65 / 48 55 60 63 / 50 59 -55 -63 / 51 60 -55 -63 / 48 -55 -60 -63 / 43 55 60 62 / 59 -43 -55 -62 / 48 55 60 63 / 50 53 65 -60 / 55 59 -50 -65 / 56 -50 -59 -65 / 51 55 60 63 / 48 -55 -60 -63 <END> 
<S> 43 55 60 67 / 58 -43 -60 -67 / 45 53 60 65 / 47 55 62 -65 / 48 55 60 63 / 62 -48 -55 -60 / 41 56 60 62 / 43 55 59 -62 / 53 -43 -59 -62 / 51 51 55 60 <END> 
<S> 41 56 60 62 / 43 55 59 -62 / 53 -43 -59 -62 / 36 51 55 60 / 48 60 63 67 / 50 -60 -63 -67 / 51 60 63 67 / 58 -60 -63 -67 / 53 60 65 68 / 63 -53 -60 -68 / 46 62 65 70 / 48 63 63 67 <END> 
<S> 48 60 67 68 / 60 -60 -67 -75 / 55 59 67 74 / 72 -55 -59 -67 / 48 60 67 75 / 55 59 67 74 / 60 63 67 72 / 58 62 74 -67 / 56 60 72 77 / 55 75 -60 -72 / 53 65 74 -72 / 55 59 67 -74 / 56 60 68 -74 / 72 -56 -60 -65 <END> 
<S> 60 63 67 72 / 58 62 -67 -72 / 56 60 65 72 / 55 67 -60 -72 / 53 60 68 74 / 55 59 67 -74 / 56 60 65 72 / 48 -56 -65 -72 / 50 62 65 71 / 51 63 67 / 57 60 -67 -75 / 59 62 67 74 / 60 67 75 / 58 62 -67 -75 / 56 63 72 77 / 55 -63 -72 -77 <END> 
<S> 51 63 67 72 / 50 -63 -67 -72 / 48 62 67 74 / 47 -62 -67 -74 / 48 60 67 75 / 51 -60 -67 -75 / 53 60 68 74 / 55 59 67 -74 / 65 -55 -59 -74 / 48 60 63 72 / 50 58 70 77 <END> 
<S> 55 60 67 75 / 53 -60 -67 -75 / 55 59 67 74 / 65 -55 -59 -74 / 48 60 63 72 / 55 67 -60 -72 / 53 60 69 75 / 51 -60 -69 -75 / 50 59 65 74 / / 58 60 74 77 / 59 68 74 -77 <END> 
<S> 56 60 63 72 / 55 70 -60 -63 / 53 56 68 74 / 58 67 70 -53 / 48 63 68 -58 / 53 -48 -68 -68 / 48 67 -53 -68 / 46 61 67 68 / 44 -46 -61 -67 / 41 56 63 68 / 65 -41 -56 -68 <END> 
<S> 46 53 62 68 / 51 58 67 -68 / 63 -51 -58 -67 / 57 60 63 72 / 46 58 62 -72 / 48 63 68 72 / 48 63 67 72 / 60 67 -48 -72 / 55 58 67 70 / 53 56 65 68 / 51 55 67 -65 / 63 70 -51 -58 <END> 
<S> 48 63 67 72 / 56 -48 -67 -72 / 53 56 65 72 / 64 -53 -56 -72 / 54 62 69 74 / 72 -54 -62 -74 / 55 63 70 -74 / 72 -55 -63 -70 / 55 67 70 74 / 53 68 -67 -74 / 51 63 70 79 / 51 63 70 79 <END> 
<S> 50 72 77 -67 / 65 -50 -72 -77 / 51 67 70 75 / 53 69 77 -72 / 50 74 -69 -77 / 51 70 75 79 / 58 70 74 / 56 68 72 / 55 70 74 / 63 67 70 77 / 65 68 50 -77 / 67 70 73 76 <END> 
<S> 70 -58 -65 -75 / 68 -58 -65 -77 / 63 67 79 -58 / 62 65 -67 -79 / 60 67 75 -65 / 58 -60 -67 -75 / 56 60 68 77 / 55 -60 -68 -77 / 53 61 70 79 / 52 60 -70 -79 / 53 60 68 77 / 59 -53 -68 -77 / 60 67 72 -53 / 54 -60 -72 -75 <END> 
<S> 56 60 72 77 / 60 -56 -60 -77 / 55 59 67 74 / 53 -59 -67 -74 / 51 60 67 75 / 58 65 70 74 / 56 65 68 72 / 55 67 71 74 / 53 67 70 72 / 52 -67 -70 -72 / 53 68 72 -70 / 55 65 -68 -72 / 56 -65 -68 -72 / 55 59 67 74 <END> 
<S> 53 65 68 72 / 63 -53 -68 -72 / 46 62 65 70 / 67 -46 -62 -70 / 48 60 63 69 / 50 65 70 -60 / 51 63 67 / 53 60 -67 -72 / 55 62 67 71 / 56 63 72 / 57 65 74 -56 / 55 58 67 75 / 57 60 65 -75 <END> 
<S> 51 63 67 72 / 60 69 -51 -67 / 53 60 65 68 / 62 -53 -65 -68 / 55 60 63 67 / 59 -55 -63 -67 / 57 60 63 72 / 58 62 68 / 60 63 67 / 55 59 62 67 <END> 
<S> 63 67 -58 -70 / 62 -51 -67 -70 / 53 60 68 -67 / 65 -53 -60 -68 / 48 60 65 67 / 64 -60 -65 / 58 62 65 / 56 60 64 72 / 55 65 -60 -72 / 53 61 67 70 / 52 60 -67 -70 / 53 68 60 67 / 55 60 67 -68 / 56 60 65 -68 / 59 65 -56 -65 / 60 -53 -65 -65 <END> 
<S> 52 60 67 72 / 70 -52 -60 -67 / 53 60 68 77 / 65 -53 -60 -68 / 48 60 67 -65 / 64 -48 -60 -67 / 53 56 60 65 / 62 -53 -56 -65 / 51 55 63 70 / 50 -55 -63 -70 / 48 63 72 -55 / 53 -48 -63 -72 / 55 58 62 -48 / 60 67 -55 -58 / 56 62 65 -60 <END> 
<S> 51 55 63 67 / 60 -51 -63 -67 / 53 60 65 68 / 46 62 -65 -68 / 48 63 68 / 61 -48 -63 -68 / 50 58 65 -63 / 60 -50 -58 -65 / 46 58 62 65 / 56 65 -46 -62 / 39 55 58 63 / 55 58 63 / 62 -55 -58 -63 <END> 
<S> 46 58 65 -63 / 50 62 65 / 46 62 65 / 51 55 63 70 / 51 58 63 67 / 48 60 63 -67 / 43 59 -63 -67 / 45 60 65 -63 / 47 62 -65 / 63 -44 -44 -60 <END> 
<S> 48 60 63 67 / 60 -48 -63 -67 / 55 63 -48 -67 / 41 56 62 65 / 47 55 -62 -65 / 65 -47 -55 -62 / 48 55 60 63 / 46 -55 -60 -63 / 44 53 60 62 / 43 -53 -60 -65 / 44 59 60 62 / 43 59 67 -53 / 44 51 60 / 56 -44 -60 <END> 
<S> 41 56 60 62 / 43 55 59 62 / 53 -43 -59 -62 / 48 51 55 60 / 48 60 63 67 / 50 -60 -63 -67 / 51 58 63 67 / 61 -51 -58 -67 / 53 56 60 68 / 58 62 -53 -68 / 48 60 63 67 / 46 -60 -63 -67 <END> 
<S> 46 60 67 -63 / 62 -46 -60 -67 / 44 48 60 65 / 46 -48 -60 -65 / 44 60 67 / 43 59 62 -67 / 44 60 67 75 / 43 -60 -67 -75 / 44 60 72 44 / 59 -44 -72 -77 / 60 -44 56 -72 / 46 62 65 -72 / 48 64 -72 <END> 
<S> 48 60 63 67 / 47 55 62 67 / 65 -47 -55 -62 / 48 55 60 64 / 53 60 65 68 / 51 59 67 / 55 63 67 72 / 53 65 74 -72 / 55 67 71 74 / 65 -55 -71 -74 <END> 
<S> 56 60 63 72 / 55 -60 -63 -72 / 53 68 -60 -72 / 51 60 67 75 / 65 74 -60 -75 / 56 72 75 / 55 74 -72 / 67 72 75 -56 / 55 58 -72 -75 / 56 60 72 77 / 55 62 74 79 / 71 -55 -74 -79 <END> 
<S> 51 63 72 75 / 53 -63 -72 -75 / 55 62 71 74 / 56 60 71 75 / 65 74 -56 -60 / 55 59 67 75 / 57 60 -67 -75 / 59 74 -53 -67 / 55 59 67 74 / 60 67 75 / 58 62 70 77 <END> 
<S> 59 62 67 74 / 55 60 -67 -74 / 55 59 67 74 / 48 60 75 -67 / 59 62 67 74 / 77 -59 -62 -67 / 79 60 67 / 53 65 68 74 / 63 72 -68 -68 / 62 65 -68 -72 / 60 63 67 72 / 58 62 -67 -72 / 56 60 65 72 / 55 67 -60 -72 / 53 60 65 68 / 59 62 67 -53 / 51 60 67 -51 / 50 -51 -60 -67 <END> 
<S> 56 60 68 72 / 55 70 -68 -72 / 53 68 72 74 / 67 -53 -53 -74 / 55 59 67 74 / 56 60 71 -74 / 65 72 -56 -60 / 55 59 62 -65 / 53 57 62 70 / 50 62 66 69 / 60 -50 -66 -69 / 51 58 67 / 60 -51 -67 -75 / 50 62 65 71 / 48 63 67 72 / 55 59 67 74 <END> 
<S> 55 58 62 70 / 63 -55 -58 -70 / 57 65 69 / 59 62 67 / 60 63 67 75 / 58 62 -67 -75 / 56 60 72 77 / 55 70 -60 -77 / 53 65 68 72 / 74 -53 -65 -68 / 75 -53 -65 -68 / 46 65 68 74 / 55 63 -70 -74 / 53 63 72 -70 / 52 67 -70 -72 / 53 65 69 -72 / 63 -53 -69 -72 <END> 
<S> 53 65 68 74 / 63 -53 -68 -74 / 62 65 70 36 / 63 67 75 79 / 60 -67 -75 -79 / 59 67 74 79 / 55 -67 -74 -79 / 60 67 75 79 / 58 -67 -75 -79 / 56 60 72 77 / 55 70 75 -77 / 53 65 72 80 / 74 -53 -65 -80 / 55 62 71 79 / 63 -62 -71 -79 <END> 
<S> 60 67 72 75 / 58 -67 -72 -75 / 56 66 72 75 / 70 -56 -66 -75 / 53 68 72 77 / 60 -53 -68 -72 / 55 62 67 71 / 55 59 62 67 / 48 63 67 79 / 60 63 -67 -79 / 59 62 67 77 / 60 67 75 / 55 59 74 -67 / 55 60 67 75 / 53 68 77 -60 <END> 
<S> 59 62 67 74 / 60 67 75 / 62 74 -67 -75 / 63 65 72 81 / 62 65 74 -80 / 58 67 75 79 / 77 -59 -67 -79 / 60 67 75 79 / 62 74 -67 -79 / 63 67 72 75 / 62 65 -72 -75 / 63 70 79 -53 / 53 -63 -70 -79 / 55 63 70 79 / 56 -63 -70 -79 <END> 
<S> 60 63 72 75 / 62 65 70 77 / 63 70 79 -65 / 63 -63 -70 -79 / 59 63 67 79 / 62 77 -67 -79 / 60 67 75 79 / 58 74 -67 -79 / 57 60 72 77 / 55 70 75 -60 / 53 65 69 72 / 75 -53 -65 -72 / 58 65 70 74 / 59 -65 -70 -74 <END> 
<S> 60 67 75 / 58 -60 -67 -75 / 56 60 72 75 / 55 -60 -75 -75 53 53 68 74 -60 / 51 67 70 75 / 46 65 70 74 / 47 65 68 74 / 48 65 68 -65 / 63 -48 -65 -68 / 47 65 68 74 / 62 67 -47 -74 / 48 63 72 79 / 50 65 -72 -79 <END> 
<S> 44 60 72 -63 / 46 62 -60 -72 / 67 48 -55 -60 / 47 65 -55 -67 / 48 60 64 67 / 51 60 67 79 / 60 63 69 -51 / 53 65 68 72 / 63 67 -53 -72 / 55 62 67 71 / 43 59 62 67 <END> 
<S> 51 63 67 72 / 53 -63 -67 -72 / 55 62 67 71 / 56 60 65 72 / 62 -56 -60 -72 / 55 60 67 74 / 59 -55 -67 -74 / 48 63 67 72 / 60 63 67 72 / 58 62 -67 -72 <END> 
<S> 48 63 67 72 / 60 63 67 72 / 58 65 74 / 56 -58 -65 -74 / 55 58 67 75 / 53 63 68 77 / 51 62 67 70 / 53 -62 -67 -70 / 51 63 72 / 70 -48 -63 -72 / 53 68 74 -63 / 58 67 -53 -74 <END> 
<S> 53 68 68 74 / 55 62 67 -74 / 56 63 72 / 58 65 74 / 56 65 -58 -74 / 55 63 70 75 / -51 -55 -70 -75 / 53 68 77 74 / 67 -53 -74 -77 / 55 63 70 75 / 53 -63 -70 -75 / 51 65 70 74 / 50 -65 -70 -74 / 51 67 72 / 65 74 -51 -72 / 67 75 -58 -72 / 56 60 65 74 / 64 72 -60 -68 / 55 62 67 71 <END> 
<S> 51 67 72 75 / 53 -67 -72 -75 / 55 67 71 74 / 65 -55 -71 -74 / 56 63 72 / 52 -63 -72 / 53 68 74 77 / 58 -68 -74 -77 / 67 72 -58 -77 / 55 65 70 74 / 53 -65 -70 -74 / 51 63 70 79 / 62 77 -70 / 56 60 72 75 / 55 -60 -72 -75 <END> 
<S> 55 63 70 75 / 53 -63 -70 -75 / 51 66 72 79 / 70 -51 -63 -79 / 56 68 77 / 65 75 -56 -65 / 50 58 -65 77 / 51 58 63 75 / 53 65 68 74 / 55 63 67 75 / 56 62 65 -75 / 60 63 68 74 / 59 62 67 74 / 58 60 67 75 <END> 
<S> 58 62 65 77 / 67 75 -58 / <END> 
<S> 79 / 62 71 77 <END> 
<S> 42 72 -64 <END> 
<S> 81 -58 -67 -74 / 60 64 67 -58 / 53 60 69 -64 <END> 
<S> 67 -57 -60 / -76 59 62 -67 / 57 60 69 76 / 62 77 -60 -69 / 79 61 67 79 / 62 71 77 / 60 64 72 76 / 62 77 -60 -72 / 64 70 79 -60 / 65 77 -60 -79 <END> 
<S> 60 64 67 76 / 62 65 -67 -76 / 64 67 72 / 60 66 69 -72 / 55 67 71 74 / 53 -67 -71 -74 / 52 67 72 -71 / 50 65 69 -72 / 71 -50 -65 -69 / 48 64 67 72 / 65 -48 -67 -72 <END> 
<S> 55 67 72 74 / 69 -55 -67 -74 / 70 -55 -62 -74 / 65 -55 -70 -74 / 60 67 72 76 / 58 -67 -72 -76 / 57 65 72 77 / 53 -65 -72 -77 / 58 65 72 77 / 70 -58 -65 -77 / 64 70 79 79 / 62 -70 -79 -79 / 72 81 81 -67 / 66 -72 -81 <END> 
<S> 58 65 70 74 / 56 -65 -70 -74 / 55 70 75 75 / 74 -55 -70 -75 / 53 68 72 75 / -53 -68 -72 -75 / 58 62 70 77 / 56 -62 -70 -77 / 55 63 70 79 / 53 72 -63 -79 / 51 67 70 79 / 50 -70 -67 -79 / 48 72 77 -58 / 79 -48 -63 -72 <END> 
<S> 53 60 69 80 / 55 70 -60 -80 / 56 72 75 / 58 65 74 / 68 -58 -65 -74 / 59 67 74 79 / 60 67 75 / 58 62 -67 -75 / 56 60 65 72 / 55 58 67 -72 / 53 56 68 72 / 74 -53 -56 -68 / 55 58 67 75 / 56 60 -67 -75 <END> 
<S> 56 63 68 72 / 65 -56 -68 -72 / 64 -53 -65 -68 / 59 62 67 74 / 60 67 75 / 58 60 -67 -75 / 56 68 72 75 / 55 -68 -72 -75 / 53 68 72 77 / 67 -53 -72 -77 / 58 65 74 77 / 56 -65 -74 -77 / 55 70 75 79 / 56 60 -70 -75 <END> 
<S> 53 65 72 74 / 63 -53 -72 -74 / 53 65 70 77 / 41 -65 -70 -77 / 55 63 70 75 / 53 -55 -70 -75 / 55 61 70 -75 / 56 65 72 -75 / 58 -54 -70 -75 / 51 63 67 72 / 50 65 70 74 / 48 63 67 72 / 53 68 74 -72 <END> 
<S> 53 68 77 -60 / 58 62 67 77 / 56 -58 -62 -77 / 55 58 70 77 / 53 -58 -70 -77 / 68 -58 -70 -77 / 51 63 70 79 / 62 67 70 79 / 48 63 67 79 / 50 65 -67 -79 / 51 67 72 79 / 53 -67 -72 -79 / 55 67 71 74 / 60 67 72 75 <END> 
<S> 50 68 77 -77 / 51 70 75 -77 / 53 72 81 79 / 55 71 74 -81 / 56 63 72 77 / 53 62 75 -77 / 60 63 75 79 / 58 62 -75 -79 / 56 60 72 77 / 53 70 75 -77 / 58 70 75 77 / 74 -58 -70 -77 / 68 -58 -74 -77 / 60 67 75 <END> 
<S> 57 60 72 75 / 55 70 -60 -75 / 53 65 72 80 / 74 -53 -65 -80 / 55 58 75 79 / 56 -58 -76 -79 / 58 74 77 -65 / 68 -58 -74 -77 / 51 67 70 75 / 58 67 70 74 / 60 68 72 / 67 74 -60 / 55 58 -67 -74 / 60 72 -55 -67 <END> 
<S> 55 70 75 75 / 56 -70 -75 -75 / 58 65 74 77 / 67 75 -58 -65 / 63 70 -46 -65 / 65 -46 -70 -70 / 46 67 70 74 / 51 63 67 70 / 50 65 70 52 / 52 67 72 79 / 53 60 68 77 / 55 -60 -68 -77 <END> 
<S> 51 58 67 75 / 53 68 74 77 / 55 70 75 79 / 56 72 77 -63 / 58 62 70 -77 / 68 -58 -62 -77 / 51 67 70 75 / 58 67 75 79 / 60 70 -75 -79 / 58 72 80 77 / 56 60 -72 -77 <END> 
<S> 63 68 72 77 / 70 -56 -65 -77 / 49 64 67 79 / 62 72 77 -67 / 60 67 72 75 / 58 -67 -72 -75 / 56 60 72 77 / 62 -56 -72 -77 / 63 -56 -72 -77 / 58 62 70 77 / 51 63 70 79 / 53 63 68 79 <END> 
<S> 56 60 72 77 / 53 -60 -72 -77 / 55 67 71 74 / 77 -55 -67 -74 / 51 60 67 75 / 53 -60 -67 -75 / 55 59 67 74 / 72 -55 -59 -74 / 48 55 67 72 / 48 63 67 70 / 53 56 -67 -70 <END> 
<S> 53 60 67 74 / 55 59 -67 -74 / 65 -55 -67 -74 / 48 63 67 72 / 60 63 72 79 / 58 -63 -72 -79 / 57 65 72 77 / 55 70 -65 -77 / 53 63 72 79 / 60 80 -53 -72 / 58 62 70 77 <END> 
<S> 53 63 72 -70 / 62 -53 -70 -72 / 63 -53 -70 -72 / 46 62 65 70 / 63 67 70 / 62 65 -70 / 60 63 67 70 / 55 59 67 74 <END> 
<S> 50 62 65 71 / 48 60 67 72 / 55 59 67 74 / 60 63 67 / 65 -60 -67 / 58 67 75 / 56 60 68 77 / 55 60 67 75 / 53 -55 -60 -75 <END> 
<S> 60 67 75 / 58 -60 -67 -75 / 56 60 72 75 / 55 70 -60 -75 / 53 60 68 74 / 55 59 67 -74 / 65 -55 -59 -74 / 48 60 63 72 / 50 58 70 77 <END> 
<S> 55 60 67 75 / 53 -60 -67 -75 / 55 59 67 74 / 65 -55 -59 -74 / 48 60 63 72 / 51 58 63 67 / 60 63 68 72 / 58 62 70 77 <END> 
<S> 48 63 67 72 / 60 63 72 79 / 58 65 74 80 / 64 70 79 / 62 65 -70 -79 / 60 63 72 79 / 62 -63 77 -72 / 63 79 79 -63 <END> 
<S> 60 63 72 80 / 62 65 70 -80 / 63 79 -65 -70 / 60 63 70 -79 / 56 72 -60 -70 / 53 68 72 80 / 55 -68 -72 / 56 60 72 77 / 58 62 -60 -77 / 60 67 75 / 58 -60 -67 -75 <END> 
<S> 56 63 72 77 / 53 -63 -72 -77 / 58 62 70 77 / 46 62 70 77 / 51 67 70 75 / 58 65 -70 -75 / 56 65 68 72 / 55 67 70 75 / 53 60 68 74 / 59 -60 -68 -74 / 56 60 67 72 / 65 -56 -60 -72 / 55 62 67 70 / 60 63 -67 -70 / 58 62 65 -70 / 56 60 -65 -70 / 55 62 67 70 / 55 -62 -67 -70 <END> 
<S> 53 65 70 72 / 51 -65 -70 -72 / 53 65 69 72 / 63 74 -53 -68 / 62 65 67 / 60 64 69 -67 / 58 62 67 70 / 57 60 63 72 / 53 60 65 74 / 46 58 65 45 74 / 56 -65 -74 <END> 
