<S> 51 63 67 72 / 50 -63 -67 -72 / 48 62 67 74 / 47 -62 -67 -74 / 48 67 75 -62 / 60 68 -48 -75 / 43 58 70 75 / 63 -43 -70 -75 / 44 72 77 -63 / 62 -44 -72 -77 / 60 -44 -72 -77 / 46 62 70 77 / 39 63 70 79 / 51 63 70 79 <END> 
<S> 44 72 77 -63 / 59 62 74 -77 / 60 63 72 75 / 67 -60 -63 -75 / 65 68 72 77 / 57 -65 -72 -77 / 58 74 79 / 67 75 -58 -79 / 56 60 68 77 / 58 62 70 77 / 68 -58 -62 -77 / 51 67 70 75 / 58 65 70 74 <END> 
<S> 53 68 77 -63 / 62 -53 -68 -77 / 60 63 67 79 / 58 65 -51 -79 / 56 60 72 77 / 55 70 -60 -77 / 53 65 68 72 / 74 -53 -65 -68 / 48 63 67 75 / 69 -48 -63 -75 / 50 65 70 74 / 51 -65 -70 -74 / 53 65 70 72 / 55 63 -70 -72 <END> 
<S> 53 60 68 72 / 51 67 70 / 50 65 -67 -70 / 48 63 67 72 / 55 -60 -63 -72 / 53 60 68 74 / 54 -53 -60 -74 / 55 59 62 -74 / 60 -55 -59 -74 / 55 59 67 74 / 48 63 67 72 / 50 65 74 -72 <END> 
<S> 55 60 67 75 / 56 60 65 68 / 74 -56 -60 -65 / 55 63 72 -58 / 53 56 62 -72 / 46 55 62 70 / 53 62 69 -55 / 54 60 62 -69 / 55 58 62 67 / 51 58 67 / 65 -51 -58 -67 <END> 
<S> 54 62 69 -63 / 62 -54 -69 / 55 58 63 67 / 62 -51 -55 -67 / 48 60 63 67 / 58 -48 -63 -67 / 43 56 63 70 / 55 -43 -63 -70 / 53 56 60 68 / 58 -53 -65 -68 / 51 56 67 -65 / 58 64 -55 -67 / 41 60 65 68 / 55 63 67 70 / 45 65 -67 -70 <END> 
<S> 55 60 63 70 / 53 -60 -63 -70 / 51 58 67 70 / 53 65 68 -70 / 63 -53 -65 -68 / 55 59 62 67 / 55 59 62 67 / 60 67 75 / 58 -60 -67 -75 / 57 60 65 75 / 72 -60 -65 -75 / 58 65 74 -72 / 56 -65 -70 -74 <END> 
<S> 51 60 67 75 / 58 -60 -67 -75 / 56 60 68 77 / 55 -60 -68 -77 / 53 60 70 79 / 52 -60 -70 -79 / 53 60 68 77 / 59 62 67 -77 / 60 63 67 75 / 65 -60 -75 -75 / 55 67 71 74 / 53 -67 -71 -74 / 51 67 72 / 50 65 -72 <END> 
<S> 60 63 67 75 / 69 -60 -63 -75 / 55 65 71 74 / 53 63 67 72 / 52 60 67 -72 / 53 62 65 69 / 60 63 67 -53 / 65 68 -60 -63 / 62 67 70 61 / 68 -62 -63 -72 / 63 67 70 / 65 -63 -70 / 46 63 70 / 62 -46 -70 -65 <END> 
<S> 63 68 -58 -63 / 62 -51 -63 -68 / 55 60 63 70 / 53 61 65 68 / 52 -61 67 -65 / 48 60 64 68 / 58 -48 -64 -68 / 53 56 60 65 / 55 59 62 -65 / 60 63 -55 -60 / 56 59 62 -60 / 61 -56 -59 <END> 
<S> 56 60 63 72 / 65 74 -56 -60 / 55 60 67 75 / 53 -60 -67 -75 / 55 60 67 74 / 43 59 -67 -74 / 65 74 -43 -59 -74 / 63 67 72 / 60 63 72 79 / 57 63 72 -79 / 53 65 72 80 / 74 -53 -65 -80 <END> 
<S> 60 63 68 72 / 62 65 -68 -72 / 60 63 67 / 58 -60 -67 -75 / 56 60 65 77 / 53 -60 -65 -77 / 58 62 70 77 / 51 63 70 79 / 53 63 70 79 / 62 -53 -70 -79 / 55 58 70 75 / 57 60 73 -79 <END> 
<S> 51 63 70 79 / 55 63 -70 -79 / 53 63 68 77 / 51 67 75 -60 / 58 60 65 -51 / 56 60 65 72 / 55 67 -60 -72 / 53 60 68 74 / 55 59 67 74 / 65 -55 -59 -74 <END> 
<S> 56 60 63 72 / 65 -56 -60 -72 / 55 62 67 70 / 53 -62 -67 -70 / 51 60 67 -67 / 48 -60 -67 -67 / 53 60 65 68 / 46 -60 -65 -68 / 51 58 63 67 / 53 -58 -63 -67 / 55 58 63 67 / 56 65 -63 -67 <END> 
<S> 58 62 65 70 / 56 -62 -65 -70 / 55 61 67 70 / 53 60 -67 -70 / 53 62 69 -60 / 59 62 -53 -69 / 60 -53 -62 -69 / 55 59 62 67 / 60 63 67 72 / 58 62 74 -67 <END> 
<S> 58 62 65 74 / 67 -58 -62 -74 / 60 67 75 / 58 -60 -67 -75 / 56 60 65 77 / 55 67 75 -60 / 53 60 68 74 / 55 59 67 74 / 65 -55 -67 -74 / 48 63 67 72 / 58 70 -67 / 53 65 68 72 / 65 -53 -68 -72 <END> 
<S> 60 67 68 / 59 62 67 74 / 55 67 71 74 / 48 67 72 75 / 50 65 70 77 / 65 68 -50 -77 / 70 -56 -65 -77 / 55 72 -63 -77 / 53 62 74 77 / 71 -62 -74 -77 / 60 67 72 75 / 55 70 74 -60 / 53 68 75 -60 / 51 67 -60 -75 / 55 74 -51 -67 / 55 65 70 75 <END> 
<S> 53 68 74 60 / 55 75 -68 -74 / 56 71 77 -55 -74 / 65 -71 -74 -77 / 72 67 72 75 / 48 -67 -72 -75 / 55 67 71 74 / 55 67 71 75 / 48 -67 72 -75 / 53 68 72 74 / 55 67 71 -74 / 65 -55 -71 -74 / 48 63 67 72 <END> 
<S> 48 67 72 75 / 53 -67 -72 -75 / 55 67 71 74 / 72 -55 -67 -74 / 51 67 72 75 / 53 -67 -72 -75 / 55 67 71 74 / 72 -55 -67 -71 / 65 -55 -67 -72 / 60 67 72 75 / 58 -67 -72 -75 / 56 60 72 77 / 55 70 -60 -77 <END> 
<S> 48 63 67 72 / 60 63 67 72 / 58 62 -67 -72 / 57 60 66 72 / 55 62 67 70 / 57 63 69 72 / 50 65 68 74 / 58 67 70 75 / 51 70 79 79 <END> 
<S> 54 62 69 74 / 72 -54 -69 -74 / 55 62 70 74 / 63 72 -55 -70 / 65 -55 -72 -72 / 55 67 72 -72 / 53 68 74 -72 / 55 67 71 -74 / 65 -55 -71 -74 / 48 55 64 72 <END> 
<S> 55 67 70 75 / 57 -67 -70 -75 / 58 65 74 -70 / 72 -58 -65 46 / 74 -58 -65 / 63 67 -58 -74 / 58 62 70 77 / 68 -58 -62 -77 / 60 63 67 75 / 65 69 -60 -75 / 55 67 71 74 / 72 75 -67 / 62 65 -56 -72 / 55 62 71 79 / 63 -55 -71 -79 <END> 
<S> 60 67 75 / 58 62 -67 -75 / 56 63 72 75 / 55 -63 -72 -75 / 53 68 74 -63 / 59 62 -53 -74 / 51 60 67 68 / 50 -60 -67 -70 / 52 60 67 72 / 53 -60 -67 -72 / 52 60 67 72 / 65 74 -60 / / 60 67 75 / 58 -60 -67 -75 / 56 60 65 77 / 55 72 75 -60 / 53 74 -67 -72 <END> 
<S> 60 67 -51 -67 / 53 65 69 72 / 74 -53 -65 -69 / 54 63 69 72 / 55 62 70 -69 / 67 -55 -62 -70 / 50 -62 -67 -70 / 51 60 67 72 / 53 -67 -72 / 51 55 -67 -72 / 71 63 -55 -67 / 62 -43 -55 -67 / 59 62 -55 -67 / 0 / 55 62 71 / 53 -55 -62 -71 / 51 55 63 72 / 48 -55 -63 -72 / 55 62 71 / 48 55 67 72 / 50 62 65 71 <END> 
<S> 55 62 67 71 / 60 64 67 69 / 65 68 -60 -68 / 59 67 74 / 65 -47 -67 -74 / 75 59 67 74 / 65 -59 -67 -74 / 60 67 75 / 58 62 74 77 / 56 72 75 / 55 77 -72 / 53 68 -72 -77 / 51 67 72 79 / 50 59 74 79 <END> 
<S> 55 67 74 75 / 56 -67 -72 -75 / 58 74 -67 -72 / 56 -68 -74 -74 / 55 70 75 -74 / 53 -70 -70 -75 / 51 65 70 74 / 72 -65 -70 / 55 71 74 -70 / 51 67 72 48 / 65 68 72 63 / 67 -63 -72 / 0 / 65 68 72 <END> 
<S> 48 63 67 72 / 60 63 72 79 / 58 63 70 82 / 56 63 72 77 / 58 62 70 77 / 68 -58 -62 -77 / 60 63 67 75 / 59 62 67 77 / 60 63 -67 -77 / 55 62 67 75 / 53 68 77 -63 / 55 62 70 / 53 -55 -62 -70 <END> 
<S> 58 62 70 77 / 68 -58 -62 -77 / 60 63 67 75 / 53 65 68 74 / 63 72 -53 -68 / 55 62 67 70 / 43 59 62 70 / 67 -43 -59 -62 / 44 60 36 -67 / 43 59 67 -43 / 45 -43 -59 -67 / 45 48 60 -67 / 47 62 65 -56 / 47 62 67 / 55 -47 -62 -67 / 48 55 62 65 / 60 -48 -55 -63 <END> 
<S> 47 62 67 / 48 60 -62 -67 / 50 59 62 67 / 57 60 -50 -67 / 43 55 62 70 / 50 59 -62 -70 / 48 55 60 63 / 58 -48 -55 -63 / 44 56 60 65 / 43 58 62 -65 / 63 -43 -58 -62 / 44 56 60 63 / 43 -56 -60 -63 / 55 62 -43 -60 / 59 -43 -55 -62 / 53 -43 -59 -62 <END> 
<S> 44 56 60 63 / 43 -56 -60 -63 / 41 60 62 65 / 43 55 -60 -65 / 53 -43 -60 -60 / 59 -43 -53 -62 / 44 -53 -59 -62 / 51 55 60 / 55 59 62 -55 / 53 -55 -59 -62 / 51 55 60 63 / 51 -55 -60 -63 / 56 60 65 / 55 59 62 -65 / 53 57 62 65 / -53 -57 -62 -65 <END> 
<S> 47 55 62 65 / 48 55 60 63 / 46 -55 -60 -64 / 44 56 60 63 / 43 -56 -60 -63 / 44 56 60 65 / 59 -44 -56 -65 / 42 60 63 67 / 43 59 62 67 / 53 -59 -62 -67 / 51 60 63 67 / 53 -60 -63 -67 / 55 59 62 67 / 56 60 63 72 / 65 74 -56 -60 / 55 60 67 75 / 53 -60 -67 -75 <END> 
<S> 44 60 68 -63 / 44 62 -60 -68 / 43 60 63 67 / 59 -43 -63 -67 / 58 65 -43 -59 / -67 59 58 67 / 51 58 67 70 / 48 58 63 67 / 62 -58 -67 / 56 60 65 -51 / 58 62 67 / 60 -58 -62 -67 / 50 60 65 / 53 62 -50 -65 / 43 55 63 / 59 62 -43 -55 / 41 60 -55 -59 / 43 55 60 -51 / 51 58 -43 / -63 -55 -58 56 <END> 
<S> 44 60 63 65 / 59 62 -44 -65 / 60 63 -44 -60 / 43 62 -60 -60 / 41 60 -60 -67 / 43 55 59 62 / 67 -43 -55 -62 / 65 -43 -55 -59 / 48 55 60 63 / 51 55 58 -63 / 51 56 60 63 / 53 -51 -60 -63 / 55 59 62 / 43 55 60 67 <END> 
<S> 44 48 60 65 / 41 -48 -60 -65 / 43 55 59 62 / 36 55 60 63 / 53 -55 -60 -63 / 55 59 62 / 43 55 59 62 / 48 55 60 63 / 50 -55 -60 -63 / 51 55 60 63 / 58 -51 -60 -63 / 55 59 62 / 53 56 60 <END> 
<S> 48 55 60 63 / 46 -55 -60 -63 / 44 53 60 65 / 43 50 58 67 / 45 51 60 65 / 41 -51 -60 -65 / 39 55 58 67 / 41 63 68 -58 / 48 51 -63 -68 / 46 53 67 -63 / 61 -46 -53 -67 <END> 
<S> 43 50 60 67 / 58 -43 -50 -67 / 43 55 62 -67 / 53 -43 -62 -67 / -71 51 60 67 / 41 -51 -60 -67 / 43 51 58 -60 / 41 -51 -58 -60 / 43 51 58 -58 / 57 -43 -51 -58 / 55 -39 58 63 / 45 53 60 65 / 39 46 58 67 <END> 
<S> 44 51 60 65 / 41 -51 -60 -65 / 46 50 58 -65 / 39 51 58 63 67 <END> 
<S> 44 60 65 / 53 -44 -60 -65 / 46 53 62 70 / 46 -53 -62 -70 / 51 58 63 67 / 50 58 65 -58 <END> 
<S> 50 53 65 70 / 51 58 67 / 53 57 60 65 / 59 62 67 -53 / 52 60 64 -67 / 53 59 62 67 / 51 60 -59 -67 <END> 
<S> 53 57 62 69 / 60 -53 -57 -69 / 55 58 62 -69 / 60 -55 -62 / 58 62 -55 / 53 57 -62 / 55 58 62 / 52 55 -58 -62 / 53 57 60 / 55 59 62 / 48 55 60 64 / 41 57 60 65 / 43 58 62 67 / 53 -62 -59 -67 <END> 
<S> 50 55 57 62 / 59 -50 -55 -62 / 55 -47 -55 -62 / 53 -43 -55 -62 / 48 52 55 60 / 48 52 60 / 55 -48 -60 / 47 55 62 67 / 43 71 -62 -67 / 45 54 69 72 / 47 62 67 70 / 48 60 69 -67 / 50 62 66 -69 / 60 -50 -66 -69 / 55 59 62 67 / 52 55 59 67 <END> 
<S> 48 55 64 69 / 45 -55 -64 -69 / 50 54 62 69 / 43 59 62 67 / 48 60 64 67 / 50 -60 -64 -67 / 52 55 64 67 / 53 57 65 / / 55 64 67 / 53 62 65 69 / 55 64 -62 -69 / 62 65 -55 / 56 64 -55 / 59 74 -55 -64 / 54 57 62 72 / 59 62 -54 -72 / 48 55 60 64 / 62 65 -48 -55 / 60 <END> 
<S> 50 65 71 -65 / 69 -50 -65 -71 / 52 60 64 -69 / 53 69 -55 -60 / 59 62 67 -53 / 52 60 67 -59 / 50 59 65 -67 / 48 55 60 64 / 60 -48 -55 -60 / 41 57 62 -60 / 55 59 62 / / 53 -59 -62 / 36 52 55 60 / 48 52 60 / 55 59 62 -48 / 52 55 60 67 / 50 -55 -60 -67 <END> 
<S> 45 60 65 -55 / 50 54 -60 -65 / 52 55 59 67 / 50 -55 -59 -67 / 48 55 65 -58 / 59 -48 -55 -67 / 50 57 60 65 / 59 62 -50 -65 / 57 60 64 -50 / 55 59 62 / 53 53 -59 -62 / 52 52 55 60 / 50 53 62 -60 / 48 55 60 64 / 43 59 62 -60 / 45 52 60 64 / 48 -45 -60 -64 <END> 
<S> 55 59 62 / 53 -55 -59 -62 / 52 55 59 62 / 50 -55 -59 -62 / 52 55 60 67 / 50 -55 -60 -67 / 48 55 62 65 / 47 -55 -62 -65 / 48 55 60 64 / 48 55 60 64 / 47 55 62 65 / 48 55 64 -65 / 47 55 62 67 <END> 
<S> 48 55 60 64 / 50 65 -55 -60 / 55 59 -50 -65 / 52 55 60 64 / 54 -55 -60 -64 / 55 59 62 / 55 59 64 67 / 57 60 66 69 / 50 62 65 71 / 55 64 67 72 / 53 57 65 74 / 59 62 67 -53 / 52 60 64 -67 / 50 53 65 69 / 52 -50 -65 -69 <END> 
<S> 52 55 64 71 / 60 -52 -55 -71 / 54 57 62 69 / 59 -54 -62 -69 / 52 60 64 67 / 59 62 -52 -67 / 53 60 57 69 / 52 55 -60 -69 / 50 53 62 71 / 48 55 64 72 / 55 59 67 74 / 45 -55 -59 -74 / 50 59 65 74 / 52 59 -65 -69 <END> 
<S> 50 55 62 71 / 48 -55 -62 -71 / 47 55 62 69 / 43 -55 -62 -69 / 48 54 62 69 / 50 -48 -62 -69 / 49 52 64 67 / 50 62 65 -67 / 48 60 64 67 / 59 -48 -64 -67 / 45 57 64 65 / 59 -45 -64 -71 / 45 57 60 65 / 72 -57 -57 -60 <END> 
<S> 47 55 67 69 / 48 60 66 69 / 52 -60 -64 -69 / 50 53 62 71 / 48 55 64 72 / 52 60 64 67 / 58 62 -64 -67 / 56 60 65 -64 / 62 -53 -56 -65 / 55 60 64 67 / 53 57 62 65 / 58 64 -57 -62 / 57 -45 60 65 / 46 53 62 -65 / 58 -46 -53 -62 / <END> 
<S> 53 60 65 69 / 62 -53 -60 -69 / 55 59 62 67 / 64 -55 -59 -67 / 57 60 65 / 47 59 62 67 / 55 58 60 64 / 53 57 -55 -60 / 55 59 62 / 53 -55 -59 -62 / 52 55 59 62 / 50 -55 -59 -62 / 52 55 60 67 / 50 -55 -60 -67 <END> 
<S> 55 59 62 / 53 -55 -59 -62 / 52 55 59 67 / 50 -55 -59 -67 / 48 55 60 67 / 53 65 -60 -67 / 52 55 -60 -65 / 59 62 -52 -55 / 55 -47 -59 -62 / 48 52 55 60 / 52 55 -55 -60 / 47 54 -55 -60 / 48 52 55 60 / 50 48 -55 -60 / 45 52 60 65 / 48 58 64 -65 <END> 
<S> 55 59 62 / 53 -55 -59 -62 / 52 55 59 64 / 50 -55 -59 -64 / 48 55 60 64 / 59 -55 -60 -64 / 55 59 62 / 53 55 -59 -62 / 52 55 60 64 / 48 55 60 65 / 53 57 60 65 / 62 65 -53 -57 / 52 57 60 64 / 53 57 60 / 55 59 62 <END> 
<S> 48 55 60 64 / 43 55 59 62 / 55 -43 -55 -62 / 48 55 60 64 / 48 52 60 67 / 41 -52 -60 -67 / 40 55 60 64 / 41 -55 -60 -64 / 43 55 60 -60 / 59 -43 -55 -60 / 47 62 -55 -59 / 55 -43 -59 -62 / 36 52 55 60 / 48 52 67 72 / <END> 
<S> 41 48 55 -60 / 38 72 -55 -60 / 43 55 59 62 / 41 -55 -59 -62 / 40 48 55 60 / 48 52 60 67 / 47 55 62 67 / 45 69 -55 -62 / 50 55 62 71 / 38 -55 -62 -71 / 43 52 60 67 / 59 -43 -60 -67 / 52 60 67 69 / 59 62 67 -67 / 69 57 64 -67 / 50 62 66 69 <END> 
<S> 47 55 62 67 / 48 55 64 69 / 50 -55 -64 -69 / 52 62 71 -57 / 50 54 -62 -71 / 52 55 67 72 / 54 57 62 -72 / 55 59 62 71 / 60 64 -55 -71 / 48 60 64 69 / 59 -48 -64 -69 / 50 57 66 -69 / 60 -50 -66 -69 <END> 
<S> 52 64 71 -57 / 62 -52 -64 -71 / 54 60 69 -64 / 62 -54 -69 / 60 64 67 / 59 62 -48 -67 / 45 53 60 69 / 47 62 -53 -69 / 48 52 60 64 / 50 53 -60 -64 / 52 55 60 67 / 53 69 -60 -67 / 55 59 62 67 / 53 -59 -62 -67 <END> 
<S> 50 57 62 65 / 47 55 -62 -65 / 48 55 60 64 / 48 55 60 64 / 59 -48 -55 -64 / 50 57 60 66 / 59 62 -50 -65 / 52 60 64 67 / 58 -52 -60 -67 / 48 57 60 67 / 55 -48 -60 -67 / 72 -48 -55 -60 / 55 47 62 65 / 48 60 64 67 / 47 65 -60 -64 / 45 57 60 65 / 43 -57 -60 -65 <END> 
<S> 48 55 60 64 / 64 -55 -48 -60 / 55 59 -48 -55 / 41 57 60 -55 / 54 54 -60 -57 / 43 55 59 62 / 55 -43 -59 -62 / 53 -43 -59 -62 / 45 52 57 60 / 43 -52 -57 -60 / -43 53 62 / 41 55 59 -62 / 48 52 55 60 / 48 52 60 67 / 62 -48 -52 -60 / 59 -48 -55 -64 / 55 62 -55 -60 / 59 -55 -55 -62 / 53 57 62 -60 / 52 59 -57 -62 <END> 
<S> 36 55 60 64 / 38 -55 -60 -64 / 43 55 59 62 / 57 -55 -62 -62 / 55 59 62 / 53 -43 -59 -62 / 45 52 55 60 / 47 50 62 65 / 48 55 64 / 47 50 -55 -64 / 45 48 60 64 / 43 50 -60 -64 / 41 57 62 -50 / 43 55 59 62 / 53 -43 -59 -62 / 36 52 55 60 / 40 55 60 64 <END> 
<S> 48 55 62 / 47 -55 -62 / / 52 64 -55 -72 / 54 62 -52 -72 / 47 55 62 71 / 48 57 64 69 / 50 -57 -64 -69 / 52 64 67 72 / 48 -64 -67 -72 / 50 62 65 -72 / 59 -50 -62 -72 / 52 60 64 71 / 53 57 60 72 / 55 59 67 74 / 52 60 67 59 / 48 60 64 -67 / 50 65 -60 -64 / 52 60 67 / 55 59 74 -67 / 65 -55 -59 -67 <END> 
<S> 53 60 69 / 71 -53 -62 / 52 60 67 72 / 50 65 69 74 / 71 -50 -65 -74 / 48 67 72 76 / 52 -67 -72 -76 / 53 69 74 -72 / 50 65 -72 -74 / 55 62 71 -74 / 67 -55 -71 -74 / 65 -55 -71 -74 / 48 64 67 72 <END> 
<S> 53 69 72 77 / 52 -69 -72 -77 / 53 -69 -69 -77 / 55 67 72 76 / 60 69 72 -76 / 55 67 71 74 / 59 67 74 / 65 -59 -74 / 60 64 67 76 / 48 -60 -67 -76 / 53 60 69 74 / 55 59 67 74 / 64 -55 -59 -74 / 65 -55 -59 -74 <END> 
<S> 55 67 76 / 59 74 -67 / 56 64 -67 -74 / 62 69 -55 -76 / 54 62 69 74 / 55 62 67 71 / 64 -55 -67 / 62 65 -55 -67 / 64 67 -55 -74 / 65 -43 -67 -74 / 48 64 67 72 / 55 62 67 -72 / 52 60 67 72 / 50 65 69 74 / 71 -50 -65 -74 <END> 
<S> 48 64 67 72 / 55 62 71 -67 / 60 69 -55 -67 / 59 62 67 71 / 64 -59 -67 -71 / 60 64 67 72 / 62 -60 -67 -72 / 60 64 67 71 / 59 62 -67 -71 / 57 60 67 72 / 65 -57 -60 -72 / 59 62 67 74 / 65 -59 -62 -74 / 60 64 76 / 66 69 -60 -76 / 62 67 74 / 64 72 -67 / 62 65 -67 -72 <END> 
<S> 59 62 67 71 / 64 -62 -67 -71 / 60 64 67 69 / 66 -60 -64 -67 / 62 -60 -67 / 66 69 -60 / 59 62 67 / 55 -59 -62 -67 / 57 60 65 69 / 59 62 -65 -69 / 52 60 64 67 / 57 -60 -64 -67 / 55 59 62 67 / 53 -59 -62 -67 / 52 60 64 67 / 57 60 65 -51 / 50 65 67 74 / 52 64 -67 -74 / 53 62 69 74 / 50 65 -62 -74 <END> 
<S> 57 60 65 / 55 64 -57 -60 / 53 62 -57 -60 / 55 59 -53 / 53 -43 -59 -62 / 52 52 55 60 / 0 / 53 60 69 / 52 55 60 67 / 45 57 60 65 / 53 62 -45 -65 / 60 64 -45 -53 -65 / 46 58 62 -65 / 43 55 60 64 / 53 -43 -60 -64 <END> 
