<S> 48 55 60 64 / 50 53 59 65 / 52 60 67 / 55 -52 -60 -67 / 48 60 64 67 / 53 60 65 69 / 64 -53 -60 -69 / 55 62 71 / 48 55 64 72 / 48 52 55 60 / 47 62 -52 -55 <END> 
<S> 53 60 65 69 / 64 -53 -60 -69 / 55 62 71 -69 / 57 60 64 72 / 55 59 74 -72 / 67 72 -55 -74 / 65 71 -55 -74 / 64 67 73 -71 / 62 65 69 81 / 71 -65 -81 -81 / 64 71 79 62 / 74 -59 -79 -79 <END> 
<S> 60 64 67 76 / 62 65 -67 -76 / 64 67 72 76 / 60 -67 -72 -76 / 59 67 71 74 / 57 67 76 -74 / 55 -67 -70 -76 / 53 69 72 77 / 60 67 76 -53 / 55 67 72 74 / 62 71 -55 -74 / 64 67 72 <END> 
<S> 50 60 69 77 / 71 -50 -60 -77 / 52 72 -60 -69 / 53 59 74 -72 / 55 62 67 -74 / 60 64 76 / 58 -60 -64 -76 / 57 60 65 77 / 55 59 67 -77 / 57 60 69 76 / 50 59 65 -76 / 52 56 -65 -76 / 74 -52 -56 -67 / 57 60 69 76 / 59 -60 -69 -76 <END> 
<S> 57 60 69 76 / 59 49 -69 -76 / 67 61 69 76 / 62 69 77 / 57 64 69 72 / 65 -57 -69 -72 / 55 64 69 72 / 54 62 -69 -72 / 55 62 67 71 / 53 59 62 67 / 52 60 67 72 / 50 65 69 74 / 71 -50 -65 -74 <END> 
<S> 55 62 69 71 / 53 -62 -65 -71 / 52 60 64 67 / 59 62 -64 -67 / 57 60 64 69 / 55 59 62 67 / 54 57 62 74 / 64 -54 -57 -74 / 50 62 66 -57 / 47 62 67 -55 / 43 59 62 67 / 59 -43 -62 -67 / 45 60 65 -59 / 47 50 55 -65 / 48 55 64 -50 / 47 -48 -55 -64 <END> 
<S> 43 59 62 67 / 47 53 -62 -67 / 48 52 60 67 / 47 -52 -60 -67 / 45 52 60 67 / 58 -52 -52 -67 / 53 57 60 65 / 47 55 62 67 / 64 -47 -55 / 65 -47 -55 / 48 55 64 72 / 60 -55 -64 -69 / 43 62 65 71 / 59 -43 -65 -71 <END> 
<S> 50 53 62 71 / 52 55 67 72 / 53 57 65 69 / 64 -53 -69 / 59 62 -53 -69 / 60 -53 57 -69 / 47 59 62 67 / 64 -47 -59 -67 / 45 60 64 69 / 66 -45 -60 -69 / 47 62 67 71 / 48 64 67 69 / 50 62 66 69 / 60 -50 -66 -69 <END> 
<S> 50 57 64 69 / 62 66 -57 -69 / 43 59 62 67 / 48 60 64 67 / 47 55 62 67 / 48 55 64 69 / 71 -55 -55 -64 / 72 -55 -64 / 38 55 62 71 / 54 -55 -62 -71 / 48 52 64 69 / 50 62 71 -69 / 52 55 72 71 / 57 64 -55 -72 / 54 62 69 72 / 55 62 71 -62 / 67 -55 -62 -71 / 50 62 69 -67 / 66 -50 -62 -69 <END> 
<S> 52 55 64 72 / 54 62 -64 -72 / 55 62 71 / 59 67 -55 / 53 57 69 72 / 52 64 67 72 / 50 -64 -67 -72 / 48 62 67 72 / 47 -62 -67 -72 / 45 62 72 -67 / 66 -50 -62 -72 / 55 62 67 71 / 53 -62 -67 -71 <END> 
<S> 52 60 67 72 / 50 62 -67 -72 / 48 64 67 -67 / 47 62 -67 / 45 57 60 65 / 47 55 62 67 / 48 55 60 64 / 50 65 -55 -60 / 52 55 60 64 / 50 -55 -60 -64 / 55 57 62 / 53 -55 -62 / 43 55 59 67 / 48 52 55 60 <END> 
<S> 48 55 60 64 / 46 -55 -60 -64 / 45 53 60 65 / 41 55 -60 -65 / 43 55 60 64 / 42 57 -60 -64 / 43 59 62 / 55 59 -43 -62 / 53 -43 -59 -62 / 45 52 55 60 / 47 50 62 67 / 45 60 -50 -67 / 47 55 62 65 / 43 59 -55 -65 <END> 
<S> 43 50 59 62 / 55 -43 -59 -62 / 48 52 55 64 / 60 -48 -52 -64 / 41 57 60 65 / 43 55 59 64 / 53 57 60 62 / 0 -57 / 55 60 64 / 53 57 -60 -64 / 55 59 62 / 53 -55 -59 -62 / 52 55 59 64 / 50 -55 -59 -64 <END> 
<S> 52 55 60 67 / 50 -55 -60 -67 / 48 55 62 67 / 47 -55 -62 -67 / 45 60 64 69 / 66 -45 -60 -69 / 52 59 67 71 / 50 -59 -67 -71 / 48 64 67 72 / 71 -48 -64 -67 / 50 57 69 -67 / 62 66 -50 -69 / 60 -50 -66 -69 / 43 59 67 67 / 55 59 62 -67 -72 / 57 64 69 72 / 59 65 -69 -72 <END> 
<S> 48 64 67 72 / 50 62 -67 -72 / 52 60 67 72 / 53 -67 -60 -72 / 52 60 67 72 / 59 74 -55 -67 / 65 -55 -59 -67 / 48 55 64 72 / 0 / 55 62 71 79 / 60 64 72 79 <END> 
<S> 45 60 64 72 / 47 -60 -64 -72 / 48 60 64 67 / 50 -60 -64 -67 / 52 55 62 71 / 53 -55 -59 -62 / 52 55 60 67 / 69 -52 -60 -67 / 55 59 62 67 / 43 -55 -59 -67 <END> 
<S> 47 55 62 71 / 48 55 64 69 / 50 54 62 69 71 / 52 59 62 67 / 60 -52 -67 -71 / 59 62 67 69 / 57 -62 -69 -67 / 55 62 71 -69 / 67 -62 -71 / 62 66 69 50 / 60 -66 -69 -74 / 59 62 67 74 / 61 69 76 -62 <END> 
<S> 50 57 62 69 / 62 71 -57 / 69 72 -57 -62 / 47 50 62 67 / / 60 69 -50 / 55 59 -69 / 62 -55 -59 -67 / 48 55 60 64 / 46 55 62 65 / 47 -55 -62 -65 / 48 55 60 64 / 46 -55 -60 -64 <END> 
<S> 48 55 60 64 / 55 59 62 67 / 57 -55 -62 -67 / 55 59 62 67 / 55 -59 -62 -67 / 52 57 67 72 / 50 65 -57 -72 / 52 56 64 71 / 62 -52 -56 -71 / 45 60 64 72 / 57 64 72 -72 / 55 62 71 -72 / 53 -62 -71 -71 <END> 
<S> 50 57 62 66 / 43 55 62 67 / 62 -48 -55 -67 / 53 60 62 69 / 50 59 62 -69 / 52 60 64 67 / 53 57 60 69 / 47 50 62 65 / 48 55 64 -62 / 60 -48 -55 -64 / 43 55 59 62 / 55 59 -43 -62 / 53 -43 -59 -62 <END> 
<S> 50 62 65 69 / 47 50 -62 -69 / 48 52 60 64 / 50 53 60 -64 / 52 55 60 67 / 53 69 -60 / 55 59 62 / 57 -55 -62 / 55 58 62 / 53 -55 -59 -62 / 52 55 60 64 / 50 -55 -60 -64 / 48 55 60 64 / 47 -55 -60 -64 <END> 
<S> 55 62 69 -48 / 50 -55 -62 -69 / 43 55 62 71 / 53 62 -43 -71 / 48 55 60 69 / 52 55 60 71 / 50 59 62 67 / 52 60 67 76 / 50 -60 -67 -76 / 48 60 67 76 / 47 65 -67 -76 / 49 64 67 79 <END> 
<S> 47 55 62 67 / 48 60 -55 -67 / 47 55 62 67 / 65 -47 -55 -62 / 48 55 60 64 / 36 -55 -60 -64 / 59 62 -55 -64 / 45 57 60 65 / 43 59 <END> 
<S> 44 59 62 65 / 45 57 60 64 / 43 55 62 -60 / 59 -43 -55 -62 / 53 -43 -59 -62 / 36 52 55 60 / 49 52 64 67 / 50 53 62 65 <END> 
<S> 48 55 60 64 / 50 -55 -60 -64 / 52 55 60 67 / 50 65 -55 -60 / 48 55 60 64 / 43 59 62 -60 / 45 52 60 64 / 48 52 -60 -64 / 50 53 55 59 62 / 52 -55 -59 -62 / 53 -43 -59 -62 <END> 
<S> 50 57 62 65 / 47 -57 -62 -65 / 45 57 61 64 / 46 57 62 65 / 45 -57 -62 -65 / 47 55 62 67 / 48 -55 -62 -67 / 50 -55 -62 -67 / 60 69 -50 -62 / 55 -43 -60 -69 / 59 67 -43 -55 / 65 -43 -55 -59 -74 / 48 55 60 64 / 46 -55 -60 -64 <END> 
<S> 47 62 67 -53 / 48 52 60 -67 / 50 53 59 65 / 55 -50 -59 -65 / 45 57 60 64 / 43 -57 -60 -64 / 41 57 60 62 / 38 -57 -60 -62 / 43 55 59 -62 / 53 -43 -59 -62 / 36 52 55 60 / 48 52 60 67 / 49 52 64 67 / 41 -52 -67 -70 <END> 
<S> 41 57 62 -60 / 38 53 59 -62 / 57 -38 -53 -62 / 43 50 59 -62 / 48 52 57 60 / 42 57 62 / 50 60 -57 66 / 52 55 59 71 / 54 60 69 -55 / 54 -50 -60 -66 / 55 59 62 67 / 52 64 67 71 / 50 62 -67 -71 / 48 55 62 72 / 64 71 -55 -48 / 55 62 67 71 / 59 62 67 71 <END> 
<S> 40 55 64 72 / 62 71 -55 -64 / 45 57 64 72 / 59 62 67 -72 / 60 64 69 -67 / 62 66 69 -60 / 59 59 62 67 / 52 60 67 72 / 54 62 69 -72 / 55 62 67 71 / 48 60 64 67 / 59 -48 -64 -67 / 50 57 66 74 / 59 62 66 -74 <END> 
<S> 62 66 69 / 60 -66 -66 -69 / 59 62 67 71 / 69 -59 -62 -67 / 57 64 69 72 / 65 71 -50 -57 / 55 59 62 74 / 53 60 65 -74 / 52 59 67 76 / 74 77 -59 -67 / 45 60 72 79 / 69 74 -60 -72 / 62 69 72 76 / 77 -69 -72 / 67 71 74 79 / 72 -67 -71 -79 / 60 67 72 76 / 48 -67 -72 -76 <END> 
<S> 59 67 74 77 / 60 67 76 -74 / 72 -60 -67 -76 / 55 67 72 74 / 71 -55 -67 -74 / 0 / 53 67 71 74 / 52 -67 -71 -74 / 52 67 72 / 50 65 74 -72 / 48 64 67 -72 <END> 
<S> 48 64 67 72 / 62 71 -67 -48 / 60 66 69 -48 / 64 67 71 / 62 66 69 / 55 59 62 71 / 52 64 71 79 / 57 72 -64 -79 / 59 67 74 77 / 60 76 -67 -74 / 62 71 79 -76 / 64 69 73 -79 <END> 
<S> 57 64 69 72 / 62 -57 -69 -72 / 55 62 67 71 / 53 59 62 67 / 52 60 67 72 / 50 65 74 -60 / 48 64 67 76 / 47 62 -67 -76 / 48 60 76 -67 / 46 62 67 74 / 48 64 -67 -74 / 50 62 66 69 / 60 -50 -66 -69 <END> 
<S> 52 60 67 72 / 50 65 69 74 / 71 -50 -65 -74 / 48 67 72 76 / 60 77 -48 -72 / 47 67 74 79 / 76 -43 -67 -79 / 77 67 71 -53 / 52 -67 -71 -76 / 50 65 69 77 / 67 -50 -65 -77 / 52 64 67 79 / 53 57 -64 -79 / 55 59 67 74 / 45 60 65 -74 / 50 59 67 74 / 52 60 67 76 <END> 
<S> 52 67 72 79 / 53 -67 -72 -79 / 55 67 71 74 / 65 -55 -71 -74 / 48 64 67 72 / 53 65 69 72 / 54 62 69 74 / 72 -54 -62 -69 / 55 62 70 -69 / 64 -55 -70 -74 / 50 66 69 74 / 67 71 -50 -74 / 51 72 -67 -76 / 55 -67 -72 -76 / 67 -55 -71 -74 <END> 
<S> 62 69 78 / 60 -62 -69 / 67 58 -62 -69 / 60 67 76 / 62 -60 -67 -76 / 64 67 72 / 62 66 69 74 / 62 67 71 / 66 72 -58 -69 / 55 62 67 70 / 53 -62 -67 -70 / 52 60 67 72 / 64 -60 -67 -72 / 55 60 69 74 / 53 -60 -69 -74 / 52 59 67 -69 / 64 72 -52 -76 / 55 67 74 -72 <END> 
<S> 55 62 67 71 / 53 -62 -67 -71 / 52 60 67 72 / 50 -60 -67 -72 / 52 65 67 74 / 50 -65 -67 -74 / 48 67 72 76 / 60 77 -72 -76 / 67 74 76 -60 / 43 59 -67 -74 / 45 72 76 -60 / 47 -60 -68 -76 / 48 60 67 76 / 55 59 74 79 / 57 60 69 77 <END> 
<S> 67 74 -60 / 59 65 -67 -74 / 60 64 67 76 / 59 62 -67 -76 / 57 60 65 77 / 55 67 76 -60 / 53 60 69 74 / 55 59 67 -74 / 65 -55 -59 -74 / 64 72 -55 -59 / 60 64 69 72 / 62 -64 -69 -72 / 64 67 71 79 / 62 71 -67 -79 / 60 64 69 72 / 62 65 -69 -72 <END> 
<S> 47 62 67 74 / 60 -62 -67 -74 / 55 59 67 74 / 60 67 76 / 57 69 77 -60 / 61 -57 -69 -77 / 52 69 72 79 / 53 -69 -72 -79 / 55 71 74 79 / 62 71 -74 -79 / 60 67 76 76 / 69 -60 -76 / 62 69 77 <END> 
<S> 50 62 71 79 / 67 74 -62 -79 / 69 72 76 -62 / 77 -57 -69 -72 / 52 70 79 79 / 57 -52 -79 -79 / 50 72 77 -64 / 62 71 -50 -77 / 52 67 72 76 / 53 -67 -72 -76 / 55 67 74 -72 / 71 -55 -67 -74 / 69 -55 -67 -74 / 72 -55 -67 -72 <END> 
<S> 50 69 77 -72 / 71 -50 -69 -77 / 52 67 72 76 / 53 -67 -72 -76 / 55 67 74 -72 / 71 -55 -67 -74 / 0 / 53 65 69 72 / 74 -53 -65 -69 / 48 67 72 76 / 50 59 77 -72 / 52 60 69 72 / 53 69 -60 -72 <END> 
<S> 57 64 69 72 / 55 67 71 74 / 57 67 72 76 / 65 -57 -72 -76 / 64 70 72 76 / 53 65 81 81 / 71 -53 -65 -81 / 60 64 72 79 / 62 77 -72 / 64 76 79 -72 / 71 -64 -79 -79 / 56 64 72 77 / 62 65 -72 -77 / 60 67 76 79 / 58 74 -67 -76 / 57 69 72 77 / 55 70 79 53 <END> 
<S> 53 60 72 79 / 64 -53 -72 -79 / 53 65 72 81 / 71 -53 -65 -81 / 48 67 72 79 / 50 -67 -72 -79 / 52 67 72 79 / 53 -67 -72 -79 / 55 67 71 74 / 60 67 76 / 65 69 74 / 64 67 71 / 62 65 -67 -71 <END> 
<S> 47 67 74 / 66 -47 69 -74 / 66 -50 -69 -69 / 43 59 62 67 / 55 59 62 67 / 53 -59 -62 -67 / 52 55 60 67 / 50 65 -55 -60 / 48 55 60 64 / 46 -55 -60 -64 / 45 57 60 65 / 43 -57 -60 -65 / 41 55 60 67 / 40 -55 -60 -67 / 41 55 60 62 / 43 53 59 62 / 48 52 55 60 <END> 
<S> 45 52 60 65 / 47 50 -60 -65 / 48 55 62 / -65 47 -55 -62 / 48 55 64 -62 / 60 -48 -55 -64 / 59 -48 -55 -64 / 40 55 60 67 / 40 -55 -60 -67 / 43 55 62 -60 / 59 -43 -55 -62 / 53 -43 -59 -62 / 36 52 60 67 / 48 55 60 64 / 59 -48 -55 -64 / 50 53 55 62 / 52 52 -57 -62 / 50 53 57 62 / 71 -50 -62 -57 <END> 
<S> 45 48 60 65 / 47 -48 -60 -65 / 48 55 60 64 / 47 62 -55 -64 / 45 57 60 72 / 47 62 -57 -72 / 48 57 64 72 / 55 -57 -64 -72 / 50 57 62 65 / 69 -50 -57 / 52 55 62 71 / 54 57 62 72 / 52 55 64 71 / 54 57 62 69 / 55 62 71 <END> 
<S> 50 57 62 66 / 43 59 62 67 / 48 52 60 64 / 47 50 62 67 / 48 55 64 69 / 50 62 71 -69 / 38 60 66 -69 / 40 59 67 74 / 52 -59 -67 40 / 55 64 67 71 / 62 -55 -67 -67 / 52 60 67 -67 / 59 -52 -67 -67 / 50 57 67 -67 / 62 66 -50 -57 <END> 
<S> 47 57 67 74 / 72 -47 -67 -74 / 43 59 67 74 / 0 / 48 60 64 67 / 69 -48 -60 -64 / 47 62 67 71 / 48 64 67 69 / 50 62 66 69 / 43 59 62 67 / 48 60 64 67 <END> 
<S> 50 57 66 69 / 55 59 64 67 / 62 -55 -59 -67 / 48 60 64 67 / 59 -48 -64 -67 / 50 57 66 -64 / 52 55 64 72 / 54 55 62 71 / 53 69 -43 -62 / 43 52 60 67 / 59 -43 -52 -67 <END> 
<S> 47 57 62 71 / 48 64 -57 -71 / 50 55 62 69 / 60 -50 -55 -69 / 43 59 62 67 / 52 59 -43 79 / 57 60 69 -52 / 55 59 62 71 / 53 -55 -59 -62 / 52 52 60 67 / 55 -52 -60 -67 <END> 
<S> 47 55 62 71 / 48 55 64 72 / 50 62 65 71 / 52 64 67 / 62 65 -52 -67 / 60 64 67 / 59 62 -64 -67 / 57 60 64 72 / 55 59 -64 -72 / 54 57 69 74 / 52 55 67 72 / 54 57 62 -72 / 55 62 71 / 59 -55 -62 -71 <END> 
<S> 50 62 65 71 / 60 69 -50 -65 / 59 -50 -69 / 60 -50 -65 -69 / 55 59 62 67 / 53 60 65 69 / 52 62 65 71 / 50 -62 -65 -71 / 52 60 67 72 / 54 57 69 -72 / 55 58 69 70 / 57 67 -55 -70 / 50 58 62 70 77 / 60 -50 -70 -77 <END> 
<S> 54 60 69 72 / 55 62 70 -69 / 54 63 69 72 / 67 -63 -69 -72 / 62 66 69 74 / 60 -66 -69 -74 / 59 67 74 57 / 72 -59 -67 -77 / 55 67 71 74 / 60 67 72 76 / 59 -67 -72 -76 57 60 67 72 76 / 59 -67 -72 -76 / 57 66 72 77 / 59 62 74 -77 / 60 67 76 / 53 60 65 74 <END> 
<S> 59 67 74 77 / 60 76 -67 59 / 62 74 77 / 64 76 -74 / 57 65 74 -69 / 56 64 71 76 / 57 64 69 72 / 55 65 71 74 / 53 60 67 72 / 52 59 67 74 / 50 -59 -67 -74 / 48 60 67 76 / 59 -48 -67 -76 / 57 66 -48 -76 <END> 
<S> 53 62 69 74 / 71 -62 -53 -74 / 52 55 72 76 / 57 60 -72 -76 / 59 67 -52 -72 / 53 69 -67 -72 / 52 59 71 -69 / 68 -59 -62 -71 / 45 60 69 76 / 66 69 74 -60 / 59 67 71 57 / 72 -59 -67 -76 / 55 67 72 74 <END> 
<S> 59 62 67 69 / 57 -62 -67 -69 / 55 59 67 69 / 65 -55 -59 / 57 64 72 / 55 59 74 / 57 60 69 76 / 59 62 -69 -76 / 60 64 69 76 / 62 65 -69 -76 / 64 67 71 79 / 62 65 74 81 / 64 73 81 -81 / 65 74 -81 -81 / 67 76 -46 79 <END> 
<S> 57 60 69 77 / 59 62 -69 -77 / 60 64 67 76 / 53 69 -60 -76 / 55 67 71 74 / 53 -67 -71 -74 / 52 67 72 / 50 57 -67 -72 / 55 65 71 74 / 52 67 71 / 0 / 67 -43 48 -79 <END> 
<S> 52 67 72 / 48 64 -52 -72 / 55 62 67 71 / 52 55 67 -71 / 50 54 69 72 / 62 71 -53 -55 / 52 55 60 72 / 38 59 -55 -72 / 40 55 60 72 / 52 -55 -60 -72 / 53 60 69 / 58 52 -53 -69 / 50 57 65 69 / 48 -57 -60 -69 <END> 
<S> 55 59 62 / 60 -55 -59 / 55 59 62 / 53 -55 -62 / 52 55 60 67 / 62 -52 -55 -67 / 48 55 60 64 / 46 -55 -60 -64 / 45 57 60 65 / 47 55 62 67 / 48 55 64 72 / 50 57 65 74 / 52 64 -57 -57 / 56 -52 -52 -76 / 53 57 60 69 / 55 59 62 / -69 -55 -59 -62 <END> 
<S> 53 60 69 / 52 55 -60 -69 / 50 53 57 69 / 55 59 -53 -69 / 45 57 60 64 / 65 69 -45 -57 -60 / 47 55 62 67 / 48 64 -55 -67 / 50 62 66 69 / 60 -50 -66 -69 / 43 59 62 67 / 0 / 52 60 64 67 <END> 
<S> 48 57 64 69 / 50 59 62 -69 / 48 57 60 64 / 59 -48 -55 -64 / 57 60 65 66 / 50 59 62 -65 / 52 55 60 64 / 53 -55 -60 -64 / 55 62 65 / 53 59 62 67 / 52 60 64 67 / 50 62 65 -67 <END> 
<S> 55 62 65 -48 / 47 -55 -62 -65 / 48 55 60 64 / 52 55 59 62 / 50 -55 60 / 48 52 62 67 / 47 -52 -57 -67 / 45 52 64 72 / 43 -52 -64 -72 / 42 57 62 69 / 50 71 -62 / 52 48 67 72 / 53 -62 -67 -72 / 55 62 67 74 / 52 64 67 -74 / 50 65 -67 -74 <END> 
<S> 45 57 64 72 / 66 -45 -57 -72 / 47 50 67 71 / 48 -50 -67 -71 / 50 62 66 69 / 55 62 67 71 / 64 -55 -62 -71 / 54 60 69 / 62 71 -53 -69 / 52 67 72 79 / 71 -52 -67 -79 / 53 69 72 77 / 67 -53 -72 -77 / 65 69 72 77 / 53 -69 -72 -81 <END> 
<S> 52 60 64 67 / 50 65 -60 -67 / 48 55 67 72 / 52 55 -67 -72 / 71 -55 -67 -71 / 38 66 69 72 / 38 59 -69 -69 / 43 59 62 67 / 48 60 64 67 / 47 62 -60 -67 / 45 52 60 69 / 47 59 62 71 / 45 57 64 72 / 48 64 -57 -72 <END> 
<S> 47 62 67 71 / 48 64 -67 -71 / 50 62 66 69 / 60 -50 -66 -69 / 55 59 62 67 / 52 59 64 67 / 57 62 66 71 / 55 59 62 67 / 53 59 62 67 / 52 60 64 -67 / 50 57 65 69 / 59 62 65 -50 / 60 -50 -65 / 43 59 62 67 <END> 
<S> 59 62 67 -52 / 50 -59 -62 -67 / 52 55 64 72 / 54 62 -55 -72 / 55 62 71 / 59 -55 -62 -71 / 51 60 64 69 / 57 -48 -64 -69 / 50 62 65 69 / 59 -50 -65 -69 / 52 60 64 67 / 62 -52 -60 -67 / 53 60 69 -60 / 59 -53 -53 -69 / 52 60 67 -53 / 52 58 -52 -67 / 50 53 57 65 / 59 -50 -53 -65 <END> 
