<S> 60 64 67 72 / 62 65 -72 / 64 67 72 / 62 65 -72 / 60 64 67 72 / 62 65 -67 -72 / 60 64 67 / 59 62 -67 / 57 64 69 72 / 71 -57 -64 -72 / 55 72 -64 -72 / 53 69 74 -72 / 55 67 71 -74 / 48 67 72 76 <END> 
<S> 57 64 69 72 / 59 62 67 74 / 60 67 76 / 77 -60 -67 -76 / 55 67 72 74 / 71 -55 -67 -74 / 43 66 74 59 / 67 -43 -74 -76 / 45 72 -67 -76 / 66 74 -52 -60 / 59 67 -74 / 57 64 69 72 / 55 62 71 79 <END> 
<S> 48 64 67 79 / 50 65 -67 -79 / 52 67 72 79 / 53 -67 -72 -79 / 55 67 71 74 / 65 -55 -71 -74 / 60 64 69 72 / 66 -60 -64 -72 / 55 62 67 71 / 53 -62 -67 -71 / 52 60 67 72 / 48 -60 -67 -72 <END> 
<S> 55 60 67 72 / 62 -55 -67 -72 / 64 -55 -67 -72 / 65 -55 -67 -72 / 64 67 -55 -72 / 62 71 -43 -56 / 64 -43 -53 -71 / 48 52 67 72 / 50 65 -67 -72 / 52 67 72 / 48 -67 -72 / 55 67 70 74 / 65 -55 -70 -74 / 55 67 72 / 64 -55 -72 -76 / -55 -67 -72 -76 / 53 74 -67 -72 / 52 67 71 -74 / 65 -52 -59 -71 <END> 
<S> 52 67 72 / 53 65 69 -72 / 64 65 -53 -72 / 47 62 67 74 / 67 -47 -62 -74 / 48 67 74 76 / 72 -48 -67 -76 / 50 65 72 74 / 71 -50 -65 -74 / 52 67 72 / 53 65 74 -72 / 64 -53 -72 -81 / 55 62 71 79 / 62 -55 -71 -79 <END> 
<S> 48 67 72 76 / 50 -67 -72 -76 / 52 67 72 76 / 53 -67 -72 -76 / 55 67 72 74 / 57 -67 -72 -74 / 59 71 74 -67 / 56 65 -71 -74 / 57 64 71 72 / 55 -64 -71 -76 / 54 69 -64 -72 / 52 62 -69 -72 / 68 -52 -72 -76 / 53 67 76 -72 / 62 65 -72 -76 <END> 
<S> 57 64 72 / 55 -64 -72 / 54 62 69 -72 / 55 62 67 71 / 48 64 67 69 / 50 62 66 -69 / 60 -50 -66 -69 / 55 59 62 67 / 52 60 67 72 / 50 65 69 -72 / 71 -50 -65 -72 / 48 64 72 79 / 62 -48 -72 -79 / 52 60 71 79 / 69 -52 -60 -79 <END> 
<S> 48 63 67 72 / 62 71 -48 -67 / 50 60 69 -67 / 62 66 -50 -69 / 43 55 62 67 / 59 62 67 -55 / 53 57 62 69 / 52 62 65 71 / 50 -62 -65 -71 / 52 60 67 72 / 54 57 69 -72 / 55 58 70 -69 / 62 67 -55 -70 <END> 
<S> 52 60 64 67 / 57 64 -60 -67 / 65 -57 -60 -72 / 59 62 67 -53 / 52 60 64 -67 / 50 65 -60 -67 / 52 55 67 / 53 57 -67 / 55 59 67 74 / 55 59 67 74 / 48 60 67 76 / 59 -48 -67 -76 / 57 60 66 77 <END> 
<S> 47 62 67 74 / 48 -62 -67 -74 / 50 59 67 74 / 51 66 -59 -74 / 52 59 68 72 / 50 57 -65 -72 / 52 59 67 71 / 50 60 66 69 / 59 62 67 71 / 52 59 67 72 / 54 57 69 74 / 55 62 69 71 / 64 -55 -62 -69 / 54 60 62 69 / 55 59 62 71 / 56 64 -59 -62 <END> 
<S> 57 64 67 72 / 62 66 -57 -72 / 55 62 67 71 / 52 64 67 71 / 57 64 67 72 / 59 62 67 74 / 60 67 76 / 77 -60 -67 -76 / 60 67 74 79 / 59 -67 -74 -79 / 57 60 72 77 / 62 -57 -72 -77 / 56 64 72 76 / 74 77 -57 -64 <END> 
<S> 57 64 72 77 / 59 62 -72 -77 / 60 64 72 76 / 65 -60 -72 -76 / 55 67 71 74 / 48 64 67 72 / 53 65 69 72 / 52 -65 -69 -72 / 50 65 69 74 / 71 -50 -65 -74 / 48 67 72 76 <END> 
<S> 53 60 69 69 / 50 65 69 74 / 52 64 -69 -74 / 53 69 71 74 / 55 67 72 76 / 57 60 -72 -76 / 55 59 62 74 / 67 -55 -59 -74 / 48 55 67 72 / 64 74 -48 -67 / 60 76 -67 -68 / 59 62 67 77 / 58 -62 -67 -77 <END> 
<S> 55 62 67 71 / 53 60 65 69 / 52 62 -65 -69 / 50 -62 -69 / 48 62 67 71 / 47 52 -67 -71 / 50 54 62 69 / 55 59 62 71 / 52 55 67 71 / 50 60 66 69 / 59 62 67 71 / 69 59 64 67 / 57 62 72 -67 / 71 -57 -62 <END> 
<S> 47 55 62 69 / 64 -47 -55 -69 / 38 54 62 69 / 60 -38 -54 -69 / 43 55 59 67 / 48 52 60 67 / 41 53 60 69 / 43 -53 -60 -69 / 45 48 60 69 / 47 50 -60 -69 / 48 52 55 64 / 50 54 57 -64 / 55 59 -50 -64 / 45 57 60 65 / 43 55 59 -65 <END> 
<S> 45 52 60 67 / 50 53 59 -67 / 48 52 60 67 / 55 -48 -60 -67 / 42 57 60 66 / 43 50 59 67 / 48 52 55 60 / 50 62 -52 -55 / 52 64 -55 -60 / 54 57 62 69 / 55 59 62 / 57 -55 -62 / 55 58 62 / 53 -55 -58 -62 <END> 
<S> 48 52 55 60 / 50 55 58 62 / 49 55 64 -62 / 48 54 57 62 / 47 55 62 67 / 48 55 62 -67 / 60 -48 -64 -67 / 55 60 67 -60 / 59 62 -43 -67 / 57 69 -55 -62 / 55 59 62 67 -55 <END> 
<S> 47 55 62 67 / 48 55 60 64 / 47 62 -55 -64 / 45 48 60 64 / 47 55 62 67 / 48 55 60 64 / 50 62 65 -55 / 52 60 67 -55 / 53 62 -60 -67 / 55 62 -60 -67 / 59 62 -55 -67 / 49 60 64 69 / 57 65 -60 -69 <END> 
<S> 48 55 64 -62 / 60 -48 -55 -64 / 50 57 65 -60 / 59 -50 -50 -65 / 48 52 55 60 / 41 60 -60 / 43 55 59 62 / 55 59 62 67 / 54 57 62 69 / 52 62 66 71 / 52 59 64 67 / 57 60 -64 -67 / 59 62 -57 -67 / 50 57 66 -62 <END> 
<S> 47 55 62 67 / 45 60 -55 -67 / 43 55 59 62 / 47 62 -55 -62 / 48 55 60 64 / 48 52 60 67 / 48 52 60 67 / 53 60 65 69 / 51 62 67 71 / 50 -62 -67 -71 / 52 55 67 72 / 54 57 62 -72 / 55 59 62 71 / 67 -55 -62 -71 <END> 
<S> 52 55 60 67 / 50 55 62 69 / 71 -50 -55 -62 / 48 55 62 71 / 50 -55 -62 -71 / 52 55 60 72 / 53 57 62 -72 / 55 62 71 / 50 55 -62 -71 / 52 55 60 72 / 50 -55 -72 / 54 69 -50 -55 / 61 67 -54 / 50 62 67 70 / 51 -62 -67 -71 <END> 
<S> 53 57 62 -48 / 47 -53 -57 -62 / 48 55 62 71 / 47 -55 -62 -71 / 48 55 64 69 / 45 -55 -64 -69 / 50 54 62 69 / 43 59 62 67 / 48 60 64 67 / 47 62 -60 -67 / 45 60 64 69 / 47 65 -60 -69 / 48 67 72 -57 / 50 59 -67 -72 / 52 60 67 -72 / 53 -60 -67 -72 <END> 
<S> 47 59 67 74 / 45 60 -67 -74 / 43 59 62 67 / 42 57 -62 -67 / 43 59 62 67 / 48 55 64 69 / 67 -48 -55 -64 / 45 60 72 -67 / 66 -45 -60 -72 / 47 62 67 71 / 48 -62 -67 -71 / 50 62 66 69 / 55 62 67 71 / 72 -55 -62 -67 <END> 
<S> 45 60 64 69 / 47 -60 -64 -69 / 48 59 64 71 / 50 62 -64 -67 / 48 55 62 69 / 53 71 -62 -69 / 55 62 69 71 / 53 -62 -65 -71 / 52 60 64 69 / 57 -60 -64 -69 / 50 59 65 71 <END> 
<S> 53 60 65 69 / 62 -53 -65 -69 / 52 64 67 71 / 50 -64 -67 / 62 65 -47 -72 / 64 71 -50 / / 69 -64 -72 / 64 71 74 / 69 -64 -74 / 45 65 69 72 / 71 74 -53 -65 / 52 67 72 76 / 53 -67 -72 -76 <END> 
<S> 57 64 69 72 / 65 69 74 -57 / 58 76 79 62 / 57 -59 -76 -79 / 57 65 72 77 / 55 -65 -72 -77 / 53 65 72 81 / 52 67 72 79 / 53 69 74 81 / 55 67 71 74 <END> 
<S> 58 62 74 77 / 57 60 72 76 / 58 77 -57 -72 / 52 67 70 79 / 53 65 69 81 / 71 -53 -65 -81 / 52 67 72 79 / 53 -67 -72 -79 / 55 67 71 74 / 55 62 71 79 / 60 64 72 79 <END> 
<S> 50 65 72 77 / 71 -50 -65 -77 / 51 67 72 76 / 53 69 -72 -76 / 55 67 71 74 / 55 67 71 74 / 48 67 72 76 / 50 -67 -72 -76 / 52 67 72 76 / 53 -67 -72 -76 / 55 67 72 74 / 57 -67 -72 -74 / 59 71 74 -67 / 56 65 -71 -74 <END> 
<S> 48 67 72 76 / 50 -67 -72 -76 / 52 67 72 76 / 53 -67 -72 -76 / 55 67 72 74 / 71 -55 -67 -74 / 65 -55 -71 -74 / 48 64 67 72 / 55 62 71 79 <END> 
<S> 55 62 67 71 / 72 -55 -62 -67 / 55 64 69 72 / 54 62 -69 -72 / 55 62 67 71 / 59 64 67 / 57 64 67 72 / 59 62 67 74 / 60 67 76 / 59 -60 -67 -76 <END> 
<S> 57 64 69 72 / 55 67 71 74 / 53 -67 -71 -74 / 52 67 72 76 / 50 -67 -72 -76 / 48 67 72 76 / 50 66 -72 -76 / 52 62 67 71 / 64 -52 -62 -71 / 57 60 64 72 / 65 -57 -60 -72 <END> 
<S> 50 62 67 71 / 66 -50 -62 -71 / 60 -50 -66 -69 / 55 59 62 67 / 52 59 64 67 / 57 60 64 72 / 65 -57 -60 -72 / 59 62 67 79 / 60 69 77 / 62 67 71 -77 / 72 76 -67 -72 / 65 74 -72 -81 / 43 -65 -72 -74 / 67 72 -43 -55 / 45 74 77 -67 <END> 
<S> 57 60 64 72 / 65 69 -57 -72 / 59 62 67 74 / 60 65 72 / 62 74 -65 / 48 64 67 72 / 53 65 68 74 / 64 -53 -65 -74 / 55 62 71 79 / 67 -55 -71 -79 / 65 -55 -71 -74 / 48 64 67 72 / 53 65 69 72 <END> 
<S> 57 64 67 72 / 55 65 71 74 / 53 64 73 73 / 52 -57 47 -73 / 50 57 72 77 / 52 -57 -72 -77 / 53 69 76 -72 / 77 -53 -69 -72 / 47 67 74 79 / 72 76 -67 -79 / 59 -67 -76 -79 / 62 69 77 50 / 70 -62 -69 -77 / 60 70 76 81 / 69 -60 -76 -81 / 59 74 -69 -77 / 61 64 69 76 <END> 
<S> 53 69 72 77 / 76 -53 -69 -72 / 55 62 74 -72 / 69 -55 -62 -74 / 43 59 67 -74 / 48 64 67 72 / 55 67 71 74 / 55 67 71 74 / 50 -67 -71 -74 / 52 67 72 / 50 65 69 74 / 48 64 67 76 / 50 65 77 -64 / 52 60 -69 -77 / 53 67 71 77 / 52 67 72 <END> 
<S> 55 67 74 -72 / 71 -55 -67 -74 / 69 -55 -67 -74 / 71 -55 -67 -74 / 65 -55 -71 -74 / 48 64 67 72 / 60 65 69 74 / 59 67 74 / 69 -59 -67 -74 / 66 69 74 -69 / 62 71 -69 / 67 -62 -57 -69 / 50 62 66 -69 / 51 59 62 67 / 52 60 67 72 / 58 -52 -67 -72 <END> 
<S> 62 71 -67 / 50 66 69 -62 / 55 59 62 67 / 52 60 64 72 / 48 62 65 69 / 47 62 -65 -69 / 45 57 64 72 / 66 -45 -57 -72 / 47 62 67 71 / 50 -62 -67 -71 / 48 64 67 72 / 50 -64 -67 -72 / 48 62 67 74 / 47 -62 -67 -74 / 45 60 72 76 / 55 -60 -72 -76 <END> 
<S> 43 64 67 71 / 62 -43 -67 -71 / 52 60 67 72 / 50 65 69 74 / 71 -50 -65 -74 / 48 67 72 76 / 60 74 77 -48 / 76 79 -48 -60 / 53 59 74 77 / 60 72 76 -53 / 55 67 71 74 / 56 64 71 <END> 
<S> 47 67 74 79 / 48 72 76 -67 / 50 66 -72 -76 / 52 62 71 -69 / 67 -52 -62 -71 / 53 60 69 69 / 62 -53 -69 -69 / 52 64 67 71 / 50 -64 -67 -71 / 48 64 72 -67 / 71 -48 -64 -67 / 50 57 69 77 / 62 71 -50 -77 / 52 60 72 76 / 53 69 -72 -76 / 55 67 71 74 / 65 -55 -71 -74 <END> 
<S> 52 64 67 72 / 54 62 69 -72 / 55 62 67 71 / 53 59 62 67 / 52 60 67 72 / 50 65 69 74 / 71 -50 -65 -74 / 48 67 72 76 / 60 74 77 -48 / 76 79 -48 -60 / 53 59 74 77 / 60 72 76 -53 / 55 67 71 74 / 56 64 71 76 <END> 
<S> 52 67 72 79 / 50 65 74 -79 / 52 67 72 79 / 53 -67 -72 -79 / 67 77 -72 / 65 -67 -72 -77 / 50 67 72 77 / 52 67 72 76 / 53 -67 -72 -76 / 55 67 71 74 / 56 67 71 76 <END> 
<S> 50 67 72 77 / 71 -50 -67 -77 / 52 67 72 76 / 53 -67 -72 -76 / 55 67 71 74 / 52 67 71 79 / 65 -52 -71 -79 / 57 64 72 81 / 55 65 74 -72 / 53 67 70 74 / 52 -67 -70 -79 <END> 
<S> 57 64 69 72 / 65 74 -69 -72 / 53 67 70 76 / 52 -67 -73 -76 / 50 69 74 77 / 71 -50 -74 -77 / 72 -50 74 -77 / 47 50 -74 -77 / 48 67 76 -74 / 72 -48 -67 -76 / 55 67 71 74 / 69 -55 -67 -74 / 52 67 70 -76 / 65 -52 -70 -74 <END> 
<S> 47 67 76 / 49 65 69 77 / 52 64 70 79 / 53 65 69 81 / 71 -53 -65 -81 / 48 64 72 79 / 70 -48 -64 -79 / 53 69 77 81 / 67 -53 -72 -81 / 55 67 71 79 / 57 60 72 76 / 78 -57 -60 -72 <END> 
<S> 60 65 72 81 / 70 -60 -65 -81 / 62 67 79 79 / 77 -62 -67 -79 / 60 67 76 84 / 59 -67 -76 -79 / 57 60 72 76 / 55 70 74 -60 / 53 69 72 81 / 52 67 -72 -81 / 50 65 72 81 / 55 64 -72 -79 <END> 
<S> 60 64 69 77 / 62 -60 -69 -77 / 58 64 67 79 / 65 -58 -67 -79 / 67 72 -58 -67 / 57 66 69 -72 / 55 64 71 -69 / 53 68 71 / 52 68 72 / 67 -52 -68 -72 / 50 65 69 -72 / 71 -50 -65 -77 / 48 67 72 76 / 55 74 -67 -72 / 65 -55 -72 -74 / 55 67 71 74 / 65 -55 -71 -74 <END> 
<S> 50 65 69 77 / 71 -50 -65 -77 / 48 67 72 76 / 55 67 71 74 / 55 67 71 74 / 48 67 72 76 / 50 -67 -72 -76 / 52 67 72 76 / 53 -67 -72 -76 / 55 67 72 74 / 62 -67 -72 -74 / 59 67 74 79 / 77 -59 -67 -74 <END> 
<S> 48 67 72 76 / 50 -67 -72 -76 / 52 67 72 76 / 53 -67 -72 -76 / 55 67 72 74 / 57 -67 -72 -74 / 59 71 74 -67 / 56 65 -71 -74 / 57 64 72 / 59 -57 -64 -72 / 59 62 74 -57 / 60 -62 -66 -74 / 55 62 71 74 / 67 -55 -71 -74 / 54 62 69 74 / 60 -54 -69 -74 <END> 
<S> 57 64 72 / 71 -57 -64 -72 / 54 57 69 72 / 74 -54 -57 -69 / 55 59 71 74 / 52 59 68 76 / 54 -59 -59 -74 / 52 55 72 54 / 57 64 72 -55 / 55 62 71 -57 / 57 -55 -62 -71 / 55 59 62 67 / 53 -59 -62 -67 / 52 55 67 72 / 48 64 -55 -72 / 50 62 65 71 / 69 -50 -62 -65 <END> 
<S> 57 60 64 72 / 55 59 -64 -72 / 54 57 62 -72 / 50 55 71 -62 / 52 55 67 / 60 64 -52 -67 / 55 59 62 67 / 57 64 -62 -67 / 59 62 69 74 / 60 -59 -62 -74 / 55 59 67 74 / 53 57 -67 -74 / 52 59 67 76 / 65 74 -59 -59 / 57 60 64 72 / 55 62 71 74 / 69 -55 -62 -74 / 67 -55 -58 -74 / 53 57 69 72 / 52 60 -69 -72 <END> 
<S> 57 60 66 74 / 59 62 -74 / 64 -55 -59 -74 / 57 60 66 72 / 55 59 67 74 / 53 -59 -67 -74 / 52 60 67 76 / 50 -60 -67 -76 / 48 60 67 76 / 52 60 67 -76 / 76 -52 -67 -60 / 50 65 77 -60 / 59 -50 -65 -77 / 52 64 67 79 / 53 57 74 77 <END> 
<S> 48 60 67 76 / 50 -60 -67 -76 / 52 60 67 76 / 53 69 -60 -76 / 55 59 74 -72 / 56 64 71 -74 / 65 69 72 / 64 67 72 / 55 59 67 74 / 48 60 67 76 / 65 74 -48 -60 -76 / 55 59 67 74 / 65 -55 -59 -74 <END> 
<S> 47 62 67 74 / 48 67 72 76 / 55 71 74 -48 / 52 55 73 76 / 50 74 77 -55 / 52 76 -50 -60 / 53 59 69 74 / 55 59 67 -74 / 56 60 69 76 / 74 -60 -64 -69 / 54 60 69 -69 / 56 59 -69 -69 / 64 68 71 / 57 64 69 72 <END> 
<S> 55 67 71 74 / 53 -67 -71 -74 / 52 64 71 -67 / 57 62 66 / 59 -50 -62 -65 / 55 60 64 62 / 54 60 64 69 / 43 59 59 62 / 52 56 60 72 / 65 74 -56 -60 / 55 62 67 71 / 53 59 68 -67 / 52 59 67 74 / 50 -59 -67 -74 <END> 
<S> 55 59 62 67 / 60 64 -55 -67 / 54 60 62 69 / 56 59 64 71 / 52 56 64 72 / 62 71 -52 / / 60 64 69 76 / 59 -64 -69 -76 / 64 67 76 / 66 69 -64 / 64 67 71 62 / 66 -59 -64 -67 / 60 64 67 71 / 59 62 -67 -71 <END> 
<S> 57 64 69 / 55 -64 -69 -72 / 53 62 69 74 / 71 -53 -62 -69 / 48 64 69 72 / 55 71 -69 / 62 66 69 74 / 60 -54 -69 -69 / 59 62 67 74 / 57 66 69 -74 / 55 64 67 72 / 62 66 69 -72 / 55 62 67 71 / 53 59 62 67 <END> 
<S> 62 65 69 / 64 71 -62 / 61 64 69 / 62 -50 -58 -67 / 49 57 64 69 / 50 -57 -64 -69 / 52 54 57 -69 / 53 57 61 69 / 52 60 67 -69 / 59 -52 -67 -72 / 53 57 -67 -72 / 55 62 71 -53 / 52 64 67 -71 / 50 65 69 -67 / 48 64 67 72 / 55 62 67 71 / 60 64 -55 -71 <END> 
<S> 50 62 65 69 / 47 62 -65 -69 / 48 57 64 69 / 50 59 65 -69 / 52 60 64 67 / 50 -60 -64 -67 / 48 55 62 67 / 47 -55 -62 -67 / 45 53 60 69 / 66 -45 -60 -69 / 43 59 62 67 / 47 62 67 -43 <END> 
<S> 50 57 62 65 / 47 62 -57 -65 / 48 55 60 64 / 48 52 60 67 / 41 60 -60 -67 / 43 55 60 64 / 59 -43 -55 -64 / 57 -43 -55 -64 / 55 59 -43 -55 / 53 -43 -59 -67 / 48 52 55 60 / 47 55 62 67 / 48 55 60 69 <END> 
<S> 43 55 62 -60 / 59 -43 -55 -62 / 57 -43 -55 -62 / 47 55 62 67 / 48 55 60 64 / 50 65 -55 -60 / 52 55 60 67 / 50 65 -55 -60 / 52 55 60 64 / 59 -55 -60 -64 / 55 59 62 / 53 55 -62 -62 / 52 55 60 67 / 48 -55 -60 -67 <END> 
<S> 45 53 60 65 / 50 55 58 67 / 48 57 -55 -67 / 50 55 60 67 / 52 -55 -60 -67 / 43 59 62 67 / 65 -43 -59 -59 / 48 55 60 64 / 47 -55 62 / 48 55 64 -62 / 60 -48 -55 -64 / 55 -48 -60 -64 / 41 55 57 -60 / 59 -41 -55 -60 / 43 50 55 59 / 67 -43 -55 -59 <END> 
<S> 45 48 60 65 / 47 55 62 -65 / 48 55 64 -62 / 60 -48 -55 -64 / 41 57 60 62 / 44 52 59 -62 / 45 57 72 -55 / 43 55 67 70 / 50 62 65 69 / 38 53 -62 -69 / 52 55 67 71 / 53 60 69 -55 / 55 59 62 / 57 -55 -59 -62 / 55 59 62 / 53 -55 -59 -62 <END> 
<S> 50 53 62 69 / 52 55 -62 -69 / 50 57 60 69 / 43 59 -57 -69 / 42 57 60 72 / 42 62 -57 -60 / 40 55 60 64 / 67 -55 -60 -60 / 55 59 62 / 57 -55 -59 -62 / 52 55 59 64 / 50 -55 -59 -64 / 48 55 60 64 / 53 58 62 65 / 53 57 62 -62 <END> 
<S> 45 57 60 65 / 47 59 62 -65 / 48 55 60 64 / 47 62 -55 -60 / 45 52 60 64 / 43 -52 -60 -64 / 41 57 60 62 / 38 55 59 -62 / 57 -38 -55 -62 / 43 55 59 -62 / 53 -43 -59 -62 / 45 52 57 60 <END> 
<S> 47 50 62 66 / 43 59 -50 -62 / 48 52 60 64 / 47 -52 -60 -64 / 45 57 60 65 / 43 -57 -60 -65 / 41 59 62 -56 / 40 55 60 64 / 36 -55 -60 -64 / 43 55 60 62 / 53 -43 -60 -62 / 52 59 -43 -62 / 53 -43 -59 -59 <END> 
<S> 41 57 60 62 / 43 55 59 -62 / 53 -43 -59 -62 / 36 52 55 60 / 48 60 64 67 / 47 55 62 67 / 48 55 60 64 <END> 
