<S> 48 64 67 72 / 50 62 65 71 / 69 -50 -62 -65 / 52 64 67 -62 / 60 -52 -64 -67 / 57 60 64 72 / 55 65 74 -60 / 59 -55 -65 -74 / 48 60 67 76 / 58 -48 -67 -76 / 53 57 65 72 / 53 59 62 67 <END> 
<S> 55 65 74 -60 / 59 -55 -65 -74 / 48 60 67 72 / 64 -60 -67 -72 / 54 69 74 72 / 50 62 69 -72 / 55 62 67 71 / 55 59 62 67 / 52 60 67 72 / 48 64 -60 -72 / 50 65 72 -60 / 52 58 67 -72 / 53 57 69 72 / 55 -57 -69 -72 <END> 
<S> 48 60 67 76 / 52 60 67 72 / 58 -52 -67 -72 / 54 57 69 72 / 55 62 71 -69 / 67 -55 -62 -71 / 50 60 66 69 / 55 59 62 67 / 52 64 67 / 57 60 65 69 / 55 59 67 <END> 
<S> 55 62 69 71 / 67 -55 -62 -71 / 60 64 69 -67 / 62 71 -60 -67 / 72 60 66 69 / 59 62 67 71 / 52 60 64 -67 / 50 57 65 65 / 48 64 -57 -65 / 60 -48 -57 -64 / 41 55 60 62 / 53 -55 -60 -62 / 52 55 61 -60 / 53 57 62 -60 / 47 55 62 -62 / 57 -43 -55 -62 / 31 55 58 62 / 57 -55 -62 -70 <END> 
<S> 58 65 69 / 53 -58 -65 -69 / 52 60 64 67 / 50 53 -64 -67 / 48 55 62 65 / 47 -55 -62 -65 / 48 55 60 64 / 47 62 -55 -64 / 45 60 -55 -64 / 47 62 -55 -60 / 43 55 59 62 / 36 -55 -62 -62 / 48 52 60 64 / 0 <END> 
<S> 47 55 62 67 / 45 -55 -62 -67 / 43 59 62 -67 / 47 62 -55 -67 / 45 52 60 72 / 43 -52 -60 -72 / 42 57 62 72 / 38 -57 -62 -72 / 43 62 71 -57 / 38 55 -62 -71 / 36 54 60 72 / 52 55 60 71 <END> 
<S> 69 57 -48 -64 / 50 62 -57 -69 / 52 59 67 / 50 57 65 -67 / 69 -50 -57 -67 / 55 59 62 67 / 52 59 67 / 50 54 57 69 72 / 55 59 67 / 60 64 -55 -67 / 62 69 -55 -60 / 59 -41 -62 -69 / 54 60 69 62 / 52 58 64 67 / 57 60 65 -64 / 55 59 62 67 <END> 
<S> 50 57 66 69 / 55 62 67 71 / 54 62 69 69 / 67 71 -62 / 61 69 50 -67 / 62 66 69 -55 / 43 50 -62 -69 / 48 64 71 -62 / 50 57 62 66 / 59 -50 -62 -69 / 60 -50 -62 -69 / 43 59 62 67 / 55 59 62 67 <END> 
<S> 50 58 62 67 57 / 69 -50 -62 -66 / 55 62 67 71 / 53 -62 -67 -71 / 52 60 67 72 / 48 64 -60 -72 / 55 62 71 74 / 59 64 67 74 / 60 66 74 / 59 62 67 -74 / 64 67 71 / 65 69 -63 -67 <END> 
<S> 57 64 69 72 / 62 65 71 74 / 60 64 67 76 / 59 65 74 -41 / 64 76 -59 -74 / 57 64 72 76 / 53 65 74 -72 / 69 -53 -65 -81 / 64 67 72 76 / 65 69 81 81 / 67 79 -81 64 / 79 73 -67 -79 <END> 
<S> 57 64 69 72 / 77 -57 -69 -72 / 52 60 67 79 / 53 -60 -67 -79 / 55 59 67 74 / 52 59 79 79 / 52 60 -59 -79 / 57 60 69 77 / 55 -60 -69 -77 / 53 69 74 -60 / 58 67 76 -53 / 52 60 67 76 / 53 69 -60 -76 / 55 67 71 74 / 52 67 71 -76 <END> 
<S> 57 60 69 77 / 59 62 -69 -77 / 60 64 67 76 / 65 69 -60 -76 / 62 67 71 74 / 58 -67 -71 -74 / 57 67 72 / 65 -57 -72 -72 / 56 64 72 / 55 65 -64 -72 / 57 64 -55 -72 / 55 60 -64 -72 / 53 59 62 71 / 52 60 67 72 / 53 69 74 -60 / 55 59 67 -74 / 65 -55 -59 -67 <END> 
<S> 55 62 67 71 / 55 59 62 67 / 53 -59 -62 -67 / 52 60 67 72 / 48 64 -60 -72 / 50 60 66 74 / 59 -50 -66 -74 / 55 59 67 74 / 65 -59 -74 / 64 59 67 -49 / 55 62 -67 -72 / 48 62 67 71 / 64 -48 -67 -76 / 50 62 67 69 / 66 -50 -62 -69 / 43 58 64 67 <END> 
<S> 52 60 67 72 / 50 62 -67 -72 / 48 64 67 72 / 47 62 -67 -72 / 45 60 69 72 / 43 59 71 74 / 45 72 -59 -74 / 45 57 72 76 / 77 -57 -57 -72 / 52 59 67 79 / 50 77 -58 -67 / 52 67 72 -58 / 53 57 69 -72 / 55 71 -69 -72 / 56 60 72 76 / 62 71 77 -60 <END> 
<S> 52 67 72 / 50 65 74 -67 / 48 64 67 76 / 50 65 69 77 / 71 -50 -65 -77 / 52 67 72 76 / 53 -67 -72 -76 / 55 67 74 -72 / 71 -55 -67 -74 / 56 72 -67 / 47 65 74 / 64 72 79 -53 / 55 62 71 79 / 67 72 -55 -71 / 50 69 -67 -72 / 67 -50 -62 -69 / 38 62 66 -69 / 72 -50 -66 -69 <END> 
<S> 55 67 71 74 / 57 -67 -71 -74 / 59 62 67 74 / 57 66 72 -74 / 55 64 71 -74 / 54 62 69 74 / 50 -62 -69 -74 / 55 62 71 -74 / 64 72 -55 -71 / 54 69 -64 -72 / 52 64 71 -69 / 67 -52 -64 -71 / 57 60 69 -67 / 62 65 69 / 60 64 67 / 59 -48 -64 -67 / 50 57 66 74 / 59 62 67 -74 / 64 -59 -67 -74 <END> 
<S> 57 64 69 72 / 59 -64 -69 -72 / 60 64 67 / 62 77 -64 / 52 60 64 79 / 50 58 65 77 / 52 67 72 -77 / 53 69 -72 -72 / 55 67 71 74 / 65 69 -55 -74 / 64 -55 -71 -74 / 65 -55 -71 -74 / 48 64 67 72 / 60 67 72 76 / 59 -67 -72 -76 <END> 
<S> 53 69 72 74 / 55 67 71 -74 / 65 -55 -71 -74 / 48 64 72 / 55 70 52 -76 / 53 60 65 -70 / 52 67 -60 -65 / 53 60 69 -67 / 55 59 67 71 / 57 60 72 -67 / 50 62 65 74 / 55 59 67 -74 / 60 67 76 / 58 -60 -67 -76 <END> 
<S> 57 60 65 72 / 55 59 67 / 53 57 69 72 / 52 62 67 71 / 50 62 65 69 / 52 60 64 67 / 59 -52 -64 -67 / 53 60 65 69 / 52 62 65 71 / 50 -62 -65 -71 <END> 
<S> 52 60 67 72 / 50 53 -67 -72 / 52 55 67 74 / 48 64 67 72 / 65 74 -48 -67 / 60 67 72 76 / 59 -67 -72 -76 / 57 69 72 76 / 55 71 74 79 / 67 72 77 -64 / 60 67 72 76 / 52 67 72 79 <END> 
<S> 60 67 72 76 / 59 -67 -72 -76 / 57 69 72 77 / 59 62 74 79 / 52 61 70 79 / 57 60 69 77 / 59 62 -69 -77 / 60 64 67 76 / 65 69 -60 -76 / 53 67 71 74 / 0 / 52 67 72 77 <END> 
<S> 57 60 69 77 / 59 62 -69 -77 / 60 64 67 76 / 53 65 69 -76 / 65 67 71 74 / 64 -67 -71 -74 / 62 67 72 76 / 60 -67 -72 -76 / 67 72 74 / 55 71 -67 -74 / 65 67 72 48 / 64 71 -67 -76 / 57 65 72 77 <END> 
<S> 67 72 74 / 65 71 -67 -74 / 60 64 67 72 / 62 74 -67 / 60 76 -62 -69 / 58 60 68 76 / 57 60 65 77 / 55 59 67 76 / 53 60 69 72 / 52 67 -60 -72 / 50 65 69 74 / 71 -50 -65 -74 / 48 67 72 76 / 52 -67 -72 -76 <END> 
<S> 57 60 67 76 / 55 -60 -67 -76 / 53 60 69 77 / 55 59 67 -74 / 74 -55 -59 -74 / 48 60 64 72 / 45 60 72 77 / 62 71 -60 -77 / 64 67 72 76 / 65 71 74 79 / 69 -65 -71 -74 / 59 67 74 / 62 71 -67 -74 <END> 
<S> 57 60 64 76 / 62 65 71 58 / 64 67 72 76 / 65 74 -67 -72 / 64 67 72 / 62 65 71 74 / 64 67 73 76 / 65 69 72 77 / 67 74 -72 -77 / 48 67 72 76 / 60 67 72 76 / 59 -67 -72 -76 <END> 
<S> 57 64 69 72 / 67 -57 -64 -72 / 60 65 69 74 / 59 -65 -69 -74 / 60 67 76 / 62 65 77 -60 / 64 79 -60 / 58 -52 -64 -79 / 57 60 77 76 / 59 62 74 -77 / 60 64 76 -74 / 72 -60 -64 -76 / 54 69 74 -72 / 56 64 71 -74 / 57 64 72 76 / 55 -64 -72 -76 <END> 
<S> 57 60 72 77 / 59 62 -72 -77 / 60 64 72 76 / 65 -60 -72 -76 / 55 67 71 74 / 52 67 71 / 60 -52 -67 -71 / 57 65 69 77 / 62 -69 -77 / 60 76 -69 / 59 67 -60 -76 / 57 60 69 77 / 62 -57 -69 -77 / 55 64 69 76 / 53 65 -69 -76 / 67 -53 -60 -69 <END> 
<S> 57 60 69 76 / 59 -57 -69 -76 / 45 60 67 76 / 53 69 72 77 / 60 67 72 76 / 59 -67 -72 -76 / 57 69 72 77 / 59 -69 -72 -77 / 60 67 72 76 / 55 67 71 74 / 57 67 72 76 <END> 
<S> 57 69 72 77 / 59 -69 -72 -77 / 60 67 76 -74 / 72 -60 -67 -76 / 55 67 71 74 / 59 -55 -67 -74 / 60 64 67 72 / 62 65 -67 -72 / 64 67 72 / 60 64 -67 -72 / 59 67 74 -67 / 57 72 -67 -74 / 55 62 71 79 / 64 -55 -71 -79 <END> 
<S> 64 67 71 / 62 66 -71 / 62 -50 -66 -71 / 52 60 67 72 / 48 64 -67 -72 / 50 62 65 71 / 52 55 67 72 / 53 57 65 74 / 59 62 -53 -69 / 48 60 64 76 / 59 -48 -64 -76 / 50 57 66 74 / 59 -50 -66 -74 <END> 
<S> 47 55 62 71 / 48 64 -55 -71 / 50 62 65 69 / 60 -50 -65 -69 / 52 59 64 67 / 62 -52 -59 -67 / 53 57 60 69 / 55 59 67 / 57 60 65 / / 64 -57 -60 / / 59 62 67 / 43 53 -62 -67 / 52 -43 -59 -62 / 50 -43 -55 -62 / 48 52 55 60 / 48 52 60 67 <END> 
<S> 57 60 65 / 53 64 -60 / / 57 60 62 / 43 55 59 62 / 53 -43 -59 -62 / 48 52 55 60 / 48 60 64 67 / 47 -60 -64 -67 / 45 60 64 69 / / -60 -64 -69 / 52 59 67 71 / 50 60 67 76 / 52 60 -67 72 / 52 67 -60 -72 / 53 69 74 -60 / 55 59 62 <END> 
<S> 44 60 65 69 / 45 -60 -65 -69 / 52 60 67 / 50 58 65 -67 / 49 57 67 -65 / 48 62 -57 -67 / 47 57 62 -62 / 66 57 -62 -62 / 55 59 62 67 / 52 55 -62 -67 / 50 57 60 67 / 55 59 62 74 / 53 -59 -62 -74 / 52 55 59 67 / 48 60 64 -67 / 50 57 62 69 / 66 -50 -57 -62 <END> 
<S> 57 60 69 -51 / 55 59 71 74 / 52 67 -59 -71 / 48 57 69 72 / 59 71 -48 -69 / 72 60 66 -69 / 50 62 67 71 / 51 62 67 71 / 50 -62 -67 -71 / 52 55 67 72 / 53 57 -67 -72 / 55 59 62 71 / 64 -55 -59 -71 / 50 60 62 66 / 52 59 -62 -65 / 53 59 62 67 / 62 -53 -59 -67 <END> 
<S> 47 62 67 71 / 48 -62 -67 -71 / 50 62 66 69 / 55 59 62 67 / 52 -55 -59 -67 / 50 57 65 69 / 59 -50 -65 -69 / 48 60 64 67 / 59 -48 -64 -67 / 50 57 66 72 / 55 62 67 -72 / 59 -55 -62 -67 / 48 60 64 67 / 59 -48 -64 -67 / 50 57 64 69 / 55 62 67 71 <END> 
<S> 45 64 69 72 / 47 71 -64 / 48 64 72 -57 / 50 55 62 -72 / 48 64 67 71 / 50 -64 -67 -71 / 52 64 67 72 / 62 -52 -67 -72 / 48 60 64 67 / 59 -48 -64 -67 / 50 57 66 74 / 59 62 -66 -74 / 60 64 67 72 / 58 -64 -67 -72 / 64 69 72 / 50 -64 -69 -72 <END> 
<S> 45 64 69 72 / 47 67 -64 -72 / 48 62 67 -72 / 50 -62 -67 -72 / 52 62 67 71 / 50 -62 -67 -71 / 52 55 67 72 / 54 57 62 -72 / 55 59 62 67 / 60 64 -55 -67 / 47 62 -55 -67 / 45 60 64 -50 / 47 55 62 / <END> 
<S> 50 62 69 71 / 51 -62 -69 -71 / 50 54 69 -69 / 55 62 -69 -72 / 52 59 71 -69 / 64 67 -52 -55 / 53 57 62 69 / 59 62 -53 -69 / 52 60 64 67 / 58 65 -52 -67 / 57 57 60 65 / 59 62 -57 -65 / 52 60 64 67 / 58 -60 -64 -67 / 44 60 65 / 59 -44 -53 -65 <END> 
<S> <END> 
<S> 81 -67 / 47 65 67 74 / 48 60 -67 -74 <END> 
<S> 67 72 -57 -64 -67 -67 66 -57 -67 / 52 -67 -70 / 53 62 69 -67 / 62 65 69 -62 / 60 64 67 / 59 62 67 <END> 
<S> 50 65 69 74 / 71 -50 -65 -74 / 48 67 72 76 / 53 -67 -72 -76 / 55 67 71 74 / 52 67 72 / 50 69 -67 -72 / 52 62 71 79 / 50 -62 -71 -79 <END> 
<S> 48 64 67 72 / 55 62 71 -67 / 60 64 69 -55 / 53 62 66 71 / 52 59 67 72 / 48 64 -67 -72 / 50 62 66 71 / 52 55 62 72 / 54 57 62 -72 / 55 59 62 71 / 60 64 -55 -71 / 62 -55 -60 -67 <END> 
<S> 52 55 67 72 / 54 62 69 -72 / 43 62 71 -69 / 67 -43 -62 -71 / 50 62 69 -67 / 71 -50 -62 -69 / 51 55 67 72 / 50 71 -55 -67 / 48 55 64 72 / 54 62 71 -48 / 52 55 60 72 / 74 -52 -55 -60 / 54 57 62 / 64 -54 -57 -62 <END> 
<S> 53 55 62 71 / 50 -55 -62 -71 / 48 55 62 72 / 47 71 -55 -62 / 48 55 64 69 / 52 54 -69 -69 / 50 54 -69 -69 / 52 59 67 / 48 64 -59 / 55 60 -52 -67 / 59 -48 -52 -67 / 45 57 64 69 / 62 -45 -57 -69 / 47 50 62 67 / 65 -47 -50 -67 / 52 59 64 67 / 50 -59 -64 -67 <END> 
<S> 47 55 62 67 / 48 60 -55 -67 / 50 54 62 69 / 43 59 62 67 / 48 60 64 67 / 52 60 67 72 / 62 69 -55 -72 / 71 -55 -62 -69 / 64 72 -55 -69 / 43 62 71 74 / 67 72 -62 / 47 62 67 74 / 48 67 -62 -74 / 50 72 -67 -74 / 52 67 72 76 / 54 -67 -72 -76 <END> 
<S> 55 64 67 72 / 62 74 -55 -67 / 60 76 -55 -67 / 59 62 67 74 / 55 -59 -67 -74 / 60 64 67 72 / 62 65 -67 -72 / 64 67 71 / 0 / -67 -71 -79 -79 67 72 79 / 62 71 77 <END> 
<S> 52 60 67 72 / 53 62 -67 -72 / 55 64 -67 -72 / 62 -55 -67 -72 / 55 60 69 74 / 59 -55 -67 -74 / 48 64 67 72 / 60 64 67 72 / 59 -64 -67 -72 / 57 66 72 -57 / 55 -57 -66 -72 <END> 
<S> 57 60 64 72 / 55 59 67 74 / 53 57 -67 -74 / 52 59 67 76 / 56 60 64 72 / 65 74 -56 -60 / 55 60 67 76 / 53 -60 -67 -76 / 52 60 67 76 / 53 -60 -67 -76 / 55 59 67 74 / 65 -55 -59 -74 / 56 60 64 72 / 45 57 65 72 <END> 
<S> 55 60 67 76 / 53 -60 -67 -76 / 55 59 65 74 / 64 -55 -59 -74 / 65 -55 -59 -74 / 48 55 64 72 / 55 62 71 / 54 69 -55 -62 / 55 62 67 71 / 53 69 -62 -67 / 52 60 67 -69 / 50 -60 -67 -72 / 52 60 67 74 / 59 -52 -67 / 65 60 67 74 / 59 76 -62 -67 / 77 -60 -67 -72 <END> 
<S> 53 60 65 69 / 50 62 65 69 / 55 59 64 71 / 62 -55 -59 -71 / 44 59 62 72 / 52 55 60 67 / 53 57 69 -60 / 59 62 -53 -69 / 52 60 64 67 / 50 58 -64 -67 / 49 57 64 69 / 50 62 65 -69 / 64 -50 -69 / 43 71 -57 -62 / 44 59 62 -71 / 45 57 -59 -62 / 40 55 60 64 / 41 53 -60 -63 / <END> 
<S> 47 62 65 / 45 60 -62 -65 / 43 59 62 67 / 41 -59 -62 -67 / 45 60 64 72 / 47 55 -64 -72 / 48 48 64 72 / 50 54 62 -72 / 48 55 64 72 / 50 65 71 -50 / 52 55 64 72 / 62 -52 -55 -72 / 52 60 67 -52 / 53 -60 -67 -67 / 55 64 67 -53 / 65 -55 -60 -64 / 59 -55 -59 -67 / 74 -55 -59 -62 / 48 55 60 64 <END> 
<S> 50 62 65 71 / 52 55 67 72 / 48 57 64 -72 / 53 69 -64 / 55 62 71 / 48 64 -55 -71 / 50 54 62 69 / 60 -50 -54 -69 / 43 50 59 67 / 48 52 60 67 / 50 53 -60 -67 / 52 55 60 67 / 48 58 -60 -67 <END> 
<S> 48 55 64 72 / 71 -48 -55 -64 / 72 -48 -55 -64 / 50 62 71 / 48 -55 -62 -67 / 50 62 69 -55 / 38 -50 -62 -69 / 60 -50 -54 -69 / 43 50 59 67 / 48 52 60 67 / 50 53 -60 -67 / 52 55 60 67 / 48 -55 -60 -67 / 53 60 65 69 / 52 -60 -65 -69 <END> 
<S> 47 50 62 67 / 65 -47 -50 -62 / 44 52 60 62 / 53 48 -60 -64 / 55 59 62 -48 / 53 -55 -59 -62 / 48 52 55 60 / 47 55 62 67 / 48 55 60 64 <END> 
<S> 55 62 65 -60 / 59 -55 -62 -65 / 53 57 62 69 / 71 -53 -62 -62 / 52 55 60 72 / 47 56 62 71 / 48 55 60 64 / 50 -55 -60 -64 / 52 55 60 64 / 53 -55 -60 -64 / 55 62 71 -55 / 53 -55 -62 -71 <END> 
<S> 48 55 60 64 / 50 -55 -60 -64 / 52 55 60 64 / 50 -55 -60 -64 / 55 59 62 / 53 -55 -59 -62 / 52 55 59 62 / 50 -55 -59 -62 / 52 55 60 64 / 50 -55 -60 -64 / 57 55 62 65 / 47 59 -55 -65 / 48 60 64 67 <END> 
<S> 47 55 62 67 / 45 57 -55 -67 / 43 59 62 -55 / 47 55 62 -55 / 48 55 60 64 / 52 58 60 67 / 53 60 69 -60 / 55 62 71 -60 / 59 -55 -62 -71 / 54 60 69 -62 / 55 59 62 / 57 -55 -62 -74 / 55 59 67 / 65 -55 -59 <END> 
<S> 53 60 65 69 / 52 62 -60 -69 / 50 59 67 69 / 65 -50 -59 -69 / 52 59 62 67 / 50 57 -62 -67 / 55 59 62 / 53 60 -55 / 55 59 62 / / 53 -55 -62 / 52 55 59 62 / 53 -55 -59 -62 / 52 55 60 64 / 50 -55 -60 -64 / 48 55 62 65 / 47 -55 -62 -65 <END> 
<S> 55 59 62 / 53 -55 -59 -62 / 52 55 59 64 / 50 -55 -59 -79 / 48 55 60 64 / 56 59 62 65 / 57 60 64 72 / 55 59 67 74 / 53 -59 -67 -74 / 52 60 67 76 / 48 -60 -67 -76 / 55 60 67 74 / 59 -55 -67 -74 / 48 67 76 / 60 64 72 76 <END> 
<S> 59 62 67 74 / 60 76 -67 -74 / 59 67 74 / 55 71 -67 -74 / 60 67 76 -74 / 72 77 -67 -76 / 52 67 72 76 / 53 -67 -72 -76 / 55 67 71 74 / 72 -55 -67 -76 / 71 -55 -67 -76 / 0 / 48 67 72 76 <END> 
<S> 60 67 72 76 / 48 -67 -72 -76 / 55 67 71 74 / 53 -67 -71 -74 / 52 67 72 -71 / 57 60 69 -72 / 55 67 71 74 / 55 67 71 74 / 65 -55 -71 -74 / 60 64 67 72 / 62 65 69 -72 / 71 65 68 74 / 58 -65 -69 -74 <END> 
<S> 65 69 74 -60 / 64 67 71 -74 / 62 72 -67 -76 / 57 60 74 77 / 59 -57 -74 -77 / 60 64 76 -69 / 67 71 -64 -76 / 56 64 72 57 / 57 -72 -57 -72 / 59 62 71 74 / 60 67 76 -74 / 72 -60 -67 -76 / 55 67 74 -72 / 71 -55 -67 -74 / 65 -55 -71 -74 / 48 64 67 72 / 60 66 69 74 <END> 
<S> 57 64 69 72 / 55 -64 -69 -72 / 53 65 72 -69 / 52 -65 -69 -72 / 50 65 70 74 / 52 55 -70 -74 / 53 65 69 72 / 55 -65 -69 -72 / 64 71 -55 -60 / 72 -55 -60 / 47 55 62 74 / 54 69 -55 -74 / 55 59 62 67 -55 / 53 60 65 69 / 50 62 65 71 / 48 64 67 72 <END> 
<S> 53 57 69 74 / 59 -53 -69 -74 / 52 60 67 76 / 50 60 65 77 / 52 67 76 -60 / 53 60 69 77 / 55 59 67 74 / 65 -55 -59 -74 / 48 60 64 72 / 55 67 71 74 / 69 72 -55 -74 / 70 -55 -74 -76 / 65 -55 -71 -74 / 48 64 67 72 / 60 64 67 72 <END> 
<S> 52 60 67 72 / 53 69 -60 -72 / 52 65 71 74 / 50 59 -65 -74 / 48 60 64 76 / 58 -48 -64 -76 / 53 57 74 77 / 72 -53 -57 -77 / 55 62 71 79 / 43 -62 -71 -79 / 50 62 71 79 / 51 -62 -71 -79 / 50 62 67 78 / 69 -50 -62 -79 / 55 62 71 79 <END> 
