<S> 60 64 72 79 / 55 62 72 79 / 71 -55 -62 -79 / 48 64 72 79 / 81 -48 -64 -72 / 50 62 65 82 / 52 67 -62 -82 / 53 60 69 81 / 65 -53 -69 -81 / 70 -53 -65 -81 / 48 72 79 -65 / 64 -48 -72 -79 / 53 69 72 77 / 59 67 74 79 <END> 
<S> 53 60 69 81 / 65 -53 -69 -81 / 70 -53 -65 -81 / 49 65 72 79 / 58 64 70 79 / 57 60 64 72 / 59 62 67 74 / 60 67 76 / 59 62 -67 -76 / 64 67 72 / 65 69 -67 -72 <END> 
<S> 57 64 72 / 55 59 67 74 / 60 67 76 / 59 62 67 79 / 60 64 69 -79 / 62 71 79 / 69 72 -62 / 52 67 71 79 / 57 64 69 -79 / 50 65 69 77 / 55 62 71 -77 / 64 67 76 <END> 
<S> 67 71 79 / 65 74 -71 -79 / 64 69 73 76 / 67 74 -73 / 62 65 74 81 / 64 72 79 / 64 71 -64 / 72 -64 -64 / 62 74 -64 / 59 62 71 -74 / 60 64 72 76 / 44 -64 -72 -76 / 56 64 71 -64 / 57 64 71 -57 / 69 -57 -64 -64 <END> 
<S> 57 64 72 76 / 55 65 -72 -76 / 67 74 -55 -72 / 53 69 -72 -74 / 55 71 74 -67 / 65 -55 -71 -74 / 48 64 67 72 / 60 64 67 72 / 59 62 67 74 <END> 
<S> 53 67 72 74 / 65 -53 -72 -74 / 55 62 71 -74 / 64 -55 -71 -74 / 65 -55 -71 -74 / 48 64 67 72 / 55 62 67 71 / 69 -50 -55 -67 / 50 62 69 -67 / 66 -50 -62 -69 / 60 -50 -66 -69 / 43 50 59 67 / 47 50 62 67 <END> 
<S> 54 62 69 74 / 50 59 67 76 / 66 -50 -59 -67 / 55 59 62 67 / 52 60 67 72 / 50 65 69 74 / 71 -50 -65 -74 / 48 67 72 76 / 60 74 77 -48 / 76 79 -48 -60 / 53 59 74 77 / 60 72 76 -53 <END> 
<S> 52 60 67 72 / 50 65 69 74 / 71 -50 -65 -74 / 48 67 72 76 / 60 74 77 -48 / 76 79 -48 -60 / 53 59 74 77 / 60 72 76 -53 / 55 67 71 74 / 56 64 71 76 <END> 
<S> 58 62 65 74 / 67 -58 -62 -74 / 57 60 65 -74 / 53 59 -65 -74 / 74 -53 -60 -65 / 53 69 74 -60 / 59 -53 -60 -74 / 48 60 67 76 / 50 59 65 77 / 52 60 67 76 / 53 59 69 74 / 52 60 67 -74 / 50 65 -60 -74 / 55 64 70 -74 / 53 -55 -64 -70 <END> 
<S> 48 60 67 76 / 55 59 67 74 / 55 59 67 74 / 60 67 76 / 69 -60 -76 / 58 62 70 77 / 57 -62 -70 -77 / 55 65 70 77 / 53 -62 -70 -77 / 52 67 77 -70 / 53 69 73 <END> 
<S> 60 67 76 / 57 60 69 77 / 71 -57 -60 -77 / 55 60 69 74 / 53 59 -69 -74 / 52 60 67 76 / 58 -52 -67 -76 / 53 57 65 74 <END> 
<S> 53 60 69 / 62 65 -53 -69 / 60 64 67 / 58 62 65 / 60 57 64 72 / 55 62 67 71 <END> 
<S> 50 65 67 / 62 -50 -67 / 52 55 62 71 / 53 55 62 71 / 52 55 60 72 / 50 62 65 -72 / 71 -50 -62 -65 / 48 64 69 72 / 47 -64 -69 -72 / 48 64 69 72 / 51 -64 -69 -72 <END> 
<S> 50 60 65 69 / 71 -50 -60 -65 / 52 59 67 / 60 -52 -52 -67 / 50 53 69 69 / 48 71 -53 -69 / 52 59 67 / 60 64 -52 -67 / 41 57 60 65 / 62 64 -41 -60 / 43 55 59 62 / 53 -43 -59 -62 <END> 
<S> 47 57 62 67 / 43 59 -62 -67 / 45 60 64 69 / 47 55 62 71 / 48 55 60 64 / 50 62 65 -60 / 52 59 64 67 / 50 65 -59 -64 / 48 55 60 64 / 48 59 62 65 / 60 -48 -55 -64 / 43 55 62 -60 / 59 -43 -55 -62 <END> 
<S> 47 55 62 67 / 43 -55 -62 -67 / 48 55 60 64 / 62 -48 -55 -64 / 48 60 63 -55 / 49 55 58 64 / 48 53 57 62 / 60 -48 -57 / / 55 59 62 / 43 55 60 63 / 58 -43 -55 -60 / 41 53 56 -60 / 59 -41 -53 -56 / 48 51 55 60 / 50 62 -51 / 51 51 58 67 / 50 -51 -58 -67 <END> 
<S> 55 -51 60 -63 / 48 55 -60 -63 / 44 53 60 65 / 41 60 -53 -65 / 43 59 62 67 / 41 60 63 67 / 68 72 -60 / -67 51 60 67 / 59 62 67 / 55 60 67 / 53 -60 -67 -79 / 55 67 74 -60 / 59 -55 -67 -74 / 53 59 62 67 / 51 55 63 72 / 50 53 65 70 / 48 55 67 -70 / 53 60 68 -67 / 54 63 69 -60 <END> 
<S> 55 60 67 75 / 53 -60 -67 -75 / 55 59 67 74 / 65 -55 -59 -74 / 48 60 63 72 / 60 63 67 75 / 58 62 70 77 / 56 -62 -70 -77 / 55 62 70 77 / 53 -62 -70 -77 / 51 63 70 79 / 55 58 -70 -79 / 53 65 69 72 / 51 -65 -69 -72 / 50 65 71 77 <END> 
<S> 53 65 68 74 / 72 -53 -65 -68 / 55 58 67 75 / 56 60 -67 -75 / 58 65 74 / 68 -58 -58 -74 / 55 67 70 75 / 53 65 68 72 / 51 63 67 79 / 61 -51 -67 -79 / 54 60 69 -48 / 55 63 70 79 / 56 72 -63 -79 / 55 70 75 -60 <END> 
<S> 48 63 67 75 / 51 67 72 -75 / 53 68 74 -72 / 55 67 71 -74 / 56 67 72 / 60 65 -56 -72 / 55 59 67 74 / 53 60 67 68 / 50 -60 -67 -68 / 51 60 67 / 58 -52 -67 -75 <END> 
<S> 56 68 72 75 / 55 -67 -72 -76 / 53 69 72 77 / 55 67 -72 -77 / 56 60 75 -72 / 74 -56 -60 -72 / 72 -56 -60 -72 / 55 70 74 -60 / 55 67 71 74 / 48 67 72 75 / 65 74 -48 -72 <END> 
<S> 56 68 72 / 51 -67 -68 -72 / 50 65 70 74 / 52 -65 -70 -74 / 53 63 69 72 / 54 62 69 -72 / 55 62 67 70 / 55 59 62 67 <END> 
<S> 50 65 70 74 / 69 -50 -65 -74 / 51 70 -65 -74 / 63 -51 -70 -74 / 65 70 -51 -70 / 50 67 -65 -70 / 48 63 67 69 / 50 -48 -63 -69 / 50 53 62 71 / 60 -50 -62 -71 / 51 55 60 72 / 52 55 -60 -72 <END> 
<S> 55 63 70 -48 / 52 -55 -63 -70 / 53 56 60 72 / 50 53 -60 -72 / 51 58 67 -60 / 50 59 65 74 / 51 55 63 70 / 53 56 68 72 / 52 55 67 72 / 53 56 65 -72 / 55 58 63 -72 / 56 60 -63 -72 / 58 62 65 74 / 67 75 -62 -65 / 53 68 68 74 <END> 
<S> 53 56 62 72 / 53 72 -58 -62 / 55 62 70 / 51 55 60 72 / 53 56 60 65 / 55 62 67 71 / 53 68 -62 -67 / 51 60 67 -67 / 53 -60 -67 -70 / 55 -60 -67 -67 / 59 62 67 -55 / 53 -59 -62 -67 / 51 60 67 -60 / 53 59 -60 -67 / 51 55 60 -60 / 59 62 -55 -55 <END> 
<S> 55 59 67 / 65 -55 -59 -67 / 60 63 67 / 53 62 65 -67 / 51 63 67 70 / 53 56 -67 -70 / 51 55 67 70 / 50 -51 -67 -70 / 48 48 67 72 / 60 -48 -67 -72 / 55 59 67 74 / 55 63 67 70 / 60 65 -55 -70 / 58 62 67 74 / 57 -62 -67 -74 <END> 
<S> 48 51 67 72 / 60 -51 -67 -72 / 53 65 68 74 / 67 -53 -65 -74 / 54 63 69 72 / 62 -54 -69 -72 / 55 62 67 71 / 53 -62 -67 -71 / 51 63 67 72 / 50 -63 -67 -72 / 48 62 67 74 / 47 -62 -67 -74 / 48 60 67 75 / 53 62 65 -75 / 63 -53 -65 -68 / 58 62 65 74 / 59 62 67 74 <END> 
<S> 51 63 67 72 / 53 68 -63 -72 / 55 62 67 71 / 56 60 65 72 / 62 -56 -65 -72 / 55 63 67 72 / 57 65 -67 -72 / 58 62 65 74 / 56 60 -65 -74 / 55 58 70 75 / 53 60 68 -75 / 51 58 67 75 / 56 -51 -75 <END> 
<S> 56 63 67 72 / 60 -56 -67 -72 / 65 68 74 -60 / 59 67 -65 -74 / 60 63 65 75 / 53 65 68 72 / 51 60 67 75 / 50 65 -60 -75 / 51 67 72 75 / 71 -51 -67 -75 / 56 65 72 77 / 67 -56 -72 -77 / 55 67 72 75 <END> 
<S> 48 63 67 75 / 51 67 72 -75 / 53 68 74 -72 / 55 67 71 -74 / 65 -55 -71 -74 / 48 63 67 72 / 60 67 72 75 / 58 -67 -72 -75 / 56 60 72 75 / 55 70 -60 -75 / 53 60 68 74 / 55 59 67 -74 / 56 60 67 72 / 65 -56 -60 -72 <END> 
<S> 60 63 67 72 / 58 62 -67 -72 / 56 60 65 77 / 68 -56 -60 -77 / 55 67 70 75 / 53 68 -67 -75 / 55 62 67 74 / 67 -55 -62 -74 / 56 60 63 72 / 65 -56 -60 -72 / 55 62 67 71 / 53 -62 -67 -71 / 51 63 72 -67 / 69 -51 -63 / 50 65 71 <END> 
<S> 60 63 67 75 / 62 -60 -67 -75 / 54 60 69 -75 / 55 67 71 74 / 52 67 72 79 / 70 -52 -67 -79 / 53 65 68 80 / 55 70 75 -65 / 56 60 68 75 / 58 -60 -68 -75 / 60 75 -68 / 55 58 67 75 / 53 65 68 74 <END> 
<S> 56 63 72 77 / 60 -56 -72 -77 / 58 62 70 77 / 68 -58 -62 -77 / 51 58 67 75 / 51 58 70 79 / 60 -51 -70 -79 / 58 62 70 77 / 56 62 71 77 / 55 63 70 75 / 53 65 68 -75 / 51 67 72 -75 / 68 77 -51 -75 <END> 
<S> 58 62 65 77 / 67 -58 -62 -77 / 60 68 75 / 60 67 -60 -75 / 58 65 68 74 / 59 67 -65 -74 / 60 63 67 75 / 58 62 -67 -75 / 56 60 65 77 / 55 -60 -65 -77 / 53 60 70 79 / 52 -60 -70 -79 / 53 60 68 77 / 55 59 67 -77 <END> 
<S> 60 67 75 / 58 -60 -67 -75 / 56 60 65 75 / 55 -60 -65 -75 / 53 60 68 74 / 55 59 67 -74 / 65 -55 -67 -74 / 48 60 67 72 / 58 -67 -72 / 56 68 72 77 / 63 -56 -68 -77 / 62 -56 -56 -77 / 51 55 75 -62 / 53 60 68 77 / 50 59 68 -77 <END> 
<S> 51 63 67 72 / 60 -51 -67 -72 / 53 56 65 72 / 63 -53 -56 -72 / 55 62 71 / 48 55 63 72 / 51 60 67 79 / 60 63 69 -51 / 55 62 67 70 / 56 65 -62 -70 / 55 58 64 70 / 53 60 65 68 / <END> 
<S> 51 63 67 72 / 62 -51 -67 -72 / 60 63 69 72 / 55 62 67 70 / 57 72 -62 -67 / 58 62 65 / 56 -58 -65 -74 / 51 55 63 72 / 51 60 67 / 48 60 69 -67 <END> 
<S> 55 70 -63 -69 / 53 61 69 -70 / 51 60 65 67 / 58 -60 -65 / 56 60 63 68 / 62 -56 -60 -68 / 55 61 67 / 53 72 -58 -67 / -39 -53 -67 -72 / 41 60 65 68 / 62 65 -44 -72 / 43 63 67 70 <END> 
<S> 49 60 65 68 / 48 -60 -65 -68 / 53 60 65 69 / 58 46 65 74 / 58 63 67 70 / 57 63 65 72 / 50 62 -65 -72 / 51 60 63 67 / 58 -60 -67 / 53 56 60 68 / 55 58 -60 -68 <END> 
<S> 54 63 69 72 / 62 -54 -69 -72 / 55 62 67 71 / 48 63 67 72 / 60 67 72 75 / 58 -67 -72 -75 / 56 60 72 75 / 55 70 -60 -75 / 53 60 68 74 / 55 59 67 -74 / 56 60 67 72 / 65 -56 -60 -72 <END> 
<S> 60 67 72 75 / 58 -67 -72 -75 / 56 60 72 75 / 55 70 -60 -75 / 53 60 68 74 / 55 59 67 -74 / 56 60 72 -67 / 65 -56 -56 -72 / 50 62 65 71 / 53 -62 -65 -71 / 51 63 69 69 / 60 -51 -69 / 55 58 67 74 / 57 60 -67 -74 / 59 62 68 74 <END> 
<S> 53 62 67 74 / 60 -53 -67 -74 / 55 62 67 71 / 43 59 62 67 / 51 60 63 79 / 53 60 65 77 / 62 71 -53 -77 / 51 63 72 79 / 53 -62 -70 -79 / 55 67 71 75 / 57 60 -67 -75 / 59 62 74 -67 / 63 -59 -62 -74 <END> 
<S> 56 60 65 77 / 55 -60 -65 -77 / 53 60 70 79 / 52 -60 -70 -79 / 53 60 68 77 / 59 -53 -68 -77 / 60 67 76 / 53 60 69 77 / 55 67 71 74 / 63 72 -67 / 62 65 -72 / 63 -55 -72 -72 <END> 
<S> 53 60 68 77 / 62 70 -53 -77 / 60 63 69 79 / 58 65 71 74 / 59 -66 -71 -74 / 60 67 72 75 / 62 -67 -72 -75 / 60 67 74 -72 / 59 68 74 77 / 60 -68 -74 -77 <END> 
<S> 51 63 67 72 / 55 62 67 71 / 60 63 67 72 / 58 65 74 / 68 -58 -65 -74 / 63 67 79 / 65 69 -51 -79 / 63 70 79 <END> 
<S> 63 70 -56 -63 / 62 68 -63 -70 / 63 70 79 / 63 68 -63 -79 / 62 65 70 77 / 67 70 75 -56 / 72 77 -63 / 55 63 70 75 / 53 65 68 74 / 51 67 72 -53 / -67 -51 -67 -72 <END> 
<S> 51 68 72 77 / 53 -68 -68 -77 / 51 67 70 79 / 63 72 79 -79 / 53 68 74 77 / 55 67 74 -77 / 55 75 -67 -74 / 71 -55 -67 -75 / 48 72 75 -67 / 53 68 74 77 <END> 
<S> 53 68 74 -60 / 55 59 67 -74 / 65 -55 -67 -74 / 48 63 67 72 / 58 62 70 77 / 56 60 63 -77 / 55 62 68 77 / 53 -62 -68 -77 / 60 63 67 75 / 58 65 74 -75 <END> 
<S> 56 60 63 72 / 62 -56 -60 -72 / 50 58 65 70 / 51 58 63 67 / 68 -58 -63 / 46 58 65 68 / 50 58 65 70 / 51 58 63 67 / 56 60 63 72 / 65 74 -56 -60 <END> 
<S> 63 68 -58 -63 / 62 -43 -58 -65 / 60 / 63 67 / 58 -63 -67 / 56 62 65 / 60 -56 -65 / 55 58 62 67 / 53 -58 -62 -67 / 51 60 67 72 / 50 58 65 70 / 51 58 63 -70 / 56 60 65 -51 / 50 55 58 67 / 51 68 -55 -58 <END> 
<S> 53 60 68 / 55 58 67 -53 / 56 60 65 -68 / 58 -48 -65 / 56 60 64 -48 / 60 -48 -64 / 44 56 60 65 / 41 -56 -60 -65 / 48 55 60 64 / 44 -55 -60 -64 / 59 62 -55 / 53 -59 -62 / 52 55 60 / 53 59 62 -55 / 42 57 60 -62 / 43 55 62 67 <END> 
<S> 44 56 60 65 / 55 -44 -60 -65 / 43 56 62 -60 / 58 -43 -56 -60 / 41 53 60 62 / 43 55 59 63 / 44 56 60 -63 / 43 55 62 -60 / 53 59 -43 -62 / / 51 55 60 / 53 62 -48 -55 / 55 60 -48 -55 / 50 -36 -55 -60 / 48 51 55 60 / 48 51 63 67 / 50 60 65 -51 / 51 67 -51 -65 / 51 63 69 -51 / 55 -51 -63 / 44 60 56 65 / 74 -56 -60 -65 <END> 
<S> 41 48 60 68 / 50 -62 -68 -68 / 51 55 67 71 / 50 -55 -67 -71 / 48 55 67 72 / 63 -55 -67 -72 / 56 62 66 71 / 60 63 67 72 / 58 62 67 74 / 56 60 65 72 / 74 -56 -60 -65 / 55 58 67 75 / 53 68 -58 -75 / 55 67 70 74 / 56 72 -67 -70 / 65 68 -56 -72 / 63 -44 -68 -72 / 62 65 -44 -72 / 60 63 67 -72 / 62 66 74 -60 <END> 
<S> 60 63 67 75 / 58 62 -67 -75 / 56 60 72 77 / 55 70 -60 -77 / 53 65 68 72 / 74 -53 -65 -68 / 77 -53 -65 -68 / 63 67 -48 / 58 62 -67 -72 / 57 60 65 72 / 62 -57 -65 -72 / 63 63 67 72 / 62 -63 -67 -72 / 60 63 67 72 / 58 -60 -67 -72 / 56 60 65 68 / -56 -60 -65 -68 / 55 61 67 70 / 53 68 -61 -70 <END> 
<S> 56 63 68 72 / 55 -63 -68 -72 / 53 61 67 70 / 52 -61 -67 -70 / 53 60 67 68 / 55 -60 -67 -68 / 56 60 65 68 / 53 -60 -65 -68 / 60 64 67 / 57 60 65 75 <END> 
<S> 56 60 65 / 55 58 62 -65 / 56 60 63 72 / 55 -60 -63 -72 / 53 56 68 72 / 58 62 -53 -68 / 60 63 -53 -68 / 55 59 65 -68 / 60 75 -55 -65 / 48 58 64 79 / 56 60 65 77 <END> 
<S> 56 60 63 / 55 65 -60 / 58 62 67 74 / 68 -58 -74 / 53 58 67 74 / 55 58 67 -74 / 56 72 -67 -75 / 55 65 74 -72 / 53 67 70 75 / 55 -67 -70 -75 / 53 60 68 77 / 62 -53 -68 -77 / 51 67 75 79 / 55 71 -75 -79 / 57 72 75 77 / 59 74 -72 -77 <END> 
<S> 55 63 70 75 / 53 68 77 -63 / 62 -53 -68 -77 / 60 63 67 79 / 69 -60 -63 -79 / 58 62 70 77 / 68 -58 -74 -77 / 60 67 75 75 / 55 67 72 -75 / 71 -55 -67 -75 / 67 -55 -70 -75 / 53 65 68 74 / 51 67 75 -65 / 55 68 74 -75 / 67 75 -55 -70 <END> 
<S> 60 67 72 75 / 58 -67 -72 -75 / 57 66 72 75 / 70 -57 -66 -75 / 53 65 68 74 / 55 59 67 74 / 60 67 75 / 58 60 -67 -75 / 53 56 65 74 / 55 58 -65 -74 / 56 60 63 72 / 62 65 70 -56 <END> 
<S> 60 67 75 / 58 -60 -67 -75 / 56 60 72 75 / 55 70 -60 -75 / 53 68 72 74 / 55 67 71 -74 / 65 -55 -71 -74 / 56 63 72 / 41 -63 -72 / 68 -50 -63 -72 / 46 62 65 74 / 48 67 75 -74 / 50 65 68 74 <END> 
<S> <END> 
<S> -81 <END> 
<S> 50 60 66 74 / 58 -50 -66 -74 <END> 
<S> 73 79 -53 -67 -70 <END> 
<S> -77 / 48 72 75 -60 <END> 
<S> -56 -74 / 55 70 76 -60 / 53 60 69 56 <END> 
