<S> 52 60 67 72 / 74 -52 -60 -67 / 50 67 72 76 / 48 -67 -72 -76 / 55 67 71 74 / 65 -55 -71 -74 / 57 64 69 72 / 55 -64 -69 -72 / 53 62 69 74 / 60 -53 -69 -74 / 55 60 67 74 / 59 -55 -67 -74 / 48 60 67 76 / 48 64 67 72 / 65 74 -48 -67 <END> 
<S> 53 62 69 74 / 60 64 -53 -74 / 55 62 65 70 / 64 -55 -70 -74 / 53 65 70 72 / 52 -65 -70 -72 / 53 65 69 81 / 71 -53 -65 -81 / 48 64 72 79 / 62 77 -48 -72 / 59 79 67 -62 / 45 60 -67 -79 / 62 -45 -60 -79 <END> 
<S> 58 62 70 77 / 60 62 67 -77 / 58 -62 -67 57 / 60 67 76 / 58 -60 -67 -76 / 57 60 72 77 / 62 -57 -72 -77 / 52 67 72 79 / 55 71 79 -79 / 57 69 72 -79 / 59 74 -69 -55 / 60 67 76 / 62 77 -60 -67 61 64 79 79 -64 -72 -79 -79 -79 79 -79 / 57 69 -79 -79 / 59 62 74 79 / 77 -59 -62 -74 <END> 
<S> 52 67 72 79 / 50 65 74 -79 / 52 67 72 79 / 70 -52 -67 -79 / 53 65 69 72 / 60 67 -53 -72 / 55 59 67 74 / 57 60 -67 -74 / 59 62 68 77 / 59 -62 -62 -65 / 60 64 67 76 / 57 69 72 -76 / 50 -69 -72 -76 / 52 71 74 -76 / 72 -52 -64 -74 <END> 
<S> 55 59 62 74 / 53 -59 -62 -74 / 52 59 68 76 / 57 -52 -59 -79 / 57 60 69 77 / 59 62 -69 -77 / 60 64 67 76 / 53 65 69 -76 / 65 67 71 74 / 64 -67 -71 -74 / 62 67 72 77 / 60 67 72 76 <END> 
<S> 57 60 69 77 / 59 62 -69 -77 / 60 64 67 76 / 53 65 69 -76 / 62 65 71 74 / 64 -62 -71 -79 / 62 65 69 77 / 69 72 -62 -77 / 55 67 71 79 / 60 67 76 / 62 -60 -67 -76 / 60 67 76 / 59 -60 -67 -76 / 57 60 65 77 / 55 59 67 76 / 53 57 69 74 / 50 65 -57 -74 <END> 
<S> 60 64 76 / 62 66 -60 -76 / 59 67 -62 -67 / 66 -59 -62 -67 / 60 64 67 79 / 72 81 -67 / 62 66 74 / 60 64 69 -74 / 66 72 -60 -69 / 55 67 71 74 / 52 67 70 79 / 65 -52 -70 -79 / 57 64 70 77 / 67 -57 -64 -74 / 49 69 76 49 <END> 
<S> 60 67 76 / 62 77 -60 -67 / 52 61 67 79 / 60 -52 -67 -79 / 53 69 72 78 / 71 -53 -69 -81 / 67 72 76 -53 / 52 -67 -72 -76 / 50 65 72 77 / 71 -50 -65 -77 / 48 67 72 76 / 55 67 74 -72 / 71 -55 -67 -74 / 65 -55 -71 -74 / 56 62 71 76 / 57 64 69 72 / 59 67 74 / 55 60 67 76 <END> 
<S> 50 67 72 74 / 65 -50 -72 -74 / 52 64 71 79 / 74 -52 -64 -71 / 57 60 69 76 / 55 -60 -69 -76 / 53 60 69 77 / 52 67 -60 -77 / 50 65 69 77 / 52 67 70 76 / 53 65 69 81 / 55 65 71 74 / 64 -55 -71 -74 / 65 -55 69 -74 / 48 64 67 72 / 53 60 65 68 <END> 
<S> 69 74 77 / 76 -58 -69 / 49 69 69 77 / 67 70 76 -62 / 61 69 -67 -76 / 62 65 69 77 / 60 67 72 76 / 59 67 74 77 / 76 -59 -67 -77 / 55 67 72 38 / 57 74 -72 -77 / 55 67 71 77 / 53 67 74 79 <END> 
<S> 59 67 74 77 / 60 67 72 76 / 55 74 -67 -72 / 53 69 -67 -74 / 52 67 71 -74 / 72 -43 -64 -67 / 48 64 69 -72 / 65 -48 -69 -72 / 55 67 69 72 / 62 71 -55 -67 / 64 -55 -67 -72 / 65 -55 -67 -72 / 60 67 72 -55 / 55 74 -60 -67 / 59 67 74 -67 / 60 64 -67 -74 <END> 
<S> 53 65 69 72 / 65 74 -53 -65 / 64 67 -53 58 / 58 62 -67 77 / 57 60 72 76 / 55 70 -60 -76 / 53 65 69 72 / 74 -53 -65 -69 / 55 67 76 -74 / 58 74 -67 -76 / 57 69 72 77 / 55 70 72 79 / 53 69 72 81 <END> 
<S> 58 65 74 / 57 72 -65 -74 / 55 67 70 -74 / 53 -67 -70 -74 / 52 67 72 79 / 53 -67 -72 -79 / 55 67 71 74 / 65 -55 -71 -74 / 56 62 71 76 / 57 60 72 77 / 59 -57 -72 -77 / 60 67 76 -57 / 72 77 -60 -67 <END> 
<S> 57 64 72 / 55 60 67 75 / 53 60 68 77 / 59 62 67 77 / 60 63 67 75 / 69 -60 -63 -75 / 58 65 74 -75 / 56 -65 -72 -74 / 55 67 70 75 / 53 68 -70 -75 / 55 62 70 77 / 56 60 68 -77 <END> 
<S> 58 67 70 75 / 68 -58 -75 / 63 70 -58 -75 / 61 65 -70 -75 / 67 -61 -65 -70 / 60 63 69 / 56 -60 -63 -69 / 56 60 65 72 / 63 -56 -60 -72 / 55 58 70 75 / 53 68 -58 -75 / 55 67 70 74 / 65 -55 -67 -74 <END> 
<S> 56 60 65 75 / 58 -56 -65 -75 / 53 57 65 74 / 55 58 64 74 / 57 60 65 -74 / 50 59 67 -74 / 54 57 63 72 / 50 62 66 -72 / 55 62 67 70 / 60 63 67 75 / 58 62 -67 -75 / 56 60 65 75 / 55 -60 -63 -75 / 53 62 68 77 / 60 63 67 -77 <END> 
<S> 51 63 67 70 / 65 -51 -63 -70 / 67 72 -51 -63 / 50 65 74 -72 / 71 -50 -65 / 48 67 72 75 / 60 67 74 / 59 67 74 / 65 -59 -74 <END> 
<S> 56 65 72 / 55 74 -65 -72 / 53 67 70 75 / 51 -67 -70 -75 / 53 68 72 77 / 74 -53 -68 -77 / 55 70 75 -50 / 74 -55 -70 -75 / 56 72 75 -75 / 74 -56 -72 -75 <END> 
<S> 51 63 67 75 / 53 68 74 77 / 55 67 74 75 / 56 72 -67 -75 / 58 62 74 -67 / 56 63 72 / 55 70 -63 -72 / 53 68 72 74 / 53 68 74 -72 / 67 71 -53 -74 <END> 
<S> 56 63 72 77 / 55 -63 -72 -77 / 56 62 70 -77 / 68 -56 -62 -77 / 51 67 70 75 / 0 / -67 -70 -79 / 67 70 75 79 / 56 -70 -75 -79 / 77 -58 -70 -75 / 46 70 74 77 <END> 
<S> 51 63 70 79 / 63 -63 -70 -79 / 59 62 79 77 / 62 -59 -62 -79 / 60 63 72 79 / 58 62 -72 -75 / 57 60 72 77 / 59 62 -72 -77 / 60 67 72 75 / 65 -60 -72 -75 / 58 65 70 74 / 47 62 68 77 / 48 60 63 67 <END> 
<S> 53 60 69 77 / 53 60 68 77 / 62 -53 -68 -77 / 58 64 67 79 / 60 63 -67 -79 / 59 65 67 77 / 60 63 75 -77 / 58 62 74 77 / 56 60 75 / 55 58 70 77 / 53 68 -58 -77 <END> 
<S> 60 63 67 75 / 62 -60 -67 -75 / 56 60 65 72 / 58 -65 -68 -72 / 60 63 68 75 / 67 -60 -63 -75 / 55 63 72 75 / 53 68 74 -72 / 55 67 71 74 / 53 -55 -71 -74 / 48 63 67 72 / 60 63 72 79 <END> 
<S> 53 68 72 74 / 53 65 68 -74 / 55 62 67 71 / 43 59 62 67 / 48 55 64 72 / 60 67 -55 / 59 -55 -67 / 57 60 -55 -67 / 53 62 -60 -67 / 55 59 62 -65 / 53 57 60 65 / 59 62 -53 -65 <END> 
<S> 55 59 62 67 / 64 -55 -59 -67 / 65 -55 -59 -67 / 60 63 67 72 / 62 -60 -67 / 60 65 69 -60 / 59 -60 -65 -69 / 60 63 67 / 58 -60 -64 -67 / 53 56 60 65 / 58 62 -56 -65 / 56 60 63 -53 / 55 60 63 -46 / 45 61 65 / <END> 
<S> 56 63 72 / 55 70 -63 -72 / 53 56 65 72 / 51 63 -56 -72 / 50 65 70 82 / 51 63 67 -70 / 53 65 68 -70 / 63 -53 -68 -70 / 62 -53 -63 -70 / 55 58 63 70 / 57 -55 -63 -70 / 70 58 63 65 / 62 -58 -65 -65 / 63 -58 -65 -70 / 57 65 72 / 63 70 -57 -72 <END> 
<S> 55 58 62 70 / 56 60 65 -70 / 68 -56 -60 -65 / 51 58 67 -65 / 61 64 -58 -67 / 62 -51 -58 -67 / 49 57 65 72 / 50 -57 -65 -72 / 51 58 67 75 / 70 -51 -58 -75 / 48 -58 -63 -75 / 46 58 65 74 / 68 -46 -58 -74 / 55 70 75 <END> 
<S> 51 63 67 72 / 50 65 69 74 / 71 -50 -65 -74 / 48 67 72 75 / 58 70 74 77 / 56 72 77 47 55 67 -72 / 48 67 72 75 / 70 -48 -67 -75 / 53 65 68 74 / 67 -53 -65 -74 / 54 63 69 72 / 55 62 67 70 <END> 
<S> 48 67 72 75 / 50 -67 -72 -75 / 51 67 72 -75 / 53 -67 -72 -75 / 55 67 70 75 / 56 65 68 -75 / 74 -56 -65 -68 / 55 58 67 75 / 63 -55 -67 -75 / 53 60 68 74 / 55 58 -68 -74 / 56 60 68 -74 / 72 -56 -60 -68 / 55 59 67 74 / 53 -59 -67 -74 <END> 
<S> 56 60 67 75 / 65 -55 -60 -75 / 55 60 67 75 / 53 74 -60 -67 / 59 -53 67 74 / 47 65 67 -74 / 48 63 67 72 / 51 60 67 72 / 69 -48 -60 -72 / 58 65 71 74 <END> 
<S> 48 63 67 72 / 60 -63 -67 -72 / 58 65 74 / 56 -58 -65 -74 / 55 67 72 75 / 53 -67 -72 -75 / 55 62 71 74 / 56 60 71 51 / 65 -56 -60 -71 / 55 59 67 -65 / 53 60 65 68 / 62 -53 -65 -68 / 55 62 67 71 / 43 59 62 67 <END> 
<S> 56 62 67 71 / 60 64 68 72 / 65 -60 -68 -72 / 60 67 72 / 64 -60 -72 / 53 60 68 74 / 55 -60 -68 -74 / 56 59 68 -74 / 60 -56 -65 -74 / 55 59 67 75 / 53 57 65 74 / 50 58 -65 -74 / 51 63 -58 -74 / 53 57 69 72 / 46 74 -57 -69 / 50 58 65 77 / 58 62 -50 -77 <END> 
<S> 53 57 65 74 / 50 58 65 74 / 57 63 72 43 / 60 -57 -72 / 41 57 72 74 / 53 75 -70 -74 / 63 -53 -72 -74 / 55 62 71 79 / 63 67 72 / 50 62 65 71 <END> 
<S> 58 62 65 74 / 63 67 -58 -74 / 62 65 70 77 / 69 -62 -65 -77 / 63 67 70 79 / 65 -67 -71 -79 / 60 67 72 75 / 62 74 -67 -72 / 63 67 70 -74 / 72 -68 -63 -67 / 70 63 -68 / 62 65 -70 / 60 63 68 / 72 -60 -63 -67 / 58 65 68 74 / 53 -65 -68 -74 <END> 
<S> 67 72 75 / 65 68 74 / 63 67 70 -74 / 69 72 -63 -67 / 62 65 70 74 / 75 -62 -65 -70 / 53 65 68 77 / 67 70 75 / 65 68 74 / 55 67 70 75 / 53 68 72 77 / 60 -53 -68 -72 <END> 
<S> 58 63 68 77 / 62 67 77 -58 / 60 63 67 -77 / 55 62 -67 -75 / 53 68 72 77 / 47 67 74 79 / 48 67 72 75 / 50 65 72 77 / 67 -50 -72 -77 / 68 -50 -72 -77 / 55 67 71 79 / 63 67 -71 -79 <END> 
<S> 48 63 72 79 / 50 65 72 77 / 71 -50 -65 -77 / 51 67 72 75 / 53 -67 -72 -75 / 55 67 71 74 / 51 67 72 / 70 -52 -67 -72 / 53 65 69 72 / 63 -53 -69 -72 / 46 62 65 70 <END> 
<S> 48 63 67 72 / 60 63 67 72 / 58 62 -67 -72 / 57 60 65 72 / 67 -57 -60 -72 / 60 65 69 75 / 72 -60 -65 / 58 62 67 79 / 60 63 69 -55 / 62 65 71 <END> 
<S> 57 65 72 / 55 63 -72 / 53 68 74 -72 / 50 65 71 -74 / 51 63 72 75 / 70 -51 -72 -79 / 50 68 77 -72 / 71 -50 -65 -77 / 51 67 72 75 / 53 -67 -72 -75 / 55 67 71 74 / 51 67 70 79 <END> 
<S> 50 71 -65 -68 / 51 67 72 / 53 -67 -72 / 55 67 74 -72 / 71 -55 -67 -74 / 56 72 -67 / 60 65 -56 -72 / 55 59 67 51 <END> 
<S> 50 65 70 77 / 51 62 -70 -77 / 53 63 70 79 / 55 77 -63 -70 / 56 63 72 75 / 53 -63 -72 -75 / 55 70 74 -72 / 65 -55 -70 -74 <END> 
<S> 56 60 72 77 / 55 70 -60 -77 / 53 65 68 72 / 74 -53 -65 -68 / 48 63 72 75 / 55 65 70 74 / 53 -65 -70 -74 / 55 63 70 -70 / 56 62 68 -70 <END> 
<S> 53 60 69 72 / 58 62 70 -69 / 60 67 70 / 75 -60 -67 -70 / 53 68 72 77 / 53 -68 -72 -77 / 56 71 74 77 / 72 75 55 58 67 74 -55 58 65 <END> 
<S> 58 65 73 74 / 56 -65 -70 -74 / 55 70 75 79 / 56 -70 -75 -79 / 58 70 75 77 / 51 75 -70 58 <END> 
<S> 48 63 67 75 / 51 67 72 75 / 53 65 74 -72 / 55 63 70 -74 / 56 65 68 72 / 50 -65 -68 -72 / 48 60 67 75 / 72 -48 -60 -75 <END> 
<S> 56 68 -65 / 60 64 67 -56 / 55 60 67 75 / 53 60 68 74 / 44 59 67 -74 / 44 72 65 74 / 64 -44 -60 -68 / 62 65 -60 -68 / 60 63 67 75 / 58 62 -67 -75 <END> 
<S> 63 67 -48 -63 / 62 -51 -63 -67 / 60 62 -46 -67 / 58 62 65 67 / 63 67 -62 -65 / 60 63 68 72 / 62 65 -68 -72 / 60 63 67 75 / 58 62 -67 -75 / 56 60 72 77 / 55 62 71 79 / 50 -62 -71 -79 <END> 
<S> 60 63 67 72 / 62 -60 -67 -72 / 60 65 69 74 / 58 -60 -65 -74 / 75 60 67 41 / 53 69 74 / 50 60 67 -74 / 55 59 67 -74 / 65 -55 -59 -74 / 48 60 64 67 / 59 62 67 79 <END> 
<S> 55 58 67 75 / 57 60 65 -75 / 58 74 -53 -65 / 51 58 67 75 / 63 -51 -58 -75 / 56 60 68 77 / 67 -56 -60 -77 / 55 61 67 72 / 53 68 -62 -67 / 55 61 67 70 / 56 60 65 68 / 58 -44 -65 -68 <END> 
<S> 53 56 68 74 / 55 60 -68 -74 / 56 59 68 -74 / 53 -56 -59 -74 / 51 55 60 72 / 50 53 65 70 / 48 63 67 70 / 53 56 68 72 / 58 49 64 70 / 49 -58 -65 -70 / 48 58 64 68 / 60 -48 -64 -68 <END> 
<S> 51 58 67 75 / 65 -51 -58 -75 / 56 60 72 75 / 55 70 -60 -75 / 53 60 72 74 / 55 67 71 74 / 65 -55 -71 -74 / 48 63 67 72 / 55 67 71 74 <END> 
<S> 56 68 72 / 65 74 -56 -72 / 55 67 71 74 / 65 -55 -71 -74 / 48 63 67 72 / 60 63 67 72 / 58 62 -67 -72 / 57 60 65 72 / 55 67 -60 -72 / 53 65 69 72 / 51 -65 -69 -72 / 50 65 69 77 / 75 -50 -65 -69 <END> 
<S> 57 60 65 72 / 55 67 -60 -72 / 53 65 69 72 / 63 -53 -69 -72 / 46 65 70 74 / 58 65 70 74 / 68 -58 -65 -74 / 60 63 67 72 / 58 62 -67 -72 / 57 60 65 75 / 58 67 -65 / 64 -58 -58 -67 <END> 
<S> 58 65 68 74 / 67 -58 -74 / 56 60 65 75 / 55 -60 -65 -75 / 53 60 68 74 / 55 59 67 -74 / 56 60 65 72 / 63 -56 -60 -72 / 55 62 67 71 / 48 63 67 72 / 53 60 65 69 <END> 
<S> 56 60 65 72 / 55 -60 -65 -72 / 53 59 67 74 / 55 58 -67 -74 / 56 60 65 72 / 58 62 70 74 / 68 -58 -62 -74 / 53 63 68 72 / 55 65 -68 -72 / 75 -55 -60 -72 / 53 56 74 -60 / 55 59 67 -74 / 56 60 65 -74 / 72 -56 -60 -65 <END> 
<S> 56 60 67 72 / 65 -56 -60 -72 / 55 60 65 74 / 59 -55 -65 -74 / 48 60 67 75 / 53 57 65 72 / 74 -53 -57 -65 / 55 58 63 75 / 53 60 65 77 / 58 62 67 -77 / 56 -58 -62 -77 / 51 55 60 75 <END> 
<S> 53 60 65 68 / 63 -53 -60 -68 / 55 59 67 74 / 55 59 67 74 / 60 -55 -67 -74 / 51 58 67 75 / 50 65 -67 -75 / 48 63 67 75 / 53 68 74 74 / 55 67 71 -74 / 56 67 72 / 74 -56 -67 -72 <END> 
<S> 51 60 67 72 / 58 -51 -67 -72 / 56 65 72 / 63 -56 -72 / 47 65 74 / 55 67 -47 -74 / 48 63 75 79 / 72 -48 -63 -79 / 50 65 72 77 / 71 -50 -65 -77 / 51 67 72 75 / 53 -67 -72 -75 / 55 67 71 74 / 65 -55 -71 -74 <END> 
<S> 50 65 72 77 / 71 -50 -65 -77 / 51 67 72 75 / 53 -67 -72 -75 / 55 67 71 74 / 65 -55 -71 -74 / 56 63 72 / 70 -56 -63 -72 / 55 68 74 77 / 67 75 -55 -74 / 53 67 74 77 / 47 68 74 79 / 51 67 72 79 / 53 -67 -72 -79 <END> 
<S> 48 63 72 75 / 50 65 -72 -75 / 51 67 70 75 / 53 -67 -70 -75 / 55 67 71 74 / 53 72 -67 -75 / 71 74 -67 / 65 72 -71 -74 / 65 67 71 74 / 63 67 71 79 <END> 
<S> 56 63 72 / 55 65 -63 -72 / 53 68 74 -72 / 71 -53 -68 -74 / 48 67 72 75 / 53 -67 -70 -75 / 55 67 71 74 / 60 67 72 75 / 58 74 -67 -72 / 56 63 72 -68 / 55 -63 -63 -72 <END> 
<S> 63 68 72 / 60 65 -68 -72 / 61 67 70 42 / 69 -61 -67 -79 / 60 63 68 79 / 62 65 -68 39 / 63 67 70 79 / 59 80 -67 -79 / 60 67 77 / 58 62 -67 -77 / 56 60 68 75 / 55 70 -60 -75 <END> 
<S> 60 63 67 75 / 68 -60 -63 -67 / 58 62 67 70 / 56 63 68 72 / 55 -63 -68 -72 / 53 61 67 70 / 52 -61 -67 -70 / 53 60 67 68 / 55 -60 -67 -68 / 56 60 65 68 / 53 -60 -65 -68 <END> 
<S> 56 60 63 72 / 55 -60 -63 -72 / 53 65 68 72 / 55 63 67 72 / 56 65 -67 -72 / 58 -56 -67 -72 / 56 65 72 / 58 -56 -65 -72 / 52 60 67 72 / 53 65 69 -72 / 46 65 70 74 / 51 58 63 67 / 62 -51 -58 -67 <END> 
<S> 53 65 68 74 / 63 -53 -68 -74 / 62 65 70 -74 / 63 67 72 79 / 65 71 74 63 / 67 72 75 / 55 68 -72 -75 / 56 60 72 77 / 55 67 75 -72 / 53 -67 -72 -75 <END> 
<S> 48 63 72 75 / 68 -48 -72 -75 / 53 65 70 74 / 65 69 -53 -74 / 55 63 70 75 / 57 66 -63 -75 / 58 62 68 74 / 58 64 70 -74 / 56 63 68 72 / 67 -56 -63 -72 / 50 65 68 77 <END> 
