<S> 52 60 67 72 / 53 -60 -67 -72 / 55 59 62 67 / 53 -59 -62 -67 / 52 60 67 72 / 50 65 69 74 / 71 -50 -65 -74 / 48 67 72 76 / 0 / 52 67 72 79 <END> 
<S> 48 67 72 76 / 47 67 74 79 / 45 76 -67 -76 / 69 77 -48 -64 / 52 61 70 79 / 53 69 72 77 / 76 -53 -69 -72 / 55 62 72 -69 / 64 71 -55 -72 / 65 -55 -71 -79 / 69 -55 -59 -65 <END> 
<S> 53 62 69 72 / 60 66 -69 -72 / 59 62 67 74 / 58 61 -67 -74 / 60 67 76 / 53 69 -67 -76 / 55 67 71 74 / 53 -67 -71 -74 / 52 67 72 71 / 50 65 74 -72 / 52 67 72 76 / 53 69 -72 -76 / 67 -53 -72 -76 / 55 65 72 74 / 64 -55 -72 -74 / 43 62 71 74 <END> 
<S> 50 65 69 74 / 71 -50 -65 -74 / 48 67 72 76 / 52 -67 -72 -76 / 53 69 74 -72 / 50 67 -72 -74 / 55 62 71 -74 / 67 -55 -71 -74 / 65 -55 -71 -74 / 48 63 67 72 / 60 66 69 74 <END> 
<S> 69 74 -50 -65 / 43 59 -67 -74 / 60 67 72 76 / 69 -60 -67 -76 / 58 65 69 74 / 59 67 74 / 77 -59 -67 -74 / 60 67 76 / 65 77 -60 / 52 64 67 79 / 50 62 65 -79 / 52 67 72 / 53 65 -67 -72 / 48 67 72 76 / 65 74 -48 -72 / 64 67 72 -48 / 55 62 74 -67 -72 <END> 
<S> 45 60 69 77 / 50 62 71 -77 / 48 60 72 76 / 60 67 76 -72 / 59 67 74 79 / 55 71 74 79 / 62 71 76 79 / 81 -62 -69 -79 / 60 67 76 / 62 74 -67 64 / 64 69 72 79 / 71 -64 -64 -79 / 57 72 -64 -72 / 62 65 -72 / 69 -57 -62 -72 <END> 
<S> 59 67 74 79 / 77 -59 -67 -74 / 60 67 76 -74 / 72 -60 -67 -76 / 55 67 74 -72 / 71 -55 -67 -74 / 65 -55 -71 -74 / 48 64 67 72 / 55 67 71 74 / 55 67 71 74 / 66 -55 -71 -74 / 59 62 67 74 / 57 60 66 -74 <END> 
<S> 55 59 67 74 / 65 -55 -67 -74 / 48 64 67 72 / 53 65 69 74 / 64 -53 -69 -74 / 55 62 67 71 / 43 59 62 67 / 48 60 64 67 / 50 -60 -64 -67 <END> 
<S> 48 60 67 -65 / 64 -48 -60 -67 / 59 -48 -64 -67 / 57 60 65 66 / 59 -60 -65 -69 / 60 62 67 71 / 64 -60 -67 -71 / 62 66 69 -60 / 59 62 67 71 / 58 -62 -67 -71 <END> 
<S> 59 62 67 74 / 60 67 76 / 59 62 67 74 / 60 67 76 / 62 77 -60 -67 / 48 64 72 79 / 70 -48 -64 -79 / 50 69 77 -64 / 62 71 -50 -77 / 52 67 72 76 / 53 74 -67 -72 <END> 
<S> 60 64 69 / 62 -60 -69 / 64 -60 -62 / 61 65 69 81 / 50 -65 -69 -81 / 59 62 67 79 / 60 64 -79 / 61 69 76 / 52 67 -61 -76 / 50 62 69 77 / 65 69 -50 -77 / 65 69 74 -50 / -65 -69 -74 / 64 71 73 / 57 65 72 / 55 67 -65 -72 <END> 
<S> 50 62 65 77 / 60 76 -50 -65 / 59 74 -50 -65 / 52 60 67 76 / 53 69 -60 -76 / 55 59 67 74 / 65 -55 -59 -74 / 57 60 64 72 / 55 -60 -64 -72 / 53 57 69 72 / 50 65 71 -69 / 64 -50 -69 -65 / 47 62 67 74 / 65 -47 -62 -74 <END> 
<S> 57 60 72 -67 / 65 -57 -60 -72 / 59 67 74 -65 / 60 76 -65 59 / 62 74 -65 / 64 67 72 / 65 -60 -72 / 59 64 67 -72 / 65 74 -59 -64 / 52 60 67 76 / 53 60 69 77 / 55 62 71 -77 / 48 60 72 76 / 47 62 74 77 <END> 
<S> 60 64 67 79 / 57 60 69 77 / 62 -57 -69 -77 / 72 -57 -62 -77 / 60 62 67 79 / 60 69 77 / 58 62 67 79 / 57 60 65 -79 / 59 62 67 77 / 60 -62 -67 -77 / 55 62 67 71 / 57 60 -67 -71 / 62 59 67 74 / 55 59 -67 -74 / 60 67 76 / 57 69 -60 -76 <END> 
<S> 55 59 67 / 60 69 -55 / 54 62 69 74 / 72 -54 -62 -69 / 55 62 67 71 / 67 -55 -62 -67 / 50 60 69 -67 / 66 -50 -60 -69 / 43 59 67 / 47 62 67 74 / 48 64 67 72 / 50 -64 -67 -72 / 52 67 72 / 65 -52 -72 -76 / 53 60 64 -72 / 74 -53 -60 -64 / 48 60 76 -60 / 55 59 67 74 / 52 55 -67 -74 <END> 
<S> 48 67 76 -62 / 50 60 -67 -76 / 52 60 67 74 / 59 -52 -67 -74 / 57 60 67 76 / 52 -60 -67 -76 / 50 65 69 74 / 71 -50 -65 -74 / 69 72 -50 -65 / 59 67 74 79 / 61 67 76 79 / 62 74 77 -79 / 59 67 74 79 / 57 72 -67 -79 / 59 62 74 79 / 64 72 -62 -79 <END> 
<S> 47 62 74 79 / 67 -47 -74 -79 / 77 -48 -67 -72 / 48 67 72 76 / 60 67 72 -76 / 59 -67 -72 -76 / 57 67 72 76 / 66 -57 -72 -76 / 55 67 72 76 / 53 -67 -72 -76 / 55 67 71 74 / 57 60 72 76 <END> 
<S> 60 67 72 76 / 59 -67 -72 -76 / 57 60 72 76 / 55 71 -60 -76 / 54 62 69 74 / 50 59 66 -74 / 52 55 67 72 / 54 57 62 -72 / 55 59 62 71 / 60 64 -55 -71 / 48 60 64 69 / 59 -48 -64 -69 / 50 57 66 -69 / 43 59 62 67 <END> 
<S> 55 64 71 / 62 -55 -64 -71 / 45 64 69 72 / 47 -64 -69 / 62 -47 -69 / 48 60 64 -69 / 50 66 -60 -69 / 52 59 59 67 / 50 57 -59 -67 / 55 59 62 67 / 53 57 65 -67 / 52 62 65 67 / 50 -57 -62 -67 / 52 55 60 64 / 53 62 -55 -60 / 55 60 / 57 62 -53 -55 <END> 
<S> 40 59 67 / 50 65 -59 -67 / 48 60 64 67 / 52 -60 -64 -67 / 54 60 62 69 / 62 -54 -62 / 43 55 62 71 / 50 62 69 -55 / 54 -50 -62 -69 / 43 59 62 67 / 52 55 60 67 / 53 59 62 67 / 52 -59 -62 -67 <END> 
<S> 47 50 62 67 / 45 55 -62 -67 / 43 59 62 67 / 59 -43 -55 -67 / 45 57 69 -60 / 47 50 62 -69 / 48 55 64 72 / 52 55 -64 -72 / 60 64 -52 -72 / 54 69 -52 -72 / 55 59 67 71 / 52 60 67 72 / 48 64 -60 -72 / 50 65 77 -60 / 59 -50 -65 -77 <END> 
<S> 52 64 67 72 / 54 62 -64 -72 / 55 62 71 -69 / 59 -55 -62 -71 / 48 55 64 72 / 50 65 -55 -72 / 52 60 67 74 / 53 -52 -60 -67 / 55 58 67 74 / 56 65 -55 -74 / 55 58 64 67 / 53 60 65 68 / 52 -60 -65 -68 <END> 
<S> 53 60 67 69 / 55 -60 -67 -69 / 53 65 68 50 / 74 -53 -65 -68 / 63 70 -53 -65 / 46 62 65 -70 / 67 -46 -62 -70 / 48 60 67 75 / 58 -48 -67 -75 / 56 60 65 75 / 67 -56 -60 -75 / 55 62 67 70 / 53 -62 -67 -70 / 51 63 67 72 / 50 65 69 -72 / 71 -50 -65 -72 / 48 67 72 77 / 50 62 74 -77 <END> 
<S> 55 60 67 75 / 68 -60 -55 -75 / 43 59 67 74 / 65 -43 -59 -74 / 48 60 63 75 / 51 -60 -67 -75 / 53 60 65 77 / 62 -53 -65 -77 / 64 -53 -70 -72 / 62 65 71 -56 / 55 63 67 75 / 62 -55 -67 -75 / 53 60 65 77 / 59 62 67 74 / 60 63 -67 -74 <END> 
<S> 56 63 65 72 / 62 -56 -65 -72 / 50 60 65 74 / 59 -50 -65 -74 / 48 60 67 75 / 53 60 68 74 / 55 59 67 -74 / 56 60 65 72 / 62 -56 -65 -72 / 60 63 67 70 / 62 65 -67 -70 / 60 63 67 72 / 58 -60 -67 -75 <END> 
<S> 55 60 63 75 / 56 60 65 77 / 55 67 -60 -77 / 53 65 68 74 / 59 -65 -68 -74 / 60 63 67 75 / 58 62 -67 -75 / 56 60 72 77 / 55 70 75 -60 / 53 65 72 80 / 74 -53 -65 -80 / 55 58 75 79 / 57 60 -75 -79 / 58 62 70 77 / 56 -62 -65 -77 <END> 
<S> 60 63 72 80 / 62 74 77 -48 / 60 79 75 / 0 / 77 -60 -75 / 53 72 75 -60 / 55 67 74 -72 / 65 71 -67 -74 / 63 67 72 / 62 65 -67 -72 / 60 63 67 75 / 58 62 -67 -75 / 56 60 72 77 / 55 70 -60 -77 <END> 
<S> 48 63 67 72 / 60 63 72 79 / 58 65 74 82 / 63 72 -58 -65 / 53 56 68 77 / 55 62 71 -77 / 48 63 67 79 / 50 65 47 74 / 48 51 75 55 / 60 -48 -72 -75 / 50 62 65 77 -72 / 43 71 -65 -77 / 63 72 -43 -71 / 62 74 77 -48 <END> 
<S> 55 62 67 75 / 60 63 69 -55 / 55 62 71 -69 / 63 67 -55 -71 / 65 -55 -67 -70 / 48 63 67 72 / 60 63 72 79 / 58 65 74 82 <END> 
<S> 58 62 65 74 / 56 60 -65 -74 / 55 58 67 75 / 53 68 77 -58 / 51 63 70 79 / 50 -63 -70 -79 / 48 63 68 77 / 47 62 -68 -77 / 48 62 67 75 / 60 -48 -67 -75 <END> 
<S> 58 63 75 -68 / 62 -58 -63 -75 / 51 63 70 77 / 53 -63 -70 -77 / 55 63 70 79 / 56 -63 -70 -79 / 58 70 77 -63 / 62 -58 -70 -77 / 68 -58 -62 -77 / 59 62 67 77 / 55 -62 -67 -77 <END> 
<S> 63 70 79 -60 / 53 -59 -67 -79 / 60 72 -51 -67 / 50 65 74 -72 / 71 -50 -65 -74 / 48 67 72 75 / 60 67 74 77 / 59 -67 -74 -77 / 60 67 72 75 / 74 -60 -67 -72 <END> 
<S> 60 63 67 72 / 69 -60 -63 -72 / 58 65 70 74 / 56 -65 -70 -74 / 55 67 70 75 / 65 74 -55 -70 / 56 63 68 72 / 55 -63 -68 -72 / 53 61 67 70 / 52 -61 -67 -70 <END> 
<S> 63 67 70 / 61 -63 -67 -70 / 58 63 70 79 / 62 -58 -70 -79 / 60 63 72 79 / 58 62 74 79 / 60 67 72 75 / 58 65 74 77 <END> 
<S> 58 63 65 74 / 62 -58 -65 -74 / 60 63 67 75 / 58 62 -67 -75 / 56 60 72 77 / 55 70 75 -60 / 53 68 72 74 / 55 67 71 -74 / 65 -55 -71 -74 / 56 63 72 / 55 70 -63 -72 <END> 
<S> 53 65 68 74 / 63 75 -53 -68 / 46 62 65 70 / 51 63 67 70 / 53 62 65 70 / 63 -53 -60 -70 / 55 59 65 71 / 62 -55 -59 -71 / 48 55 60 72 / 46 58 62 67 / 68 -46 -53 -62 <END> 
<S> 48 60 63 68 / 50 65 -60 -68 / 51 67 -60 -65 / 59 -51 -60 -67 / 45 60 66 -60 / 47 55 62 67 / 48 55 63 -62 / 50 53 62 65 / 51 55 63 67 / 53 56 68 -63 / 51 58 -56 -63 / 50 53 58 65 / 55 -50 -65 <END> 
<S> 51 55 67 / 65 70 -51 -58 / 56 60 63 -51 / 50 58 65 68 / 51 67 -58 -65 / 53 60 63 68 / 55 59 67 -48 / 56 60 65 / 41 -56 -60 -65 / 43 50 59 67 / 65 -43 -50 -59 / 44 51 60 <END> 
<S> 44 60 65 -63 / 46 58 62 -65 / 39 58 63 67 / 51 58 63 67 / 50 65 -58 -67 / 48 63 67 72 / 68 -48 -63 -72 / 50 -63 70 77 / 51 70 -67 -77 / 53 65 69 50 / 72 -53 -65 -77 / 55 62 70 74 / 51 58 -70 -74 / 53 -58 -70 -74 / 52 55 72 -58 / 57 60 -55 -72 <END> 
<S> 53 65 69 72 / 63 -53 -69 -72 / 46 62 65 70 / 48 63 69 75 / 50 65 70 74 / 51 -65 -70 -74 / 53 65 69 72 / 71 74 -53 -65 / 60 67 72 75 / 58 -67 -72 -75 / 56 60 72 77 / 55 67 75 -60 <END> 
<S> 53 63 68 72 / 55 62 67 71 / 48 63 67 72 / 60 67 72 75 / 58 65 70 74 / 56 63 68 72 / 55 65 -68 -72 / 53 60 67 -70 / 62 65 -53 -60 / 59 67 -53 -62 <END> 
<S> 56 63 68 72 / 67 -56 -63 -72 / 53 65 68 74 / 53 60 -68 -74 / 55 59 67 71 / 56 60 65 72 / 64 -56 -60 -72 / 55 62 67 -72 / 71 -55 -62 -67 / 48 63 67 72 / 57 60 65 -72 / 55 59 67 74 / 53 -59 -67 -74 <END> 
<S> 57 60 64 72 / 62 65 -57 -72 / 60 63 67 79 / 59 62 -67 -79 / 60 67 77 / 58 62 -67 -77 / 56 60 67 72 / 65 -56 -60 -72 / 55 61 67 74 / 53 68 -59 -74 / 57 -53 -68 -74 / 55 59 67 74 / 65 -55 -59 -74 / 56 60 63 72 / 55 -60 -63 -72 <END> 
<S> 53 60 68 74 / 72 -53 -60 -68 / 55 59 67 74 / 65 -55 -59 -74 / 48 55 63 72 / 48 63 67 79 / 62 -48 -67 -79 / 60 67 75 -48 / 58 -67 -75 / 56 60 72 77 / 55 70 75 -60 / 53 68 72 74 / 55 71 75 -74 / 56 72 72 / 65 74 -72 <END> 
<S> 60 67 75 / 58 -60 -67 -75 / 56 60 72 75 / 55 70 -60 -75 / 53 65 68 74 / 47 56 -65 -74 / 48 55 63 70 / 50 -55 -63 -70 / 51 56 60 68 / 58 -44 -51 -68 / 49 53 68 -58 / 49 53 56 60 / 58 -53 56 60 / 51 56 60 65 / 53 -51 -60 -65 / 48 55 60 63 / 56 -48 -60 -63 <END> 
<S> 53 56 60 68 / 55 58 -53 -68 / 56 60 65 68 / 62 -60 -65 / 60 64 -60 / 57 60 65 -60 / 47 55 62 67 / 48 55 63 / 50 62 -48 -67 / 51 60 67 / 50 58 -67 -67 / 48 65 -55 -67 / 53 62 -67 -69 / 60 67 -53 -67 / 52 -60 -67 / 53 56 65 59 / 62 -53 -56 -65 <END> 
<S> 48 55 63 72 / 56 60 65 -48 / 47 55 67 -65 / 47 55 62 65 / 63 -43 -55 / / 55 62 67 / 54 60 -62 -67 / 55 59 62 67 / 48 55 60 67 / 53 56 60 65 / 59 -53 -53 -65 / 55 60 63 -53 / 53 56 60 62 <END> 
<S> 55 62 67 71 / 55 62 67 71 / 53 -62 -67 -71 / 51 60 67 72 / 69 -60 -51 -72 / 46 62 74 -72 / 67 71 -51 -74 / 65 -43 -71 -74 / 48 63 72 75 / 51 67 70 74 <END> 
<S> 53 60 69 74 / 55 -60 -68 -74 / 56 59 68 -74 / 72 -56 -60 -68 / 55 59 67 74 / 53 -59 -67 -74 / 51 60 67 -67 / 53 59 65 68 / 51 60 63 67 / 49 58 65 -63 / 56 62 -65 / 39 55 63 67 <END> 
<S> 53 60 65 68 / 62 -53 -65 -68 / 55 58 63 67 / 56 -55 -63 -67 / 53 56 65 68 / 51 58 67 / 56 65 70 / 53 63 68 72 / 55 67 -63 -72 / 53 62 -67 -72 / 60 63 -53 -68 / 55 62 67 71 / 51 60 63 67 / 59 -51 -63 -67 <END> 
<S> 51 58 67 70 / 60 -51 -67 -70 / 53 58 65 68 / 62 -53 -58 -68 / 51 58 63 67 / 65 -51 -58 -67 / 67 -51 -58 -67 / 44 60 65 68 / 63 -60 -68 -68 / 58 61 -68 -68 / 60 67 -58 / 58 61 -67 -75 / 56 60 65 68 / 53 -60 -65 -68 <END> 
<S> 56 60 63 65 / 55 58 65 70 / 53 56 -65 -70 / 46 55 63 70 / 53 68 -63 -70 / 51 63 70 -68 / 67 -51 -63 -70 / 50 65 67 70 / 51 65 69 / 47 -65 -69 / 48 60 64 68 <END> 
<S> 55 63 70 75 / 51 67 -63 -70 / 56 63 68 72 / 65 -56 -68 -72 / 47 65 74 -68 / 67 -47 -65 -74 / 48 63 67 72 / 60 -67 -48 -72 / 55 67 74 -60 <END> 
<S> 56 60 65 72 / 55 67 -60 -72 / 53 65 68 72 / 63 -53 -68 -72 / 46 61 67 70 / 68 -46 -61 -70 / 51 58 67 67 / 65 -51 -58 -67 / 46 58 63 74 / 62 -58 -58 -74 / 56 -46 -62 -70 / 77 55 58 -62 <END> 
<S> 51 58 65 67 / 63 -51 -58 -67 / 56 60 65 72 / 58 74 -56 -65 / 51 67 72 -58 / 53 56 65 -72 / 55 62 67 70 / 48 63 67 70 / 50 58 65 68 <END> 
<S> 58 65 68 74 / 60 -65 -74 -74 / 58 70 77 / 57 -62 -70 -77 / 55 63 70 79 / 53 65 68 80 / 67 -53 -65 -72 / 51 63 70 79 / 61 -51 -70 -79 / 56 60 68 77 / 72 -60 -65 -77 <END> 
<S> 51 63 70 79 / 62 77 -51 -70 / 56 60 72 77 / 55 70 -60 -77 / 53 65 68 72 / 74 -53 -65 -68 / 48 63 67 69 / 72 -48 -64 -67 / 55 59 67 74 / 60 -55 -67 / 59 -55 -67 -74 <END> 
<S> 47 62 67 74 / 48 75 -67 -74 / 53 68 72 74 / 55 67 71 -74 / 65 -55 -71 -74 / 48 63 72 / 50 65 70 74 / 58 -67 -70 / 68 -58 -65 -74 / 50 65 70 72 / 48 63 -70 -72 / 53 68 74 -72 / 50 65 -68 -72 -74 51 55 67 71 -62 / 51 55 -67 -71 <END> 
<S> 53 65 68 74 / 55 63 70 75 / 61 -55 -70 -75 / 56 60 68 -75 / 51 58 67 75 / 55 63 70 / 56 63 68 72 / 61 64 67 70 / 65 -61 -70 / 52 60 67 72 / 53 60 65 68 <END> 
<S> 56 63 68 72 / 55 -63 -68 -72 / 53 61 67 70 / 52 -61 -67 -70 / 53 60 67 68 / 55 -60 -67 -68 / 56 60 65 68 / 53 -60 -65 -68 / 60 64 67 / 57 60 65 75 <END> 
<S> 56 60 65 77 / 58 -56 -63 -77 / 51 63 67 72 / 53 65 68 74 / 55 63 70 75 / 56 68 -63 -75 / 58 62 68 74 / 75 -58 -62 -68 / 77 -58 -62 -68 / 60 67 75 / 58 -60 -67 -75 <END> 
<S> 51 63 67 70 / 56 63 72 -70 / 58 65 70 74 / 53 -65 -70 -74 / 51 58 70 79 / 67 77 -51 -70 / 53 63 69 72 / 48 67 72 75 / 50 65 70 74 / 51 67 70 75 / 53 -67 -70 -75 <END> 
<S> 53 60 69 72 / 51 67 70 -72 / 50 65 69 74 / 67 70 -50 -74 / 53 69 72 / 51 67 70 79 / 69 -51 -70 -79 / 50 70 77 -70 / 68 -50 -70 -77 / 51 70 79 -68 / 63 70 75 <END> 
<S> 51 67 70 75 / 58 65 70 74 / 63 -58 -70 -74 / 59 62 67 77 / -77 60 -62 -68 / 55 59 62 67 / 60 67 -55 -62 / 55 62 67 71 / 53 62 -67 -71 / 51 63 67 72 / 50 -63 -67 -72 / 48 62 67 74 / 47 -62 -67 -74 <END> 
<S> 58 62 74 77 / 59 67 74 77 / 60 67 72 75 / 55 67 71 74 / 51 67 72 79 / 50 69 77 -72 / 51 70 75 79 / 53 -70 -75 -79 / 55 74 70 77 / 56 72 -70 -77 / 55 70 74 79 / 53 -59 -74 -79 <END> 
<S> 51 67 72 79 / 53 69 72 77 / 67 76 -72 -77 / 65 72 75 / 55 67 -65 -72 / 63 72 -55 -60 / -75 60 -63 -67 / 65 60 68 -48 / 50 -60 -65 -68 / 51 58 67 -65 / 63 -51 -58 -67 / 56 60 63 72 / 55 58 -63 -72 <END> 
