<S> 48 60 63 67 / 46 55 62 67 / 44 56 60 65 / 50 59 -44 -65 / 51 60 63 -44 / 43 -51 -60 -63 / 41 56 60 62 / 43 55 59 -62 / 53 -43 -59 -62 / 48 51 55 60 <END> 
<S> 41 56 60 62 / 43 55 59 -62 / 53 -43 -59 -62 / 48 51 55 60 / 47 55 62 67 / 48 55 63 / 50 53 65 70 / 51 58 63 67 / 57 60 63 72 / 55 58 -63 -72 <END> 
<S> 48 55 60 64 / 46 -55 -60 -63 / 44 56 60 65 / 43 58 62 67 / 55 -43 -58 -67 / 48 55 60 65 / 63 -48 -55 -60 / 41 56 60 62 / 60 -41 -56 -60 / 65 44 -56 -60 / 51 55 67 -60 / 53 68 -60 -60 / 50 59 65 -53 <END> 
<S> 44 56 60 63 / 58 -44 -60 -63 / 43 56 60 63 / 41 56 60 62 / 39 55 59 62 / 53 56 60 / / 59 65 -53 / / 60 -53 -65 / 55 59 62 / 43 -53 -59 -62 / 48 55 60 63 / 53 56 60 62 / 41 55 -60 -62 / 57 -41 -60 -62 / 43 55 59 62 / 55 -43 -59 -62 <END> 
<S> 41 60 62 65 / 59 -41 -62 -65 / 57 60 64 / 43 59 62 41 / 60 -56 -64 / 53 55 62 -60 / 59 -55 -53 -62 / 53 -43 -59 -62 / 51 -43 -59 -62 / 50 -46 -59 -62 / 39 51 55 60 / 41 -51 -60 -63 / 44 56 60 63 / 44 -56 -60 -63 <END> 
<S> 43 55 60 63 / 44 -55 -60 -63 / 43 55 62 -60 / 59 -43 -55 -62 / 36 55 60 63 / 48 51 -60 -63 / 48 51 55 67 / 47 50 62 65 -55 / 48 60 63 67 / 50 58 65 -68 / 51 58 67 -65 / 63 -51 -58 -67 <END> 
<S> 48 55 60 63 / 50 53 58 65 / 51 58 67 / 53 -51 -58 -67 / 48 55 60 65 / 63 -48 -55 -60 / 41 60 62 -55 / 53 60 -43 -55 / 53 62 -53 -55 / 56 -53 -62 -65 / 50 58 65 / 56 -50 -65 <END> 
<S> 44 51 60 65 / 55 -51 -60 -65 / 41 56 60 65 / 63 -41 -56 -60 / 43 62 65 -60 / 59 62 -43 -55 / 53 57 -59 -62 / 51 -43 -60 -59 / 41 56 60 -60 / 43 55 59 -60 / 53 -43 -59 -60 / 51 -43 -59 -62 / 45 53 60 -45 / 51 -45 -53 -60 / 46 53 58 <END> 
<S> 41 56 60 62 / 63 -41 -56 -60 / 43 55 59 62 / 53 -43 -59 -62 / 48 51 55 60 / 48 51 60 67 / 46 53 62 70 / 68 -53 -62 -70 / 51 58 67 / 50 65 -58 -67 / 48 63 67 / 46 58 -67 <END> 
<S> 50 53 65 70 / 51 58 63 67 / 53 56 62 65 / 55 59 62 67 / 60 -55 -62 -67 / 43 60 62 -67 / 50 59 62 -67 / 51 60 67 / 53 62 -67 -70 / 51 63 67 72 / 53 -63 -67 -72 / 55 62 -67 -72 / 56 60 -67 -72 / 65 74 -56 -60 <END> 
<S> 51 60 67 72 / 53 60 69 -67 / 65 -53 -60 -69 / 59 62 67 -53 / 51 60 63 -67 / 50 62 65 -60 / 48 60 63 67 / 46 -60 -64 -67 / 44 56 65 72 / 63 -44 -56 -72 / 46 62 65 -56 / 51 67 -46 -62 / 39 55 58 -67 <END> 
<S> 48 60 63 68 / 56 -48 -63 -68 / 65 -48 -56 -68 / 48 67 -56 -65 / 47 55 63 67 / 45 60 65 -55 / 47 50 55 -65 / 48 51 55 60 / 48 62 -55 -60 / 47 55 62 65 / 48 55 60 63 / 46 53 61 65 / 44 51 60 63 <END> 
<S> 41 56 60 62 / 43 55 59 -62 / 53 60 -43 -59 / 48 51 55 60 / 60 -51 51 67 / 55 -51 -60 -67 / 53 60 68 -55 / 50 -53 -60 -68 / 51 58 67 / 50 65 -58 -67 / 51 63 67 72 / 53 -63 -67 -72 / 55 62 67 71 / 53 -62 -67 -71 / 51 60 67 72 / 48 -60 -67 -72 <END> 
<S> 44 60 72 -51 / 53 68 -46 -72 / 47 55 62 67 / 65 -47 -55 -62 / 48 60 63 67 / 46 62 63 -67 / 44 60 63 67 / 58 62 -44 -67 / 51 58 63 67 / 50 58 65 70 / 51 63 -58 -70 / 53 62 65 68 55 51 67 63 -51 -51 50 53 65 -60 / 55 59 62 / 53 -55 -59 -62 <END> 
<S> 46 58 65 -63 / 62 -46 -58 -65 / 46 58 62 65 / 64 -58 -58 / 56 60 65 / 53 56 65 / 55 58 67 / 56 60 65 68 / 61 -60 -65 -68 / 60 67 -65 / 64 -60 -67 / 58 -60 -67 / 57 60 65 -72 / 53 60 -65 -70 / 46 65 68 74 / 51 -65 -68 -74 <END> 
<S> 60 65 67 / 58 64 -67 / 53 56 65 72 / 46 -56 -65 -72 / 46 53 67 74 / 55 -46 -67 -74 / 56 65 72 / 60 -56 -65 -72 / 55 60 67 70 / 53 -60 -67 -70 / 55 58 63 68 / 56 65 -55 -74 / 63 67 -55 -60 / 59 62 -55 -67 / 55 60 67 75 / 53 -60 -67 -75 / 55 60 67 74 / 59 72 -67 <END> 
<S> 56 60 65 / 55 59 -60 -65 / 53 60 67 / 55 -60 -67 / 44 56 60 65 / 59 -56 -60 / 55 60 67 / 55 59 -60 -67 / 53 56 60 68 / 51 55 -60 -68 / 50 53 59 68 / 51 60 -53 -68 / 50 53 58 65 / 51 -58 -65 67 / 53 60 65 69 / 51 -60 -65 -69 <END> 
<S> 56 60 65 68 / 55 -60 -65 -68 / 59 62 67 67 / 65 -62 -67 / 60 63 67 72 / 58 62 -67 -72 / 56 60 65 72 / 55 67 -60 -72 / 53 65 68 72 / 74 -53 -65 -68 / 60 67 75 / 58 -60 -67 -75 / 56 60 72 77 / 55 75 -60 -72 <END> 
<S> 60 63 67 72 / 58 62 -67 -72 / 56 60 65 75 / 55 -60 -65 -72 / 53 56 72 77 / 51 75 -56 -72 / 50 65 70 74 / 50 -65 -70 -74 / 55 67 72 75 / 53 -67 -72 -75 / 55 62 71 74 / 65 -55 -71 -74 / 48 63 67 72 / 53 65 70 74 / 63 -53 -70 -74 <END> 
<S> 53 68 74 -60 / 55 59 67 -74 / 65 -55 -67 -74 / 48 63 67 72 / 63 70 79 / 63 -63 -72 -79 / 60 65 72 80 / 74 -60 -68 -80 / 75 -60 -65 -70 / 59 65 68 74 / 51 58 -65 -74 / 48 60 67 72 / 60 63 67 72 <END> 
<S> 56 63 72 / 55 74 -63 -72 / 53 65 70 74 / 52 -65 -70 -74 / 53 65 69 72 / 63 -53 -69 -72 / 46 62 65 70 / 67 -46 -62 -70 / 48 60 68 72 / 50 65 70 74 / 51 63 69 72 / 53 62 -69 -72 / 55 -62 -69 -72 <END> 
<S> 48 63 68 72 / 50 -63 -68 -72 / 51 62 67 -68 / 60 -51 -67 -70 / 53 60 65 69 / 59 62 -65 -69 / 51 60 67 -65 / 63 -60 -63 -67 / 59 62 -63 -67 / 57 60 63 68 / 55 58 62 67 / 53 57 63 69 / 62 65 -53 -69 / 46 58 62 67 / 58 65 -58 -67 <END> 
<S> 62 65 -51 -67 / 50 63 67 70 / 65 -43 -67 -70 / 44 60 67 72 / 58 74 -67 / 56 65 72 / 53 63 72 / 62 65 74 -56 / 60 63 75 / 67 72 -60 -75 / 58 68 74 77 / 56 60 72 -77 / 55 70 75 -60 <END> 
<S> 56 60 63 72 / 65 -56 -60 -72 / 55 62 67 71 / 53 -62 -67 -71 / 51 63 72 -67 / 69 -51 -63 -72 / 50 65 71 74 / 48 67 72 75 / 68 74 77 -48 / 47 67 -74 -77 / 48 67 75 75 / 51 65 72 -75 / 50 65 71 77 / 51 -65 -72 -77 / 53 62 71 79 / 51 63 72 79 / 50 65 77 -79 <END> 
<S> 48 67 72 75 / 50 -67 -72 -75 / 51 67 72 75 / 53 -67 -72 -75 / 55 67 70 75 / 56 60 68 77 / 58 62 -68 -77 / 60 63 67 75 / 53 65 72 -75 / 55 67 74 -72 / 71 -55 -67 -74 / 56 72 -67 / 60 65 -56 -72 / 55 59 67 74 <END> 
<S> 56 65 72 74 / 55 67 72 75 / 53 69 72 77 / 75 -69 -72 -77 / 58 70 74 77 / 68 72 -55 -77 / 55 67 70 75 / 48 -67 -70 -75 / 58 65 70 74 / 56 65 72 / 55 67 -72 <END> 
<S> 57 72 77 / 55 75 -72 -77 / 53 68 74 -72 / 55 67 71 -74 / 65 -55 -71 -74 / 48 63 67 72 / 46 62 70 77 / 68 -46 -62 -77 / 48 63 67 75 / 69 -48 -63 -75 / 50 65 70 74 <END> 
<S> 46 65 70 74 / 51 -65 -70 -74 / 53 65 69 72 / 54 63 -69 -72 / 55 62 67 70 / 58 62 66 69 / 45 60 -66 -69 / 46 58 62 67 / 51 58 63 67 / 50 -58 -63 -67 <END> 
<S> 43 62 70 74 / 55 63 -70 -74 / 53 65 68 72 / 51 -65 -72 / 60 67 72 75 / 58 -67 -72 -75 / 57 60 72 77 / 55 70 -60 -77 / 53 65 69 72 / 74 -53 -65 -69 / 55 58 67 75 / 57 60 -67 -75 <END> 
<S> 57 60 72 -65 / 53 69 74 -72 / 55 67 71 -74 / 65 -55 -71 -74 / 48 63 67 72 / 60 67 72 75 / 58 70 -67 -75 / 56 63 72 75 / 62 -56 -72 -75 / 57 60 72 77 / 55 67 71 79 <END> 
<S> 63 67 70 / 61 -63 -67 / 56 60 63 / / 58 65 -63 / 56 62 65 70 / 55 62 67 70 / 53 -62 -67 -70 / 51 63 67 72 / 53 -63 -67 -72 / 55 62 65 71 / 63 -55 -71 -74 / 65 -55 -59 -74 / 48 55 64 72 / <END> 
<S> 53 67 72 -63 / 65 -53 -56 -72 / 55 62 67 71 / 48 63 67 72 / 60 63 67 72 / 59 62 67 74 / 58 67 75 / 65 74 -58 -67 / 63 67 72 -58 / 57 -63 -72 -75 / 58 62 70 77 / 55 62 -70 -77 <END> 
<S> 60 67 75 / 58 62 -67 -75 / 56 63 72 / 55 -63 -72 / 53 68 72 74 / 50 -67 -72 -74 / 55 62 71 -74 / 67 72 -55 -71 / 65 -43 -71 -72 / 48 63 67 72 / 55 62 67 71 / 60 63 67 72 / 58 62 67 70 <END> 
<S> 48 63 67 72 / 60 63 72 79 / 58 63 72 -79 / 56 60 72 77 / 58 62 70 -77 / 68 -58 -62 -77 / 51 67 70 75 / 58 65 70 79 / 60 63 72 80 <END> 
<S> 56 63 72 77 / 60 -56 -72 -77 / 58 62 70 77 / 68 -58 -62 -77 / 51 58 67 75 / 48 60 67 75 / 55 59 67 74 / 56 60 65 72 / 74 -56 -60 -65 / 55 60 67 75 / 53 -60 -67 -75 <END> 
<S> 56 60 63 72 / 65 68 -56 -72 / 55 63 67 70 / 53 56 68 72 / 58 74 -53 -68 / 48 60 64 72 / 46 65 -60 -72 / 48 60 67 75 / 53 -60 -67 -75 / 55 59 67 74 / 65 -55 -59 -74 <END> 
<S> 56 60 65 72 / 55 74 -60 -72 / 53 67 72 -60 / 65 -53 -60 -72 / 59 62 67 74 / 65 -59 -74 / 48 63 67 72 / 48 63 72 79 / 60 65 72 77 <END> 
<S> 48 60 68 75 / 50 -60 -67 -75 / 51 60 67 75 / 53 72 -60 -75 / 55 59 67 74 / 56 60 65 -74 / 55 59 67 75 / 53 57 -67 -75 / 51 65 72 / 50 71 -65 -72 <END> 
<S> 56 60 63 72 / 65 74 -56 -60 / 55 60 67 75 / 53 -60 -67 -75 / 55 60 67 74 / 59 -55 -67 -74 / 65 74 -55 -59 / 48 55 63 72 / 60 63 67 72 / 58 -63 -67 <END> 
<S> 43 60 67 74 / 59 -43 -67 -74 / 45 60 65 -74 / 47 62 67 -65 / 48 60 63 67 / 68 -48 -60 -63 / 47 62 67 70 / 48 63 67 69 / 50 66 -63 -69 / 51 62 67 71 / 50 -62 -67 -71 <END> 
<S> 43 60 63 -67 / 62 65 -51 -60 / 51 60 63 67 / 58 -60 -63 -67 / 56 60 63 / 59 -56 -60 / 55 62 65 / 47 -56 -65 / 48 55 64 72 / 53 60 65 / 51 55 63 67 / 50 56 65 68 / 48 55 64 67 / 53 60 68 -67 / 58 62 -53 -68 / 56 60 65 -68 / 55 67 -60 -65 / 53 60 68 / 55 -60 -68 <END> 
<S> 56 60 65 72 / 55 74 -60 -72 / 53 67 71 -60 / 53 59 -67 / 51 60 72 -67 / 50 65 -60 -72 / 51 55 58 70 / 53 56 68 -70 / 51 55 70 -68 / 53 56 68 72 / 58 -53 -65 / 60 74 -53 -65 / 48 67 75 -53 / 50 59 -67 -75 / 51 60 67 75 / 53 -60 -67 -75 <END> 
<S> 50 58 65 -68 / 55 75 -58 -65 / 60 -55 -58 -75 / 46 -55 -63 74 / 53 68 72 -50 / 52 70 79 / 56 65 72 / 58 64 70 -72 / 55 67 70 75 / 65 69 -55 -75 / 56 60 63 72 / 62 65 -56 -72 / 58 63 67 70 / 62 65 -67 -70 / 60 63 67 72 / 58 62 -67 -72 / 56 60 65 72 / 55 67 -63 -72 <END> 
<S> 53 68 72 74 / 55 -67 -72 -74 / 56 65 71 -74 / 72 -56 -65 / 55 64 67 -72 / 65 -55 -67 -71 / 60 63 67 72 / 55 67 70 75 / 58 -67 -70 -75 / 56 60 72 77 / 55 70 -60 -77 / 53 56 68 77 / 51 72 75 -68 / 55 67 71 74 <END> 
<S> 53 68 72 74 / 55 67 71 -74 / 65 -55 -71 -74 / 48 63 67 72 / 46 62 70 77 / 51 63 70 79 / 53 63 68 77 / 55 59 67 -77 / 60 -55 -67 -77 / 62 65 67 77 / 59 63 67 74 / 65 -59 -67 -74 <END> 
<S> 56 63 68 72 / 67 -56 -63 -72 / 56 65 68 72 / 74 -56 -65 -68 / 60 63 67 75 / 58 62 -67 -75 / 56 60 72 77 / 55 75 -60 -72 / 53 68 74 -72 / 55 67 71 -74 / 65 -55 -71 -74 / 48 64 67 72 / 46 62 70 77 <END> 
<S> 53 68 74 -60 / 55 59 67 -74 / 56 60 65 -74 / 72 -56 -60 -65 / 55 62 67 70 / 55 62 67 70 / 53 62 65 71 / 51 63 67 72 / 55 65 67 74 / 71 -55 -67 -74 / 51 67 70 75 / 65 -51 -70 -70 <END> 
<S> 51 60 67 75 / 53 69 -60 -75 / 55 65 71 74 / 55 63 67 72 / 60 67 72 75 / 58 -67 -72 -75 / 57 60 72 77 / 58 62 70 77 / 69 -58 -62 -77 / 58 67 70 75 / 69 -58 -75 / 70 -46 -70 -75 / 46 65 70 74 / 53 65 -70 -74 / 51 65 70 79 / 74 -51 -65 -70 / 56 63 72 75 / 55 70 -63 -72 <END> 
<S> 58 63 75 79 / 51 -63 -75 -79 / 58 70 77 -63 / 62 -58 -70 -77 / 56 63 72 79 / 55 70 -63 -79 / 56 60 -70 -79 / 58 68 75 80 / 74 77 -58 / 56 60 75 / 55 58 74 77 / 53 -58 -74 -77 / 51 70 79 55 / 55 71 79 -79 <END> 
<S> 55 63 75 79 / 56 -63 -75 -79 / 58 70 75 77 / 68 -58 -75 -77 / 46 67 70 -77 / 51 63 70 79 / 63 70 79 <END> 
<S> 53 68 72 77 / 62 -53 -72 -77 / 51 63 70 79 / 62 77 -51 -70 / 56 60 72 75 / 55 70 -60 -75 <END> 
<S> 48 63 67 75 / 62 -48 -67 -75 / 63 -48 -67 -75 / 53 65 68 72 / 51 -65 -68 -72 / 50 65 68 74 / 63 70 -50 -77 / 62 68 77 -63 / 60 63 -68 -77 / 58 62 70 77 / 68 -58 -62 -77 <END> 
<S> 46 65 70 74 / 53 -65 -70 -74 / 55 63 70 75 / 56 65 -70 -75 / 58 63 68 74 / 62 65 -58 -74 / 60 63 67 / 0 / 59 62 67 79 <END> 
<S> 55 63 70 / 62 -55 -63 -70 / 56 60 63 72 / 55 58 -63 -72 / 53 56 68 72 / 58 65 -53 -72 / 60 63 67 -72 / 58 -64 -67 -72 / 65 56 72 77 / 55 70 75 -77 / 57 65 72 75 / 53 74 -65 -72 <END> 
<S> 60 63 67 75 / 58 62 -67 -75 / 56 60 72 75 / 55 70 -60 -75 / 53 60 68 74 / 55 59 67 -74 / 65 -55 -59 -74 / 48 60 63 72 / 50 58 70 77 <END> 
<S> 53 60 68 74 / 50 72 -60 -68 / 55 59 67 74 / 60 -55 -67 -74 / 48 59 67 74 / 60 63 67 72 / 58 62 -67 -72 <END> 
<S> 63 67 70 / 61 -63 -67 -70 / 60 63 67 72 / 58 62 74 -67 / 57 60 72 77 / 59 75 -72 -77 / 60 67 72 75 / 58 -67 -72 -75 / 56 60 72 77 / 55 70 -60 -77 <END> 
<S> 60 63 67 75 / 62 -60 -67 -75 / 54 60 69 75 / 55 67 71 74 / 60 67 72 75 / 58 -67 -72 -75 / 57 60 72 77 / 55 70 -60 -77 / 53 65 69 72 / 74 -53 -65 -69 / 55 58 67 75 / 57 60 -67 -75 <END> 
<S> 57 60 72 -65 / 53 69 -57 -72 / 55 62 67 71 / 48 63 67 72 / 60 67 72 75 / 58 70 74 77 / 56 -70 -74 -77 / 55 70 75 79 / 53 -70 -75 -79 / 51 72 75 79 <END> 
<S> 58 63 70 75 / 51 67 70 75 / 51 67 70 75 / 53 65 70 74 / 51 63 70 79 / 67 72 -63 -79 / 56 68 77 -72 / 65 70 -56 -77 / 53 68 72 75 / 58 -68 -72 -75 / 56 60 72 77 / 55 75 -60 -72 <END> 
<S> 56 63 72 77 / 53 68 -72 -77 / 58 62 70 77 / 68 -58 -62 -77 / 51 58 67 75 / 60 -51 -67 -75 / 53 60 65 68 / 59 62 67 -65 / 63 79 -59 -67 / 56 60 65 77 / 55 67 -60 -77 / 53 59 68 -77 / 51 75 -68 -68 / 47 50 68 74 / 55 -47 -68 -74 <END> 
<S> 58 62 67 / 56 60 65 77 / 55 75 -60 -65 / 53 60 67 74 / 58 41 -67 -75 / 56 65 72 / 55 67 75 -72 / 53 65 68 74 / 55 59 67 -74 / 65 74 -55 -59 / 56 60 63 72 / 62 -56 -60 -72 / 55 58 67 74 / 53 -58 -67 -74 <END> 
<S> 55 67 71 75 / 63 -55 -67 -75 / 65 -55 -67 -75 / 53 63 70 74 / 51 68 72 75 / 70 -51 -68 -75 / 67 70 -51 -75 / 50 65 68 72 / 51 63 67 79 / 58 62 -67 -79 / 56 60 72 77 / 55 70 -60 -77 / 53 60 68 74 / 55 -60 -68 -74 / 53 -60 -68 -74 <END> 
<S> 51 67 70 75 / 53 -67 -70 -75 / 55 58 70 74 / 56 60 -70 -74 / 65 68 -56 -60 / 47 56 65 -68 / 64 74 -53 -65 / 41 60 -65 -68 / 74 -57 -60 -65 / 58 61 70 77 / 68 -58 -61 -77 / 52 60 67 72 / 53 57 65 74 / 46 58 65 70 <END> 
<S> 60 63 67 75 / 58 -60 -67 -75 / 54 57 69 72 / 46 58 67 70 / 48 63 69 72 / 50 62 71 77 / 51 60 67 72 / 58 -52 -67 -72 / 53 57 65 72 / 51 55 -65 -69 / 50 53 58 70 / 48 60 63 -70 <END> 
<S> 48 63 67 72 / 55 -63 -67 -72 / 60 65 67 74 / 58 -60 -67 -74 / 56 60 68 72 / 55 -60 -68 -72 / 53 65 68 72 / / 74 -53 -68 -72 / 60 63 67 75 / 65 69 -60 -75 / 55 67 71 74 / 53 68 -71 -74 / 51 67 72 / 50 66 -72 <END> 
