<S> 44 51 56 60 / 43 51 56 60 / 41 -51 -56 -60 / 43 50 55 59 / 53 -43 -55 -59 / 45 51 60 -55 / 47 50 62 -55 / 48 63 -55 / 41 60 -48 -63 / 43 55 60 62 / 53 59 -43 -62 / 48 51 55 60 / 48 55 60 63 <END> 
<S> 48 60 63 / 51 55 60 -48 / 41 -51 -55 -60 / 46 50 58 65 / 48 55 67 -65 / 46 62 -65 -67 / 48 60 64 67 / 58 63 -48 -67 / 44 56 60 65 / 46 53 62 65 / 58 -46 -53 -65 / 56 -46 62 -65 / 39 55 58 63 / 51 58 63 67 <END> 
<S> 44 60 65 / 53 62 -44 -65 / 60 -44 -53 -65 / 46 58 62 -65 / 39 58 63 67 / 41 -58 -63 -67 / 43 -58 -63 -67 / 44 -58 -63 -67 / 46 58 62 65 / 51 58 63 67 / 56 60 65 / 51 55 60 67 <END> 
<S> 48 63 68 -58 / 50 58 -63 -68 / 51 58 63 67 / 60 -51 -63 -67 / 45 60 65 -63 / 47 55 62 67 / 48 55 60 63 / 50 59 -55 -63 / 48 55 60 63 / 50 -55 -60 -63 <END> 
<S> 55 59 62 / 53 -55 -59 -62 / 48 55 60 63 / 55 62 -48 / 47 55 67 / 65 -47 -55 -67 / 48 55 63 67 / 51 -48 -63 -67 / 56 -48 -63 -67 / 58 -48 -63 -67 / 41 56 65 -58 / 63 -41 -56 -60 / 43 55 59 62 <END> 
<S> 48 63 67 -58 / 45 -63 -67 / 55 63 -45 -67 / 53 62 -67 / 58 65 -53 -58 / 56 60 -53 -65 / 51 58 67 / 55 58 63 67 / 56 60 65 68 / 53 -60 -65 -68 <END> 
<S> 56 60 63 72 / 55 -60 -63 -72 / 53 65 68 72 / 54 63 -69 -72 / 55 62 67 71 / 56 59 62 67 / 55 59 67 74 / 53 60 68 77 / 62 -53 -68 -77 / 60 63 67 -53 / 59 74 -67 -64 <END> 
<S> 55 62 67 71 / 56 59 65 72 / 74 -56 -65 -68 / 55 67 75 -62 / 53 -67 -75 -75 / 51 65 70 77 / 50 -65 -70 -77 / 51 63 70 79 / 62 77 -51 -70 / 56 60 72 75 / 55 70 -60 -75 <END> 
<S> 53 63 70 79 / 51 -63 -70 -79 / 53 63 70 79 / 62 77 -70 / 56 60 72 75 / 55 -60 -72 -75 / 53 68 74 77 / 55 75 -68 -74 / 56 74 -68 / 55 59 67 -74 / 65 -55 -59 -74 / 48 60 63 67 / 50 -60 -67 <END> 
<S> 55 67 72 75 / 53 -67 -72 -75 / 55 67 71 74 / 65 -55 -71 -74 / 48 63 67 72 / 53 65 69 77 / 75 -53 -65 -69 / 55 58 70 / / 60 63 -70 / 69 -55 -63 <END> 
<S> 55 67 70 75 / 57 61 -70 -75 / 58 62 65 74 / 59 67 -62 -74 / 60 63 67 75 / 58 62 -67 -75 / 56 60 72 77 / 55 75 -60 -72 / 53 68 74 -72 / 55 67 71 -74 / 65 -55 -71 -74 <END> 
<S> 60 67 75 / 58 -60 -67 -75 / 56 60 68 75 / 55 -60 -68 -75 / 53 60 68 77 / 67 -53 -60 -77 / 59 67 74 -53 / 52 60 -67 -75 / 53 60 67 72 / 65 -53 -60 -72 / 63 -53 -60 -69 / 59 62 65 74 <END> 
<S> 53 60 67 75 / 65 -60 -67 -75 / 55 62 71 74 / 63 -55 -71 -74 / 65 -55 -70 -74 / 48 63 67 72 / 50 65 70 74 / 51 -65 -70 -74 / 53 65 69 72 / 71 74 -53 -65 / 60 67 72 75 / 58 -67 -72 -75 / 56 60 72 77 / 55 67 75 -60 <END> 
<S> 53 65 68 72 / 63 -53 -69 -72 / 46 62 65 70 / 55 58 67 75 / 57 60 -67 -75 / 58 62 65 74 / 55 67 70 75 / 57 65 72 -75 / 58 65 74 -72 / 56 -65 -72 -74 / 55 65 70 74 / 53 -65 -70 -74 <END> 
<S> 63 67 70 / 62 65 -67 -70 / 60 63 67 75 / 58 62 -67 -75 / 56 60 72 77 / 58 62 70 -77 / 68 77 -58 -62 / 59 62 67 -77 / 60 -62 -67 -77 / 59 62 67 79 / 77 -59 -67 -79 / 60 67 75 79 / 74 -60 -67 -79 <END> 
<S> 60 63 67 75 / 69 -60 -63 -75 / 62 65 71 -75 / 63 67 72 75 / 60 -67 -72 -75 / 55 67 71 74 / 59 67 71 74 / 60 67 72 75 / 62 -67 -72 -75 / 63 65 70 72 / 64 -65 -70 -82 / 61 65 70 77 / 62 -65 -70 -77 <END> 
<S> 60 67 72 75 / 62 65 70 77 / 63 70 79 / 62 65 -70 -79 / 60 67 72 75 / 58 -67 -72 -75 / 56 60 72 77 / 55 70 -60 -77 / 53 60 68 77 / 62 -53 -68 -77 / 51 63 67 79 / 55 65 71 -79 <END> 
<S> 56 60 72 77 / 55 -60 -72 -77 / 53 60 68 77 / 62 74 -53 -68 / 67 71 -53 -74 / 47 65 67 74 / 55 67 74 / 65 71 -67 -74 / 60 63 67 72 / 58 62 -67 -72 / 57 60 65 72 / 55 67 -60 -72 / 53 60 68 72 / 55 63 70 75 / 56 65 68 51 58 <END> 
<S> 60 67 75 / 59 -60 -67 -75 / 54 68 74 -60 / 55 59 67 -74 / 53 68 -59 -74 / 72 -53 -59 -77 / 55 67 72 75 / 74 -55 -67 -72 / 67 -55 -67 -72 / 65 -55 -72 -74 / 60 67 72 75 / 58 -67 -72 -75 / 56 60 72 77 / 58 62 70 -77 / 68 -58 -62 -77 / 51 63 67 75 / 58 62 70 77 <END> 
<S> 48 63 72 -67 / 50 65 72 -72 / 51 67 -65 -72 / 53 -62 -67 -72 / 55 62 67 74 / 55 62 67 71 / 60 63 67 72 / 62 67 71 / 60 66 69 75 / 62 67 71 74 / 63 67 72 / 62 65 70 77 <END> 
<S> 59 62 67 74 / 60 63 -67 -74 / 62 65 77 -60 / 56 59 -65 -77 / 63 -56 -56 -77 / 55 -56 -63 75 / 53 56 62 -75 / 58 -53 -62 -75 / 55 67 -58 -75 / 56 60 65 77 / 0 / 68 73 -65 -77 / 58 65 70 74 / 56 -65 -70 -74 / 55 58 67 75 / 53 68 77 -75 / 51 67 74 79 / 47 68 74 65 <END> 
<S> 58 65 74 77 / 56 -65 -74 -77 / 55 70 75 79 / 53 -70 -75 -79 / 51 72 75 79 / 50 -72 -75 -79 / 51 70 79 -75 / 65 -51 -70 -79 / 63 67 70 79 / 65 68 72 75 / 63 70 80 -75 / 58 65 77 -63 / 62 -58 -65 -77 / 60 63 67 75 / 69 -60 -63 -75 <END> 
<S> 58 65 70 74 / 53 65 72 -70 / 68 -53 -65 -72 / 48 63 72 79 / 60 -48 -63 -79 / 50 59 77 -64 / 62 62 77 / 60 63 79 / 55 59 62 72 / 60 -55 -72 -75 / 55 67 74 -60 / 59 -55 -67 -74 <END> 
<S> 56 60 67 72 / 65 -56 -60 -72 / 55 62 67 71 / 53 -62 -67 -71 / 51 63 67 72 / 53 69 -63 -72 / 62 65 71 74 / 48 67 72 75 / 50 -67 -72 -75 / 51 -67 -72 -75 / 53 -67 -72 -75 / 55 67 72 74 / 70 -55 -67 -74 / 65 -55 -70 -74 <END> 
<S> 48 67 72 75 / 60 -67 -72 -75 / 67 70 74 -60 / 58 -67 -70 -75 / 56 68 72 75 / 55 -68 -72 -75 / 53 60 68 77 / 62 -53 -68 -77 / 67 70 -53 -62 / 46 65 -71 -74 / 51 67 72 75 / 60 -67 -72 -75 / 53 74 77 -60 / 59 62 74 -77 / 60 67 72 75 / 65 74 -60 -75 <END> 
<S> 60 63 67 75 / 62 -60 -67 -75 / 54 60 69 75 / 55 58 67 74 / 65 -55 -67 -74 / 60 63 67 72 / 58 62 -67 -72 / 56 60 65 72 / 55 67 -60 -72 / 53 60 68 72 / 55 67 71 -60 / 53 60 69 -67 / 65 -53 -60 -69 / 46 62 65 70 / 63 -46 -67 -70 / 62 65 65 / 60 64 -65 / 59 62 67 -65 / 60 63 67 75 / 58 62 -67 -75 <END> 
<S> 57 60 72 -67 / 65 -57 -60 -72 / 55 59 67 74 / 60 71 -55 -67 / 53 62 67 69 / 62 71 -65 / 63 72 -62 -69 / 58 62 70 74 / 67 -58 -62 -70 / 56 63 72 / 55 65 -72 / 63 67 72 75 / 69 -56 -72 -75 / 55 67 71 74 / 65 -55 -71 -74 / 48 63 67 72 / 50 65 70 77 <END> 
<S> 53 68 72 74 / 55 75 -72 -74 / 56 74 -72 / 55 71 -74 / 72 -55 -67 / 48 63 67 -72 / 60 63 -67 -72 / 58 65 74 / 56 -58 -65 -74 / 55 58 67 75 / 48 60 63 68 / 50 58 65 68 / 51 58 63 67 / 56 60 63 72 / 65 -56 -60 -72 <END> 
<S> 44 60 63 72 / 56 60 -63 -72 / 65 -56 -60 -72 / 55 58 65 70 / 63 -55 -58 -70 / 56 63 72 / 55 71 -63 / 53 65 68 74 / 55 67 70 75 / 65 68 72 -75 / 63 -68 -72 -75 / 58 70 74 77 / 65 75 -74 -77 / 72 -65 -75 58 74 65 68 75 <END> 
<S> 53 65 68 74 / 63 67 -53 -74 / 65 -55 -70 -74 / 56 63 72 -70 / 55 -63 -72 -75 / 53 68 72 74 / 50 65 70 -74 / 51 63 69 72 / 67 -51 -63 -72 / 53 68 68 74 / 55 67 70 -74 / 65 68 44 -74 / 64 67 72 0 / 62 74 -67 -72 / 43 67 72 59 / -43 -43 -67 -72 <END> 
<S> 51 63 67 70 / 60 -51 -67 -70 / 53 56 65 68 72 / 67 -53 -56 -68 / 55 63 67 70 / 56 65 -67 -70 / 58 63 68 74 / 55 -58 -68 -74 / 53 70 72 75 / 68 -53 -72 -75 / 46 65 70 74 / 58 65 70 74 / 56 65 68 72 <END> 
<S> 53 57 68 72 / 51 63 67 70 / 65 -51 -67 -70 / 51 67 72 -51 / 70 -51 -51 -67 / 53 60 68 -67 / 65 -53 -60 -68 / 55 59 67 -65 / 63 -55 -59 -67 / 60 -55 -63 -67 / 53 60 65 68 / 50 58 67 -65 / 51 63 67 -58 / 53 60 -63 -67 <END> 
<S> 56 60 65 72 / 55 -60 -63 -72 / 53 62 68 77 / 60 75 -68 -68 / 55 62 67 71 / 43 59 62 67 / 60 63 67 72 / 58 62 -67 -72 / 56 60 72 77 / 55 -60 -72 -77 / 53 65 72 79 / 74 -53 -65 -81 / 55 63 70 79 <END> 
<S> 60 63 67 75 / 62 -60 -67 -75 / 54 60 69 -75 / 55 67 71 74 / 59 67 74 / 60 67 72 75 / 65 68 74 77 / 63 70 79 -65 / 62 77 -70 -79 / 60 79 75 -55 / 58 74 -67 -79 <END> 
<S> 60 67 72 75 / 63 -60 -72 -75 / 59 68 74 77 / 60 -68 -74 -77 / 59 67 74 79 / 55 77 -67 / 60 67 72 75 / 58 -67 -72 -75 / 56 60 72 77 / 55 70 -60 -77 / 53 65 68 72 / 74 -53 -65 -68 / 75 -53 -65 -68 <END> 
<S> 56 60 72 77 / 55 75 -60 -72 / 53 68 74 -72 / 50 65 71 -74 / 55 63 72 / 43 -55 -72 -75 / 53 -55 -60 -75 / 60 59 67 74 / 55 59 67 74 / 48 60 67 75 / 51 60 67 79 <END> 
<S> 47 62 67 74 / 48 60 75 -67 / 56 59 65 68 74 / 60 -56 -65 -74 / 55 59 67 74 / 53 -59 -67 -74 / 51 60 67 75 / 50 65 77 -75 / 51 67 72 75 / 53 68 74 77 / 55 67 74 -74 / 55 67 71 -74 / 63 67 72 / 65 74 -68 -72 / 63 67 75 / 65 74 -60 <END> 
<S> 56 60 65 72 / 55 67 -60 -72 / 53 -60 -67 -75 / 55 59 74 -67 / 65 -55 -59 -74 / 48 60 63 72 / 48 60 63 67 / 68 -48 -60 -63 / 47 62 67 70 / 65 -47 -62 -67 / 48 55 63 -62 / 60 -48 -55 -63 / 41 56 62 -60 / 50 59 -41 -62 / 57 -41 -50 -62 / 43 50 55 59 62 / 53 -43 -59 -62 <END> 
<S> 55 62 65 71 / 46 67 -62 -65 / 51 62 66 / 53 -62 -62 -65 / 60 63 -57 -62 / 59 62 -60 -67 / 57 60 63 -67 / 55 59 62 67 / 53 57 65 70 / 52 62 67 / 53 60 68 72 / 55 67 71 -60 / 53 60 69 -67 / 65 -53 -60 -69 / 75 -53 -60 -69 / 60 65 -53 -69 / 64 -53 -60 -69 <END> 
<S> 55 60 67 75 / 53 60 68 77 / 62 -53 -68 -77 / 55 63 67 70 / 65 -55 -63 / 58 62 67 70 / 56 63 68 72 / 65 -56 -68 -72 / 55 63 67 70 / 65 -55 -67 -70 / 53 60 67 68 / 55 -60 -65 -68 / 53 60 65 68 / 56 60 63 -68 / 65 -56 -60 -68 <END> 
<S> 56 63 68 72 / 55 65 -68 -72 / 53 61 67 70 / 52 -61 -67 -70 / 53 60 67 68 / 55 -60 -67 -68 / 56 60 65 68 / 53 -60 -65 -68 / 60 64 67 / 57 60 65 75 <END> 
<S> 44 60 65 -70 / 41 -60 -65 -65 / 48 60 64 67 / 44 60 63 72 / 56 60 63 72 / 53 63 68 72 / 62 -53 -68 -72 / 55 60 67 75 / 62 -55 -67 -75 / 56 60 63 75 / 65 74 -60 -56 <END> 
<S> 56 63 67 72 / 65 -56 -67 -72 / 60 65 67 -56 / 59 62 67 -67 / 55 67 71 74 / 60 67 72 75 / 65 68 74 -72 / 63 67 70 -74 / 65 68 72 75 / 53 -68 -72 -75 / 58 62 70 77 / 56 -62 -70 -77 <END> 
<S> 63 67 70 75 / 65 68 72 / 63 67 70 75 / 58 65 70 74 / 56 -65 -70 -74 / 55 67 70 75 / 53 -67 -70 -75 / 51 65 70 77 / 50 -65 -70 -77 / 51 63 70 79 / 72 -51 -63 -79 <END> 
<S> 55 58 70 75 / 60 -55 -70 -75 / 56 60 68 77 / 55 67 75 -60 / 53 60 68 74 / 55 59 67 -74 / 65 -55 -67 -74 / 48 63 67 72 / 50 58 70 77 <END> 
<S> 53 60 68 74 / 51 -60 -68 -74 / 50 59 68 77 / 55 59 62 -77 / 60 63 -55 -77 / 48 62 66 -72 / 60 -48 -67 -72 / 50 62 66 71 / 60 -50 -66 -71 / 51 59 67 / 55 59 67 / 59 62 67 77 <END> 
<S> 55 63 67 72 / 62 -55 -67 -72 / 60 -55 -67 -72 / 55 62 67 71 / 48 63 67 70 / 50 62 65 70 / 51 60 65 70 / 63 -60 -65 -70 / 58 65 70 73 / 56 -65 -70 -74 / 55 63 70 75 / 51 67 -63 -75 / 56 60 68 75 / 58 70 -56 -76 <END> 
<S> 58 65 70 / 63 -58 -63 -70 / 62 65 70 -56 / 55 63 -70 -70 / 56 65 68 72 / 67 -56 -65 -72 / 50 65 68 74 / 70 -50 -65 -68 / 48 63 67 72 / 53 60 65 -72 / 51 58 63 67 / 62 -51 -58 -67 / 52 60 67 <END> 
<S> 56 63 72 -70 / 68 -56 -63 -72 / 47 62 68 -56 / 47 51 67 55 / 44 60 67 75 / 54 60 68 74 / 55 59 67 74 / 65 -55 -59 -74 / 48 60 63 72 / 50 58 70 77 <END> 
<S> 54 60 63 67 / 56 59 62 74 / 51 60 67 72 / 55 62 67 71 / 48 63 67 72 / 62 71 -48 -67 / 60 63 69 -51 / 58 62 67 70 / 53 63 68 72 / 51 -63 -67 -72 / 50 65 68 72 <END> 
<S> 48 63 67 72 / 60 -63 -67 -72 / 55 67 71 74 / 53 67 70 75 / 51 -67 -70 -75 / 50 65 70 77 / 51 63 -70 -77 / 53 62 68 77 / 55 70 75 -62 / 56 60 72 77 / 68 -60 -72 -77 <END> 
<S> 51 63 67 70 / 53 56 65 68 / 55 58 67 -65 / 56 60 65 68 / 62 -56 -65 -68 / 55 61 64 70 / 53 65 -61 -70 / 52 60 67 72 / 70 -52 -60 -67 / 53 60 68 -67 / 65 -53 -60 -68 / 48 60 65 67 <END> 
<S> 56 60 65 72 / 55 -60 -65 -72 / 53 60 68 79 / 55 -60 -68 -79 / 57 60 65 75 / 58 67 -65 / 64 68 -58 -76 / 56 60 65 72 / 68 -56 -60 -72 / 55 61 67 70 / 53 65 68 -70 / 64 -53 -65 -68 <END> 
<S> 56 60 63 72 / 55 -60 -63 -72 / 53 65 68 72 / 74 -53 -68 -68 / 60 67 75 / 58 -60 -67 -75 / 56 60 65 68 / 55 58 67 75 / 56 60 65 -75 / 67 72 75 -60 / 43 59 74 -67 / 65 -43 -59 -74 <END> 
<S> 56 60 63 72 / 65 -56 -60 -72 / 55 62 67 70 / 53 -62 -67 -70 / 51 60 67 72 / 53 -60 -67 -72 / 55 62 67 71 / 48 63 67 72 / 63 67 -48 -72 / 53 65 72 74 / 53 63 72 75 / 65 -53 -72 -75 / 58 65 74 -72 / 60 -65 -72 -74 / 58 -65 -72 -74 <END> 
<S> 60 63 67 / 56 60 65 72 / 62 -56 -65 -72 / 55 62 67 71 / 55 62 67 71 / 53 -62 -67 -71 / 51 60 67 72 / 48 -60 -67 -72 / 50 65 67 71 / 53 68 -65 -67 / 51 60 67 -67 / 48 -60 -67 -67 / 53 60 68 -67 / 65 -53 -60 -68 / 59 62 67 -53 / 51 -59 -62 -67 / 60 63 67 -51 / 48 60 -67 -67 <END> 
<S> 52 60 67 72 / 53 65 -60 -72 / 55 62 65 71 / 48 63 67 72 / 55 62 67 71 / 60 63 67 72 / 58 62 67 74 / 75 -58 -67 / 65 65 -46 -75 / 63 67 72 -65 / 59 -67 -72 / 60 67 74 / / 59 65 74 / 63 72 -58 -74 / 56 65 71 77 <END> 
<S> 60 67 75 / 58 -60 -67 -75 / 56 60 68 75 / 55 -60 -68 -75 / 53 60 68 74 / 55 59 67 -74 / 56 60 67 72 / 65 -56 -60 -72 / 50 62 65 71 / 53 62 -62 -71 / 51 60 67 72 / 48 63 69 -72 <END> 
<S> 56 60 -65 -70 / 55 64 67 -60 / 59 62 -55 -67 / 57 60 -55 -67 / 55 59 62 67 -55 / 53 62 -59 -67 / 51 60 63 -67 / 58 -52 -63 -67 / 53 56 65 68 / 53 63 69 / 62 -53 -68 / 46 58 65 67 / 46 58 65 -67 <END> 
<S> 53 60 65 68 / 51 58 67 70 / 56 63 68 72 / 55 -63 -67 -72 / 53 61 67 70 / 52 -61 -67 -70 / 53 60 67 68 / 48 60 64 -67 / 49 56 65 / 55 58 -49 -65 / 41 53 56 -65 / 43 55 59 62 / 44 53 60 <END> 
<S> 56 60 65 / 55 58 67 -63 / 53 56 65 68 / 58 -53 -65 -68 / 51 60 67 -65 / 48 60 64 -67 / 58 -48 -64 -67 / 53 56 65 / 55 58 67 70 / 53 -58 -58 -70 / 46 58 65 -70 / 68 -46 -65 <END> 
<S> 53 60 65 69 / 51 -60 -65 -69 / 50 58 65 70 / 48 58 67 75 / 53 57 65 74 / 72 -53 -57 -65 / 46 58 65 74 / 58 64 74 / 55 -58 -63 -74 / 53 -58 -63 -74 / 55 58 70 75 / 56 60 65 77 / 67 -56 -60 -77 <END> 
<S> 46 58 65 74 / 67 -46 -58 -74 / 51 58 67 79 / 63 -51 -58 -79 / 56 60 68 77 / 59 62 67 -77 / 60 67 75 / 53 65 68 74 / 72 -53 -65 -68 / 55 63 67 71 / 57 65 72 <END> 
<S> 56 60 65 77 / 55 -60 -65 -77 / 53 62 70 79 / 68 77 -53 -65 / 58 67 70 79 / 60 -67 -70 -79 / 58 65 70 79 / 60 -65 -70 -79 / 62 65 70 77 / 62 -65 -70 -77 / 60 63 70 79 / 55 -63 -70 -79 / 57 72 -63 -79 / 62 65 -57 -77 / 60 63 67 79 / 62 -60 -67 -79 <END> 
<S> 58 62 70 77 / 56 -62 -70 -77 / 55 63 70 79 / 53 56 -70 -79 / 51 67 70 79 / 53 -67 -70 -79 / 51 67 72 79 / 50 65 72 77 / 51 67 75 79 / 53 69 77 -79 / 55 62 74 79 / 55 70 75 <END> 
<S> 53 72 80 -63 / 56 65 -72 -75 / 55 62 71 79 / 63 67 -55 -79 / 53 65 68 77 / 59 62 67 -77 / 60 63 67 75 / 58 62 -67 -75 / 56 60 72 77 / 55 70 75 -60 / 53 65 68 74 / 47 -53 -65 -68 / 48 60 67 75 / 58 -48 -67 -75 <END> 
