<S> 57 64 69 72 / 65 -57 -69 -72 / 52 67 70 72 / 53 65 69 72 / 64 -53 -69 -72 / 54 62 69 74 / 55 62 69 70 / 67 -55 -62 -70 / 50 60 69 -67 / 66 -50 -60 -69 / 43 59 67 / 47 62 67 74 <END> 
<S> 50 62 69 69 / 67 -50 -62 -69 / 66 -50 -62 -69 / 55 62 67 71 / 43 62 67 71 / 48 60 67 72 / 55 59 67 74 / 52 64 71 79 / 56 -64 -71 -79 / 57 64 72 79 / 55 65 -72 -77 / 53 67 72 79 / 52 -67 -72 -79 <END> 
<S> 60 64 67 72 / 60 69 -60 -72 / 55 67 71 -60 / 59 62 67 74 / 60 67 76 / 59 62 -67 -76 / 57 60 65 77 / 55 67 76 -60 / 62 -55 -60 -76 / 59 -55 -62 -74 / 64 -43 -59 -74 / 48 55 64 72 <END> 
<S> 59 62 67 74 / 60 76 -67 / 59 62 67 74 / 57 60 -67 -74 / 55 59 67 74 / 53 -59 -67 -74 / 52 61 67 76 / 50 62 65 77 / 52 67 -62 -77 / 53 57 69 74 / 55 71 -69 -74 / 56 62 71 76 / 57 64 69 72 / 65 -57 -69 -72 <END> 
<S> 50 60 69 74 / 52 59 -60 -69 / 54 57 62 69 / 52 59 64 67 / 57 60 64 72 / 59 62 -57 -72 / 52 60 64 72 / 54 57 -64 -72 / 55 59 62 71 / 52 64 -59 -71 / 57 60 69 -64 / 59 62 -69 -77 / 60 64 67 76 / 66 -48 -60 -76 <END> 
<S> 57 64 72 / 55 -64 -72 / 74 -55 -64 / 53 69 -62 -74 / 55 67 72 76 / 64 -55 -67 -76 / 65 -55 -60 -76 / 48 67 72 -55 / 52 59 67 79 / 48 64 72 79 / 50 72 -64 -72 / 52 55 72 79 / 53 -72 -79 -79 / 52 67 72 79 / 74 -52 -67 -79 <END> 
<S> 48 64 72 79 / 50 65 -72 -79 / 52 67 72 79 / 48 64 -72 -79 / 53 65 72 80 / 51 -65 -72 -80 / 49 65 73 79 / 48 -65 -73 -79 / 50 65 72 81 / 43 -50 -65 -72 / 48 67 72 76 / 60 67 76 <END> 
<S> 58 65 73 74 / 50 57 -65 -74 / 52 67 70 76 / 53 -67 -70 / 69 -53 -67 -70 / 41 60 69 -67 / 62 66 69 / 60 -62 -66 -69 / 58 62 67 / 57 69 -62 -67 / 55 64 67 / 62 65 -55 -67 / 64 67 -55 -61 / 57 -48 -64 -67 / 55 59 65 74 / 67 -55 -59 -74 <END> 
<S> 52 64 67 / 60 64 -52 -67 / 53 60 65 69 / 59 62 67 -53 / 52 60 64 67 / 53 60 65 69 / 47 62 65 71 / 48 64 67 72 / 48 64 67 -72 <END> 
<S> 53 60 69 / 64 -53 -60 -69 / 55 59 67 74 / 60 64 67 76 / 65 69 -60 -76 / 58 67 74 / 57 72 -67 -74 / 55 70 76 -67 / 53 65 69 74 / 52 59 67 -74 / 74 -52 -59 -67 / 57 60 65 72 / 59 74 -57 -67 / 60 60 67 76 / 59 -60 -67 -76 / 53 57 -67 -76 <END> 
<S> 59 67 71 74 / 55 64 -67 -71 / 62 65 69 / 69 72 -62 -65 / 64 71 -62 -77 / 60 64 69 76 / 65 69 77 -60 / 58 64 67 -77 / 57 65 73 76 / 67 -57 -73 -76 / 50 65 69 72 <END> 
<S> 62 69 77 / 60 -62 -69 -77 / 52 61 67 79 / 60 67 79 / 65 69 74 -60 / 59 67 71 74 / 65 -59 -71 -74 / 52 64 -59 -69 / 57 60 69 76 / 59 -57 -69 -76 / 54 60 -69 -76 / 56 59 71 74 <END> 
<S> 59 62 67 79 / 60 67 69 -79 / 62 71 -67 -76 / 64 72 81 / 62 65 -72 -81 / 64 67 72 79 / 62 71 79 -79 / 60 64 72 79 / 65 74 -60 -79 / 59 67 76 79 / 60 -67 -76 / 57 60 72 77 / 59 67 74 -77 <END> 
<S> 59 62 74 79 / 67 -59 -74 -79 / 60 67 76 -74 / 72 -60 -67 -76 / 62 69 74 77 / 72 -62 -69 -77 / 50 62 70 77 / 55 79 -70 -70 / 57 72 77 / 58 62 74 -77 / 52 67 76 -74 / 53 57 -67 -74 / 52 72 67 / 70 -52 -67 <END> 
<S> 53 69 72 81 / 65 74 -53 -81 / 55 67 71 79 / 57 69 74 77 / 59 67 74 79 / 72 77 -67 52 / 60 67 76 79 / 61 74 -67 -79 / 57 69 76 84 / 77 -57 -69 52 / 79 -57 -69 -72 / 58 71 74 79 / 55 -58 -74 -79 / 57 72 76 -58 / 77 -57 -61 -72 <END> 
<S> 57 60 72 76 / 62 77 -72 / 64 67 71 79 / 72 79 -67 / 60 65 74 / 47 59 67 74 / 48 67 76 -74 / 57 72 -48 -76 / 55 59 71 74 / 53 60 69 72 / 52 -60 -69 -72 / 50 59 67 74 / 48 60 67 76 / 50 77 -60 -67 <END> 
<S> 48 64 67 76 / 62 -48 -67 -76 / 53 60 69 77 / 46 62 70 77 / 48 64 67 76 / 62 -48 -67 -76 / 50 60 69 77 / 55 62 67 -77 / 60 67 76 / 53 60 69 77 / 62 67 71 77 / 50 -67 -71 -77 / 72 74 -50 -65 / 59 67 74 -53 / 52 60 -67 -74 <END> 
<S> 50 65 69 77 / 71 -50 -65 -77 / 48 67 72 76 / 55 74 71 77 / 76 -55 -67 -71 / 60 65 72 77 / 53 -60 -72 -77 / 60 67 76 / 58 60 69 -76 / 57 60 70 77 / 55 58 70 -77 / 57 60 69 77 / 59 62 68 -77 <END> 
<S> 53 60 69 81 / 65 -53 -69 -81 / 55 58 67 76 / 57 60 77 -67 / 43 62 -58 -67 / 72 -43 -58 -67 / 47 62 67 74 / 65 -47 -62 -74 / 48 55 64 72 / 50 57 65 74 / 52 59 64 67 / 62 -52 -52 -67 <END> 
<S> 53 60 67 / 69 -53 -60 / 59 -48 -53 -69 / 47 60 67 74 / 43 59 65 -74 / 72 -43 -59 -65 / 48 55 64 72 / 48 60 64 76 / 50 65 -60 -76 / 52 60 67 77 / 53 -60 -67 -77 / 55 60 67 74 / 72 -55 -60 -67 / 43 59 65 74 <END> 
<S> 48 60 67 76 / 50 -60 -67 -76 / 52 60 67 76 / 53 -60 -67 -76 / 55 59 67 74 / 56 65 -59 -74 / 57 60 64 72 / 55 59 -64 -72 / 53 57 69 72 / 62 -53 -69 -72 / 64 71 -53 -69 / 65 69 -53 -72 / 52 -65 -69 -72 <END> 
<S> 57 60 64 72 / 55 59 -64 -72 / 53 60 69 72 / 52 -60 -69 -72 / 53 60 69 77 / 76 -53 -60 -69 / 55 67 71 74 / 52 59 67 74 / 57 60 69 76 <END> 
<S> 47 62 67 74 / 48 -62 -67 -74 / 50 59 67 -74 / 66 -50 -59 -74 / 52 59 68 72 / 54 57 62 -72 / 55 62 69 71 / 59 67 -54 -71 / 52 55 -67 72 / 50 65 71 -67 / 48 64 67 69 / 62 -48 -67 -69 / 50 62 71 -69 / 67 -50 -62 -71 <END> 
<S> 55 62 71 / 54 64 69 -55 / 54 62 69 74 / 60 -54 -69 -74 / 55 59 71 76 / 74 -55 -59 -71 / 48 64 69 72 / 55 67 71 74 / 53 -67 -71 -74 / 52 67 72 -71 / 50 65 69 -72 / 71 -50 -65 -69 / 55 64 67 72 / 55 71 74 -67 <END> 
<S> 52 60 67 72 / 50 65 69 74 / 71 -50 -65 -74 / 48 67 72 76 / 60 74 77 -48 / 76 79 -48 -60 / 53 59 74 77 / 60 72 76 -53 / 55 67 71 74 / 56 64 71 76 <END> 
<S> 53 60 69 74 / 65 -53 -60 -74 / 55 59 67 74 / 43 59 67 74 / 48 55 64 76 / 60 64 67 72 / 58 -64 -67 -72 / 57 64 72 -50 / 55 71 -64 -72 / 54 62 69 74 / 55 62 71 -74 / 67 -55 -71 -74 / 65 -55 -71 -74 <END> 
<S> 57 60 65 72 / 59 62 67 74 / 60 76 -67 / 66 -60 -69 -76 / 55 67 71 74 / 55 67 71 74 / 52 -67 -71 -79 / 50 65 67 71 / 69 -50 -65 -79 / 52 64 71 79 / 62 -52 -71 -79 <END> 
<S> 48 64 67 79 / 62 -48 -67 -79 / 60 67 76 -48 / 64 -60 -67 -76 / 54 62 69 74 / 55 59 67 -74 / 55 59 67 74 / 60 67 76 / 62 77 -60 -67 / 64 67 79 / 65 -67 -79 <END> 
<S> 47 62 67 79 / 48 60 69 77 / 59 62 71 77 / 60 64 67 76 / 62 66 74 -60 / 59 -62 -66 -69 / 57 60 64 72 / 62 66 -57 -72 / 47 62 67 79 / 48 64 -67 -79 / 50 62 65 77 / 59 -50 -62 -77 <END> 
<S> 57 60 64 72 / 55 59 -64 -72 / 53 57 62 69 / 64 -53 -57 -69 / 50 57 65 -69 / 62 66 -57 -69 / 55 59 64 67 / 52 60 64 -67 / 54 60 69 -64 / 62 -54 -60 -69 / 55 59 62 71 / 64 -55 -59 -71 / 57 60 64 72 / 55 59 67 74 <END> 
<S> 53 60 69 / 62 71 -53 -69 / 52 64 67 72 / 62 -52 -67 -72 / 50 62 66 71 / 55 62 67 -71 / 54 63 69 72 / 62 -54 -69 -72 / 55 62 67 71 / 64 -55 -67 -71 / 65 -55 -67 -71 / 48 64 67 72 / 60 64 67 72 / 58 -64 -67 -72 <END> 
<S> 55 62 69 -67 / 60 64 67 / 62 67 -60 -67 / 60 64 67 -60 / 59 -60 -64 -67 / 57 60 65 / 53 59 62 -65 / 52 55 60 64 / 50 53 -60 -64 / 48 -53 -60 -64 / 47 55 62 / 43 53 59 62 / 52 -43 -59 -62 <END> 
<S> 55 62 65 / 53 60 -62 -65 / 55 59 62 67 / 53 -55 -59 -67 / 52 55 60 67 / 50 -55 -60 -67 / 48 55 62 65 / 47 -55 -62 -65 / 48 55 60 64 / 48 55 60 64 / 58 -48 -55 -64 / 41 57 60 62 / 43 -57 -60 -62 / 53 59 -43 -62 / 53 -43 -59 -62 / 36 52 55 60 <END> 
<S> 48 55 60 64 / 43 59 62 -55 / 53 -43 -59 -62 / 48 52 55 60 / 48 52 60 67 / 53 62 -48 -60 / 59 52 57 64 / 50 57 65 -64 / 55 62 -57 -65 / 64 -57 -60 / 59 62 -40 / 53 57 60 69 <END> 
<S> 50 57 60 65 / 53 62 -57 -60 / 52 55 60 / 53 59 62 -55 / 55 60 -48 -64 / 50 57 62 65 / 38 59 -62 -65 / 63 -38 -57 -62 / 43 55 59 62 / 48 52 55 60 / 47 50 62 65 / 45 48 57 -62 -65 / 47 55 64 67 / 62 65 -55 -64 / 60 -55 62 / 55 62 71 -55 / 45 60 64 69 / 53 60 69 -45 <END> 
<S> 47 55 62 67 / 48 60 -55 -67 / 43 55 59 62 / 62 -43 -55 -62 / 48 55 60 64 / 48 52 60 67 / 41 69 -60 -55 / 57 -41 -60 -69 / 59 62 67 -53 / 52 60 -59 -67 / 57 -52 -60 -67 / 55 59 62 67 / 52 55 59 67 / 48 52 60 67 <END> 
<S> 45 52 60 67 / 47 50 -60 -67 / 48 52 55 67 / 47 62 -52 -67 / 45 60 64 69 / 47 -60 -64 -69 / 48 57 64 71 / 52 55 -64 -71 / 50 55 62 65 71 / 59 62 -65 -71 / 52 60 64 -65 / 59 62 -52 -65 / 45 57 60 64 / 43 -57 -60 -64 / 41 57 60 65 / 50 53 62 67 / 69 -50 -53 -62 <END> 
<S> 52 55 59 71 / 50 69 -55 -59 / 55 59 62 / 53 -55 -59 / 52 55 59 67 / 50 -55 -59 -67 / 48 55 60 64 / 58 -48 -55 -63 / 53 57 60 / 55 59 -53 -60 / 53 61 60 69 / 52 -60 -60 -69 / 50 62 65 69 / 71 -50 -65 -65 / 52 59 64 67 / 60 -52 -64 -67 / 53 60 65 69 / 62 -53 -65 -69 <END> 
<S> 52 55 60 67 / 50 -55 -60 -67 / 48 55 65 74 / 47 -55 -65 -74 / 48 60 64 67 / 48 -60 -64 -67 / 59 62 67 -48 / 50 -59 -62 -67 / 52 55 60 64 / 53 -55 -60 -64 / 55 62 -55 -60 / 59 -55 -62 / 53 57 60 69 / 52 55 -60 -69 / 53 62 67 71 / 50 65 -67 -71 <END> 
<S> 47 55 62 67 / 48 60 -55 -67 / 50 55 62 69 / 54 -50 -62 -69 / 43 55 62 67 / 59 -43 -55 -62 / 53 -43 -59 -62 / 52 55 -43 -59 / 47 50 62 67 / 49 55 64 69 / 50 54 62 69 / 60 -50 -54 -69 / 43 50 59 67 / 48 52 60 67 / 50 53 -60 -67 / 52 55 67 72 / 48 -55 -67 -72 <END> 
<S> 43 50 59 67 / 55 -43 -59 -67 / 40 60 64 72 / 38 -60 -64 -72 / 52 60 67 72 / 48 64 -60 -72 / 55 62 71 / 47 55 62 69 / 48 -55 -62 -69 / 50 54 62 69 / 60 -50 -62 -69 / 43 59 62 67 / 48 52 60 67 / 47 62 65 67 <END> 
<S> 50 62 69 -67 / 38 66 -50 -69 / 43 59 62 67 / 45 60 64 69 / 66 -45 -60 -69 / 47 62 67 71 / 48 -62 -67 -71 / 50 65 69 -67 / 52 64 -67 -70 / 53 62 69 -67 / 60 -53 -67 -69 / 55 62 67 71 / 43 59 62 67 <END> 
<S> 50 62 65 69 / 52 60 64 67 / 62 -52 -60 -67 / 53 60 57 69 / 55 59 -53 -69 / 49 57 61 67 / 69 -57 -57 -60 / 52 55 60 67 / 53 62 69 -55 / 53 57 62 69 / 50 59 62 67 <END> 
<S> 50 57 62 65 / 53 -50 -62 -65 / 52 55 64 67 / 50 -55 -64 -67 / 48 55 64 67 / 45 -55 -64 -67 / 50 54 62 69 / 43 55 62 71 / 48 54 63 69 / 47 55 62 67 / 48 55 60 64 <END> 
<S> 50 55 62 69 / 54 -50 -62 -69 / 43 59 62 67 / 52 55 60 79 / 53 60 69 / 52 59 -53 -69 / 50 57 60 65 / 55 59 62 -65 / 53 60 62 / 71 -57 -60 <END> 
<S> 53 57 62 69 / 47 -53 -62 -69 / 48 52 60 67 / 64 -48 -60 -76 / 50 60 65 -60 / 59 -50 -50 -65 / 55 -50 -59 -65 / 43 55 59 67 / 48 55 60 64 <END> 
<S> 55 62 67 71 / 60 64 -55 -67 / 59 62 67 -55 / 55 59 62 67 / 53 -59 -62 -67 / 52 60 67 72 / 53 69 -60 -72 / 52 65 71 74 / 62 -52 -71 -74 / 48 64 67 72 / 60 66 69 -72 / 55 62 67 71 <END> 
<S> 50 57 65 71 / 65 -50 -57 -71 / 52 59 67 / 50 62 65 74 / 64 76 -50 -65 / 45 65 69 77 / 53 67 72 76 / 52 -67 -72 -76 / 53 69 72 77 / 55 67 71 74 / 65 -55 -71 -74 <END> 
<S> 50 65 69 77 / 71 -50 -65 -77 / 52 67 72 76 / 53 -67 -72 -76 / 55 67 74 -72 / 71 -55 -67 -74 / 56 72 -67 -71 / 68 74 -56 -72 / 55 67 71 -74 / 65 -55 -71 -74 / 48 64 67 72 <END> 
<S> 69 74 -53 -69 / 55 71 -69 -74 / 56 67 71 74 / 66 72 74 / 55 67 71 -74 / 43 67 73 76 / 48 -67 -73 -76 / 50 65 69 74 / 52 -65 -69 -74 / 53 62 69 74 / 52 -62 -69 -74 / 53 59 69 -74 / 57 61 69 73 <END> 
<S> 55 67 74 -72 / 53 69 -67 -72 / 62 65 71 74 / 64 67 -71 / 65 69 -52 -67 / 59 67 71 74 / 57 72 -67 -74 / 55 62 71 74 / 55 59 62 74 / 52 61 64 67 <END> 
<S> 59 62 67 74 / 57 60 -67 -74 / 55 59 67 74 / 55 59 67 74 / 53 -59 -67 -74 / 52 61 67 79 / 50 62 65 77 / 59 67 -50 -77 / 57 61 69 76 / 57 61 69 76 / 77 -57 -69 -69 <END> 
<S> 55 59 67 76 / 53 57 -67 -72 / 52 59 67 76 / 50 77 -59 -67 / 48 60 72 79 / 55 74 -60 -72 / 54 69 74 -60 / 55 59 67 -74 / 65 -55 -59 -74 / 64 -55 -59 -74 / 60 55 64 72 / 53 65 -60 -72 <END> 
<S> 55 67 72 74 / 71 -55 -67 -74 / 69 -55 -67 -74 / 67 71 -55 -67 / 65 -43 -71 -74 / 48 64 67 72 / 48 55 64 72 / 50 65 71 74 / 52 64 72 76 / 57 -64 -72 -76 / 53 69 72 74 / 55 67 -72 -74 / 53 69 72 -74 / 71 -53 -69 -72 <END> 
<S> 52 60 67 72 / 48 64 -60 -72 / 50 65 72 -60 / 52 58 67 -72 / 53 57 69 72 / 55 59 -69 -72 / 53 60 69 72 / 52 62 -69 -72 / 64 -52 -69 -72 / 50 65 69 77 / 71 -50 -65 -77 / 52 67 72 76 / 53 -67 -72 -76 / 55 67 74 -72 / 71 -55 -67 -74 / 0 / 56 64 71 74 <END> 
<S> 52 60 67 72 / 50 62 -67 -72 / 48 64 67 -72 / 50 65 -67 -72 / 52 60 67 71 / 53 60 69 -60 / 55 59 67 -53 / 52 60 -55 -67 / 50 54 62 69 / 59 -50 -62 -69 / 48 60 64 69 / 50 59 66 -69 / 60 -50 -66 -69 / 55 59 62 67 / 52 59 64 67 <END> 
<S> 50 57 67 69 / 55 -45 -67 -69 / 50 54 69 -69 / 67 -50 -54 -69 / 43 50 59 67 / 48 52 60 67 / 46 -52 -60 -67 / 45 52 60 72 / 43 -52 -60 -72 / 41 53 60 69 / 40 52 60 67 / 59 -52 -55 -67 / 45 60 -55 -67 / 43 62 65 -55 / 59 -55 -62 -65 / 48 60 64 67 / 58 -48 -64 -67 <END> 
<S> 43 50 59 67 / 57 -46 -50 -67 / 41 50 59 65 / 43 50 59 -65 / 48 52 55 60 / 45 52 60 72 / 54 -45 -60 -72 / 47 55 62 71 / 48 64 -55 -71 / 50 62 65 69 / 60 -50 -65 -69 / 52 59 64 67 / 62 -52 -59 -67 / 53 57 60 69 / 55 59 67 / 53 60 65 69 / 52 -60 -65 -69 <END> 
<S> 47 55 62 71 / 48 55 64 69 / 50 65 -55 -69 / 52 60 67 / 71 -52 -60 -67 / 45 -52 -60 -67 / 53 -45 -60 -67 / 47 55 62 67 / 43 55 -62 -67 / 48 55 60 64 / 48 55 60 64 / 58 -48 -55 -64 / 40 55 60 67 / 41 69 -55 -60 / 43 53 62 71 <END> 
<S> 48 55 60 64 / 46 -55 -60 -64 / 52 55 60 67 / 53 69 -60 -55 / 59 62 -53 -53 / 52 60 -53 -59 / 50 53 59 65 / 55 -50 -53 -65 / 47 55 62 -65 / 43 -55 -59 -65 / 48 55 60 64 / 55 59 62 67 / 53 -55 -62 -67 / 52 60 64 67 / 50 -60 -64 -67 / 48 55 64 72 / 43 55 62 71 <END> 
<S> 50 55 62 65 / 59 -50 -55 -65 / 48 55 60 64 / 59 62 -48 -55 / 36 55 60 67 / 58 62 -55 -67 / 57 60 64 -55 / 55 58 62 / 53 55 60 64 / 52 -55 -60 -64 / 50 57 65 -60 / 59 -50 -65 / 45 57 60 65 / 43 -57 -60 -65 / 41 55 60 62 / 40 -55 -60 -62 / 38 53 59 -62 / 36 52 55 60 / 47 50 62 65 <END> 
<S> 55 59 62 / 53 -55 -59 -62 / 52 55 59 64 / 50 -55 -59 -64 / 48 55 60 64 / 59 62 -55 -60 / 55 59 62 / 53 -43 -59 -62 / 48 52 55 60 / 48 60 64 67 / 50 65 -60 -67 / 52 55 67 -60 / 50 57 65 -60 / 55 59 62 67 / 53 -55 -59 -67 <END> 
<S> 48 55 60 64 / 50 -55 -60 -64 / 52 60 64 67 / 48 -60 -64 -67 / 70 -48 -60 -64 / 47 56 62 65 / 64 -43 -59 -62 / 45 52 60 64 / 43 58 64 67 / 41 -58 -64 -67 / 41 57 60 69 / 45 60 64 -69 / 48 67 -57 -69 / 50 59 65 -69 / 40 64 -50 -65 / 40 55 59 -65 / 41 53 57 69 / 40 55 60 64 67 / 48 -60 -64 -67 <END> 
<S> 45 60 64 65 / 47 -60 -64 / 41 -47 60 62 / 48 64 -57 -60 / 47 50 62 67 / 43 55 59 62 / 48 55 60 64 / 52 -55 -60 -64 / 50 57 60 65 / 52 59 67 -57 / 53 57 -59 -67 / 52 55 60 67 / 50 65 -55 -60 / 48 55 60 64 / 47 55 62 74 / 43 59 -55 -74 / 48 55 60 / 47 52 55 67 <END> 
<S> 45 60 65 / 53 58 -45 -65 / 43 55 64 67 / 62 -40 -55 -67 / 41 57 60 69 / 59 -41 -57 -69 / 52 -41 59 67 / 43 -59 -59 -67 / 45 52 60 67 / 45 -52 -60 -67 / 47 55 62 67 / 48 -55 -62 -67 / 50 60 69 -55 / 38 53 -60 -69 / 59 -50 -53 -69 / 48 60 67 -45 / 51 60 64 67 / 53 69 -60 -67 <END> 
<S> 41 57 60 69 / 43 50 59 -69 / 45 57 60 64 / 50 57 60 65 / 59 62 -57 -65 / 45 57 60 64 / 43 55 62 -60 / 41 53 57 -60 / 51 -41 -53 -60 / 43 50 55 -60 / 41 53 62 -57 -60 / 52 55 60 64 / 53 57 -60 -64 / 55 59 62 / 43 53 -59 -62 <END> 
