<S> 57 60 67 72 / 62 65 -57 -72 / 55 64 72 / 53 62 65 -72 / 52 60 67 / 53 69 -60 -67 / 52 62 65 71 / 50 -62 -65 -71 / 48 55 64 72 / 67 71 -48 -64 / 50 57 69 -67 / 62 66 -50 -69 / 43 59 62 67 / 45 52 68 72 / 54 -45 -68 -72 <END> 
<S> 48 55 64 72 / 54 62 -48 -72 / 55 60 64 -72 / 62 -55 -60 -72 / 55 60 64 -55 / 57 -55 -60 -64 / 59 -55 -60 -64 / 57 60 65 / 55 59 64 -65 / 60 62 67 -65 / 60 -60 -65 -67 / 55 59 67 / 65 -55 -67 -72 / 56 64 71 72 / 62 65 71 74 / 64 67 76 / 62 65 71 <END> 
<S> 56 60 65 72 / 55 -60 -65 -72 / 53 69 74 -60 / 58 67 -53 -60 / 52 60 67 76 / 53 69 -60 -76 / 55 67 74 -72 / 71 -55 -67 -74 / 48 67 72 76 / 64 71 72 / 69 -64 -64 -72 / 59 62 71 74 / 61 -59 -62 -77 <END> 
<S> 50 62 65 71 / 48 64 67 72 / 55 59 67 74 / 48 60 67 76 / 55 59 67 74 / 53 69 -59 -74 / 52 60 67 79 / 50 -60 -67 -79 / 52 60 67 79 / 53 69 -67 -79 / 55 67 71 74 / 55 -67 -71 -74 <END> 
<S> 47 62 67 79 / 48 60 67 77 / 76 -48 -60 -67 / 55 59 67 74 / 71 -55 -59 -74 / 57 60 66 72 / 59 62 67 74 / 60 67 76 / 59 -60 -67 -76 / 57 60 72 77 / 62 71 -57 -77 / 55 64 69 76 / 53 65 -69 -76 / 62 65 69 74 / 64 71 -50 -74 / 65 69 72 / 74 -53 -65 -72 <END> 
<S> 60 64 67 76 / 65 -60 -67 -76 / 55 67 72 74 / 62 -55 -72 -74 / 55 71 74 -74 / 72 -55 -59 -74 / 65 -55 -72 -76 / 57 64 71 72 / 55 -64 -71 -72 / 57 64 69 72 / 66 -57 -69 -72 / 52 67 72 -57 / 71 -52 -67 / 0 / 67 70 76 / 69 77 -64 / 62 65 70 -77 / 64 74 -70 -77 / 62 65 70 77 <END> 
<S> 57 64 69 72 / 55 -64 -69 -72 / 53 60 68 74 / 52 -60 -69 -74 / 50 60 67 76 / 55 59 74 -67 / 57 60 72 76 / 50 -57 -72 -76 / 52 59 67 71 / 50 -59 -67 -71 / 52 60 67 72 / 48 -60 -67 -72 / 55 60 67 74 / 59 -55 -67 -74 / 48 67 67 76 <END> 
<S> 55 59 67 74 / 53 -59 -67 -74 / 52 60 67 76 / 50 -60 -67 -76 / 48 60 67 76 / 77 -48 -60 -67 / 55 59 67 74 / 56 64 71 76 / 57 64 69 72 / 65 -57 -69 -72 / 59 67 74 / 65 -59 -67 -74 / 60 64 67 76 / 62 77 -60 -67 <END> 
<S> 57 64 69 72 / 59 62 74 -69 / 67 -59 -62 -74 / 60 67 76 / 62 77 -60 -67 / 61 64 69 79 / 62 69 77 / 59 -69 -62 -77 / 60 67 76 -62 / 60 -60 -67 -76 / 55 67 74 -60 / 59 -55 -67 -74 / 57 60 67 72 / 59 62 67 74 / 57 60 72 76 <END> 
<S> 55 59 67 76 / 60 -55 -67 -76 / 55 60 67 74 / 59 -55 -67 -74 / 48 64 67 72 / 60 67 72 76 / 59 -67 -72 -76 / 57 69 72 77 / 59 67 74 79 / 77 -59 -67 -74 / 60 69 76 -74 / 72 -60 -69 -76 <END> 
<S> 60 67 72 76 / 59 -67 -72 -76 / 57 69 72 77 / 59 62 74 79 / 60 64 72 76 / 65 -60 -72 -76 / 55 67 72 74 / 62 -55 -72 -74 / 55 67 71 74 / 65 -55 -71 -74 / 48 64 67 72 <END> 
<S> 55 67 72 74 / 76 -55 -67 -72 / 54 69 74 74 / 59 67 -74 -74 / 72 67 74 -67 / 71 -67 -74 / 65 67 71 74 / 56 64 71 76 / 57 64 71 72 / 69 -57 -64 -72 / 55 62 69 71 / 68 77 -62 -71 <END> 
<S> 57 64 71 72 / 69 -57 -64 -72 / 52 64 67 71 / 53 60 69 -67 / 62 65 67 71 / 64 -62 -67 -71 / 60 64 67 69 / 62 65 -67 -72 / 64 71 -67 / 57 65 69 72 / 59 67 74 42 / 60 76 -67 -76 / 52 -60 -67 -76 / 53 69 74 -60 / 59 62 -69 -74 <END> 
<S> 57 64 67 72 / 62 -57 -64 -72 / 60 64 67 -72 / 58 -64 -67 -72 / 56 65 68 77 / 55 67 70 -77 / 53 65 69 72 / 52 -65 -69 -72 / 53 60 69 77 / 58 62 73 77 / 57 -62 -77 -77 / 58 77 76 / 55 67 74 77 / 53 70 79 <END> 
<S> 58 62 65 74 / 67 -58 -62 -74 / 60 66 69 -74 / 62 67 71 -74 / 63 67 70 / 62 65 -67 -70 / 60 63 67 75 / 58 62 -67 -75 / 56 60 72 77 / 55 75 -60 -72 / 53 60 70 74 / 55 -60 -68 -74 / 53 59 68 72 / 50 74 -68 -72 / 51 67 72 75 / 53 -67 -72 -75 55 67 74 -53 -72 / 71 -53 -68 -74 / 51 67 72 / 55 -67 -72 / 65 -55 -72 -72 / 67 -51 -55 -72 / 48 60 67 75 / 51 60 67 72 / 53 56 65 74 <END> 
<S> 67 74 -55 -60 / 59 -43 -67 -74 / 51 60 67 72 / 55 59 67 74 / 60 67 75 / 62 74 -60 -67 / 63 -60 -67 -74 / 59 62 67 79 / 71 -59 -62 -79 / 60 67 77 / 62 75 -67 -72 / 56 63 71 -75 / 55 72 -63 -75 / 53 62 74 77 / 55 62 71 77 / 56 -62 -71 <END> 
<S> 60 63 75 80 / 58 74 -63 -75 / 56 72 75 65 / 74 -56 -72 / / 70 -56 75 / 68 74 -56 -72 / 51 70 72 79 / 53 68 72 79 / 58 65 74 77 / 67 70 75 -79 / 63 68 75 81 / 62 70 79 <END> 
<S> 53 68 72 77 / 58 -68 -72 -77 / 60 63 72 79 / 62 77 -63 -72 / 63 70 79 -65 / 63 -63 -70 -79 / 56 63 72 77 / 53 -63 -72 -77 / 58 62 70 77 <END> 
<S> 63 70 79 / 62 65 -70 -79 / 60 63 68 75 / 58 65 70 -75 / 56 -65 -70 -75 / 58 64 70 77 / 62 65 -70 -77 / 60 67 72 75 / 74 -60 -67 -72 <END> 
<S> 56 60 63 72 / 55 74 -60 -63 / 53 65 72 -60 / 48 60 64 -72 / 60 -48 -67 -72 / 44 60 65 74 / 72 -60 -65 -60 -72 / 59 67 74 -60 / 60 -55 -67 -72 / 43 62 67 71 / 65 -43 -67 -71 <END> 
<S> 48 60 63 -67 / 60 64 -60 -67 / 55 59 67 74 / 53 -59 -67 -74 / 51 60 67 75 / 58 -52 -67 -75 / 56 65 72 -51 / 53 -56 -72 -77 / 55 67 72 75 / 71 -55 -67 -75 / 56 60 72 75 / 58 -56 -72 -75 <END> 
<S> 51 60 67 75 / 58 62 -67 -75 / 56 63 72 77 / 55 -63 -72 -77 / 53 68 72 75 / 50 74 77 -68 / 47 67 -50 -77 / 48 67 75 / 66 72 74 -48 / 51 67 72 75 / 53 69 72 -75 / 55 67 71 74 / 65 -55 -71 -74 <END> 
<S> 48 67 72 75 / 50 -67 -72 -75 / 51 67 72 79 / 53 -67 -72 -79 / 55 67 72 75 / 53 -67 -72 -75 / 55 67 71 74 / 65 -55 -71 -74 / 56 63 72 / 65 -56 -72 / 55 67 77 -72 / 53 68 74 77 <END> 
<S> 53 68 72 74 / 55 67 71 -74 / 65 -55 -71 -74 / 48 63 72 / 55 62 71 / 53 55 67 71 / 48 63 67 72 / 50 62 65 71 <END> 
<S> 55 62 67 71 / 53 60 65 68 / 51 60 67 -65 / 48 60 64 67 / 58 -60 -64 -67 / 56 60 63 -67 / 65 -56 -60 / 51 58 60 67 / 53 60 68 / 55 58 67 -53 / 56 60 65 -53 / 58 62 -53 -65 / 60 63 67 72 / 62 65 74 -56 <END> 
<S> 56 60 63 / 44 -56 -60 -63 / 43 58 62 65 / 44 60 63 -65 / 41 60 62 -65 / 60 63 -41 -60 / 56 59 62 -53 / 55 60 -56 -72 / 53 56 60 65 / 63 -53 -60 -68 / 65 59 62 -53 / 60 -53 -59 -68 / 51 55 60 67 / 58 62 65 -55 <END> 
<S> 56 60 65 / 53 55 59 62 / 55 60 -55 / 53 57 -55 -60 / 55 59 62 / 53 -55 -59 -62 / 51 55 60 63 / 48 -55 -60 -63 / 39 55 60 67 / 58 68 -55 -60 / 57 -46 -55 -60 / 55 59 62 / 53 60 68 / 51 -60 -63 -68 <END> 
<S> 48 55 60 63 / 56 -48 -60 -63 / 43 58 63 / / 53 62 -63 / 39 55 58 63 / 51 55 58 67 / 50 53 65 69 / 51 60 67 / 48 55 60 65 / 60 63 -48 -60 / 58 -48 -60 -63 / 48 56 60 65 / 53 56 59 65 / 51 55 60 67 <END> 
<S> 55 59 67 / 65 -55 -59 -67 / 48 60 67 -65 / 53 62 65 71 / 51 63 67 72 / 55 62 65 71 / 51 63 67 72 / 50 65 65 74 / 71 -50 -65 -74 / 48 67 72 75 / 58 74 -67 -75 / 56 60 65 77 / 55 58 67 75 / 53 -58 -67 -75 <END> 
<S> 51 63 67 72 / 50 65 69 74 / 71 -50 -65 -74 / 48 67 72 75 / 58 -48 -72 -75 / 56 60 65 77 / 55 67 75 -60 / 53 60 68 74 / 55 59 67 -74 / 65 -55 -67 -74 / 48 63 67 72 / 56 63 72 77 <END> 
<S> 53 60 68 74 / 55 59 67 -74 / 56 60 65 72 / 60 -56 -65 -72 / 55 59 67 74 / 60 67 75 / 58 -60 -67 -75 / 56 60 65 75 / 55 -60 -65 -75 / 53 60 65 68 / 67 -46 -53 -65 / 53 60 65 68 / 63 -53 -60 -68 <END> 
<S> 56 60 63 72 / 65 74 -56 -60 / 55 61 67 75 / 53 68 -67 -75 / 55 62 65 74 / 56 67 -65 -74 / 63 -56 -60 -72 / 62 65 -56 -72 / 59 68 -62 -65 / 63 67 -53 -71 / 48 55 -67 -70 / 53 60 68 -67 / 65 -53 -60 -68 / 48 60 64 67 / 58 -48 -64 -67 <END> 
<S> 56 60 63 72 / 56 65 -56 -72 / 55 64 67 72 / 53 -67 -72 / 55 62 67 70 / 60 63 67 75 / 58 62 -67 -75 / 56 60 72 77 / 55 -60 -72 -77 / 53 74 -60 -72 / 59 -53 67 74 / 65 -59 -67 -74 / 48 60 67 72 / 68 -60 -67 / 55 60 67 74 / 53 59 67 74 / 43 59 65 -74 <END> 
<S> 55 67 70 75 / 56 -67 -70 -75 / 58 65 74 -70 / 68 -58 -65 -74 / 63 67 70 75 / 65 69 74 -60 / 59 67 -65 -74 / 60 65 74 79 / 63 72 79 / 71 -63 -75 -79 / 57 72 75 78 / 58 70 77 -72 / 68 -58 -72 -77 / -58 67 72 75 <END> 
<S> 63 72 75 -60 / 65 74 -60 -80 / 58 67 75 77 / 55 -58 -67 -75 / 60 63 68 72 / 55 62 70 75 / 51 63 70 79 / 56 72 77 -63 / 58 65 70 -77 <END> 
<S> 53 68 77 -63 / 58 62 70 -77 / 46 -58 -62 -70 / 63 67 -46 -58 / 45 60 65 77 / 47 62 67 79 / 48 60 67 75 / 68 -48 -60 -75 / 50 59 67 74 / 55 62 67 71 / 48 63 67 72 / 55 67 71 74 <END> 
<S> 50 59 67 74 / 48 60 67 75 / 55 59 67 74 / 68 77 -55 -74 / 55 67 74 75 / 53 -67 -74 -74 / 51 67 70 79 / 53 -67 -70 -79 / 67 77 -53 -67 / 61 -51 -67 -77 / 48 60 67 75 / 55 -60 -67 -75 <END> 
<S> 48 63 67 72 / 56 65 -48 -72 / 55 63 67 70 / 53 65 68 -70 / 55 63 67 70 / 56 60 -67 -70 / 58 62 65 70 / 63 67 -58 -70 / 53 65 68 -70 / 67 -53 -65 -70 / 52 60 67 72 / 58 70 74 -67 / 53 72 -58 -74 / 51 58 67 75 / 55 58 70 77 / 53 -58 -70 -77 / 51 65 70 79 / 50 -65 -70 -79 <END> 
<S> 55 58 65 70 / 56 63 -58 -70 / 51 63 70 72 / 53 68 -63 -72 / 55 62 67 71 / 43 59 62 67 / 65 -43 -59 -67 / 48 60 63 67 / 68 -48 -60 -63 / 44 63 70 -60 / 61 -44 -63 -70 / 56 60 63 72 / 53 56 -63 -72 / 62 65 -56 -72 <END> 
<S> 48 60 63 67 / 51 60 -60 -67 / 53 56 60 68 / 55 59 67 -53 / 56 60 63 72 / 65 74 -56 -60 / 55 60 67 75 / 53 -60 -67 -75 / 55 59 67 74 / 65 -55 -59 -74 / 48 55 63 72 / 48 63 72 79 <END> 
<S> 55 60 67 74 / 59 -55 -67 -74 / 56 60 63 72 / 65 -56 -60 -72 / 55 60 67 75 / 53 -60 -67 -75 / 55 59 67 74 / 65 -55 -59 -74 / 48 60 63 72 / 51 63 67 70 / 69 -51 -63 -67 <END> 
<S> 60 63 68 -51 / 50 -60 -63 -68 / 51 58 63 67 / 50 65 -58 -67 / 48 63 67 72 / 51 -63 -67 -72 / 53 62 68 72 / 55 63 67 71 / 53 65 68 72 / 51 -65 -68 -72 / 50 65 68 77 / 55 62 67 -77 <END> 
<S> 51 63 67 70 / 53 68 -63 -70 / 55 63 70 / 56 -63 -70 / 56 63 70 -56 / 55 -56 -63 / 50 53 65 -56 / 46 62 -53 -65 / 51 67 -46 / 53 60 65 -51 / 52 55 60 64 / 53 65 -60 -63 / 59 -53 -60 -65 / 60 -53 -60 -65 / 55 59 62 / 51 55 60 / 62 -48 -55 -60 <END> 
<S> 53 60 65 68 / 51 58 67 / 53 68 -58 -67 / 55 63 67 70 / 56 62 65 72 / 60 -56 -65 -72 / 55 62 67 71 / 60 63 67 72 / 58 62 67 74 / 58 65 70 74 <END> 
<S> 63 68 -51 50 / 62 -44 -68 -68 / 51 63 67 79 / 60 68 77 / 58 -60 -67 -75 / 56 60 68 75 / 55 -60 -68 -75 / 53 60 68 74 / 55 59 67 -74 / 56 60 67 72 / 65 -56 -60 -72 <END> 
<S> 56 60 68 77 / 55 -60 -68 -77 / 60 68 75 -60 / 59 74 -68 -68 / 60 67 68 75 / 65 -60 -68 -75 / 55 67 71 74 / 50 -67 -71 -74 / 51 67 72 / 50 65 -67 -72 / 48 63 67 70 / 53 -62 -70 <END> 
<S> 48 63 67 72 / 55 67 71 74 / 55 67 71 74 / 53 67 72 74 / 71 -67 -74 / 65 72 -67 -74 / 59 65 74 77 / 60 67 75 -74 / 55 71 -67 -74 / 56 72 -67 -75 / 55 67 74 / 53 68 -67 -74 <END> 
<S> 67 72 75 / 68 -67 -72 / 63 67 72 / 62 66 74 / 60 -63 -69 -74 / 58 62 70 77 / 63 -58 -70 -77 / 62 -58 -70 -77 / 51 62 70 79 / 55 70 75 79 / 56 72 -70 -75 <END> 
<S> 51 63 67 72 / 50 65 69 74 / 71 -50 -65 -74 / 48 67 72 75 / 58 -67 -72 -75 / 56 60 72 77 / 55 70 75 -60 / 53 60 68 74 / 55 59 67 -74 / 56 60 65 72 / 74 -56 -60 -65 <END> 
<S> 56 60 68 77 / 55 -60 -68 -77 / 60 67 75 -60 / 59 -60 -67 -75 / 58 65 74 56 / 72 -58 -65 / 55 64 70 75 / 53 65 68 -70 / 67 -53 -60 -68 / 59 74 -53 -68 / 55 60 67 75 / 56 68 77 -75 / 58 74 -68 -77 / 60 67 75 -74 / 58 -60 -67 -75 <END> 
<S> 55 59 67 75 / 56 60 65 72 / 63 74 -56 -60 / 55 60 67 -60 / 53 59 68 -67 / 50 -53 -60 -68 / 48 55 -60 -65 / 43 59 62 -55 / 47 55 62 67 / 48 55 60 64 / 50 58 65 -55 / 51 55 63 67 / 46 -60 -63 -67 <END> 
<S> 55 60 62 / 53 55 59 62 / 51 55 60 / 41 53 60 62 / 41 55 60 63 / 57 65 -53 -60 / 62 -53 -60 -65 / 60 -56 -60 -65 / 55 59 62 67 / 53 57 65 -60 / 59 -53 -53 -65 / 51 60 -53 -65 / 53 58 62 / -53 -58 -53 <END> 
<S> 55 62 63 / 60 -55 -62 / 43 55 59 62 / 55 -55 -59 -62 / 48 55 60 63 / 53 56 60 65 / 59 -53 -53 -67 / 51 60 67 / 58 65 -60 -67 / 56 60 65 -60 / 55 58 62 67 / 53 56 60 68 / 58 62 -53 -68 / 48 60 63 67 / 46 -60 -63 -67 <END> 
<S> 44 60 65 68 / 62 -44 -65 -68 / 60 63 66 -68 / 46 -60 -63 -68 / 44 60 64 67 / 41 -60 -63 -67 / 46 61 65 68 / 48 63 -46 -61 / 44 -48 56 60 / 41 56 68 -60 / -41 -41 -60 -68 / 46 -56 -60 -68 / 51 55 67 -60 / 53 60 -60 -67 / 55 59 62 -53 / 53 -55 -59 -62 / 51 55 60 / 50 55 59 62 / 48 55 63 <END> 
<S> 44 44 60 65 / 53 63 72 -44 / 43 -63 -72 / 42 63 72 -63 / 62 65 -41 -72 / 60 63 66 -72 / 46 62 67 71 / 51 63 67 72 / 50 62 65 74 / 48 67 72 75 / 50 -67 -72 -75 / 55 62 71 77 / 53 60 69 -77 / 52 60 67 79 / 53 -60 -67 -79 <END> 
<S> 48 63 67 72 / 62 65 -48 -72 / 60 63 67 72 / 59 62 67 / 57 60 65 / 59 67 -60 -65 / 60 62 65 69 / 59 -60 -65 -69 / 60 64 67 / 60 72 -64 -67 / 56 60 64 72 / 65 -56 -60 -72 / 55 59 67 74 / 48 60 67 75 / 53 59 65 74 / 51 72 -60 -65 / 53 59 68 74 / 62 -53 -68 -74 <END> 
<S> 60 63 67 75 / 62 65 -67 -75 / 63 67 70 75 / 53 68 72 74 / 55 67 71 74 / 65 -55 -71 -74 / 48 63 67 72 / 55 67 71 74 / 55 67 71 74 <END> 
<S> 68 74 -63 / 55 62 67 / 65 -55 -62 -67 / 56 60 63 72 / 55 58 -63 -72 / 53 56 68 72 / 51 58 67 -72 / 56 60 65 72 / 55 74 -60 -65 / 53 60 67 75 / 65 -53 -60 -75 / 58 61 65 74 / 56 60 65 72 / 55 67 -60 -72 <END> 
<S> 56 60 68 72 / 65 -56 -60 -72 / 55 60 64 67 / 53 -60 -67 / 55 60 65 68 / 53 59 -65 -68 / 51 60 67 -65 / 58 64 -48 -67 / 41 56 65 / 43 55 58 70 / 53 60 65 -70 / 52 60 67 / 53 60 65 69 / 62 -53 -60 -69 / 55 62 67 71 / 56 60 65 72 / 62 74 -56 -60 <END> 
<S> 50 55 62 71 / 53 -50 -62 -71 / 48 55 63 72 / 48 60 66 -72 / 43 59 67 74 / 62 -59 -67 -74 / 56 65 67 72 / 55 -67 -72 / 53 57 69 -72 / 74 -53 -57 -69 / 51 58 67 75 / 53 60 68 77 / 48 -53 -68 -77 <END> 
<S> 55 62 67 70 / 53 -62 -67 -70 / 51 60 67 72 / 50 -60 -67 -72 / 48 65 67 74 / 47 59 67 74 / 68 -47 -62 -74 / 48 55 64 72 / 0 / 56 60 68 77 <END> 
<S> 48 60 67 75 / 51 60 67 75 / 74 -48 -67 -75 / 50 67 72 75 / 65 -50 -72 -75 / 63 67 70 79 / 65 68 72 / 63 67 70 / 62 65 70 44 <END> 
<S> 51 67 70 75 / 63 -67 -70 -75 / 53 65 68 74 / 55 63 67 75 / 56 60 68 77 / 58 62 -68 -77 / 60 63 67 75 / 69 -60 -63 -75 / 58 65 70 74 / 53 75 -70 -70 / 51 65 70 77 / 50 -65 -70 -77 <END> 
<S> 60 67 75 / 58 -60 -67 -75 / 56 68 72 75 / 55 -68 -72 -75 / 53 68 72 77 / 67 -53 -72 -77 / 58 65 74 77 / 56 -65 -74 -77 / 55 70 75 79 / 53 -70 -75 -79 / 51 72 75 79 / 50 -72 -75 -79 / 48 68 74 77 / 47 -68 -74 -77 / 48 67 72 75 <END> 
<S> 53 69 74 77 / 55 75 -74 -81 / 56 72 77 -75 / 70 -56 -72 -77 / 68 -56 -72 -77 / 53 68 74 -77 / 47 62 74 77 / 67 -47 -74 -77 / 48 67 72 75 / 53 68 72 74 / 55 67 71 -74 / 65 -55 -71 -74 / 48 63 72 / 51 55 70 75 <END> 
<S> 50 67 74 59 / 48 -67 -74 / 50 67 71 74 / 51 67 72 / 50 65 69 74 / 71 -50 -65 -74 / 48 67 72 75 / 50 65 70 74 / 51 -65 -70 -74 / 53 65 69 72 / 63 -53 -69 -72 / 46 62 66 70 / 48 67 69 75 <END> 
