<S> 48 64 67 72 / 55 59 67 74 / 60 67 76 / 59 62 67 74 / 57 64 69 72 / 66 -57 -69 -72 / 55 62 67 71 / 50 62 67 69 / 66 -50 -62 -69 / 55 59 62 67 <END> 
<S> 57 64 69 72 / 66 -57 -69 -72 / 55 62 67 71 / 50 62 66 69 / 55 59 62 67 / 52 60 64 -67 / 59 62 65 69 / 57 60 64 -69 / 59 62 67 71 / 60 -62 -67 -71 / 55 59 67 72 / 57 66 -72 / 55 59 67 71 / 53 62 68 72 <END> 
<S> 54 57 62 69 / 55 62 67 70 / 53 -62 -67 -70 / 52 60 67 72 / 53 -60 -67 -72 / 52 60 67 74 / 50 -60 -67 -74 / 48 60 67 76 / 65 77 -48 -60 / 64 -48 -55 -77 / 50 74 72 -65 / 46 66 69 74 / 55 67 71 74 / 48 67 72 76 / 50 65 71 77 / 52 67 72 76 / 53 -67 -72 -76 <END> 
<S> 52 60 67 72 / 55 70 -60 -67 / 53 60 65 69 / 52 -60 -65 -69 / 50 62 71 -65 / 48 55 64 72 / 60 64 67 76 / 59 62 67 74 / 59 76 -62 -67 57 61 64 69 77 <END> 
<S> 53 57 65 74 / 50 -57 -65 -74 / 74 -53 -57 -74 / 57 69 72 76 / 43 71 74 79 / 55 62 71 79 / 57 60 69 76 / 59 62 67 -76 / 60 69 -62 -67 / 62 67 71 79 / 64 67 72 79 <END> 
<S> 59 62 67 79 / 60 69 -67 -79 / 59 67 74 79 / 72 -59 -67 -79 / 55 67 74 79 / 71 77 -55 -67 / 57 65 73 76 / 59 74 -69 -65 / 60 64 76 -74 / 62 77 78 / 64 67 79 <END> 
<S> 59 67 74 79 / 65 -59 -74 -79 / 60 64 72 79 / 65 74 81 / 64 76 -74 -81 / 62 71 77 41 / 57 74 -62 -77 / 60 64 76 78 / 72 78 -64 -81 / 62 71 74 79 / 60 64 72 76 / 62 66 -72 -76 <END> 
<S> 59 62 67 79 / 64 -59 -67 -79 / 60 67 72 76 / 59 -67 -72 -76 / 57 69 72 77 / 55 62 71 79 / 57 64 72 79 / 69 -57 -64 -72 / 59 62 74 -69 / 61 67 -52 -74 / 60 76 69 -55 / 57 64 71 <END> 
<S> 57 64 69 72 / 65 -57 -69 -72 / 59 64 67 74 / 62 77 -59 -67 / 60 64 76 -67 / 69 -60 -64 -76 / 53 69 72 74 / 62 -53 -72 -74 / 55 62 71 79 / 57 60 69 77 / 59 67 74 -77 / 60 67 76 -74 / 72 -60 -67 -76 <END> 
<S> 55 62 69 / 53 -62 -69 / 60 67 -54 -62 / 55 59 62 67 / 55 59 62 67 / 64 -55 -59 -67 / 60 64 67 69 / 62 65 -67 -72 / 64 67 71 -53 / 52 64 -67 -71 / 62 69 -55 -67 / 62 71 -55 -67 / 50 60 69 -65 / 62 -50 -69 / 60 -50 -69 -71 / 59 67 -50 -65 <END> 
<S> 45 60 64 65 / 47 62 65 -65 / 48 55 64 -65 / 60 -48 -64 -67 / 55 60 62 67 / 59 -55 -62 -67 / 57 60 64 -55 / 55 59 62 67 / 53 65 -59 -62 / 52 55 60 64 / 57 -55 -60 -64 / 55 59 62 / 53 -55 -59 -62 / 52 55 59 67 / 50 -55 -59 -67 <END> 
<S> 55 59 62 71 / 53 57 -62 -71 / 52 55 60 72 / 50 -57 -60 -72 / 52 55 64 71 / 50 62 -55 -64 / 45 57 60 64 / 43 65 -57 -60 / 48 60 -57 -65 / 55 59 62 / 53 -55 -59 -62 / 45 52 57 60 / 45 52 57 -60 / 47 50 55 62 / 48 55 64 / 50 65 -48 -55 <END> 
<S> 45 57 60 64 / 43 57 62 65 / 41 -57 -62 -65 / 40 55 67 72 / 53 -40 -67 -72 / 40 55 72 72 / 38 -55 -72 -72 / 43 55 71 -72 / 45 65 -55 -72 / 46 55 62 70 / 52 67 -55 -70 / 53 60 69 -67 / 52 62 67 71 / 64 -52 -67 -71 / 50 62 65 69 / 60 -50 -65 -69 / 47 59 62 67 / 43 -59 -59 -67 <END> 
<S> 47 50 62 67 / 45 60 -50 -67 / 47 55 62 65 / 43 -55 -62 -65 / 48 55 60 64 / 36 55 59 62 / 43 55 60 62 / 59 -43 -55 -62 / 48 55 60 64 / 50 65 -55 -60 / 52 55 60 / 48 55 -60 -64 / 50 62 65 -55 / 55 59 64 -50 / 57 -43 -59 -64 / 48 53 55 -60 / 41 53 57 -60 / 59 -53 -57 -62 <END> 
<S> 48 55 60 64 / 47 55 62 67 / 43 55 59 62 / 48 55 60 64 / 52 -55 -60 -64 / 50 57 60 65 / 59 62 -50 -65 / 45 53 60 64 / 59 -45 -60 -64 / 43 60 59 67 / 41 64 -60 -67 / 44 59 62 65 <END> 
<S> 50 55 59 67 / 48 -55 -59 -67 / 50 54 60 69 / 52 59 62 71 / 69 -52 -55 -59 / 57 54 63 72 / 55 62 65 71 / 52 64 67 / 57 65 -52 -67 / 50 59 67 74 / 48 -59 -67 -74 / 47 67 74 / 48 67 76 -74 / 50 65 77 -48 / 52 67 72 79 / 53 -67 -72 -79 / 55 67 71 74 / 53 -67 -71 -74 <END> 
<S> 52 60 67 72 / 50 65 69 74 / 71 -50 -65 -74 / 48 67 72 76 / 60 74 77 -48 / 76 79 -48 -60 / 53 59 74 77 / 60 72 76 -53 / 55 67 71 74 / 56 64 71 76 / 57 64 71 72 / 59 -64 -71 -72 / 60 64 69 72 / 62 71 -64 -69 / 64 69 77 -64 -69 <END> 
<S> 59 67 74 77 / 60 67 76 / 59 77 -67 -76 / 57 72 -67 -76 / 55 74 -72 -60 / 59 67 -55 -74 / 0 / 55 67 71 74 <END> 
<S> 67 71 74 / 66 72 -71 -74 / 64 67 71 62 / 66 69 81 -64 / 62 71 74 / / 72 -62 -67 / / 62 71 79 / 64 67 72 / 50 62 69 72 / 67 -50 -62 -72 / 55 62 69 71 / 53 -62 -69 -72 <END> 
<S> 62 66 69 60 / 66 -62 -69 -77 / 72 -66 -69 / 55 62 67 71 / 60 64 67 / 59 62 -64 -67 / 57 60 64 69 / 55 59 62 67 / 52 60 67 72 / 52 -52 -67 -72 / 53 65 69 74 / 50 59 -65 -74 / 52 64 67 72 / 62 -52 -72 -67 / 48 60 64 69 <END> 
<S> 57 64 71 72 / 55 -64 -71 -72 / 54 62 69 72 / 55 62 -69 -72 / 53 65 69 72 / 52 -65 -69 -72 / 50 65 74 -69 / 67 76 -50 / 59 67 74 77 / 57 65 74 81 / 59 64 74 -81 / 57 72 -62 -81 / 55 71 74 83 / 69 -55 -74 -83 <END> 
<S> 59 67 74 77 / 60 67 76 / 55 59 67 74 / 72 -59 -67 / 64 67 71 / 62 65 69 -71 / 60 64 67 72 / 62 74 -60 -67 / 45 61 69 76 / 56 60 72 76 / 62 74 -72 / 64 71 -62 -74 / 53 -62 69 -74 / 70 67 76 -53 69 / 52 64 69 72 <END> 
<S> 60 64 67 76 / 57 60 65 77 / 62 -57 -65 -77 / 64 -57 72 -65 / 53 65 81 -72 / 69 -53 -65 -72 / 59 62 74 79 / 67 -59 -74 -79 / 60 67 76 81 / 72 74 -67 -79 / 62 66 74 81 / 72 -62 -66 -81 / 55 67 71 79 / 55 67 74 79 / 64 67 72 -79 / 65 74 81 -67 <END> 
<S> 60 67 72 76 / 69 -60 -72 -76 / 48 65 74 81 / 64 -48 -72 -81 / 53 62 72 81 / 74 -53 -62 -65 / 55 67 74 -62 / 59 67 -55 -74 / 52 60 67 72 / 53 69 74 -72 / 55 71 71 74 / 65 -55 -71 -74 / 48 64 67 72 / 55 62 71 74 / 60 -55 -71 -74 <END> 
<S> 52 67 72 / 48 64 72 -67 / 65 -48 -64 -72 / 67 -48 -64 -72 / 55 59 67 74 / 52 59 68 76 / 57 60 69 72 / 55 -60 -69 -72 / 53 67 70 79 / 52 -67 -70 -79 / 50 65 69 77 / 71 -50 -65 -77 / 52 67 72 76 / 53 74 77 -72 <END> 
<S> 57 60 64 72 / 65 69 -57 -72 / 59 64 67 74 / 62 65 -59 -74 / 60 64 76 / 59 -60 -64 -76 / 57 60 64 76 / 55 58 65 -76 / 53 57 69 72 / 52 60 67 76 / 53 -60 -67 -76 / 55 59 67 74 / 43 59 67 74 / 45 60 -59 -74 <END> 
<S> 57 60 69 76 / 55 -60 -69 -76 / 53 59 69 74 / 52 67 76 -74 / 50 65 74 77 / 48 67 76 -74 / 55 67 74 -48 / 53 -67 -74 -74 / 52 67 72 / 50 65 74 -72 / 48 64 67 76 / 62 66 -48 -76 / 52 67 72 76 / 53 -67 -72 -76 <END> 
<S> 52 60 67 72 / 53 -60 -67 -72 / 52 55 67 72 / 65 -52 -55 -72 / 53 60 64 72 / 55 -60 -65 -72 / 57 60 64 72 / 55 59 -64 -72 / 57 60 64 72 / 55 -57 -64 -72 / 53 57 65 72 / 50 58 65 74 / 57 64 69 72 / 55 62 67 70 <END> 
<S> 57 64 72 / 55 -64 -72 / 50 53 65 -72 / 48 62 67 -72 / 60 -48 -67 -72 / 55 62 67 71 / 59 62 67 74 / 60 67 76 / 59 62 -67 -76 / 57 60 65 77 / 55 67 -60 -77 / 53 60 69 74 / 50 -60 -69 -74 / 55 59 67 -74 / 52 60 67 72 / 48 74 -60 -67 <END> 
<S> 59 62 67 74 / 57 60 72 76 / 77 -57 -60 -72 / 55 67 72 74 / 59 -55 -67 -74 / 60 67 72 76 / 58 -67 -72 -76 / 57 69 72 77 / 59 67 74 79 / 77 -59 -67 -74 / 60 76 -67 -74 / 69 72 -60 -76 / 70 -60 -72 -76 / 53 69 72 74 / 55 67 71 74 / 65 -55 -71 -74 <END> 
<S> 64 67 72 84 / 65 69 74 -84 / 67 71 74 83 / 72 76 -67 -83 / 62 74 81 81 / 72 -62 -78 -81 / 63 70 81 -81 / 65 74 81 -81 / 64 67 79 84 / 73 79 -65 -76 / 74 -52 -67 -79 / 53 69 72 81 / 55 -69 -72 -81 / 53 69 72 81 / 55 67 71 74 / 65 -55 -71 -74 <END> 
<S> 67 72 76 / 69 74 -67 / 64 67 72 79 / 57 65 72 77 / 52 67 70 79 / 53 60 69 81 / 62 71 77 -53 / 72 -62 -65 -81 / 55 67 71 74 / 55 67 71 74 / 60 67 72 76 / 71 -60 -67 -76 <END> 
<S> 52 67 72 / 50 66 69 74 / 55 67 71 76 / 56 60 72 76 / 62 74 77 -72 / 64 70 79 -77 / 65 -70 -74 / 69 72 -65 / 52 67 72 / 48 64 72 79 / 53 65 -72 -79 / 52 67 72 79 / 53 -67 -72 -79 / 52 67 72 79 / 53 -67 -72 -79 <END> 
<S> 60 67 72 76 / 69 -60 -72 -76 / 70 -60 -72 -76 / 53 69 72 77 / 55 62 71 79 / 60 64 72 79 / 53 65 72 81 / 74 -53 -65 -81 / 60 76 79 -53 / 58 62 77 -79 / 57 60 77 -79 / 76 -57 -60 -67 / 59 62 67 77 <END> 
<S> 53 65 72 81 / 64 -53 -72 -81 / 55 62 71 79 / 57 60 69 -79 / 59 62 67 -77 / 60 64 67 76 / 69 72 -60 -64 / 62 67 71 74 / 52 67 72 79 / 71 -52 -67 -79 / 52 67 72 79 / 53 -67 -72 -79 <END> 
<S> 60 64 67 76 / 62 78 -67 -76 / 64 69 -72 -76 / 71 74 -62 -81 / 64 69 72 76 / 65 71 74 79 / 69 73 76 -81 / 67 72 76 / 53 69 74 -76 / 55 67 71 74 / 60 64 72 76 / 59 62 74 77 <END> 
<S> 50 69 74 77 / 71 -50 -74 -77 / 52 67 72 76 / 53 69 -72 -76 / 55 67 71 74 / 57 64 69 72 / 57 62 69 74 / 59 67 -62 -74 / 60 67 76 -62 / 54 -60 -67 -76 / 55 67 74 -60 / 59 -55 -67 -74 / 57 60 64 72 / 65 69 -57 -72 <END> 
<S> 57 64 69 72 / 55 65 -69 -72 / 53 67 70 / 52 60 -67 -70 / 53 60 67 69 / 55 -60 -67 -69 / 57 60 65 69 / 50 -60 -65 -69 / 52 58 67 / 43 58 64 -67 / 55 62 65 70 / 48 60 -65 -70 / 50 58 65 70 / 46 62 -58 -70 / 51 58 67 <END> 
<S> 53 57 65 69 / 63 -53 -69 / 46 62 65 70 / 58 62 65 69 / 58 63 67 70 / 57 63 65 72 / 58 62 65 70 / 57 63 -62 -70 / 55 58 62 70 77 / 56 60 -70 -77 / 55 62 68 77 / 53 -62 -68 -77 <END> 
<S> 51 58 65 67 / 63 -58 -65 / 56 62 65 70 / 55 58 63 70 / 53 63 68 -58 / 51 58 63 67 / 41 -58 -63 -67 / 39 -58 -63 -67 / 39 -58 -63 -67 / 49 58 65 -63 / 52 62 -58 -65 / 53 60 63 -58 / 56 62 -46 -63 / 39 55 58 63 / 47 56 62 65 <END> 
<S> 46 58 62 65 / 56 -46 -62 -65 / 51 55 58 63 / 52 55 60 67 / 53 60 68 / 55 59 62 / 57 61 -55 -62 / 50 58 62 / 55 58 63 -50 / 53 57 62 65 / 39 55 58 63 <END> 
<S> 50 57 62 65 / 53 62 -57 -65 / 55 59 62 / 63 -55 -59 / / 55 60 62 / 53 -55 -60 -62 / 55 59 62 / 43 55 -59 -62 / 48 55 60 63 / 51 55 60 67 / 53 69 -60 -67 / 55 59 67 -53 / 52 60 -55 -67 <END> 
<S> 48 55 60 63 / 51 -48 -60 -63 / 44 56 60 65 / 41 58 65 68 / 63 -41 -53 -68 / 51 58 63 67 / 68 -51 -58 -63 / 46 58 65 74 / 56 -46 -65 -74 / 47 55 62 67 / 65 -47 -55 -62 / 48 55 63 70 / 46 -55 -63 -70 <END> 
<S> 55 58 62 70 / 51 55 63 70 / 53 56 68 72 / 51 58 67 -72 / 41 56 65 72 / 63 -41 -53 -72 / 46 58 62 70 / 68 -46 -58 -62 / 48 55 63 69 / 50 54 62 -69 / 60 -50 -54 -69 <END> 
<S> 44 60 65 -63 / 63 -44 -60 -65 / 46 58 62 -65 / 56 -46 -62 -65 / 39 55 58 63 / 51 58 63 67 / 50 60 65 70 / 69 -60 -63 -65 / 58 62 65 70 / 56 60 -65 -70 / 55 62 67 71 / 53 -62 -67 -70 <END> 
<S> 63 -39 -58 -63 / 62 65 -58 -63 / 55 58 63 70 / 51 63 -58 -70 / 67 -58 -63 -70 / 56 63 68 72 / 65 -56 -60 -72 / 47 62 67 74 / 65 -47 -62 -74 / 48 63 72 / 60 -48 -63 -72 / 50 65 -60 -72 / 51 58 67 70 / 50 65 -58 -70 <END> 
<S> 48 63 67 72 / 60 -63 -67 -72 / 55 67 74 -72 / 71 -55 -67 -74 / 65 -55 -71 -74 / 56 63 72 / 58 65 74 / 51 67 75 -58 / 53 68 77 -72 / 55 62 71 79 / 63 -55 -71 -79 / 56 65 72 77 / 71 -56 -65 -77 / 55 67 72 75 <END> 
<S> 55 63 70 75 / 56 65 68 -75 / 58 67 70 74 / 64 -58 -70 -74 / 53 65 70 72 / 56 -65 -70 -72 / 55 63 70 72 / 53 68 -63 -72 / 55 62 67 71 / 48 60 67 75 / 63 -48 -60 -75 / 53 65 74 -60 / 59 67 -53 -74 / 51 60 67 75 / 58 -51 -67 -75 <END> 
<S> 55 63 67 72 / 62 -55 -67 -72 / 43 -55 -67 -72 / 48 71 63 67 / 68 -48 -63 / 50 65 -48 -68 / 51 58 67 / 57 65 -51 -67 / 58 67 -65 / 63 -58 -67 / 46 65 -58 -70 / 46 65 -58 -70 / 63 -46 -58 -65 / 47 62 65 70 / 67 -46 -62 -70 / 48 63 68 / 50 67 -62 -67 / 51 60 67 / 58 -51 -67 -67 <END> 
<S> 50 58 65 70 / 46 62 -58 -70 / 51 58 63 67 / 62 -51 -58 -67 / 48 60 63 67 / 55 58 63 -67 / 56 60 63 -67 / 53 60 65 68 / 50 -60 -65 -68 / 51 58 67 -65 / 63 -51 -58 -67 / 56 60 65 -51 / 55 58 63 67 / 53 60 68 -63 / 55 58 63 70 / 56 65 -55 -70 <END> 
<S> 56 60 65 / 55 59 67 74 / 55 60 67 75 / 53 68 74 -60 / 55 59 67 -74 / 65 -55 -59 -74 / 48 55 63 72 / 46 62 70 77 <END> 
<S> 53 60 69 74 / 55 -60 -69 -74 / 56 60 68 76 / 65 -56 -60 -76 / 55 59 65 -65 / 63 -55 -59 -65 / 56 60 63 72 / 55 -60 -63 -72 / 53 60 68 77 / 62 -53 -68 -77 / 60 63 67 75 / 65 69 74 -60 <END> 
<S> 56 60 65 72 / 55 -60 -65 -72 / 53 -60 -69 -72 / 46 62 65 74 / 58 62 67 74 / 55 -58 -67 -74 / 60 67 75 / 58 62 -67 -75 / 56 63 72 / 55 -63 -72 / 53 68 74 -72 / 55 67 71 -74 / 65 -55 -71 -74 / 48 63 67 72 / 48 63 72 79 <END> 
<S> 53 60 68 74 / 51 72 -60 -68 / 50 59 65 71 / 48 60 67 72 / 55 59 67 74 / 60 63 67 / 58 -60 -63 -67 / 57 60 65 72 / 60 63 67 75 / 58 62 -67 -75 / 56 60 72 77 / 55 75 -72 -60 <END> 
<S> 60 63 67 / 58 -60 -63 -67 / 56 60 63 72 / 65 -56 -60 -72 / 55 62 67 70 / 48 63 67 -70 / 50 58 65 68 / 51 58 63 67 / 56 60 65 -51 / 50 55 65 70 / 53 -50 -65 -70 <END> 
<S> 46 58 65 -63 / 62 -46 -58 -65 / 60 -46 -58 -65 / 56 62 65 -46 / 51 55 63 67 / 51 60 67 / 53 -51 -67 -67 / 51 65 67 72 / 53 74 -67 -72 / 60 65 74 / 59 -74 -65 / 60 63 72 75 / 65 -60 -72 -75 / 58 67 70 75 / 68 -58 -70 -75 <END> 
<S> 53 60 65 69 / 51 -60 -65 -69 / 50 62 65 70 / 46 62 -65 -70 / 48 63 67 69 / 60 63 66 -69 / 58 62 67 70 / 60 63 67 72 / 58 62 -67 -72 / 56 60 65 77 / 55 -60 -65 -77 / 53 62 70 79 / 51 63 -70 -79 <END> 
<S> 63 67 70 / 61 -63 -67 / 60 63 67 / 58 -60 -63 -67 / 56 60 63 / 55 -60 -63 / 53 56 60 65 / 62 -53 -53 -65 / 48 63 -53 -68 / 46 58 62 -65 / 39 58 63 67 / 51 58 63 67 / 50 65 -58 -67 <END> 
<S> 44 60 65 -63 / 58 62 -44 -65 / 60 -44 -53 -65 / 46 58 62 65 / 39 58 63 67 / 51 58 63 67 / 50 -58 -63 -67 / 48 56 63 72 / 51 -48 -63 -72 / 50 65 70 -56 / 47 55 -65 -70 / 48 63 72 -55 / 56 -48 -63 -72 / 50 58 65 70 / 52 68 -58 -65 <END> 
<S> 48 63 68 -58 / 50 61 65 -68 / 51 58 63 67 / 62 -51 -67 -67 / 52 60 67 72 / 58 -52 -67 -72 / 54 57 62 74 / 72 -54 -57 -62 / 55 58 64 70 / 54 57 62 69 / 58 64 67 -62 / 57 60 66 72 / 55 62 67 70 / 53 65 68 -70 <END> 
<S> 54 57 62 74 / 50 -57 -62 -74 / 55 64 70 -74 / 54 69 -55 -74 / 55 58 67 72 / 70 -55 -67 / 48 55 67 72 / 65 -51 -55 -72 / 56 60 63 72 / 62 74 -60 -72 / 61 65 69 0 / 59 62 67 79 <END> 
<S> 53 56 65 74 / 63 -53 -56 -74 / 55 62 67 71 / 43 59 62 67 / 0 / 55 62 67 70 / 48 63 67 70 / 50 58 65 68 / 51 58 63 67 / 56 60 63 72 / 62 65 -56 -72 <END> 
<S> 51 63 67 / 46 62 65 -67 / 63 -43 -67 / 55 62 67 70 / 48 63 67 72 / 50 -63 -67 -72 / 52 62 67 70 / 53 -62 -67 -70 / 55 58 67 74 / 56 65 68 -74 <END> 
<S> 51 67 70 75 / 50 -67 -70 -75 / 48 67 72 75 / 50 65 -72 -75 / 51 67 72 -75 / 53 -67 -72 -75 / 55 67 70 74 / 65 -55 -70 -74 / 56 63 68 72 / 74 -56 -63 -68 -72 <END> 
<S> 51 67 70 75 / 63 -51 -67 -75 / 53 65 68 72 / 63 -53 -68 -72 / 61 65 69 74 / 59 -65 -68 -74 / 60 63 67 72 / 62 -60 -67 -72 / 53 60 69 77 / 58 62 70 77 / 57 -62 -70 -77 / 55 63 75 -70 / 53 65 70 -75 <END> 
<S> 60 63 67 75 / 58 62 -67 -75 / 56 60 72 77 / 55 75 -60 -72 / 53 60 74 75 / 72 -60 -53 -75 / 55 67 71 74 / 65 -55 -71 -74 / 48 63 67 72 / 62 71 -67 / 60 66 72 59 62 67 -52 58 / 60 63 69 -51 / 55 62 70 -69 <END> 
