<S> 59 62 67 79 / 55 67 71 79 / 65 -55 -71 -79 / 60 64 72 79 / 62 -72 -79 / 60 64 72 79 / 60 70 -60 -79 / 60 65 69 81 / 72 -60 -65 -81 / 67 71 79 / 77 -67 -71 / 60 67 72 76 / 59 67 74 <END> 
<S> 60 65 69 77 / 60 -60 -69 -77 / 58 67 76 -62 / 60 69 77 -76 / 62 70 77 76 / 57 72 81 -77 / 55 67 71 74 / 55 67 71 74 / 60 67 72 76 / 59 -67 -72 -76 / 57 69 72 77 / 59 67 74 79 / 77 -59 -67 -74 <END> 
<S> 47 72 74 -67 / 48 67 76 -74 / 55 72 74 -48 / 57 71 -55 -74 / 59 64 69 74 / 52 64 71 57 / 50 65 71 77 / 69 -50 -65 -77 / 52 64 71 79 / 57 -52 -71 -79 / 57 64 72 81 / 55 62 74 -72 / 53 -62 -69 -74 / 55 71 74 -53 / 56 72 -55 -76 <END> 
<S> 50 62 69 77 / 60 -50 -69 -77 / 55 59 67 76 / 57 60 77 -67 / 58 62 69 74 / 67 -58 -62 -74 / 57 64 69 73 / 77 -57 -64 -69 / 0 / 69 74 77 -60 / -69 -60 -74 -77 / 68 72 76 -57 / 55 -69 -72 -76 / 53 69 72 81 / 77 -53 -69 -72 <END> 
<S> 62 69 77 / 60 64 -69 -77 / 59 65 71 -77 / 64 67 72 76 / 60 67 72 76 / 59 -67 -72 -76 / 57 69 72 76 / 55 67 71 76 / 53 69 74 77 / 52 67 72 76 / 74 77 -67 -72 / 55 67 72 76 / 54 69 -72 -76 / 55 67 72 74 / 62 -67 -72 -74 <END> 
<S> 64 67 72 84 / 66 74 83 -84 / 67 71 76 83 / 69 72 -76 81 / 71 74 42 -81 / 62 -69 -74 / 57 60 72 76 / 55 59 -72 -76 / 53 57 69 74 / 50 62 -69 -74 / 55 62 71 -74 / 53 -62 -71 -74 / 52 60 72 -71 / 71 -52 -60 -72 / 52 60 67 71 / 53 69 -60 -67 <END> 
<S> 69 72 -60 -76 / 66 72 -60 -76 / 55 67 71 74 / 0 / 52 55 67 72 / 53 74 -67 -72 / 55 65 72 74 / 71 -55 -65 -74 / 48 64 72 / 56 60 65 -72 / 65 69 -60 -72 / 69 60 -65 -69 / 62 67 -65 -74 / 64 71 -67 -74 / 65 69 -67 -74 / 64 67 73 76 / 62 69 77 -76 <END> 
<S> 53 65 69 72 / 48 -65 -69 -72 / 46 65 70 79 / 41 -65 -70 -79 / 58 64 73 79 / 57 60 64 -79 / 59 62 71 77 / 60 69 76 / 55 59 71 74 / 57 64 71 77 / 59 62 74 -77 / 60 62 69 76 / 60 67 71 -76 / 62 66 69 74 / 64 -62 -69 -74 <END> 
<S> 59 62 74 77 / 60 -59 -74 -77 / 59 62 74 -69 / 55 67 71 -74 / 65 74 -71 -74 / 64 67 72 76 / 53 65 81 -72 / 52 67 79 -72 / 70 -52 -67 -79 / 53 69 72 76 / 77 -53 -69 -72 / 55 67 71 76 / 65 74 -55 -71 / 57 64 72 / 59 62 74 77 / 60 76 76 <END> 
<S> 53 60 69 81 / 64 -53 -69 -81 / 55 71 79 -65 / 64 -55 -71 -79 / 50 65 77 81 / 62 71 -50 -77 / 52 67 72 76 / 53 69 -72 -76 / 55 67 71 74 / 55 67 71 74 / 60 67 72 76 / 59 -67 -72 -76 / 57 69 72 77 / 59 74 -69 -77 / 60 67 72 76 / 74 -60 -67 -72 <END> 
<S> 60 67 72 76 / 62 -67 -72 -76 / 60 67 72 76 / 59 -67 -72 -76 / 57 67 72 76 / 55 -67 -72 -76 / 53 69 72 74 / 65 -53 -72 -74 / 55 62 71 -74 / 43 55 74 -71 / 48 72 -55 -67 / 55 62 71 74 / 71 -55 -62 -74 / 64 69 73 -55 / 50 57 66 -69 / 55 59 62 -69 / 52 59 64 67 <END> 
<S> 55 64 67 72 / 62 -55 -67 -72 / 60 76 -55 -67 / 43 62 67 74 / 59 -43 -74 -74 / 48 60 67 76 / 48 60 67 76 / 50 65 -60 -76 / 52 60 67 76 / 53 69 -60 -76 / 55 67 71 74 / 52 67 71 76 <END> 
<S> 52 60 67 72 / 50 65 69 74 / 71 -50 -65 -74 / 48 67 72 76 / 60 66 -72 -76 / 55 67 71 74 / 53 -67 -71 -74 / 52 67 71 79 / 65 -52 -71 -79 / -71 64 71 79 / 62 69 77 -79 / 60 67 71 76 / 55 67 -71 -76 <END> 
<S> 55 64 71 72 / 57 69 -64 -72 / 52 64 67 71 / 55 -52 -64 -67 / 62 67 71 / 66 69 -62 -66 / 55 67 71 -62 / 50 -67 -71 -67 / 65 -50 -67 -71 / 48 64 67 72 / 55 62 67 71 / 53 -62 -67 -71 / 52 60 67 72 / 50 -60 -67 -72 / 52 55 67 74 / 71 -52 -55 -67 <END> 
<S> 52 67 72 38 / 53 65 -72 -77 / 55 67 71 74 / 62 -55 -71 -74 / 55 62 67 72 / 53 69 -62 -72 / 55 67 71 74 / 52 64 67 72 / 65 74 -52 -72 / 67 70 76 -55 / 55 -67 -71 -76 / 57 65 72 77 / 64 -57 -72 -77 / 59 69 74 79 / 77 -59 -67 -74 <END> 
<S> 51 60 67 72 / 50 65 69 74 / 71 -50 -65 -74 / 48 67 72 76 / 60 74 77 -48 / 76 79 -48 -60 / 53 59 74 77 / 60 72 76 -53 / 55 67 71 74 / 56 64 71 76 / 57 64 69 72 / 62 65 -69 -72 / 64 67 71 79 / 62 65 -71 -79 <END> 
<S> 60 67 76 / 55 59 67 74 / 57 60 69 -74 / 55 59 67 74 / 66 -55 -59 -74 / 57 60 67 72 / 65 -57 -67 -72 / 59 62 67 74 / 57 -62 -67 -74 / 55 60 69 76 / 54 57 -69 -76 / 52 59 67 74 / 47 -59 -67 -74 <END> 
<S> 59 62 67 74 / 57 60 -67 -74 / 55 59 67 74 / 72 -59 -67 -74 / 59 67 74 77 / 60 67 76 -74 / 55 72 -67 -76 / 53 68 72 74 / 55 76 -72 -74 / 57 65 72 -72 / 50 65 -72 -72 / 64 -50 -65 -72 / 64 -50 -65 -72 / 74 -50 -65 -68 <END> 
<S> 53 65 69 74 / 72 -53 -65 -69 / 55 67 71 74 / 65 -55 -71 -74 / 56 64 72 / 62 74 -56 -72 / 55 71 76 -60 / 57 72 -60 -76 / 55 59 74 74 / 52 67 71 -74 / 65 -52 -71 -74 / 57 64 72 / 69 -57 -64 -72 / 55 62 71 -69 / 67 -55 -62 -71 <END> 
<S> 59 67 74 / 66 -59 -74 -74 / 60 67 76 -74 / 72 -57 -67 -76 / 62 71 77 / 57 69 72 -77 / 59 67 74 79 / 61 67 76 -79 / 62 65 77 81 / 73 -62 -65 -77 / 64 70 73 76 / 64 73 81 -81 / 73 79 74 -65 / 64 72 81 <END> 
<S> 59 62 67 79 / 76 -59 -67 -79 / 60 65 72 -79 / 59 74 79 -65 / 52 76 -59 -79 / 57 -52 77 -64 / 50 53 76 79 / 52 -50 -76 55 / 61 -52 76 81 / 56 64 71 76 <END> 
<S> 58 64 79 / 62 -58 -64 -79 / 57 61 69 -79 / 53 62 69 81 / 71 -62 -62 -81 / 64 -62 -69 -81 / 65 71 74 -50 / 64 67 76 -81 / 60 64 -76 79 <END> 
<S> 52 60 67 79 / 50 -60 -67 -79 / 52 60 72 79 / 71 -52 -60 -79 / 54 60 69 74 / 55 59 67 -74 / 66 -55 -59 -76 / 64 -55 -59 -76 / 48 64 69 72 / 47 62 67 74 <END> 
<S> 53 60 69 74 / 59 -53 -69 -74 / 52 60 67 76 / 53 69 -60 -76 / 55 67 71 74 / 52 67 69 76 / 57 64 69 72 / 50 65 -69 -72 / 52 70 67 79 / 53 -52 81 -67 / 52 55 71 79 <END> 
<S> 57 64 69 72 / 62 65 -69 -72 / 64 67 71 79 / 65 -64 -71 -79 / 59 64 67 72 / 62 69 74 -72 / 71 -62 -66 -74 / 72 -57 -62 -74 / 55 62 71 74 / 54 -62 -71 -74 / 52 60 72 79 / 71 -52 -60 -79 / 50 60 69 77 / 71 -50 -60 -77 <END> 
<S> 55 67 71 74 / 62 66 69 74 / 67 -62 -74 / 72 -54 -62 -67 / 55 59 67 74 / 52 61 64 79 / 50 62 65 77 / 52 67 76 -60 / 53 59 -67 -76 / 55 65 74 -60 / 59 67 -55 -74 / 48 60 67 76 / 50 -60 -67 -76 <END> 
<S> 55 59 67 74 / 53 -59 -67 -74 / 52 60 67 76 / 50 -60 -67 -76 / 48 60 67 76 / 77 -48 -60 -67 / 55 59 67 74 / 52 64 67 79 / 62 -52 -67 -79 / 57 60 69 77 / 59 -57 -69 -77 / 60 76 -69 -77 / 59 67 74 79 / 64 72 79 <END> 
<S> 59 62 67 79 / 60 69 -67 -79 / 62 65 71 79 / 67 72 -62 -79 / 62 71 74 79 / 60 64 72 76 / 65 77 -60 -72 / 64 67 71 79 / 62 74 79 -79 / 57 60 76 -79 / 59 77 -72 / 57 60 72 76 / 53 69 74 -60 <END> 
<S> 59 64 74 79 / 60 64 72 -79 / 65 74 -60 -72 / 59 67 -74 -74 / 60 67 76 -74 / 72 -60 -67 -76 / 55 67 71 74 / 53 -67 -71 -74 / 52 67 72 / 57 65 69 74 / 64 69 -57 -74 / 62 67 76 77 / 69 -62 50 -76 <END> 
<S> 55 64 70 72 / 53 65 69 -72 / 74 -53 -65 -69 / 52 60 67 76 / 58 -52 -67 -76 / 57 72 77 -48 / 59 -57 -72 -77 / 60 67 72 -57 / 55 62 -67 -72 / 60 67 72 -55 / 59 74 -55 -67 / 57 60 67 72 / 59 62 -67 -72 / 57 60 65 72 / 50 -57 -65 -72 / 55 67 71 / 55 65 67 74 / 62 71 -55 -74 <END> 
<S> 57 64 72 -67 / 55 -64 -72 / 64 71 -55 -72 / 54 69 -64 -72 / 55 62 67 71 / 52 59 67 / -67 -52 -67 -71 / 48 67 69 72 / 50 66 69 74 / 52 55 64 71 / 54 57 62 72 / 55 62 71 <END> 
<S> 50 62 69 74 / 62 -50 -69 -74 / 55 62 71 76 / 67 -55 -59 -71 / 57 60 69 -67 / 62 66 -57 -69 / 55 59 62 67 / 52 59 67 -62 <END> 
<S> 55 59 62 67 / 60 66 69 -55 / 43 62 67 70 / 53 -62 -67 -70 / 52 60 67 72 / 50 65 -60 -72 / 52 60 67 70 / 53 -60 -67 -70 / 55 60 67 74 / 53 72 -67 -74 / 55 59 67 74 / 65 -55 -59 -74 <END> 
<S> 53 60 67 69 / 62 65 -53 -69 / 63 -53 -65 -69 / 46 58 62 67 / 58 62 67 70 / 56 63 -62 -70 / 55 58 63 67 / 53 61 67 70 / 52 60 -67 -70 / 53 60 65 68 / 58 62 65 -68 / 56 65 -65 -68 <END> 
<S> 56 62 67 72 / 55 65 -67 -72 / 53 57 65 72 / 58 74 -53 / 56 60 75 / 46 53 62 68 / 51 63 67 70 / 50 58 65 68 / 51 58 63 67 / 56 60 65 / 55 58 62 70 / 53 56 -58 -62 / 51 55 58 63 / 50 -55 -58 -63 <END> 
<S> 51 58 65 67 / 63 -51 -58 -67 / 46 65 -58 -63 / 46 58 62 70 / 68 -46 -58 -70 / 51 58 67 79 / 50 58 70 77 / 68 -50 -58 -77 / 51 63 67 75 / 58 65 74 -51 / 55 -58 -65 -74 / 60 67 75 / 58 62 -67 -75 / 56 63 72 75 / 77 -63 -72 <END> 
<S> 51 58 67 / 55 -51 -58 -67 / 53 56 68 72 / 63 -53 -56 -72 / 55 62 71 <END> 
<S> 53 57 72 74 / 55 58 65 -74 / 56 60 68 72 / 50 -60 66 -72 <END> 
<S> 51 60 67 75 / 53 60 69 74 / 55 59 67 74 / 65 -55 -59 -74 / 56 60 63 72 / 55 -60 -63 -72 <END> 
<S> 55 62 67 71 / 55 62 67 71 / 53 -62 -67 -71 / 51 60 67 72 / 48 -60 -67 -72 / 50 65 67 71 / 69 -50 -65 -67 <END> 
<S> 55 60 67 75 / 53 60 69 -67 / 55 62 67 71 / 56 60 65 72 / 74 -56 -60 55 / 60 67 75 / 65 68 74 / 63 67 72 / 62 -67 -72 / 60 63 67 72 / 58 62 -67 -72 <END> 
<S> 60 63 67 75 / 62 -60 -67 -75 / 54 60 69 75 / 55 67 71 74 / 60 67 72 75 / 58 -67 -72 -75 / 57 60 72 77 / 55 70 -60 -77 / 53 65 69 72 / 74 -53 -65 -69 / 75 -53 -65 -69 / 46 58 65 70 74 <END> 
<S> 57 60 72 77 / 59 62 -72 -77 / 60 67 72 75 / 71 -60 -67 -75 / 55 65 68 74 / 55 59 -65 -74 / 53 60 68 75 / 51 -60 -68 -75 / 50 65 68 77 / 55 62 67 -77 / 75 -55 -62 -67 / 51 60 67 75 / 48 60 65 75 / 63 -48 -60 -75 <END> 
<S> 51 60 67 75 / 53 -60 -67 -75 / 55 59 67 74 / 72 -55 -59 -67 / 48 63 67 72 / 55 62 67 70 / 60 63 67 70 / 53 62 65 -70 / 51 63 67 70 / 53 60 65 68 <END> 
<S> 56 63 68 72 / 62 -56 -68 -72 / 60 63 67 75 / 72 -60 -67 -75 / 53 68 72 74 / 55 59 71 -74 / 65 -55 -71 -74 / 48 63 67 72 / 60 63 67 72 / 58 62 -67 -72 <END> 
<S> 48 63 67 72 / 60 -63 -67 -72 / 55 67 70 74 / 53 -67 -70 -74 / 51 72 -67 -70 / 68 -51 -67 -72 / 67 70 -51 -67 / 51 -51 -67 -70 / 53 65 68 72 / 55 63 -68 -72 / 56 62 65 71 / 58 64 67 -55 <END> 
<S> 50 65 65 70 / 51 63 -65 -70 / 53 62 65 69 / 51 60 63 -69 / 46 58 65 -63 / 53 -46 -58 -65 / 53 55 60 65 / 53 56 60 65 / 58 62 -53 -65 / 60 -53 -65 / 46 58 62 65 / 56 -46 -62 -65 / 47 55 62 67 <END> 
<S> 58 62 65 / 56 -58 -62 -65 / 55 58 62 67 / 53 60 -58 -67 / 51 58 63 67 / 50 53 65 70 / 48 55 63 72 / 53 57 62 -72 / 55 62 71 <END> 
<S> 56 62 65 / 47 55 -62 -65 / 48 55 60 63 / 58 -48 -55 -63 / 43 56 60 / -48 -68 -56 / 55 63 67 / 53 56 65 68 / 51 58 67 / 57 -51 -67 / -74 -51 -57 -67 / 50 58 65 -56 / 50 62 -58 -65 / 51 58 63 67 / 58 62 65 -67 / 56 60 63 -67 <END> 
<S> 50 53 65 70 / 46 -53 -65 -70 / 48 60 65 68 / 46 -60 -65 -68 / 51 58 63 67 / 58 -51 -63 -67 / 56 60 63 68 / 58 62 65 -68 / 63 67 -56 -65 / 60 63 68 / 59 62 67 / 60 -56 -67 / 58 62 67 / 56 60 63 72 / 65 -56 -60 -72 <END> 
<S> 56 63 68 72 / 55 65 71 -68 / 63 67 72 -55 / 53 60 68 74 / 55 59 67 -74 / 56 60 72 -67 / 65 -56 -56 -72 / 55 62 67 71 / 53 -62 -67 -71 / 51 62 67 71 / 50 -62 -67 -71 / 48 62 67 71 / 50 -62 -67 -71 / 51 60 67 72 / 53 -60 -67 -72 <END> 
<S> 51 60 67 72 / 50 -60 -67 -72 / 48 -67 -67 -72 / 66 69 74 -51 / 71 -69 -74 / 63 69 72 -74 / 55 62 71 74 / 53 -62 -71 -74 / 51 63 72 79 / 50 -63 -72 -79 / 51 63 70 79 / 69 -51 -63 -79 <END> 
<S> 55 63 72 75 / 62 -55 -72 -75 / 56 60 -72 -75 / 55 74 -60 -72 / 53 -60 -68 -74 / 55 60 67 -60 / 53 59 -60 -67 / 51 55 60 72 / 56 -51 -60 -72 / 51 55 58 70 / 50 53 -58 -70 / 48 51 70 -58 / 53 -48 -58 -70 / 46 62 70 -58 / 46 -58 -62 -70 <END> 
<S> 53 57 60 65 / 55 58 64 67 / 60 65 -55 -60 / 53 62 -60 -65 / 59 -53 -62 -65 / 57 -53 -62 -65 / 55 58 67 -62 / 53 60 68 -58 / 53 56 62 72 / 54 57 62 -72 / 55 62 70 52 / 55 67 70 75 / 51 58 -67 -70 / 56 63 68 72 / 55 65 -68 -72 <END> 
<S> 53 57 60 69 / 55 58 67 70 / 56 60 65 -70 / 70 -56 -60 -65 / 53 60 68 72 / 68 74 -53 -68 / 63 67 -53 / 69 62 65 -68 / 63 67 70 / 62 65 -67 -70 / 60 63 67 75 / 58 -60 -67 -75 <END> 
<S> 63 68 -58 -68 / 50 65 -58 -68 / 51 58 63 67 / 58 65 -51 -58 / 56 60 63 72 / 55 58 62 -72 / 56 60 68 72 / 55 65 -60 -72 / 53 57 65 -72 / 46 62 65 74 / 51 63 67 70 / 65 -51 -67 -70 / 63 67 70 -51 / 50 65 -67 -70 <END> 
<S> 57 60 65 72 / 55 -60 -65 -72 / 53 65 69 72 / 74 -53 -65 -69 / 75 -53 -65 -69 / 74 -53 -65 -69 / 55 59 67 75 / 60 -55 -67 -75 / 65 -55 -60 -75 / 59 62 67 74 / 55 -59 -67 -74 / 60 -55 -67 / 48 75 -60 -67 / 50 59 62 67 57 / 52 60 68 72 / 70 -52 -60 -68 <END> 
<S> 48 60 67 75 / 55 -60 -67 -75 / 53 68 74 -60 / 55 58 -68 -74 / 56 72 -68 / 55 59 67 74 / 60 67 68 / 65 -53 -60 -68 / 48 60 64 67 / 0 / 55 60 67 70 <END> 
<S> 44 60 65 72 / 63 -60 -72 / 41 65 68 74 -60 / 53 61 70 75 / 54 63 72 81 / 62 -54 -69 -81 / 55 62 71 79 / 60 67 72 79 <END> 
<S> 41 60 68 -65 / 63 -41 -60 -68 / 62 -53 -56 -68 / 46 58 62 67 / 68 -58 -62 / 39 58 63 67 / 51 58 63 67 / 50 65 -58 -67 <END> 
<S> 46 62 65 70 / 63 72 -50 -65 / 62 58 67 -65 / 63 69 -55 -60 / 53 62 65 / 60 55 63 -65 / 56 62 65 / 55 58 -62 -65 / 56 60 63 / 58 62 -56 -63 / 55 62 67 70 / 53 -62 -67 -70 <END> 
<S> 56 60 63 / 55 58 62 65 / 56 60 72 -65 / 55 58 63 70 / 53 56 68 72 / 58 74 -53 -68 / 51 67 72 -58 / 53 65 68 -72 / 55 62 67 71 / 56 -62 -67 -71 / 62 66 -56 -71 / 60 63 -66 -69 / 62 -60 -66 -69 / 59 62 67 71 / 69 -59 -62 -67 <END> 
<S> 58 65 70 -55 / 53 68 -58 -70 / 51 63 68 72 / 48 -63 -68 -72 / 55 62 67 70 / 60 66 69 -55 / 58 62 67 70 / 53 -62 -67 -70 / 51 63 67 72 / 50 65 71 74 / 48 67 72 75 / 50 -67 -72 -75 / 51 67 72 75 / 53 -67 -72 -75 <END> 
<S> 48 63 67 72 / 60 68 -48 -67 / 55 60 67 74 / 53 59 68 74 / 51 60 67 75 / 69 -51 -60 -75 / 50 65 70 74 / 71 -50 -65 -74 / 51 67 70 -74 / 53 -65 -70 -74 / 55 63 70 79 / 62 77 -55 -70 / 56 60 72 75 / 55 -60 -72 -75 <END> 
<S> 53 60 65 68 / 51 67 -60 -65 / 53 60 68 77 / 62 -53 -68 -77 / 48 63 67 79 / 69 -48 -63 -79 / 58 65 70 74 / 70 -58 -65 -74 / 70 -58 -65 -74 / 60 63 72 -70 / 57 62 66 -72 <END> 
<S> 58 63 67 70 / 65 -58 -63 -70 / 56 63 70 72 / 55 -63 -70 -72 / 56 66 72 / 55 67 -72 -72 / 53 68 72 74 / 55 67 71 -74 / 65 -55 -71 -74 / 48 63 67 72 / 60 63 72 79 / 58 -63 -72 -79 <END> 
