<S> 56 60 63 72 / 62 65 -56 -72 / 55 63 67 70 / 53 60 63 68 / 62 -53 -68 / 51 62 63 67 / 60 -51 -63 -67 / 56 60 63 65 / 59 -56 -63 -65 / 60 62 -56 -65 / 60 -56 -60 -65 / 55 59 62 67 / 55 59 67 74 <END> 
<S> 56 60 63 65 / 59 -56 -63 / 56 60 62 65 / 60 -56 -60 -65 / 55 59 62 67 / 55 58 67 70 / 53 68 -58 -67 / 51 58 67 -67 / 65 -51 -58 -67 / 63 67 70 -58 / 62 65 -70 / 60 63 67 72 / 58 62 -67 -72 <END> 
<S> 51 63 67 70 / 65 -51 -67 -70 / 67 75 -51 -67 / 58 65 -67 -75 / 56 65 72 75 / 55 70 -65 -75 / 53 72 80 -63 / 62 -53 -80 -80 / 55 58 79 79 / 56 -58 -79 -79 / 48 70 79 -79 / 50 -70 -78 -79 / 48 72 75 77 / 74 -48 -72 -77 <END> 
<S> 55 60 70 75 / 53 65 69 -75 / 51 67 70 -75 / 50 -67 -70 -75 / 52 67 72 75 / 53 -67 -72 -75 / 55 67 70 74 / 53 65 -70 -74 / 51 63 70 79 / 55 -63 -70 -79 / 53 65 68 72 / 51 63 67 79 / 50 65 -67 -79 <END> 
<S> 55 63 70 75 / 61 -55 -70 -75 / 56 60 68 -75 / 58 67 70 75 / 51 68 72 75 / 67 74 -51 -75 / 65 68 -51 -74 / 51 67 72 / 55 67 70 74 / 65 -55 -70 -74 <END> 
<S> 48 67 75 -62 / 60 -48 -67 -75 / 43 60 67 74 / 59 -43 -67 -74 / 65 -43 -59 -74 / 48 55 63 72 / 60 63 67 72 / 58 -63 -67 -72 <END> 
<S> 55 62 70 / 60 63 -55 -70 / 53 56 65 -63 / 51 55 63 67 / 53 56 62 68 / 55 -53 -62 -68 / 44 60 -55 -70 / 53 58 65 68 / 50 -53 -65 -68 / 51 55 63 67 / 50 -58 -63 -67 <END> 
<S> 44 53 65 70 / 46 -53 -65 -70 / 48 63 67 70 / 44 63 67 72 / 44 -63 -67 -72 / 41 65 68 74 / 53 -65 -68 -74 / 55 63 67 75 / 53 56 59 68 <END> 
<S> 46 67 70 -63 / 62 -46 -70 -70 / 68 -62 -65 -70 / 58 63 -62 -67 / 48 -58 -63 -67 / 56 -48 -63 -67 / 41 56 62 68 / 43 -56 -60 -68 / 44 53 60 41 / 62 -53 -60 / 43 55 59 62 / 53 -43 -59 -62 / 48 51 55 60 / 47 55 62 67 <END> 
<S> 41 56 60 62 / 43 55 59 62 / 53 -43 -59 -62 / 48 51 55 60 / 43 55 60 63 / 53 -55 -60 -63 / 55 60 62 / 53 -55 -60 -62 / 55 59 62 -55 / 53 -55 -59 -62 / 48 55 60 63 / 46 -55 -60 -63 / 44 56 60 63 / 43 -56 -60 -63 <END> 
<S> 55 60 62 / 59 -55 -62 / 53 56 60 63 / 51 -53 -56 -60 / 55 53 62 / 41 -55 -62 / 43 55 59 -62 / 51 -43 -55 -59 / 48 55 60 63 / 46 -55 -60 -63 / 44 56 60 63 / 43 -56 -60 -63 / 44 56 60 65 / 41 -56 -60 -65 / 46 53 62 67 / 58 -53 -62 -67 <END> 
<S> 48 51 55 60 / 53 62 -48 -55 / 55 60 63 -48 / 46 -55 -60 -63 / 45 48 60 65 / 50 -45 -60 -65 / 51 58 67 -65 / 41 56 65 / -46 55 63 -65 / 46 58 62 65 / 55 -46 -62 -65 / 39 55 58 63 / 51 58 63 67 / 50 65 -58 -67 <END> 
<S> 46 50 65 70 / 46 50 58 -65 / 51 58 63 67 / 51 58 63 67 / 55 58 63 67 / 56 60 63 -67 / 53 65 68 / -60 -65 -68 <END> 
<S> 51 60 67 -65 / 63 -51 -67 / 62 -51 -67 -70 / 48 60 67 75 / 58 -60 -67 -75 / 56 60 68 75 / 55 -60 -68 -75 / 53 60 68 77 / 62 -53 -68 -77 / 63 67 -53 59 / 59 62 67 74 / 58 77 -67 -67 <END> 
<S> 53 60 68 74 / 55 59 67 -74 / 56 60 -67 -74 / 60 72 -60 -67 / 55 59 67 74 / 53 60 68 74 / 62 -53 -60 -74 / 55 59 67 74 / 65 -55 -59 -74 / 56 60 63 72 / 55 -60 -63 -72 / 53 68 -60 -72 / 51 60 67 -72 / 65 -51 -60 -67 <END> 
<S> 60 63 67 72 / 55 62 -67 -72 / 54 60 63 69 / 62 -54 -60 -69 / 55 59 62 71 / 51 60 63 72 / 48 63 67 -72 / 50 65 68 74 / 51 67 70 75 / 53 68 72 77 / 50 -69 -72 -77 / 55 70 75 -62 / 56 60 -70 -77 / 58 62 74 -70 / 68 -58 -62 -74 <END> 
<S> 48 63 67 72 / 56 60 72 / 53 65 70 74 / 63 68 -55 -74 / 53 62 68 70 / 43 54 63 -70 / 56 62 65 68 / 58 64 67 74 / 62 65 -67 -74 / 60 63 67 75 / 58 -60 -67 -75 / 56 60 72 77 / 55 -60 -72 -77 <END> 
<S> 60 63 67 72 / 58 62 -67 -72 / 56 60 65 72 / 55 67 -60 -72 / 53 60 68 74 / 55 59 67 74 / 65 -55 -67 -74 / 48 63 67 72 / 60 64 67 72 <END> 
<S> 56 60 67 72 / 65 -56 -60 -72 / 55 62 67 71 / 53 -62 -67 -71 / 51 60 67 72 / 48 -60 -67 -72 / 50 65 67 71 / 53 62 68 -67 / 52 60 67 / 59 -52 -60 -67 / 53 56 60 68 / 65 -53 -60 -68 <END> 
<S> 51 60 67 72 / 53 -60 -67 -72 / 52 60 67 74 / 58 -52 -67 -74 / 56 60 65 72 / 55 58 -65 -72 / 53 56 68 72 / 58 74 -53 -68 / 60 67 76 / 53 60 69 77 / 55 58 67 75 / 57 60 65 -75 <END> 
<S> 56 60 72 75 / 55 70 -60 -75 / 53 68 72 77 / 74 -53 -68 -77 / 55 70 75 -74 / 56 72 -70 -75 / 55 63 70 -75 / 65 -55 -70 -75 / 53 63 70 79 / 51 -63 -70 -79 / 58 70 77 -63 / 62 -58 -70 -77 / 51 63 70 79 / 55 67 -63 -79 <END> 
<S> 58 63 70 79 / 62 -58 -70 -79 / 60 63 72 79 / 58 -63 -72 -79 / 56 64 72 79 / 55 -63 -72 -79 / 53 65 72 81 / 47 -65 74 -80 / 48 67 75 58 / 67 75 -48 -63 / 50 65 68 74 / 59 62 67 74 <END> 
<S> 58 62 65 77 / 67 70 75 -62 / 56 60 68 77 / 55 63 70 75 / 53 65 68 72 / 51 67 75 / 55 67 72 74 / 67 72 -55 -75 / 65 -55 -72 -77 / 60 67 75 -72 / 74 -60 -67 -72 <END> 
<S> 58 62 70 77 / 56 -62 -70 -77 / 55 62 70 77 / 53 -62 -70 -77 / 51 63 70 79 / 55 -63 -70 -79 / 53 65 70 80 / 51 -65 -70 -80 / 73 -51 -65 -70 / 50 65 72 77 / 62 71 -50 -77 / 60 67 38 75 -60 58 -67 -75 55 58 <END> 
<S> 58 65 70 74 / 56 60 -65 -74 / 55 59 67 -74 / 53 -59 -67 -74 / 51 60 67 75 / 58 65 74 / 56 63 72 / 55 58 -63 -72 / 60 63 68 72 / 55 67 -63 -72 / 56 65 72 / 58 -67 -72 / 60 67 -72 / 55 -60 -67 -76 / 53 60 68 74 / 55 59 -68 -74 / 56 60 65 68 / 50 -60 -65 -68 <END> 
<S> 56 60 65 72 / 67 -56 -60 -72 / 55 65 68 74 / 53 -65 -68 -74 / 63 -53 -68 -74 / 59 62 67 -74 / 60 75 -67 -71 / 51 67 72 -75 / 53 -67 -72 -75 / 55 67 71 74 / 72 -55 -67 -74 / 55 67 74 75 / 53 -67 -74 51 55 67 70 72 / 65 -55 -70 53 / 60 68 -65 -72 / 46 65 -68 -72 <END> 
<S> 48 67 72 75 / 68 -48 -72 -75 / 55 67 71 74 / 55 67 71 74 / 60 67 72 75 / 58 -67 -72 -75 / 56 66 72 75 / 55 70 75 -75 / 53 68 72 77 / 67 -53 -72 -77 / 58 65 74 77 / 56 -65 -74 -77 / 55 70 75 79 / 60 -70 -75 -79 <END> 
<S> 60 67 72 75 / 58 -67 -72 -75 / 56 60 72 75 / 55 70 -60 -75 / 53 65 68 72 / 74 -53 -65 -68 / 48 67 75 / 58 72 -67 -75 / 56 65 -72 -75 / 58 67 74 -72 / 63 67 70 79 / 62 65 77 77 / 60 64 75 79 / 62 65 -60 -79 <END> 
<S> 48 63 72 75 / 68 -48 -72 -75 / 53 68 72 75 / 77 -53 -68 -72 / 55 67 71 74 / 55 59 67 74 / 60 67 75 / 58 62 -67 -75 / 56 63 72 / 55 -63 -72 / 53 68 72 74 / 55 67 71 74 / 65 -55 -71 -74 <END> 
<S> 60 67 75 / 58 -60 -67 -75 / 56 68 72 75 / 55 -68 -72 -75 / 53 70 74 77 / 68 -53 -74 -77 / 70 73 79 / 56 68 72 77 / 58 65 70 -77 / 68 -58 -65 / 51 58 67 75 / 50 58 65 77 / 62 70 -50 -77 <END> 
<S> 51 58 67 79 / 53 68 77 -63 / 58 62 70 -77 / 63 -58 -62 -70 / 56 63 70 72 / 55 -63 -70 -82 / 53 65 70 80 / 51 -65 -70 -80 / 70 -51 -65 -70 / 50 65 -70 -77 / 51 67 70 79 / 53 60 -70 68 / 55 59 67 74 / 57 -55 -59 -74 <END> 
<S> 51 58 67 79 / 53 -58 -67 -79 / 55 62 67 77 / 71 -55 -62 -77 / 60 63 67 75 / 58 62 -67 -75 / 56 60 72 77 / 55 70 -60 -77 / 53 65 72 80 / 74 -53 -65 -80 / 55 70 75 79 / 56 -70 -76 -79 / 58 70 77 -75 / 62 68 77 -58 / 51 63 67 79 <END> 
<S> 53 65 72 80 / 74 -53 -65 -80 / 55 75 75 -62 / 80 74 77 / 55 67 71 74 / 48 67 72 75 / 53 68 72 74 / 55 67 71 -74 / 65 72 -55 -71 / 48 63 67 72 / 51 67 70 79 / 77 -51 -70 -79 <END> 
<S> 53 68 72 74 / 50 65 -72 -74 / 55 62 71 -74 / 63 -55 -71 -74 / 65 -55 -71 -74 / 48 63 67 72 / 60 67 72 75 / 62 65 70 77 / 72 75 -65 / 63 67 70 75 / 58 65 70 77 <END> 
<S> 63 68 72 75 / 67 -63 -72 / 62 65 70 -56 / 63 -56 -63 -70 / 53 62 65 70 / 46 62 -65 -70 / 48 63 68 72 / 49 65 70 / 48 58 63 67 / 49 57 65 -67 / 58 65 -49 / 56 59 -65 -65 / <END> 
<S> 53 60 65 68 / 63 -53 -60 -68 / 55 59 67 74 / 55 59 67 74 / 60 -55 -67 -74 / 59 62 67 79 / 64 -62 -67 -79 / 60 63 67 75 / 58 62 -67 -75 / 56 60 65 77 / 55 -60 -65 -77 / 53 62 68 72 / 50 -62 -65 -68 <END> 
<S> 60 63 67 75 / 58 62 -67 -75 / 56 60 72 77 / 55 70 75 -60 / 53 60 68 74 / 55 59 67 -74 / 65 -55 -67 -74 / 48 63 67 72 / 56 65 71 74 <END> 
<S> 53 68 74 -60 / 58 -53 -68 -74 / 51 56 65 72 / 58 64 74 -72 / 56 60 65 -72 / 55 58 67 72 / 53 65 68 74 / 51 58 65 67 / 63 -51 -58 -67 <END> 
<S> 44 63 68 72 / 67 -44 -63 -72 / 62 -44 -67 -72 / 43 60 63 -67 / 62 -43 -60 -67 / 45 60 65 69 / 63 -45 -60 -69 / 46 62 65 70 / 48 63 -65 -70 / 50 62 65 70 / 51 60 -65 -70 <END> 
<S> 46 62 65 69 / 63 -46 -62 -69 / 46 62 65 70 / 51 63 70 -65 / 63 -51 -63 -70 / 44 60 65 / 56 -44 -60 -65 / 60 -44 -60 -65 / 46 58 62 67 / 68 -46 -58 -62 / 46 58 63 67 / 44 60 63 65 / 56 61 -44 -65 / 46 53 62 -65 -72 <END> 
<S> 39 58 63 67 / 41 -58 -63 -67 / 39 58 63 67 / 55 -58 -63 -67 / 57 60 63 -67 / 58 65 / -63 -67 -70 / 62 63 67 70 / 65 -62 -67 -70 / 75 63 67 70 / 65 68 -63 / 47 67 -65 / 64 -49 -67 / 60 65 -43 -67 / 59 62 67 / 55 60 67 70 53 53 -60 -67 -70 <END> 
<S> 60 63 67 72 / 58 -63 -67 -72 / 57 62 65 72 / 60 -56 -65 -72 / 63 70 -60 / 58 65 68 / 60 67 -65 / 58 64 67 79 / 56 60 77 -64 / 62 65 -56 -77 / 55 63 75 53 / 62 77 -75 / 63 67 75 79 / 72 77 -63 -79 / 59 74 79 / 60 77 -74 <END> 
<S> 55 58 70 75 / 53 60 -70 -75 / 58 62 70 77 / 56 60 72 77 / 55 59 67 74 / 53 -59 -67 -74 / 51 60 67 75 / 53 -60 -67 -75 / 55 60 67 74 / 53 72 -67 -75 / 55 67 74 -72 / 71 -67 -67 -74 / 60 67 72 75 / 58 -67 -72 -75 <END> 
<S> 56 60 63 72 / 65 68 -56 -60 / 55 60 67 70 / 53 -55 -67 -74 / 55 67 74 -55 / -67 -55 -67 -74 / 65 -55 -67 -74 / 63 67 72 -55 / 57 -63 -67 -72 / 55 62 67 71 / 53 -62 -67 -71 / 51 60 67 72 / 53 -60 -67 -72 / 48 55 67 74 / 65 71 -55 -74 / 56 63 72 <END> 
<S> 56 60 67 72 / 65 -56 -60 -72 / 55 60 67 74 / 59 74 -55 -67 / 53 59 67 -74 / 51 63 72 -67 / 50 65 70 77 / 51 63 70 79 / 53 -63 -70 -79 / 55 63 70 79 / 56 -63 -70 -79 / 58 65 70 74 / 60 75 -65 -70 / 62 71 -65 55 63 59 62 67 <END> 
<S> 51 63 70 79 / 55 -51 -70 -79 / 53 68 72 77 / 67 -53 -72 -77 / 51 66 72 79 / 50 71 77 -79 / 48 67 72 75 / 53 68 74 77 / 55 67 70 -74 / 56 63 72 -70 / 55 -63 -70 45 -63 53 68 -63 -62 / 51 63 70 -68 / 50 -51 -68 -68 / 51 58 67 / 50 -58 -67 -67 <END> 
<S> 55 67 70 74 / 53 68 -67 -74 / 51 56 -68 -74 / 50 72 -58 -68 / 55 67 70 74 / 53 68 -67 -74 / 55 67 70 -74 / 56 66 72 / 51 55 67 70 / 50 58 -67 -70 / 48 63 68 72 / 50 65 70 74 / 51 67 70 75 / 53 -67 -70 -75 <END> 
<S> 51 58 67 75 / 48 63 67 72 / 55 65 71 74 / 60 67 75 / 68 -60 -67 -75 / 58 65 70 74 / 56 -65 -70 -74 / 55 67 70 75 / 53 68 72 -75 / 55 62 70 74 / 56 63 72 -70 / 65 68 -56 -72 / 51 63 67 75 / 67 -51 -67 -75 / 53 68 -67 -75 / 55 62 67 74 / 63 -55 -67 -74 <END> 
<S> 58 65 74 / 56 -58 -65 -74 / 55 60 67 75 / 53 68 74 77 / 55 75 75 74 / 74 77 -55 -74 / 67 -55 -74 -77 / 65 72 75 / 74 -60 -65 -72 / 59 67 74 / 55 60 -67 -74 / 48 63 67 72 / 60 63 72 79 / 58 -63 -72 -79 / 56 64 72 79 / 62 77 -72 <END> 
<S> 56 60 72 77 / 60 -56 -72 -77 / 55 67 71 74 / 53 68 -71 -74 / 51 67 72 / 50 53 -67 -72 / 48 65 -67 -72 / 47 67 -65 / 48 60 67 75 / 53 -60 -67 -75 / 55 59 67 74 / 56 60 63 -74 / 65 -56 -60 -72 <END> 
<S> 51 60 67 72 / 50 -60 -67 -72 / 52 60 67 / 48 58 -60 -67 / 53 56 68 72 / 55 63 -68 -72 / 56 60 65 71 / 58 62 67 / 53 60 68 68 / 55 59 67 -68 / 53 60 65 68 / 55 58 64 67 / 56 60 65 68 / 58 62 65 70 <END> 
<S> 56 60 63 72 / 55 58 -63 -72 / 53 56 68 72 / 58 -53 -68 -72 / 60 67 74 / / 72 -60 -67 / 55 59 67 74 / 50 -59 -67 -74 / 48 60 67 75 / 55 59 67 74 / 53 68 -59 -74 <END> 
<S> 51 60 67 75 / 50 -60 -67 -75 / 48 60 67 75 / 72 -48 -67 -75 / 55 67 74 -72 / 71 -55 -67 -74 / 60 67 72 75 / 58 -67 -72 -75 / 56 68 77 77 / 62 70 -77 -77 / 63 70 75 79 / 72 77 -75 58 67 74 -55 -63 <END> 
<S> 58 65 70 77 / 56 -65 -70 -77 / 55 70 70 77 / 53 68 -70 -77 / 51 67 70 79 / 50 -70 -79 -79 / 48 67 72 75 / 50 65 -72 -75 / 51 67 72 -75 / 53 -67 -72 -75 / 55 67 71 74 / 60 67 72 75 <END> 
<S> 50 72 77 -67 / 71 -50 -65 -77 / 51 67 72 75 / 53 -67 -72 -75 / 55 67 71 74 / 65 -55 -71 -74 / 56 63 72 / 70 -56 -63 -72 / 55 65 68 74 / 53 75 -65 -68 / 77 -53 -65 -68 / 55 59 67 75 / 60 -55 -67 -75 <END> 
<S> 56 63 68 72 / 58 65 74 -68 / 60 67 -65 -74 / 65 72 -60 -67 / 59 -60 -67 -75 / 60 74 -67 / 64 72 -60 / 54 62 69 -72 / 56 63 71 -69 / 62 -56 -56 -68 / 55 59 62 67 / 53 -59 -62 -67 / 51 60 67 72 / 50 65 -60 -72 <END> 
<S> 55 62 67 70 / 56 63 -62 -70 / 55 58 63 68 / 53 56 65 68 / 58 62 67 70 / 46 -58 -62 -67 / 60 63 72 / 56 62 65 70 / 60 63 67 72 / 59 62 67 72 / 60 63 69 75 <END> 
<S> 58 63 65 68 / 62 -58 -65 -65 / 60 63 -58 -65 / 56 62 -60 -65 / 53 -56 -60 -72 / 47 55 62 70 / 48 55 63 72 / 50 53 65 74 / 51 58 67 75 / 53 68 77 -58 / 55 63 70 75 / 51 -63 -70 -75 / 56 63 68 72 / 65 -56 -56 -72 <END> 
<S> 51 60 67 70 / 48 60 -67 -70 / 53 60 68 -67 / 62 65 -53 -68 / 63 -55 -60 -68 / 55 59 62 67 / 53 -59 -62 -67 / 51 60 67 72 / 50 -60 -67 -72 / 48 62 67 74 / 47 -62 -67 -74 / 48 60 67 75 / 55 -60 -67 -75 <END> 
<S> 48 63 67 72 / 55 65 71 74 / 55 67 72 75 / 57 65 72 77 / 59 62 67 -77 / 60 63 67 75 / 62 65 -67 -75 / 63 67 72 / / -67 -72 -75 / 58 74 77 -72 / 56 71 -74 -77 / 65 -56 -71 -74 / 51 63 67 79 <END> 
<S> 63 67 72 / 62 74 -67 -72 / 60 63 67 75 / 58 62 -67 -75 / 56 60 72 77 / 55 70 -60 -77 / 53 65 68 72 / 74 -53 -65 -68 / 75 -53 -65 -68 / 46 65 70 74 / 48 63 72 -70 / 50 65 70 -72 / 46 -65 -70 -72 / 51 63 70 79 / 61 -51 -70 -79 / 56 68 72 75 / 58 70 74 77 <END> 
<S> 53 63 70 72 / 51 -63 -70 / 53 56 68 72 / 51 58 67 -68 / 49 58 67 / 68 -58 -61 / 56 60 65 68 / 55 61 67 70 / 53 60 68 -67 / 65 -53 -60 -68 / 48 60 65 68 / 58 -48 -64 -68 / 53 56 65 74 / 46 58 -65 -70 / 44 60 63 -46 <END> 
<S> 53 56 60 65 / 55 58 64 67 / 56 60 65 68 / 58 64 -65 -68 / 56 60 65 72 / 58 64 67 -72 / 53 56 68 72 / 55 70 -63 / 53 56 65 68 / 55 58 70 74 / 56 60 -70 -74 / 55 67 70 75 / 53 -67 -70 -75 / 58 65 70 74 / 56 -65 -70 -74 <END> 
<S> 56 60 65 72 / 53 56 -65 -72 / 46 53 65 70 / 58 62 68 -53 / 53 60 63 69 / 55 59 62 67 / 55 58 62 65 / 63 -55 -58 -62 / 46 55 62 70 / 48 63 67 69 / 50 62 66 -69 / 60 -50 -66 -69 <END> 
<S> 58 63 65 / 62 -58 -58 / 56 60 63 / 55 58 62 / 56 60 68 -56 / 55 61 67 70 / 53 59 68 67 / 51 60 -67 -68 / 50 58 65 70 / 48 60 63 -70 / 46 62 65 68 / 67 -46 -62 -65 <END> 
<S> 51 60 67 72 / 50 -60 -67 -72 / 52 65 67 74 / 47 -65 -68 -74 / 48 63 72 / / 68 -63 -72 / 55 62 67 71 / 53 -62 -67 -71 / 51 63 72 -67 / 69 -51 -63 -72 / 50 65 71 74 / 48 67 72 75 <END> 
