<S> 55 62 67 71 / 50 62 66 69 / 60 -50 -66 -69 / 43 59 62 67 / 53 59 62 67 / 51 60 67 69 / 50 65 68 71 / 57 64 69 72 / 56 64 71 74 <END> 
<S> 50 62 65 69 / 48 60 64 67 / 59 -48 -64 -67 / 50 57 66 74 / 59 -50 -66 -74 / 52 60 67 76 / 61 -52 -67 -76 / 53 60 69 77 / 76 -53 -60 -69 / 55 58 70 74 / 57 61 69 -74 / 59 62 68 74 <END> 
<S> 50 62 66 77 / 60 -50 -66 -77 / 55 59 62 67 / 53 -59 -62 -67 / 52 59 67 / 50 53 -59 -67 / 52 55 60 67 / 53 -55 -60 -67 / 55 62 65 / 47 -55 -65 -74 / 48 60 64 67 / 50 -60 -64 -67 / 52 60 64 67 / 53 69 -60 -64 / 55 59 62 -53 / 52 -55 -59 -62 / 50 57 60 66 / 47 62 -57 -65 / 48 55 64 -62 / 60 -48 -55 -64 <END> 
<S> 53 60 67 69 / 52 -60 -67 -69 / 50 60 65 69 / 48 -60 -65 -69 / 47 62 67 / 47 -62 -67 / 45 52 60 -67 / 62 65 -52 -57 / 55 59 64 67 / 60 62 -55 -67 / 43 60 62 67 / 59 -43 -62 -67 / 48 55 60 64 / 50 62 65 / 52 55 59 67 / -71 -52 -55 -67 <END> 
<S> 47 55 62 67 / 48 60 -55 -67 / 53 -48 -60 -67 / 55 62 67 -60 / 59 -55 -62 -67 / 64 -55 -59 -67 / 42 57 62 69 / 66 -50 -62 -69 / 43 62 67 71 / 48 55 60 72 / 52 60 67 / 59 -52 -60 -67 / 53 57 60 69 / 55 59 62 -69 / 60 57 64 72 / 55 59 62 67 <END> 
<S> 47 55 65 74 / 62 -55 -65 -74 / 43 60 64 74 / 58 -43 -64 -74 / 45 60 65 72 / 63 -45 -60 -72 / 47 62 67 74 / 48 -62 -67 -74 / 47 62 67 76 / 48 -62 -67 -72 / 50 62 67 71 / 52 55 67 72 / 50 65 -55 -72 / 48 60 64 -72 / 52 60 67 / 60 69 -52 -67 / 53 65 68 71 / <END> 
<S> 48 67 69 76 / 50 62 -69 -76 / 55 62 69 72 / 54 57 62 74 / 59 -54 -62 -69 / 60 -54 -62 -69 / 55 59 62 67 / 48 60 64 67 / 50 62 -60 -67 / 52 55 67 72 / 48 -55 -67 -72 / 55 67 74 / 72 -55 -67 -74 / 43 67 71 74 / 65 -43 -71 -74 / 48 64 67 72 / 60 67 72 76 / 59 -67 -72 -76 <END> 
<S> 48 67 72 76 / 50 71 74 77 / 52 67 72 76 / 53 -67 -72 -76 / 55 67 72 74 / 71 -55 -67 -74 / 0 / 52 67 71 79 / 65 74 -52 -71 / 57 64 69 72 / 55 -64 -69 -72 / 54 62 -69 -72 / 71 -62 -62 -69 / 49 60 67 69 / 57 66 -60 -69 / 59 62 61 67 <END> 
<S> 57 64 69 72 / 45 -64 -69 -72 / 55 62 69 74 / 53 59 62 -74 / 52 64 61 76 / 60 67 -52 -64 / 53 60 65 69 / 52 -60 -65 -69 / 53 60 69 -65 / 59 62 -53 -69 / 52 60 64 -69 / 67 -52 -60 -64 / 50 57 65 -64 / 59 62 -50 -65 / 52 60 64 67 / 45 60 -60 -64 <END> 
<S> 53 57 64 69 / 62 -53 -57 -69 / 49 57 64 69 / 50 57 62 -69 / 60 64 -57 -57 / 53 59 62 74 / 52 55 -59 -62 / 48 57 60 64 / 59 62 -48 -64 / 45 57 60 66 / 43 59 62 67 / 60 -43 -59 -67 / 48 52 60 67 / 69 -48 -60 -60 <END> 
<S> 48 57 64 72 / 52 55 64 71 / 62 -52 -55 -71 / 54 57 60 69 / 62 -54 -60 -69 / 55 59 62 67 / 52 59 64 67 / 57 60 64 72 / 65 -57 -60 -72 / 56 59 65 71 / 64 -56 -59 -71 / 57 64 72 / 55 59 62 67 <END> 
<S> 57 64 67 72 / 62 -57 -67 -72 / 55 62 66 71 / 60 64 67 -71 / 57 64 71 72 / 59 62 67 74 / 60 67 76 / 77 -60 -67 / 48 64 69 72 / 50 65 71 74 <END> 
<S> 59 64 67 / 62 66 -59 -79 / 60 67 76 / 59 67 74 / 57 60 -67 -74 / 59 62 67 74 / 55 60 76 -67 / 57 60 65 76 / 59 64 67 74 / 57 64 69 72 / 55 62 71 -69 / 54 -62 -69 -71 <END> 
<S> 57 60 64 76 / 55 59 74 -64 / 54 57 69 74 / 52 64 68 71 / 57 64 69 72 / 59 62 67 74 / 60 67 76 / 62 77 -60 -67 / 61 64 69 79 <END> 
<S> 57 64 69 72 / 55 67 71 74 / 60 67 72 76 / 59 67 74 79 / 57 69 72 77 / 59 -69 -72 -77 / 60 67 72 76 / 55 67 71 74 / 57 65 72 77 <END> 
<S> 57 69 72 77 / 59 -69 -72 -77 / 60 67 72 76 / 53 69 72 74 / 55 67 71 -74 / 48 67 72 76 / 57 65 72 77 / 59 67 74 -77 / 60 67 76 / 77 -60 -67 -76 <END> 
<S> 59 67 74 / 60 67 76 / 62 77 -60 -67 / 61 69 79 / 62 71 79 / 52 60 72 79 / 50 65 72 77 / 71 -50 -65 -77 / 48 67 72 76 / 74 -48 -67 -72 <END> 
<S> 58 62 69 77 / 67 -58 -62 -77 / 57 69 74 -77 / 73 -57 -69 -74 / 55 70 76 -69 / 57 64 69 -76 / 55 64 70 76 / 53 65 69 81 / 71 -53 -69 -81 / 52 67 72 79 / 70 -52 -64 -79 <END> 
<S> 62 69 76 77 / 73 -62 -69 -77 / 50 74 -69 -77 / 57 69 73 76 / 60 69 76 81 / 59 67 74 -81 / 76 -59 -67 -76 / 57 60 69 77 / 55 62 71 79 / 57 60 69 77 <END> 
<S> 59 67 74 77 / 60 76 -67 59 / 59 74 77 -67 / 57 69 73 76 / 56 71 71 74 / 74 -56 -71 -74 / 57 64 72 / 55 71 -64 -72 / 53 69 -64 -72 / 52 64 67 71 / 62 -52 -67 -71 / 45 60 64 69 / 47 62 67 71 <END> 
<S> 57 64 72 / 55 -64 -72 / 54 69 72 74 / 55 67 71 74 / 65 -55 -71 -74 / 56 64 71 76 / 57 64 69 72 / 67 -57 -64 -72 / 62 66 69 / 60 -62 -66 -69 / 59 62 67 71 / 57 60 72 -67 / 66 -57 -60 -72 / 55 59 67 74 / 52 59 68 76 <END> 
<S> 57 64 69 72 / 71 -57 -64 -72 / 50 57 66 72 / 43 62 67 71 / 59 -43 -67 -71 / 48 55 64 71 / 53 62 -48 -67 / 52 52 60 67 / 59 -52 -52 -67 / 57 64 72 -55 / 54 62 -57 -72 / 55 62 71 -57 / 52 55 64 -71 / 60 -52 -55 -67 / 53 57 62 -67 / 59 -53 -62 -67 <END> 
<S> 52 55 64 71 / 62 -52 -55 -71 / 53 57 60 69 / 62 65 -53 -69 / 55 59 64 67 / 62 -55 -59 -67 / 49 57 64 69 / 50 53 65 -69 / 52 60 67 / 59 53 -40 -67 / 40 52 60 67 / 38 72 -60 -67 / 43 55 59 67 <END> 
<S> 50 58 65 69 / 45 60 -65 -69 / 47 62 67 67 / 48 -62 -67 -67 / 50 -62 -67 / 48 55 64 72 / 50 65 -55 -72 / 52 60 67 / 53 60 69 -67 / 65 -60 -67 / 60 64 67 / 58 62 -67 -67 / 57 60 65 -67 / 58 62 -65 / 56 60 64 72 / 55 -60 -64 -72 <END> 
<S> 52 60 67 72 / 53 65 69 -72 / 64 -53 -69 -72 / 62 -53 -69 -72 / 55 62 67 71 / 48 64 67 72 / 60 64 67 72 / 59 67 74 -64 / 61 67 76 -58 / 62 69 77 -76 / 73 -62 -69 -77 / 50 70 74 77 / 76 -65 -70 -77 / 69 70 77 -60 / 64 69 74 -77 / 65 70 76 -74 / 64 67 72 -76 <END> 
<S> 60 67 76 / 59 -60 -67 -76 / 57 60 69 77 / 55 67 71 -77 / 57 69 72 76 / 77 -57 -69 -72 / 52 67 72 79 / 53 -67 -72 -79 / 55 67 71 74 / 52 67 71 79 <END> 
<S> 50 64 69 77 / 51 62 67 71 / 53 59 67 74 / 52 60 67 79 / 50 60 65 77 / 59 -50 -50 -77 / 52 60 64 76 / 53 74 -60 -72 / 55 67 71 74 / 59 67 71 74 <END> 
<S> 50 62 65 69 / 60 64 -50 -69 / 59 62 67 71 / 60 64 67 76 / 62 65 -67 -76 / 64 67 72 / 59 -67 -72 / 60 67 72 76 / 60 69 77 -60 / 62 71 -77 / 57 60 72 76 / 55 -60 -72 -76 / 53 69 72 74 / 52 67 -72 -74 / 50 65 71 -74 / 50 62 71 74 / 52 55 -62 -71 -74 <END> 
<S> 60 67 76 / 64 -60 -67 -76 / 62 66 74 / 67 72 -62 / 62 66 69 74 / 60 -66 -69 -74 / 59 67 74 79 / 72 -59 -67 -79 / 60 67 72 76 / 65 69 74 -60 / 59 67 74 79 / 60 64 72 76 / 48 62 72 79 / 50 69 77 -64 / 71 -50 -69 -77 <END> 
<S> 64 67 72 79 / 62 74 -67 -79 / 60 67 76 / 65 69 -60 / 59 64 67 79 / 60 64 72 -79 / 59 74 79 57 / 72 -59 -74 -79 / 55 67 74 -72 / 71 -55 -67 -74 / 66 67 -71 -74 / 66 69 -55 -74 / 54 63 69 72 / 55 62 67 71 <END> 
<S> 59 67 74 79 / 60 67 -74 -79 / 55 62 71 79 / 57 60 69 77 / 59 62 -69 -77 / 60 64 67 76 / 65 -60 -76 -76 / 62 67 71 74 / 0 / 50 62 69 77 / 71 -50 -62 -77 <END> 
<S> 57 60 64 72 / 55 59 -64 -72 / 53 57 69 72 / 52 64 67 72 / 50 65 74 -67 / 52 67 72 76 / 53 -67 -72 -76 / 55 67 71 74 / 52 -67 -72 -76 / -69 69 -55 -72 / 67 -55 -69 -72 / 54 62 69 -72 / 43 -62 -69 -72 <END> 
<S> 48 64 67 72 / 62 66 -48 -72 / 60 62 67 71 / 59 -62 -67 -71 / 57 64 67 72 / 55 62 71 74 / 54 60 69 74 / 64 -54 -60 -69 / 54 62 69 72 / 55 62 67 71 / 64 -55 -62 -71 / 50 62 66 69 / 66 -50 -62 -69 <END> 
<S> 55 62 69 74 / 54 62 -69 -72 / 55 62 67 71 / 72 -55 -62 -67 / 50 62 69 -67 / 66 -50 -62 -69 / 60 -50 -66 -69 / 43 59 62 67 / 47 62 67 79 / 48 60 64 69 / 50 59 65 71 / 52 55 64 -71 / 54 57 60 72 / 55 59 62 67 / 53 57 -59 -67 <END> 
<S> 55 59 62 67 / 52 64 -59 -67 / 50 57 62 66 / 60 -50 -57 -66 / 55 59 62 67 / 55 59 62 67 / 53 57 -62 -67 / 52 62 66 -57 / 50 -57 -62 -65 / 52 55 64 67 / 62 65 -55 -64 / 52 60 64 67 / 58 -60 -64 -67 <END> 
<S> 50 59 62 67 71 / 52 60 67 72 / 53 69 74 -60 / 55 59 67 -74 / 65 -55 -59 -67 / 48 55 64 72 / 55 62 67 71 / 57 60 66 72 / 59 62 67 74 / 60 67 76 / 59 -60 -67 -76 / 56 60 65 77 <END> 
<S> 55 60 67 72 / 62 74 -55 -67 / 48 64 -55 -67 / 50 65 66 69 / 52 59 62 67 / 59 62 -52 -67 / 57 60 65 69 / 59 62 67 71 / 60 64 67 76 / 59 -67 -64 -76 / 54 62 69 74 / 62 -54 -69 -74 / 55 62 71 74 / 56 60 72 76 / 55 71 74 <END> 
<S> 59 62 67 74 / 57 60 -67 -74 / 59 62 67 74 / 57 60 -67 -74 / 59 62 67 74 / 55 59 -67 -74 / 60 67 76 / 57 69 72 -76 / 52 64 70 79 / 62 -52 -70 -79 / 53 60 69 77 / 55 67 71 76 / 57 65 72 77 <END> 
<S> 52 60 67 79 / 58 -52 -67 -79 / 53 60 69 77 / 55 62 71 -77 / 64 -55 -71 -74 / 65 -55 -72 -74 / 60 67 72 76 / 52 -67 -72 -76 / 53 69 72 74 / 50 -59 -69 -74 / 48 67 76 -74 / 72 -48 -57 -76 / 55 59 67 74 / 53 -59 -67 -74 / 52 59 67 76 / 77 -52 -59 -67 <END> 
<S> 47 67 74 / 43 72 -67 / 45 52 -67 -72 / 47 74 -67 -72 / 48 67 72 76 / 50 -67 -72 -76 / 52 67 72 76 / 53 -67 -72 -76 / 55 67 72 74 / 57 -67 -72 -74 / 59 71 74 -67 / 56 65 -71 -74 / 57 64 72 / 59 -64 -64 -72 / 60 62 69 39 / 62 -62 -69 / 68 -62 -62 <END> 
<S> 57 72 -64 -72 / 55 65 71 74 / 53 67 73 76 / 52 -67 -73 -76 / 50 69 74 77 / 52 76 -69 -74 / 53 67 69 74 / 55 64 -69 -74 / 64 67 72 76 / 66 74 66 -72 / 55 67 71 74 / 53 67 -74 -74 / 52 76 73 -67 / 50 65 69 -76 <END> 
<S> 57 69 76 / 55 64 -69 -76 / 53 57 74 77 / 59 76 -74 / 61 76 69 -50 / 57 69 77 -64 / 59 62 74 -69 / 68 -59 -62 -74 / 57 64 69 73 / 57 64 69 72 / 65 -57 -69 -72 / 52 64 67 71 / 50 -64 -67 -71 / 48 62 67 71 / 50 -62 -67 -71 / 52 60 67 72 / 65 74 -60 -72 / 55 67 71 74 / 62 67 71 -74 <END> 
<S> 62 65 69 74 / 71 -65 -62 -74 / 64 69 72 61 / 71 74 -50 -77 / 57 69 72 76 / 55 71 -69 -76 / 53 69 72 77 / 52 67 72 76 / 53 -67 -72 -76 / 55 67 71 74 / 60 67 76 / 62 74 77 -60 64 79 79 -70 / 50 62 65 -79 / 71 74 -50 -65 / 52 67 71 76 / 56 -64 -72 -76 <END> 
<S> 67 72 76 / 69 66 74 / 55 67 71 74 / 52 67 72 79 / 57 64 71 -79 / 69 -57 -64 -79 / 50 62 69 77 / 62 71 -62 -77 / 52 67 73 76 / 60 -52 -67 -76 / 50 67 74 -60 / 59 -50 -67 -74 / 52 67 72 77 / 53 69 74 -72 / 55 67 71 -74 / 65 -55 -71 -74 <END> 
<S> 50 62 69 77 / 62 71 -50 -77 / 52 67 76 -62 / 60 -52 -67 -76 / 53 59 67 74 / 57 -53 -67 -74 / 55 59 68 74 / 57 60 66 -74 / 59 62 68 74 / 64 72 -62 -74 / 55 62 71 74 / 67 -62 -71 -74 / 60 67 72 76 / 53 -67 -72 -76 / 55 67 74 -72 / 71 -55 -67 -74 <END> 
<S> 59 62 67 74 / 60 64 72 76 / 65 -60 -72 -76 / 67 71 74 79 / 77 -67 -71 -74 / 60 72 76 -67 / 69 -60 36 -76 / 67 -57 -72 -76 / 53 68 72 74 / 55 62 71 -74 / 48 63 69 72 / 60 67 72 76 / 58 -67 -72 -76 <END> 
<S> 55 67 72 74 / 57 72 -67 -72 / 55 59 67 74 / 65 -55 -59 -74 / 56 60 64 72 / 62 66 -60 -72 / 55 62 67 71 / 59 -55 -62 -71 / 57 64 69 72 / 62 71 -69 / 64 67 69 / 65 66 69 74 / 59 62 67 71 <END> 
<S> 57 64 72 / 55 59 67 74 / 60 67 76 / 59 -60 -67 -76 / 52 60 67 79 / 53 69 -60 -79 / 55 74 71 -60 / 62 -55 -71 -74 / 48 64 72 76 / 60 66 -72 -76 / 67 -60 -72 -76 / 54 69 74 -60 / 55 67 -74 -74 / 72 -55 -60 -67 / 62 -55 -60 -67 / 59 -55 -67 -74 / 72 -43 -59 -67 / 48 67 72 76 <END> 
<S> 60 67 76 / 57 60 69 77 / 55 67 71 74 / 55 67 71 74 / 60 67 72 76 / 59 -67 -72 -76 / 57 60 72 77 / 62 -57 -72 -77 / 52 64 72 79 / 60 -52 -72 -79 / 53 69 72 81 / 55 67 71 74 / 65 69 -55 -74 <END> 
<S> 60 67 72 76 / 74 -60 -67 -72 / 58 62 67 79 / 53 -58 -67 -79 / 55 64 70 79 / 62 77 -55 -70 / 61 67 76 79 / -64 -67 -76 -79 / 62 69 72 77 / 50 62 70 77 / 48 67 76 -62 / 60 -48 -67 -76 <END> 
<S> 59 62 67 79 / 64 67 71 -79 / 60 65 72 79 / 59 62 -72 -79 / 57 64 72 79 / 55 65 71 -79 / 53 67 72 77 / 48 67 72 76 / 50 65 72 77 / 48 64 -72 -77 / 53 62 69 77 / 60 76 -53 -69 <END> 
<S> 57 64 69 72 / 71 74 -64 -69 / 55 67 72 76 / 71 -55 -67 -76 / 57 66 72 77 / 59 -66 -72 -77 / 60 67 72 76 / 65 -60 -72 -76 / 59 67 74 -72 / 62 71 -67 -74 / 60 67 76 / 65 74 -60 -67 / 48 64 67 72 / 50 62 -67 -72 / 52 55 67 72 / 54 57 62 -72 / 55 59 62 71 / 60 64 67 72 / 48 -60 -67 -72 <END> 
<S> 57 64 72 / 55 65 71 74 / 53 67 73 76 / 52 -67 -73 -76 / 50 69 74 77 / 52 -69 -74 -77 / 53 67 74 77 / 55 -67 -74 -77 / 60 67 76 -74 / 52 -60 -67 -76 / 53 69 72 74 / 55 71 -69 -74 / 56 60 71 76 / 74 -56 -60 -67 / 52 59 65 72 / 56 64 71 72 <END> 
<S> 53 69 72 74 / 55 67 71 74 / 43 67 71 74 / 48 64 67 72 / 48 64 69 72 / 49 64 69 76 / 50 65 69 74 / 52 67 71 53 / 62 67 71 79 / 69 -62 -67 -79 <END> 
<S> 57 64 69 72 / 67 -57 -64 -72 / 62 65 69 77 / 59 -62 -69 -77 / 60 64 67 76 / 62 77 -60 -67 / 59 76 67 -48 / 77 -59 -67 -75 / 60 67 72 76 / 62 77 -67 -72 / 60 64 67 79 / 58 -64 -67 -79 / 57 60 69 77 / 59 62 -69 -77 <END> 
<S> 60 67 76 / 62 77 -60 -67 / 48 64 72 79 / 70 -48 -64 -79 / 50 69 77 -64 / 62 -50 -69 -77 / 52 67 76 -62 / 60 -52 -67 -76 / 53 57 69 72 / 55 59 67 74 / 53 76 -59 -74 / 52 59 76 50 / 56 60 64 72 / 55 62 65 71 / 64 -55 -62 -71 / 48 64 -55 -71 -74 / 54 62 69 45 60 66 -54 -69 <END> 
<S> 50 57 65 74 / 64 -50 -60 -74 / 59 62 67 74 / 61 77 -59 -67 / 48 60 67 76 / 50 -60 -67 -76 / 52 60 67 76 / 53 -60 -67 -76 / 55 59 67 74 / 65 -55 -59 -74 / 57 60 64 72 / 69 74 -57 -64 / 55 59 67 71 / 60 67 76 / 58 62 69 77 <END> 
<S> 55 60 67 76 / 57 -55 -67 -76 / 55 59 74 / 57 -55 -74 -74 / 59 62 67 74 / 60 64 67 76 / 62 65 69 77 / 64 67 72 76 / 65 -67 -72 -76 / 67 71 74 / 62 65 -67 -74 / 60 64 76 79 / 62 77 78 / 64 67 79 <END> 
<S> 64 67 72 / 62 74 -67 -72 / 60 66 74 78 / 59 67 -74 -76 / 57 72 -67 -76 / 55 67 74 -72 / 71 -55 -67 -74 / 48 67 72 76 / 57 65 72 76 / 74 -57 -64 -72 / 56 64 71 76 / 57 64 71 76 / 69 -57 -64 -76 <END> 
<S> 57 64 69 72 / -76 -64 -69 -72 / 54 60 69 -69 / 55 62 67 71 / 52 59 67 / 57 72 -52 -67 / 50 -57 -67 -72 / 52 55 67 72 / 54 57 69 74 / 55 59 67 -74 / 62 69 -55 -74 / 54 62 -69 -74 / 55 62 71 -69 / 67 -55 -62 -71 / 50 62 66 69 / 60 -50 -66 -69 <END> 
<S> 54 57 69 74 / 72 -54 -57 -69 / 55 62 70 -69 / 67 -55 -62 -70 / 50 57 66 69 / 66 -50 -57 -69 / 55 59 62 67 / 52 60 64 67 / 54 60 69 -64 / 62 -54 -60 -69 / 56 59 64 71 / 57 64 -64 -71 / 57 64 72 -57 / 52 55 64 72 <END> 
<S> 50 57 62 65 / 62 66 -57 -62 / 52 55 67 -62 / 60 -52 -55 -67 / 53 60 69 / / -53 -60 -69 / 48 60 67 -53 / 52 -48 -60 -67 / 50 53 -60 -67 / 52 55 59 67 / 47 55 62 69 / 48 55 64 -62 / 50 -48 -55 -64 / 52 55 72 / 50 -55 -60 -72 / 48 52 60 67 / 52 68 -60 -67 / 50 60 65 69 / 55 59 62 67 <END> 
<S> 50 55 67 71 / 52 55 -67 -71 / 50 57 67 69 / 66 -50 -69 -69 / 55 59 67 70 / 52 60 67 72 / 53 69 74 -72 / 47 62 71 -74 / 48 64 69 72 / 55 59 67 74 / 60 76 -55 -67 / 62 65 69 77 / 72 -62 -65 -77 / 64 67 71 79 / 62 65 81 -67 / 64 67 72 83 / 65 74 81 <END> 
<S> 52 60 67 72 / 58 -52 -67 -72 / 53 57 69 72 / 52 71 -57 -69 / 50 57 65 74 / 45 57 64 72 / 54 57 74 -72 / 55 59 71 76 / 57 60 72 77 / 59 62 -72 -77 / 60 64 76 -72 / 66 -60 -72 -76 / 67 71 74 -60 / 59 67 72 -74 <END> 
<S> 59 64 67 / 57 60 -64 -67 / 59 62 74 -60 / 59 -59 -62 -74 / 60 64 68 76 / 59 62 -64 -67 / 57 60 64 69 / 66 -57 -60 -69 / 55 62 67 71 / 52 59 67 / 57 60 65 72 / 59 62 67 74 / 60 77 -67 -74 / 62 67 74 76 / 77 -62 -67 -74 <END> 
<S> 59 62 67 74 / 60 64 -67 -74 / 62 65 72 / 64 71 -55 / 61 69 -55 -64 / 50 62 69 74 / 55 59 68 74 / 56 64 71 76 / 56 64 71 76 / 57 64 72 -71 / 59 65 69 74 / 67 -59 -62 -74 / 60 67 76 / 62 74 -67 <END> 
