<S> 60 64 67 72 / 59 62 67 74 / 60 67 76 / 57 60 72 77 / 62 -57 -72 -77 / 52 64 72 79 / 55 62 71 -79 / 77 -55 -62 -71 / 48 60 67 76 / 53 60 65 81 / 64 -53 -60 -81 <END> 
<S> 52 64 72 79 / 53 -64 -72 -79 / 55 62 71 79 / 77 -55 -71 -74 / 48 67 72 76 / 53 65 69 81 / 64 -53 -69 -81 / 55 62 71 79 / 57 61 69 -79 / 59 62 69 74 / 50 -59 -62 -69 / 52 60 67 76 / 53 69 -60 -76 / 55 67 74 -60 / 55 59 67 -74 <END> 
<S> 50 57 65 77 / 52 60 76 -77 / 53 59 74 -77 / 52 76 -59 -74 / 45 57 72 76 / 59 74 -57 -76 / 52 57 67 72 / 54 57 69 72 / 55 62 67 70 / 48 64 67 69 / 50 62 66 -69 / 60 -50 -66 -69 / 55 59 62 67 / 55 59 67 74 <END> 
<S> 50 62 69 -67 / 66 -50 -62 -69 / 55 59 62 67 / 60 64 67 / 59 62 67 71 / 57 60 64 76 / 65 -57 -60 -72 / 55 59 64 74 / 53 -59 -59 -74 / 52 55 60 67 / 53 59 62 -67 / 52 60 68 -52 / 50 57 65 71 / 55 64 72 / 54 62 74 -72 / 48 64 67 76 / 50 65 -67 -76 / 52 67 72 -76 / 53 -67 -72 -76 <END> 
<S> 53 60 69 74 / 50 -60 -69 -74 / 55 59 67 -74 / 65 -55 -59 -74 / 48 55 64 72 / 55 64 71 72 / 54 62 69 -72 / 55 62 67 71 / 64 -55 -67 -71 / 50 62 66 69 / 62 -50 -66 -69 / 43 59 62 67 / 48 60 60 67 <END> 
<S> 55 62 67 71 / 60 64 69 -67 / 62 71 -60 -67 / 59 -62 -67 -71 / 57 60 69 76 / 55 -60 -69 -76 / 54 69 74 -69 / 56 67 71 76 / 56 64 -71 -76 / 57 64 69 71 / 72 -57 -64 -67 / 55 62 69 71 / 53 -62 -69 -71 / 52 62 71 -69 / 50 -62 -71 -77 <END> 
<S> 57 60 72 77 / 59 -57 -72 -77 / 60 64 76 -72 / 67 71 -60 -76 / 62 66 69 -76 / 59 62 67 71 / 64 67 72 / 62 74 -67 -72 / 60 76 -67 -72 / 66 74 -57 -72 / 55 59 71 -74 / 64 -55 -59 -71 / 57 64 69 72 / 59 62 67 74 / 60 67 76 / 72 77 -60 -67 <END> 
<S> 57 64 72 / 55 -64 -72 / 53 69 72 -72 / 54 -69 -72 -72 / 55 62 72 -72 / 64 -55 -72 -72 / 54 62 69 -72 / 50 62 66 -72 / 55 62 67 71 / 55 59 62 67 / 53 -59 -62 -67 / 52 60 67 72 / 50 65 -60 -72 / 52 64 67 70 / 62 -52 -67 -70 / 53 60 65 69 / 64 -60 -53 -69 / 55 59 62 74 / 60 67 76 / 58 77 -60 -67 <END> 
<S> 55 62 67 70 / 50 62 65 69 / 60 -50 -65 -69 / 55 59 67 71 / 60 64 67 72 / 62 69 -55 -72 / 57 60 69 -72 / 50 -57 -69 -72 / 55 62 67 71 / 48 64 67 69 / 50 62 66 -69 / 55 59 62 67 / 52 60 67 / 53 60 69 -67 / 62 65 69 -53 / 60 64 67 <END> 
<S> 64 67 69 / 62 66 -69 / 60 67 -66 / 59 62 67 71 / 57 64 69 72 / 66 -57 -69 -72 / 55 67 71 74 / 53 59 -67 -74 / 52 60 67 50 / 50 65 -60 -67 / 48 67 74 -65 / 47 65 -67 -74 / 48 64 67 76 / 60 -48 -67 -76 <END> 
<S> 55 62 67 70 / 70 -55 -62 -70 / 53 65 69 72 / 47 -65 -69 -72 / 48 60 64 69 / 60 -60 -64 -69 / 62 66 -60 / 55 59 67 / 52 60 67 79 / 48 60 64 -67 / 50 65 -60 -67 / 52 60 67 / 48 58 64 -67 / 57 60 65 69 / 55 59 67 <END> 
<S> 48 60 67 76 / 55 64 67 72 / 71 -55 -67 -76 / 52 67 72 59 / 53 69 -72 -74 / 55 67 71 74 / 65 -55 -71 -74 / 48 64 67 72 / 55 62 67 71 <END> 
<S> 55 64 69 72 / 54 62 -69 -72 / 55 62 67 71 / 53 59 62 67 / 52 60 67 72 / 50 65 69 74 / 71 -50 -65 -74 / 48 67 72 76 / 60 74 77 -48 / 76 79 -48 -60 / 53 59 74 77 / 60 72 76 -53 <END> 
<S> 52 60 67 72 / 50 65 69 74 / 71 -50 -65 -74 / 48 67 72 76 / 60 74 77 -48 / 76 79 -48 -60 / 53 59 74 77 / 60 72 76 -53 / 55 67 71 74 / 56 64 71 76 / 57 64 71 72 / 59 62 67 74 <END> 
<S> 60 67 76 / 59 -60 -67 -76 / 57 60 72 77 / 62 -57 -72 -77 / 52 64 72 79 / 71 -52 -64 -79 / 50 62 77 65 / 62 71 -50 -77 / 52 64 72 76 / 53 65 -72 -76 / 55 67 74 -72 / 65 -55 -72 -74 / 56 64 71 76 <END> 
<S> 50 69 77 -65 / 52 67 72 76 / 53 -67 -72 -76 / 55 74 70 -72 / 76 -55 -69 -72 / 53 57 69 74 / 55 59 -69 -74 / 72 -55 -59 -74 / 48 55 64 72 <END> 
<S> 55 62 69 / 60 66 -50 -69 / 55 59 62 67 / 52 60 67 72 / 54 69 -60 -72 / 55 67 71 74 / 52 64 67 72 / 65 -52 -67 -72 / 55 67 72 / 74 -55 -67 -72 / 53 67 71 74 / 65 -43 -71 -74 <END> 
<S> 52 64 67 72 / 53 65 69 -72 / 55 62 67 71 / 64 72 -55 -67 / 65 -55 -64 -72 / 67 -55 -64 -72 / 65 69 -55 -72 / 50 -65 -69 -72 / 60 67 -65 -72 / 64 -60 -67 -72 / 59 74 -67 -72 / 57 69 72 77 / 59 67 74 79 / 77 -59 -67 -74 <END> 
<S> 57 64 72 / 55 62 -72 / 67 -55 -62 -72 / 52 60 67 72 / 59 -52 -67 -72 / 54 57 69 74 / 50 -57 -69 -74 / 52 64 68 71 62 / 52 64 68 71 <END> 
<S> 57 64 69 / 66 -57 -64 -69 / 52 59 67 71 / 50 60 65 -67 / 52 59 67 72 / 55 -52 -67 -72 / 53 65 69 74 / 50 62 -69 -74 / 55 62 69 74 / 54 -62 -69 -74 / 55 59 67 74 / 65 -55 -59 -74 <END> 
<S> 62 65 69 / 60 64 67 76 / 58 62 -67 -76 / 57 60 65 77 / 55 67 76 / 53 65 69 74 / 52 64 67 71 / 50 62 65 71 / 48 60 64 67 / 59 -48 -64 -67 <END> 
<S> 50 62 65 69 / 60 67 76 / 58 77 -60 -67 / 52 60 72 79 / 70 -52 -60 -79 / 53 60 69 77 / 55 67 70 76 / 65 69 74 -53 / 64 69 72 -55 / 47 67 74 79 / 48 52 -67 -74 <END> 
<S> 53 60 69 81 / 65 -53 -69 -81 / 55 67 71 76 / 43 74 -67 -71 / 67 -43 -67 -74 / 65 -43 -71 -74 / 48 64 67 72 / 60 64 67 72 / 53 69 74 -72 <END> 
<S> 48 64 67 72 / 60 67 -48 -72 / 55 60 67 74 / 59 -55 -67 -74 / 48 60 67 76 / 58 -48 -67 -76 / 53 57 69 72 / 54 62 -69 -72 / 55 62 67 70 / 55 59 67 74 / 53 -59 -67 -74 <END> 
<S> 57 60 69 72 / 55 -60 -69 -72 / 53 67 70 79 / 52 -67 -70 -79 / 53 69 72 77 / 67 -53 -72 -77 / 57 69 72 76 / 77 -57 -69 -72 / 59 67 74 79 / 61 70 76 <END> 
<S> 50 57 69 77 / 51 70 -57 -77 / 53 57 69 -77 / 53 57 -69 -77 / 58 62 70 77 / 52 60 -70 -77 / 53 60 69 77 / 62 71 -53 -77 / 52 72 72 76 / 53 74 -72 -81 / 55 67 71 74 / 62 67 71 74 <END> 
<S> 53 60 69 77 / 55 -60 -69 -77 / 55 60 76 -69 / 74 -60 -69 / 55 59 67 74 / 52 60 67 48 / 53 60 69 74 / 50 65 -60 -74 / 52 67 70 76 / 65 -52 -70 -76 / 57 64 72 73 / 55 65 69 -72 <END> 
<S> 53 60 69 69 / 50 65 -60 -69 / 55 59 67 -65 / 48 60 64 67 / 53 60 65 69 / 64 -53 -60 -69 / 55 62 67 71 / 56 60 64 72 / 74 -56 -60 -64 / 72 -57 -60 -64 / 55 59 62 74 <END> 
<S> 53 60 65 69 / 60 64 67 -53 / 58 62 -53 -67 / 45 52 60 72 / 43 -52 -60 -72 / 42 57 60 69 / 43 62 -60 -69 / 45 -57 -62 -69 / 47 62 67 71 / 43 -62 -67 -71 / 44 60 65 69 / 47 62 -65 -69 / 48 64 67 / 60 62 -48 -67 <END> 
<S> 43 50 59 67 / 45 52 60 -59 / 43 -52 -60 59 / 42 57 -43 -60 / 41 55 59 -41 / 43 54 57 62 / 52 -43 -57 -62 / 45 53 57 -62 / 47 50 55 62 / 48 64 -55 -57 / 47 55 62 65 / 60 -47 -55 -65 / 48 55 62 64 / 60 -55 -62 -64 / 55 59 62 / 53 -55 -59 -62 <END> 
<S> 45 52 57 60 / 47 50 57 65 / 48 55 64 -57 / 40 55 59 67 / 41 -55 -59 -62 / 40 55 60 64 / 38 -55 -60 -64 / 43 55 59 62 / 43 53 -59 -62 / 48 52 55 60 / 45 52 60 / 53 -45 -60 / 52 55 59 67 / 50 60 66 -55 / 52 55 64 67 / 53 -55 -64 -67 <END> 
<S> 41 48 60 69 / 40 50 -60 -69 / 52 59 67 71 / 60 64 67 69 / 62 66 -67 45 / 60 64 67 / 59 62 65 -67 / 57 60 64 72 / 59 62 67 74 / 60 -59 -67 -74 / 60 67 76 / 59 -60 -67 -76 / 57 60 66 77 / 72 -57 -60 -77 / 55 59 67 74 / 52 59 67 79 <END> 
<S> 59 62 67 74 / 60 76 -67 / 57 66 -60 72 / 55 59 67 74 / 52 59 68 76 / 57 60 69 72 / 56 66 74 -72 / 55 67 72 76 / 54 69 -72 -76 / 55 67 71 74 / 52 67 70 / 65 -52 -67 -70 <END> 
<S> 57 64 69 72 / 50 65 71 74 / 52 64 68 71 / 53 56 -64 -71 / 62 71 -57 / 45 57 64 69 / 59 62 -45 -69 / 52 60 64 67 / 58 -52 -64 -67 / 54 57 64 69 / 62 -54 -57 -69 / 49 64 67 71 / 51 62 66 69 <END> 
<S> 49 57 64 69 / 67 -49 -57 -64 / 50 57 62 65 / 59 -50 -62 -65 / 52 55 60 64 / 54 57 -60 -64 / 55 59 62 / 52 55 59 64 / 62 -52 -55 -71 / 57 60 64 72 / 55 59 -64 -72 / 54 57 62 -72 / 50 62 66 -72 / 55 62 67 71 / 52 60 67 72 / 50 62 71 -67 <END> 
<S> 57 64 72 -55 / 54 62 69 -72 / 55 62 71 -69 / 67 -55 -62 -71 / 50 60 69 -67 / 66 -50 -60 -69 / 55 59 62 67 / 52 64 67 72 / 54 62 69 74 / 55 62 67 71 / 55 59 62 67 / 52 60 67 72 / 48 -60 -67 -72 <END> 
<S> 54 62 69 74 / 72 -54 -62 -69 / 55 62 71 -69 / 67 -55 -62 -71 / 50 60 66 69 / 52 59 62 67 / 52 59 64 67 / 57 60 64 72 / 65 -57 -60 -72 / 60 67 76 -65 / 60 64 69 -76 <END> 
<S> 52 60 67 70 / 53 61 -67 -70 / 52 60 67 -67 / 59 -52 -67 -67 / 53 57 69 72 / 55 62 71 -69 / 56 59 65 72 / 74 -56 -65 -72 / 55 71 74 / 55 64 71 76 <END> 
<S> 58 62 65 74 / 64 -58 -74 / 57 65 72 / 74 -57 -65 / 55 59 67 74 / 60 67 76 / 59 62 67 79 / 64 -62 -67 -79 / 60 62 67 78 / 72 -62 -62 -67 / 55 62 71 -62 / 50 -62 -71 -71 <END> 
<S> 59 62 67 79 / 60 -62 -67 -79 / 55 62 71 79 / 0 / 53 55 62 71 / 52 55 60 71 / 50 54 62 69 / 60 -50 -54 -69 / 55 59 62 67 / 48 64 -55 -67 / 50 62 66 69 / 60 -50 -66 -69 <END> 
<S> 52 55 64 72 / 54 62 -64 -72 / 55 62 71 / 55 59 67 / 57 69 -55 -67 / 50 62 66 69 / 60 64 67 / 62 66 71 74 / 63 69 72 / 62 67 71 <END> 
<S> 55 62 69 74 / 67 -47 -62 -74 / 66 69 -62 -74 / 55 62 67 70 / 72 -55 -62 -67 / 50 62 69 74 / 59 67 -62 -74 / 65 69 74 / 59 67 74 / 61 65 69 74 / 60 64 -69 -74 / 59 67 74 -64 / 57 69 -67 -74 <END> 
<S> 59 67 74 / 55 67 71 74 / 48 67 72 76 / 50 65 71 77 / 69 -50 -65 -77 / 52 67 73 79 / 71 -52 -67 -79 / 53 69 72 77 / 55 71 74 79 / 57 72 76 -76 / 59 74 -72 -76 / 60 67 72 76 / 62 -67 -72 -76 <END> 
<S> 53 69 72 / 52 67 -69 -72 / 50 65 69 77 / 50 -69 -72 -77 / 55 67 74 -72 / 71 -55 -67 -74 / 52 67 72 71 / 48 67 72 76 / 71 -48 -67 -76 / 50 62 69 78 / 71 -50 -62 -78 / 51 62 71 79 / 67 -62 -71 -79 / 62 67 71 79 / 72 -62 -62 -79 <END> 
<S> 48 67 72 76 / 50 -67 -72 -76 / 52 67 72 76 / 53 -67 -72 -76 / 55 67 74 -72 / 71 -55 -67 -74 / 55 67 71 74 / 48 67 72 76 / 60 -67 -72 -76 / 59 67 74 77 / 76 -59 -67 -74 / 59 67 74 79 <END> 
<S> 47 62 67 74 / 48 67 74 76 / 72 -48 -67 -76 / 55 67 71 74 / 53 -67 -71 -74 / 52 67 72 / 70 -52 -67 / 53 60 69 77 / 65 71 -53 -77 / 55 67 72 74 / 71 -55 -67 -74 / 71 -55 -67 -74 / 65 -55 -71 -74 <END> 
<S> 53 65 69 72 / 67 -53 -65 -72 / 58 65 69 74 / 56 65 71 -74 / 55 63 69 72 / 54 62 -69 -72 / 55 62 67 71 / 60 64 69 -55 / 54 62 69 74 / 56 59 62 71 <END> 
<S> 57 64 72 / 62 -57 -72 / 64 -57 -72 / 66 74 -57 -72 / 67 71 -50 -57 / 50 -67 -71 -74 / 48 67 72 76 / 65 -67 -72 -76 / 60 67 72 76 / 59 -67 -72 -76 / 57 69 72 77 / 59 -69 -72 -77 / 60 67 72 76 <END> 
<S> 60 67 72 76 / 62 65 77 -72 / 64 67 70 79 / 62 65 -70 -79 / 60 64 72 79 / 62 74 77 -60 / 60 76 81 -67 / 62 65 77 81 / 64 -62 -69 -81 / 61 64 70 79 / 57 64 69 77 / 50 65 70 -77 <END> 
<S> 60 64 76 79 / 57 -60 -64 -79 / 59 64 74 79 / 57 60 72 -79 / 59 67 74 / 60 76 -67 -74 / 59 62 67 79 / 64 71 79 / 57 60 72 77 / 59 62 74 -77 / 60 76 -62 -74 / 47 62 74 -67 / 57 72 76 -74 / 72 -57 -72 -76 <END> 
<S> 59 62 74 79 / 61 64 76 -79 / 62 65 69 77 / 69 74 -62 -77 / 68 -62 -74 -77 / 57 69 72 76 / 60 67 76 -72 / 59 67 74 / 65 -59 -67 -74 / 60 64 67 72 / 69 74 -60 -64 / 55 62 71 74 / 53 -62 -71 -74 <END> 
<S> 60 67 76 / 59 -60 -67 -76 / 57 60 65 77 / 55 67 76 -60 / 53 60 69 74 / 50 72 77 -60 / 52 67 76 -60 / 53 59 -67 -76 / 52 60 67 74 / 59 -52 -67 -74 / 57 60 67 76 / 55 -60 -67 -76 / 54 57 69 74 / 50 59 -69 -74 / 52 59 68 76 / 60 64 69 72 / 59 62 67 71 <END> 
<S> 55 64 69 72 / 54 62 -69 -72 / 55 62 67 71 / 64 59 67 / 62 64 67 -67 / 59 62 67 69 / 60 66 69 -62 / 55 62 67 71 / 53 59 62 67 / 52 60 67 72 / 50 65 69 74 / 71 -50 -65 -74 / 48 67 72 76 / 50 77 -72 / 52 79 79 -72 / 53 -72 -76 -79 <END> 
<S> 55 62 67 71 / 60 64 67 72 / 62 65 74 / 60 64 76 / 77 -60 -64 -72 / 79 60 69 79 / 69 -60 -69 -79 / 59 67 74 79 / 65 -59 -74 -79 / 60 64 72 79 / 62 74 -72 -79 / 61 69 76 -62 / 62 69 -76 -76 / 61 69 76 -76 / 67 74 -46 -58 / 59 69 73 57 <END> 
<S> 59 67 79 / 74 77 -59 -67 / 60 67 76 -74 / 72 -60 -76 -76 / 55 67 74 -72 / 71 -55 -67 -74 / 48 67 72 76 / 59 71 74 79 / 69 -59 -74 -79 / 60 64 76 79 / 62 77 -79 / 60 64 72 79 / 62 65 -72 -79 / 64 69 72 -58 / 57 -64 -72 -79 <END> 
<S> 60 67 76 / 58 74 -67 -76 / 57 69 72 76 / 55 71 -69 -76 / 54 69 74 / 55 67 71 -74 / 52 67 70 76 / 65 -52 -70 -76 / 57 64 73 0 / 50 62 65 -45 / 67 -50 -60 -65 / 52 60 67 -65 / 53 59 62 -67 / 55 59 67 76 / 57 60 -67 -76 <END> 
<S> 59 62 67 71 / 69 -59 -62 -67 / 64 67 -59 -71 / 62 65 69 -67 / 62 64 67 / 60 62 65 / 60 64 67 / 59 -60 -64 / 57 60 64 72 / 55 59 -64 -72 / 53 57 69 72 / 52 -57 -69 -72 / 50 57 65 71 / 69 -50 -57 -71 <END> 
<S> 57 60 64 72 / 62 65 -57 -72 / 64 -57 -65 -72 / 59 62 74 79 / 67 -59 -62 -79 / 60 64 67 79 / 62 74 -67 -79 / 60 64 72 79 / 58 -64 -72 -79 / 57 64 72 81 / 55 62 71 74 <END> 
<S> 60 64 67 76 / 62 -60 -67 -76 / 55 60 67 74 / 53 59 -67 -74 / 52 60 67 72 / 48 64 -60 -72 / 50 65 74 -60 / 59 -50 -65 -74 / 52 60 67 76 / 53 -60 -67 -76 / 55 59 67 74 / 65 -55 -59 -74 / 57 60 64 72 / 55 -60 -64 -72 <END> 
<S> 55 59 67 74 / 53 -59 -67 -74 / 52 59 67 76 / 54 -59 -59 -76 / 74 59 67 / 57 60 -67 -74 / 55 59 67 74 / 53 -59 -67 -74 / 52 61 67 76 / 50 57 65 74 / 59 69 -50 -65 / 45 60 64 72 / 42 57 69 72 <END> 
<S> 57 60 64 72 / 55 59 67 74 / 53 -59 -67 -74 / 52 60 67 76 / 53 -60 -67 -76 / 55 59 67 74 / 72 -55 -59 -67 / 71 -55 -59 -67 / 48 57 67 72 / 59 64 67 72 / 56 -64 -67 -72 / 62 71 74 -56 / 69 -62 -65 -74 / 67 71 -50 46 / 55 -67 -71 -76 <END> 
<S> 52 60 67 72 / 74 -52 -60 -67 / 48 60 67 76 / 55 59 67 74 / 65 -55 -59 -74 / 57 60 64 72 / 65 -57 -60 -72 / 59 62 67 79 / 57 69 -62 -79 / 55 67 71 74 / 62 77 -55 -74 / 60 67 76 -74 / 58 74 -67 -76 / 57 65 72 76 / 70 -57 -65 -76 <END> 
<S> 57 64 69 72 / 65 -57 -69 -72 / 55 64 67 71 / 53 -55 -64 -67 / 52 62 67 71 / 50 59 -62 -67 57 / 52 60 67 76 / 53 -60 -67 -76 / 55 59 67 74 / 56 65 71 -74 / 57 60 64 72 / 48 55 64 72 / 55 62 71 71 / 55 -62 -71 -71 <END> 
<S> 55 60 67 74 / 74 -55 -67 / 65 -55 -67 -74 / 48 64 67 72 / 60 64 67 72 / 59 62 67 79 / 60 67 76 / 55 -60 -67 -76 / 54 69 74 -60 / 55 59 67 -74 / 65 -55 -59 -74 / 60 64 67 72 / 74 -60 -64 -67 <END> 
<S> 60 67 74 / 59 -67 -74 / 57 67 72 / 60 -67 -72 / 55 67 71 74 / 59 67 74 79 / 60 67 72 77 / 71 -60 -67 -77 / 60 72 -67 -76 / 62 74 -67 -72 / 64 67 72 / 65 71 74 <END> 
<S> 60 67 72 75 / 62 65 70 74 / 72 63 68 42 / 62 65 70 -56 / 60 63 67 75 / 69 -60 -63 -75 / 58 65 70 74 / 56 65 72 / 55 67 -72 / 53 68 74 77 / 72 -53 -68 -74 / 55 67 71 74 / 43 -67 -71 -74 <END> 
