<S> 65 68 72 / 63 -65 -68 -72 / 62 65 69 74 / 71 -62 -65 -74 / 60 67 72 75 / 58 -67 -72 -75 / 56 68 72 77 / 55 62 71 79 / 53 62 71 79 <END> 
<S> 55 62 71 79 / 53 62 71 79 / 51 60 72 79 / 50 65 -72 -79 / 48 63 -72 79 / 62 77 -51 / 60 67 75 -48 / 55 58 70 75 / 56 60 -70 -75 / 58 62 65 74 / 56 60 -65 -74 <END> 
<S> 57 63 72 77 / 58 62 70 -77 / 68 -58 -62 -77 / 51 63 67 75 / 58 62 70 77 / 56 -62 -70 -77 / 55 62 70 77 / 72 -55 -62 -77 / 53 63 70 79 / 55 -63 -70 -79 / 56 72 -63 -79 / 58 62 70 77 <END> 
<S> 53 63 70 79 / 55 -63 -70 -79 / 53 65 70 80 / 51 -65 -70 -80 / 50 58 -70 77 / 68 -50 -58 -77 / 51 55 70 75 / 53 69 74 -75 / 55 67 71 74 / 65 -55 -71 -74 / 56 63 72 / 55 -63 -72 <END> 
<S> 55 62 67 71 / 53 -62 -67 -71 / 51 63 67 72 / 50 62 -67 -72 / 48 55 67 74 / 72 -48 -67 -74 / 51 59 67 74 / 60 68 -51 -74 / 55 62 67 71 / 53 -62 -67 -71 / 51 63 67 70 / 53 -63 -67 -70 <END> 
<S> 48 63 67 72 / 56 -48 -63 -72 / 55 62 67 71 / 51 55 67 72 / 50 65 74 -55 / 48 60 67 75 / 53 60 65 68 / 55 59 67 -65 / 56 60 63 -67 / 65 -56 -60 <END> 
<S> 51 60 67 72 / 50 -60 -67 -72 / 52 60 67 / 48 53 -60 -67 / 53 56 60 68 / 58 -53 -67 -68 / 48 60 67 68 / 49 -60 -65 -68 / 44 60 65 68 / 41 -60 -65 -68 / 60 63 65 68 / 58 62 -65 -68 <END> 
<S> 44 60 65 / 63 -44 -60 -65 / 46 61 65 68 / 53 62 -65 -68 / 60 63 67 / 56 60 -60 -67 / 55 59 62 67 / 53 56 -62 -71 / 51 55 67 70 / 50 65 -67 -70 / 48 63 67 72 / 53 60 68 74 / 55 58 67 74 / 56 60 65 -74 / 50 58 65 68 / 51 58 67 -65 <END> 
<S> 51 63 67 72 / 48 -63 -67 -72 / 53 65 68 -72 / 63 -53 -68 -72 / 55 62 67 71 / 65 -55 -62 -71 / 48 55 63 72 / 50 -55 -63 -72 / 51 60 67 68 / 53 -60 -67 -67 / 55 60 67 / 58 62 -55 -67 / 56 60 63 / 55 58 62 65 / 53 56 63 72 / 51 55 63 70 / 68 -51 -55 -70 <END> 
<S> 52 55 67 72 / 53 57 65 -72 / 55 58 65 74 / 56 60 -65 -74 / 55 59 67 74 / 60 67 72 75 / 62 65 70 77 / 63 70 79 / 62 -63 -70 -79 / 60 63 67 75 / 69 -60 -63 -75 / 58 65 70 74 / 56 -65 -70 -74 <END> 
<S> 60 67 75 / 58 62 -67 -75 / 56 63 72 / 55 -63 -72 / 53 68 74 -72 / 67 71 -53 -74 / 65 -53 -71 -74 / 51 63 72 / 50 65 -63 -72 / 51 63 67 70 / 53 62 -67 -70 / 51 60 67 72 / 58 74 -51 -67 -72 / 53 60 68 72 / 51 67 -60 -72 <END> 
<S> 51 68 -63 -68 / 53 -51 -63 -67 / 51 58 67 / 68 -51 -58 -67 / 50 58 65 67 / 51 58 63 -67 / 48 60 63 68 / 58 -48 -63 -68 / 44 56 65 68 / 58 -44 -65 -68 / 60 67 -65 / 64 -60 -67 / 62 65 -48 -72 / 63 -60 -65 / 59 62 67 -65 / 77 -59 -62 -67 / 39 60 67 76 / 53 -60 -67 -75 <END> 
<S> 44 60 63 72 / 56 60 -63 -72 / 53 56 65 72 / / 74 -53 -60 -65 / 60 63 -53 -60 / 56 59 62 -56 / 55 -56 -59 -62 / 60 -56 -56 / 55 59 -50 / 53 56 59 65 / 45 -53 -57 -65 / 47 55 62 -65 / 43 -55 -62 -65 / 48 55 63 -62 / 60 -48 -55 -63 / 41 56 60 65 / 43 55 59 62 / 53 -43 -59 -62 <END> 
<S> 50 57 62 65 / 55 58 -62 -65 / 53 57 60 / 62 -53 -57 / 55 60 63 / 44 53 60 65 / 55 -44 -60 / / 56 59 65 / 53 60 64 / 51 55 60 67 / 53 56 60 68 / 55 -53 -60 -68 / 50 56 65 71 / 54 -50 -65 -71 / 52 55 64 67 / 62 -52 -55 -67 / 53 60 57 69 / 51 58 -60 -69 <END> 
<S> 53 57 60 -67 / 65 -53 -57 -60 / 55 59 65 / 48 60 63 / 56 60 -48 -63 / 50 -56 -60 -63 / 51 58 58 67 / 53 68 -58 -58 / 51 58 63 67 / 41 68 -58 -63 / 46 58 65 68 / 44 60 63 68 / 62 -44 -60 -68 / 46 58 63 67 <END> 
<S> 50 53 65 70 / 51 58 67 -70 / 53 63 68 72 / 51 -63 -68 -72 / 50 65 68 71 / 55 62 67 -71 / 53 60 65 69 / 51 -60 -65 -69 / 50 62 65 -69 / 63 -50 -65 -72 / 55 62 67 71 / 60 63 67 72 / 58 62 -67 -72 <END> 
<S> 50 62 65 70 / 51 -62 -65 -70 / 53 60 65 69 / 51 -60 -65 -69 / 50 58 65 70 / 46 -58 -65 -70 / 51 58 63 67 / 62 -51 -51 -67 / 51 60 63 67 / 58 -51 -63 -67 / 56 60 65 -63 / 55 58 62 67 <END> 
<S> 51 63 67 72 / 60 -51 -67 -72 / 47 65 68 74 / 67 75 -65 -74 / 65 67 74 / 64 67 -67 -74 / 65 65 71 / 60 63 -65 -71 / 59 62 67 -65 / 60 64 -67 -46 / 65 -60 -67 -75 / 52 67 72 -60 / 53 60 68 -72 / 55 62 67 71 / 43 60 67 71 / 62 -43 -67 -71 <END> 
<S> 56 60 63 72 / 62 74 -56 -60 / 55 60 67 72 / 53 -55 -67 -72 / 55 62 67 74 / 65 -55 -67 -74 / 48 63 67 72 / 53 65 68 72 / 51 67 70 / 63 -51 -67 -70 / 50 65 68 74 / 71 -50 -65 -68 / 48 63 67 72 / 55 -67 -63 -72 <END> 
<S> 51 67 72 75 / 53 -67 -72 -75 / 55 67 71 74 / 51 58 67 79 / 60 -51 -67 -79 / 58 62 67 77 / 68 -58 -62 -77 / 60 63 67 75 / 62 65 -67 -75 / 63 67 72 / / 59 -67 -72 / 57 60 72 77 / 55 -60 -72 -77 <END> 
<S> 60 63 67 75 / 58 62 -67 -75 / 56 60 72 75 / 55 70 -60 -75 / 53 60 68 74 / 55 59 67 -74 / 56 60 67 72 / 65 74 -56 -65 / 50 58 67 70 / 65 69 -55 -58 / 63 67 70 -55 / 62 65 -51 -70 / 51 60 67 75 / 58 -60 -67 -75 / 56 60 68 77 / 55 -60 -68 -77 <END> 
<S> 55 58 70 75 / 56 60 65 77 / 67 -56 -60 -77 / 55 68 -60 -77 / 53 60 68 75 / 47 62 67 77 / 63 67 75 79 / 65 69 77 -60 / 75 -60 -68 -75 / 58 74 77 -68 / 62 67 -58 -77 / 57 60 75 -65 / 58 62 67 77 / 58 -62 -67 -77 <END> 
<S> 60 63 72 80 / 62 65 70 77 / 63 79 -70 -70 / 68 -58 -63 -79 / 59 62 67 77 / 60 67 75 / 55 59 67 74 / 51 60 67 79 / 62 -51 -67 -79 / 48 63 72 79 / 50 65 -72 -79 / 51 67 72 79 / 53 -67 -72 -79 / 48 67 72 75 / 65 68 -72 -75 <END> 
<S> 60 63 67 75 / 62 65 -67 -75 / 63 68 72 75 / 62 65 -72 -75 / 63 67 70 79 / 62 65 -70 -79 / 60 63 72 -55 / 53 62 -72 44 / 56 63 72 77 / 70 -56 -63 -77 / 61 65 68 77 / 53 67 70 -77 / 55 70 75 79 / 56 72 77 -75 <END> 
<S> 56 60 65 77 / 58 62 70 -77 / 68 -58 -62 -77 / -68 59 67 75 / 51 58 -67 -75 / 57 60 65 -51 / 50 59 65 68 / 51 60 67 / 53 -60 -67 -75 / 55 59 67 74 / 65 -55 -59 -74 / 56 60 63 72 / 55 58 -63 -72 / 53 56 68 74 / 58 -53 -68 -74 <END> 
<S> 55 59 67 75 / 56 60 -67 -75 / 62 74 -56 -60 / 59 -43 -62 -68 / 65 -43 -59 -62 / 48 55 60 63 / 51 58 60 67 / 53 60 68 / 51 55 58 67 / 56 56 60 72 / 62 -56 -60 -72 / 55 60 62 67 / 53 59 68 -55 / 57 -53 -53 -68 <END> 
<S> 56 60 63 72 / 55 -60 -63 -72 / 53 65 68 72 / 54 63 -68 -72 / 62 -54 -63 -72 / 55 63 69 72 / 55 -63 -69 -72 / 54 63 69 72 / 55 62 67 70 / 60 64 67 72 / 58 62 74 -67 / 57 60 72 76 / 55 -60 -72 <END> 
<S> 57 63 72 / 55 65 -72 / 63 67 -72 / 65 74 / 59 -65 -67 -74 / 60 63 67 75 / 62 -60 -67 -75 / 56 60 65 75 / 55 58 67 75 / 53 60 68 77 / 62 -53 -68 -77 / 60 63 67 75 / 65 74 -60 -60 / 58 67 72 75 / 74 -51 -67 -72 <END> 
<S> 60 68 75 -65 / 58 62 70 74 / 56 63 72 / 55 70 -63 -72 / 53 68 74 77 / 67 72 -53 -77 / 55 62 71 79 / 53 -62 -71 -79 / 51 60 79 -79 / 50 60 -79 -79 / 48 60 67 79 <END> 
<S> 55 63 70 75 / 56 62 65 77 / 60 63 67 79 / 59 62 -67 -79 / 60 68 77 / 55 59 67 74 / 48 67 75 <END> 
<S> 56 63 72 / 65 74 -56 -72 / 55 67 72 75 / 53 68 77 -72 / 63 70 72 -53 / 65 68 72 -75 / 63 67 70 75 / 65 68 72 -63 / 63 67 70 <END> 
<S> 63 67 70 / 63 -60 -67 -70 / 60 63 67 70 / 69 -60 -63 -67 / 58 63 70 / 56 65 -58 -70 / 51 58 67 70 / 65 -51 -67 -70 / 67 75 -51 -67 / 65 -51 -67 -75 / 50 65 72 -51 / 51 63 -72 / 50 53 65 -72 / 62 71 -53 <END> 
<S> 63 68 -46 -68 / 50 65 -68 -68 / 51 67 63 67 / 70 -51 -67 / 50 53 65 69 / 51 -53 -65 -69 / 47 50 65 71 / 51 67 -47 / -71 48 -56 -67 / 45 60 72 -51 / 50 54 63 -72 / 62 -50 -54 -72 / 48 55 60 63 / 46 -55 -60 -63 / 44 56 60 65 / 43 -56 -60 -65 <END> 
<S> 48 51 55 67 / 60 -51 -67 / 50 53 65 70 / 68 -50 -53 -65 / 51 55 63 67 / 53 60 68 46 / 58 -53 -68 -68 / 48 60 67 68 / 64 -48 -60 -68 / 44 60 65 -68 / 67 -48 -60 -65 / 58 62 65 -48 / 47 56 -62 -65 <END> 
<S> 48 60 65 68 / 51 -60 -65 -68 / 55 58 67 70 / 56 60 68 / 55 63 67 70 / 65 -55 -67 -70 / 53 63 67 72 / 48 -63 -67 -72 / 50 65 68 72 / 58 67 70 74 / 68 -58 -65 -74 / 67 63 67 75 / 65 68 74 <END> 
<S> 53 68 -58 -67 / 74 -53 -58 -68 / 51 58 67 75 / 63 67 72 -75 / 65 74 77 -48 / 60 75 -65 -68 / 58 62 70 77 / 56 -62 -70 -77 / 55 63 70 77 / 53 65 -70 -77 / 51 67 70 75 / 63 70 75 <END> 
<S> 53 68 77 -63 / 60 -53 -68 -77 / 58 62 70 -77 / 63 -58 -70 -77 / 57 65 72 -70 / 55 63 70 -72 / 53 65 70 72 / 58 62 70 77 / 56 65 72 -77 / 55 63 70 75 / 53 65 68 -75 / 51 63 67 75 / 56 65 72 -75 / 63 67 70 75 / 68 77 -63 <END> 
<S> 53 63 68 72 / 51 58 -68 -72 / 56 60 68 72 / 55 70 -60 -68 / 53 60 68 68 / 55 59 67 -53 / 56 60 65 -53 / 58 -48 -65 -65 / 48 60 64 67 / 58 62 67 -48 -55 / 56 60 64 -48 / 51 55 58 -60 <END> 
<S> 53 60 65 68 / 63 -53 -60 -68 / 55 59 62 67 / 55 59 62 67 / 53 -59 -62 -67 / 51 60 67 72 / 50 -60 -67 -72 / 48 65 74 -72 / 47 67 74 -74 / 48 67 75 -74 / 51 72 -67 -75 <END> 
<S> 48 60 67 75 / 55 72 -67 -75 / 56 74 -67 -72 / 65 71 -56 -74 / 63 72 -56 -71 / 69 -55 -63 -72 / 59 62 71 74 / 60 67 72 75 / 58 -67 -72 -75 / 56 60 72 77 / 55 70 75 -60 / 53 68 74 -60 / 55 59 67 -74 / 56 60 65 -74 / 72 -56 -60 -65 <END> 
<S> 60 67 72 75 / 58 -67 -72 -75 / 56 60 72 77 / 55 70 -60 -77 / 53 65 68 72 / 74 -53 -65 -68 / 48 63 67 75 / 69 -48 -63 -75 / 50 65 70 74 / 51 -65 -70 -74 / 53 65 70 -70 / 51 60 -70 -70 / 53 60 69 68 / 58 62 65 -69 / 63 67 -58 -63 / 57 60 65 / 43 59 62 67 <END> 
<S> 46 65 70 74 / 53 68 72 75 / 74 -53 -68 -72 / 55 67 71 74 / 65 -55 -71 -74 / 48 63 67 72 / 60 67 72 75 / 58 -67 -72 -75 / 56 60 72 75 / 55 70 -60 -75 / 53 60 68 74 / 55 59 67 -74 / 56 60 67 72 / 65 -56 -60 -72 <END> 
<S> 60 63 67 72 / 58 62 -67 -72 / 56 60 65 72 / 55 67 -60 -72 / 54 60 69 74 / 50 -60 -69 -74 / 55 59 67 -74 / 72 -55 -59 -67 / 43 59 67 74 / 48 47 -67 -74 / 72 75 -48 -67 / 50 65 70 74 / 75 -65 -70 <END> 
<S> 47 62 67 79 / 48 63 67 72 / 43 59 67 74 / 65 -47 -67 -74 / 48 63 67 72 / 57 62 65 77 / 55 64 67 72 / 53 62 68 74 / 60 63 75 -68 / 65 68 74 -60 / 59 67 -65 -74 / 60 67 75 / 58 -60 -67 -75 <END> 
<S> 56 63 68 72 / 60 -56 -68 -72 / 55 62 67 71 / 43 59 62 67 / 48 60 63 67 / 46 -60 -63 -67 / 45 60 65 -63 / 47 -60 -65 / 48 55 60 64 / 53 60 68 -48 / 52 55 60 67 / 58 -52 -60 -67 / 53 56 60 65 / 53 56 60 65 / 55 58 62 67 / 56 -58 -62 -67 <END> 
<S> 44 56 60 65 / 55 63 75 / 46 -55 -63 -70 / 44 60 63 68 / 50 -60 -63 -68 / 51 58 63 67 / 58 -51 -67 / 39 55 60 67 / 59 62 -55 -67 / 57 60 65 / 59 62 -65 / 60 64 67 -48 / 57 62 -67 -64 / 43 60 67 59 / 59 -43 -67 -71 <END> 
<S> 59 62 67 71 / 55 59 -67 -67 / 57 60 65 -67 / 59 62 67 -53 / 52 60 67 70 / 53 60 65 68 / 58 64 -53 -68 / 62 65 -53 -68 / 60 63 67 / 62 65 -60 -67 / 60 63 67 75 / 58 -60 -67 -75 / 56 60 65 77 / 55 -60 -65 -77 <END> 
<S> 60 63 67 72 / 58 62 -67 -72 / 56 60 65 72 / 55 67 -60 -72 / 53 60 68 74 / 55 59 67 74 / 56 60 65 -74 / 48 60 64 67 / 59 -48 -64 -67 / 53 56 65 72 / 51 -56 -65 -72 / 50 58 65 70 / 51 63 -58 -70 <END> 
<S> 48 60 67 75 / 55 59 67 74 / 0 / 48 63 67 72 / 69 -48 -63 -72 / 50 62 71 77 / 51 67 72 79 / 53 -67 -70 -79 / 55 67 71 -79 / 77 -55 -67 -71 <END> 
<S> 50 65 72 77 / 71 -50 -65 -77 / 51 67 72 75 / 53 -67 -72 -75 / 55 67 71 74 / 65 -55 -71 -74 / 56 63 72 / 55 70 -63 -72 / 57 65 72 77 / 53 67 74 -72 / 55 71 -60 -74 / 56 60 72 / 65 74 -56 -60 <END> 
<S> 56 63 72 / 55 65 -72 / 53 67 72 -72 / 68 -53 -56 -72 / 55 62 71 74 / 48 63 67 72 / 60 63 67 72 / 58 -63 -67 -72 <END> 
<S> 48 64 67 72 / 60 -48 -67 -72 / 55 60 67 74 / 59 -60 -67 -74 / 58 60 67 74 / 56 72 -58 -74 / 55 70 74 -58 / 56 60 -70 -74 / 55 58 70 75 / 53 56 -70 -75 <END> 
<S> 53 56 65 74 / 72 -53 -56 -65 / 55 58 65 70 / 63 -55 -58 -70 / 56 63 72 / 55 -63 -72 / 53 68 74 -72 / 55 67 71 -74 / 65 -55 -71 -74 / 48 55 63 72 / 48 63 72 79 <END> 
<S> 55 60 67 75 / 53 -60 -67 -75 / 55 59 67 74 / 65 -55 -59 -74 / 48 60 63 72 / 60 67 75 / 58 -60 -67 -75 / 56 60 68 75 / 55 -60 -68 -75 / 53 60 68 74 / 55 59 67 -74 / 56 60 65 72 / 74 -56 -60 -65 <END> 
<S> 56 60 67 72 / 65 -56 -60 -72 / 55 60 67 74 / 59 -55 -67 -74 / 0 / 53 63 68 72 / 57 65 -68 -72 / 59 65 67 74 / 65 -59 -67 -74 / 60 63 67 75 / 58 62 -67 -75 / 56 60 72 77 / 55 -60 -72 -77 <END> 
<S> 60 63 67 72 / 56 62 72 -67 / 65 -56 -56 -72 / 55 67 71 74 / 63 -55 -71 -74 / 65 -55 -71 -74 / 48 63 67 72 / 60 63 72 79 / 58 65 74 82 <END> 
<S> 56 60 68 75 / 55 -60 -68 -75 / 53 62 68 77 / 63 -53 -68 -77 / 59 62 67 79 / 77 -62 -67 / 60 63 67 72 / 58 74 -67 -67 / 56 60 72 75 / 55 -60 -72 -75 <END> 
<S> 48 63 67 75 / 60 67 72 -75 / 55 67 71 74 / 53 -67 -71 -74 / 51 67 72 75 / 53 -67 -72 -75 / 55 67 71 74 / 65 -55 -71 -74 / 56 63 72 / 70 -56 -63 -72 <END> 
<S> 55 67 71 75 / 63 -55 -67 -75 / 60 67 75 / 58 -67 -75 / 56 63 72 77 / 58 62 -68 -77 / 51 63 67 75 / 48 55 63 75 / 53 56 65 74 / 55 59 67 74 / 56 60 65 -74 <END> 
<S> 56 60 65 68 / 55 -60 -65 -68 / 53 61 65 70 / 52 -61 -65 -70 / 53 60 65 70 / 56 60 65 -70 / 53 65 68 72 / 63 -53 -68 -72 / 55 62 67 71 <END> 
<S> 55 63 70 / 62 -55 -70 / 56 60 67 72 / 65 -56 -60 -72 / 55 59 65 74 / 63 -55 -59 -74 / 57 60 65 75 / 74 -56 -65 / 55 58 64 70 / 53 65 68 -70 / 51 67 -53 -65 / 48 52 64 68 / 49 55 -64 -68 <END> 
<S> 53 56 60 68 / 55 59 67 -53 / 60 56 60 -67 / 58 62 65 / 53 -58 -62 -65 / 52 55 60 67 / 53 62 65 -55 / 63 -55 -53 -65 / 59 62 -53 -55 / 53 51 60 -59 / 62 -53 -48 -60 / 55 58 63 70 / 53 56 65 68 / 51 58 63 67 / 56 60 65 68 / 59 62 -56 -68 <END> 
<S> 56 62 63 / 70 -56 -63 / 55 62 -63 -70 / 53 61 -62 -70 / 51 60 63 67 / 53 -60 -63 -67 / 55 62 67 70 / 46 62 67 70 / 65 -46 -62 -70 / 44 58 65 70 / 51 60 63 -65 -70 / 48 60 63 -65 / 46 -60 -63 -65 / 44 58 63 70 / 41 56 68 -63 / 62 -41 -56 -68 <END> 
<S> 46 58 65 68 / 46 62 -65 -68 / 51 58 63 67 / 58 65 -51 -55 / 49 55 58 -65 / 48 63 -58 -67 / 46 58 65 -63 / 62 -46 -58 -65 / 48 60 63 -58 / 57 -48 -60 -63 / 55 58 63 72 / 54 57 -63 -72 / 55 62 67 70 / 63 -55 -67 -70 / 69 -55 -63 -67 / 43 62 67 70 / 53 -62 -67 -70 <END> 
<S> 48 63 65 69 / 51 60 -65 -69 / 46 58 65 70 / 51 58 63 67 / 62 65 -58 -51 / 51 58 63 67 / 55 -51 -58 -67 / 48 75 -55 -67 / 44 -48 -55 -63 / 39 55 60 -63 / 58 62 -48 -55 / 53 56 60 / 59 -53 -53 -53 <END> 
<S> 48 63 67 / 46 61 -67 / 45 60 65 72 / 46 58 62 -72 / 39 55 63 -72 / 54 57 62 -72 / 43 55 62 71 / 53 -43 -62 -71 / 48 55 63 72 / 55 59 67 74 <END> 
