<S> 41 53 57 60 / 59 62 -41 -53 / 48 55 60 64 / 43 55 59 62 / 53 -43 -59 -62 / 45 52 57 60 / 38 53 57 59 / 40 52 56 -59 / 50 -40 -56 -59 / 45 48 57 / 45 57 61 64 <END> 
<S> 38 53 57 60 / 40 52 -57 -60 / 55 50 -57 -60 / 59 -43 -55 -62 / 55 -47 -62 -55 / 45 52 -55 -59 / 53 -52 -59 -60 / 45 52 57 60 / 47 50 55 67 / 48 55 64 -55 / 50 -48 -55 -64 / 40 48 60 -55 / 41 57 60 -60 / 43 55 59 62 / 44 52 60 67 <END> 
<S> 48 52 55 64 / 50 -48 -55 -64 / 40 48 -55 -64 / 41 57 -48 -64 / 43 55 59 62 / 43 55 59 62 / 48 55 60 64 / 47 50 57 66 / 45 -50 -57 -62 / 47 55 59 67 / 48 55 60 63 / 53 62 -48 -60 <END> 
<S> 47 52 60 67 / 48 52 -60 -67 / 50 53 59 67 / 48 52 -60 -67 / 43 50 59 67 / 45 48 60 69 / 47 50 57 62 / 48 52 55 64 / 50 55 -52 -64 / 36 52 64 67 / 38 53 62 -67 <END> 
<S> 48 52 55 64 / 50 -48 -55 -64 / 48 52 57 67 / 50 59 -57 -67 / 52 55 60 67 / 53 62 -55 -67 / 57 60 64 -53 / 58 62 -53 -53 / 55 60 64 / -55 -60 -55 57 / 57 60 65 / 58 64 -57 -60 / 65 -57 -60 59 / 59 62 67 -65 / 61 -59 -62 -67 <END> 
<S> 53 60 65 / 55 64 -53 -60 / 41 -55 -60 -64 / 43 55 62 -60 / 53 59 -43 -62 / 55 -43 -59 -62 / 45 52 55 60 / 57 -52 -55 / 47 55 62 67 / 48 55 64 / 50 53 65 69 / 52 55 62 -65 / 53 57 60 -55 / 58 62 -53 -57 / 52 55 60 64 / 50 65 -55 -60 <END> 
<S> 48 52 55 60 / 50 53 -55 -60 / 55 52 59 -50 / 53 57 60 / / 52 55 60 / 48 50 55 -60 / 52 55 60 67 / 53 69 -55 -60 / 55 59 62 / 57 -55 -59 -62 / 55 59 62 / 53 -55 -59 -62 / 52 55 60 64 / 50 -55 -60 -64 / 52 55 60 / 48 52 55 -60 <END> 
<S> 50 53 65 -60 / 59 -50 -53 -65 / 52 55 60 64 / 53 -55 -60 -64 / 55 59 62 / 53 55 61 64 / 52 57 62 65 / 50 -57 -65 -65 / 52 55 64 67 / 53 57 62 -67 / 43 59 62 67 / 48 64 -62 -67 / 50 62 62 69 <END> 
<S> 50 57 62 65 / 55 59 -50 -65 / 40 55 60 -55 / 41 53 -55 -60 / 43 55 59 62 / 40 52 60 67 / 41 53 60 69 / 71 -53 -60 -69 / 54 62 69 71 / 52 64 68 71 / 69 -52 -64 -71 / 51 64 69 72 / 67 -64 -64 -72 / 65 -64 -69 -72 <END> 
<S> 0 <END> 
<S> 0 <END> 
<S> 80 -82 -67 / 63 65 67 / 62 65 -67 / 63 60 63 67 / 58 -60 -63 -67 <END> 
<S> 60 63 67 72 / 58 62 -67 -72 / 57 60 65 72 / 55 67 -60 -72 <END> 
<S> 60 67 72 / 64 -60 -67 -72 / 54 65 69 72 / 53 62 -69 -72 / 58 65 74 -72 / 63 -58 -65 -74 / 57 65 72 77 / 55 70 75 79 <END> 
<S> 58 65 70 74 / 60 -65 -70 -74 / 58 65 72 77 / 57 -65 -72 -77 / 58 65 70 74 / 56 -65 -70 -74 / 63 70 -56 / 55 -63 -70 / 56 63 68 72 / 58 -64 -68 -72 <END> 
<S> 53 60 68 -67 / 65 -53 -60 -68 / 48 60 65 67 / 46 -60 -65 -67 / 53 60 65 68 / 51 -60 -65 -68 / 50 62 70 -65 / 46 -62 -65 -70 / 48 60 63 -70 / 69 -48 -60 -63 / 47 62 67 70 / 48 63 67 70 / 50 62 66 -70 <END> 
<S> 43 60 63 -67 / 58 62 -48 -67 / 53 56 60 / 59 -53 -53 -56 / 55 60 -53 / 41 53 62 -53 / 50 55 58 63 / 48 55 -55 -63 / 46 53 56 65 / 41 53 58 62 / 44 53 60 -58 / 46 56 53 62 / 55 59 62 / 56 60 -55 58 / 55 59 62 / 51 -55 -59 -62 <END> 
<S> 50 53 58 65 / 51 55 -58 -65 / 53 57 60 65 / 50 62 -57 -65 / 55 58 63 70 / 53 57 62 -70 / 51 55 63 70 / 55 -51 -63 -67 / 48 63 67 / 46 58 -67 -67 / 53 60 68 -67 / 65 -53 -60 -68 / 48 60 65 67 / 64 -48 -60 -67 / 58 -48 -64 -67 / 41 56 65 / 53 -41 68 -58 <END> 
<S> 51 58 67 72 / 50 -58 -67 -72 / 48 65 67 74 / 47 -65 -67 -74 / 48 60 75 -67 / 72 -48 -60 -75 / 70 -48 -60 -75 / 58 65 74 77 / 53 75 -65 -74 / 55 67 74 82 / 75 -55 -67 -74 / 71 77 -55 -67 / 65 -55 -71 -77 / 48 63 67 72 / 60 63 67 72 / 58 62 -67 -72 <END> 
<S> 55 67 71 75 / 53 -67 -71 -75 / 74 -50 -59 -67 / 44 72 -67 -74 / 65 72 -55 -60 / 63 67 -55 -60 / 59 -55 -67 / 53 60 65 68 / 55 59 67 -65 / 48 60 63 -67 / 53 60 65 68 / 51 58 63 67 / 57 65 -51 -63 / 58 64 -48 -65 / 60 65 -51 -58 / 55 58 63 70 / 53 -58 -63 -70 / 68 -53 -58 -63 <END> 
<S> 55 60 63 67 / 53 56 62 65 / 55 58 63 62 / 56 -58 -63 -67 / 58 62 65 / 63 -58 -65 / 46 58 62 65 / 56 -46 -62 -65 / 48 55 62 63 / 45 -55 -62 -63 / 47 55 62 / 48 63 -55 -55 / 50 53 65 70 / 51 58 -43 -65 / 53 56 60 / 44 -53 -56 -60 <END> 
<S> 44 60 63 65 / 46 58 62 -65 / 51 58 63 67 / 47 62 67 74 / 48 67 75 -62 / 50 -62 -67 51 / 51 60 67 79 / 53 -60 -67 -79 / 55 60 67 74 / 72 -55 -60 -67 / 43 59 67 74 / 65 -43 -59 -74 <END> 
<S> 48 67 75 -62 / 50 60 -67 -75 / 51 67 72 75 / 53 -67 -72 -75 / 55 67 72 74 / 71 -55 -67 -74 / 55 67 71 74 / 60 67 72 75 / 58 -67 -72 -75 / 56 66 72 75 / 58 70 -68 -75 / 56 60 68 75 / 55 70 -60 -75 <END> 
<S> 48 67 72 75 / 60 -67 -72 -75 / 59 67 74 77 / 60 67 75 / 58 62 -67 -75 / 56 63 72 / 55 -63 -72 / 53 68 72 74 / 50 65 -72 -74 / 55 67 71 -74 / 63 67 72 / 65 74 -67 -72 / 59 67 74 / 65 -43 -71 -74 <END> 
<S> 47 68 74 -65 / 48 -68 -74 -77 / 47 62 67 77 / 43 -62 -67 -77 / 48 67 72 75 / 51 -67 -72 -75 / 53 68 72 74 / 55 65 71 -74 / 56 63 72 / 74 -56 -64 -72 / 55 67 71 74 / 53 67 70 74 / 51 -67 70 75 <END> 
<S> / 63 68 72 75 / 74 -68 -68 -75 / 67 70 75 -60 / 58 -67 -70 -75 / 56 68 72 77 / 55 -68 -72 -77 / 53 70 72 75 / 53 68 72 77 / 74 -53 -68 -77 <END> 
<S> 56 60 72 77 / 53 -60 -72 -77 / 55 67 70 74 / 77 -55 -70 / 48 72 -55 -67 / 50 65 -72 -72 / 51 62 67 71 / 48 63 67 72 / 50 65 65 74 / 51 63 67 72 / 53 62 65 -72 / 51 58 67 70 <END> 
<S> 48 63 67 72 / 60 67 -48 -72 / 55 59 67 74 / 60 63 67 / 59 -60 -63 / 53 56 60 68 / 58 62 -53 -68 / 48 60 63 67 / 60 -60 -64 -67 <END> 
<S> 56 60 65 72 / 55 -60 -65 -72 / 53 65 69 72 / 56 -65 -69 -72 / 63 67 69 72 / 62 -67 -72 / 60 69 -67 -72 / 62 65 71 74 / 63 67 72 / 60 65 -67 -72 <END> 
<S> 63 68 72 / 60 -63 -69 -72 / 55 62 67 70 / 53 -62 -67 -70 / 51 67 72 -67 / 66 -51 -67 -72 / 48 63 67 -72 / 55 -63 -67 -72 / 60 67 75 / 58 -60 -67 -75 / 56 60 68 75 / 55 -60 -68 -75 / 53 60 68 77 / 51 -60 -68 -77 <END> 
<S> 60 67 75 / 58 -60 -67 -75 / 56 60 68 75 / 55 -60 -68 -75 / 53 60 68 74 / 55 59 67 -74 / 56 60 67 72 / 65 -56 -60 -72 / 50 62 65 71 / 68 -50 -65 -71 / 51 63 67 70 / 60 -51 -67 -70 / 55 59 67 74 / 53 68 74 -53 / 55 76 -53 -74 / 56 74 77 / 58 67 -74 <END> 
<S> 56 60 63 72 / 65 74 -56 -60 / 51 67 72 75 / 53 -67 -72 -75 / 55 67 71 74 / 48 67 72 75 / 50 65 -67 -72 / 51 67 72 / 53 -67 -72 / 63 67 72 -53 / 54 -67 -72 -75 / 55 67 71 74 / 63 67 72 / 62 -67 -72 / 60 67 74 / 59 -67 -74 / 65 -55 -59 -74 <END> 
<S> 56 68 72 -63 / 55 -56 -63 -72 / 53 56 65 72 / 58 -53 -65 -72 / 51 60 67 -72 / 53 65 69 72 / 55 63 70 -69 / 62 65 -55 -70 / 60 63 72 -55 / 57 60 65 -72 / 59 74 67 -65 / 60 67 75 / 68 -60 -67 -75 / 55 62 71 79 / 56 -62 -71 -79 <END> 
<S> 56 60 63 72 / 55 -60 -63 -72 / 53 56 68 72 / 58 65 74 -53 / 60 67 75 / 65 69 74 -60 / 59 67 -65 -74 / 64 72 -59 -67 / 57 65 72 77 / 59 67 74 -77 / 60 67 72 75 / 55 67 71 74 <END> 
<S> 59 62 67 74 / 58 63 45 57 62 66 -46 -50 -62 / 55 62 67 71 / 53 -62 -67 -71 / 51 63 67 72 / 50 65 69 -72 / 51 67 70 / 53 60 65 68 / 45 -53 -60 -68 <END> 
<S> 48 63 67 68 / 63 -48 -67 -68 / 50 62 65 -68 / 51 60 63 67 / 59 62 -43 -67 / 53 60 69 -67 / 55 59 67 -53 / 52 60 -55 -67 / 57 60 65 -55 / 55 59 62 -65 / 43 55 62 67 / 48 55 62 70 / 53 -48 -62 -70 <END> 
<S> 50 57 60 66 / 55 59 62 67 / 53 57 62 -67 / 52 60 67 / 53 59 65 -53 / 51 55 60 63 / 56 -48 -60 -63 / 55 59 63 / 50 -55 -59 -63 / 48 55 60 63 / 53 -48 -60 -63 / 55 59 62 -48 / 47 -55 -59 -62 / 48 55 60 63 / 44 51 -60 -63 <END> 
<S> 55 59 62 / 53 -55 -59 -62 / 48 55 60 63 / 50 -48 -55 -60 / 51 55 60 -48 / 53 59 62 -53 / 52 60 -53 -51 / 50 53 58 65 / 51 58 67 / 50 65 -58 -58 / 51 55 60 63 / 53 -55 -60 -63 / 55 59 62 / 43 55 59 62 <END> 
<S> 50 53 58 65 / 51 57 -53 -65 / 50 53 58 70 / 48 52 67 -58 / 53 57 60 65 / 0 / 55 59 67 / 55 -55 -59 -67 / 48 60 63 67 / 53 60 63 69 / 55 -60 -63 -69 / 53 56 60 68 / 51 58 65 -68 <END> 
<S> 48 60 63 67 / 55 59 -48 -67 / 53 56 60 65 / 55 59 62 -65 / 56 60 63 / 62 55 -60 -63 / 50 59 62 65 / 51 -59 -62 -65 / 48 55 60 64 / 53 -55 -60 -63 / 55 62 -60 / 59 -55 -62 / 57 60 -55 / 53 62 55 59 / 51 63 -55 / 60 -55 -63 / 47 56 62 65 / 44 59 -62 -65 / 56 59 63 -62 / 60 -56 -63 -65 / 55 62 62 / 53 59 -62 -65 / 60 63 67 / 57 -60 -63 -67 <END> 
<S> 55 59 62 -65 / 60 -55 -62 / 43 55 62 -60 / 59 -43 -55 -62 / 48 55 60 63 / 53 62 -48 -60 / 46 55 60 63 / 50 -55 -60 -63 / 48 55 60 63 / 50 -55 -60 -64 / 48 55 60 63 / 68 -48 -60 -63 / 41 56 62 65 / 43 -56 -60 -65 / 44 56 60 65 / 41 -60 -65 -65 / 60 67 72 -60 / 58 -60 -67 -67 <END> 
<S> 44 51 60 72 / 50 65 -44 -60 / 36 -55 -60 -65 / 53 59 62 67 / 51 60 63 -67 / 57 63 65 72 / 58 62 -65 -72 / 60 63 67 -46 / 57 65 -60 -75 / 58 67 74 / 68 -58 -58 -74 / 56 63 72 -58 / 57 66 -63 -72 / 55 58 62 70 / 53 56 -58 -70 <END> 
<S> 46 62 65 67 / 53 -46 -62 -67 / 55 62 65 70 / 47 62 67 / 48 60 63 -67 / 44 60 65 72 / 62 -44 -65 -72 / 60 63 66 -72 / 62 -60 -65 -72 / 59 62 67 41 / 60 67 75 / 62 -60 -67 -75 / 55 62 67 71 / 53 -62 -67 -71 <END> 
<S> 54 62 63 69 / 46 62 -63 -69 / 43 62 67 71 / 45 60 72 -70 / 50 62 67 70 / 48 63 67 70 / 53 56 62 -67 / 60 63 -53 -60 / 47 55 62 / 48 55 60 64 / 58 -48 -55 -64 / 41 56 60 63 / 43 55 58 63 <END> 
<S> 56 60 65 -51 / 55 59 62 67 / 53 55 67 71 / 53 -53 -67 -71 / 51 60 67 -53 / 53 -60 -67 / 55 59 67 74 / 56 65 71 -74 / 44 72 63 72 / 45 65 70 -72 / 46 53 67 70 / 65 -43 -53 -70 <END> 
<S> 48 60 67 75 / 50 -60 -67 -75 / 51 -60 -67 -75 / 53 -60 -67 -75 / 55 67 74 -60 / 59 -55 -67 -74 / 0 / 55 67 71 74 <END> 
<S> 50 62 65 77 / 51 60 67 75 / 53 -60 -67 -75 / 55 59 67 74 / 53 -59 -67 -74 / 51 60 67 72 / 58 74 -67 -72 / 56 65 72 74 / 55 67 72 75 <END> 
<S> 48 60 67 75 / 60 72 -67 -75 / 55 67 74 -72 / 71 -55 -67 -74 / 51 67 72 75 / 65 -67 -72 -75 / 67 70 72 75 / 62 -67 -70 -75 / 60 63 67 79 / 58 77 -67 -79 / 56 72 75 77 / 58 62 70 -77 <END> 
<S> 51 63 70 79 / 62 65 77 -70 / 63 67 72 75 / 53 68 72 77 / 67 -53 -72 -77 / 51 63 70 79 / 53 -63 -70 -79 / 55 63 70 79 / 56 60 -70 -79 / 58 62 65 74 / 67 75 -58 -62 / 59 62 67 77 <END> 
<S> 56 63 72 77 / 60 -56 -72 -77 / 55 62 70 -77 / 75 -55 -62 -70 / 53 56 65 72 / 51 55 67 71 / 50 60 67 70 / 48 60 -67 -70 / 53 59 65 68 / 51 60 63 -68 / 56 60 65 / 55 58 63 67 / 53 56 65 68 / 46 58 -53 -68 <END> 
<S> 48 60 67 75 / 58 -60 -67 -75 / 56 60 72 75 / 55 70 -60 -75 / 53 60 68 74 / 55 59 67 -74 / 56 60 65 72 / 64 -56 -60 -72 / 55 62 67 71 / 48 63 67 72 / 53 57 65 72 <END> 
<S> 53 60 68 74 / 72 -53 -60 -68 / 55 59 67 74 / 65 -55 -59 -74 / 48 60 63 72 / 55 58 67 74 / <END> 
<S> 58 65 74 / 62 -58 -65 -74 / 58 62 67 74 / 69 -58 -62 -74 / 55 62 67 70 / 53 -62 -67 -70 / 51 60 67 72 / 50 -60 -67 -72 / 48 65 67 74 / 47 -65 -67 -74 <END> 
<S> 55 62 70 / 53 69 -55 -62 / 51 62 67 70 / 53 -62 -67 -70 / 52 60 67 72 / 70 -52 -60 -67 / 53 60 65 68 / 48 60 64 67 / 53 60 68 -60 / 51 55 -60 -68 <END> 
<S> 56 60 65 72 / 55 -60 -65 -72 / 53 60 68 72 / 55 67 70 -60 / 53 60 65 68 / 63 -53 -60 -68 / 55 59 67 74 / 55 58 67 -74 / 60 -55 -67 -74 / 55 62 67 70 / 53 -62 -67 -70 <END> 
<S> 55 59 67 75 / 65 -55 -67 -75 / 74 -55 -67 / 63 72 -55 / 59 62 67 74 / 55 67 71 74 / 60 67 72 75 / 58 -67 -72 -75 / 56 60 72 77 / 58 -56 -72 -77 / 57 66 72 75 / 70 75 42 -75 <END> 
<S> 48 67 72 75 / 50 -67 -72 -75 / 51 67 72 -75 / 53 -67 -72 -75 / 55 67 70 75 / 56 60 68 77 / 58 62 -68 -77 / 60 67 75 / 63 72 -60 -75 / 55 65 74 -72 / 71 -55 -65 -74 / 56 63 72 / 55 65 -72 -72 / 53 67 70 74 / 51 -67 -70 -74 <END> 
<S> 60 63 67 75 / 58 65 -67 -75 / 56 65 72 75 / 55 70 77 -75 / 56 72 75 / 58 74 -72 -75 / 60 72 75 79 / 58 74 79 / 56 60 72 77 / 58 62 75 79 / 60 77 -58 -75 / 59 62 67 74 / 55 67 71 75 / 60 -55 -67 -75 <END> 
<S> 56 60 72 77 / 55 70 75 -77 / 57 72 75 -75 / 58 74 77 -75 / 67 75 -58 -67 / 56 63 68 77 / 62 65 -56 -72 / 55 63 67 70 / 53 65 68 72 / 74 -53 -65 -68 / 60 63 67 75 / 58 62 -67 -75 / 56 60 65 77 / 55 67 75 -60 <END> 
<S> 58 65 70 74 / 56 -65 -70 -74 / 55 67 70 75 / 65 74 -55 -70 / 53 63 68 72 / 55 -63 -68 -72 / 56 61 67 70 / 53 65 68 72 / 74 -53 -65 -68 / 48 60 67 75 / 58 -48 -67 -75 / 53 56 65 74 / 67 -53 -56 -74 / 51 58 67 -74 / 63 -51 -58 -67 <END> 
<S> 53 60 69 74 / 55 59 67 -74 / 65 -55 -67 -74 / 48 63 67 72 / 50 58 70 74 / 51 58 70 75 / 53 68 77 -58 / 55 62 70 75 / 63 -55 -70 -75 / 58 65 70 74 / 60 -65 -70 -74 / 58 62 70 77 / 56 -62 -70 -77 <END> 
<S> 53 56 65 68 / 51 58 67 -65 / 63 -51 -58 -67 / 56 60 63 -51 / 55 58 -63 / 56 60 65 72 / 58 74 -65 / 55 67 -58 -74 / 53 -58 -67 -74 / 51 72 75 -67 / 53 65 69 72 / 63 -53 -69 -72 / 46 62 65 70 <END> 
<S> 53 57 65 74 / 50 58 65 -74 / 51 57 63 72 / 62 -51 -58 -72 / 45 60 63 72 / 46 58 65 74 / 63 68 -58 -74 / 47 65 68 -74 / 48 67 75 47 / 74 -48 -67 -74 / 72 -48 -67 -72 / 55 67 71 74 / 65 -55 -71 -74 <END> 
<S> 48 67 75 -65 / 50 63 -67 -75 / 51 60 -67 -75 / 53 -60 -67 -75 / 55 59 67 74 / 72 -55 -59 -67 / 65 -55 -59 -74 / 57 60 63 72 / 55 -60 -63 -72 / 53 65 68 74 / 55 63 -68 -74 / 67 -55 -63 -74 / 57 66 -55 -74 / 72 -57 -66 / 55 58 67 70 / 53 61 -67 -70 <END> 
<S> 58 62 67 74 / 58 65 74 / 57 60 72 / 43 62 70 -57 / 55 58 63 -70 / 51 60 68 -63 / 50 58 62 65 / 51 67 -58 -65 / 51 58 63 67 / 44 60 63 65 / 46 58 62 65 / 56 62 -46 -65 / 39 55 58 63 <END> 
<S> 51 63 67 / 39 -51 -63 -67 / 44 56 60 65 / 55 -44 -60 -65 / 46 53 58 62 / 46 53 58 -62 / 44 51 60 / 48 51 56 60 / 53 -51 -60 -56 / 55 58 62 -53 / 53 56 60 68 <END> 
