<S> 60 64 72 79 / 62 -64 -72 -79 / 64 72 79 / 60 -64 -72 -79 / 53 65 72 81 / 55 -65 -72 -81 / 57 65 72 81 / 53 -65 -72 -81 / 60 64 72 79 / 0 / 60 69 72 76 <END> 
<S> 60 64 72 79 / 53 60 69 72 / 74 -53 -60 -69 / 48 60 67 76 / 55 59 67 74 / 55 58 67 74 / 57 60 -67 -74 / 59 62 67 74 / 57 -62 -67 -74 <END> 
<S> 55 59 67 74 / 60 75 -55 -67 / 62 65 77 -58 / 64 -62 -69 -77 / 60 65 70 -77 / 69 -60 -65 -76 / 67 -60 -70 -76 / 58 65 74 77 / 59 67 -74 -77 / 60 67 76 -58 / 57 69 72 -76 / 55 67 71 74 / 53 -67 -71 -74 <END> 
<S> 59 62 67 77 / 57 60 69 -77 / 55 59 71 74 / 53 72 -59 -74 / 52 55 60 76 / 50 -55 -60 -76 / 52 55 60 64 / 53 -55 -60 -64 / 55 59 62 / 53 -55 -59 -62 / 52 55 59 62 / 50 -55 -62 -65 / 48 55 60 64 / 59 -48 -55 -64 <END> 
<S> 55 60 62 / 53 -55 -60 -62 / 52 55 59 -62 / 43 -52 -59 -62 / 48 52 55 60 / 48 52 60 67 / 55 59 62 / 53 -55 -59 -62 / 52 55 59 64 / 50 -55 -59 -64 / 52 55 60 64 / 50 -55 -60 -64 / 52 55 59 64 / 53 57 60 62 / 52 64 -57 -60 / 50 57 62 65 / 52 -57 -62 -65 <END> 
<S> 48 55 60 64 / 50 -55 -60 -64 / 52 60 64 67 / 50 -60 -64 -67 / 48 55 60 67 / 47 62 -55 -67 / 45 48 60 65 / 43 52 59 67 / 41 -52 -59 -67 / 40 52 59 67 / 38 -40 -55 -67 / 40 55 60 64 / 38 -55 -60 -64 / 43 59 62 -55 / 53 -43 -59 -62 / 48 52 55 60 / 45 57 64 72 / 54 62 -57 -72 <END> 
<S> 40 55 60 67 / 59 -40 -55 -67 / 41 57 60 65 / 43 53 59 62 / 36 52 55 60 / 45 52 60 / 59 -45 -52 -60 / 50 53 59 62 / 55 -50 -62 / / 55 59 62 / 53 -55 -59 -62 / 52 55 59 64 / 50 57 60 65 / 59 62 -57 -65 <END> 
<S> 50 53 57 62 / 59 -53 -57 -62 / 52 55 60 / 53 59 62 -55 / 55 60 64 -48 / 47 62 -55 -64 / 48 57 60 64 / 50 65 -57 -60 / 52 55 59 67 / 50 53 -59 -67 / 48 52 60 67 / 55 -52 -60 -67 / 54 57 60 69 / 62 -54 -57 -69 <END> 
<S> 48 55 60 64 / 49 -55 -60 -64 / 50 57 62 66 / 38 -50 -57 -66 / 47 55 62 67 / 43 -55 -62 -67 / 48 55 60 64 / 62 -48 -55 -64 / 45 60 65 -55 / 47 55 62 -65 / 48 55 60 64 / 62 -48 -55 -60 / 43 55 59 62 / 43 52 58 67 / 50 -43 -58 -67 <END> 
<S> 45 48 60 65 / 47 55 62 -65 / 48 55 64 -62 / 60 -48 -55 -64 / 41 57 60 62 / 44 59 64 -62 / 45 57 60 64 / 43 55 59 -64 / 41 53 57 62 / 40 55 60 64 / 41 -55 -60 -64 / 43 55 59 62 / 64 -43 -55 -59 <END> 
<S> 41 57 60 65 / 40 55 59 -65 / 40 55 60 64 / 41 -55 -60 -64 / 43 55 59 62 / 55 59 62 -43 / 65 -55 -59 -62 / 48 60 64 -55 / 48 55 60 64 / 41 53 -60 62 / 43 -53 -57 -60 / 45 53 57 60 / 47 50 55 62 / 43 59 -50 -55 <END> 
<S> 48 55 60 64 / 47 55 62 67 / 45 60 -55 -67 / 47 55 62 67 / 43 -55 -62 -67 / 48 55 60 64 / 52 55 59 67 / 45 60 64 72 / 47 62 67 71 / 48 64 67 69 / 50 62 66 -69 / 43 62 67 71 / 48 64 -43 -67 <END> 
<S> 48 60 64 69 / 47 59 62 67 / 57 -47 -62 -67 / 45 52 64 72 / 50 53 -64 -72 / 52 55 62 71 / 50 54 -62 -71 / 55 64 72 / 57 60 66 -72 / 47 55 67 74 / 48 71 -55 -67 / 52 55 67 72 / 50 71 -67 -72 / 55 62 67 72 / 53 59 62 74 <END> 
<S> 50 62 67 74 / 57 66 -50 -74 / 55 64 72 / 53 62 71 / 55 59 62 / 53 57 -55 -62 / 52 55 -57 -60 / 50 53 57 65 / 59 -50 -53 -65 / 48 55 60 64 / 41 55 60 62 / 43 55 59 62 / 53 -43 -59 -62 <END> 
<S> 50 57 62 66 / 43 -57 -62 -66 / 55 59 62 / 53 59 62 67 / 52 60 64 67 / 53 65 -60 69 / 62 -53 -60 -69 / 59 62 -53 -69 / 52 60 64 67 / 58 62 -52 -67 / 53 57 60 69 / 55 62 67 71 <END> 
<S> 53 57 62 69 / 50 53 -62 -69 / 48 55 62 64 / 60 -48 -55 -64 / 41 57 60 62 / 43 55 59 -62 / 53 -43 -59 -62 / 36 52 55 60 / 45 52 60 64 <END> 
<S> 45 52 57 65 / 50 55 58 -65 / 48 57 55 -65 / 47 55 55 62 / 51 55 -47 -62 / 48 55 60 64 / 47 -55 -60 -64 / 45 59 62 -55 / 50 57 -55 -62 <END> 
<S> 48 55 60 63 / 50 -55 -60 -63 / 51 55 60 -63 / 53 -55 -60 -63 / 55 59 62 / 43 53 -59 -62 / 59 -43 -53 / / 51 60 63 / 43 55 62 -60 / 45 55 60 65 / 47 50 62 67 / 43 58 63 / 48 55 -63 -63 <END> 
<S> 41 55 60 62 / 38 53 -60 -62 / 59 -43 -53 -62 / 36 51 60 -53 / 41 -51 -53 -60 / 46 53 58 -53 / 41 -53 -53 -58 / 48 51 -53 -56 / 48 52 55 / 60 -48 57 <END> 
<S> 44 48 60 65 / 41 -48 -60 -65 / 46 55 62 67 / 48 63 67 69 / 50 -63 -67 -67 / 51 60 67 70 / 53 -60 -67 -70 / 55 60 67 70 / 53 -60 -67 -70 / 55 59 67 74 / 53 -59 -67 -74 / 51 60 67 75 / 53 -60 -67 -75 <END> 
<S> 51 60 67 72 / 50 -60 -67 -72 / 48 65 67 74 / 47 -65 -67 -74 / 48 63 67 75 / 62 -48 -67 -75 / 50 60 65 74 / 59 -50 -65 -74 / 51 63 67 72 / 53 -63 -67 -72 / 55 62 67 71 / 48 63 67 72 / 60 63 67 72 <END> 
<S> 55 63 67 72 / 60 -55 -67 -72 / 43 62 67 70 / 53 -62 -67 -70 / 51 63 72 -67 / 57 -63 -63 -72 / 55 62 65 71 / 60 63 72 -55 / 55 62 67 72 / 43 58 -67 -72 / 65 74 -55 -60 / 53 60 67 72 / 65 -53 -60 -72 / 63 -53 -60 -72 <END> 
<S> 55 62 67 71 / 56 60 65 72 / 74 -56 -60 55 / 53 60 67 75 / 65 -53 -60 -75 / 62 65 70 74 / 63 72 -55 -70 / 67 -55 -70 -72 / 65 -55 -70 -72 / 48 63 67 72 / 60 63 -67 -72 / 56 65 72 60 / 63 -56 -72 <END> 
<S> 60 63 67 75 / 58 -60 -67 -75 / 56 60 72 77 / 55 70 -60 -77 / 53 65 68 72 / 74 -53 -65 -68 / 75 -53 -65 -68 / 46 65 67 74 / 48 63 68 75 / 50 65 70 -75 / 51 67 70 75 / 50 65 70 77 / 51 70 -65 -77 / 52 55 79 -70 / 53 60 68 77 / 55 59 67 -77 <END> 
<S> 58 63 70 74 / 56 63 68 72 / 55 -63 -68 -72 / 53 61 67 70 / 52 60 -67 -70 / 53 60 67 68 / 55 -60 -67 -68 / 56 60 65 68 / 53 -60 -65 -68 / 60 64 67 / 60 64 67 72 <END> 
<S> 56 60 65 72 / 55 -60 -65 -72 / 53 60 68 72 / 55 62 -68 -72 / 60 -55 -68 -72 / 50 58 65 70 / 56 62 -65 -70 / 77 55 63 67 / 62 65 -55 -67 / 56 60 65 / 55 58 -60 -65 / 53 56 60 / 46 -53 -60 -63 <END> 
<S> 56 62 65 71 / 60 63 68 72 / 55 59 67 75 / 53 60 68 74 / 72 -53 -60 -68 / 55 62 67 71 / 53 -62 -67 -71 / 52 60 67 72 / 48 -60 -67 -72 <END> 
<S> 56 60 63 72 / 55 -60 -63 -72 / 53 56 68 74 / 58 -53 -68 -74 / 48 60 68 -74 / 50 72 -60 -68 / 55 58 67 70 / 53 68 -58 -70 / 51 63 70 79 / 55 -63 -70 -79 / 56 63 68 77 <END> 
<S> 53 60 68 68 / 55 70 -60 -68 / 56 60 -68 -72 / 58 65 68 74 / 67 72 -65 -68 / 55 63 67 72 / 53 65 68 -72 / 63 -53 -68 -72 / 55 62 67 70 / 65 -55 -62 -70 / 56 60 63 72 / 55 -60 -63 -72 <END> 
<S> 56 63 67 72 / 65 -56 -67 -72 / 60 65 -56 -72 / 55 62 67 71 / 55 62 67 71 / 60 64 67 72 / 62 74 -67 / 60 75 -67 / 58 65 68 74 <END> 
<S> 58 62 67 75 / 68 -58 -62 -67 / 63 67 -58 -67 / 56 60 65 68 / 62 -56 -60 -65 / 55 59 62 67 / 53 -59 -62 -67 / 51 60 67 72 / 55 59 74 -67 / 65 -55 -67 -74 / 48 63 67 72 / 56 65 74 -72 / 55 67 71 74 <END> 
<S> 56 60 63 72 / 55 74 -60 -63 / 53 65 68 74 / 47 62 67 74 / 65 -47 -62 -74 / 48 55 63 72 / 60 63 67 72 / 58 -63 -67 -72 <END> 
<S> 63 68 -53 / 60 62 -51 -68 / 60 63 67 / 46 58 65 / 57 -46 -58 -65 / 47 55 62 65 / 53 -47 -62 -65 / 48 55 62 67 / 64 -48 -55 -60 / 43 55 59 62 / 55 -43 -55 -62 <END> 
<S> 46 58 62 65 / 44 -58 -62 -65 / 43 59 62 67 / 48 55 62 -67 / 60 63 69 / 54 -60 -63 -69 / 55 62 67 70 / 63 69 -55 / 50 62 66 69 / 60 -50 -66 -69 / 55 62 67 71 / 51 55 62 67 / 53 57 60 69 / 50 53 58 70 / 68 -53 -58 -74 <END> 
<S> 55 62 67 70 / 53 -62 -67 -70 / 51 60 67 69 / 50 -60 -67 -69 / 55 59 67 74 / 65 -55 -59 -74 / 60 63 67 / 59 62 67 77 / 60 67 75 / 58 -60 -67 -75 / 56 68 72 75 / 55 -68 -72 -75 / 53 68 70 74 / 67 -53 -70 -74 / 53 65 69 72 / 63 -53 -69 -72 / 46 62 70 70 / 55 63 70 75 <END> 
<S> 60 67 75 / 58 62 -67 -75 / 56 63 72 / 55 -63 -72 / 53 68 72 74 / 55 67 71 74 / 65 -55 -71 -74 / 48 63 67 72 / 60 63 67 72 <END> 
<S> 55 67 74 / 59 65 -67 -74 / 60 63 67 75 / 62 -60 -67 -75 / 54 60 69 75 / 55 67 71 74 / 60 67 72 75 / 58 -67 -72 -75 / 57 65 72 77 / 53 75 -65 -72 <END> 
<S> 60 63 68 75 / 62 65 -68 -75 / 63 67 70 75 / 53 65 68 72 / 59 74 -53 -68 / 51 60 67 72 / 53 65 69 74 / 71 -53 -65 -69 / 63 67 72 / 55 -67 -72 / 55 67 71 74 / 60 67 75 / 58 -60 -67 -75 <END> 
<S> 58 65 70 74 / 68 -58 -74 -74 / 67 72 75 / 68 74 -72 / 63 67 72 75 / 65 -67 -72 -75 / 67 -56 -72 -75 / 55 62 71 77 / 60 67 72 75 / 48 67 72 75 <END> 
<S> 56 72 -65 / 60 -56 -72 / 55 65 74 -60 / 59 -55 -65 -74 / 48 60 64 75 / 60 67 72 75 / 58 -60 -67 -75 / 56 60 75 77 / 55 -60 75 -75 / 53 60 74 77 / 59 -68 -74 -77 / 56 60 72 75 / 55 -60 -72 -75 <END> 
<S> 60 67 75 / 58 -60 -67 -75 / 56 60 72 75 / 55 70 -60 -75 / 53 60 68 74 / 55 59 67 -74 / 65 -55 -59 -74 / 48 60 63 72 / 50 58 70 77 <END> 
<S> 56 60 67 72 / 65 -56 -60 -72 / 55 62 67 71 / 53 -62 -67 -71 / 51 63 72 -67 / 69 -51 -63 -72 / 50 65 71 74 / 48 67 72 75 <END> 
<S> 56 60 65 72 / 55 74 -60 -72 / 53 -60 -67 -74 / 55 59 67 -74 / 65 -55 -59 -74 / 48 55 63 72 / 50 58 70 77 <END> 
<S> 54 60 69 75 / 55 62 70 70 / 56 63 -70 -70 / 55 68 -63 -70 / 53 62 -63 -70 / 51 58 63 67 / 50 -58 -63 -67 <END> 
<S> 50 65 70 77 / 51 -65 -70 -77 / 53 63 70 79 / 62 77 -70 / 56 60 72 75 / 55 -60 -72 -75 / 53 68 77 -72 / 70 74 -53 -77 / 55 63 72 75 / 74 -55 -63 -72 <END> 
<S> 56 60 72 77 / 53 -60 -72 -77 / 55 59 67 74 / 65 -55 -59 -74 / 56 60 63 72 / 62 74 -56 -60 / 55 75 -60 -67 / 58 65 74 -55 / 56 60 -65 -74 / 55 67 70 75 / 53 -67 -70 -75 <END> 
<S> 56 60 63 72 / 62 65 -56 -72 / 55 63 67 72 / 53 65 68 74 / 55 63 67 75 / 65 -55 -67 -75 / 48 63 67 75 / 0 / 46 65 68 74 <END> 
<S> 53 68 74 -63 / 55 62 70 -74 / 51 -55 -63 -74 / 50 58 67 68 / 51 58 65 68 / 50 63 -58 -70 / 51 58 63 67 / 56 60 63 72 / 65 74 -56 -60 / 55 58 62 67 / 53 -58 -62 -67 <END> 
<S> 51 58 65 67 / 63 -51 -58 -67 / 56 60 63 72 / 55 -60 -63 -72 / 53 62 68 72 / 63 -53 -68 -72 / 55 65 67 71 / 63 -55 -67 -71 / 65 -55 -67 -71 / 48 63 67 72 / 60 63 72 79 / 58 62 74 -72 <END> 
<S> 60 63 67 75 / 58 62 -67 -75 / 56 60 72 77 / 55 70 -60 -77 / 53 65 68 72 / 74 -53 -65 -68 / 48 63 67 72 / 69 -48 -63 -72 / 50 66 69 74 / 51 67 70 -74 / 54 69 -67 -74 / 67 -54 72 -74 / 52 -72 -72 -76 / 54 -72 -72 -75 <END> 
<S> 48 63 69 72 / 51 67 70 74 / 50 65 70 -74 / 69 -50 -65 -74 / 52 67 71 / 50 65 69 74 / 55 62 67 -74 / 75 60 67 72 / 58 -67 -72 / 57 60 65 72 / 58 62 74 / 53 -58 -62 -74 <END> 
<S> 53 68 74 77 / 72 75 -53 -68 / 55 62 71 74 / 67 -55 -71 -74 / 48 63 67 72 / 60 63 67 72 / 58 62 -67 -72 / 57 60 65 72 / 55 67 -60 -72 / 53 60 69 72 / 54 63 -69 -72 / 55 62 67 71 / 43 59 62 67 / 48 60 63 67 <END> 
<S> 57 60 72 -67 / 65 -57 -60 -72 / 60 67 -65 / 64 -60 -67 / 58 62 65 -67 / 56 60 65 72 / 55 -60 -63 -72 / 53 60 68 74 / 55 59 67 74 / 65 -55 -59 -74 <END> 
<S> 56 60 65 / 55 59 67 -56 / 53 60 68 / 55 59 67 -53 / 56 60 65 -68 / 53 58 65 -65 / 51 60 67 -65 / 58 62 -51 -67 / 56 60 65 68 / 55 67 -60 -68 <END> 
<S> 44 60 65 / 53 60 63 68 / 62 65 -60 -68 / 60 63 67 / 59 62 -63 -67 / 60 63 67 -56 / 53 -60 -63 -67 / 55 59 62 74 / 0 / 52 67 72 79 <END> 
<S> 44 60 63 65 / 59 62 -44 -65 / 60 -44 -53 -65 / 46 62 62 -65 / 39 58 -62 -65 / 56 60 63 / 62 -56 -60 -63 / 55 60 63 / 58 60 -55 -63 / 56 56 60 65 / 55 59 62 -65 / 53 55 62 71 / 51 55 62 67 <END> 
<S> 63 -46 -60 -63 / 55 58 62 70 / 53 -55 -62 -70 / 51 55 60 67 / 63 -51 -55 -67 / 48 55 62 67 / 60 -48 -55 -67 / 43 55 58 62 / 55 59 -43 -63 / 48 55 60 63 / 46 53 58 -63 / 44 51 60 63 / 41 -51 -60 -63 <END> 
<S> 55 60 62 / 43 55 59 62 / 53 -43 -59 -62 / 48 51 55 60 / 48 52 55 67 / 60 -51 -51 -67 / 50 60 66 -51 / 58 -50 -50 -66 / 43 51 60 67 / 41 53 60 69 / 51 -60 -60 -69 / 50 53 62 70 / 48 60 63 68 / 50 65 -60 -68 <END> 
<S> 48 55 60 63 / 46 -55 -60 -63 / 44 56 60 65 / 43 58 62 67 / 41 -58 -62 -67 / 39 60 63 67 / 38 -60 -63 -67 / 48 60 63 67 / 58 -48 -63 -67 / 53 56 60 65 / 55 59 62 -65 / 60 -55 -62 / 57 60 62 / 43 55 59 -62 / 53 -43 -59 -62 <END> 
<S> 44 60 65 / 45 60 65 -60 / 46 62 65 -65 / 58 63 64 67 / 57 62 65 -67 / 60 64 -57 -67 / 50 57 62 65 / 38 53 62 -65 / 58 64 -53 -58 / 53 57 60 / 55 62 -57 -60 / 61 -57 -55 -62 / 53 55 59 / 57 -53 -55 / 53 -48 -53 -60 / 55 58 -48 -53 / 50 53 57 -55 / 53 51 58 / 56 -41 -48 -53 <END> 
<S> 57 60 62 66 / 55 -57 -62 -69 / 54 57 62 69 / 43 58 62 67 / 45 60 63 72 / 46 53 62 -72 / 39 55 63 -72 / 42 57 63 72 / 43 62 -63 -72 / 50 65 -72 / 46 62 67 71 / 51 -62 -67 -72 / 51 60 67 72 / 69 -51 -60 -72 / 46 58 70 74 <END> 
<S> 48 63 68 72 / 50 -63 -68 -72 / 51 63 67 70 / 53 -63 -67 -70 / 55 58 67 70 / 56 60 -67 -70 / 68 -56 -60 -67 / 51 60 67 68 / 65 -52 -51 -67 / 45 64 72 -55 / 54 -45 -63 -72 / 46 62 70 74 / 48 63 -70 -74 / 50 58 65 70 / 53 57 -58 -70 / 51 55 58 70 / 50 53 -58 -70 <END> 
<S> 53 60 65 69 / 51 -60 -65 -69 / 50 58 65 70 / 46 62 -65 -70 / 51 58 63 79 / 63 -51 -63 -79 / 65 77 -63 -63 / 62 67 70 -77 / 60 75 -65 -70 / 59 62 67 79 / 77 -59 -67 -62 / 60 67 75 / 58 -60 -67 -75 <END> 
<S> 58 65 70 74 / 60 63 67 75 / 69 -60 -63 -75 / 58 62 70 77 / 56 -62 -70 -77 / 55 63 70 79 / 53 72 80 -63 / 67 -53 -72 -80 / 55 -67 -74 -79 / 56 72 77 / 62 71 -56 -77 / 60 67 72 75 / 58 -60 -67 -75 <END> 
<S> 53 60 68 77 / 55 60 67 75 / 56 60 65 68 / 53 62 -65 -68 / 63 67 70 -48 / 53 56 65 72 / 51 67 -56 -60 / 49 58 65 / 56 68 -50 -65 / 47 55 62 67 / 65 -47 -55 -62 / 48 55 63 -58 / 60 -48 -55 -63 / 41 56 60 62 / 50 59 -41 -62 / 57 -41 -50 -62 / 43 55 59 -62 / 53 -43 -59 -62 <END> 
<S> 50 55 65 -60 / 53 59 -50 -65 / 51 55 60 67 / 53 69 -60 -67 / 55 62 65 71 / 48 63 67 72 / 55 62 67 71 / 53 60 65 68 / 51 60 67 -65 / 48 60 63 68 / 50 -60 -63 -68 / 51 58 67 / 55 63 -51 -67 / 50 58 65 -67 / 51 60 63 -67 / 58 62 65 -51 / 53 60 63 / 55 58 62 65 <END> 
