<S> 53 65 72 81 / 64 -53 -72 -81 / 55 62 71 79 / 77 -55 -62 -71 / 57 69 72 76 / 77 -57 -69 -72 / 59 62 71 79 / 60 64 -71 -79 / 62 65 69 77 / 69 72 76 -62 / 55 67 72 77 / 71 -55 -67 -77 / 60 67 72 76 / 59 67 74 <END> 
<S> 62 65 69 77 / 59 62 74 79 / 60 63 72 76 / 57 65 72 77 / 53 -65 -72 -77 / 58 65 74 -72 / 70 -58 -65 -74 / 52 72 -65 59 / 53 79 -72 / / 71 -53 -72 -80 / 55 62 71 79 / 71 -55 -62 -79 / 51 60 67 77 / 59 62 67 79 <END> 
<S> 53 65 72 -70 / 63 -53 -70 -72 / 46 62 65 70 / 55 63 70 75 / 53 68 77 -63 / 62 -53 -68 -77 / 51 63 67 79 / 53 69 77 -63 / 55 62 70 77 / 56 60 -70 -77 / 55 62 70 77 / 53 -62 -70 -77 / 51 63 70 79 / 55 67 -70 -79 / 53 65 68 80 / 51 63 67 79 <END> 
<S> 53 63 68 77 / 51 63 70 79 / 44 63 72 77 / 53 -63 -72 -77 / 63 70 79 -53 / 51 55 58 -79 / 53 56 60 65 / 59 -53 -53 -68 / 54 60 63 -53 / 56 -48 -60 -63 / 47 55 62 67 / 48 -55 -62 -67 / 50 57 60 66 / 43 58 62 67 / 55 59 62 67 <END> 
<S> 53 63 68 72 / 53 65 68 74 / 55 62 67 71 / 48 63 67 72 / 55 67 71 74 / 60 75 -67 -70 / 65 68 74 -60 / 59 -65 -68 -74 / 60 63 72 75 / 56 74 -63 -72 / 55 71 74 -67 / 65 -55 -71 -71 <END> 
<S> 59 62 67 74 / 60 67 75 / 62 65 77 -60 / 63 79 -60 / 59 62 74 -79 / 60 -59 -62 -79 / 56 60 63 72 / 55 58 -63 -72 / 53 57 74 -70 / 51 58 67 -74 / 53 57 65 72 / 64 -53 -69 -72 / 58 62 65 74 / 67 -58 -62 -74 / 65 -58 -62 -74 <END> 
<S> 53 57 65 74 / 55 58 -65 -74 / 56 60 65 72 / 58 74 -65 / 56 60 75 -65 / 77 -56 -60 -68 / 55 60 67 75 / 53 -60 -67 -75 / 55 60 67 74 / 59 -55 -67 -74 / 74 -55 -59 -74 / 48 63 67 72 / 60 63 72 79 / 58 -63 -72 -79 <END> 
<S> 55 60 67 75 / 53 -60 -67 -75 / 55 59 67 74 / 65 -55 -59 -74 / 48 60 63 72 / 60 67 75 / 58 -60 -67 -75 / 56 60 68 75 / 55 -60 -68 -75 / 53 60 68 74 / 55 59 67 -74 / 56 60 65 72 / 48 64 67 -72 / 50 60 65 74 / 52 58 67 -74 / 53 56 60 72 / 62 65 -53 -72 <END> 
<S> 60 67 75 / 58 -60 -67 -75 / 56 60 72 75 / 55 70 -60 -75 / 53 65 68 74 / 47 55 -65 -68 / 48 60 68 75 / 50 -60 -68 -75 / 51 58 67 74 / 65 -51 -58 -74 / 56 63 72 / 70 -56 -63 -72 / 55 65 68 74 / 53 75 -65 -68 <END> 
<S> 51 58 67 75 / 48 63 -67 -75 / 50 65 68 74 / 67 75 -50 -65 / 56 62 65 77 / 55 60 75 -77 / 53 62 70 77 / 68 -53 -62 -77 / 55 59 67 75 / 57 60 -67 -75 / 58 62 65 74 / 59 67 -62 -74 <END> 
<S> 53 57 65 74 / 55 58 -65 -74 / 56 60 65 77 / 53 -60 -65 -77 / 55 62 67 75 / 71 -55 -62 -67 / 60 67 72 75 / 59 -67 -72 -75 / 57 60 72 77 / 62 71 -57 -77 / 55 63 72 75 / 53 74 -72 -75 <END> 
<S> 60 64 67 75 / 62 -60 -67 -75 / 54 60 69 75 / 55 58 67 74 / 60 67 72 75 / 48 63 72 79 / 50 62 77 -72 / 71 -50 -62 -77 / 48 55 72 60 / 53 57 -72 -72 / 55 62 71 74 / 51 67 -71 -74 / 65 -55 -71 -74 <END> 
<S> 55 67 71 75 / 50 -55 -67 -75 / 51 60 72 -67 / 70 -60 -63 / 53 60 65 68 / 51 67 -60 -68 / 50 59 65 68 / 48 60 -65 -68 / 47 62 67 74 / 43 -62 -67 -74 / 48 62 67 72 / 60 -48 -67 -72 / 55 60 67 74 / 59 -55 -67 -74 / 65 -55 -59 -74 <END> 
<S> / 60 67 75 / 55 -60 -67 -75 / 53 60 65 74 / 64 -53 -60 -74 / 59 62 67 74 / 58 -62 -67 -74 / 56 62 72 77 / 60 -56 -72 -77 / 55 67 71 79 / 77 -55 -67 -71 / 48 67 72 75 <END> 
<S> 56 60 72 / 55 70 -60 -72 / 53 68 -60 -72 / 74 -53 -60 -68 / 48 55 60 67 / 58 -48 -55 -67 / 43 56 65 / 55 58 -65 / 56 60 63 72 / 55 -60 -63 -72 <END> 
<S> 44 60 63 72 / 46 -60 -63 -72 / 62 65 -46 -72 / 63 -53 -65 -72 / 41 62 65 -72 / 63 69 -55 -72 / 53 62 68 -72 / 54 63 69 72 / 55 62 67 71 / 63 -55 -67 -71 / 65 -55 -67 -71 / 48 63 67 72 / 62 74 -48 -67 / 60 65 75 -51 / 58 62 67 74 / 55 58 -67 -74 <END> 
<S> 50 62 65 71 / 63 -50 -62 -71 / 65 -50 -71 -71 / 51 67 72 -71 / 48 63 67 72 / 62 -48 -67 -72 / 60 63 69 72 / 58 62 67 70 / 57 60 63 -67 / 65 69 -60 / 53 62 -65 -69 / 51 63 67 70 / 65 -51 -67 -70 / 63 67 72 / 70 -60 -67 / 53 60 65 69 / 63 -60 -65 -69 <END> 
<S> 56 60 65 72 / 55 -60 -72 -77 / 53 -60 -72 -77 / 59 62 67 79 / 77 -59 -62 -67 / 48 60 67 75 / 63 72 -60 -75 / 56 65 74 -72 / 56 -65 -72 -74 / 55 67 70 75 / 65 -55 -70 -75 / 51 63 67 70 / 62 -51 -67 -70 / 50 60 67 72 / 51 -60 -67 -72 <END> 
<S> 63 70 -56 -60 / 53 56 -63 -70 / 62 -53 -56 -68 / 55 58 63 -62 / 56 60 -55 -63 / 55 58 65 / 53 -58 -63 -65 / 51 58 67 75 / 48 63 -67 -75 / 65 -51 -67 -70 / 67 75 -48 -67 / 58 -48 -67 -72 / 56 60 65 -51 / 53 -56 -60 -65 / 55 58 62 70 / 56 63 -55 -70 <END> 
<S> 48 63 67 70 / 56 68 -63 72 / 55 65 70 74 / 53 -65 -70 -74 / 55 63 70 75 / 56 65 -70 -75 / 58 67 -70 -75 / 68 -58 -67 -75 / 58 65 74 -68 / 67 -58 -65 -74 / 51 63 67 72 / 60 -63 -67 -72 / 56 62 65 -72 / 60 -56 -65 -72 / 55 62 67 71 / 55 62 67 71 <END> 
<S> 63 68 72 -60 / 59 62 74 -68 / 60 67 -53 / 62 -56 -60 -67 / 55 62 67 71 / 53 -62 -67 -71 / 51 60 67 72 / 48 -60 -67 -72 / 50 65 67 71 / 53 62 68 -67 / 51 60 67 72 / 48 -60 -67 -72 / 47 65 67 74 / 59 -47 -65 -74 <END> 
<S> 48 60 67 75 / 58 -60 -67 -75 / 53 56 68 74 / 55 72 -68 -77 / 56 64 71 0 / 62 -56 -71 -75 / 60 63 72 79 / 53 -60 -63 -72 / 55 67 71 -60 / 52 55 72 79 / 57 60 -72 -79 / 58 67 70 77 / 65 -58 -70 -77 / 63 -58 -70 -77 / 46 65 77 -63 / 58 62 70 77 <END> 
<S> 53 60 69 77 / 57 60 69 75 / 46 58 65 74 / 45 53 60 72 / 74 -53 -57 -60 / 55 59 67 / 60 -55 -67 / 48 60 67 75 / 55 59 67 74 / 55 59 67 <END> 
<S> 55 63 67 70 / 56 63 -67 -70 / 68 -56 -63 / 55 64 70 -56 / 53 56 68 -63 / 58 62 67 70 / 68 -46 -62 -67 / -79 63 67 / 59 62 65 -67 / 60 63 67 72 / 55 62 67 70 / 56 60 65 70 / 53 -60 -65 -70 <END> 
<S> 60 63 67 75 / 62 65 -67 -75 / 63 67 72 75 / 53 68 74 -72 / 55 67 71 74 / 65 -55 -71 -74 / 48 63 67 72 / 55 67 71 74 <END> 
<S> 68 74 -60 / 59 67 -74 / 60 67 72 75 / 58 -67 -72 -75 / 56 65 72 77 / 55 67 75 -72 / 53 69 74 -72 / 54 63 -69 -74 / 55 62 71 74 / 67 -55 -71 -74 / 65 -55 -71 -74 <END> 
<S> 59 67 74 79 / 77 -59 -67 -74 / 60 67 74 75 / 59 74 -67 -74 / 56 60 -68 -74 / 55 -60 -63 -76 / 53 68 -60 -60 / 55 59 67 -53 / 47 56 65 74 / 65 -47 -59 -74 / 48 55 63 72 / 43 59 67 74 / 60 67 75 / 58 -60 -67 -75 <END> 
<S> 48 55 63 72 / 55 74 -48 -63 / 60 67 -55 59 / 53 60 69 72 / 62 -53 -69 -72 / 63 -53 -69 -72 / 46 62 65 -72 / 63 -46 -72 / 47 62 65 74 / 67 -47 -74 / 48 55 -67 -71 / 48 63 67 72 / 52 67 70 79 <END> 
<S> 47 62 67 74 / 48 60 -67 -74 / 50 59 67 74 / 51 -59 -67 -74 / 50 57 67 72 / -75 -51 -67 -72 / 50 66 66 -72 / 43 62 67 71 / 43 59 62 67 / 48 60 63 67 / 55 -60 -63 -67 <END> 
<S> 47 62 67 71 / 48 -62 -67 / 47 50 62 67 / 48 55 60 -67 / 50 59 65 67 / 51 60 63 -67 / 53 62 65 68 / 50 59 67 -65 / 51 60 65 -68 / 64 -48 -60 -68 / 55 59 62 67 / 53 68 -55 50 <END> 
<S> 56 60 63 72 / 65 74 -56 -60 / 55 60 67 75 / 53 -60 -67 -75 / 55 59 67 74 / 65 -55 -59 -74 / 56 60 63 72 / 55 59 -63 -72 / 60 67 -56 -72 / 55 68 74 -60 / 59 -55 -68 -74 / 55 59 67 -74 / 56 60 72 -67 / 60 -56 -60 -72 <END> 
<S> 55 62 67 71 / 55 59 62 67 / 51 60 67 72 / 48 63 67 72 / 51 63 72 79 / 53 -63 -72 -79 / 55 62 71 -79 / 48 63 67 72 / 53 65 74 -72 / 55 63 70 -74 / 56 68 72 -63 / 58 62 68 74 / 60 67 -68 -77 / 75 -55 -67 -75 <END> 
<S> 56 63 68 72 / 67 -56 -63 -72 / 65 68 -56 -72 / 53 -65 -68 -72 / 55 67 71 -60 / 62 -55 -60 -71 / 48 60 63 68 / 67 -48 -60 -63 / 50 62 65 70 / 61 67 -50 -70 / 53 60 69 69 / 60 -53 -69 -69 / 55 59 67 74 / 60 60 75 / 58 74 -60 -66 / 53 58 68 75 / 51 -53 -68 -75 <END> 
<S> 51 60 67 75 / 59 62 -67 -75 / 56 60 65 77 / 55 -60 -65 -77 / 53 60 67 75 / 68 77 -60 -75 / 47 62 67 79 / 48 63 67 72 / 62 67 71 -48 / 63 72 -67 -75 / 62 65 71 74 / 60 67 72 75 / 53 68 74 -72 / 55 67 71 -74 / 65 -55 -71 -74 <END> 
<S> 48 67 72 75 / 63 -67 -72 -75 / 65 70 74 -60 / 58 -65 -70 -74 / 56 -65 -70 -74 / 55 70 75 -68 / 53 68 74 77 / 55 62 70 77 / 56 -62 -70 -77 / 55 63 70 79 / 53 65 -70 -79 / 51 67 70 79 / 77 -51 -70 -67 / 51 67 72 75 / 53 69 74 -72 / 55 67 71 -74 / 65 72 -55 -71 <END> 
<S> 55 67 70 75 / 53 69 -67 -75 / 55 62 71 77 / 63 67 79 / 62 65 70 77 / 60 63 75 79 / 58 62 77 -75 / 57 60 75 77 / 58 75 74 77 / 55 -58 -74 -77 / 56 60 75 -68 / 55 58 75 / 53 74 -58 -75 / 51 67 75 77 / 50 -67 -70 -77 <END> 
<S> 58 74 77 -65 / 56 60 72 75 / 55 70 74 77 / 53 68 -74 -77 / 51 67 79 55 / 58 70 -67 -79 / 57 63 70 77 / 62 65 69 -77 / 75 -62 -65 -70 / 63 70 77 -55 / 62 -63 -70 -77 / 63 70 75 79 / 63 70 79 -63 / 63 70 79 -63 / 53 -63 -70 -79 / 51 63 70 79 <END> 
<S> 63 72 79 / 62 65 71 82 / 63 67 72 79 / 60 -63 -67 -79 / 59 62 67 79 / 77 -59 -62 -67 / 60 67 72 75 / 48 -67 -72 -75 / 55 67 74 -72 / 71 -55 -67 -74 / 65 -55 -71 -74 / 48 63 67 72 / 62 70 77 / 53 -62 -67 -77 <END> 
<S> 60 67 75 / 55 67 74 -60 / 59 -55 -67 -74 / 51 58 67 75 / 60 -51 -67 -75 / 50 62 65 77 / 62 70 -50 -77 / 57 63 72 77 / 62 -57 -72 -77 / 57 60 72 75 / 58 65 -72 -75 / 56 65 72 77 / 55 70 75 79 <END> 
<S> 59 67 74 79 / 55 -67 -74 -79 / 60 67 75 -74 / 58 -60 -67 -75 / 56 60 68 77 / 55 58 -68 -77 / 60 63 68 75 / 72 -60 -63 -75 / 53 65 72 80 / 55 70 -65 -72 / 56 60 68 77 / 58 62 70 -77 / 75 -58 -65 -70 / 74 65 68 77 / 75 -53 -65 -68 <END> 
<S> 53 60 68 77 / 51 67 70 79 / 63 70 79 / 62 65 -70 -79 / 60 63 72 79 / 58 -63 -72 -79 / 57 63 72 77 / 59 62 74 -77 / 60 67 75 / 53 60 68 -74 / 55 59 67 74 / 65 -55 -59 -74 <END> 
<S> 59 68 77 -63 / 62 -59 -68 -77 / 60 67 75 / 55 59 67 74 / 51 60 67 79 / 62 -51 -67 -79 / 63 67 72 -55 / 59 62 67 79 / 60 67 75 / 58 -60 -67 -75 / 56 60 68 77 / 55 -60 -68 -77 <END> 
<S> 63 67 70 -60 / 59 -63 -67 / 62 71 -67 / 63 72 -62 -67 / 58 62 67 77 / 60 67 75 / 58 -60 -67 -75 / 56 60 68 75 / 55 -60 -68 -75 / 53 60 68 74 / 55 59 67 -74 / 56 60 65 72 / 48 -56 -65 -72 / 50 55 65 74 / 71 -50 -65 <END> 
<S> 56 60 65 74 / 55 72 -60 -68 / 53 60 68 74 / 55 59 67 -74 / 56 60 65 72 / 60 -56 -65 -72 / 55 59 67 74 / 48 63 67 72 / 56 65 72 / 60 -56 -65 -72 <END> 
<S> 56 60 63 72 / 55 -60 -63 -72 / 53 65 68 72 / 55 67 70 75 / 56 65 68 72 / 58 74 -68 -68 / 67 76 -58 / 65 56 65 77 <END> 
<S> 51 63 67 72 / 53 -63 -67 -72 / 55 62 67 70 / 60 63 67 72 / 58 -63 -67 -72 / 57 63 72 / 60 65 -56 -72 / 55 62 67 70 / 60 63 67 68 / 58 62 67 70 / 57 63 67 72 / 66 -57 -62 -72 <END> 
<S> 58 63 68 -55 / 53 -58 -63 -68 / 55 70 -63 / 57 63 68 72 / 46 62 65 70 / 55 63 70 -71 / 53 68 -63 -70 / 51 63 67 70 / 62 -51 -67 -70 / 53 60 68 -67 / 55 58 65 -68 / 56 60 65 -65 / 58 62 65 74 / 60 63 -65 -74 <END> 
<S> 51 63 67 70 / 53 -63 -67 -70 / 55 62 67 70 / 53 -62 -67 -70 / 51 60 67 72 / 50 -60 -67 -72 / 48 67 75 47 / 55 -67 -72 -75 / 59 62 74 -77 / 60 67 75 -74 / 72 -60 -67 -75 / 55 67 74 -72 / 71 -55 -67 -74 <END> 
<S> 63 67 72 / 62 65 71 74 / 60 63 75 / 67 -60 -63 -75 / 54 63 72 75 / 62 77 -63 -72 / 55 63 71 79 / 60 68 77 -79 / 59 67 77 75 / 60 72 -67 -75 / 55 67 74 -72 / 71 -55 -67 -74 <END> 
<S> 59 62 67 77 / 77 -59 -62 -77 / 60 63 67 75 / 65 69 -60 -75 / 55 67 71 74 / 53 -67 -71 -74 / 51 67 72 / 50 65 74 -72 / 48 63 72 79 / 53 68 77 -63 / 55 62 71 77 / 60 63 72 79 <END> 
<S> -72 67 71 -51 / 55 65 -67 -71 / 63 -55 -67 -71 / 62 65 69 77 / 60 -65 -69 -77 / 58 65 70 74 / 60 63 -70 -74 / 62 65 72 77 / 58 -62 -72 -77 / 60 63 72 79 / 62 77 -63 -72 / 60 63 68 79 / 58 62 65 77 / 56 63 72 75 <END> 
<S> 53 63 68 72 / 51 63 70 79 / 62 -51 -70 -79 / 53 60 68 77 / 55 59 67 -77 / 56 60 67 72 / 65 74 -56 -60 / 55 60 67 75 / 53 -60 -67 -75 / 51 60 67 79 / 50 -60 -67 -75 / 51 60 67 74 / 53 59 -67 -74 / 51 55 67 75 / 53 -67 -70 -75 <END> 
<S> 60 67 75 / 58 -60 -67 -75 / 56 60 68 75 / 55 -60 -68 -75 / 53 60 68 74 / 55 59 67 -74 / 56 60 67 72 / 65 -56 -60 -72 / 50 62 65 71 / 53 62 -62 -71 / 51 55 63 72 / 50 57 65 74 / 48 58 67 75 / 43 60 67 74 / 55 59 67 74 / 60 -55 -67 -74 <END> 
<S> 56 60 63 72 / 55 -60 -63 -72 / 53 65 68 72 / 63 -53 -68 -72 / 48 60 67 72 / 44 56 60 65 / 62 -56 -56 -65 / 50 55 63 70 / 46 -55 -63 -70 / 48 60 63 68 / 50 58 65 -68 / 51 67 -58 -65 / 60 -51 -67 / 55 58 62 70 / 55 62 70 -55 / 48 63 -55 -70 / 53 57 65 69 72 <END> 
<S> 46 58 62 65 / 56 -58 -62 -65 / 55 58 62 67 / 53 57 -62 -67 / 55 59 62 / 53 -59 -62 / 55 59 62 / 53 53 -59 -62 / 52 55 60 / 53 62 -52 -55 / 48 55 60 63 / 46 -55 -60 -63 / 44 60 65 -63 / 43 62 67 -65 / 63 -43 -67 -67 / 44 60 65 -67 / 53 59 62 -65 / 60 -53 -60 -65 / 55 59 62 -53 / 53 -55 -59 -62 / 48 55 60 63 / 50 -55 -60 -63 <END> 
<S> 50 53 58 65 / 48 -53 -58 -65 / 46 58 62 65 / 44 -58 -62 -65 / 43 55 62 70 / 55 -43 -58 -70 / 48 55 63 70 / 60 -48 -55 -63 / 50 53 58 65 / 46 62 -58 -65 / 46 53 62 65 / 44 -53 -58 -65 / 46 53 62 70 / 55 -46 -62 -67 / 39 55 60 63 / 58 62 -55 / 56 60 -55 -62 / 55 59 62 / <END> 
<S> 50 65 58 65 / 56 -50 -65 -65 / 51 55 63 67 / 58 61 -51 -67 / 54 60 63 69 / 55 -60 -63 -69 / 54 62 63 69 / 70 -54 -62 -66 / 55 58 62 70 / 53 60 63 -70 / 48 65 69 -60 / 45 63 -60 -69 / 50 62 65 -69 / 60 -50 -65 -69 / 46 58 62 67 / 58 62 67 70 / 51 63 67 70 / 65 -51 -67 -70 <END> 
<S> 51 63 68 -58 / 50 -63 -68 -68 <END> 
<S> 68 72 -48 -64 / 55 62 67 71 / 53 -62 -67 -71 <END> 
<S> 67 72 -55 / 66 74 -55 -67 / 60 67 76 / 54 60 69 74 / 56 64 71 -74 / 57 64 72 / 55 -64 -72 <END> 
<S> 58 62 67 / 57 60 65 77 / 55 59 67 -77 / 60 69 76 / 50 -60 -69 -76 / 52 67 72 -60 / 70 -52 -60 -67 / 53 60 69 -67 / 65 -53 -60 -69 / 52 60 67 -60 / 58 -52 -60 -67 / 53 57 60 69 / 55 59 65 -69 / 60 64 -65 -69 <END> 
<S> 52 60 67 72 / 55 -52 -67 -72 / 54 57 69 74 / 50 62 -69 -74 / 55 62 67 71 / 43 59 62 67 / 48 60 64 67 / 53 65 -60 69 / 52 60 67 71 / 50 65 -67 -71 / 52 64 67 71 / 62 -52 -67 -71 / 57 60 69 -67 / 65 69 -57 -60 <END> 
<S> 48 60 67 76 / 50 -60 -67 -76 / 52 60 67 76 / 53 -60 -67 -76 / 55 59 67 74 / 56 64 71 76 / 57 60 -64 -71 / 62 65 -57 -72 / 55 64 69 71 / 53 62 -69 -72 / 52 60 67 72 / 58 -52 -67 -72 / 53 57 69 72 / 52 55 -69 -72 / 50 54 57 -72 / 48 -54 -57 -69 <END> 
<S> 57 64 71 72 / 56 -57 -64 -72 / 45 57 64 71 / 69 -45 -64 / 52 57 64 71 / 62 -52 -64 -71 / 45 57 64 72 / 59 62 67 74 / 60 64 67 76 / 62 77 -67 -72 / 64 67 69 79 / 62 -67 -76 -79 / 60 67 72 76 / 59 -67 -72 -76 / 57 69 72 77 / 59 -69 -72 -77 <END> 
<S> 57 64 72 / 59 62 74 / 60 76 -62 / 56 62 71 77 / 57 64 72 79 / 55 -64 -72 -79 / 53 62 72 79 / 60 77 -72 / 47 67 74 79 / 48 64 67 -79 / 65 74 -48 -67 / 50 67 72 -65 / 52 64 67 -72 / 53 62 69 -72 / 50 -62 -69 -72 / 55 62 67 71 / 64 -55 -60 -71 <END> 
<S> 52 67 72 79 / 53 -67 -72 -79 / 55 67 71 74 / 65 -55 -71 -74 / 48 64 67 72 / 55 62 67 71 / 52 55 67 72 / 50 57 65 74 / 59 -50 -65 -74 / 48 60 64 -74 / 50 59 65 74 / 48 60 64 67 / 52 60 66 67 / 59 -52 -67 -72 / 57 60 65 72 / 59 62 67 74 / 60 -59 -67 -74 <END> 
