<S> 53 57 60 / 52 -53 -57 -60 / 50 53 62 -57 / 56 -50 -53 -62 / 57 -50 -53 -62 / 44 52 59 64 / 62 -44 -52 -59 / 45 52 60 -59 / 57 -45 -52 -60 / 59 -45 -52 -60 / 57 60 64 -45 / 55 -45 -60 -64 / 39 54 66 -60 / 59 -39 -54 -66 / 40 52 59 67 / 52 59 64 67 <END> 
<S> 57 60 64 -45 / 55 -45 -60 -64 / 39 54 57 66 / 43 59 62 67 / 45 52 64 -67 / 45 60 64 72 / 47 62 -45 -72 / 48 52 64 -72 / 50 62 71 -64 / 52 55 64 72 / 54 57 -64 -72 / 55 59 62 71 / 52 64 -59 -71 <END> 
<S> 45 64 72 -55 / 54 -45 -64 -72 / 47 62 67 71 / 48 -62 -67 -71 / 50 62 69 -67 / 55 62 -67 -69 / 60 64 67 69 / 59 62 67 69 / 60 -62 -67 -69 / 55 62 67 71 / 53 59 62 67 / 52 60 64 -67 / 50 53 65 69 / 48 64 -53 -69 / 47 62 -53 -69 / 48 52 60 69 / 64 -48 -52 -60 <END> 
<S> 55 62 69 71 / 54 -62 -62 -71 / 60 -54 -62 -69 / 50 55 62 71 / 46 55 62 69 / 54 59 62 69 / 52 59 62 67 / 60 64 -52 -67 / 50 57 65 69 / -50 53 -65 -69 / 55 59 62 -65 / 60 64 -53 -65 / 59 62 -53 -65 / 60 -53 -62 -65 / 47 55 62 67 / 43 -55 -62 -67 <END> 
<S> 43 59 62 67 / 50 57 -62 -67 / 52 55 62 67 / 50 -55 -62 -67 / 48 55 62 65 / 64 -55 -60 / 59 -55 / 57 60 62 / 59 64 -50 -57 / 45 57 62 65 / 43 50 -57 -65 / 55 59 62 / 47 55 62 / 45 54 60 62 / 47 55 62 67 / 43 -55 -62 -67 <END> 
<S> 47 55 62 67 / 45 -55 -62 -67 / 47 55 62 67 / 43 -55 -62 -67 / 48 55 62 64 / 48 60 64 -55 / 59 -48 -55 -64 / 45 57 60 65 / 41 58 62 -65 / 43 55 64 -62 / 53 62 -43 -55 / 45 48 60 64 / 47 50 62 67 / 48 52 -59 -67 / 50 57 62 67 / 59 62 -50 -67 / 60 -50 60 66 <END> 
<S> 55 59 62 -48 / 47 -55 -62 -65 / 48 55 60 64 / 58 -48 -55 -64 / 43 55 60 64 / 53 62 65 -60 / 59 -55 -53 -65 / 57 60 -53 -65 / 55 59 62 / 43 -55 -59 -62 / 48 55 60 64 / 44 48 -60 -64 / 43 55 59 67 / 41 -55 -59 -67 / 40 55 60 67 / 38 59 65 -67 / 36 55 60 64 / 36 55 60 64 / -55 -60 <END> 
<S> 55 62 -48 -60 / 52 55 60 / 43 59 62 -55 / 47 55 62 67 / 48 60 -55 -67 / 50 55 62 67 / 43 62 -55 -67 / 50 54 60 69 / 52 55 -60 -69 / 53 57 69 -60 / 59 62 -53 -69 / 52 60 67 / 58 -52 -60 -67 / 54 57 60 69 / 52 55 -60 -69 / 50 53 57 69 / 48 71 -53 -57 / 47 50 57 65 / 41 -50 -57 -65 <END> 
<S> 45 52 60 -64 / 47 55 62 / 48 55 64 / 46 -48 -55 -64 / 45 57 60 65 / 43 64 -57 -60 / 41 57 60 62 / 38 -57 -60 -62 / 43 55 59 -62 / 53 -43 -59 -62 / 36 52 55 60 / 48 52 60 67 / 47 62 -52 -67 / 45 52 60 72 / 47 62 67 -72 <END> 
<S> 41 57 60 62 / 44 -57 -60 -62 / 43 55 59 62 / 53 -59 -62 -67 / 48 60 64 67 / 47 62 -60 -67 / 48 52 60 67 / 47 50 -60 -67 / 52 55 60 72 / 48 -55 -60 -72 / 50 65 -55 -60 / 52 60 -55 -60 / 53 62 -60 -55 / 52 55 60 64 / 57 -55 -60 -64 / 55 59 62 65 / 48 55 64 -62 <END> 
<S> 45 53 60 65 / 47 55 62 -65 / 48 55 60 64 / 43 55 59 62 / 55 -43 -59 -62 / 36 55 60 64 / 48 55 60 64 / 49 65 -55 -60 / 52 55 59 67 / 50 -55 -59 -67 / 48 52 60 67 / 53 62 -60 -67 / 52 55 60 67 / 50 65 -55 -60 / 52 55 60 64 / 50 -55 -60 -64 <END> 
<S> 47 55 62 67 / 45 -55 -62 -67 / 47 55 62 67 / 43 -55 -62 -67 / 48 55 60 64 / 36 55 60 64 / 55 67 -60 -64 / 65 -55 -60 -67 / 59 62 67 -55 / 57 -53 -62 -67 / 59 62 -53 -65 / 52 60 67 -59 / 65 74 -60 -60 / 52 59 67 -60 / 57 60 65 -60 / 50 59 62 67 / 60 -50 -59 -67 / 43 50 59 67 / 65 -43 -43 -59 / 48 52 60 67 / 41 53 62 69 / 60 -41 -53 -69 / 59 -41 -41 -69 / 43 55 59 67 / 64 -43 -59 -67 <END> 
<S> 47 55 62 67 / 48 60 -55 -67 / 47 55 62 67 / 65 -47 -55 -62 / 48 55 60 64 / 47 -55 -60 -64 / 45 57 60 66 / 43 -57 -60 -65 / 47 55 62 67 / 48 55 60 64 / 50 65 -55 -60 / 52 55 60 67 / 50 -55 -60 -67 / 52 55 60 67 / 53 62 -67 / 52 55 64 67 / 50 65 -55 -64 / 52 55 61 64 / 53 57 60 62 / 59 -57 -62 -66 <END> 
<S> 48 55 60 64 / 50 55 58 65 / 62 -50 -53 -65 / 45 52 60 64 / 70 -52 -60 -64 / 53 60 67 -60 / 65 -53 -60 / / 55 60 67 -65 / 64 -43 -60 -67 / 65 -60 -64 / 41 -57 -60 -65 / 57 62 65 -57 / 64 -57 -60 -65 / 59 62 67 74 / 60 65 -67 -74 / 52 67 72 / 43 74 -55 -67 / 45 60 69 -55 / 47 62 -55 -69 <END> 
<S> 53 60 65 69 / 62 -53 -65 -69 / 55 59 62 67 / 60 -54 -62 -67 / 55 60 62 / 43 59 62 67 / 53 -43 -59 -67 / 52 52 60 67 / 55 -52 -60 -67 / 53 57 60 69 / 55 59 62 / 57 60 64 / 59 65 -57 -60 / 55 59 62 -65 / 60 64 -55 -65 <END> 
<S> 50 53 57 65 / 59 -50 -53 -65 / 52 55 60 64 / 53 -55 -60 -64 / 55 59 62 / 53 -55 -59 -62 / 52 55 60 64 / 50 -55 -60 -64 / 48 55 62 65 / 47 -55 -62 -65 / 48 55 60 64 / 48 52 60 67 / 41 53 60 69 / 71 -53 -60 -69 <END> 
<S> 48 55 60 64 / 50 -55 -60 -64 / 52 55 60 64 / 53 -55 -60 -64 / 55 59 62 / 57 -55 -59 -62 / 52 55 60 64 / 74 -55 -60 -64 / 55 59 62 / 57 -55 -59 -62 / 47 55 62 / 53 -47 -55 -59 / 48 52 55 64 / 50 -55 -55 -64 / 48 52 57 65 / 47 50 -57 -65 / 45 52 57 64 / 47 -57 -64 / 40 55 61 64 <END> 
<S> 48 57 62 65 / 47 -57 -62 -65 / 45 55 64 72 / 43 55 62 71 / 40 55 64 72 / 54 62 -64 -72 / 55 62 71 / 64 -55 -62 / 43 55 60 69 / 53 62 67 71 / 52 60 67 72 / 50 65 74 -72 / 71 -50 -65 -74 / 52 67 72 76 / 53 -67 -72 -76 <END> 
<S> 57 60 64 69 / 55 59 62 67 / 53 60 65 69 / 52 -60 -65 -69 / 50 62 65 71 / 52 55 64 72 / 54 57 -64 -72 / 55 62 71 74 / 52 67 71 / 57 66 69 72 / 59 67 -67 -72 / 55 62 67 71 / 53 59 62 67 / 52 60 67 72 / 57 65 -52 -72 <END> 
<S> 57 64 67 72 / 55 -64 -72 / 54 62 69 -72 / 55 62 71 -69 / 64 67 -55 -71 / 50 66 69 66 / 60 -50 -66 -69 / 55 59 62 67 / 52 59 67 / 57 64 69 72 / 55 62 -69 -72 / 54 62 69 -72 / 55 71 -62 -69 / 64 67 72 / 57 66 74 -72 / 59 67 71 74 <END> 
<S> 57 62 66 72 / 59 62 67 71 / 60 -62 -67 -71 / 59 66 69 72 / 57 -66 -69 -72 / 55 62 69 71 / 53 -62 -69 -71 / 52 60 72 -69 / 71 -52 -60 -67 / 72 -48 -64 -67 / 55 62 71 74 / 50 -62 -65 -74 / 52 64 67 76 / 57 -64 -67 -76 / 62 66 -57 -72 / 55 -62 -66 -72 <END> 
<S> 52 64 67 72 / 54 62 69 -72 / 55 62 67 71 / 53 59 62 67 / 52 60 67 72 / 50 69 -60 -72 / 55 62 71 74 / 48 64 67 72 / 60 67 76 / 69 -60 -76 <END> 
<S> 52 60 67 72 / 53 69 -60 -72 / 52 65 71 74 / 50 -65 -71 -74 / 48 67 72 76 / 65 -48 -72 -76 / 60 67 72 76 / 58 -67 -72 -76 / 57 69 72 77 / 59 67 74 79 / 77 -59 -67 -74 / 60 76 -67 -76 <END> 
<S> 47 62 74 79 / 67 -47 -74 -79 / 48 67 72 76 / 50 -67 -72 -76 / 52 67 72 76 / 53 -67 -72 -76 / 55 67 72 74 / 71 -55 -67 -74 / 55 67 71 74 / 53 -67 -71 -74 <END> 
<S> 47 65 74 -72 / 67 -47 -74 -74 / 48 72 -67 -74 / 50 65 -72 -74 / 71 -50 -65 -77 / 52 67 72 79 / 53 -67 -72 -79 / 55 67 71 74 / 65 -55 -71 -74 / 56 64 71 72 / 69 -56 -64 -72 / 52 60 64 71 / 53 69 -64 -71 <END> 
<S> 74 -53 -65 -72 / 47 67 74 -74 / 48 67 76 -74 / 52 72 -67 -76 / 71 -52 -67 -76 / 57 64 72 77 / 55 62 -72 -77 / 57 60 72 77 / 59 67 -72 -77 / 60 67 72 76 / 60 67 72 76 / 57 60 72 77 / 59 62 74 -77 <END> 
<S> 53 60 69 77 / 57 60 69 76 / 55 59 67 -76 / 53 -55 -67 -76 / 52 55 67 72 / 53 74 -67 / 55 60 67 / 59 -55 -67 -76 / 57 60 -67 -76 / 58 65 74 77 / 57 72 43 59 76 / 55 74 -70 / 64 67 73 76 <END> 
<S> 55 60 67 72 / 57 66 -60 -72 / 55 59 67 74 / 55 59 67 74 / 48 55 67 74 / 48 60 64 69 / 50 60 66 -69 / 52 59 67 / 65 71 -52 -59 / 57 60 64 72 / 55 59 67 74 / 53 -59 -67 -74 <END> 
<S> 47 62 67 71 / 48 64 67 69 / 50 62 66 69 / 60 -50 -66 -69 / 43 59 62 67 / 55 59 62 67 / 53 57 -62 -67 / 52 55 64 72 / 50 -52 -64 -72 / 52 55 64 71 / 54 -55 -64 -71 / 55 59 62 71 / 52 -55 -59 -62 / 50 55 60 69 / 48 -60 -69 -69 <END> 
<S> 52 64 67 71 / 62 -52 -67 -71 / 64 -55 -67 -71 / 50 62 69 -67 / 66 -50 -62 -69 / 55 59 62 67 / 52 55 59 67 / 50 57 60 69 / 59 62 -57 -69 / 45 60 64 72 / 47 55 -64 -72 / 48 55 64 72 / 50 62 66 -72 / 52 55 67 72 / 54 57 62 -72 / 55 58 62 70 / 64 -55 -58 -70 <END> 
<S> 40 55 67 72 / 38 59 71 -67 / 38 64 69 72 / 54 62 -69 -72 / 43 62 67 71 / 45 -62 -67 -71 / 50 57 62 69 / 55 62 71 / 53 55 62 72 / 52 64 67 72 / 65 69 -55 -72 / 56 64 71 -69 / 62 -56 -64 -71 / 50 57 65 69 / 59 62 -50 -65 <END> 
<S> 45 64 69 72 / 47 68 -64 -72 / 48 52 -64 -69 / 50 54 62 -69 / 52 55 64 71 / 54 60 62 -40 / 59 62 -54 -69 / 57 60 66 / 59 62 -53 -65 / 52 60 64 67 / 50 -60 -64 -67 / 48 55 60 64 / 43 -55 -60 -64 / 41 53 57 62 / 71 -41 -53 -57 <END> 
<S> 57 60 64 / 55 59 62 / 53 -55 -59 -62 / 52 55 60 62 / 48 -55 -60 -64 / 53 57 60 65 / 50 53 -60 -65 / 52 55 60 67 / 53 -60 -60 -67 / 55 59 62 / 57 -55 -59 -62 / 55 59 62 / 53 -55 -59 -62 / 52 55 60 64 / 50 -55 -60 -64 <END> 
<S> 52 55 60 67 / 53 -55 -60 -67 / 55 62 65 -53 / 52 -55 -60 -65 / 53 57 60 64 / 50 58 -60 -64 / 57 65 -50 -60 / 55 59 62 / 57 -55 -62 / 43 55 59 62 / 55 67 -43 -59 / 45 52 60 69 / 47 50 62 71 / 48 52 55 64 72 / 60 -48 -64 -72 <END> 
<S> 47 55 62 67 / 48 60 -55 -67 / 50 55 62 71 / 38 -55 -62 -71 / 40 60 64 69 / 45 60 63 -69 / 43 62 67 71 / 48 60 64 67 / 47 -60 -64 -67 / 45 60 65 69 / 47 -60 -65 -69 / 48 60 64 67 / 58 -48 -64 -67 <END> 
<S> 48 60 64 69 / 47 -60 -64 -69 / 45 59 64 71 / 40 -59 -64 -71 / 45 57 64 72 / 62 65 -45 -72 / 43 62 71 -65 / 69 -43 -62 -65 / 48 62 67 71 / 52 60 67 72 / 54 69 74 -72 / 55 67 71 -74 / 57 66 72 -74 / 55 67 72 / 54 57 69 -72 / 55 62 67 71 <END> 
<S> 50 62 65 71 / 52 60 67 72 / 54 69 74 -60 / 55 59 67 -74 / 65 -55 -59 -74 / 48 60 64 72 / 47 62 67 74 / 48 64 67 76 / 50 62 66 74 / 52 60 67 76 / 53 -60 -67 -76 / 55 59 67 74 / 65 -55 -59 -74 <END> 
<S> 52 60 67 72 / 50 74 -60 -67 / 52 60 67 76 / 53 69 -60 -76 / 55 67 71 74 / 56 64 69 72 / 55 62 74 -69 / 64 67 -55 -74 / 65 65 -55 -74 / 48 64 67 72 <END> 
<S> 57 64 69 72 / 71 74 -57 -64 / 52 55 72 76 / 71 -55 -52 -76 / 50 65 69 74 / 59 68 -50 -74 / 68 -50 -59 -74 / 45 61 69 76 / 67 -49 -57 -76 / 50 57 65 74 / 52 60 64 72 / 53 59 74 -72 <END> 
<S> 50 59 65 74 / 60 -50 -65 -74 / 52 59 67 76 / 56 -52 -59 -76 / 57 60 67 -52 / 53 59 -67 -74 / 72 -59 -60 -67 / 55 59 67 74 / 55 59 62 67 <END> 
<S> 53 62 69 74 / 60 -53 -69 -74 / 55 59 67 74 / 64 72 -55 -67 / 62 65 -55 -72 / 67 71 -55 -62 / 48 55 64 69 / 53 59 62 71 <END> 
<S> 50 65 71 74 / 69 -50 -65 -74 / 55 67 71 74 / 64 -55 -71 -74 / 53 69 72 / 74 -53 -69 -72 / 55 67 72 76 / 65 74 -55 -72 / 64 -55 -72 -74 / 62 70 76 -55 / 55 64 71 79 <END> 
<S> 64 67 72 / 65 69 74 / 64 67 70 -74 / 72 -64 -67 -75 / 55 74 77 -72 / 67 71 -55 -77 / 57 64 69 72 / 55 62 69 71 / 53 -62 -69 -71 / 52 60 67 72 / 50 65 -60 -72 / 52 55 67 71 / 48 55 64 -67 <END> 
<S> 54 62 69 74 / 72 -54 -62 -69 / 55 64 67 72 / 55 71 -64 -67 / 48 64 69 -67 / 50 62 66 -69 / 60 -50 -66 -69 / 43 59 62 67 / 55 59 62 67 / 53 57 -62 -67 / 52 55 60 67 / 50 -55 -60 -67 / 52 55 62 71 / 53 -55 -59 -62 <END> 
<S> 50 62 66 71 / 52 55 -66 -71 / 54 57 64 72 / 55 59 62 -72 / 52 60 67 -72 / 50 -60 -67 -72 / 48 64 67 72 / 48 64 67 72 / 53 60 69 -72 / 65 -53 -69 -72 / 55 59 67 74 / 60 64 67 -74 / 43 -60 -67 -74 / 53 72 -60 -67 / 59 -53 -67 / 52 60 67 79 / 58 -52 -67 -79 <END> 
<S> 53 65 69 72 / 71 -53 -65 -69 / 60 67 72 76 / 58 -67 -72 -76 / 57 60 72 77 / 62 -57 -72 -77 / 52 64 72 79 / 60 -64 -72 -79 / 53 65 72 81 / 64 -53 -72 -81 / 55 62 71 79 / 77 -55 -62 -71 / 48 67 76 79 / 53 -67 -71 -76 / 55 67 74 76 / 57 69 -67 -76 <END> 
<S> 53 69 72 / 71 74 -53 -69 / 48 67 72 76 / 55 67 72 74 / 71 -55 -67 -74 / 69 -55 -71 -74 / 72 -55 -69 -72 / 71 -55 -67 -72 / 57 65 72 77 / 59 62 74 -77 / 60 64 67 76 / 65 72 -60 -76 / 55 67 74 -72 / 71 -55 -67 -74 / 43 67 71 74 / 55 71 74 -67 <END> 
<S> 62 65 71 / 64 67 72 / 62 65 -67 -72 / 64 67 72 / 62 65 -67 -72 / 60 64 67 -72 / 59 62 -67 -72 / 60 67 72 76 / 59 -60 -72 -76 / 57 60 72 77 / 62 -57 -72 -77 / 52 67 72 76 / 53 -67 -72 -76 / 55 67 71 -72 / 53 -67 -71 -74 / 52 68 72 -64 / 62 71 -52 -55 <END> 
<S> 60 64 72 79 / 58 -64 -72 -79 / 57 64 72 81 / 55 -64 -72 -81 / 53 65 72 81 / 69 74 -53 -65 / 63 67 72 76 / 65 69 74 77 / 67 71 74 58 / 60 -67 -74 -77 / 62 71 74 -56 / 64 73 76 -83 / 57 64 81 84 / 50 65 74 82 / 52 67 71 79 / 60 64 72 79 <END> 
<S> 64 67 72 / 65 74 -67 -72 / 67 76 -65 / 59 62 -67 -72 / 57 64 69 72 / 55 64 67 72 / 54 62 69 74 / 55 62 67 71 / 60 64 67 / 62 66 74 -60 / 59 67 71 76 / 57 60 72 -67 <END> 
<S> 55 62 67 71 / 60 64 69 -55 / 54 62 -64 -69 / 55 59 62 67 / 52 60 64 67 / 54 57 60 69 / 55 62 67 71 / 48 60 64 67 / 50 65 -60 -67 / 52 55 67 72 / 53 60 65 -72 / 55 60 65 67 / 62 -55 -60 -67 / 43 60 -60 -67 <END> 
<S> 52 60 67 72 / 53 69 -67 -72 / 52 65 71 -69 / 50 65 69 -71 / 62 -50 -65 -69 / 60 64 67 -50 / 59 -60 -64 -67 / 59 62 67 74 / -59 -62 -67 -74 / 60 64 67 76 / 66 69 -60 -76 / 55 67 71 74 / 52 67 72 79 / 71 -52 -67 -79 <END> 
<S> 43 59 67 74 / 45 76 -67 -74 / 47 66 74 / / 72 -50 -74 -81 / 55 71 74 79 / 62 71 -55 -79 / 60 64 69 77 / 62 -60 -69 -77 / 58 64 67 76 / 65 77 -58 -67 / 53 79 69 -65 / 58 62 70 77 / 57 -62 -70 -77 / 55 62 69 77 / 53 -58 -69 -77 <END> 
<S> 62 65 69 77 / 75 -62 -65 -69 / 58 65 70 74 / 60 -65 -70 -74 / 58 65 74 -70 / 57 -65 -70 -74 / 58 64 67 72 / 57 60 -67 -72 / 55 67 70 74 / 53 -67 -70 -74 / 52 67 70 79 / 53 60 -70 -79 / 62 -53 -70 -79 / 55 63 70 79 / 62 -55 -70 -79 <END> 
<S> 0 / 48 63 72 79 / 50 65 77 -72 / 71 -50 -65 -77 / 51 67 72 75 / 53 -67 -72 -75 / 55 67 74 -72 / 70 -55 -67 -74 / 51 67 72 75 / 53 -67 -72 -75 / 55 67 70 74 / 65 -55 -70 -74 <END> 
<S> 48 67 75 -62 / 60 -48 -67 -75 / 55 67 74 -72 / 70 -55 -67 -74 / 56 65 72 / 63 -56 -72 -72 / 55 65 74 -72 / 53 68 71 74 / 55 67 71 74 / 65 -55 -71 -74 <END> 
<S> 65 68 72 / 63 74 -68 / 62 65 67 / 60 64 -65 -67 / 58 62 65 / 56 60 63 72 / 55 74 -60 -63 / 53 60 68 75 / 55 -60 -68 -75 / 53 65 74 -60 / 59 -53 -65 -74 / 51 60 63 67 / 68 -51 -60 -75 <END> 
<S> 56 60 63 72 / 65 74 -56 -60 / 55 58 67 75 / 53 68 -58 -75 / 55 63 70 74 / 61 65 -70 -74 / 56 63 68 72 / 55 -63 -68 -72 / 53 61 67 70 / 52 -61 -67 -70 / 53 60 67 68 / 55 -60 -67 -68 / 56 60 65 -68 / 53 -60 -65 -68 <END> 
<S> 56 63 67 72 / 65 -56 -67 -72 / 55 65 67 74 / 53 59 67 74 / 62 71 -67 -74 / 65 67 72 / 64 67 71 / 65 -67 -71 / 63 67 72 -71 / 62 -67 -72 -75 / 60 67 72 75 / 74 -60 -67 -72 / 54 63 69 72 / 62 -54 -69 -72 <END> 
<S> 60 63 72 80 / 62 65 -72 -80 / 63 67 70 79 / 63 68 77 -63 / 62 65 70 -77 / 60 63 75 79 / 55 58 -70 -79 / 56 60 70 77 / 55 -60 -70 -77 / 53 65 68 80 / 74 -53 -65 -68 / 75 -60 -65 -68 / 58 67 70 74 / 46 -58 -70 -74 <END> 
<S> 56 63 68 72 / 74 -56 -63 -68 / 55 60 67 75 / 53 68 74 -60 / 55 59 67 -74 / 56 60 72 -67 / 60 68 -56 -72 / 55 62 71 71 / 67 -43 -71 -71 / 65 -55 -71 -74 / 57 63 66 72 / 55 62 67 70 / 54 62 69 69 / 55 67 -62 -69 / 60 66 69 -55 / 58 62 67 70 / 66 -62 -67 <END> 
<S> 59 62 67 74 / 60 64 -67 -74 / 62 65 71 77 / 67 -62 -77 -77 / 63 75 79 / 60 63 72 77 / 59 62 74 79 / 60 63 72 80 / 62 65 -72 -80 / 63 67 70 79 / 60 68 77 / 58 62 70 77 / 68 -58 -74 -77 / 51 63 67 75 <END> 
<S> 60 63 80 80 / 65 70 -60 -80 / 63 79 -65 -70 / 63 72 -63 -79 / 65 70 74 77 / 58 67 75 77 / 68 -58 -75 -77 / 51 67 70 75 / 53 65 70 74 / 63 72 -53 -70 / 58 65 70 74 / 56 65 72 / 55 70 -65 -72 <END> 
<S> 58 63 70 77 / 62 68 77 -58 / 51 63 67 79 / 55 71 -67 -79 / 60 67 72 75 / 58 68 72 77 / 56 -68 -72 -77 / 55 67 70 75 / 53 -55 -70 -75 / 51 58 70 79 / 56 -58 -70 -79 <END> 
<S> 56 72 77 -63 / 58 62 70 -77 / 68 -58 -62 -77 / 51 58 67 75 / 48 60 69 75 / 55 67 71 74 / 51 60 67 79 / 53 60 69 77 / 55 67 71 -77 / 72 -55 -67 -74 / 71 74 -67 <END> 
<S> 48 60 67 75 / 62 74 -48 -67 / 63 67 75 -48 / 47 62 -67 -75 / 48 60 67 75 / 55 67 74 -60 / 59 -55 -67 -74 / 51 63 67 72 / 57 65 -51 -72 / 47 62 65 74 / 67 -47 -62 -74 / 48 62 71 76 / 56 -62 -71 -74 <END> 
