<S> 48 55 60 64 / 45 57 60 65 / 40 58 60 67 / 45 57 60 67 / 55 -45 -60 -67 / 38 57 60 65 / 59 -38 -57 -65 / 40 55 60 64 / 41 -55 -60 -64 / 43 55 59 62 / 55 59 62 67 <END> 
<S> 38 57 60 65 / 59 -38 -57 -65 / 40 55 60 64 / 40 -55 -60 -64 / 41 57 60 62 / 38 55 59 -62 / 53 -43 -59 -62 / 36 52 55 60 / 48 52 55 60 / 47 55 62 67 / 45 -55 -62 -67 / 50 55 62 71 / 38 -55 -62 -70 <END> 
<S> 48 52 55 60 / 50 55 59 62 / 52 55 60 67 / 59 -55 -60 -67 / 57 60 65 / 55 -60 59 64 / 53 60 69 -60 / 55 59 62 / 57 -55 -59 -62 / 52 55 59 67 / 48 55 60 64 <END> 
<S> 55 59 62 / 53 -55 -59 -62 / 52 55 59 62 / 50 -55 -59 -62 / 52 55 60 67 / 50 -55 -60 -67 / 48 55 62 65 / 47 -55 -62 -65 / 48 55 60 64 / 48 55 60 64 / 47 -55 -60 -64 / 45 57 60 64 / 43 -57 -60 -64 / 41 57 60 62 / 38 -57 -60 -62 / 43 55 59 -62 / 53 -43 -59 -62 <END> 
<S> 48 55 60 64 / 47 62 -55 -60 / 45 48 60 -55 / 47 55 62 67 / 43 -55 -62 -67 / 45 60 62 69 / 38 -60 -62 -69 / 43 62 67 71 / 50 59 62 69 57 / 52 60 67 / 53 69 -60 / / 71 -53 -60 / / 57 69 72 / 52 55 64 71 / 50 55 62 -71 <END> 
<S> 40 55 67 71 / 50 66 -55 -71 / 69 -50 -55 -71 / 51 55 69 / 69 52 -55 -69 / 52 55 71 -69 / 48 64 67 / 55 59 67 74 / 60 66 69 -74 / 62 67 71 74 / 64 69 -67 -74 / 62 67 71 76 / 72 -62 -67 -76 / 50 65 74 81 / 55 64 -74 -81 / 53 62 72 / 60 67 -53 -72 <END> 
<S> 52 64 67 72 / 50 -64 -67 -72 / 48 62 67 74 / 47 -62 -67 -74 / 48 60 67 76 / 50 -60 -67 -76 / 52 55 74 -60 / 53 -43 59 -69 / 52 59 -43 -69 / 52 64 -59 -72 / 48 57 -64 -72 / 50 57 62 71 / 54 -50 -62 -71 / 52 55 67 72 / 48 64 71 -72 / 50 62 69 -72 / 71 -50 -62 -69 / 48 60 64 69 / 47 62 67 71 / 55 -47 -67 -71 <END> 
<S> 47 64 69 / 62 -47 -64 -67 / 40 59 64 71 / 54 -59 -64 -71 / 55 59 62 67 / 60 64 -55 -67 / 59 62 68 -55 / 57 60 64 69 / 55 59 62 71 / 52 64 67 72 / 54 -64 -64 -72 / 55 62 71 74 / 59 -52 -67 -74 / 52 60 67 72 / 54 69 -60 -72 <END> 
<S> 57 60 64 72 / 55 59 -64 -72 / 54 57 62 -72 / 50 74 -57 -62 / 52 55 64 71 / 54 -52 -55 -64 / 54 57 60 62 / 50 59 62 67 / 64 -50 -59 -67 / 38 59 62 65 / 45 57 60 64 / 43 55 59 -64 / 62 -43 -55 -59 / 45 48 60 64 / 47 55 62 67 / 48 57 64 69 / 50 62 -57 -69 / 52 60 64 -69 / 54 57 62 -69 <END> 
<S> 40 55 64 72 / 62 -55 71 -64 / 38 60 66 69 / 59 62 68 71 / 57 64 69 72 / 59 71 74 -53 / 60 76 -53 59 / 62 77 -57 -72 / 52 60 72 79 / 53 60 69 81 / 65 67 71 -53 / 69 -53 -65 -81 / 59 64 67 74 / 62 65 71 77 / 60 64 72 76 <END> 
<S> 57 60 69 77 / 59 62 -69 -77 / 60 64 67 76 / 65 -60 -67 -76 / 55 67 74 -60 / 59 -55 -67 -74 / 48 64 67 72 / 60 67 72 76 / 59 -67 -72 -76 / 57 69 72 77 / 59 62 74 -77 / 60 64 76 -74 / 72 -60 -64 -76 / 53 65 74 -72 / 59 65 -72 -74 / 60 64 -53 -74 / 62 72 77 -60 <END> 
<S> 60 67 72 76 / 64 -60 -72 -76 / 58 65 72 77 / 57 74 77 -77 / 55 76 79 -77 / 57 69 77 -76 / 72 74 -69 -77 / 59 67 74 -77 / 60 67 72 76 / 59 -67 -72 -76 / 57 60 72 77 / 62 -57 -72 -77 / 55 64 72 76 / 53 57 -72 -76 / 50 77 -57 -72 / 47 62 71 -77 / 48 67 76 -74 / 72 -48 -67 -76 <END> 
<S> 59 67 74 79 / 60 76 -67 -79 / 62 65 77 81 / 59 79 -62 -77 / 57 61 76 / 60 69 77 / 61 -60 -69 -77 / 59 62 67 79 / 55 -62 -67 -79 / 62 71 79 / 72 -62 -67 -71 / 64 67 71 79 / 50 -64 -67 -79 / 62 69 74 / 62 71 -69 / 55 67 71 76 / 65 74 -55 -71 <END> 
<S> 59 62 74 79 / 67 -59 -74 -79 / 60 67 76 -74 / 72 -60 -67 -76 / 55 67 72 74 / 70 -55 -67 -74 / 53 69 72 / 52 67 -69 -72 / 50 65 69 74 / 71 -50 -65 -74 / 48 64 72 76 / 55 -64 -72 -76 / 53 69 72 74 / 76 -53 -69 -72 / 55 62 71 74 / 64 -55 -71 -74 / 65 -55 -71 -74 <END> 
<S> 50 65 69 74 / 71 -50 -65 -74 / 48 67 72 76 / 52 -67 -72 -76 / 53 69 74 -72 / 50 65 -72 -74 / 55 62 71 -74 / 67 -55 -71 -74 / 65 -55 -71 -74 / 48 64 67 72 <END> 
<S> 50 62 69 78 / 66 -50 -62 -69 / 55 59 67 71 / 52 60 -67 -71 / 50 60 67 69 / 48 -60 -67 -69 / 50 62 66 69 / 60 -50 -66 -69 / 55 59 62 67 / 60 67 76 / 59 62 -67 -76 / 57 64 72 76 / 55 -64 -72 -76 <END> 
<S> 50 62 65 69 / 52 62 67 71 / 53 -62 -67 -71 / 52 60 67 72 / 50 53 -60 -67 -72 52 55 67 74 / 48 64 67 72 / 65 74 -48 -67 / 60 67 72 76 / 59 67 72 74 / 64 71 -55 -74 / 65 -55 -71 -74 / 48 64 67 72 / 48 64 67 72 <END> 
<S> 48 67 72 76 / 60 -67 -72 -76 / 69 72 74 -60 / 59 67 -74 -74 / 72 76 -67 -73 / 65 74 -72 55 / 71 -65 -74 -81 / 64 69 72 81 / 65 -69 -72 -81 / 67 71 74 79 / 60 67 72 76 / 59 67 74 79 / 57 69 72 77 / 55 76 -69 -72 / 53 71 74 -67 / 65 72 74 / 69 74 -65 -74 / 64 67 -74 76 / 65 72 77 -64 <END> 
<S> 57 67 72 76 / 71 -57 -67 -76 / 60 65 72 77 / 62 74 -65 / 60 64 72 76 / 53 65 69 74 / 64 67 72 76 / 65 74 81 -72 / 62 71 -81 -81 / 64 69 72 79 / 65 42 74 -79 / 67 76 -74 / 62 65 -67 -76 <END> 
<S> 65 69 74 -60 / 64 67 71 74 / 65 69 -71 -74 / 64 67 71 76 / -64 -67 -71 -76 / 57 69 72 77 / 62 71 74 -77 / 60 67 72 76 / 53 69 72 77 / 67 76 -72 / 53 69 72 74 / 52 67 72 -74 / 70 -52 -67 -71 <END> 
<S> 57 65 72 77 / 76 -60 -72 -77 / 60 69 72 76 / 74 -60 -69 -72 / 70 76 -60 -67 / 69 -60 -63 -76 / 58 65 74 77 / 64 70 79 / 62 65 -70 -79 / 60 67 72 76 / 55 -67 -72 -76 / 53 69 72 77 / 52 67 -72 -77 / 50 65 77 -72 <END> 
<S> 58 65 74 / 57 72 -65 -74 / 55 67 70 76 / 53 60 69 77 / 62 -53 -69 -77 / 55 67 72 79 / 71 -55 -67 -76 / 60 67 72 76 / 59 -67 -72 -76 / 57 69 72 76 / 55 71 -69 -76 / 53 69 72 / 52 67 -69 -72 / 50 65 71 77 / 48 64 69 76 <END> 
<S> 60 67 72 76 / 65 -60 -72 -76 / 55 64 71 72 / 62 74 -55 -72 / 60 64 76 -72 / 65 -60 -72 -76 / 67 76 -60 -72 / 59 -60 -67 -72 / 57 60 69 77 / 59 62 -69 -77 / 60 64 67 76 / 66 72 -60 -76 / 67 -60 -72 -76 / 50 69 72 77 / 62 71 -50 -77 / 48 67 72 76 / 53 69 72 74 / 55 67 71 -74 <END> 
<S> 57 60 69 76 / 78 -60 -69 -76 / 59 62 71 79 / 64 68 -71 -79 / 57 69 72 77 / 55 67 71 79 / 65 69 74 / 81 -65 -69 -74 / 59 64 67 74 / 65 -59 -74 / 57 60 64 72 / 69 -57 -60 -72 / 55 62 67 71 <END> 
<S> 62 67 74 81 / 60 76 -67 -81 / 58 67 74 83 / 57 66 -74 81 / 55 72 76 -67 / 74 -55 -67 43 59 67 76 -55 -67 -71 57 60 67 76 69 / 77 -57 -69 / 52 60 67 79 / 53 60 69 -79 / 55 67 71 74 / 55 67 71 74 <END> 
<S> 67 72 -64 / 59 74 -67 -72 / 60 76 76 -67 / 59 -60 -67 -76 / 56 60 72 77 / 57 62 -72 -77 / 69 -57 -62 -72 / 59 62 67 79 / 77 -62 -67 / 60 67 76 / 55 72 -67 -76 / 55 67 74 -72 / 71 -55 -67 -74 / 52 67 72 / 70 -52 -67 -72 / 53 65 69 72 / 71 74 -53 -65 / 52 67 72 76 / 57 64 72 -76 <END> 
<S> 60 67 76 / 62 -60 -67 -76 / 55 64 71 79 / 72 -55 -64 -79 / 52 67 72 79 / 50 65 -67 -79 / 52 67 72 79 / 48 -67 -72 -79 / 55 67 71 74 / 0 / 52 55 71 79 / 50 77 -55 -71 / 48 52 70 79 / 53 69 -48 -64 / 47 62 71 77 / 48 64 67 76 <END> 
<S> 48 67 72 76 / 50 65 77 -72 / 52 64 72 79 / 53 60 -72 -79 / 55 67 72 -60 / 54 69 -72 / / 62 67 71 / 64 72 -55 / 54 62 69 74 / 55 62 67 71 / 64 67 -55 -71 / 62 66 69 -48 / 60 64 -69 / 59 62 67 71 <END> 
<S> 54 62 69 74 / 62 -54 -69 -74 / 55 62 71 -69 / 67 -55 -62 -71 / 50 62 66 69 / 52 60 66 -69 / 59 -60 -64 -68 / 57 60 69 -65 / 62 -60 -65 -69 / 59 61 67 79 / 60 -64 -67 -79 / 59 65 74 79 / 72 -59 -62 -79 / 55 62 71 74 / 69 -55 -62 -74 / 55 62 71 79 / 57 -62 -71 -79 <END> 
<S> 59 62 67 71 / 60 -62 -67 -71 / 62 66 69 72 / 50 -66 -69 -72 / 55 62 71 -69 / 60 67 -62 -71 / 55 59 62 69 / 57 -55 -62 -69 / 55 59 62 67 / 53 60 64 69 / 57 60 65 71 <END> 
<S> 50 62 66 69 / 60 -50 -66 -69 / 55 59 62 67 / 60 64 -55 -67 / 57 60 69 -55 / 50 -60 -69 -75 / 55 59 74 / / -55 -59 -74 / 48 55 64 72 / 50 74 -55 -67 / 52 60 67 72 / 54 62 -67 -72 <END> 
<S> 48 55 64 72 / 60 67 -48 / 47 55 62 67 / 53 60 -43 -67 / 52 -43 -53 -60 / 53 -43 -53 -60 / 55 60 -38 -53 / 41 48 56 60 / 43 55 59 62 / 43 55 59 62 <END> 
<S> 50 55 62 65 / 48 -55 -62 -65 / 48 55 60 64 / 46 -55 -60 -64 / 45 53 60 62 / 44 -53 -60 -62 / 43 55 59 62 / 53 -43 -59 -62 / 48 51 55 60 / 57 -48 -55 -60 / 55 59 -48 -55 / 36 55 -55 -59 / 48 55 60 64 / 46 -55 -60 -64 <END> 
<S> 48 51 55 60 / 50 62 -55 -60 / 51 55 60 63 / 53 -55 -60 -63 / 55 59 62 / 43 55 60 63 / 53 59 62 -55 / 51 60 -53 -59 / 50 53 -60 -69 / 55 62 -50 -53 / 43 51 55 58 / 41 62 -51 -55 / 50 55 60 72 / 48 63 -55 -60 / 43 50 55 59 / 53 -43 -55 -60 / 44 51 56 60 / 43 50 59 67 / 48 51 60 67 / 44 -51 -60 -67 <END> 
<S> 47 55 62 67 / 45 60 -55 -67 / 47 55 62 65 / 47 55 62 65 / 48 55 60 63 / 53 62 -48 -60 / 51 55 60 63 / 50 -55 -60 -63 / 55 59 62 / 53 55 59 62 / 51 -55 -59 -62 / 50 55 60 63 / 48 -55 -60 -63 / 43 55 60 62 / 59 -43 -55 -62 / 53 -43 -59 -62 / 48 51 55 60 / 48 60 63 67 / 50 65 -60 -63 <END> 
<S> 55 62 67 -60 / 59 -55 -62 -67 / 57 60 -55 -67 / 53 62 65 / 63 -53 -55 -65 / 50 58 62 -65 / 43 -58 -62 -65 / 53 57 60 69 / 55 -57 -60 -69 / 53 60 65 68 / 45 -60 -65 -68 / 46 58 62 65 / 63 -46 -58 -65 / 46 58 62 65 / 56 60 65 -46 / 45 55 60 65 / 55 58 63 67 / 43 -58 -63 -67 <END> 
<S> 46 58 62 65 / 50 -58 -62 -65 / 56 60 63 / 57 60 66 / 43 55 59 67 / 50 54 62 69 / 70 -50 -62 -69 / 51 55 62 67 / 50 -55 -62 -67 / 48 55 63 -67 / 57 -48 -55 -63 / 55 59 62 -55 / 53 57 -55 -59 / 51 55 60 -55 / 50 -55 -60 -67 / 48 55 60 67 / 43 58 -67 -60 / 44 59 -43 -60 <END> 
<S> 55 62 70 -48 / 52 55 67 -70 / 53 56 67 72 / 65 -53 -56 -72 / 46 -53 -65 -68 / 55 74 -51 -65 / 48 51 61 67 / 50 60 67 69 / 52 -60 -67 -69 / 53 60 68 -67 / 65 -53 -60 -68 / 48 60 65 67 / 58 -48 -65 -67 / 41 56 65 72 / 46 74 -56 -65 / 44 60 72 75 / 50 66 -60 -72 <END> 
<S> 50 60 67 -67 / 51 -60 -67 -67 / 53 60 65 69 / 63 -53 -60 -69 / 59 62 67 -53 / 60 -53 -62 -67 / 55 62 67 70 / 60 63 67 46 62 69 -55 -63 / 56 60 63 70 / 55 58 -63 -70 / 53 57 63 68 / 51 58 65 -68 / 51 58 67 -65 / 63 -51 -58 -67 <END> 
<S> 44 60 65 -63 / 62 -44 -65 -70 / 60 63 67 -65 / 58 62 -65 -67 / 56 60 63 / 53 55 60 65 / 62 -53 -55 -60 / 59 -43 -55 -62 / / 55 60 -59 -62 / 48 55 60 63 / 51 -48 -60 -63 / 44 56 60 65 / 58 -44 -56 -65 / 41 60 68 -56 / 53 56 -41 -60 <END> 
<S> 48 55 60 63 / 53 55 58 -63 / 62 -53 -55 -60 / 55 58 60 / 57 -51 -55 -60 / 50 55 58 70 / 53 -62 -50 -70 / 51 55 67 70 / 50 58 65 70 / 51 58 63 67 / 50 65 -58 -67 / 48 55 63 72 / 53 56 62 -72 / 55 60 67 -53 / 53 56 65 68 / 55 63 -44 -68 / 41 56 62 65 <END> 
<S> 51 58 67 / 50 53 -58 -67 / 52 55 67 72 / 50 71 -55 -67 / 48 55 63 67 / 60 -48 -55 -63 / 42 55 58 62 / 53 56 62 / 70 -53 -56 / 51 55 60 67 / 58 -51 -55 -67 / 53 57 60 65 / 59 62 -53 -65 / 48 60 63 / 53 62 -48 -60 / 55 60 63 -48 / 58 62 -48 -55 / 41 53 56 60 / 53 -53 -56 -60 <END> 
<S> 55 58 62 / 43 55 -62 -62 / 53 55 60 / / 52 -53 -60 / 48 53 61 -45 / 50 -53 -55 / / 51 58 -53 / 53 52 57 67 / 41 53 60 68 / 46 53 62 65 / 51 63 67 -46 / 50 65 -41 -67 / 48 60 67 75 / 53 60 68 74 / 55 59 67 74 / 56 -55 -67 -74 / 65 48 60 67 / 41 62 -56 -65 <END> 
<S> 47 53 62 67 / 65 -50 -53 -67 / 51 55 63 67 / 50 -55 -63 -67 / 48 55 63 -67 / 45 -55 -63 -67 / 46 62 65 -55 / 53 -46 -62 -65 / 55 58 62 67 / 67 -55 -58 -67 / 48 60 63 -67 / 58 -48 -63 -67 / 53 56 65 72 / 55 63 -46 -72 / 56 65 -63 -72 / 58 64 67 74 / 55 67 71 75 <END> 
<S> 48 63 67 72 / 60 -48 -67 -72 / 53 60 67 70 / 62 -60 -67 -70 / 51 60 67 72 / 50 53 -67 -72 / 51 55 -67 -72 / 56 65 71 -55 / 63 -56 -71 / 55 59 67 / 48 55 -67 / 50 65 67 / 48 60 64 67 / 58 -60 -67 -67 / 56 60 65 / 58 -56 -63 / 56 60 65 / 47 55 67 -65 <END> 
<S> 48 67 72 75 / 60 -48 -67 -75 / 55 67 74 -60 / 59 -55 -67 -74 / 65 -55 -59 -74 / 56 60 63 72 / 55 58 -63 -72 / 54 57 63 72 / 62 -54 -57 -72 / 55 62 70 / 51 55 63 72 / 53 56 65 68 / 55 58 65 -68 / 56 62 -65 -68 <END> 
<S> 54 57 62 74 / 55 58 64 -74 / 57 60 66 -74 / 72 -57 -60 -66 / 55 62 67 70 / 55 63 70 75 / 53 68 -63 -75 / 55 67 70 75 / 48 60 67 75 / 50 60 65 70 / 51 58 67 -65 / 60 63 -51 -67 <END> 
<S> 51 58 67 75 / 60 -51 -67 -75 / 55 62 67 70 / 75 -55 -67 -70 / 56 65 68 72 / 70 -65 -68 / 51 67 72 -65 / 53 74 -67 -72 / 55 65 -67 -72 / 64 -55 -67 -72 / 65 -55 -67 -72 / 67 72 -55 -67 / 48 64 72 -67 / 60 63 67 72 / 58 65 -67 -72 / 56 60 72 77 / 55 -60 -72 -77 <END> 
<S> 60 67 72 -51 / 58 -67 -72 / 56 65 72 / 55 63 67 -72 / 53 68 74 77 / 60 67 75 -53 / 55 59 62 71 / 53 57 60 72 / 55 59 67 74 / 53 -59 -67 -74 / 51 60 67 75 / 53 -60 -67 -75 <END> 
<S> 55 62 67 71 / 56 60 65 72 / 53 74 -65 -72 / 60 67 75 -53 / 58 -60 -67 -75 / 56 60 72 77 / 55 70 -60 -77 / 53 65 72 80 / 74 -53 -65 -80 / 55 58 75 79 / 56 60 77 -79 / 58 62 70 -77 / 68 -58 -62 -77 <END> 
<S> 53 56 72 77 / 56 60 75 -72 / 55 62 72 77 / 53 -62 -72 -77 / 48 60 64 79 / 50 60 65 77 / 48 60 75 -65 / 46 67 74 -60 / 59 68 -43 -75 / 44 56 60 72 / 59 74 -56 -60 <END> 
<S> 48 60 67 75 / 55 59 67 74 / 65 -55 -59 -74 / 56 60 63 72 / 60 -56 -60 -72 / 55 59 67 74 / 60 67 75 / 58 62 -67 -75 / 56 63 72 / 55 -63 -72 / 53 68 74 -72 / 50 65 -72 -74 / 51 67 72 / 65 -51 -67 -72 <END> 
<S> 60 63 67 75 / 58 62 -67 -75 / 56 60 72 75 / 55 70 -60 -75 / 53 68 74 -60 / 55 59 67 -74 / 56 60 65 -74 / 72 -56 -60 -65 / 55 62 67 70 / 50 62 65 70 / 48 60 63 68 / 58 -60 -64 -67 / 56 60 65 / 53 60 65 68 / 59 62 65 67 <END> 
<S> 56 65 68 72 / 74 -56 -65 -68 / 60 63 67 75 / 58 62 -67 -75 / 56 60 72 77 / 55 -60 -72 -77 / 53 60 70 79 / 55 -60 -70 -79 / 53 65 77 -72 / 62 71 -53 -77 / 48 63 72 79 / 60 63 0 -79 / 53 60 69 77 <END> 
<S> 53 60 69 77 / 51 -60 -68 -77 / 50 59 68 77 / 51 58 -68 -77 / 53 62 69 77 / 75 -62 -69 -77 / 58 65 74 79 / 58 -65 -74 -79 / 60 63 70 79 / 62 -63 -70 -79 / 60 63 72 79 / 58 62 74 79 <END> 
<S> 58 62 65 74 / 67 -58 -62 -74 / 60 63 68 72 / 74 -60 -63 -68 / 58 60 67 75 / 56 65 -60 -75 / 55 58 67 75 / 56 60 65 -75 / 53 60 68 74 / 55 59 67 -74 / 56 60 65 72 / 74 -56 -60 -65 / 51 60 67 79 / 53 -60 -67 -79 <END> 
<S> 56 60 63 72 / 65 -56 -60 -72 / 55 62 67 70 / 53 -62 -67 -70 / 51 60 67 72 / 48 -60 -67 -72 / 55 67 74 -60 / 59 -55 -67 -74 / 51 60 67 75 / 48 63 67 72 / 53 65 68 -72 <END> 
<S> 48 60 63 68 / 55 59 67 -48 / 51 60 67 70 / 48 -60 -67 -70 / 53 60 68 74 / 0 / 50 59 68 74 / 51 58 67 75 / 56 60 65 77 / 50 75 -56 -65 <END> 
<S> 48 60 68 75 / 50 -60 -68 -75 / 51 58 67 -75 / 53 56 65 74 / 55 58 -65 -74 / 56 60 63 72 / 50 62 65 -72 / 55 63 70 72 / 53 68 -63 -72 / 51 63 67 70 / 61 -51 -67 -70 <END> 
<S> 53 63 68 72 / 51 70 -63 -68 / 55 61 70 52 / 55 72 -70 -55 / 53 56 68 -72 / 51 55 70 -68 / 50 58 65 -70 / 68 -50 -58 -65 / 51 58 65 75 / 63 -51 -58 -70 / 65 68 -58 -70 / 63 67 70 / 62 65 -67 -70 / 60 63 67 70 / 55 58 -67 -70 <END> 
<S> 51 58 67 / 65 -51 -58 -67 / 56 63 67 72 / 65 -56 -67 -72 / 55 62 65 70 / 53 -62 -65 -70 / 51 63 67 70 / 65 -51 -70 -70 / 67 72 -51 -65 / 50 65 -67 -72 / 63 -50 -67 -72 / 55 62 -67 -72 / 60 67 75 / 55 -60 -67 -75 <END> 
<S> 51 67 72 -65 / 60 -51 -67 -72 / 47 67 74 / 55 67 -47 -74 / 65 -55 -67 -74 / 56 60 65 72 / 62 65 -56 -72 / 55 62 67 71 / 53 -62 -67 -71 / 51 60 67 72 / 53 -60 -67 -72 / 52 55 67 71 / 48 55 -67 -71 / 53 56 65 -67 / 51 55 63 67 70 / 56 -63 -67 -70 / 60 63 72 -67 / 58 -60 -67 -72 <END> 
<S> 52 60 67 72 / 50 65 -60 -72 / 48 67 -56 -72 / 53 68 -48 -72 / 50 62 71 -48 / 48 55 64 72 / 55 59 67 74 / 60 67 75 / 58 -60 -67 -75 / 56 60 68 75 / 55 -60 -68 -75 / 53 60 68 77 / 62 -53 -68 -77 / 51 63 67 79 / 55 58 79 -79 <END> 
<S> 48 60 67 75 / 72 -48 -67 -75 / 55 67 71 74 / 50 65 71 79 / 51 63 72 79 / 53 62 69 77 / 63 67 72 79 / 65 -67 -72 -79 / 67 72 75 79 / 58 -67 -72 -75 / 56 60 72 77 / 55 70 -60 -77 / 53 65 68 72 / 74 -53 -65 -68 / 48 63 67 75 / 69 -48 -63 -75 / 50 65 70 74 / 51 -65 -70 -74 <END> 
<S> 56 65 72 77 / 55 70 75 79 / 53 65 68 74 / 47 67 74 79 / 68 -47 -74 -79 / 51 67 75 79 / 72 -51 -67 -79 / 53 68 74 77 / 55 75 -68 -77 / 56 65 72 75 / 58 -65 -72 -75 / 60 72 77 45 / 70 75 79 <END> 
<S> 56 72 77 / 55 71 -72 -77 / 72 -56 -72 -77 / 74 77 -56 -56 / 55 67 71 74 / 60 67 72 75 / 62 -67 -72 -75 / 63 67 70 77 / 65 -67 -70 -77 / 63 70 72 75 / 65 68 72 77 / 67 75 -72 / 55 68 74 -72 / 53 70 -68 -74 <END> 
