<S> 64 71 76 -57 / 55 -64 -71 -76 / 72 81 -55 -64 / 53 62 71 -81 / 52 64 72 79 / 53 69 -72 -79 / 55 67 71 77 / 76 -55 -67 -71 / 77 -55 -67 -71 / 48 67 72 76 / 48 67 72 76 / 50 65 77 -72 <END> 
<S> 52 67 72 / 39 -67 -72 / 65 -52 -72 -72 / 59 67 74 -55 / 60 76 -67 -74 / 59 62 67 74 / 57 60 -62 -74 / 55 58 62 70 / 64 -55 -58 -70 / 50 57 65 69 / 48 -57 -65 -69 / 47 50 65 74 / 48 52 60 40 / 52 -48 -60 -64 <END> 
<S> 54 60 69 -54 / 55 62 -60 -69 / 59 62 67 -55 / 52 60 -62 -67 / 50 57 60 65 / 55 59 62 -65 / 53 57 60 / 62 74 -53 -57 / 52 57 64 72 / 50 53 62 -72 / 55 71 -62 / 60 64 -55 -72 / 43 62 71 -60 / 55 59 -43 -71 <END> 
<S> 50 57 60 65 / 52 55 60 67 / 53 57 -60 -67 / 55 59 62 67 / 43 -55 -59 -67 / 48 55 60 64 / 48 55 60 64 / 41 65 -55 -60 / 43 55 59 67 / 52 -43 -59 -67 / 45 60 65 -52 / 47 50 62 -65 / 48 55 64 / 47 62 -48 -55 <END> 
<S> 48 55 60 64 / 47 -55 -60 -64 / 45 57 60 65 / 47 -57 -60 -65 / 48 55 60 64 / 43 55 59 62 / 55 -43 -55 -62 / 48 55 60 64 / 52 60 64 67 / 50 60 65 69 / 71 -50 -65 -65 / 48 64 67 72 / 60 64 67 71 <END> 
<S> 48 55 60 64 / 50 53 58 65 / 48 54 57 -65 / 46 55 62 67 / 45 -55 -62 -67 / 47 55 62 67 / 43 59 -55 -67 / 48 55 60 64 / 55 62 -48 -55 / 52 55 60 64 / 50 -55 -60 -67 / 48 55 60 67 / 47 62 -55 -67 / 48 55 64 72 / 48 55 64 -72 <END> 
<S> 48 55 62 67 / 60 -48 -55 -67 / 47 55 62 67 / 43 59 64 -67 / 45 60 65 -64 / 48 62 64 67 / 60 -48 -67 -76 / 43 59 67 74 / 45 60 64 69 / 47 62 71 -69 / 48 55 64 72 / 42 57 -64 -72 / 55 62 71 -57 / 52 55 67 71 / 60 -51 -55 -71 <END> 
<S> 45 60 64 72 / 47 -60 -64 -72 / 48 60 64 67 / 50 -60 -64 -67 / 52 55 64 67 / 53 62 65 -67 / 55 60 64 67 / 62 -55 -67 / 43 -55 -67 / 59 -43 -55 -67 / 48 55 60 64 / 55 62 67 -48 / 47 -55 -62 -67 / 48 55 60 64 / 48 55 64 67 <END> 
<S> 48 62 65 69 / 47 -62 -65 -69 / 48 64 67 69 / 50 62 -67 -69 / 52 60 64 67 / 50 -60 -64 -67 / 48 55 62 67 / 47 -55 -62 -67 / 45 57 60 69 / 55 -45 -60 -69 / 47 62 67 71 / 48 -62 -67 -71 / 50 64 67 69 / 48 66 69 -72 / 55 62 71 -69 / 67 71 -55 -71 / 60 67 69 76 / 66 -60 -69 -76 <END> 
<S> 45 57 64 72 / 66 -57 -60 -72 / 55 59 67 74 / 60 67 76 / 59 62 -67 -76 / 57 64 72 77 / 62 71 -57 -77 / 60 69 76 -77 / 60 67 76 -76 / 53 69 74 -60 / 62 71 -53 -74 / 57 64 72 / 59 62 74 / 60 69 -59 -74 / 62 71 -60 -77 / 68 -56 -71 -76 / 62 68 73 60 / 64 69 -62 -76 <END> 
<S> 57 60 65 69 / 59 -60 -65 / 60 60 67 76 / 59 -60 -67 -76 / 57 60 69 77 / 55 62 71 79 / 57 60 69 77 / 59 62 -69 -77 / 60 64 67 76 / 61 -64 -67 -76 / 57 62 65 74 / 59 69 -65 -74 / 64 69 73 76 / 68 -64 74 -81 / 67 74 -52 / 64 67 72 <END> 
<S> 59 62 67 74 / 57 60 69 -74 / 55 59 67 71 / 57 66 72 / 64 74 -57 -72 / 62 67 71 74 / 50 -62 -67 -74 / 55 62 67 72 / 53 -62 -67 -72 / 52 60 67 72 / 50 65 -60 -72 / 48 64 67 72 / 48 -64 -67 -72 / 55 65 74 -72 / 71 -55 -65 -74 <END> 
<S> 53 62 69 74 / 50 -59 -62 -74 / 55 62 67 71 / 43 55 59 -67 / 48 52 55 60 / 47 55 62 67 / 48 55 64 72 <END> 
<S> 55 62 67 71 / 50 -55 -62 -67 / 48 60 64 67 / 60 -48 -64 -67 / 53 60 62 69 / 64 -53 -60 -69 / 55 59 67 -53 / 60 -53 -55 -67 / 43 55 60 62 / 59 -43 -55 -62 / 65 -43 -55 -62 / 48 55 60 64 <END> 
<S> 43 59 62 67 / 55 -43 -59 -67 / 45 69 -55 -60 / 47 50 62 67 / 48 60 64 69 / 50 62 65 69 / 52 55 -65 -69 / 53 60 65 69 / 48 60 64 67 / 59 -48 -64 -67 / 50 57 64 65 / 48 62 -57 -65 / 47 55 62 67 <END> 
<S> 53 60 65 69 / 52 -60 -65 -69 / 50 60 65 69 / 48 -60 -65 -69 / 46 62 67 70 / 65 -62 -67 -70 / 64 67 -48 / 50 62 65 69 / 60 -50 -65 -69 / 55 59 62 67 / 52 60 67 72 / 53 65 69 74 / 71 -50 -65 -74 / 48 67 72 76 / 50 -67 -72 -76 <END> 
<S> 52 60 67 72 / 50 62 -67 -72 / 48 64 67 72 / 47 62 67 74 / 48 60 67 76 / 52 60 67 72 / 54 74 -60 -67 / 59 67 76 / 60 64 -67 -76 / 62 69 -67 -76 / 62 66 69 77 / 60 67 -69 -77 / 58 67 74 79 / 72 -58 -67 -79 / 58 67 74 79 / 61 70 -74 -79 <END> 
<S> 60 67 76 / 59 -60 -67 -76 / 57 60 69 77 / 55 62 71 79 / 57 60 69 77 / 59 62 -69 -77 / 60 64 67 76 / 61 -64 -67 -76 / 57 62 65 74 / 59 69 -62 -74 / 68 -59 -62 -74 / 57 61 69 76 / 57 64 69 72 / 55 -64 -69 -72 <END> 
<S> 58 62 67 74 / 61 65 69 77 / -61 62 67 -77 / 58 62 69 77 / 67 -58 -62 -77 / 57 62 69 77 / 55 70 -62 -77 / 57 61 69 73 / 60 67 76 / 62 77 -60 -67 64 52 79 -60 79 / 60 -79 -79 -79 <END> 
<S> 55 61 64 69 / 53 -61 -69 -69 / 52 60 67 -69 / 64 -60 -67 / 65 60 65 69 / 59 -55 -65 -69 / 60 64 67 / 58 62 -67 -76 / 57 60 65 77 / 59 67 74 -77 / 60 67 76 / 55 -60 -67 -76 / 53 69 74 -60 / 55 76 -60 -69 / 56 60 65 76 / 64 -60 -72 <END> 
<S> 60 67 76 / 65 -60 -76 / 64 -60 64 -76 / 65 69 74 77 / 76 -65 -69 -74 / 57 69 72 76 / 52 -69 -72 -76 / 53 69 72 77 / 76 -53 -69 -72 / 55 62 72 74 / 64 71 -55 -74 / 65 -55 -71 -74 / 48 64 67 72 / 60 64 67 72 <END> 
<S> 53 69 74 / 71 -53 -69 -74 / 52 72 -69 / / 71 -69 -74 / 55 64 72 76 / 65 -55 -72 -76 / 55 67 71 74 / 65 -55 -71 -74 / 48 64 67 72 / 55 59 67 74 / 53 69 -59 -74 / 52 76 -59 -76 / 50 57 65 74 / 59 -50 -65 -74 <END> 
<S> 55 62 67 74 / 53 69 -62 -74 / 55 62 71 -69 / 64 -55 -62 -71 / 43 60 66 69 / 59 67 -62 -69 / 64 57 69 72 / 59 -64 -69 -72 / 60 67 76 / 59 -60 -67 -76 / 57 60 65 77 / 55 59 67 -77 / 53 60 69 74 / 52 -60 -69 -74 / 50 62 71 77 / 48 52 72 76 <END> 
<S> 60 64 67 76 / 62 -60 -67 -76 / 55 60 67 74 / 59 -55 -67 -74 / 48 60 67 72 / 55 59 67 74 / 48 60 67 76 / 65 74 -48 -60 / 58 67 76 -48 / 50 -58 -67 -76 / 52 60 70 77 / 53 72 -60 -77 <END> 
<S> 48 60 67 76 / 72 -48 -60 -76 / 55 67 74 -72 / 71 -55 -67 -74 / 52 67 72 / 70 -52 -67 -72 / 53 65 69 72 / 71 -65 -53 -69 / 55 67 72 76 / 71 -55 -67 -76 / 55 67 72 74 / 71 -55 -67 -74 / 65 -55 -71 -74 / 56 64 71 73 / 57 64 69 72 / 59 62 67 74 / 60 76 -62 -67 <END> 
<S> 55 67 72 74 / 62 -55 -72 -74 / 55 67 71 74 / 65 -55 -71 -74 / 48 64 67 72 / 52 60 67 72 / 48 60 64 67 / 58 -48 -64 -67 / 53 57 64 72 / 55 62 67 -72 / 60 64 69 -55 / 54 -60 -64 -69 / 43 59 62 67 / 47 55 -62 -67 <END> 
<S> 48 64 72 -67 / 47 65 -64 -72 / 45 60 64 72 / 48 -60 -64 -72 / 43 62 67 71 / 50 -62 -67 -71 / 52 62 67 71 / 50 -62 -67 -71 / 55 62 67 72 / 54 -62 -67 -72 / 55 62 67 71 / 53 59 62 67 / 52 60 67 72 / 48 64 69 -72 / 50 65 71 74 / 52 64 67 72 / 62 -52 -67 -72 <END> 
<S> 52 60 67 72 / 50 62 71 -67 / 48 64 67 69 / 50 62 66 -69 / 60 -50 -66 -69 / 55 59 62 67 / 52 59 64 67 / 60 64 67 69 / 59 62 67 71 <END> 
<S> 50 55 62 69 / 64 -50 -55 -69 / 38 54 62 69 / 60 -38 -54 -69 / 43 55 59 67 / 48 52 60 67 / 46 53 -60 -67 / 45 52 72 -60 / 43 53 59 74 / 45 52 60 67 / 44 62 65 69 / 45 60 64 -69 / 47 62 67 <END> 
<S> 47 55 62 67 / 48 55 60 64 / 50 53 65 -60 / 55 59 -50 -65 / 57 -50 -65 -65 / 55 58 62 -65 / 53 57 62 -65 / 51 55 62 67 / 53 60 -62 -67 / 55 58 62 / 57 -55 -62 / 43 55 58 70 / 53 -43 -58 -67 / 45 48 55 65 / 47 55 62 67 / 43 55 62 69 / 71 -43 -55 -62 <END> 
<S> 55 58 62 -77 / 56 60 -55 -74 / 55 59 62 67 / 53 -59 -62 -67 / 52 60 67 / 70 -52 -60 -67 / 53 60 65 68 / 51 -60 -65 -68 / 49 58 65 70 / 48 60 -65 -70 / 46 65 68 74 / 53 -65 -68 -74 / 55 63 70 75 / 56 65 68 -75 / 58 64 67 74 / 65 -58 -68 <END> 
<S> 53 56 65 68 / 55 63 -68 -68 / 62 61 -65 -70 / 60 63 68 72 / 67 -60 -63 / 48 63 68 72 / 49 -63 -68 -72 / 51 63 72 -68 / 58 -63 -68 -72 / 60 63 68 72 / 65 -60 -68 -72 / 60 63 67 75 / 58 -64 -67 -75 / 56 65 72 77 / 53 74 -65 -72 / 63 67 71 79 <END> 
<S> 46 63 65 70 / 62 -51 -65 -70 / 48 63 68 72 / 67 -48 -63 -72 / 50 58 65 70 / 52 67 -58 -70 / 53 57 68 72 / 55 59 67 74 / 60 67 -55 -74 / 72 -55 -60 -67 / 59 62 67 -55 / 65 -59 -55 -62 / 48 56 60 64 72 / 53 65 -60 -72 / 46 62 65 70 / 58 64 67 70 / 57 61 65 68 / 58 64 67 -61 <END> 
<S> 55 67 72 75 / 53 -67 -72 -75 / 55 62 71 74 / 56 60 72 51 / 55 70 -60 -75 / 53 -60 -67 -70 / 55 59 67 74 / 65 -55 -59 -74 / 56 60 63 72 / 55 58 -63 -72 / 53 56 65 74 / 58 -53 -65 -74 / 56 60 65 72 / 68 -56 -60 -72 / 55 62 67 71 <END> 
<S> 56 60 65 / 55 59 62 -65 / 60 63 -55 / 53 56 62 -60 / 59 55 -53 -62 / 50 53 60 / 55 50 -62 -62 / 43 55 59 62 / 44 48 60 63 / 43 51 62 -60 / 42 57 -43 -60 / 43 55 59 62 / 51 61 -55 -59 / 50 57 60 65 / 59 -50 -57 -65 <END> 
<S> 48 51 55 63 / 50 53 -55 -63 / 55 51 60 67 / 55 59 62 74 / 53 59 62 68 / 51 60 63 67 / 50 58 -63 -67 / 51 57 63 -67 / 45 60 -63 -67 / 46 62 65 70 / 50 62 -65 -70 / 51 58 63 67 / 62 -51 -58 -67 / 51 60 67 <END> 
<S> 48 60 63 68 / 50 65 -60 -68 / 51 58 67 67 / 50 58 -67 -67 / 51 60 67 -67 / 53 -60 -67 / 55 -60 -67 / 62 -55 -60 / 59 -55 -62 / 60 -55 -59 / 53 -43 -59 -60 / 48 51 55 60 / 47 55 62 67 / 48 55 60 63 / 50 53 58 65 / 51 55 67 -58 / 53 60 65 68 / 50 58 65 68 <END> 
<S> 48 51 55 60 / 48 51 55 60 / 46 62 -48 -55 / 44 51 60 63 / 46 58 62 -51 / 44 51 60 / / 48 63 -60 / 44 56 59 65 / 47 -56 -65 / 48 55 60 64 / 41 -55 -60 -64 / 43 55 59 62 / 53 -43 -59 -62 <END> 
<S> 48 55 63 -62 / 46 -55 -60 -63 / 44 53 60 65 / 43 51 -60 -65 / 41 50 -60 -65 / 39 58 67 -46 / 58 -39 -58 -67 / 39 51 58 67 / 46 -51 -58 -67 / 44 51 60 67 / 43 -51 -60 -67 / 45 53 60 65 / 47 55 63 -53 / 48 51 56 65 / 41 -48 -56 -65 / 48 51 56 63 / 39 -51 -55 -63 <END> 
<S> 44 51 60 67 / 41 -51 -67 -67 / 44 51 60 67 / 59 -44 -51 -67 / 45 60 65 69 / 63 -45 -60 -69 / 53 60 69 -69 / 46 -53 -60 -69 / 48 51 60 67 / 48 51 60 67 / 53 60 68 74 / 50 58 65 -74 / 55 58 63 / 53 56 60 -63 <END> 
<S> 47 55 62 67 / 48 -55 -62 -67 / 50 60 66 69 / 51 59 67 / 47 62 67 / / 60 65 69 / 59 62 67 / 60 67 -53 -62 / 55 62 67 70 / 56 63 68 72 / 58 65 74 -68 / 67 -58 -65 -74 / 56 65 72 <END> 
<S> 62 67 70 / 63 -62 -67 -70 / 61 63 67 70 / 53 62 -67 -70 / 55 60 67 70 / 69 -60 -55 -67 / 65 70 -55 -60 / 50 58 65 -70 / 51 58 65 70 / 63 -51 -58 -70 / 46 62 65 70 / 67 75 -58 -70 / 56 60 65 77 / 67 72 -60 -77 / 68 -60 -68 -77 / 60 68 75 -53 / 55 -60 -68 -75 <END> 
<S> 51 63 67 70 / 53 -63 -67 -70 / 55 62 67 70 / 53 -62 -67 -70 / 51 60 67 72 / 55 -60 -67 -72 / 53 60 65 69 / 51 -60 -65 -69 / 50 62 65 71 / 43 55 62 -71 / 62 -47 -55 -62 / 55 60 62 / 53 60 -43 -55 / 59 -53 -55 / 48 51 60 67 / 60 -51 -67 / 44 51 60 67 / 59 -44 -60 -67 <END> 
<S> 55 62 67 70 / 56 60 63 -70 / 56 62 65 72 / 55 63 67 -72 / 53 68 74 -72 / 55 71 -74 -74 / 56 60 72 75 / 58 74 70 77 / 68 -58 -74 -77 / 65 70 74 / 51 -65 -70 -74 / 53 68 72 77 / 75 -53 -68 -72 <END> 
<S> 58 65 70 74 / 63 72 -58 -70 / 68 -58 -72 -75 / 67 70 74 -58 / 56 63 -70 -74 / 55 63 70 75 / 61 -55 -70 -75 / 56 62 68 77 / 51 63 67 75 / 55 58 70 75 / 56 60 65 -75 / 58 67 74 / 68 -58 -74 / 51 58 67 75 / 48 58 72 79 <END> 
<S> 58 62 65 77 / 67 72 -58 -77 / 62 68 72 -58 / 63 70 -68 -72 / 58 65 70 74 / 63 -58 -70 -79 / 56 72 77 -63 / 62 71 -56 -77 / 60 63 72 79 / 53 62 71 -79 / 71 -53 -62 -71 / 51 63 67 72 / 60 69 -67 -72 / 43 67 71 74 / 65 -67 -71 -74 <END> 
<S> 57 60 72 -65 / 55 -60 -72 -77 / 53 70 -60 -68 / 58 65 -68 / 56 62 -65 -68 / 58 67 75 -62 / 68 -58 -62 -75 / 67 -58 -63 -75 / 56 -58 -67 -75 / 51 63 72 -58 / 53 -63 -72 -79 / 55 63 70 79 / 56 65 -70 -79 / 58 62 70 77 / 68 -58 -62 -77 / 60 63 67 75 / 57 65 -60 -75 <END> 
<S> 51 58 67 79 / 53 -58 -67 -79 / 55 62 70 77 / 48 60 67 75 / 50 65 68 74 / 59 62 67 74 / 65 -59 -62 -74 / 60 63 67 75 / 69 -60 -63 -75 / 55 65 71 74 / 60 67 72 75 / 58 -67 -72 -75 <END> 
<S> 60 63 68 75 / 62 -60 -68 -75 / 60 63 67 75 / 58 62 -67 -75 / 56 60 72 77 / 55 70 -60 -77 / 53 65 68 72 / 74 -53 -65 -68 / 55 63 67 75 / 57 74 -67 -75 / 58 61 67 74 / 68 -58 -58 -74 / 56 63 72 / 65 72 -56 -72 <END> 
<S> 60 67 75 / 58 -60 -67 -75 / 56 60 68 75 / 55 -60 -68 -75 / 53 60 68 77 / 51 67 -60 -77 / 75 -60 -67 -75 / 58 65 74 77 / 56 -65 -74 -77 / 55 70 75 79 / 53 -67 -70 -79 / 51 63 72 79 / 50 -58 -72 -79 / 48 63 72 79 / 53 60 80 -79 / 55 67 72 75 / 71 -55 -67 -75 / 56 72 -67 -75 <END> 
<S> 53 65 74 -70 / 51 63 72 75 / 70 -51 -72 -75 / 53 68 72 77 / 74 -53 -68 -77 / 51 67 75 79 / 72 -51 -75 -79 / 55 74 77 -72 / 71 -55 -74 -77 / 60 67 75 -74 / 72 -60 -67 -75 / 55 62 71 -75 / 56 60 72 75 / 55 62 67 71 <END> 
<S> 56 67 72 77 / 58 -67 -72 -77 / 56 62 72 77 / 58 62 70 -77 / 68 -58 -62 -77 / 51 63 67 75 / 58 65 74 / 60 -58 -65 -74 / 58 62 65 77 / 68 -58 -62 -77 / 60 63 67 75 / 69 -60 -63 -75 / 58 65 70 74 / 56 -65 -70 -74 <END> 
<S> 58 65 70 74 / 56 -65 -70 -74 / 55 67 70 75 / 53 -67 -70 -75 / 51 65 70 77 / 50 -65 -70 -77 / 46 63 68 77 / 62 -46 -70 / 51 55 63 70 / 53 56 68 72 / 58 74 -53 -68 / 48 63 67 75 / 50 65 -67 -75 <END> 
<S> 55 58 67 75 / 56 60 65 -75 / 58 62 68 74 / 63 67 -58 -74 / 65 -55 72 -70 / 56 63 72 -72 / 55 -63 -72 / 53 68 74 -72 / 55 67 71 -74 / 65 -55 -71 -74 / 48 55 63 72 / 60 63 67 72 <END> 
<S> 53 68 72 74 / 50 65 -72 -74 / 55 62 71 -74 / 63 -55 -71 -74 / 65 -55 -71 -74 / 48 63 67 72 / 55 67 71 74 / 53 68 72 74 / 67 72 -53 -72 / 65 71 74 74 / 69 72 -74 / 55 67 71 75 / 65 -55 -71 -75 <END> 
<S> 53 65 69 74 / 67 -53 -65 -74 / 54 63 69 72 / 62 -54 -69 -72 / 55 62 67 71 / 55 59 62 67 / 53 -59 -62 -67 / 51 60 67 72 / 50 65 69 74 / 71 -50 -65 -74 / 48 67 72 75 / 58 -67 -72 -75 / 56 68 77 51 55 67 75 -60 <END> 
<S> 48 60 67 75 / 55 60 67 74 / 43 59 65 74 / 65 72 -55 -59 / 48 55 63 72 / 55 59 67 74 <END> 
<S> 55 62 67 71 / 48 63 67 72 / 50 65 -67 -72 / 51 60 67 72 / 53 -60 -67 -72 / 52 60 67 70 / 58 65 -51 -67 / 56 60 65 68 / 55 62 67 -65 <END> 
<S> 52 67 72 -58 / 53 56 -68 -72 / 55 62 70 / 63 -55 -62 -70 / 56 60 63 72 / 65 74 -56 -60 / 55 63 67 72 / 53 68 -67 -72 / 55 62 67 74 / 72 -55 -67 -74 / 55 67 71 74 / 60 67 72 75 <END> 
<S> 56 63 67 72 / 55 65 -67 -72 / 53 67 72 74 / 55 71 -67 -74 / 56 67 72 / 60 65 -56 -72 / 55 59 67 74 / 0 / 55 67 71 74 <END> 
<S> 50 62 65 71 / 48 63 67 72 / 55 59 67 74 / 55 59 67 74 / 48 60 67 75 / 46 -60 -67 -75 / 44 60 65 -75 / 47 67 -65 75 / 48 60 67 75 / 55 59 67 74 <END> 
<S> 47 62 67 74 / 48 60 -67 -74 / 50 62 67 71 / 55 62 67 71 / 60 63 67 72 / 62 74 -60 -67 / 60 75 -67 / 58 62 65 74 / 59 67 -65 -74 / 60 63 67 75 / 69 -60 -63 -75 / 55 62 71 74 / 67 -55 -71 -74 <END> 
<S> 60 63 67 75 / 62 -60 -67 -75 / 54 60 69 74 / 55 59 67 -74 / 65 -55 -59 -74 / 48 60 63 72 / 58 62 70 77 / 56 63 72 77 / 62 -56 -68 -77 / 60 67 75 -62 / 59 -60 -67 -75 / 51 58 67 75 / 53 65 69 -58 <END> 
<S> 56 63 72 / 65 74 -56 -72 / 55 67 75 -72 / 53 68 77 -75 / 55 62 74 -77 / 67 -55 -74 -77 / 65 71 -43 48 63 72 <END> 
<S> 53 69 77 / 55 62 67 70 / 56 60 65 72 / 58 74 -65 / 56 -58 -65 -74 / 55 58 70 75 / 51 58 70 77 / 68 -51 -58 -77 <END> 
<S> 58 65 70 74 / 63 -58 -70 -74 / 59 68 77 -63 / 67 -46 -59 -77 / 45 60 67 75 / 53 60 69 74 / 55 59 67 -74 / 65 -55 -59 -74 / 56 60 63 72 / 62 74 -56 -60 <END> 
