<S> 48 60 67 76 / 62 -48 -67 -76 / 60 64 67 74 / 72 -60 -64 -67 / 62 67 74 -60 / 59 -62 -67 -74 / 57 62 71 79 / 55 -62 -71 -79 / 60 64 67 76 / 62 65 -67 -76 / 64 67 72 / 60 69 -67 -72 / 55 67 71 74 <END> 
<S> 60 64 67 76 / 62 78 -67 -76 / 55 64 71 79 / 57 60 69 77 / 59 62 -69 -77 / 60 64 67 76 / 65 69 -60 -76 / 59 67 74 79 / 64 -67 -74 -79 / 65 69 81 50 / 66 73 -81 -81 / 67 71 79 61 / 62 74 -67 -79 / 60 72 76 -67 / 59 74 -72 / <END> 
<S> 59 67 76 / 74 -59 -67 / 57 60 67 76 / 59 62 -67 -76 / 60 64 77 -67 / 76 -60 -64 -67 / 54 60 69 74 / 55 59 67 76 / 57 60 65 -76 / 52 59 67 74 / 50 -59 -67 -74 / 52 60 67 76 / 53 69 -60 -76 / 55 67 71 74 / 47 65 67 -74 <END> 
<S> 60 67 76 / 64 -60 -67 -76 / 62 65 69 74 / 70 -62 -65 -74 / 56 64 72 76 / 55 74 -64 -72 / 67 -55 -72 -76 / 53 65 74 -72 / 67 71 -50 -65 / 48 64 69 72 / 47 62 67 74 / 48 -47 -67 -74 / 52 59 68 76 <END> 
<S> 48 64 69 72 / 50 62 71 74 / 51 60 72 76 / 53 69 -72 -76 / 74 -53 -69 -72 / 55 67 72 76 / 74 -55 -67 45 / 57 69 72 77 / 59 -69 -72 -77 / 67 72 76 <END> 
<S> 57 64 72 / 55 65 -72 / 67 -55 -72 / 53 69 72 -67 / 65 -53 -69 -72 / 48 64 67 72 / 60 64 67 72 / 55 59 67 74 <END> 
<S> 53 62 69 74 / 60 -53 -69 -74 / 55 62 67 71 / 43 59 62 67 / 48 55 64 72 / 60 64 67 72 / 59 62 74 -67 <END> 
<S> 47 62 67 74 / 48 60 -67 -74 / 50 59 67 74 / 55 -59 -67 -74 / 60 67 76 / 58 -60 -67 -76 / 57 60 65 77 / 53 -60 -65 -77 / 55 67 72 74 / 55 71 -67 -74 <END> 
<S> 55 62 67 71 / 60 -55 -67 / 43 62 65 -55 / 59 -43 -55 -65 / 48 55 64 64 / 47 55 62 74 / 57 -47 -62 -74 / 55 59 62 / 53 -55 -59 -62 / 52 55 59 64 / 50 -55 -60 -64 <END> 
<S> 47 62 65 67 / 45 60 66 69 / 43 59 62 67 / 48 55 60 64 / 53 -48 -60 -64 / 55 59 62 -48 / 52 -55 -59 -62 / 53 57 60 / 55 59 62 -53 / 52 55 60 64 / 53 57 60 65 / 59 62 -57 -65 / 60 57 64 67 / 55 -60 -64 -67 <END> 
<S> 55 59 62 / 53 -55 -59 -62 / 52 55 59 62 / 50 -55 -59 -62 / 52 55 60 64 / 50 -55 -60 -64 / 52 55 60 / 55 59 62 / 57 -55 -59 -62 / 55 59 62 / 53 -55 -59 -62 / 48 52 55 60 / 50 53 62 -60 / 55 59 -50 -62 / 57 -55 -59 -62 / 43 55 59 -62 / 53 -43 -59 -62 <END> 
<S> 45 57 60 65 / 47 55 62 -65 / 48 55 64 -62 / 60 -48 -55 -64 / 41 57 60 62 / 44 59 64 -62 / 45 57 60 64 / 43 55 59 -64 / 41 53 57 62 / 40 55 60 64 / 41 -55 -60 -64 / 43 55 59 62 / 53 -43 -59 -62 <END> 
<S> 45 57 60 65 / 47 55 62 -65 / 48 55 60 64 / 41 60 -55 -60 / 43 55 59 62 / 55 59 62 67 / 54 57 62 69 / 52 62 66 71 / 52 59 67 / 50 53 -67 -71 / 52 55 67 72 / 53 65 69 -72 / 47 65 67 74 / 64 -47 -67 -74 / 65 -43 -59 -74 <END> 
<S> 49 57 64 69 / 62 -57 -69 / 52 60 64 67 / 50 -60 -64 -67 / 52 55 64 72 / 54 62 -55 -72 / 43 55 62 71 / 59 -43 -55 -62 / 48 52 55 60 / 77 -48 -55 -60 / 55 59 62 -48 / 47 50 -55 -62 / 48 52 55 64 / 50 53 -55 -64 / 40 55 60 64 / 41 -55 -60 -64 <END> 
<S> 48 55 60 64 / 46 -55 -60 -64 / 45 57 60 65 / 43 -57 -60 -65 / 41 55 60 67 / 40 60 -55 -67 / 43 55 58 62 / 57 -43 -55 -62 / 59 -43 -55 -62 / 48 55 60 64 / 47 62 -55 -69 / 48 60 64 69 / 50 59 65 -69 / 52 60 64 67 / 48 64 -60 -67 / 50 62 65 71 / 48 64 69 72 <END> 
<S> 41 57 60 69 / 40 55 -60 -69 / 38 53 59 71 / 38 60 -53 -59 / 40 55 60 72 / 41 55 -60 -64 / 53 57 60 69 / 55 -60 -69 / 43 67 -53 -60 / 45 52 60 65 / 41 50 59 -65 / 36 55 60 64 / 41 57 60 62 / 43 55 59 62 / 53 -43 -59 -62 <END> 
<S> 45 53 60 65 / 41 -53 -60 -65 / 48 55 60 64 / 59 62 -48 -55 / 41 53 57 60 / 43 50 59 67 / 55 -43 -59 -67 / 36 52 60 67 / 41 69 -52 -60 / 43 71 -60 -60 / 44 59 62 67 / 52 60 64 67 / 53 57 -60 -67 <END> 
<S> 40 52 67 -59 / 60 -40 -51 -67 / 57 64 67 / 59 62 -67 / 52 60 67 / 53 59 62 -67 / 52 60 67 72 / 53 62 -67 -72 / 52 64 67 71 / 50 -64 -67 -71 / 48 62 67 71 / 47 -62 -67 -71 / 45 60 72 -67 / 66 -45 -60 -72 / 47 62 67 71 / 48 -62 -67 47 50 50 62 69 -67 / 48 64 -67 -69 <END> 
<S> 52 55 64 72 / 54 57 62 -72 / 55 59 62 71 / 67 -55 -59 -71 / 48 52 67 69 / 64 -52 -67 -69 / 50 62 66 -69 / 43 59 62 67 / 48 60 64 67 / 47 -60 -64 -67 / 45 60 64 69 / 47 -60 -64 -69 / 45 57 64 72 / 55 64 -64 -72 / 54 62 72 / 69 -54 -62 -69 <END> 
<S> 45 64 72 -67 / 69 -45 -64 -72 / 50 71 59 -69 / 67 -50 -59 -71 / 52 59 68 / 50 -59 -65 / 48 55 60 64 / 52 -48 -60 -64 / 50 57 62 65 / 59 -50 -62 -65 / 52 60 64 67 / 53 60 -60 -67 / 55 62 67 -60 / 59 -55 -62 -67 / 54 60 69 -67 / 62 -54 -60 -69 / 55 59 62 67 / 52 64 -59 -67 / 45 60 64 67 / 65 -45 -60 -64 <END> 
<S> 52 55 60 72 / 64 -55 -60 -72 / 55 62 71 / 48 55 64 69 / 53 62 65 71 / 52 64 67 / 62 74 -52 -67 / 45 60 72 76 / 47 55 62 -72 / 48 52 60 67 / 59 -48 -55 -67 / 45 57 60 66 / 47 55 62 67 / <END> 
<S> 45 64 69 72 / 47 62 67 74 / 67 -47 -62 -67 / 45 66 69 72 / 47 50 -69 -72 / 48 52 -69 -72 / 50 62 71 77 / 48 64 -71 -77 / 50 62 69 77 / 67 -50 -62 -77 / 60 62 69 76 / 60 -60 -69 -76 / 58 67 74 / 76 -58 -67 / 57 60 65 77 / 59 -57 -74 -77 <END> 
<S> 55 59 67 74 / 53 -59 -67 -74 / 52 60 67 76 / 58 -52 -67 -76 / 53 57 69 77 / 55 67 76 -60 / 58 65 74 / 57 -58 -74 -74 / 55 59 67 74 / 65 -55 -59 -74 / 48 55 64 72 / 53 57 65 72 / 64 -53 -57 -72 / 47 62 65 74 / 67 -47 -74 <END> 
<S> 55 74 -60 -69 / 53 59 71 -74 / 64 72 -55 -71 / 57 64 69 72 / 59 62 67 74 / 60 67 76 / 57 -60 -67 -76 / 55 67 74 -60 / 59 -55 -67 -74 / 48 64 67 72 / 55 67 71 74 <END> 
<S> 59 67 74 / 65 -59 -67 -74 / 60 67 76 / 62 77 -60 -67 / 61 64 69 79 / 62 77 -69 / 59 67 -62 -77 / 60 69 76 / 55 67 71 74 / 53 -67 -71 -74 / 52 67 72 -71 / 48 64 72 76 / 53 65 72 81 / 64 -53 -72 -81 / 55 62 71 79 <END> 
<S> 52 60 67 79 / 53 -60 -67 -79 / 55 74 -60 -67 / 59 67 74 / 65 -59 -67 -74 / 60 67 76 / 55 77 -60 -67 / 53 60 69 79 / 71 -53 -60 -79 / 52 72 -60 -69 / 55 59 74 -72 / 57 60 69 -72 / 55 59 62 74 / 57 60 66 -74 / 72 -57 -60 -66 / 55 59 67 74 / 62 -55 -67 -74 / 64 62 71 -55 / 62 65 69 -55 <END> 
<S> 54 60 69 74 / 55 59 62 74 / 57 60 69 76 / 55 -60 -69 -76 / 53 62 67 71 / 52 60 66 69 / 50 62 67 70 / 65 69 -50 -62 / 67 -48 -57 -62 / 50 62 66 69 / 59 62 67 -62 / 60 -50 -62 -69 / 43 59 62 67 / 48 55 60 64 <END> 
<S> 50 62 67 69 / 47 62 -67 -69 / 48 64 67 69 / 50 62 66 -69 / 43 62 67 71 / 64 -43 -67 -71 / 45 60 69 -67 / 66 -45 -60 -69 / 43 59 67 71 / 52 -43 -67 -71 / 45 60 72 -67 / 47 66 74 / 43 64 67 -74 / 44 62 68 40 <END> 
<S> 48 64 67 72 / 55 62 67 71 / 53 59 62 67 / 52 60 68 -67 / 50 65 -60 -68 / 48 67 64 -65 / 72 -48 -64 -67 / 55 62 71 -48 / 50 -55 -71 -74 / 52 55 72 -70 / 57 72 -55 -72 / 55 70 -60 -72 / 53 69 72 48 / 55 -69 -72 64 / 48 65 74 -72 / 50 59 67 77 <END> 
<S> 52 64 67 72 / 53 62 69 -72 / 52 64 71 -69 / 62 65 -52 -71 / 48 60 64 69 / 47 62 67 71 / 45 64 72 -67 / 71 -45 -64 -67 / 50 57 66 69 / 62 -50 -66 -69 / 52 55 62 71 / 59 -43 -55 -71 / 48 52 60 64 / 48 52 55 60 / 53 60 69 / 51 55 64 67 / 50 57 65 -64 / 62 -50 -57 -65 <END> 
<S> 55 58 62 / 52 -55 -58 -62 / 50 53 57 62 / 52 -53 -57 -62 / 53 57 -43 -62 / 55 59 62 / 43 53 -59 -62 / 48 52 55 60 / 45 48 60 65 / 47 50 62 67 / 48 55 64 69 / 50 60 64 67 / 60 -50 -64 -67 <END> 
<S> 48 55 60 64 / 43 55 59 62 / 55 -43 -55 -62 / 48 55 60 64 / 48 60 64 67 / 47 55 62 67 / 45 57 60 69 <END> 
<S> 48 55 60 64 / 49 -55 -60 -64 / 50 57 60 65 / 43 58 62 -65 / 53 -43 -59 -62 / 48 55 60 64 / 41 57 60 65 / 43 55 59 62 / 53 -43 -59 -62 <END> 
<S> 43 50 55 59 62 / 48 -55 -62 -65 / 48 60 64 -55 / 53 -48 -60 -64 / 43 55 59 62 / 44 52 59 64 <END> 
<S> 58 62 67 / 57 60 64 69 / 55 58 62 67 / 50 -58 -67 / 57 72 -50 -67 / 66 -50 -57 -69 / 55 59 67 -38 / 60 62 67 -47 / 59 -62 -67 <END> 
<S> 55 59 62 67 / 55 59 67 74 / 60 67 76 / 59 62 67 77 / 60 64 67 79 / 72 -60 -67 -76 / 54 69 72 74 / 56 67 71 -74 / 57 64 69 72 / 65 -57 -69 -72 <END> 
<S> 57 60 69 77 / 59 62 -69 -77 / 60 64 67 76 / 65 -60 -64 -76 / 53 59 67 74 / 62 65 -53 -74 / 50 62 71 -65 / 69 -50 -62 -65 / 52 62 66 -69 / 67 59 -52 -67 / 54 57 69 72 / 52 62 -69 -72 / 50 -62 -69 -72 / 72 -50 -62 -69 / 55 62 67 71 / 64 -55 -62 -71 <END> 
<S> 50 62 69 77 / 52 -62 -69 -77 / 53 62 -69 -77 / 52 67 70 -74 / 53 65 69 72 / / 74 -53 -69 -72 / 55 67 71 74 / 59 64 -67 -74 / 60 67 76 / 62 77 -67 / 48 64 72 79 / 50 65 -72 -79 / 52 67 72 79 / 53 -67 -72 -79 / 55 67 74 -72 / 60 67 72 <END> 
<S> 60 67 76 / 62 -60 -67 -76 / 48 64 67 79 / 50 62 -67 -79 / 52 60 67 76 / 53 -60 -67 -76 / 55 60 67 74 / 72 -55 -60 -67 / 55 59 65 74 / 65 -55 -59 -74 / 48 55 64 72 <END> 
<S> 53 60 69 74 / 59 -53 -69 -74 / 74 -53 -57 -69 / 50 59 74 -69 / 55 67 -59 -74 / 60 64 67 76 / 72 -60 -64 -76 / 54 67 74 -72 / 69 74 -58 -74 / 70 72 -74 / 68 72 74 / 47 -67 -74 -74 / 72 -47 -74 / 65 74 -43 -74 <END> 
<S> 65 69 74 / 64 76 -60 -69 / 59 62 74 -64 / 57 60 -62 -74 / 56 59 71 76 / 74 -56 -59 -71 / 57 64 71 72 / 55 -64 -64 -72 / 54 62 69 72 / 55 62 70 -69 / 53 67 -62 -70 / 51 60 66 69 / 59 -60 -65 -69 <END> 
<S> 59 62 67 74 / 60 64 -67 -74 / 62 65 72 / 64 67 -72 / 62 65 69 -72 / 67 74 -62 -65 / 60 67 76 / 62 -60 -67 -76 / 57 64 69 72 / 55 62 71 74 / 52 67 71 76 / 50 65 69 74 <END> 
<S> 57 64 69 72 / 62 65 71 74 / 64 67 76 / 62 66 74 -67 / 60 64 69 72 / 53 -60 -64 -72 / 55 62 67 71 / 72 -55 -62 -67 / 55 62 67 71 / 53 59 -67 -71 / 52 64 67 72 / 50 65 69 74 <END> 
<S> 55 62 67 71 / 65 -55 -62 -71 / 48 60 64 72 / 55 67 71 74 / 50 -67 -71 -74 / 52 67 72 76 / 65 -52 -67 -76 / 53 67 70 74 / 52 -67 -70 -74 / 50 65 69 74 / 67 -50 -65 -74 / 52 64 72 79 / 62 -52 -72 -79 / 50 60 77 -72 / 71 -50 -60 -77 <END> 
<S> 50 65 69 77 / 71 -50 -65 -77 / 52 67 72 76 / 53 -67 -72 -76 / 55 67 71 74 / 52 -67 -71 -74 / 60 67 76 / 62 65 69 -76 / 64 67 70 79 / 62 65 -67 -79 / 60 64 72 79 / 55 74 -64 -79 / 57 72 76 -67 / 59 -67 -76 -76 / 65 69 72 -76 / 57 -65 -72 -76 / 59 74 69 77 / 62 -59 -74 -77 <END> 
<S> 57 64 69 72 / 59 62 67 74 / 60 67 76 / 59 62 74 -67 / 60 64 72 81 / 65 74 -60 -81 / 55 67 72 76 / 53 69 -72 -76 / 67 74 77 / / 76 -55 -74 / 72 -55 -59 -76 / 77 -55 -60 -72 / 52 60 72 79 / 53 72 52 -79 / 71 -52 -72 -79 <END> 
<S> 48 67 72 76 / 50 65 71 77 / 69 -50 -65 -77 / 55 62 67 71 / 53 -62 -67 -71 / 52 60 67 72 / 58 -52 -67 -72 / 53 57 69 72 / 55 62 -69 -72 / 74 -55 -58 -69 / 57 61 64 76 / 55 59 62 69 77 / 60 67 76 / 59 67 74 / 64 -58 -67 -74 <END> 
<S> 53 57 69 72 / 64 -53 -69 -72 / 61 65 69 76 / 67 -61 -76 / 62 69 77 -76 / 50 -62 -69 -77 / 57 64 70 76 / 77 -57 -64 -70 / 45 61 69 76 / 60 69 77 / 61 -69 -69 -77 <END> 
<S> 58 62 73 79 / 57 64 72 81 / 58 65 70 74 / 56 -65 -70 -74 / 55 67 70 76 / 65 74 -55 -70 / 57 64 72 / 55 -64 -72 / 62 -55 -72 -72 / 54 60 69 -72 / 55 62 67 71 / 55 59 62 67 / 53 57 -62 -67 <END> 
<S> 57 64 72 / 55 65 -72 / 67 74 -55 / / 48 67 75 -74 / 72 -48 -67 -75 / 55 67 71 74 / 72 -55 -67 / 62 65 67 / 60 63 67 75 / 58 65 68 74 / 56 -65 -68 -74 <END> 
<S> 51 67 70 75 / 53 -67 -70 -75 / 55 58 70 74 / 56 60 -70 -74 / 50 55 65 74 / 53 72 -55 -60 / 48 55 75 -72 / 50 65 77 -72 / 71 -50 -65 -77 / 51 67 72 79 / 53 -67 -72 -79 / 55 67 71 74 / 55 67 71 <END> 
<S> 50 62 65 71 / 51 67 72 / 51 -67 -72 / 53 60 68 -72 / 55 67 71 -60 / 63 -55 -67 -74 / 65 -55 -67 -74 / 48 63 67 72 / 56 65 72 77 / 58 67 74 77 / 68 -58 -74 -77 <END> 
<S> 48 63 68 72 / 50 65 -68 -72 / 51 63 67 72 / 62 -51 -67 -72 / 60 67 75 / 58 -60 -67 -75 / 56 60 65 75 / 55 58 -65 -75 / 56 60 72 77 / 55 62 70 79 / 53 -62 -70 -79 / 51 63 70 79 / 77 -63 -70 <END> 
<S> 60 63 68 75 / 58 62 70 77 / 56 63 72 77 / 55 -63 -72 -77 / 60 75 -55 -70 / 53 68 74 -60 / 55 59 -74 -74 / 56 60 72 76 / 55 70 -60 -75 / 53 65 68 74 / 59 62 -65 -68 / 77 -58 -62 -65 / 63 -45 -57 -72 <END> 
<S> 53 57 74 77 / 55 58 67 75 / 57 60 -67 -75 / 58 62 65 74 / 63 67 -58 -74 / 53 65 68 72 / 74 -53 -65 / 55 58 67 75 / 57 60 -67 -75 / 58 62 65 74 / 64 67 72 -58 / 59 62 67 74 / 60 67 75 / 58 -60 -67 -75 <END> 
<S> 56 60 63 72 / 65 -56 -60 -72 / 55 62 67 71 / 53 -62 -67 -71 / 51 63 72 -67 / 69 -51 -63 -72 / 50 65 71 74 / 48 67 72 75 / 50 65 72 77 / 67 71 -50 -77 / 51 67 72 75 / 53 -67 -72 -75 <END> 
<S> 55 62 67 72 / 60 63 67 72 / 59 62 67 74 / 58 67 75 / 63 -58 -67 -75 / 56 65 72 77 / 63 -56 -72 -77 / 58 62 70 77 / 68 -50 -58 -77 / 51 70 75 -62 / 58 70 74 77 <END> 
<S> 58 67 77 -63 / 56 -58 -67 -77 / 58 63 70 77 / 53 -58 -70 -77 / 51 67 70 79 / 77 -51 -70 / 44 56 72 77 / 50 58 70 -77 / 68 -50 -58 -77 / 51 63 67 75 / 58 65 74 -51 / -58 -58 -65 -74 / 56 65 75 / 63 -56 -72 -75 <END> 
<S> 51 58 67 79 / 53 60 68 -79 / 55 59 79 -67 / 56 60 72 77 / 62 71 -56 -77 / 60 -56 72 -65 / 55 59 67 74 / 55 59 67 74 / 60 67 75 / 58 62 -67 -75 <END> 
<S> 55 62 67 75 / 55 59 62 67 / 63 -55 -59 -67 / 65 -55 -59 -67 / 48 60 67 -65 / 55 59 62 67 / 53 55 -62 -67 / 48 60 63 67 / 69 -48 -60 -63 / 70 -48 -60 -63 / 69 -48 -65 / 46 65 68 71 / 64 -46 -65 -71 <END> 
<S> 60 64 67 72 / 58 -64 -67 -72 / 56 62 65 -72 / 53 63 72 / / 62 65 74 / 67 71 -62 -74 / 63 67 72 / 62 65 70 77 / 60 63 75 79 / 58 62 70 -79 / 68 -58 -62 -75 / 63 67 70 75 / 0 / -67 -70 -75 <END> 
<S> 51 58 67 75 / 65 -51 -58 -75 / 56 60 72 75 / 55 70 -60 -75 / 53 65 72 80 / 74 -53 -65 -80 / 55 58 75 79 / 56 60 -75 -79 / 58 62 70 77 / 68 -58 -62 -77 / 51 63 67 79 / 53 69 74 / 55 58 67 -74 / 56 60 65 75 / 58 62 65 74 / 56 63 68 72 <END> 
<S> 53 68 77 -63 / 55 67 70 75 / 56 60 -67 -75 / 58 62 65 74 / 47 67 -65 -74 / 48 60 67 75 / 58 67 74 77 / 56 60 65 -77 / 58 62 67 77 / 51 63 67 79 / 50 65 -67 -79 / 48 67 72 75 / 53 -67 -72 -75 <END> 
<S> 60 67 75 / 58 -60 -67 -75 / 56 60 72 75 / 55 70 -60 -75 / 53 60 68 74 / 55 59 67 -74 / 56 60 67 72 / 65 -56 -60 -72 / 50 62 65 71 / 62 -50 -65 -71 / 48 55 63 72 / 53 60 65 74 / 55 58 67 75 / 57 60 -67 -75 <END> 
<S> 56 60 63 72 / 65 74 -56 -60 / 55 60 67 75 / 53 -60 -67 -75 / 55 59 67 74 / 65 -55 -59 -74 / 56 60 63 72 / 55 59 67 -63 / 54 57 62 74 / 50 -57 -62 -74 / 55 58 62 70 / 67 -55 -62 -70 <END> 
<S> 55 60 67 75 / 62 -55 -60 -67 / 63 -55 -60 -67 / 43 59 62 67 / 55 62 67 70 / 53 -62 -67 -70 / 51 60 63 67 / 58 65 -51 -63 / 56 60 63 65 / 62 -56 -60 -65 / 55 60 67 -61 / 53 59 68 -55 / 54 62 -53 -68 / 48 60 63 67 / 59 62 -48 -67 / 50 57 60 66 / 59 -50 -57 -66 <END> 
