<S> 45 57 64 72 / 52 56 64 71 / 62 -52 -56 -71 / 53 57 60 69 / 52 55 67 71 / 57 72 -52 -67 / 50 59 65 74 / 48 60 64 76 / 66 -48 -60 -76 / 47 62 67 74 / 64 -47 -67 -74 / 45 66 69 72 <END> 
<S> 52 60 67 72 / 50 53 -67 -72 / 48 55 65 74 / 64 -48 -55 -74 / 70 -48 -55 -76 / 53 60 69 72 / 50 58 65 -72 / 48 64 67 -58 / 57 60 66 -48 <END> 
<S> 58 65 74 / 62 -58 -65 -74 / 60 64 70 79 / 62 65 -70 -79 / 60 64 72 79 / 74 -60 -64 -79 / 59 67 74 77 / 57 69 -67 -74 / 55 67 76 / 62 65 74 77 / 64 70 -62 -77 <END> 
<S> 57 67 72 77 / 59 74 -67 -72 / 60 67 72 76 / 72 -60 -67 -76 / 55 67 71 74 / 59 -67 -74 / 60 64 67 76 / 53 -60 -67 -76 / 55 60 67 74 / 59 -55 -67 -74 / 48 64 67 72 <END> 
<S> 53 60 69 74 / 52 -60 -69 -74 / 50 59 76 -74 / 45 57 60 72 / 56 59 74 / 57 60 69 72 / 59 68 74 76 / 57 60 72 76 / 59 74 -57 -72 / 57 60 69 76 / 59 74 -57 -76 / 52 60 68 -76 / 57 -52 -60 -76 <END> 
<S> 59 67 74 77 / 60 76 -67 -74 / 55 59 74 79 / 57 72 -67 -79 / 59 62 71 79 / 60 -71 -79 / 62 67 -60 -79 / 59 62 79 -67 / 57 60 69 -79 / 55 62 71 79 / 57 72 -62 81 / 59 62 71 79 / 60 67 72 / 65 69 -60 <END> 
<S> 59 62 67 79 / 60 64 -67 -79 / 62 65 69 81 / 71 -62 -65 -81 / 64 67 72 76 / 65 74 81 / 64 67 -65 -81 / 62 65 79 83 / 60 -65 -77 -81 / 58 74 79 -65 / 64 -58 -74 -79 / 50 65 70 81 / 69 -50 -65 -79 / 52 67 72 53 / 53 -67 -72 <END> 
<S> 58 65 74 79 / 60 70 79 -79 / 62 69 81 77 / 50 -69 -78 -81 / 55 67 71 76 / 53 60 69 74 / 52 59 67 76 / 50 77 65 / 74 -50 -59 -65 / 56 59 64 76 <END> 
<S> 50 60 69 77 / 55 59 67 -77 / 48 60 67 76 / 60 67 72 76 / 62 77 -67 -72 / 64 67 71 79 / 60 -64 -67 -79 / 62 67 74 / / 60 -62 -69 -77 <END> 
<S> 60 64 67 76 / 62 -60 -67 -76 / 57 60 69 76 / 78 -60 -69 -75 / 59 67 74 79 / 77 -59 -67 -74 / 60 67 72 76 / 48 67 72 76 / 50 -67 -72 -76 / 52 67 72 76 / 53 -67 -72 -76 / 55 67 72 74 / 71 -55 -67 -74 / 65 -55 -67 -74 <END> 
<S> 48 67 72 76 / 50 65 71 77 / 69 -50 -65 -77 / 52 64 67 79 / 62 -52 -67 -79 / 57 60 69 76 / 55 59 67 -76 / 53 57 69 74 / 52 64 -57 -74 / 50 62 65 74 / 45 72 -62 -74 / 43 59 71 74 / 45 60 69 72 / 47 62 67 -72 / 48 69 -62 -67 <END> 
<S> 53 57 69 74 / 50 59 -69 -74 / 52 57 60 -74 / 59 68 -52 -76 / 57 60 66 -74 / 59 -57 -60 -76 / 52 60 67 76 / 50 -60 -67 -76 / 52 59 67 / 57 64 69 -76 / 55 59 71 74 / 60 67 76 / 59 62 67 76 / 57 60 69 77 <END> 
<S> 57 60 67 76 / 59 -57 -67 -76 / 57 60 66 -57 / 50 -57 -60 -66 / 55 59 62 67 / 52 59 67 / 53 57 60 69 / 52 62 65 71 / 50 -62 -65 -71 / 52 55 64 72 / 54 57 -64 -72 / 55 59 62 71 / 67 -55 -59 -71 <END> 
<S> 50 60 65 69 / 71 -50 -60 -65 / 52 59 64 71 / 62 -52 -59 -71 / 57 60 64 72 / 55 59 -64 -72 / 53 57 60 69 / 52 62 65 71 / 50 -62 -65 -71 / 52 55 64 72 / 54 -55 -64 -72 / 55 62 71 / 50 55 64 69 / 54 54 62 -69 / 43 55 62 67 / 59 -43 -55 -67 <END> 
<S> 50 62 65 69 / 52 64 -62 -69 / 53 62 69 / 71 -53 -62 -69 / 48 60 64 67 / 59 -48 -64 -67 / 50 57 66 -64 / 55 62 67 -57 / 52 55 59 67 / 50 54 60 69 / 48 55 -60 -69 / 43 50 59 67 <END> 
<S> 50 57 66 74 / 62 -50 -66 -74 / 52 55 64 72 / 54 54 62 -72 / 55 59 62 / -72 / 59 62 67 / 60 69 -62 -67 / 50 62 66 69 / 59 62 67 71 / 47 62 67 71 / 48 60 64 67 / 50 59 65 69 / 52 59 64 71 / 52 57 60 72 / 50 59 62 71 <END> 
<S> 57 62 67 71 / 66 -51 -60 / 43 55 59 67 / 52 -43 -59 -67 / 45 60 69 -52 / 55 59 -45 -69 / 45 57 60 64 / 43 58 62 / / 41 -58 -62 / 40 55 61 69 / 54 57 62 69 / 72 -54 -57 -62 / 55 62 64 71 / 72 -55 -62 -64 / 55 62 71 74 / 53 69 -62 -74 / 52 62 -69 54 / 64 -48 -69 50 <END> 
<S> 43 59 62 67 / 45 52 60 72 / 48 52 55 60 / 53 -45 -55 -60 / 47 50 55 62 / 43 55 59 62 / 48 55 60 64 / 52 -55 -60 -64 / 50 57 60 65 / 59 62 -50 -65 / 48 55 60 64 / 59 62 -55 -64 / 45 57 60 -64 / 43 62 -57 -60 / 55 59 -43 -62 / 61 -43 -55 -62 / <END> 
<S> 47 55 62 67 / 48 66 -55 -62 / 43 55 59 67 / 64 69 -55 -60 / 38 54 62 69 / 60 -54 -54 -69 / 43 55 59 67 / 45 52 60 67 / 58 -52 -67 <END> 
<S> 55 59 62 67 / 53 57 -62 -67 / 52 55 60 67 / 50 53 62 -67 / 48 55 64 72 / 50 65 -55 -72 / 52 60 67 72 / 48 -60 -64 -67 -72 / 55 60 64 69 / 53 -60 -64 -69 / 52 59 65 -69 / 47 -59 -65 -68 <END> 
<S> 52 55 67 72 / 48 64 -55 -72 / 50 62 66 71 / 48 64 69 -71 / 50 62 69 -67 / 60 66 -50 -69 / 43 59 62 67 / 52 59 -43 79 / 53 -43 -59 -62 / 52 55 60 67 / 69 -52 -55 -60 / 54 57 62 69 / 55 62 67 70 / 53 60 65 69 <END> 
<S> 43 59 62 67 / 47 55 -62 -67 / 48 55 64 69 / 45 -55 -64 -69 / 50 54 62 69 / 43 59 62 67 / 48 55 60 64 / 53 59 62 67 / 52 60 -55 -67 / 50 59 62 67 / 52 55 60 -67 / 50 57 60 69 / 59 -50 -57 -69 <END> 
<S> 48 55 60 64 / 49 -55 -60 -64 / 50 57 62 66 / 43 50 59 67 / 48 52 60 67 / 47 62 -52 -67 / 45 52 60 72 / 45 52 -60 -72 / 47 50 62 71 / 48 55 -62 -71 / 50 53 65 69 / 81 -53 -65 -69 / 52 60 67 / 58 64 -52 -67 / 41 57 65 -64 / 62 55 -41 -65 / 60 64 -55 -60 / 43 55 59 62 <END> 
<S> 50 53 65 69 / 52 50 -65 -69 / 48 52 60 67 / 58 -48 -52 -67 / 53 53 57 72 / 52 55 72 76 / 50 -55 -72 -76 / 54 60 69 74 / 55 59 67 -74 / 52 60 67 72 / 48 64 67 -72 / 53 65 69 72 / 55 62 67 71 / 43 -62 -67 -71 <END> 
<S> 52 55 67 72 / 53 65 -55 -72 / 55 64 -53 -72 / 62 -53 -55 -72 / 55 64 72 / 43 62 74 -55 / 55 -47 -74 -74 / 48 55 64 72 / 50 65 -55 -72 / 52 60 67 72 / 53 -60 -67 -72 / 52 60 67 72 / 48 -67 -72 / 64 67 72 -48 / 47 62 67 74 / 65 -47 -62 -74 / 52 59 64 67 / 65 69 -52 -59 <END> 
<S> 52 64 67 72 / 53 65 -64 -72 / 55 62 67 71 / 56 64 72 76 / 74 -53 -64 -72 / 55 67 71 74 / 52 67 73 76 / 57 -67 69 76 / 50 65 77 -69 / 52 67 70 79 / 53 65 69 81 / 55 79 -65 -69 / 64 -55 -60 -76 / 53 69 77 -63 / 62 -53 -69 -77 / 60 -53 -69 -77 / -53 69 -72 61 <END> 
<S> 69 72 76 / 64 67 -72 / 69 74 -64 / 50 65 69 74 / 55 62 71 76 / 48 60 67 76 / 50 60 67 77 / 71 -50 -60 -77 / 52 59 67 76 / 50 57 65 77 / 59 62 67 -77 / 60 64 69 76 / 57 66 71 -76 / 72 -57 -66 -69 / 55 59 67 74 / 60 67 76 / 59 -60 -67 -76 <END> 
<S> 47 62 67 79 / 49 64 69 -79 / 49 57 69 77 / 50 53 -69 -72 / 56 71 74 -53 / 52 64 71 76 / 57 64 71 72 / 53 69 72 74 / 55 67 71 74 / 62 67 70 -55 / 65 -55 -70 -74 / 57 64 73 73 / 50 -64 -69 -72 <END> 
<S> 57 65 69 72 / 55 67 71 74 / 53 67 69 72 / 52 67 68 72 / 50 65 70 74 / 52 64 69 72 / 53 62 -69 -72 / 55 62 67 71 / 60 64 67 72 / 58 -64 -67 -72 <END> 
<S> 53 69 72 / 52 67 71 / 50 65 69 77 / 52 64 -69 -77 / 53 62 69 77 / 55 -62 -69 -77 / 60 64 67 76 / 69 -60 -64 -76 / 62 65 77 -60 / 57 72 -62 -77 / 55 67 70 76 / 53 69 77 / 50 67 70 76 / 77 -67 -70 / 50 65 69 81 / 71 -50 -65 -81 / 48 64 72 79 / 62 74 -48 -79 <END> 
<S> 62 69 77 / 60 76 -69 -77 / 59 67 74 77 / 55 76 -67 -74 / 57 72 76 -67 / 71 -57 -67 -76 / 50 65 69 74 / 55 62 71 74 / 52 60 67 76 / 53 -60 -67 -76 / 55 60 67 74 / 59 -55 -67 -74 / 48 60 67 76 / 55 59 67 74 / 53 -59 -67 -74 <END> 
<S> 55 60 67 76 / 59 -55 -67 -76 / 57 64 71 74 / 62 -57 -71 -74 / 52 64 67 72 / 53 65 69 -72 / 55 62 67 71 / 64 -55 -67 -71 / 65 -55 -67 -71 / 48 67 72 76 / 53 -67 -72 -76 / 55 62 71 74 / 67 -55 -71 -74 / 69 -55 -67 -74 / 71 -55 -67 -74 / 51 66 67 74 / 50 62 -67 -74 <END> 
<S> 55 67 71 74 / 60 -67 -71 -74 / 67 -55 -71 -74 / 57 72 -67 -74 / 55 65 70 74 / 53 -67 -70 -74 / 52 67 72 -70 / 53 69 -67 -72 / 55 65 71 74 / 57 64 72 / 59 62 74 -56 / 60 76 -62 / 66 -48 -60 -72 / 55 59 67 74 / 59 62 67 <END> 
<S> 59 65 67 74 / 60 66 69 74 / 59 62 67 74 / 66 -59 -74 / 60 64 67 76 / 54 62 69 74 / 55 67 70 -74 / 57 69 -67 -74 / 59 67 74 -53 / 55 59 67 74 / 60 67 76 / 59 62 -67 -76 / 57 60 64 72 <END> 
<S> 62 69 -67 / 62 66 69 / 60 -62 -66 -69 / 58 62 67 / 57 69 -62 -67 / 55 62 67 69 / 53 -62 -67 -69 / 52 62 67 71 / 50 -62 -67 -71 / 52 55 67 72 / 54 57 62 -72 / 55 59 62 71 / 60 64 -55 -71 <END> 
<S> 50 62 67 69 / 66 -50 -62 -69 / 55 59 62 67 / 52 60 67 72 / 50 65 69 74 / 71 -50 -65 -74 / 48 67 72 76 / 60 74 77 -48 / 76 79 -48 -60 / 53 59 74 77 / 55 72 76 -60 / 74 -53 -69 -72 / 55 67 71 -74 / 52 65 69 72 / 64 74 -65 -72 / 69 -65 -72 -74 <END> 
<S> 67 72 74 / 65 69 -72 -74 / 64 71 72 79 / 62 65 69 -72 / 67 71 74 / 65 -67 -71 / 50 69 -67 -74 / 52 67 71 79 / 53 -67 -71 -79 / 52 67 72 79 / 48 74 -67 -79 / 50 65 77 -72 / 71 -50 -65 -77 / 52 67 72 76 / 53 -67 -72 -76 <END> 
<S> 47 67 74 79 / 72 -47 -67 -79 / 52 67 72 79 / 53 -67 -72 -79 / 55 67 71 74 / 60 67 76 / 53 69 74 / 71 -57 -74 -74 / 72 -57 -74 -76 / 55 62 71 -76 / 64 69 -55 -76 / 53 62 69 77 / 60 69 76 -53 / 59 65 71 74 / 52 64 69 72 / 62 64 69 -72 / 53 62 -69 -72 <END> 
<S> 57 64 69 72 / 55 67 71 74 / 60 67 76 / 62 77 -60 -67 / 61 64 69 79 / 62 69 77 / 61 69 69 -77 / 50 -69 -69 -77 / 72 -50 -62 -77 / 55 62 70 76 / 53 61 69 76 <END> 
<S> 50 62 69 77 / 67 -50 -62 -77 / 45 61 69 76 / 67 -61 -69 -76 / 50 62 69 77 / 65 69 -50 -62 -77 / 59 62 71 79 / 61 64 69 -79 / 62 65 69 77 / 69 72 -62 -77 / 68 71 74 -77 / 57 69 72 76 / 60 67 72 76 <END> 
<S> 62 69 77 / 67 -62 -77 / 65 68 -62 -77 / 60 67 75 81 / 59 -60 -69 -76 / 57 60 69 77 / 59 -60 -69 -77 / 60 67 76 / 58 60 -67 -76 / 57 69 72 77 / 55 -69 -72 -77 / 53 70 72 79 / 52 -70 -72 -79 / 53 60 69 77 <END> 
<S> 57 60 69 77 / 55 67 76 -60 / 53 60 69 77 / 55 67 -60 -77 / 53 60 76 79 / 52 72 79 77 / 53 72 81 -72 / 74 -53 -72 -81 / 55 67 71 79 / 62 -55 -71 -79 / 60 64 72 -55 / 62 65 -43 44 <END> 
<S> 50 65 72 77 / 71 -50 -65 -77 / 48 67 72 76 / 55 67 71 74 / 55 67 71 74 / 48 67 72 76 / 50 -67 -72 -76 / 48 67 72 76 / 50 -67 -72 -76 / 52 67 72 76 / 53 -67 -72 -76 / 55 67 72 74 / 71 -55 -67 -74 / 65 -55 -67 -74 <END> 
<S> 48 67 72 76 / 50 65 71 77 / 69 -50 -65 -77 / 55 64 70 79 / 62 -55 -70 -79 / 57 60 69 76 / 55 59 -69 -76 / 53 60 69 77 / 71 -53 -60 -77 / 52 60 72 79 / 53 69 -72 -79 / 55 67 71 74 / 52 67 73 76 <END> 
<S> 57 60 69 77 / 55 -60 -69 -77 / 53 60 70 79 / 52 60 -70 79 / 53 60 69 77 / 55 59 67 76 / 57 60 65 72 / 59 74 -65 / 57 60 65 72 / 55 71 -65 / 74 -55 -59 -71 / 48 55 64 72 / 55 59 62 71 <END> 
<S> 53 60 67 74 / 72 -60 -60 -67 / 55 59 67 74 / 65 -55 -59 -74 / 57 60 64 72 / 55 -60 -64 -72 / 53 65 69 72 / 55 -65 -69 -72 / 53 -65 -69 -72 / 46 65 69 74 / 58 65 70 -74 / 52 67 72 -70 / 48 64 69 -72 / 67 -48 -64 -72 / 50 60 66 74 / 62 -50 -66 -74 <END> 
<S> 50 60 65 74 / 58 -50 -65 -74 / 48 60 72 75 / 58 -48 -72 -75 / 53 56 72 77 / 60 -53 -72 -77 / 55 62 71 79 / 63 -55 -71 -79 / 56 62 72 77 / 58 -56 -72 -77 / 57 67 72 75 / 58 -56 -72 -75 / 53 60 68 77 / 55 67 75 -60 / 43 59 62 -67 / 63 -43 -59 -67 <END> 
<S> 56 59 65 72 / 74 -56 -59 -68 / 48 60 67 75 / 53 59 74 / 51 55 60 72 / 56 59 65 -72 / 60 -56 -65 -72 / 55 59 67 74 / 55 59 67 -74 <END> 
<S> 56 60 65 72 / 55 74 -60 -67 / 53 60 68 74 / 55 59 -60 -74 / 56 60 65 72 / 64 -56 -60 -72 / 59 62 68 74 / 67 -59 -62 -74 / 65 -47 -62 -74 / 48 55 63 72 / 60 63 67 -48 <END> 
<S> 59 62 67 74 / 55 60 67 74 / 72 -55 -67 -60 / 55 59 67 74 / 65 -55 -59 -74 / 56 60 63 72 / 55 -60 -63 -72 / 53 60 68 77 / 62 -53 -68 -77 / 60 63 67 75 / 65 69 74 -60 / 55 67 71 74 / 62 72 -55 -74 / 67 -55 -72 -74 / 65 -55 -72 -74 <END> 
<S> 57 60 65 72 / 55 59 67 -77 / 53 -59 -67 -74 / 51 60 67 75 / 53 -60 -67 -75 / 55 59 67 74 / 65 -55 -59 -74 / 56 60 63 72 / 55 -60 -63 -72 / 53 60 68 77 / 62 -53 -68 -77 / 60 63 67 75 / 65 69 74 -60 / 55 67 71 74 / 62 72 -55 -74 / 67 -55 -72 -74 / 65 71 -55 -74 <END> 
<S> 57 60 65 77 / 62 -57 -60 -77 / 55 60 67 75 / 53 -60 -67 -75 / 55 60 67 74 / 59 -55 -67 -74 / 48 55 67 72 / 63 / 68 72 79 / 67 77 -56 -72 / 54 69 72 75 / 55 67 71 74 / 63 -55 -71 -74 / 57 62 72 77 / 60 -57 -72 -77 / 58 70 74 77 / 55 -58 -70 -77 <END> 
<S> 60 67 72 75 / 62 65 72 77 / 70 -56 -65 -77 / 63 70 79 -65 / 63 -63 -70 -79 / 59 62 79 79 / 71 -59 -62 -79 / 60 67 72 75 / 58 -67 -72 -75 / 57 60 72 77 / 55 70 75 -60 / 53 60 69 77 / 75 -53 -60 -68 / 46 58 65 74 / 47 62 67 74 <END> 
<S> 60 67 75 / 58 62 -67 -75 / 56 63 72 / 55 -63 -72 / 53 68 74 -72 / 55 67 71 74 / 65 -55 -71 -74 / 48 63 72 / 60 63 67 75 / 58 62 -67 -75 / 56 60 72 75 / 55 70 -60 -75 / 53 68 72 74 / 55 67 71 -74 / 65 -55 -71 -74 <END> 
<S> 60 63 67 75 / 58 62 -67 -75 / 56 60 72 77 / 55 70 -60 -77 / 53 65 68 74 / 63 72 -53 -68 / 55 62 67 71 / 43 59 62 67 / 0 / 55 62 67 70 <END> 
<S> 55 63 67 70 / 62 65 -55 -70 / 56 60 63 72 / 62 74 -56 -60 / 55 67 72 75 / 53 -67 -72 -75 / 55 67 71 74 / 65 -55 -71 -74 / 48 63 67 72 / 58 65 70 74 <END> 
<S> 53 68 74 -60 / 55 67 75 -60 / 56 65 -67 -76 / 74 -56 -65 / 48 55 63 72 / 68 74 -48 -63 / 55 67 70 75 / 53 -67 -70 -75 / 51 65 70 77 / 50 -65 -70 -77 / 51 63 70 79 / 72 -58 -63 -79 <END> 
<S> 55 58 70 75 / 53 -58 -70 -75 / 51 65 70 77 / 50 -65 -70 -77 / 51 63 70 79 / 62 77 -70 / 56 60 72 75 / 55 67 -60 -75 / 53 62 -67 -75 / 55 63 67 75 / 65 -55 -75 -75 / 56 60 72 75 / 55 -60 -72 -75 <END> 
<S> 60 63 67 75 / 62 -60 -67 -75 / 54 60 69 75 / 55 67 71 74 / 60 67 72 75 / 58 -67 -72 -75 / 57 65 72 77 / 53 75 -72 -77 / 58 65 72 74 / 56 -65 -72 -74 / 55 63 70 75 / 65 -55 -70 -75 <END> 
<S> 53 57 72 77 / 60 75 -57 -72 / 55 67 71 74 / 55 74 -67 -74 / 60 67 72 75 / 59 68 74 77 / 57 -68 -74 -77 / 55 70 75 79 / 53 -70 -75 -79 / 51 72 75 79 / 50 -72 -75 -79 <END> 
<S> 60 63 67 75 / 62 65 -67 -75 / 63 67 70 75 / 63 68 72 -75 / 56 65 -68 -75 / 58 67 70 74 / 65 -58 -70 -74 / 56 72 -65 / 55 63 70 / 55 61 67 -70 / 68 -55 -67 <END> 
<S> 63 70 79 / 55 -63 -70 -79 / 56 -63 -70 -79 / 72 -58 -63 -70 / 62 65 70 82 / 63 70 80 -65 / 62 65 -70 -82 / 64 -62 -70 79 / 65 -62 -70 -82 / 59 67 75 -65 / 63 -59 -67 -75 / 56 60 72 77 / 62 -56 -72 -77 <END> 
<S> 60 63 67 75 / 58 62 -67 -75 / 56 60 72 77 / 55 70 -60 -77 / 53 65 69 72 / 74 -53 -65 -69 / 55 58 67 76 / 57 60 -67 -75 / 58 60 65 74 / 65 -46 -60 -74 / 52 58 67 75 / 67 -52 -58 -75 / 53 60 68 77 / 51 60 67 79 <END> 
<S> 53 60 68 74 / 55 59 67 -74 / 56 60 65 72 / 74 -56 -60 -65 / 55 60 67 75 / 53 68 -60 -75 / 55 60 67 74 / 56 72 -67 -74 / 55 65 74 -72 / 67 -55 -72 -74 / 65 71 -55 -74 / 63 67 72 / 62 74 -67 / 60 67 72 75 / 58 65 74 77 <END> 
<S> 53 68 74 -63 / 55 62 -68 -74 / 56 60 63 72 / 65 74 -56 -60 / 51 67 75 -60 / 53 60 68 77 / 55 62 67 -77 / 48 60 67 75 / 63 -48 -67 -75 / 53 65 68 74 / 67 -53 -65 -74 / 54 63 69 72 / 62 -54 -69 -72 / 55 62 67 71 / 55 59 62 67 / 53 -59 -62 -67 <END> 
<S> 56 60 65 72 / 60 67 -56 -72 / 55 62 67 71 / 48 64 67 72 / 55 59 67 74 / 60 67 75 / 58 -60 -67 -75 / 56 60 65 75 / 55 67 75 -75 / 53 60 68 77 / 50 62 -68 -77 <END> 
