<S> 55 63 70 75 / 56 63 68 72 / 74 -56 -63 -68 / 55 63 70 75 / 53 77 -63 -70 / 51 63 70 79 / 57 63 72 77 / 58 62 70 77 / 68 -58 -62 -77 / 51 58 67 75 / 48 60 69 75 <END> 
<S> 57 63 72 77 / 58 62 70 77 / 68 -58 -62 -77 / 51 63 67 75 / 51 58 70 79 / 60 70 77 / 62 -51 -70 -77 / 51 63 70 79 / 55 63 -70 -79 / 53 63 68 77 / 51 58 67 79 / 56 60 65 -79 / 58 62 70 77 / 68 -58 -62 -77 <END> 
<S> 51 58 70 77 / 53 -58 -70 -77 / 51 63 70 79 / 72 -63 -79 -79 / 59 68 74 77 / 60 -68 -74 -77 / 62 69 74 78 / 55 -62 -69 -78 / 56 62 71 60 / 55 60 75 79 / 53 75 80 -60 / 51 -60 -72 -75 / 53 69 77 -60 / 47 62 74 -77 <END> 
<S> 56 60 68 75 / 55 -60 -68 -75 / 53 62 68 77 / 63 -53 -68 -77 / 59 62 67 79 / 77 -59 -62 -67 / 60 67 75 / 58 -60 -67 -75 / 56 60 65 77 / 53 72 75 -60 / 55 67 74 -72 / 71 -55 -67 -74 / 48 63 67 72 / 60 63 67 72 <END> 
<S> 53 60 68 74 / 55 67 -60 -74 / 54 62 -67 -74 / 72 -54 -62 -66 / 55 62 67 74 / 53 59 -67 -74 / 52 60 67 79 / 50 62 65 77 / 51 67 79 -65 / 53 60 69 77 / 55 67 71 -77 / 75 -55 -67 -74 / 56 72 -67 / 66 -56 -72 / <END> 
<S> 51 63 70 79 / 53 -63 -70 -79 / 55 63 70 79 / 56 -63 -70 -79 / 58 65 70 74 / 60 75 -65 -70 / 62 71 77 -65 / 59 62 74 -77 / 60 63 75 / 62 74 -60 -63 / 59 -62 -74 -77 / 56 60 63 -77 / 55 58 70 75 / 53 68 77 -58 / 51 63 79 -58 / 50 -58 -63 -79 <END> 
<S> 60 67 75 / 55 -60 -67 -75 / 53 60 68 74 / 55 59 67 -74 / 56 60 65 72 / 60 -56 -65 -72 / 55 62 67 71 / 55 62 67 71 / 60 63 67 72 / 58 62 67 74 <END> 
<S> 54 60 63 72 / 62 -54 -60 -72 / 55 62 67 71 / 55 59 62 67 / 53 -59 -62 -67 / 51 60 67 72 / 50 -60 -67 -72 / 48 65 67 74 / 47 -65 -74 -74 / 48 63 72 75 / 60 -48 -72 -75 <END> 
<S> 55 60 67 75 / 53 -60 -67 -75 / 55 59 67 74 / 65 -55 -59 -74 / 48 63 67 72 / 60 63 67 72 / 58 62 -67 -72 / 57 60 65 72 / 55 67 -60 -72 / 53 65 69 72 / 51 -65 -69 -72 / 50 65 69 77 / 75 -50 -65 -69 / 55 67 70 74 / 51 75 -70 <END> 
<S> 57 60 65 72 / 55 67 -60 -72 / 53 65 69 72 / 51 -65 -69 -72 / 50 65 69 77 / 75 -50 -65 -69 / 55 67 70 74 / 51 75 -67 -70 / 53 65 68 74 / 63 70 -53 -74 / 62 65 72 77 / 67 -62 -72 -77 / 63 70 75 79 / 72 -63 -75 -79 <END> 
<S> 58 65 70 74 / 56 -65 -70 -74 / 55 67 70 75 / 53 -67 -70 -75 / 51 65 70 77 / 50 -65 -70 -77 / 46 63 70 77 / 62 -46 -70 / 51 58 67 75 / 53 60 68 77 / 59 62 68 -77 / 60 63 67 75 / 58 -60 -67 -75 <END> 
<S> 56 60 68 72 / 55 -60 -63 -72 / 53 60 68 70 / 65 -53 -60 -68 / 53 60 65 68 / 63 -60 -65 -68 / 62 65 68 -48 / 60 63 67 -48 / 55 67 70 -60 <END> 
<S> 43 63 70 -63 / 62 -43 -63 -70 / 44 60 63 72 / 41 68 -63 -72 / 46 62 65 70 / 51 67 -65 -70 / 60 63 69 77 / 58 62 -69 -77 / 53 -58 -62 -77 / 51 58 67 75 / 53 60 68 77 <END> 
<S> 51 63 70 79 / 55 -63 -70 -79 / 53 62 70 77 / 60 75 -53 -65 / 58 62 70 77 / 56 -62 -70 -77 / 55 63 70 79 / 57 60 -70 -79 / 58 62 65 77 / 60 67 75 / 58 -60 -67 -75 / 56 60 65 77 / 55 67 75 -60 <END> 
<S> 56 60 65 77 / 58 -56 -65 -77 / 53 56 65 72 / 74 -56 -65 / 55 58 67 75 / 53 60 68 77 / 62 -53 -68 -77 / 51 63 67 79 / 55 71 -63 -79 / 57 72 -63 -79 / 59 62 74 77 <END> 
<S> 55 63 67 75 / 57 65 -67 -75 / 58 67 74 77 / 59 -67 -74 -77 / 60 67 72 75 / 74 -60 -67 -72 / 53 69 72 75 / 55 67 71 74 / 65 -55 -71 -74 / 48 63 67 72 / 62 70 77 -48 <END> 
<S> 53 68 72 74 / 55 -68 -72 -74 / 56 -68 -72 -74 / 55 70 -60 -77 / 53 60 68 80 / 55 67 71 79 / 56 65 72 / 74 -56 -65 / 48 55 64 72 / 50 65 70 74 <END> 
<S> 56 60 65 72 / 55 74 -60 -72 / 53 68 72 75 / 55 74 -68 -72 / 56 60 68 72 / 55 74 -60 -72 / 53 -60 -67 -74 / 55 59 67 -74 / 65 -55 -59 -74 / 48 60 63 72 / 50 58 70 77 / 51 63 -70 -77 / 62 -51 -70 -79 / 53 60 68 77 / 55 67 -60 -77 <END> 
<S> 48 55 63 72 / 60 67 -48 -63 / 50 63 65 70 / 62 46 -65 -70 / 51 58 67 70 / 53 60 65 68 / 62 -53 -65 -68 / 55 58 63 70 / 56 60 -63 -70 / 58 62 65 68 / 63 67 -56 -65 / 60 64 -56 -67 <END> 
<S> 58 62 65 70 / 56 60 -65 -70 / 55 62 70 -60 / 59 68 -55 -62 / 48 55 63 67 / 60 -48 -63 -67 / 41 60 65 68 / 63 -41 -60 -68 / 59 62 67 -53 / 51 60 67 69 / 55 59 -67 / 62 65 -55 -59 <END> 
<S> 48 60 63 67 / 55 -60 -63 -67 / 57 60 65 72 / 58 62 67 / 68 -58 -62 -67 / 43 63 67 72 / 45 -63 -67 -72 / 47 62 67 71 / 48 -62 -67 -74 / 50 62 66 69 / 52 -50 -62 -69 / 43 53 59 67 <END> 
<S> 48 63 67 69 / 62 -48 -67 -69 / 60 -48 -67 -69 / 50 62 66 71 / 60 69 -50 -66 / 43 51 59 67 / 48 51 60 69 / 46 53 62 70 / 48 63 -53 -70 / 50 58 65 70 / 51 58 63 67 <END> 
<S> 48 60 63 68 / 50 58 65 -68 / 51 67 -58 -65 / 60 -51 -65 -67 / 59 62 65 67 / 51 60 63 -67 / 56 60 65 / 55 58 62 65 / 56 60 -56 -65 / 55 58 65 67 / 53 56 65 68 / 62 -53 -65 -68 <END> 
<S> 56 60 63 / 55 60 65 -60 / 53 62 -60 -65 / 59 -53 -62 -65 / 51 60 67 / 55 62 -60 -67 / 56 60 65 / 53 62 -65 / 51 55 63 72 / 54 62 74 -55 / 55 60 67 75 / 57 65 -60 -75 / 58 67 74 -65 / 43 59 -67 -74 <END> 
<S> 56 60 63 72 / 55 -60 -63 -72 / 53 65 68 72 / 55 67 -65 -72 / 60 63 -67 / 58 65 -60 -67 / 56 60 67 -65 / 62 65 -56 -72 / 55 62 67 70 / 53 -62 -67 -70 / 51 63 67 72 / 53 65 70 -72 / 51 -65 67 -72 / 50 65 -67 -72 / 51 63 67 72 / 53 62 -67 -72 <END> 
<S> 52 60 67 72 / 53 65 69 -72 / 54 63 -69 -72 / 55 62 67 70 / 60 63 67 72 / 58 62 74 -67 / 56 60 72 75 / 55 70 -60 -75 / 53 68 72 74 / 67 -53 -72 -74 / 65 71 74 -74 / 63 72 -71 -74 / 65 68 72 75 / 67 -55 -72 -75 / 56 60 -72 -75 / 53 68 74 -72 <END> 
<S> 57 65 72 / 55 70 -65 / 53 63 68 72 / 51 -63 -68 -72 / 50 58 65 70 / 55 58 63 -70 / 51 68 -58 -63 / 51 58 63 67 / 50 -58 -63 -67 / 48 60 63 68 / 51 58 65 70 / 53 63 -58 -70 / 51 55 63 70 / 60 -51 -55 -70 <END> 
<S> 51 58 67 / 55 -51 -67 / 51 55 67 70 / 53 60 -67 -70 / 55 62 67 71 / 43 59 62 67 / 48 60 63 67 / 46 -60 -63 -67 / 44 56 60 65 / 63 -44 -60 -56 / 46 61 -56 -65 / 58 -46 -61 -65 / 56 -46 -61 -65 / 48 55 60 63 / 58 62 -48 -55 / 53 56 60 65 / 55 59 62 -65 / 53 57 60 65 / 62 -53 -57 -65 <END> 
<S> 44 56 60 65 / 55 59 65 / 60 -56 -65 / 55 58 63 67 / 53 68 -58 -63 / 51 58 63 67 / 56 60 63 72 / 53 60 68 -63 / 62 65 -53 -68 / 63 67 -53 -68 / 46 62 -67 -68 / 44 60 64 67 / 53 60 68 -67 <END> 
<S> 56 60 63 68 / 55 -60 -63 -68 / 53 60 68 -55 / 53 -53 -60 -68 / 48 51 60 67 / 68 -48 -60 -63 / 43 58 62 70 / 68 -43 -58 -62 / 48 60 63 67 / 46 -60 -63 -67 / 44 60 65 68 / 53 -44 -60 -68 <END> 
<S> 48 60 63 67 / 68 -48 -60 -63 / 50 58 65 70 / 68 -50 -58 -65 / 51 58 63 67 / 65 -51 -58 -63 / 56 60 63 72 / 55 58 -63 -72 / 56 60 65 72 / 63 -56 -60 -72 / 53 65 68 74 / 63 75 -53 -68 <END> 
<S> 56 60 65 72 / 55 -60 -65 -72 / 53 56 -65 -68 / 46 58 65 -68 / 67 -46 -58 -65 / 60 63 68 -46 / 55 62 70 -68 / 53 63 69 72 / 54 63 -69 -72 / 55 62 67 70 / 58 -62 -67 <END> 
<S> 53 60 65 68 / 51 63 67 70 / 44 60 63 67 / 45 60 65 72 / 47 55 62 71 / 48 55 63 72 / 50 55 65 74 / 51 63 67 / 43 53 62 72 / 71 -53 -62 <END> 
<S> 48 55 63 72 / 51 56 -63 -72 / 50 65 71 74 / 55 62 67 51 / 53 68 77 / / 60 -68 -77 / 50 62 70 77 / 46 -62 -70 -77 / 51 63 70 79 / 50 -63 -70 -79 / 48 63 72 79 / 72 -48 -63 -79 <END> 
<S> 58 62 70 77 / 60 63 75 -70 / 69 -60 -63 -75 / 55 62 71 77 / 56 60 72 77 / 62 71 -56 -77 / 55 63 72 75 / 53 65 74 77 / 67 72 75 / 58 -67 -72 -75 / 56 62 71 77 / 55 63 75 79 <END> 
<S> 53 68 72 74 / 55 67 71 -74 / 65 -55 -71 -74 / 48 63 67 72 / 51 58 70 79 / 53 60 68 77 / 55 59 67 -77 / 53 60 68 -67 / 51 60 67 -67 / 44 53 65 -60 / 59 62 -53 -65 / 47 55 60 67 / 62 -55 -60 -67 <END> 
<S> 56 60 65 -51 / 53 -60 -65 -70 / 55 63 70 -60 / 46 -55 -63 -70 / 53 56 60 68 / 51 58 -60 -68 / 49 58 67 70 / 48 60 67 75 / 64 72 -60 -75 / 74 -53 -60 -68 / 55 59 67 74 / 65 -55 -59 -74 <END> 
<S> 53 60 65 68 / 63 -53 -60 -68 / 55 59 62 67 / 55 59 62 67 / 56 60 63 72 / 65 74 -56 -60 / 55 60 67 75 / 53 68 -60 -75 / 55 60 65 74 / 68 -55 -60 -74 / 56 67 65 72 / 74 -56 -65 -72 / 55 67 72 75 / 74 -55 -67 -72 / 54 69 72 74 / 55 67 71 -74 / 62 67 70 <END> 
<S> 55 62 67 71 / 53 -62 -67 -71 / 51 63 67 72 / 50 69 -63 -72 / 48 62 74 -72 / 67 -47 -62 -74 / 44 59 72 -67 / 60 63 -56 -72 / 55 62 67 71 / 53 -62 -67 -71 / 51 63 67 72 / 50 65 69 74 / 71 -50 -65 -74 / 48 67 72 75 / 58 74 -67 -75 / 56 60 66 75 <END> 
<S> 53 62 67 72 / 53 68 -62 -72 / 55 62 71 -67 / 63 67 -55 -71 / 65 -55 -67 -71 / 48 63 67 72 / 55 67 72 74 / 71 -67 -74 / 65 67 72 / 60 63 67 -72 / 58 65 70 74 / 56 -65 -70 -74 <END> 
<S> 51 67 72 75 / 53 -67 -72 -75 / 55 67 71 74 / 51 67 70 79 / 65 -51 -70 -79 / 56 63 72 77 / 58 62 70 -77 / 68 -58 -62 -77 / 51 67 75 75 / 48 -67 -72 -75 <END> 
<S> 51 63 70 79 / 53 -63 -70 -79 / 55 58 70 79 / 56 60 -70 -79 / 58 62 65 74 / 75 -58 -62 -65 / 57 60 77 -65 / 59 62 67 -77 / 60 63 67 75 / 69 -60 -63 -75 <END> 
<S> 55 63 70 75 / 56 -55 -63 -75 / 53 58 62 74 / 51 -59 -74 / 53 59 68 74 / 50 65 -59 -74 / 48 55 63 72 / 56 65 74 -48 / 58 67 76 / 68 -58 -67 <END> 
<S> 56 60 65 72 / 55 67 -60 -72 / 53 -60 -67 -72 / 55 62 67 71 / 43 62 67 71 / 65 -43 -67 -71 / 48 63 67 72 / 62 -48 -67 -72 / 60 63 67 72 / 59 62 -67 -72 / 54 57 62 74 / 72 -54 -62 -66 <END> 
<S> 48 63 67 72 / 55 62 67 71 / 60 -55 -67 -71 / 62 67 69 / 69 -62 -69 / 63 65 68 / 62 -44 -65 -68 / 47 63 67 75 / 65 -51 -67 -75 / 67 75 -51 -67 / 53 65 -67 -70 / 51 65 67 72 / 63 -51 -67 -72 / 53 65 68 72 / 55 67 -65 / 61 -55 -67 -74 <END> 
<S> 51 60 67 75 / 58 -51 -67 -75 / 56 60 68 75 / 55 70 -60 -75 / 53 62 68 77 / 51 63 67 79 / 55 63 70 -79 / 56 60 65 77 / 53 68 74 -77 / 51 67 75 79 / 58 -67 -75 -75 / 56 60 72 -75 / 55 70 75 -75 <END> 
<S> 58 62 65 77 / 67 75 -62 -65 / 58 62 70 77 / 68 -58 -62 -77 / 60 63 67 75 / 65 74 -60 -67 / 58 67 75 / 57 65 72 -75 / 58 65 70 74 / 56 -65 -70 -74 / 55 63 70 75 / 53 -63 -70 -75 / 51 63 70 77 / 62 -51 -70 -77 / 53 63 68 77 / 55 62 71 -77 <END> 
<S> 58 65 74 / 68 -58 -74 / 46 58 65 74 / 63 -46 -58 -74 / 45 60 65 72 / 41 74 -60 -65 / 53 58 67 75 / 57 -53 -67 -75 / 58 61 65 -75 / 56 60 65 72 / 55 74 -60 -65 / 53 -60 -67 -74 / 55 59 67 74 / 65 -55 -59 -74 / 48 55 63 72 / 50 58 70 77 <END> 
<S> 53 60 69 75 / 55 58 70 74 / 56 65 72 -74 / 55 70 74 75 / 53 68 77 -74 / 51 67 70 79 / 50 65 -70 -79 / 52 67 72 77 / 53 -67 -70 -77 / 52 67 72 75 / 53 -67 -72 -75 / 55 67 71 74 / 55 67 71 74 <END> 
<S> 56 65 72 77 / 53 68 -72 -77 / 58 62 70 -77 / 68 -58 -74 -77 / 51 67 75 79 / 60 67 75 79 / 69 72 75 77 / 58 -69 -72 -77 / 68 72 75 -77 / 70 -68 -72 -77 / 68 72 75 -56 / 55 -72 70 -75 / 56 72 77 -63 / 53 62 -72 -77 <END> 
<S> 56 72 75 / 55 74 -72 -75 / 56 72 75 77 / 58 -72 -77 -80 / 60 68 72 75 / 65 68 -72 -75 / 55 67 71 75 / 65 -55 -71 -75 / 56 63 72 / 55 63 -72 53 / 53 65 70 74 / 51 63 67 72 / 50 71 74 -67 / 65 72 -50 <END> 
<S> 56 63 72 77 / 53 68 -72 -77 / 55 62 70 -77 / 75 -55 -62 -70 / 53 56 65 77 / 67 -53 -56 -77 / 55 62 70 74 / 53 -62 -70 -74 / 51 63 70 79 / 62 65 77 -51 / 67 75 -58 -65 / 56 65 68 72 <END> 
<S> 53 62 68 77 / 51 63 67 79 / 55 58 70 79 / 60 63 70 79 / 59 62 68 77 / 67 -59 -62 -77 / 60 -62 -67 -77 / 59 67 74 / 55 -67 -74 / 60 67 75 -55 / 58 -60 -67 -75 <END> 
<S> 59 62 67 77 / 57 60 75 -67 / 55 59 67 74 / 55 59 62 74 / 53 -59 -62 / 51 60 63 67 / 48 60 63 69 / 53 58 65 70 / 51 63 67 -58 / 61 -51 -67 -70 / 52 60 67 72 / 53 -60 -67 -72 <END> 
<S> 55 60 63 70 / 53 56 68 -63 / 51 56 67 70 / 65 68 -55 -61 / 48 60 64 67 / 53 60 65 68 / 46 61 65 70 / 48 63 67 72 / 53 60 68 74 / 55 -60 -68 -74 / 55 59 67 -74 / 65 -55 -59 -74 <END> 
<S> 56 60 65 -51 / 53 55 -60 -65 / 53 62 65 -55 / 50 53 -62 -65 / 51 55 63 67 / 50 65 -55 -67 / 43 60 67 74 / 53 -60 -67 -74 / 55 59 67 / 56 65 -55 -71 / 48 55 64 72 / 53 65 68 74 / 62 -53 -68 -74 <END> 
<S> 55 62 67 71 / 56 60 65 72 / 53 74 -60 -72 / 48 60 67 75 / 50 65 68 74 / 51 63 67 72 / 53 65 68 -72 / 55 62 67 71 / 48 63 67 72 / 60 63 72 79 <END> 
<S> 56 68 -65 -74 / 72 -56 -65 / 60 64 67 -72 / 58 62 -67 -72 / 56 60 72 77 / 55 70 -60 -77 / 53 65 72 -70 / 68 -53 -65 -72 / 48 67 72 75 / 70 -48 -67 -75 / 53 65 68 74 / 67 -53 -65 -74 / 55 63 69 72 / 54 -63 -69 -72 / 55 62 67 70 / 55 59 62 67 / 53 -55 -62 -67 <END> 
<S> 53 65 69 72 / 51 -65 -69 -72 / 50 65 71 74 / 55 62 -71 -74 / 48 63 67 72 / 60 63 67 72 / 58 65 74 / 56 -58 -65 -74 / 55 67 70 75 / 53 -67 -70 -75 / 51 65 70 74 / 72 -65 -70 / 63 66 69 -72 / 62 71 -65 / 60 63 67 72 <END> 
<S> 58 63 67 74 / 56 65 72 75 / 55 70 74 77 / 53 68 72 75 / 51 67 72 -75 / 50 65 -72 -75 / 39 67 -72 -75 / 53 68 74 77 / 55 67 70 74 / 55 70 75 / 53 68 77 -75 / 74 -53 -68 -77 / 55 70 75 79 / 63 -55 -75 -79 <END> 
<S> 51 67 72 75 / 53 68 74 -72 / 55 67 71 74 / 65 -55 -71 -74 / 48 63 67 72 / 55 67 71 74 / 60 67 72 75 / 53 68 72 74 / 65 -53 -68 -74 / 55 63 67 -74 / 72 -55 -63 -67 / 55 62 67 74 / 53 71 -62 -74 / 51 63 72 / 50 65 -72 / 63 67 -55 -72 / 53 65 68 -72 / 63 -53 -68 -72 / 62 65 -68 -72 <END> 
<S> 56 68 72 75 / 55 -68 -72 -75 / 53 68 72 74 / 55 67 71 -74 / 65 -55 -71 -74 / 48 63 67 72 / 46 62 70 77 / 51 63 70 79 / 55 67 71 -79 / 77 -55 -70 / 56 72 -62 -77 / 55 70 75 79 / 53 -70 -75 -79 / 51 70 75 79 <END> 
<S> 51 63 70 79 / 63 -63 -70 -79 / 65 70 77 -63 / 62 -65 -70 -77 / 63 70 79 -65 / 63 75 79 / 51 63 67 79 / 56 60 65 77 / 53 62 70 -77 / 58 -62 -70 -77 / 56 -62 -70 -77 / 55 63 70 79 <END> 
<S> 53 63 72 -70 / 69 -53 -63 -72 / 58 62 70 77 / 57 60 69 -77 / 58 62 70 77 / 60 67 72 75 / 58 -67 -72 -75 / 56 60 72 77 / 55 70 75 -60 / 53 68 74 -60 / 55 59 67 -74 / 74 -55 -59 -74 / 48 60 67 75 <END> 
<S> 53 68 72 74 / 55 75 -68 -74 / 56 65 71 74 / 55 -65 -70 / 48 63 67 79 / 62 71 -48 -79 / 53 60 72 77 / 75 -60 -68 / 55 58 74 -60 / 59 67 -55 -74 / 65 -55 -59 -74 <END> 
<S> 56 60 65 77 / 53 68 72 -77 / 74 -53 -68 -72 / 55 63 67 72 / 65 -55 -72 / 56 60 64 -72 / 67 -56 -60 / 55 60 65 -60 / 53 59 -60 -65 / 48 60 67 -53 / 50 55 58 65 / 51 56 65 / 58 63 -46 -65 <END> 
