<S> 48 55 64 67 / 48 55 62 65 / 60 64 -48 -55 / 41 60 69 -55 / 53 62 -41 -69 / 43 71 -53 -62 / 55 64 -43 -71 / 53 -43 -64 -71 / 45 52 64 72 / 57 -45 -64 -72 / 50 55 72 -64 / 54 62 -50 -72 / 43 55 62 71 <END> 
<S> 45 52 64 72 / 57 -45 -64 -72 / 50 55 72 -64 / 54 62 -50 -72 / 43 55 62 71 / 53 59 62 67 / 52 60 -53 -67 / 50 55 59 65 / 48 55 64 -65 / 50 55 62 65 / 59 -50 -62 -65 / 52 55 60 64 / 53 -55 -60 -64 / 55 62 -55 -60 53 53 59 -55 / 48 52 55 60 / 48 52 60 64 <END> 
<S> 47 55 62 67 / 48 55 60 64 / 50 55 59 62 / 48 55 60 64 / 47 55 62 65 / 48 55 64 -62 / 47 62 -55 -64 / 45 57 60 65 / 47 -57 -60 -65 / 48 50 55 64 / 43 50 62 -55 / 48 55 60 64 / 47 -55 -60 -64 <END> 
<S> 48 55 60 64 / 58 -48 -55 -64 / 45 57 60 66 / 43 -57 -60 -65 / 59 -43 -57 -65 / 45 57 60 64 / 66 -45 -60 -64 / 43 59 62 67 / 48 55 64 72 / 60 62 67 -48 / 47 60 62 -67 / 43 71 -62 -67 / 48 55 64 72 / 47 62 -55 -72 / 48 55 60 64 / 64 -55 -60 -64 <END> 
<S> 48 55 60 64 / 55 59 62 67 / 53 57 -62 -67 / 52 55 60 67 / 50 53 -60 -67 / 52 55 72 -60 / 53 57 62 -60 / 55 59 62 / 50 53 -59 -62 / 52 55 60 64 / 53 57 62 -60 / 55 59 62 / 57 -53 -55 -62 / 55 59 62 / 53 -55 -59 -62 <END> 
<S> 50 57 62 66 / 55 59 -62 -67 / 53 60 62 69 / 52 59 71 -62 / 50 57 62 72 / 66 -57 -62 / 60 67 -57 -62 / 50 59 62 67 / 52 55 60 67 / 53 57 60 69 / 55 59 62 / 57 60 -55 / 59 62 -53 -57 <END> 
<S> 50 62 66 69 / 60 -50 -66 -69 / 43 59 62 67 / 55 59 62 67 / 53 57 -62 -67 / 52 55 64 72 / 50 -64 -64 -72 / 52 62 64 71 / 50 -57 -64 -71 / 52 56 64 71 / 56 -64 -64 -71 / 62 64 -56 / -71 -56 -62 / 45 57 60 64 <END> 
<S> 52 64 71 -57 / 56 -52 -64 -71 / 62 71 -52 -56 / 45 57 -62 -64 / 60 -45 -57 -64 / 47 55 62 67 / 67 -47 -55 -62 / 48 55 60 64 / 50 65 -55 -60 / 52 60 67 / 48 58 -60 -67 / 53 56 60 65 / 59 62 -53 -53 / 55 60 -53 -62 / 53 62 -53 -60 <END> 
<S> 48 55 62 65 / 47 -55 -62 -65 / 48 55 62 64 / 64 -48 -55 -64 / 54 60 62 69 / 59 62 -54 -69 / 69 -55 -62 / 55 62 67 71 / 53 -62 -67 -71 / 52 60 67 72 / 50 62 -67 -72 / 52 64 67 71 / 53 59 62 67 / 52 60 67 72 / 50 65 69 74 / 71 -50 -65 -74 <END> 
<S> 52 55 67 72 / 50 71 -55 -67 / 48 55 67 72 / 65 -55 -67 -72 / 55 62 67 71 / 48 64 67 76 / 65 -48 -67 -74 / 55 59 67 74 / 62 71 -55 -74 / 64 67 69 72 <END> 
<S> 55 62 67 71 / 53 -62 -67 -71 / 52 60 67 72 / 50 -60 -67 -72 / 52 55 67 74 / 50 59 71 74 / 48 55 60 72 / 65 69 -55 -60 / 58 60 67 -55 / 64 -55 -58 -67 / 53 57 69 72 / 58 62 -53 -69 / 45 60 65 69 / 47 -60 -65 -69 <END> 
<S> 48 60 67 76 / 55 -60 -67 -76 / 53 60 69 74 / 55 59 67 -74 / 74 -55 -59 -67 / 48 64 72 -55 / 55 62 -48 -72 / 47 -55 -62 -72 / 48 55 62 71 / 43 59 62 67 / 48 60 64 67 / 47 -60 -64 -67 / 45 60 64 69 / 47 -60 -64 -69 <END> 
<S> 48 55 64 72 / 47 55 62 74 / 45 -55 -59 -74 / 45 57 60 64 / 78 -57 -60 -64 / 48 55 60 64 / 36 -55 -60 -64 / 45 53 60 69 / 52 -41 -60 -69 / 50 53 62 71 / 48 55 64 72 / 43 55 62 71 <END> 
<S> 45 52 60 -60 / 0 / 50 59 66 / 51 -50 -66 -69 / 40 59 67 71 / 41 -59 -67 -72 / 40 55 67 72 / 38 59 -67 -72 / 38 60 65 -72 / 38 59 62 67 / 39 60 64 67 / 40 -60 -64 -67 / 42 62 69 -67 / 50 62 66 69 / 43 62 67 71 / 44 59 62 72 <END> 
<S> -74 -45 -55 -67 / 43 66 -55 -67 / 59 62 -66 -55 38 54 58 62 69 / 57 -38 -54 -69 / 43 50 59 67 / 48 52 60 64 / 41 53 60 69 / 40 55 59 67 / 65 -55 -59 -67 / 40 60 64 67 / 62 -40 -60 -67 / 41 57 60 69 / 43 55 59 -60 / 53 -43 -59 -62 / 36 52 55 60 / 48 60 64 69 / 53 60 65 71 <END> 
<S> 41 55 60 62 / 43 59 -55 -62 / 53 -43 -59 -62 / 48 52 55 60 / 47 57 62 65 / 64 -57 -57 / 45 57 62 65 / 43 55 62 -65 / 59 -43 -62 -65 / 48 55 60 64 / 47 55 62 67 / 48 55 60 64 <END> 
<S> 45 57 64 72 / 63 -45 -57 -72 / 47 59 67 74 / 49 -59 -67 -74 / 52 59 67 / 55 -52 -67 -72 / 67 -52 -55 -72 / 50 65 69 -55 / 54 -50 -69 -72 / 55 62 71 -69 / 67 -55 -62 -71 / 50 60 69 -67 / 52 66 -60 -69 / 59 59 67 67 <END> 
<S> 50 62 69 -67 / 66 -50 -62 -69 / 60 -50 -66 -69 / 55 59 62 67 / 47 50 62 67 / 45 60 -50 -67 / 47 55 62 74 / 43 59 -55 -74 / 48 55 60 72 / 48 52 60 67 / 59 -48 -52 -67 / 50 53 60 69 / 71 -50 -53 -60 / 52 55 60 67 / 59 -52 -55 -67 / 55 60 64 / 53 -55 -60 -64 <END> 
<S> 48 52 55 67 / 47 -52 -55 -67 / 45 52 60 69 / 47 -52 -60 -69 / 48 52 60 67 / 48 64 -60 -67 / 50 62 65 69 / 59 -50 -65 -72 / 52 60 64 67 / 48 60 -64 -67 / 53 57 60 69 / 65 69 -53 -69 / 55 67 71 -65 / 64 -53 -67 -71 / 46 65 74 / 55 71 -65 -74 <END> 
<S> 50 60 65 69 / 52 60 66 71 / 53 59 62 67 / 52 60 67 72 / 50 65 69 74 / 71 -50 -65 -74 / 48 67 72 76 / 60 74 77 -48 / 76 79 -48 -60 / 53 60 69 77 / 58 62 67 74 / 48 -62 -67 -74 <END> 
<S> 52 67 72 / 53 65 69 -72 / 64 -53 -69 -72 / 54 62 69 74 / 55 62 71 -74 / 67 -55 -62 -74 / 60 67 76 -67 / -76 -67 -71 -76 / 57 69 72 76 / 77 -57 -69 -72 / 59 67 71 79 / 60 65 72 79 / 64 -60 -72 -79 / 57 65 72 77 / 55 67 74 -72 <END> 
<S> 60 67 72 76 / 64 -60 -72 -76 / 61 69 77 76 / 62 69 79 -77 / 77 -62 -69 -77 / 59 67 74 79 / 60 72 76 -67 / 62 67 71 -76 / 64 67 -71 -79 / 62 65 69 77 / 67 76 -62 -65 / 60 69 77 / 57 60 -69 -77 / 58 64 70 79 / 55 -61 -70 -79 <END> 
<S> 60 67 76 / 64 -60 -67 -76 / 62 66 69 -48 / 50 62 67 71 / / 60 67 72 76 / 59 -67 -72 -76 / 57 67 72 77 / 59 -67 -72 -77 / 57 67 72 76 / 55 67 71 74 / 57 67 72 / 59 -57 -67 -72 / 60 66 -57 -72 / 47 62 68 74 / 62 -47 -68 -74 / 48 67 76 -62 / 50 59 -67 -76 / 52 60 67 -76 / 53 59 -67 -76 <END> 
<S> 59 67 74 79 / 72 76 -67 -79 / 55 67 74 -72 / 71 -55 -67 -74 / 48 67 72 76 / 53 65 74 -72 / 64 -53 -72 -74 / 55 62 71 79 / 64 69 -55 -76 / 50 65 69 77 / 71 -50 -65 -77 / 52 67 72 76 / 53 -67 -72 -76 <END> 
<S> 55 62 70 / 50 54 -62 -70 / 69 -50 -53 -62 / 55 59 -50 -62 / / 52 60 67 72 / 50 65 69 74 / 71 -50 -65 -74 / 48 67 72 76 / 60 66 -72 -76 / 55 67 74 -72 / 71 -55 -67 -74 / 69 -55 -67 -74 / 60 67 72 76 / 53 -67 -72 -76 <END> 
<S> 48 67 72 76 / -67 -72 -76 / 69 72 76 / 67 71 74 / 64 69 -67 -74 / 59 62 -71 -74 / 52 64 72 -71 / 57 -64 -72 -79 / 55 62 71 74 / 67 -62 -71 -74 / 50 67 69 72 / 52 67 -69 -72 / 53 65 69 74 / 64 -53 -69 -74 / 62 -53 -69 -74 / 55 64 71 76 / 62 -55 -71 -76 <END> 
<S> 54 62 69 74 / 72 -54 -62 -69 / 55 62 71 -69 / 67 -55 -62 -71 / 50 60 66 69 / 52 59 62 71 / 52 59 71 79 / 60 64 72 79 / 59 -64 -71 -79 / 57 64 72 81 / 55 62 -72 -84 / 53 -62 -71 -74 / 52 60 72 76 / 67 -52 -72 -79 <END> 
<S> 59 64 67 79 / -64 -64 -67 -79 / 59 64 67 79 / 62 -59 -67 -79 / 60 65 72 81 / 78 -65 -72 -81 / 55 71 79 -65 / 60 64 72 79 / 53 65 72 81 / 74 -53 -65 -81 / 60 67 76 79 / 58 67 -76 -79 / 76 -58 -67 -76 / 57 69 72 77 / 55 70 -69 -77 <END> 
<S> 58 65 74 79 / 64 -58 -74 -79 / 70 74 79 / 70 76 -74 / 57 69 72 77 / 74 -57 -69 -77 / 52 67 72 76 / 53 -67 -72 -76 / 55 67 71 74 / 60 -67 -74 / 62 71 -67 / 65 69 -62 -71 / 64 67 71 79 / 62 -64 -71 -79 / 60 67 72 76 / 62 77 -72 <END> 
<S> 48 64 67 72 / 60 -64 -67 -72 / 55 67 71 74 / 69 -55 -67 -74 / 69 -55 -69 -74 / 50 71 74 -74 / 72 -50 -69 -74 / 55 71 74 -50 / 52 67 73 76 / 70 -52 -67 -76 / 53 69 74 77 / 67 73 76 -53 / 52 -67 -73 -76 / 50 69 74 77 / 76 -50 -69 -74 <END> 
<S> 52 60 67 79 / 50 69 -60 -79 / 52 60 67 79 / 53 69 -60 -79 / 55 67 71 74 / 52 67 71 76 / 57 69 73 76 / 50 -69 74 77 / 52 70 76 -77 / 53 65 69 81 / 55 67 71 74 <END> 
<S> 57 64 69 72 / 57 65 69 74 / 64 67 72 / 53 65 69 74 / 55 65 71 -74 / 64 -55 -71 -74 / 65 -55 -71 -74 / 48 64 67 72 / 60 64 67 72 <END> 
<S> 53 69 72 / 52 -67 -69 -72 / 50 65 71 74 / 48 67 72 76 / 55 62 71 77 / 53 -62 -71 -77 / 52 60 67 76 / 53 -60 -67 -76 / 55 59 67 74 / 65 -55 -59 -74 <END> 
<S> 55 62 70 / 53 69 -62 -62 / 67 61 67 69 / 50 65 -67 -69 / 64 67 69 -67 / 62 66 66 69 / 60 62 67 / 64 59 67 / 65 -59 -67 -71 / 60 67 72 76 / 62 78 -60 -72 / 79 64 71 79 / 62 71 74 -79 <END> 
<S> 62 71 -67 / 69 72 -62 / 50 62 66 69 / 60 -50 -66 -69 / 55 59 62 67 / 55 67 71 74 / 60 67 72 76 / 59 69 -72 -76 / 57 64 71 76 / 56 -64 -71 -76 / 57 64 69 72 / 55 65 71 74 / 53 67 73 76 / 52 -67 -73 -76 <END> 
<S> 60 67 72 76 / 59 69 -72 -76 / 57 64 71 76 / 56 -64 -71 -76 / 57 64 69 72 / 55 65 71 74 / 53 67 73 76 / 52 -67 -73 -76 / 50 69 74 77 / 71 -50 -74 -77 / 52 67 72 76 / 53 69 -72 -76 / 55 67 71 74 / 55 67 71 74 <END> 
<S> 50 69 74 77 / 71 -50 -74 -77 / 52 67 72 76 / 53 69 -72 -76 / 55 67 71 74 / 57 64 69 72 / 57 -57 -64 -72 / 59 62 67 74 / 66 -59 -62 -74 / 55 59 67 79 / 69 -55 -59 -79 / 57 60 69 77 / 59 62 -69 -77 <END> 
<S> 57 64 69 72 / 65 -57 -69 -72 / 55 62 67 71 / 53 59 62 67 / 52 60 67 -53 / 50 65 69 -60 / 59 -50 -65 -69 / 48 60 64 67 / 48 60 64 67 <END> 
<S> 50 62 65 69 / 60 62 69 -65 / 59 62 67 71 / 60 -62 -67 -71 / 55 60 67 72 / 62 71 -55 -67 / 48 64 67 69 / 50 62 66 -69 / 60 -50 -66 -69 / 55 59 62 67 <END> 
<S> -74 62 67 69 / 50 66 -62 -69 / 43 62 67 71 / 55 59 62 67 / 53 -59 -62 -67 / 52 55 60 67 / 50 65 -55 -60 / 48 55 60 64 / 46 -55 -60 -64 / 41 57 60 62 / 43 55 -60 -62 / 53 -43 59 -62 / 36 52 55 60 / 48 52 55 60 <END> 
<S> 45 48 57 65 / 47 50 55 -65 / 48 53 57 / 69 -53 -57 52 / 60 72 -45 -57 / 43 55 59 71 / 41 -55 -59 -71 / 40 55 60 64 / 36 -55 -60 -64 / 41 57 62 -60 / 38 -57 -60 -62 / 43 55 59 -62 / 53 -43 -59 -62 / 36 52 55 60 / 0 <END> 
<S> 41 57 60 62 / 38 -57 -60 -62 / 43 55 59 -62 / 53 -43 -59 -62 / 36 52 55 60 / 0 / 48 55 60 64 / 46 -55 -60 -64 / 45 57 60 65 / 53 -45 -57 -60 / 47 50 62 65 / 55 -50 -62 -65 / 48 55 64 -62 / 57 -48 -55 -64 <END> 
<S> 48 55 60 64 / 47 -55 -60 -64 / 45 57 60 65 / 43 55 59 -65 / 47 55 62 67 / 48 60 -55 -67 / 50 55 62 69 / 52 -55 -62 -69 / 50 54 69 -62 / 60 -38 -54 -69 / 43 50 59 67 / 47 50 62 67 <END> 
<S> 50 57 64 69 / 55 -45 -64 -72 / 53 53 62 -69 / 71 -53 -53 -69 / 52 60 67 / 50 58 65 -67 / 48 57 65 69 / 47 62 -65 -69 / 48 64 67 -69 / 50 62 66 71 / 52 60 67 72 / 59 62 -67 -72 / 57 60 69 72 / 55 62 71 74 / 53 59 62 74 / 52 60 76 -70 / 53 68 74 -60 / 55 59 67 -74 / 56 60 65 -74 / 72 -56 -60 -65 <END> 
<S> 55 62 67 71 / 53 -62 -67 -71 / 52 60 67 72 / 53 69 -60 -72 / 52 65 71 74 / 50 -65 -71 -74 / 48 67 72 76 / 65 71 74 -48 / 60 67 72 76 / 53 69 74 77 / 55 67 71 74 / 0 / 52 68 71 76 / 74 -52 -68 -71 <END> 
<S> 47 65 74 -72 / 67 76 -74 / 65 69 74 / 64 67 -74 / 62 65 71 77 / 60 64 72 79 / 62 71 74 -79 / 57 69 72 76 / 78 -57 -72 / 50 62 71 77 / 52 67 -62 -77 / 53 62 69 81 / 55 64 -69 -69 <END> 
<S> 59 67 74 79 / 57 65 71 -79 / 59 62 67 74 / 57 -62 -67 -74 / 55 62 71 76 / 57 72 -62 -71 / 55 64 71 74 / 62 -55 -71 -74 / 52 64 67 71 / 62 -52 -67 -71 / 57 60 69 -67 / 65 -57 -60 -69 / 59 62 67 -65 / 60 -59 -62 -67 / 60 64 -67 / 59 62 67 74 / 57 60 69 -74 <END> 
<S> 59 62 67 71 / 64 72 -59 -67 / 40 60 66 72 / 59 62 67 71 / 64 -59 -67 -71 / 57 65 69 72 / 55 62 71 74 / 64 76 -55 -71 / 65 69 -55 -74 / 0 / 69 72 76 / 71 74 -64 / 69 72 76 / 59 67 74 79 / 65 -59 -74 -79 <END> 
<S> 57 64 69 72 / 59 62 74 -69 / 60 67 76 / 77 -60 -67 / 59 62 67 79 / 76 -62 -67 -79 / 55 67 71 74 / 62 66 74 81 / 64 67 -74 -81 / 65 81 81 -81 / 64 67 79 58 / 80 -64 81 / 50 65 74 -81 / 71 -50 -74 -81 / 72 -50 -65 -81 / 55 67 74 -72 <END> 
<S> 62 67 76 / 69 77 / 60 67 76 / 50 -60 -67 -76 / 52 60 67 76 / 53 -60 -67 -76 / 55 59 67 74 / 56 65 71 -74 / 57 64 72 / 74 -57 -64 -67 / 59 65 74 / 57 72 76 -74 / 64 71 76 -76 / 62 68 -71 -76 / 57 60 69 77 <END> 
<S> 53 65 69 72 / 64 -53 -69 -72 / 54 62 69 74 / 72 -54 -62 -69 / 55 62 71 -69 / 67 -55 -62 -71 / 50 62 66 69 / 51 59 66 71 / 52 59 64 67 / 54 57 62 72 / 55 59 62 71 / 72 -55 -59 -62 <END> 
<S> 50 62 66 69 / 62 -50 -66 -69 / 43 59 62 67 / 48 60 64 67 / 47 55 62 67 / 48 55 64 69 / 71 -55 -64 -69 / 72 -54 -64 -69 / 50 62 66 71 / 55 59 62 67 <END> 
<S> 48 55 64 72 / 47 62 -55 -69 / 48 60 -55 -67 / 50 55 62 67 / 71 -50 -62 -67 / 38 57 66 72 / 52 59 67 -72 / 54 57 69 72 / 55 62 -69 -72 / 54 62 69 -72 / 55 62 67 71 / 64 -55 -62 -71 / 54 60 62 69 / 66 60 -54 -69 <END> 
<S> 54 57 69 72 / 52 62 67 71 / 50 -62 -67 -71 / 52 64 67 72 / 54 -64 -67 -72 / 55 62 67 71 / 59 -55 -62 -67 / 48 55 64 69 / 47 62 67 71 / 45 60 72 -67 / 66 -45 -60 -72 / 47 62 67 71 / 48 60 67 69 / 50 62 -67 -69 <END> 
<S> 48 64 67 72 / 55 62 71 -67 / 69 -55 -62 -67 / 64 67 -55 -71 / 54 62 69 74 / 59 67 74 / 65 -59 -74 / 45 60 72 76 / 55 74 -72 / 43 71 -55 -74 / 65 -43 -55 -71 / 48 55 64 72 <END> 
<S> 48 67 76 -62 / 60 -48 -67 -76 / 43 60 67 74 / 59 -43 -67 -74 / 48 64 67 72 / 60 67 72 76 / 59 -67 -72 -76 / 57 69 72 77 / 59 67 74 79 / 61 76 -67 -79 <END> 
<S> / 60 67 74 / 59 -60 -67 -74 / 60 67 76 / 59 -60 -67 -76 / 57 60 65 77 / 55 59 67 76 / 53 57 69 74 / 50 65 -57 -74 / 52 64 67 -74 / 53 69 -64 45 / 55 -69 -72 -76 / 53 62 70 77 / 76 -62 -70 -77 <END> 
<S> 53 57 69 74 / 50 72 -57 -74 / 52 70 -57 -74 / 57 69 73 76 / 67 -57 -73 -76 / 50 65 69 74 / 58 65 70 74 / 57 -65 -70 -74 / 55 62 69 72 / 54 -62 -69 -72 / 55 62 67 71 / 53 59 62 67 / 52 60 -67 <END> 
<S> 53 65 69 74 / 59 64 -53 -74 / 52 60 69 -69 / 50 68 -60 -74 / 57 62 72 -69 / 67 71 -57 -72 / 55 69 72 / 62 -55 -72 / 60 64 67 -72 / 59 62 -67 -72 / 57 60 66 72 / 55 59 67 74 / 65 -55 -59 -74 <END> 
<S> 54 62 69 74 / 62 -54 -69 -74 / 55 62 71 -69 / 67 -55 -62 -71 / 50 66 69 74 / 59 -66 -69 -74 / 52 61 -69 79 / 50 62 69 77 / 50 -62 -69 -77 / 52 62 67 71 / 76 -57 -62 -67 / 50 57 69 74 / 55 62 71 59 / 67 -55 -59 -71 <END> 
<S> 50 62 69 78 / 55 62 71 79 / 57 72 76 / 59 67 -72 / 60 64 69 72 / 62 65 69 77 / 59 -62 -69 -77 / 60 64 67 76 / 62 65 69 -76 / 64 67 71 <END> 
<S> 57 64 72 / 55 59 -72 / 53 57 -72 -72 / 52 55 71 -60 / 50 62 65 69 / 49 64 -62 -69 / 67 71 -57 -64 / 50 57 65 74 / 59 62 67 74 / 52 60 67 76 / 50 59 -67 -76 / 48 67 -59 76 / 47 74 -67 -64 / 45 64 69 72 / / 65 77 -72 <END> 
<S> 41 59 67 74 / 50 -59 -67 -74 / 52 60 67 72 / 53 62 69 71 / 47 62 67 69 / 45 60 64 69 / 50 53 65 -69 / 52 64 67 -57 / 62 71 -57 -67 / 55 59 62 67 / 57 60 64 72 / 55 -57 -64 -72 / 55 62 71 / 60 64 -55 -71 / 65 -55 -60 -74 / 59 -55 -65 -74 / 48 55 64 72 / 55 71 74 -55 <END> 
<S> 50 57 62 65 / 60 64 -57 -60 / 59 57 62 65 / 57 60 64 / 55 59 62 / 53 -59 -62 -62 / 52 58 60 64 / 53 57 -60 -63 / 55 58 62 <END> 
<S> 55 62 67 / 60 64 -55 -67 / 43 59 62 65 / 55 59 62 67 / 53 57 60 69 / 52 59 65 -69 / 64 -52 -60 -69 / 50 62 66 71 / 48 55 64 72 / 57 60 65 74 / 59 -55 -65 -74 <END> 
<S> 50 57 62 66 / 55 59 62 67 / 60 66 69 -55 / 59 62 67 71 57 / 60 63 81 -67 / 59 62 67 79 / 57 60 69 -79 / 55 62 71 79 / 54 60 -71 -79 / 52 67 72 79 / 50 69 74 -79 / 71 -50 -74 -79 / 72 -50 -76 -81 <END> 
