<S> 59 62 74 79 / 55 64 72 79 / 65 71 -55 -79 / 48 64 72 79 / 81 -48 -64 -72 / 50 62 65 82 / 52 67 -62 -82 / 53 60 69 81 / 65 70 -53 -81 / 48 65 72 79 / 64 -48 -72 -79 / 53 69 72 77 / 47 67 74 79 <END> 
<S> 53 60 69 81 / 65 70 -53 -81 / 48 65 72 79 / 64 -48 -72 -79 / 53 69 72 77 / 47 67 74 79 / 48 67 72 76 / 65 74 -48 -72 / 64 67 72 -48 / 47 62 74 -67 / 45 60 72 76 / 47 71 -60 -76 / 48 62 67 -76 / 50 -62 -67 -74 <END> 
<S> 67 72 74 / 65 -67 -72 -74 / 55 67 71 74 / 53 -67 -71 -74 / 52 67 71 74 / 65 -52 -71 -74 / 57 64 69 72 / 71 -57 -64 -72 / 52 60 72 -69 / 71 -52 -60 -67 / 53 60 69 -67 / 65 -53 -60 -69 / 55 59 67 -65 / 60 64 -55 -67 / 43 55 62 -60 / 59 -43 -55 -62 <END> 
<S> 57 69 72 / 64 -57 -72 / 59 62 74 -56 / 57 60 64 -50 / 65 -57 -60 -72 / 55 59 67 74 / 53 -59 -67 -74 / 52 60 67 72 / 50 62 71 -67 / 48 64 67 69 / 50 62 66 -69 / 60 -50 -66 -69 / 55 59 62 67 / 52 55 64 72 / 62 -52 -55 -72 <END> 
<S> 48 64 67 69 / 50 62 66 -69 / 60 -50 -66 -69 / 55 59 62 67 / 52 60 67 72 / 54 69 -60 -72 / 55 62 67 71 / 59 -55 -62 -67 / 48 60 64 67 / 47 62 -60 -67 / 48 52 60 67 / 59 -52 -48 -67 <END> 
<S> 48 55 64 72 / 62 71 -55 -48 / 52 55 60 72 / 50 59 65 74 / 48 64 67 72 / 60 64 67 / 60 65 -60 -72 / 55 67 -60 -72 / 59 74 -55 -67 / 64 -55 -59 -74 / 65 -55 -60 -74 / 60 64 67 -55 / 48 -60 -64 -67 / 53 57 64 72 / 55 59 67 74 <END> 
<S> 55 59 67 74 / 60 64 67 72 / 62 -60 -67 -72 / 60 66 69 -60 / 59 62 67 71 / 52 64 67 72 / 54 62 69 -72 / 55 62 67 71 / 53 59 62 67 / 52 60 67 72 / 50 69 -60 -72 / 48 64 71 79 / 50 65 72 77 / 52 60 72 76 / 53 69 -60 -76 <END> 
<S> 55 62 69 72 / 57 66 -72 / 55 59 67 74 / 60 67 76 / 58 -60 -67 -76 / 56 60 65 77 / 55 67 -60 -77 / 53 65 69 72 / 71 74 -53 -65 / 55 67 72 76 / 57 -67 -72 -76 / 59 69 74 / 50 65 -69 -74 / 52 67 71 79 / 65 -52 -71 -79 <END> 
<S> 55 62 67 71 / 53 60 65 69 / 62 -53 -65 -69 / 60 64 67 / 58 -64 -64 / 57 60 65 77 / 59 62 67 -77 / 60 64 76 -67 / 72 -60 -64 -76 / 55 67 74 -72 / 71 -55 -67 -74 / 48 67 72 76 / 59 67 74 / 65 -59 -67 -74 <END> 
<S> 57 60 64 72 / 65 -57 -60 -72 / 59 62 67 74 / 58 61 -67 -74 / 60 64 76 / 57 -60 -64 -76 / 77 61 -60 -69 / 52 60 67 79 / 50 -60 -67 -79 / 52 60 67 79 / 53 -60 -67 -79 / 55 59 67 74 / 52 -55 -59 -74 / 45 57 60 72 / 47 -57 -60 -72 / 48 56 64 71 <END> 
<S> 57 60 67 76 / 55 -60 -60 -76 / 53 60 69 74 / 50 59 -74 -74 / 52 67 76 -60 / 53 57 69 74 / 50 65 69 -74 / 52 64 70 79 / 62 64 71 -79 / 53 60 69 77 / 0 / 52 60 67 79 / 50 -60 -67 -79 / 52 60 72 79 / 70 -52 -60 -79 <END> 
<S> 52 60 67 79 / 50 60 69 77 / 71 -50 -60 -77 / 48 67 72 76 / 55 67 71 74 / 55 62 71 74 / 53 -62 -71 -74 / 52 67 72 76 / 53 -67 -72 -76 / 55 67 74 -72 / 71 -55 -67 -74 / 65 -55 -67 -74 <END> 
<S> 55 62 71 74 / 53 67 71 74 / 52 -67 -71 -74 / 50 65 69 72 / 71 -50 -65 -69 / 48 64 69 72 / 47 74 -69 / 57 67 -47 -74 / 52 59 68 76 / 50 57 65 -59 / 59 -50 -57 -65 / 57 60 64 -50 / 57 60 65 -57 <END> 
<S> 55 67 69 74 / 71 -55 -67 -74 / 52 64 71 72 / 57 64 69 72 / 67 -57 -64 -72 / 50 62 65 71 / 62 69 -50 -62 / 52 55 62 67 / 60 -52 -55 -67 / 53 57 60 69 / 51 55 -60 -69 / 50 53 62 71 / 55 -50 -62 -71 <END> 
<S> 55 62 71 / 52 -55 -62 -71 / 50 54 62 69 / 55 -50 -62 -69 / 43 59 62 67 / 59 -43 -55 -64 / 57 62 69 / 59 62 -53 -69 / 50 -59 -62 -69 / 52 60 67 72 / 53 57 65 -72 / 64 -53 -60 -72 / 55 60 69 74 / 59 -55 -69 -74 / 48 60 64 72 / 74 -48 -64 -67 <END> 
<S> -75 / 59 74 -67 / 60 69 76 / 66 -60 -69 -76 / 55 59 67 74 / 66 69 -59 -74 / 60 67 -66 -74 / 66 74 -60 -67 / 59 62 67 74 / 57 60 72 76 / 77 -57 -60 -72 / 55 67 72 74 / 71 -55 -67 -74 / 65 -55 -71 -74 / 56 62 71 <END> 
<S> 60 67 76 / 62 -60 -67 -76 / 48 64 72 79 / 71 -48 -64 -79 / 50 65 69 77 / 71 -50 -65 -77 / 52 67 72 76 / 55 74 -52 -72 / 53 57 70 72 / 55 59 67 74 / 65 -55 -59 -74 / 60 64 67 76 / 58 62 -67 -76 / 57 60 69 76 <END> 
<S> 53 65 69 72 / 60 65 69 74 / 58 64 67 76 / 57 65 69 77 / 55 64 70 79 / 53 65 69 81 / 71 -53 -65 -81 / 60 64 72 79 / 62 77 -60 -72 / 61 64 79 79 / 62 65 -79 -79 / 67 79 -62 -79 / 60 -67 -74 <END> 
<S> 58 65 74 / 67 -58 -58 -74 / 57 60 69 -74 / 55 62 67 71 / 53 -62 -67 -71 / 52 60 67 79 / 50 -60 -67 -79 / 48 60 67 76 / 72 -48 -60 -76 / 55 67 71 74 / 53 69 -67 -74 / 52 67 72 / 70 -57 -67 / 52 60 67 72 / 53 69 74 -60 / 55 59 67 -74 <END> 
<S> 52 67 72 / 70 -52 -67 -72 / 53 65 69 72 / 71 74 -53 -65 / 48 64 72 76 / 65 -48 -72 -76 / 55 67 71 74 / 52 67 73 76 / 50 69 74 77 / 52 67 72 76 / 53 69 74 -72 / 55 67 71 -74 / 43 67 72 76 / 74 77 -55 -67 <END> 
<S> 69 67 71 74 / 50 -67 -71 -74 / 55 62 72 74 / 57 66 -72 -74 / 59 67 71 74 / 55 67 71 74 / 71 -67 -71 -74 / 57 67 72 76 / 59 -67 -72 -76 / 57 60 72 77 / 59 62 67 79 / 69 -59 -62 -79 / 61 64 69 79 <END> 
<S> 57 64 72 81 / 62 65 -72 -81 / 67 71 74 79 / 60 67 72 76 / 59 67 74 79 / 60 -67 -74 -79 / 59 67 74 79 / 73 76 -67 <END> 
<S> 47 62 67 79 / 65 -47 -67 -79 / 52 67 72 / 69 -52 -67 -72 / 53 65 69 -72 / 50 65 69 74 / 64 -50 -69 -74 / 55 62 71 74 / 64 -55 -71 -74 / 65 -55 -71 -74 / 72 -55 -65 -71 / 48 64 67 72 / 60 -48 -67 -72 <END> 
<S> 55 62 71 74 / 55 67 72 76 / 65 -55 -72 -76 / 57 64 71 76 / 69 -57 -64 -76 / 59 62 67 74 / 67 -59 -62 -74 / 60 64 67 76 / 62 69 78 -67 / 64 71 79 / 57 -64 72 <END> 
<S> 57 64 72 / 50 65 -72 / 52 67 71 / 53 64 69 -52 / 55 62 70 77 / 53 -62 -70 -77 / 52 62 70 79 / 77 -52 -62 -70 / 48 60 67 76 / 53 69 -60 -76 / 55 59 67 74 / 52 60 67 79 / 50 60 65 77 / 62 -50 -65 -77 <END> 
<S> 52 60 67 79 / 62 -52 -67 -79 / 76 -55 -62 -67 / 50 69 74 77 / 71 -50 -74 -77 / 52 67 72 76 / 53 69 -72 -76 / 55 67 72 74 / 53 59 -67 -74 / 52 60 67 72 / 50 53 -60 -72 / 52 55 67 74 / 48 64 67 72 <END> 
<S> 55 67 70 74 / 53 -67 -70 -74 / 51 67 70 74 / 50 59 -67 -74 / 51 60 67 75 / 53 -60 -67 -75 / 55 59 67 74 / 72 -55 -59 -74 / 65 -55 -59 -72 / 56 59 65 72 / 55 59 -65 -72 / 60 63 68 72 / 62 -60 -69 -72 <END> 
<S> 55 59 62 67 / 60 -55 -67 / 43 62 67 71 / 43 59 62 74 / 55 62 67 71 / 48 63 67 72 / 60 67 72 75 / 58 -67 -72 -75 / 68 72 -58 -76 / 62 65 -72 -75 / 60 67 70 75 / 63 -60 -72 -75 <END> 
<S> 48 63 67 72 / 60 63 72 79 / 58 65 74 82 / 63 72 75 79 / 70 -63 -75 -79 / 59 68 75 79 / 51 77 -75 55 / 70 72 75 53 68 74 77 / 63 75 79 <END> 
<S> 63 72 79 -67 / 56 60 65 -75 / 58 62 70 77 / 68 -58 -62 -77 / 51 63 67 75 / 55 65 70 75 / 56 -65 -70 -75 / 58 68 70 74 / 68 -58 -74 -77 / 51 67 72 75 / 70 74 -51 -67 / 65 68 72 <END> 
<S> 58 65 74 / 56 -58 -65 -74 / 55 63 72 -58 / 53 -55 -72 -75 / 51 67 70 72 / 50 -67 -70 / 51 58 -67 -72 / 48 63 69 -67 / 45 61 65 -69 / 46 62 -65 -69 / 51 60 67 -65 / 58 64 -51 -67 / 56 60 65 -51 / 55 58 67 75 <END> 
<S> 46 62 65 70 / 51 63 67 -70 / 69 -51 -63 -67 / 50 65 69 72 / 71 -50 -65 -77 / 48 67 72 75 / -60 -67 -72 -75 / 67 70 74 -60 / 58 65 68 74 / 56 63 68 72 / 55 65 70 75 / 53 -55 -70 -75 <END> 
<S> 48 67 70 75 / 65 74 -70 / 63 67 72 / 62 74 -67 -72 / 60 67 72 75 / 62 65 72 77 / 70 -62 -65 -77 / 63 70 79 -77 / 62 -63 -70 -79 / 60 63 70 79 / 58 -63 -70 -79 / 56 63 72 77 / 58 62 70 -77 / 68 -58 -62 -77 <END> 
<S> 58 63 70 79 / 68 -58 -63 -79 / 63 70 79 / 55 -63 -70 -79 / 56 63 72 77 / 53 -63 -72 -77 / 58 62 70 77 / 51 67 70 75 / 50 70 -67 -75 / 46 65 68 74 / 63 72 -68 -68 / 62 65 70 77 / 63 -62 -70 -77 <END> 
<S> 51 67 70 75 / 53 -67 -70 -75 / 55 58 -67 -75 / 56 60 65 77 / 50 62 -65 -77 / 51 63 67 79 / 53 60 68 77 / 59 67 74 -77 / 55 67 72 75 / 71 -55 -67 -75 / 51 67 72 -75 / 53 -67 -72 -75 / 55 67 71 74 / 51 67 70 79 <END> 
<S> 60 63 75 -67 / 69 -60 -63 -75 / 55 71 -60 -75 / 56 60 72 77 / 55 70 -60 -77 / 53 65 68 74 / 59 -53 -65 -69 / 48 60 63 69 / 67 -48 -60 -75 / 58 -48 -67 -75 / 53 57 65 72 / 51 58 67 79 / 50 60 77 -79 / 48 63 72 79 / 50 65 -72 -79 / 52 67 72 79 / 53 -67 -72 -79 <END> 
<S> 48 60 64 72 / 50 65 72 74 / 71 -50 -65 -74 / 48 67 72 75 / 50 -67 -72 -75 / 51 67 72 75 / 53 -67 -72 -75 / 55 67 70 75 / 56 60 68 77 / 58 62 -68 -77 / 60 63 67 75 / 65 -60 -75 -75 / 67 75 -60 -67 / 59 68 74 77 <END> 
<S> 56 60 65 77 / 55 -60 -65 -77 / 53 62 70 55 / 46 -62 -70 -79 / 53 63 70 79 / 55 -63 -70 -79 / 56 65 72 77 / 70 -56 -65 -77 / 58 70 75 77 / 68 74 -58 -65 / 59 67 74 79 / 60 65 59 79 / 60 63 75 79 / 58 62 -75 -79 / 56 60 72 77 / 62 -56 -72 -77 <END> 
<S> 60 63 68 75 / 62 65 -60 -75 / 63 79 -60 -65 / 59 62 -65 -79 / 60 63 67 75 / 62 65 -67 -75 / 63 67 70 75 / 75 -67 -70 -75 / 53 68 72 77 / 67 -53 -72 -77 / 58 70 74 77 / 68 -58 -74 -77 / 60 67 72 75 / 58 -67 -72 -75 <END> 
<S> 58 68 74 77 / 68 75 -58 -68 / 51 67 70 75 / 51 67 70 75 / 63 70 79 / 62 65 70 77 / 60 67 75 -65 / 58 62 70 79 / 57 63 72 77 / 55 62 71 79 / 60 -56 -71 -79 / 74 -60 -67 -79 / 56 60 68 77 <END> 
<S> 63 68 70 75 / 62 65 -70 -75 / 63 67 72 75 / 65 74 -72 / 60 63 72 75 / 58 62 70 77 / 56 60 72 77 / 55 70 -60 -77 / 53 68 72 75 / 74 -53 -68 -72 / 55 67 72 75 / 43 65 71 74 -55 <END> 
<S> 56 60 72 77 / 68 -56 -60 -77 / 55 67 72 75 / 53 68 77 -72 / 50 65 71 77 / 48 67 72 75 / 55 59 67 74 / 60 63 67 / 59 62 -67 / <END> 
<S> 51 67 72 75 / 53 -67 -72 -75 / 55 67 71 74 / 65 -55 -71 -74 / 56 63 72 / 70 -56 -63 -72 / 55 65 68 74 / 53 75 -65 -68 / 77 -53 -65 -68 / 55 58 67 75 / 56 60 -67 -75 <END> 
<S> 56 63 68 72 / 61 -63 -68 -72 / 60 63 68 -72 / 58 -64 -68 -72 / 61 65 70 -58 / 64 -61 -70 -70 / 56 65 70 72 / 74 -56 -65 -70 / 53 58 -70 75 / 58 74 -58 -70 / 51 70 -58 -75 / 51 72 -70 -75 <END> 
<S> 58 63 70 79 / 60 -63 -70 -79 / 58 62 70 77 / 62 -58 -62 -77 / 60 63 70 75 / 65 -60 -63 -75 / 58 67 74 / 68 -58 -74 / 51 58 67 75 / 63 67 -51 -58 / 53 56 65 68 / 51 58 67 70 / 55 58 63 70 / 61 -55 -70 <END> 
<S> 51 67 63 67 / 48 63 -67 -70 / 53 56 65 68 / 51 55 63 -68 / 53 56 68 -67 / 55 65 -63 -68 / 55 63 67 70 / 53 65 -63 -70 / 51 58 -65 -70 / 53 63 69 72 / 51 -63 -69 -72 / 53 63 68 72 / 67 -53 -63 -72 / 58 65 74 / 56 60 65 -74 / 55 58 67 75 / 53 68 -58 -75 <END> 
<S> 51 58 67 70 / 65 -51 -58 -70 / 67 -51 -58 -70 / 56 -58 -65 -68 / 60 63 67 72 / 58 62 -67 -72 / 56 60 65 72 / 55 67 -60 -72 / 53 60 68 74 / 55 59 67 -74 / 56 60 65 -74 / 72 -56 -60 -65 / 55 62 67 70 / 50 62 65 70 / 51 60 67 -65 / 53 60 69 -65 <END> 
<S> 56 60 67 72 / 65 -56 -60 -72 / 55 62 67 71 / 53 -62 -67 -71 / 51 60 67 72 / 48 -60 -67 -72 / 55 67 74 -60 / 59 -55 -67 -74 / 51 60 67 75 / 48 67 72 75 <END> 
<S> 48 60 67 75 / 60 72 -67 -75 / 55 67 71 74 / 0 / 51 70 70 79 / 53 65 -70 80 / 55 -65 -70 -77 / 56 65 72 77 / 58 -65 -72 -80 / 60 67 70 75 / 65 -60 -67 -75 <END> 
<S> 51 70 79 -65 / 63 -51 -70 -79 / 53 62 68 77 / 55 -62 -65 -77 / 56 60 68 77 / 59 -56 -68 -77 / 60 67 72 75 / 53 -60 -72 -75 / 55 67 71 74 / 47 67 74 / 65 -47 -74 <END> 
<S> 56 60 65 77 / 55 67 72 -77 / 53 68 74 77 / 71 75 -68 -68 / 55 67 72 75 / 53 -67 -72 -75 / 55 67 71 74 / 65 -55 -71 -74 / 48 63 67 72 / 53 65 69 75 <END> 
<S> 55 67 72 75 / 53 -67 -72 -75 / 55 67 71 74 / 65 -55 -71 -74 / 48 63 67 72 / 53 65 70 74 / 51 63 67 72 / 53 65 68 74 / 55 63 67 70 / 65 -55 -67 -70 <END> 
<S> 56 63 72 -70 / 55 68 -63 -72 / 53 68 74 -68 / 58 67 -74 / 65 68 -58 -74 / 56 63 67 72 / 55 65 74 -72 / 53 67 70 75 / 51 68 72 -75 / 50 74 77 -68 / 67 70 -50 -77 / -68 -50 -70 -77 / 51 70 75 79 / 67 70 -75 -79 / 65 68 77 -51 <END> 
<S> 58 65 70 74 / 56 -65 -70 -74 / 55 67 70 75 / 53 -67 -70 -75 / 51 65 70 77 / 50 -65 -70 -77 / 51 63 70 79 / 72 -51 -63 -79 / 53 62 68 77 / 51 63 67 75 / 55 60 65 -75 / 67 -55 -60 -75 / 53 60 68 74 / 55 59 67 -74 / 65 -55 -59 -74 <END> 
<S> 56 65 68 72 / 74 -56 -65 -68 / 60 64 67 75 / 55 59 67 74 / 53 -59 -67 -74 / 51 60 67 79 / 53 -60 -67 -79 / 55 59 67 74 / 56 60 71 77 / 65 -56 -60 -77 / 55 59 67 75 / 53 -59 -67 -75 <END> 
<S> 59 62 67 74 / 55 60 67 75 / 56 60 68 -75 / 55 62 67 75 / 53 -62 -67 -75 / 51 60 67 75 / 53 -60 -67 -75 / 55 59 67 74 / 55 59 67 74 / 65 -55 -59 -74 <END> 
<S> 56 60 63 72 / 65 -56 -60 -72 / 55 62 67 71 / 53 -62 -67 -71 / 51 63 67 72 / 53 65 69 -72 / 46 65 69 74 / 58 64 67 70 / 65 -58 -70 / 56 64 70 72 / 55 65 42 -72 <END> 
<S> 46 62 65 70 / 51 63 67 70 / 53 63 69 72 / 62 -53 -69 -72 / 55 62 71 79 / 60 63 67 79 / 59 62 74 77 <END> 
<S> 51 63 67 72 / 60 -51 -67 -72 / 53 65 68 -72 / 63 -53 -68 -72 / 62 -53 -63 -68 / 60 63 67 / 58 -60 -67 -79 / 56 60 72 77 / 55 71 -60 -77 / 53 60 68 74 / 76 -53 -60 -68 <END> 
<S> 56 60 72 77 / 55 -60 -72 -77 / 53 68 70 -77 / 75 -53 -68 -77 / 58 67 70 74 / 62 65 -70 77 / 55 63 70 79 / 53 -63 -70 -79 / 51 63 70 79 / 55 67 -70 -79 / 56 72 77 -70 / 53 68 -72 -77 <END> 
<S> 58 63 70 77 / 62 -58 -70 -77 / 60 63 69 77 / 58 62 70 77 / 56 -62 -70 -77 / 55 63 70 79 / 53 -63 -70 -79 / 51 63 70 79 / 55 58 -70 -79 / 56 60 68 77 <END> 
<S> 53 63 72 77 / 60 79 -53 -72 / 58 62 70 77 / 51 63 70 79 / 62 77 -51 -70 / 56 60 72 77 / 55 70 -60 -77 / 53 60 68 77 / 74 -53 -68 -77 / 55 63 72 75 / 56 65 -72 -75 <END> 
<S> 56 60 68 77 / 53 -60 -68 -77 / 52 60 67 79 / 58 -52 -67 -79 / 53 60 68 77 / 55 59 67 -77 / 56 60 65 72 / 74 -56 -60 -65 / 55 60 67 75 / 53 -60 -67 -75 / 55 60 67 74 / 59 -55 -67 -74 / 48 63 67 72 / 60 63 67 72 <END> 
<S> 53 60 69 74 / 55 -60 -69 -74 / 54 60 -69 -74 / 72 -54 -60 -69 / 55 62 67 71 / 48 63 67 72 / 60 63 67 75 / 58 62 70 77 56 56 -62 -70 / 55 55 63 70 / 53 56 68 72 / 51 74 -56 -68 / 50 58 65 -74 <END> 
<S> 60 63 67 75 / 58 62 -67 -75 / 56 60 72 77 / 55 70 -60 -77 / 53 65 68 72 / 74 -53 -65 -68 / 48 63 67 75 / 69 -48 -63 -75 / 50 65 70 74 / 51 -65 -70 -74 / 53 65 69 72 / 70 -53 -65 -69 / 60 67 72 75 / 58 -67 -72 -75 / 56 60 72 75 / 55 70 -60 -75 <END> 
<S> 46 67 70 74 / 65 -46 -70 -74 / 51 63 67 70 / 62 65 -51 -70 / 67 60 63 68 / 58 65 -60 -68 / 57 60 65 72 / 60 -60 -65 -72 / 61 67 70 79 / 58 -61 -70 -79 / 56 60 72 77 / 58 62 79 -77 / 60 63 72 75 / 58 65 74 -75 / 56 -65 -70 -74 <END> 
