<S> 55 62 67 70 / 65 -55 -62 -70 / 56 60 63 72 / 62 65 -56 -72 / 51 63 67 70 / 53 68 -63 -70 / 55 63 70 75 / 56 65 -70 -75 / 58 67 70 75 / 65 -58 -70 -75 / 63 -58 -70 -75 / 46 65 70 74 / 51 67 70 75 / 51 67 70 75 <END> 
<S> 58 67 70 / 65 -58 -70 / 63 67 70 / 61 65 69 -79 / 62 70 77 -65 / 62 70 -65 -77 / 63 70 79 -65 / 63 70 79 -65 / 63 70 79 / 63 -63 -70 -79 / 58 70 77 -63 / 62 -58 -70 -77 / 68 -58 -62 -77 / 51 63 67 75 <END> 
<S> 57 72 77 -65 / 53 62 70 -77 / 46 -62 -70 -77 / 51 63 70 -57 / 55 63 70 75 / 61 -63 -70 -75 / 56 65 70 72 / 74 -56 -65 -70 / 48 63 72 79 / 50 65 72 77 / 71 -50 -65 -77 / 51 67 72 75 / 53 -67 -72 -75 <END> 
<S> 58 65 74 -68 / 67 -58 -74 -74 / 56 65 72 75 / 55 70 42 -75 / 56 72 -70 -75 / 58 77 -72 -75 / 53 68 74 -77 / 47 62 74 77 / 48 75 -72 -77 / 50 65 77 -72 / 50 62 71 -77 / 48 67 72 75 / 51 -67 -72 -75 / 60 67 72 -51 / 50 -67 -72 / 63 -50 -67 -72 / 62 65 -56 -72 / 47 60 67 -65 / 48 63 67 72 / 55 62 67 71 <END> 
<S> 48 67 72 75 / 63 -48 -67 -72 / 55 67 71 74 / 53 -67 -71 -74 / 51 67 72 79 / 70 -51 -67 -79 / 53 60 68 77 / 55 67 75 -60 / 53 60 65 74 / 59 -53 -65 -74 / 48 60 63 68 / 50 -60 66 -68 / 51 58 67 / 50 53 -67 70 <END> 
<S> 53 60 68 74 / 55 59 67 -74 / 56 60 -67 -74 / 72 -56 -60 -67 / 55 62 67 71 / 53 59 62 67 / 51 60 67 / 59 -51 -60 -67 / 53 56 60 68 / 51 55 -60 -68 / 50 53 59 68 / 51 58 -53 -68 / 50 53 -58 -68 / 51 55 60 67 / 58 -52 -55 -67 <END> 
<S> 55 60 67 75 / 53 -60 -67 -75 / 55 59 67 74 / 65 -55 -59 -74 / 48 60 63 72 / 55 62 67 70 / 60 63 67 75 / 58 62 -67 -75 / 57 60 65 75 / 58 65 74 / 60 68 -46 -74 / 58 62 67 74 / 65 -58 -62 -74 <END> 
<S> 62 65 70 -56 / 55 63 -70 -70 / 53 65 68 70 / 51 63 67 70 / 48 63 68 72 / 49 -63 -68 -72 / 51 63 70 -68 / 67 -51 -63 -70 / 44 56 65 72 / 63 -44 -56 -72 / 46 62 65 70 / 48 67 -65 -72 <END> 
<S> 51 63 67 72 / 53 -63 -67 -72 / 55 62 67 70 / 60 63 67 / 58 64 67 72 / 65 56 -68 -72 / 55 67 70 74 / 53 -67 -70 -74 / 51 67 70 72 / 50 74 -67 -72 / 48 67 72 75 / 50 -67 -72 -75 / 51 67 70 75 / 53 -67 -70 -75 <END> 
<S> 48 63 72 75 / 56 65 -72 -75 / 55 67 71 74 / 53 67 70 / 51 63 70 79 / 53 -63 -70 -79 / 55 58 70 79 / 56 60 -70 -79 / 58 62 65 74 / 67 75 -58 -62 / 59 62 74 77 / 60 67 72 75 / 58 67 74 77 <END> 
<S> 56 60 68 77 / 58 62 70 -77 / 68 -58 -62 -77 / 60 63 67 75 / 55 59 67 74 / 55 59 67 74 / 60 67 75 / 58 -60 -67 -75 / 56 60 65 75 / 58 67 74 / 63 -58 -67 -74 <END> 
<S> 60 63 68 75 / 62 65 70 -75 / 63 68 72 75 / 55 67 71 74 / 55 67 71 75 / 60 -55 -67 -75 / 55 62 67 70 / 53 -62 -67 -70 / 51 63 67 70 / 62 69 -51 -67 / 77 -51 -62 -70 / 53 60 67 <END> 
<S> 55 63 70 75 / 57 -55 -63 -75 / 53 60 68 74 / 55 59 67 -74 / 56 60 65 72 / 74 -56 -65 -65 / 55 63 67 72 / 53 65 68 -72 / 55 62 67 71 / 48 63 67 72 / 50 65 67 74 / 71 -50 -67 -74 / 48 67 72 75 / 53 -67 -72 -75 <END> 
<S> 48 63 67 72 / 60 63 67 72 / 58 62 65 74 / 57 60 72 75 / 58 70 75 77 / 53 65 68 74 / 72 -53 -65 -68 / 55 63 70 72 / 55 -63 -70 / 56 60 63 72 / 65 74 -56 -60 / 55 58 67 75 / 53 56 65 74 / 55 63 70 -74 / 56 65 68 / 74 -56 -65 -68 <END> 
<S> 56 63 68 72 / 55 -63 -68 -72 / 53 61 67 70 / 52 -61 -67 -70 / 53 60 67 68 / 55 -60 -65 -68 / 56 60 65 68 / 55 -60 -65 -68 / 60 64 67 / 58 -60 -64 -67 / 56 60 65 / 53 56 65 74 <END> 
<S> 60 64 67 / 58 -60 -64 -67 / 56 60 65 72 / 55 67 -63 -72 / 53 62 68 70 / 50 65 -62 -70 / 51 63 67 70 / 62 -51 -67 -70 / 53 60 65 68 / 55 58 67 -65 / 56 60 65 68 / 62 -56 -65 <END> 
<S> 51 63 67 70 / 56 63 65 -70 / 55 58 63 67 / 53 -58 -63 -67 / 51 58 65 -63 / 50 58 65 70 / 51 58 63 67 / 65 -51 -58 -63 / 48 55 60 63 / 56 59 65 -63 / 60 62 -56 -65 / 55 59 62 67 / 53 65 68 74 / 63 -53 -68 -74 / 55 65 67 71 / 43 59 65 74 <END> 
<S> 56 62 65 -51 / 50 -56 -65 -68 / 51 55 63 67 / 53 60 68 -55 / 53 -53 -60 -68 / 55 59 67 -53 / 53 60 -55 -67 / 58 -53 -55 -67 / 43 56 60 65 / 55 59 62 67 / 51 55 60 67 / 53 60 68 -55 / 55 62 67 -53 / 53 60 65 69 / 51 60 67 <END> 
<S> 56 60 65 -51 / 55 58 -60 -65 / 51 55 60 67 / 58 -52 -67 -55 / 53 57 60 69 / 51 55 -60 -69 / 50 53 65 70 / 55 58 67 / 53 57 -55 -67 / 52 55 60 67 / 55 -51 -60 -67 / 48 53 60 67 / 68 -48 -53 -60 <END> 
<S> 55 58 62 / 53 56 -58 -62 / 55 58 62 / 53 56 60 / <END> 
<S> 57 60 65 / 55 59 67 -65 / 53 60 68 / 62 -53 -60 -69 / 48 60 64 67 / 58 -48 -64 -67 <END> 
<S> 48 63 67 72 / 48 55 64 72 <END> 
<S> 68 72 / 50 -67 -72 <END> 
<S> 41 60 68 / 53 59 62 -41 <END> 
<S> 80 -76 / 68 74 77 / 47 76 -74 -77 / 48 67 72 76 <END> 
<S> 59 62 67 79 / 60 69 77 / 52 61 67 79 / 50 62 65 77 / 48 60 76 -65 / 55 59 67 74 / 0 -59 56 59 64 <END> 
<S> 53 62 69 74 / 60 -53 -69 -74 / 55 59 67 -74 / 64 72 -55 -60 / 59 74 -55 -67 / 57 65 -55 -74 / 59 59 67 74 / 48 55 64 72 / 65 71 -48 -55 <END> 
<S> 55 62 67 71 / 53 -62 -67 -71 / 52 60 67 72 / 50 -60 -67 -72 / 52 60 67 74 / 48 64 -60 -67 / 55 59 67 74 / 55 67 71 74 / 65 -55 -71 -74 / 56 63 72 / 62 65 -72 -72 <END> 
<S> 55 62 67 71 / 53 -62 -67 -71 / 52 60 67 72 / 48 -60 -67 -72 / 43 60 67 74 / 59 -43 -67 -74 / 65 -43 -59 -74 / 48 55 64 72 / 60 64 67 72 <END> 
<S> 48 60 67 76 / 50 -60 -67 -76 / 52 60 67 76 / 53 -60 -67 -76 / 55 59 67 74 / 72 -55 -59 -67 / 57 62 66 -72 / 59 62 67 74 / 60 67 76 / 59 62 -67 -76 / 64 67 72 -76 / 62 65 77 81 <END> 
<S> 59 62 67 74 / 57 60 72 76 / 78 -57 -60 -72 / 55 67 71 74 / 60 66 -71 -74 / 59 62 67 / 55 64 -67 -72 / 57 64 71 72 / 62 -57 -72 -72 / 52 67 71 -72 / 50 74 -67 -72 / 48 67 72 76 / 50 -67 -72 -76 / 52 69 77 -76 / 68 -43 76 <END> 
<S> 57 64 69 72 / 62 65 71 74 / 52 67 72 76 / 53 -67 -72 -76 / 55 67 72 76 / 66 -55 -72 -76 / 43 59 67 74 / 45 59 -67 -74 / 57 64 67 72 / 62 -57 -67 -72 / 55 62 67 71 / 53 -62 -67 -71 <END> 
<S> 57 64 67 72 / 55 62 71 -67 / 60 64 69 -67 / 59 62 67 71 / 52 60 67 72 / 62 -52 -67 -72 / 48 64 67 71 / 50 62 66 69 / 55 59 62 67 / 52 64 71 79 <END> 
<S> 47 62 67 71 / 48 66 69 -67 / 47 62 67 71 / 64 72 -53 -67 / 55 59 74 -67 / 60 64 67 / 62 -60 -67 / -70 60 69 -55 / 55 58 64 / 57 62 -55 -58 / 59 57 61 67 / 55 59 62 67 / 60 64 -55 -67 / 43 60 62 65 / 59 -55 -62 -65 / 48 55 60 64 / 47 62 -55 -60 <END> 
<S> 66 -50 -62 -69 / 55 59 62 67 / 52 60 64 67 / 53 60 69 -67 / 65 -53 -60 -69 / 55 59 67 -65 / 60 64 -55 -67 / 43 59 62 65 / 47 55 62 67 / 48 55 60 64 / 50 65 -55 -60 / 52 55 60 67 / 50 -55 -60 -67 / 48 55 62 65 / 47 -55 -62 -65 / 48 55 60 64 / 43 55 59 62 <END> 
<S> 58 62 65 -48 / 47 -55 -62 -65 / 48 55 60 64 / 52 55 59 62 / 50 -55 -59 -62 / 52 55 59 67 / 50 -55 -59 -67 / 49 57 64 67 / 45 62 65 -57 / 64 -45 -57 -62 / 47 55 62 69 / 67 -47 -55 -62 / 48 55 60 64 / 41 56 60 66 / 43 59 62 67 / 40 55 60 64 / 62 -55 -60 -64 <END> 
<S> 45 52 64 72 / 57 -45 -64 -72 / 50 55 71 -64 / 54 62 -50 -71 / 48 55 64 69 / 50 54 62 -69 / 60 -50 -54 -69 / 43 50 59 67 / 48 52 60 67 / 50 53 -60 -67 / 52 55 60 67 / 62 -52 -55 -67 / 45 60 64 -55 / 53 -45 -60 -64 / 48 52 55 -60 / 50 55 58 62 / 55 67 -55 -62 <END> 
<S> 43 50 59 67 / 45 52 60 -67 / 47 50 59 67 / 48 52 55 67 / 47 55 62 67 / 45 -55 -62 -67 / 43 55 62 71 / 50 54 62 69 / 60 -50 -54 -69 / 43 55 59 67 / 48 52 60 67 / 47 53 62 69 / 44 71 -62 -69 / 44 64 68 72 / 40 64 67 71 <END> 
<S> 47 55 62 67 / 45 60 -55 -67 / 47 55 62 65 / 43 -55 -62 -65 / 48 55 60 64 / 48 52 55 60 / 50 55 60 62 / 52 -55 -60 -62 / 53 59 62 -55 / 55 -43 -59 -62 / 36 52 55 60 / 48 52 55 60 / 42 57 60 62 / 50 64 -57 -60 / 43 55 59 62 <END> 
<S> 55 62 -60 / 43 55 59 62 / 43 52 59 67 / 48 55 60 64 / 41 57 60 64 / 43 -57 -60 -64 / 41 57 60 62 / 43 55 59 -62 / 53 -43 -59 -62 / 48 52 55 60 <END> 
<S> 45 57 60 65 / 47 -56 -60 -65 / 48 55 60 64 / 47 -55 -60 -64 / 41 59 62 -55 / 38 53 -59 -59 / 48 52 55 60 / 47 50 62 65 / 45 60 -50 -65 / 43 55 59 62 / 41 60 62 -43 <END> 
<S> 38 50 57 65 / 59 -38 -50 -65 / 40 55 60 64 / 41 57 60 62 / 43 55 59 62 / 53 -43 -59 -62 / 45 52 57 60 / 47 50 55 62 / 48 55 64 / 47 55 62 67 / 45 60 -55 -64 / 43 55 62 -60 / 59 -43 -55 -62 <END> 
<S> 47 55 62 69 / 45 -55 -62 -69 / 55 59 62 / -69 -55 -59 / 55 59 67 / 53 57 60 69 / 52 59 65 -69 / 50 59 65 -65 / 52 60 64 67 / 53 60 65 69 / 62 65 -53 -69 / 64 71 -53 -65 / 49 64 69 72 / 49 64 69 69 / 50 65 -69 -72 / 52 -65 -69 -72 <END> 
<S> 53 60 65 69 / 52 -60 -65 -69 / 50 60 64 69 / 48 -60 -64 -69 / 50 62 65 71 / 52 55 -62 -71 / 53 60 69 -55 / 59 -53 -53 -69 / 48 60 67 -53 / 52 52 -60 -67 / 50 53 62 69 / 55 -53 -62 / 48 57 64 -53 / 59 62 -48 -64 / 45 60 60 -64 / 47 55 62 <END> 
<S> 50 53 57 65 / 59 -50 -53 -65 / 52 55 60 64 / 53 -55 -60 -64 / 55 59 62 / 53 -59 61 -62 / 52 55 60 67 / 50 65 -55 -60 / 48 55 60 64 / 47 -55 -60 -64 / 48 57 60 64 / 50 53 -60 -64 / 52 55 59 62 / 50 -55 -59 -62 / 48 55 60 64 <END> 
<S> 53 57 60 / 43 55 59 -60 / 53 57 -43 -60 / -64 -53 -57 / 55 59 62 / 43 53 62 -59 / 55 -43 -59 -62 / 45 57 60 64 / 47 55 62 65 / 48 55 60 64 / 47 62 -55 -60 / 45 57 60 64 / 47 -57 -60 -64 / 48 55 60 64 / 43 55 62 67 <END> 
<S> 36 52 60 67 / 38 53 -60 -67 / 36 55 60 67 / 43 59 62 -67 / 45 60 -43 -67 / 47 65 -50 -67 / 48 62 67 -47 / 47 -62 -67 -67 / 52 60 69 -67 / 53 59 -67 71 / 48 60 67 -53 / 52 64 -60 -67 / 45 60 64 65 / 47 55 62 67 <END> 
<S> 48 60 67 76 / 52 -60 -67 -76 / 55 60 67 74 / 72 -55 -60 -67 / 43 59 65 -67 / 47 62 67 -43 / 48 55 60 64 / 49 57 65 / 47 50 -57 -65 / 48 55 59 -50 / 53 -47 -55 -59 / 40 48 55 61 / 55 -48 -55 -64 / 40 55 -55 -64 / 38 53 62 65 / 59 -38 -53 -65 <END> 
<S> 50 55 62 -60 / 52 55 -55 -62 / 53 57 60 -55 / 50 53 62 -60 / 55 59 62 / 64 -55 -59 / 53 55 60 62 / 52 59 -50 -65 / 48 57 60 64 / 50 65 -57 -60 / 55 59 62 67 / 53 59 62 67 / 52 60 67 72 / 50 53 65 70 / 52 62 67 71 / 50 -62 -67 -71 <END> 
<S> 53 57 60 69 / 50 55 -60 -69 / 55 59 67 -53 / 52 60 -55 -67 / 43 55 59 67 / 62 -43 -55 -59 / 45 48 60 64 / 47 55 62 67 / 48 55 64 69 / 50 54 62 69 / 60 -50 -54 -69 / 43 50 59 67 / 50 53 62 67 71 / 52 -62 -67 -71 <END> 
<S> 48 55 60 64 / 58 -48 -55 -64 / 43 55 60 67 / 41 53 -60 -67 / 43 55 59 62 / 57 -43 -59 -62 / 43 55 59 62 / 67 -43 -55 -59 / 45 48 60 65 / 47 50 62 -65 / 48 55 62 64 / 47 -55 -62 -64 / 48 57 62 64 / 50 57 62 65 / 47 55 62 67 <END> 
<S> 48 55 60 64 / 46 -55 -60 -64 / 45 57 60 65 / 43 55 59 67 / 41 60 68 -55 / 43 -71 -55 -67 / 41 69 -55 -60 / 43 55 59 62 / 52 67 -43 -59 / 50 65 -43 -59 / 48 55 60 67 / 47 -55 -60 -67 / 45 52 60 65 / 47 -52 -60 -65 / 48 52 60 64 / 58 -48 -52 -64 <END> 
<S> 43 50 59 67 / 45 60 -50 -67 / 47 55 62 -67 / 43 59 -55 -67 / 48 55 60 64 / 58 -48 -55 -64 / 41 53 56 60 / 43 -53 55 -60 / 53 -43 -43 -59 / 45 48 60 72 -53 / 51 58 62 67 / 43 -58 -62 -67 / 50 55 62 69 / 54 -50 -62 -69 / 60 -50 -62 -69 / 43 59 62 67 / 48 60 63 72 <END> 
<S> <END> 
<S> <END> 
<S> 62 71 77 / 60 72 79 / 58 74 -60 -67 <END> 
<S> 60 69 72 / 55 67 -60 -72 / 54 57 74 -67 / 72 -54 -57 -66 <END> 
<S> 48 63 67 72 / 49 -63 -67 -72 / 51 62 65 74 / 59 67 -65 -74 / 60 63 67 75 / 62 -60 -67 -75 <END> 
<S> 46 62 67 70 / 65 -46 -62 -67 / 48 60 63 67 / 69 -48 -60 -63 / 50 58 65 70 / 69 -50 -58 -65 / 51 58 67 70 / 50 65 -58 -70 <END> 
<S> 46 62 65 70 / 67 -46 -62 -70 / 46 62 65 69 / 63 -53 -69 -69 / 46 62 65 70 / 51 67 -65 -70 / 48 63 67 69 / 50 57 -67 -69 / 55 62 67 71 / 72 -55 -62 -67 / 55 62 67 70 / 53 -62 -67 -70 <END> 
<S> 51 60 67 72 / 50 62 -67 -72 / 48 63 -67 -72 / 50 66 -48 -72 / 50 62 71 -69 / 51 60 67 72 / 50 62 -67 -72 / 48 63 -67 -72 / 50 66 69 -72 / 60 -50 -66 -69 / 55 62 67 71 / 52 60 67 <END> 
<S> 48 63 67 72 / 62 71 -48 -67 / 50 60 69 -67 / 62 66 -50 -62 / 60 -50 -66 -69 / 55 59 62 67 / 60 67 75 / 58 -60 -67 -75 / 56 60 65 75 / 55 -60 -65 -75 / 53 60 68 77 / 60 -53 -68 -77 / 55 67 70 75 / 63 -55 -70 -75 <END> 
<S> 60 67 75 / 58 -60 -67 -75 / 56 60 72 75 / 55 70 -60 -75 / 53 60 68 74 / 55 59 67 -74 / 56 60 65 72 / 60 -56 -65 -72 / 55 62 67 71 / 48 63 67 <END> 
<S> 56 60 65 72 / 55 -60 -72 / 53 68 -60 -72 / 55 59 67 75 / 57 60 -67 -75 / 58 60 65 74 / 56 59 -65 -74 / 48 55 63 72 / 43 59 67 74 <END> 
<S> 44 60 65 / 63 72 -60 -65 / 62 -60 -67 -72 / 60 68 74 / 58 -60 -68 -74 / 56 60 68 75 / 55 -60 -68 -75 / 53 60 68 77 / 55 59 67 -77 / 56 60 68 72 / 74 -56 -60 -68 <END> 
<S> 56 60 67 72 / 65 -56 -60 -72 / 55 61 67 70 / 53 65 -67 -70 / 52 67 70 72 / 53 68 74 -72 / 55 67 70 -74 / 65 -55 -70 -74 / 56 63 -70 -74 / 55 70 -63 -70 / 56 65 68 72 <END> 
