<S> 53 65 68 72 / 55 -65 -68 -72 / 56 65 68 72 / 58 -65 -68 -72 / 60 63 67 79 / 63 69 -63 -79 / 62 68 71 77 / 60 72 -68 -77 / 59 67 74 79 / 55 77 -67 -74 / 60 67 72 75 / 55 67 71 74 / 51 67 72 / 50 65 71 74 <END> 
<S> 59 67 74 77 / 60 67 72 75 / 55 67 71 74 / 55 67 71 74 / 60 67 72 75 / 58 -67 -72 -75 / 56 65 72 77 / 55 70 -65 -77 / 53 60 68 75 / 67 -53 -60 -75 / 58 65 68 74 / 56 60 -65 -68 <END> 
<S> 60 67 72 75 / 58 -67 -72 -75 / 56 66 72 75 / 70 -56 -66 -75 / 61 65 68 77 / 60 63 -68 -77 / 58 70 77 -63 / 62 -58 -70 -77 / 51 63 70 79 / 65 72 -51 -79 / 50 67 72 77 / 65 -50 -72 -77 / 55 67 71 75 / 74 -55 -67 -75 <END> 
<S> 58 65 77 -70 / 53 65 73 -77 / 51 -65 -70 -79 / 74 77 -51 -70 / 50 73 -70 -77 / 48 72 75 56 / 74 -48 47 79 / 77 -48 -67 -74 / 48 60 69 75 / 50 62 71 77 / 51 63 72 79 / 53 -63 -72 -79 / 55 63 70 79 / 56 -63 -70 -79 <END> 
<S> 48 60 67 75 / 55 67 71 74 / 55 71 -67 51 / 67 72 79 / 62 71 74 / 72 63 -62 -71 / 65 69 72 -63 / 63 67 70 -55 / 62 -55 -67 -70 / 53 63 68 72 / 51 -63 -68 -72 / 50 68 -65 -72 <END> 
<S> 60 67 72 75 / 63 -60 -72 -75 / 68 -60 -72 -75 / 58 74 77 -68 / 56 67 -74 -77 / 65 -56 -74 -77 / 55 63 75 79 / 53 65 74 80 / 59 67 74 -53 / 51 60 67 79 / 60 -51 -67 -79 / 50 65 71 74 / 48 67 72 75 / 53 68 74 77 / 55 67 71 74 <END> 
<S> 55 62 67 74 / 56 60 65 -74 / 58 72 74 -65 / 68 -58 -62 -74 / 51 67 70 75 / 63 70 79 / 62 65 70 82 / 63 70 79 / 62 65 -70 / 59 67 -62 75 / 60 67 75 / 58 74 -67 -75 <END> 
<S> 56 63 68 72 / 57 61 -68 -72 / 58 62 67 70 / 75 -58 -62 -67 / 48 60 63 68 / 56 59 65 68 / 60 -56 -65 -68 / 55 59 67 -65 / 60 63 -65 / 59 62 67 -65 / 60 63 67 75 <END> 
<S> 56 60 65 / 55 58 -60 -65 / 53 56 60 65 / 58 -53 -53 -65 / 60 -53 -65 -68 / 48 58 65 68 / 63 -48 -60 -68 / 46 58 65 68 / 62 -46 -58 -68 / 51 58 63 67 / 50 -58 -63 -67 / 48 60 63 -67 / 58 -48 -63 -67 <END> 
<S> 58 65 68 -51 / 50 63 -65 -68 / 48 62 67 -65 / 63 -48 -60 -67 / 58 62 65 / 56 60 63 72 / 55 58 -63 -72 / 53 56 68 72 / 58 65 -53 -72 / 60 63 72 / 55 58 -63 -72 <END> 
<S> 56 60 65 -65 / 63 -56 -60 -65 / 55 59 62 / 55 -55 -62 -65 / 53 57 60 65 / 58 62 -57 -65 / 63 57 60 64 / 55 58 60 65 / 53 56 60 65 / 55 -60 -65 -60 <END> 
<S> 56 60 63 / 55 60 -56 -60 / 55 53 62 -60 / 59 -50 -55 -62 / 53 55 60 / 51 51 -55 -60 / 41 53 62 -58 / 49 -41 -58 -67 / 43 50 58 65 / 45 -50 -58 -65 / 46 58 62 65 / 50 58 65 / 63 -50 -58 -65 <END> 
<S> 46 50 58 65 / 46 58 62 65 / 56 -46 -62 -65 / 48 55 60 63 / 62 65 -55 -60 / 39 60 -55 / 53 59 62 -55 / 55 -53 -59 -62 / 57 -53 -55 -62 / 55 58 62 / 53 -55 -62 / 60 51 -53 -55 / 55 -51 -60 / 58 41 56 60 / 43 -56 -60 / 41 44 59 62 / 39 60 -53 / 41 41 41 -60 -65 / 43 55 58 64 / 53 -43 -58 -63 <END> 
<S> 43 55 60 63 / 53 -55 -60 -63 / 55 59 62 -55 / 53 -55 -59 -62 / 48 51 55 60 / 48 60 63 67 / 46 53 62 70 / 44 -53 -58 -70 / 51 58 67 67 / 50 65 70 -58 / 51 63 67 -70 / 48 -63 -67 -70 / 50 65 68 71 / 51 63 67 72 / 53 68 74 -72 / 55 67 71 -74 <END> 
<S> 50 65 68 77 / 51 75 -65 -68 / 50 58 65 70 / 46 62 -65 -70 / 51 58 63 67 / 63 -51 -58 -67 / 56 60 63 72 / 65 74 -56 -60 / 52 60 67 72 / 58 -52 -67 -72 / 53 56 68 74 / 58 -53 -68 -74 / 51 60 69 75 / 58 -51 -75 -75 / 56 -46 -51 -75 / 47 55 75 -58 / 53 56 60 65 <END> 
<S> 56 60 65 72 / 55 -60 -72 -72 / 53 -60 -67 -72 / 55 59 67 74 / 60 -55 -67 -74 / 50 62 67 77 / 75 -50 -67 -67 / 50 62 65 71 / 67 -62 -65 -71 / 65 68 -71 -71 / 63 63 69 72 / 62 74 -69 / 60 67 75 / 58 -60 -67 -75 / 56 60 72 77 / 55 70 75 -60 <END> 
<S> 62 67 70 75 / 63 65 68 72 / 62 65 -65 / 60 63 67 / 59 -60 -63 -67 / 57 60 65 72 / 60 -60 -65 -72 / 58 67 74 / 56 -58 -67 -74 / 56 59 65 75 / 53 -56 -65 -75 / 55 59 62 / 53 68 -59 / / 51 60 67 79 / 48 60 65 77 <END> 
<S> 56 60 63 72 / 56 65 -56 -72 / 47 55 65 74 / 53 -47 -65 -74 / 51 55 67 75 / 53 60 68 77 / 55 62 67 -77 / 75 -62 -67 / 63 67 72 / 50 65 -67 -72 / 48 60 67 75 / 53 60 68 -75 / 55 59 67 74 / 56 60 65 -74 <END> 
<S> 51 67 75 75 / 53 -67 -75 -75 / 55 65 71 74 / 53 72 75 / 51 74 -67 -72 / 56 65 72 77 / 55 67 71 75 / 53 65 68 72 / 51 63 67 79 / 61 -51 -67 -79 / 53 60 68 77 / 55 60 67 75 / 56 60 65 68 / 56 59 -65 -68 <END> 
<S> 56 65 68 72 / 67 -56 -65 -72 / 47 62 65 74 / 67 -47 -62 -74 / 48 63 67 72 / 56 -48 -67 -72 / 53 56 65 74 / 59 -53 -65 -68 / 60 63 67 / 58 62 67 77 / 60 63 67 -77 / 58 62 -67 -75 / 56 60 72 77 / 55 70 -60 -77 <END> 
<S> 60 63 68 75 / 67 -63 -68 -75 / 62 65 70 77 / 63 -56 -70 -77 / 55 70 77 -63 / 53 56 68 -77 / 51 58 79 -68 / 77 -51 -70 / 63 72 -51 -51 / 50 65 68 77 / 51 58 67 75 / 55 70 74 -79 <END> 
<S> 51 58 65 77 / 63 -58 -65 -77 / 56 65 72 77 / 58 -56 -72 -77 / 57 63 72 75 / 55 65 -68 -72 / 53 67 70 72 / 52 -67 -70 -72 / 53 68 68 72 / 55 67 71 -53 / 43 60 67 -70 / 65 -43 -60 -67 / 44 60 65 -60 / 59 62 -44 -65 <END> 
<S> 55 67 70 75 / 53 -67 -70 -75 / 55 65 70 74 / 53 -65 -70 -74 / 51 63 70 79 / 62 71 77 -79 / 60 67 75 79 / 58 74 -67 -79 / 56 72 75 / 55 74 -72 / 53 67 70 72 / 51 -67 -70 -72 / 53 65 69 72 / 74 -53 -65 -69 / 63 -53 -69 -74 / 53 62 69 77 / 60 -53 -69 -77 <END> 
<S> 53 65 72 80 / 74 -53 -65 -80 / 51 58 79 79 / 77 -51 -58 -79 / 80 -58 -67 -79 / 77 -58 -67 / 63 75 -58 -67 / 51 63 70 79 / 60 -51 -63 -79 / 58 62 70 77 / 56 60 -70 -77 / 55 62 70 77 / 53 -62 -70 -77 / 51 63 67 79 / 50 77 -60 -67 / 51 58 67 75 / 53 -67 -70 -75 <END> 
<S> 53 60 68 77 / 51 -60 -68 -77 / 50 62 70 77 / 46 62 -70 -77 / 48 63 79 -65 / 60 63 -48 -79 / 79 -48 -60 -63 / 50 59 65 77 / 51 60 67 -65 / 53 59 68 79 / 60 -53 -72 -79 / 55 62 71 79 / 63 -55 -71 -79 / 56 65 77 -72 / 79 -56 -65 -77 / 58 70 77 -77 / 68 -58 -63 -77 <END> 
<S> 60 63 67 75 / 69 -60 -63 -75 / 62 65 71 -75 / 63 67 72 75 / 65 68 74 / 63 67 70 / 55 67 75 -70 / 60 -67 -70 -75 / 58 62 70 77 / 56 -62 -70 -77 / 55 63 45 77 / 53 72 75 43 / 51 70 79 -80 / 56 68 72 77 <END> 
<S> 53 68 74 / 55 59 67 -74 / 56 60 72 -67 / 58 62 65 74 / 68 -58 -62 -74 / 57 63 67 72 / 55 65 67 72 / 53 65 68 74 / 55 63 70 75 / 56 -55 -63 -75 / 53 72 -63 -67 / 65 68 -53 46 / 51 63 -68 67 / 58 65 68 74 / 55 -65 -68 -74 <END> 
<S> 53 65 68 74 / 63 75 -53 -68 / 55 62 67 70 / 65 -55 -62 -70 / 48 60 63 67 / 63 -60 -67 -75 / 60 65 68 74 / 59 -65 -68 -74 / 60 63 67 75 / 62 -60 -67 -75 / 54 60 69 -75 / 55 67 71 74 / 60 67 72 75 / 58 -67 -72 -75 <END> 
<S> 60 63 67 75 / 62 -60 -67 -75 / 54 60 69 75 / 55 67 71 74 / 59 67 74 79 / 60 67 72 75 / 65 68 74 77 / 63 70 75 79 / 62 77 -70 -75 / 60 72 75 79 / 58 -72 -75 -79 <END> 
<S> 63 70 75 79 / 65 68 72 79 / 63 67 72 79 / 60 -67 -72 -79 / 59 67 74 79 / 60 -67 -74 -79 / 59 67 72 79 / 57 -72 -67 -79 / 55 67 70 74 / 65 -55 -70 -74 / 56 63 72 75 / 55 -63 -72 -75 <END> 
<S> 60 67 72 75 / 74 -60 -67 -72 / 58 67 70 75 / 56 -67 -75 -75 / 58 62 70 77 / 68 -62 -77 -77 / 51 63 70 79 / 55 63 -70 -79 / 57 72 77 -63 / 59 62 74 -77 / 60 63 75 -74 / 67 72 -60 -60 / 55 68 74 -60 / 53 -68 -68 -74 / 50 65 70 -68 / 64 -50 -60 -70 <END> 
<S> 57 60 77 44 / 59 75 -60 -77 / 60 67 72 75 / 55 67 71 74 / 53 -67 -71 -74 / 51 67 72 79 / 50 -67 -72 -79 / 48 67 72 75 / 50 -67 -72 -75 / 51 67 72 75 / 53 -67 -72 -75 / 55 67 70 74 / 53 65 70 -74 / 51 63 70 79 / 67 -51 -70 -79 / 53 65 68 77 / 55 67 75 -65 / 56 60 65 77 / 58 62 65 74 / 56 60 -65 -74 <END> 
<S> 51 67 72 48 / 53 -67 -72 -79 / 55 67 71 74 / 53 -67 -71 -74 / 51 67 72 79 / 53 -67 -72 -79 / 55 67 71 74 / 48 67 72 75 / 50 -67 -72 -75 / 51 67 72 79 / 53 -67 -72 -79 / 48 67 72 75 / 70 -48 -67 -75 / 53 65 69 74 / 67 -53 -60 -74 / 54 62 69 74 / 46 58 67 -74 / 55 -46 -70 -74 / 50 57 62 -70 <END> 
<S> 48 67 72 75 / 50 65 70 74 / 51 63 70 79 / 53 -63 -70 -79 / 55 63 70 79 / 56 -63 -70 -79 / 58 70 77 -63 / 62 -58 -70 -77 / 68 -58 -62 -77 / 59 62 67 77 / 55 -62 -67 -77 / 60 67 75 -62 / 60 -60 -67 -75 / 55 67 74 -60 / 59 -55 -67 -74 <END> 
<S> 58 65 70 77 / 62 -65 -70 -77 / 63 67 70 79 / 72 77 -63 -67 / 58 74 -67 / 65 -58 -74 / 56 59 72 / 51 55 -72 60 / 53 56 70 74 / 55 59 68 74 / 53 60 68 -74 / 51 58 67 75 / 56 60 65 77 / 50 62 70 -77 <END> 
<S> 53 56 68 74 / 72 -53 -56 -74 / 55 63 67 70 / 61 65 -55 -70 / 60 63 68 -55 / 58 62 -68 -68 / 51 67 -63 -68 / 58 63 -51 -68 / 51 60 67 -51 / 50 53 -60 -67 / 51 55 67 72 / 50 65 -55 -72 / 48 60 63 67 / 62 -48 -67 -48 / 47 60 67 69 / 48 60 67 69 / 53 59 62 67 <END> 
<S> 51 55 67 72 / 50 -55 -67 -72 / 48 67 74 -67 / -74 / -67 -71 -74 / 72 67 -56 -72 / 55 67 71 74 / 56 -67 -71 -74 / 65 67 71 / 51 63 67 79 / 53 68 -67 -72 / 71 -53 -67 -72 / 48 65 72 75 / 63 -48 -72 -75 <END> 
<S> 60 67 72 75 / 58 62 -72 -75 / 56 60 72 77 / 55 70 -60 -77 / 53 60 68 74 / 55 59 67 -74 / 56 60 65 72 / 64 -56 -60 -72 / 55 62 67 71 <END> 
<S> 55 62 67 71 / 56 60 65 72 / 53 65 72 74 / 63 -53 -68 -74 / 55 62 71 41 / 59 67 74 79 / 60 63 67 79 <END> 
<S> 44 60 65 72 / 56 60 65 -72 / 46 62 65 74 / 68 -46 -62 -65 / 58 63 67 79 / 77 -63 -67 / 58 62 67 77 / 68 -58 -62 -77 / 60 67 70 75 / 55 65 70 74 / 53 -65 -70 -74 <END> 
<S> 60 63 67 75 / 69 -60 -63 -75 / 58 62 70 77 / 56 60 72 77 / 55 70 75 -60 / 53 65 68 74 / 47 62 67 74 / 68 -46 -62 -74 / 47 55 67 74 / 63 -47 -55 -74 / 48 60 67 75 / 58 -60 -67 -75 <END> 
<S> 48 60 67 75 / 55 59 67 74 / 56 60 -67 -74 / 62 72 -56 -67 / 58 -67 -67 -72 / 57 65 72 / 58 65 74 -72 / 56 -65 -72 -74 / 55 67 70 75 / 65 -55 -70 -75 / 63 -55 -70 -75 / 74 -55 -62 -70 / 53 58 67 74 / 52 68 -58 -74 <END> 
<S> 57 65 72 / 63 -57 -72 / 59 62 67 74 / 60 67 75 / 62 -60 -67 -75 / 56 60 65 72 / 58 74 -65 -68 / 75 -58 -65 -70 / 53 65 68 74 / 67 -53 -65 -74 / 54 63 69 72 / 62 -54 -69 -72 / 55 62 67 71 <END> 
<S> 62 65 -58 -62 / 60 63 -55 -70 / 58 62 65 70 / 67 -58 -62 -65 / 60 63 67 75 / 58 62 -67 -75 / 56 60 72 75 / 55 -60 -75 -75 53 53 68 74 -60 / 58 -53 -68 -74 / 54 63 72 -50 / 55 58 67 75 / 57 60 65 77 / 59 62 67 -77 / 60 63 67 75 <END> 
<S> 53 57 74 -70 / 55 67 72 -74 / 70 -55 -67 -74 / 72 -55 -67 -74 / 65 70 74 -55 / 63 67 72 -58 / 56 65 68 -72 / 55 67 70 / 53 65 68 -75 / 44 -53 -68 -75 / 46 58 65 74 / 63 -46 -74 -74 / 59 65 68 77 / 69 -59 -65 -74 / 63 67 71 79 / 62 -67 -71 -79 <END> 
<S> 55 58 63 75 / 56 60 -63 -75 / 58 62 65 74 / 68 -58 -62 -65 / 63 67 -58 -72 / 57 65 72 / 63 -57 -72 / 59 62 74 79 / 60 67 77 / 59 62 -67 -77 / 60 67 74 75 / 55 -60 -75 -75 / 53 60 68 74 / 51 58 67 75 / 50 59 65 77 <END> 
<S> 59 62 67 74 / 55 67 71 75 / 63 72 -67 -75 / 65 68 74 77 / 67 -68 -74 -77 / 67 70 75 79 / 63 -70 -75 -79 / 56 72 75 77 / 53 68 -72 -77 / 55 67 71 75 / 0 / 51 63 70 79 <END> 
<S> 56 72 77 / 55 71 -63 -77 / 56 72 75 -63 / 58 65 74 -75 / 68 72 75 / 55 67 70 75 / 65 70 -55 -75 / 53 60 68 72 / 51 63 67 70 / 50 65 -67 -70 / 48 63 67 72 / 51 -63 -67 -72 / 53 56 65 72 / 51 -56 -65 -72 <END> 
<S> 55 70 75 / 53 74 -70 / 51 63 72 / 50 65 -72 -72 / 67 71 74 -56 / 55 67 72 75 / 57 -67 -72 -75 / 55 67 71 74 / 53 -67 -71 -74 / 51 67 72 / 50 -62 -67 -72 / 48 62 67 -72 / 53 -62 -67 -72 <END> 
<S> 55 62 67 71 / 55 67 71 74 / 60 67 72 75 / 58 -67 -72 -75 / 56 68 77 -75 / 58 -68 -68 -75 / 51 67 70 75 / 65 74 -70 / 63 68 72 / 67 74 -63 / 58 65 68 74 / 56 60 -65 -74 <END> 
<S> 56 68 72 75 / 55 -68 -72 -75 / 53 67 70 75 / 65 -53 -70 -75 / 51 63 70 79 / 62 -51 -70 -79 / 53 60 68 77 / 55 59 67 -77 / 56 60 65 72 / 53 57 -65 -72 / 46 53 65 70 74 / 55 75 -70 -70 <END> 
<S> 56 60 65 72 / 55 -60 -65 -72 / 53 -60 -65 -72 / 46 62 -65 -72 / 51 58 63 67 / 53 60 68 / 55 58 62 70 / 53 60 63 68 / 62 -53 -60 -68 / 51 55 60 67 / 59 -51 -55 -67 / 45 60 63 65 / 43 58 62 -65 <END> 
<S> 56 60 63 68 / 65 -56 -60 -68 / 55 61 65 70 / 64 -60 -70 -70 / 53 65 69 72 / 63 67 70 79 / 62 65 -70 -79 / 60 63 72 79 / 58 74 -63 -79 / 56 -58 -70 -75 / 55 70 75 79 / 53 -70 -75 <END> 
<S> 60 63 67 75 / 62 65 70 77 / 63 -62 -70 -77 / 65 -62 -70 -77 / 63 67 70 75 / 66 69 -63 -75 / 58 70 70 74 / 68 -58 -70 -74 / 55 70 75 75 / 74 -55 -70 -75 / 56 72 75 77 / 58 70 74 -77 / 68 72 -58 -77 / 51 67 70 79 / 50 65 70 77 / 51 67 70 75 <END> 
<S> 58 65 70 77 / 56 65 -70 -77 / 55 70 70 75 / 53 68 -70 -75 / 51 65 70 79 / 50 -65 -70 -79 / 48 63 72 79 / 55 70 -63 -79 / 56 60 -70 -79 / 58 62 68 77 / 55 75 -62 -65 / 56 60 77 59 / 59 -56 75 -77 <END> 
<S> 56 60 77 -70 / 53 68 -60 -77 / 58 62 67 74 / 56 65 71 -74 / 63 72 -56 / 55 59 67 74 / 60 67 75 / 58 -60 -67 -75 / 56 60 72 77 / 55 63 70 79 <END> 
<S> 48 60 67 75 / 68 72 -60 -75 / 55 67 74 -75 / 71 -55 -67 -74 / 65 -55 -71 -74 / 48 63 67 72 / 58 65 70 74 / 56 -65 -70 -74 / 55 67 70 74 / 53 68 -67 -74 / 51 63 70 79 / 62 -51 -70 -79 / 53 60 68 77 / 55 -60 -68 -77 <END> 
<S> 56 63 68 72 / 65 -56 -68 -72 / 55 61 67 70 / 56 60 68 -67 / 58 65 74 / 56 60 -68 -74 / 55 58 67 75 / 53 68 -58 -75 / 55 58 67 74 / 56 65 72 -74 / 58 65 74 -72 / 56 -65 -68 -74 <END> 
<S> 53 60 68 77 / 51 67 -60 -77 / 59 68 74 -53 / -68 -43 -74 -68 / 47 67 74 -68 / 67 -47 -74 -74 / 45 72 -67 -74 / 43 65 71 74 / 59 -43 -71 -74 / 48 63 72 / 60 67 72 75 <END> 
<S> 48 67 72 75 / 75 -48 -67 -72 / 53 65 68 74 / 55 67 -65 -74 / 60 67 75 / 53 60 68 74 / 55 59 67 74 / 65 -55 -67 -74 / 48 63 67 72 <END> 
<S> 53 60 69 74 / 55 -60 -69 -74 / 56 72 -60 -69 / 58 62 -68 -72 / 57 60 66 72 / 55 59 67 74 / 60 67 75 / 58 62 -67 -75 / 56 63 72 / 55 -63 -72 <END> 
<S> 60 63 68 / 62 65 -60 -68 / 60 63 67 / 59 -60 -67 / 60 63 67 72 / 58 62 -67 -72 / 57 60 65 72 / 55 67 -60 -72 / 53 60 68 77 / 51 -60 -68 -77 / 50 59 68 -77 / 51 60 75 -68 / 55 59 67 74 <END> 
<S> 56 60 65 72 / 55 74 -60 -72 / 53 -60 -67 -74 / 55 59 67 -74 / 65 -55 -59 -74 / 48 55 63 72 / 46 62 63 70 / 67 -46 -62 -70 / 48 63 67 69 / 50 58 65 -67 <END> 
<S> 43 60 67 -63 / 62 -43 -67 -70 / 60 63 67 72 / 58 62 -67 -72 / 57 60 65 72 / 55 67 -60 -72 / 53 60 69 -67 / 62 65 -53 -69 / 60 63 67 / 62 65 -56 -72 / 64 -53 -67 -72 / 62 65 71 -48 / 50 -62 -65 -71 / 48 60 63 72 / 60 65 74 -48 <END> 
<S> 59 62 67 -65 / 60 63 -67 / 55 62 67 70 / 50 -62 -67 -70 / 48 63 67 70 / -63 -63 -67 -70 / 60 63 69 -67 / 62 -60 -63 -67 / 60 63 65 / 58 -60 -63 / 56 60 63 72 / 62 -56 -60 -72 / 51 60 66 74 / 59 -60 -68 -74 <END> 
<S> 56 60 63 72 / 65 -60 -56 -72 / 55 62 67 70 / 53 62 65 -70 / 63 -53 -60 -70 / 55 59 67 74 / 65 -55 -59 -74 / 56 60 63 72 / 55 -60 -63 -72 / 53 60 68 77 / 62 -53 -68 -77 / 60 63 67 75 / 65 69 74 -60 <END> 
