<S> 60 63 67 72 / 59 62 67 74 / 60 67 75 / 48 60 67 75 / 60 67 75 / 58 62 70 77 / 63 70 79 / 51 63 70 79 <END> 
<S> 60 63 68 75 / 58 65 70 74 / -58 -65 -70 -74 / 55 62 70 79 / 53 -62 -70 -79 / 51 63 79 -70 / 62 70 79 / 63 67 70 75 / 65 74 -70 / 63 67 70 75 / 72 77 -60 -67 <END> 
<S> 58 63 70 77 / 62 65 77 -58 / 67 -58 -62 -77 / 60 63 68 75 / 55 65 70 -75 / 53 68 -70 -75 / 51 67 70 75 / 50 65 70 77 / 51 65 70 79 / 50 -65 -70 -79 / 51 63 70 79 / 62 77 -70 <END> 
<S> 51 58 67 75 / 63 70 -51 -75 / 56 65 72 77 / 67 -56 -72 -77 / 55 67 71 75 / 53 68 74 77 / 55 75 -74 / 56 72 77 / 55 71 75 -77 / 56 65 72 -75 / 53 -65 -72 -77 / 55 67 70 75 / 65 -55 -70 -75 <END> 
<S> 60 63 68 75 / 62 65 70 -60 / 63 75 79 -70 / -63 -70 -75 -79 / 60 70 75 79 / 72 -63 -75 -79 / 74 77 -63 -68 / 62 71 -77 -77 / 60 67 72 75 / 53 -67 -72 -75 / 55 67 74 -72 / 71 -55 -67 -74 / 65 -55 -71 -74 <END> 
<S> 65 68 72 -51 / 53 -65 -68 -72 / 51 63 67 70 / 58 65 68 74 / 60 67 75 / 53 65 68 74 / 72 -53 -65 -68 / 48 67 72 -65 / 64 -48 -67 -72 / 41 56 65 -72 / 60 63 -56 -72 <END> 
<S> 48 63 67 72 / 60 67 72 75 / 58 65 70 74 / 56 -65 -70 -74 / 55 67 70 75 / 65 74 -55 -70 / 56 63 68 72 / 55 65 -68 -72 / 67 70 -55 -70 / 53 68 -67 -70 <END> 
<S> 63 70 70 / 61 65 -70 -70 / 63 67 70 -70 / 69 -63 -63 -70 / 58 -63 -70 / 51 58 70 / 51 63 70 79 / 62 -51 -70 -79 / 53 60 68 77 / 55 -60 -68 -77 / 56 60 65 72 / 55 59 67 -72 <END> 
<S> 56 63 68 72 / 58 -56 -63 -72 / 51 56 63 72 / 55 62 65 71 / 60 63 67 72 / 58 62 -67 -72 / 56 60 65 72 / 55 -60 -65 -72 / 53 60 68 77 / 55 -60 -68 -77 / 56 60 -68 -77 / 59 -56 68 -77 <END> 
<S> 56 60 63 72 / 65 -56 -60 -72 / 55 62 67 70 / 53 -62 -67 -70 / 51 60 67 72 / 53 -60 -67 -72 / 54 62 65 69 / 60 63 -69 / 62 66 -60 / 58 60 67 / 64 -51 -60 -67 / 65 -48 -60 -67 / 75 -48 -60 -65 -72 <END> 
<S> 60 63 67 / 58 -60 -67 -67 / 54 60 69 75 / 62 -54 -69 -75 / 55 62 71 74 / 67 72 -55 -71 / 65 -55 -67 -72 / 63 67 72 / 60 -63 -67 -72 / 59 62 67 77 / 60 -59 -67 -77 / 60 67 74 / 59 71 -67 -74 / 60 67 72 75 / 55 -67 -72 -75 <END> 
<S> 56 60 72 77 / 55 -60 -72 -77 / 53 68 74 -60 / 59 -43 -53 -68 / 47 62 67 74 / 65 -47 -59 -74 / 48 55 63 72 / 48 63 67 79 <END> 
<S> 55 62 67 71 / 56 60 65 72 / 63 -56 -60 -72 / 55 59 67 74 / 60 67 75 / 58 -60 -67 -75 / 56 72 77 -60 / 55 75 -72 -77 / 56 65 72 75 / 58 74 -65 -72 / 63 70 79 / 62 65 -70 -79 <END> 
<S> 60 63 75 / 58 62 70 77 / 56 -62 -70 -77 / 55 63 70 79 / 62 65 -70 -79 / 60 63 67 75 / 62 65 -67 -75 / 60 63 67 75 / 58 62 -67 -75 / 56 60 72 77 / 55 -60 -72 -77 / 53 61 70 79 / 52 60 -70 -79 <END> 
<S> 60 63 67 75 / 58 62 -67 -75 / 56 60 72 77 / 55 70 -60 -77 / 53 65 68 74 / 75 -53 -65 -68 / 77 -53 -65 -68 / 63 67 -53 -70 / 46 62 65 -70 / 67 75 -46 -65 / 47 65 74 -67 / 56 65 72 75 / 55 74 -65 -72 <END> 
<S> 58 62 65 70 / 60 63 75 -65 / 58 62 70 77 / 57 63 72 75 / 55 58 70 74 / 53 -58 -70 / 52 55 70 79 / 50 54 -70 -79 / 52 67 72 77 / 53 -67 -70 -77 / 48 67 72 75 / 60 -67 -72 -75 <END> 
<S> 55 58 70 75 / 53 72 -58 -75 / 51 67 70 75 / 65 74 -70 -75 / 63 72 -70 / 69 -63 -72 / 64 71 68 / 62 65 -68 -71 / 60 63 67 75 / 58 -60 -67 -75 / 56 60 68 77 / 55 75 -68 -72 / 53 68 74 -72 / 55 67 71 -74 / 65 -55 -71 -74 <END> 
<S> 60 67 75 / 58 -60 -67 -75 / 56 68 72 75 / 55 -68 -75 -75 / 53 68 74 77 / 67 -53 -74 -77 / 53 69 72 75 / 77 -53 -69 -72 / 55 62 72 79 / 71 -55 -62 -79 / 60 67 72 75 / 58 -67 -72 -75 / 56 60 72 77 / 55 70 -60 -77 / 53 60 68 72 / 67 74 -53 -60 <END> 
<S> 53 63 72 80 / 55 79 -63 -72 / 56 65 72 77 / 63 -56 -72 -77 / 68 -56 -72 -77 / 58 67 74 -77 / 75 -58 -67 -74 / 56 65 72 / 55 70 -65 -72 / 53 68 72 77 / 67 71 -53 -77 / 48 67 72 75 / 53 68 74 -72 / 55 67 71 74 / 55 67 71 74 <END> 
<S> 50 65 72 77 / 71 -50 -65 -77 / 48 67 72 75 / 55 67 74 -72 / 71 -55 -67 -74 / 60 67 72 75 / 58 -67 -72 -75 / 56 66 72 75 / 58 -67 -72 -75 / 57 60 72 77 / 55 70 -60 -77 / 53 65 69 72 / 75 -53 -65 -72 / 58 65 74 / 63 -58 -58 -74 / 59 65 67 74 / 60 -65 -68 <END> 
<S> 57 60 72 77 / 58 -57 -72 -77 / 56 65 72 -77 / 70 -56 -65 -77 / 70 -56 -65 -77 / 53 75 -70 -77 / 58 73 73 77 / 56 60 72 -77 / 55 70 -60 -77 / 53 60 68 74 / 55 59 67 -74 / 56 60 65 72 / 74 -56 -60 -65 / 55 60 67 75 / 53 68 -60 -75 / 55 60 67 74 / 65 -55 -60 -74 / 43 59 67 75 <END> 
<S> 53 60 68 74 / 55 59 67 -74 / 56 60 67 72 / 65 -56 -60 -72 / 50 62 65 71 / 53 59 62 67 / 51 60 67 69 / 48 -60 -67 -69 / 55 59 67 74 / 55 59 67 74 <END> 
<S> 55 60 63 75 / 53 -60 -63 -75 / 55 62 70 74 / 47 62 67 74 / 45 60 65 77 / 47 62 67 -77 / 48 60 67 75 / 55 59 67 74 / 55 59 67 74 <END> 
<S> 50 62 65 71 / 55 62 67 72 / 55 59 67 74 / 48 60 67 75 / 63 -48 -67 -75 / 53 65 68 74 / 72 -53 -65 -68 / 55 67 71 74 / 63 -55 -71 -74 / 56 65 72 77 / 62 -56 -72 -77 <END> 
<S> 60 67 75 / 58 -60 -67 -75 / 56 68 72 75 / 55 -68 -72 -75 / 53 68 72 74 / 0 / 55 67 71 74 / 65 -55 -71 -74 / 48 63 67 72 / 68 71 74 <END> 
<S> 68 74 -60 / 59 67 -74 / 60 67 72 / 57 64 72 -72 / 55 65 71 72 / 50 -65 -72 / 51 67 70 / 53 -51 -67 -70 / 52 55 67 72 / 50 53 -67 -72 / 48 55 67 74 / 72 -47 -67 / 65 -51 -56 -67 <END> 
<S> 55 62 70 -70 / 51 63 67 -70 / 69 -51 -63 -67 / 50 62 67 70 / 48 60 66 69 / 53 60 67 71 / 62 -53 -67 -71 / 51 60 67 -51 / 48 -51 -67 -67 / 0 / 50 65 71 <END> 
<S> 55 62 67 71 / 53 -62 -67 -71 / 51 60 67 72 / 48 -60 -67 -72 / 53 60 65 68 / 62 -53 -65 -68 / 55 60 63 68 / 59 62 -55 -65 / 60 -55 -59 -65 / 48 55 60 64 / 58 -48 -55 -64 / 41 56 62 / 55 58 64 -67 / 53 57 60 65 <END> 
<S> 48 55 60 63 / 46 -55 -60 -63 / 44 53 60 65 / 43 59 63 67 / 60 -48 -63 -67 / 41 65 68 -58 / 53 63 -41 -68 / 62 -41 -53 -68 / 43 59 63 67 / 45 60 63 72 / 46 58 62 -72 / 56 60 63 72 / 65 -56 -60 -72 <END> 
<S> 48 60 63 67 / 58 62 -48 -67 / 53 57 60 69 / 51 55 72 -60 / 50 53 58 -72 / 51 67 70 / 48 63 69 -72 / 50 65 69 -72 / 71 -50 -65 -68 / 48 67 72 75 / 60 -67 -72 -75 <END> 
<S> 48 63 69 72 / 50 71 -63 -72 / 55 62 67 71 / 53 -62 -67 -71 / 51 63 72 -67 / 69 -51 -63 -72 / 50 65 71 74 / 48 67 72 75 / 68 74 77 -48 <END> 
<S> 58 62 65 74 / 56 60 -65 -74 / 55 67 72 75 / 53 -67 -72 -75 / 55 62 71 74 / 56 60 72 75 / 55 70 -60 -75 / 53 68 74 -60 / 55 59 67 -74 / 56 60 65 -74 / 59 74 -60 -65 <END> 
<S> 56 60 68 77 / 55 75 -60 -68 / 53 68 72 74 / 59 67 -53 -74 / 53 60 67 72 / 56 65 74 -60 / 58 67 72 75 / 53 68 77 -72 / 55 62 67 74 / 43 59 67 -74 / 65 -43 -59 -74 <END> 
<S> 56 65 68 72 / 74 -56 -65 -68 / 60 63 67 75 / 58 62 -67 -75 / 56 60 72 77 / 55 75 -60 -72 / 53 68 74 -72 / 55 67 71 -74 / 65 -55 -71 -74 / 48 64 67 72 / 51 63 67 70 / 53 65 68 -70 / 51 67 -60 / 55 59 65 74 <END> 
<S> 48 67 72 75 / 50 -67 -72 -75 / 51 67 72 75 / 53 -67 -72 -75 / 55 67 70 75 / 56 60 68 77 / 58 62 70 79 / 63 -58 -70 -79 / 65 77 -58 -70 / 67 75 -58 / -79 -67 -70 -75 / 56 72 -67 -75 / 58 74 -67 -72 / 57 60 72 77 / 55 70 -60 -77 / 53 65 69 72 / 74 -53 -65 -69 / 55 58 67 75 / 57 60 -67 -75 <END> 
<S> 57 60 72 77 / 55 70 -60 -77 / 53 65 69 72 / 74 -53 -65 -69 / 55 58 67 75 / 57 60 -67 -75 / 58 62 65 74 / 67 70 -58 -74 / 56 63 72 / 62 65 -72 / 63 67 70 79 / 62 77 -67 -70 / 60 63 67 75 / 55 -60 -67 -75 / 53 56 65 72 / 53 74 -53 -60 / 48 55 75 -60 / 50 53 58 65 / 46 -50 -53 -65 <END> 
<S> 56 60 65 72 / 67 -56 -60 -72 / 55 62 67 70 / 53 -62 -67 -70 / 51 60 67 70 / 53 -60 -67 -70 / 55 60 67 72 / 53 -60 -67 -72 / 55 62 67 74 / 71 -55 -67 -74 / 65 -55 -71 -74 / 48 63 67 72 / 60 63 67 72 <END> 
<S> 53 60 69 74 / 55 59 67 74 / 65 -55 -67 -74 / 48 63 67 72 / 58 62 70 77 / 56 -62 -70 -77 / 55 63 70 79 / 53 -63 -70 -79 / 51 63 70 79 / 55 -63 -70 -79 / 56 63 72 77 / 53 -63 -72 -77 <END> 
<S> 58 63 70 79 / 55 -58 -70 -79 / 58 62 70 77 / 69 -62 -65 -77 / 63 70 79 / 62 -63 -70 -79 / 60 63 70 79 / 57 -60 -63 -79 / 58 62 73 77 / 67 -58 -62 -77 / 60 63 67 75 / 62 65 -67 -75 / 63 67 70 79 / 63 -67 -70 -79 <END> 
<S> 58 62 65 77 / 60 72 75 / 58 62 74 77 / 60 63 72 75 / 55 65 70 75 / 53 68 74 77 / 44 -68 -74 -77 / 59 67 74 79 / 55 -67 -74 -79 / 60 67 75 77 / 58 62 -67 -75 / 56 60 72 77 / 55 75 -60 -72 <END> 
<S> 60 67 75 / 58 62 -67 -75 / 56 63 72 75 / 55 -63 -72 -75 / 53 68 74 -63 / 62 -53 -68 -74 / 55 63 70 -74 / 56 72 -63 -70 / 58 62 68 74 / 67 -58 -62 -74 / 56 60 68 72 / 74 -56 -60 -68 / 55 58 67 75 / 53 68 -58 -75 / 55 63 70 75 / 56 65 68 -75 <END> 
<S> 53 56 68 74 / 55 63 75 -74 / 56 65 68 -75 / 58 67 74 / 64 68 -58 -74 / 56 65 72 75 / 55 67 70 -75 / 53 68 77 -60 / 51 60 67 -68 / 50 65 68 -60 / 59 -50 -65 -68 / 48 60 64 67 / 60 -48 -64 -67 / 55 59 62 67 <END> 
<S> 55 70 75 -63 / 56 62 65 77 / 60 63 72 75 / 55 58 70 75 / 56 60 68 77 / 55 -60 -68 -77 / 53 60 70 79 / 52 -60 -70 -79 / 53 60 68 77 / 55 59 67 -77 / 56 60 67 75 / 53 58 65 -75 / 51 60 67 79 <END> 
<S> 53 57 60 77 / 55 59 75 79 / 56 60 -75 -79 / 58 62 74 77 / 56 60 68 75 / 55 70 -60 -75 / 53 60 68 74 / 62 -53 -68 -74 / 70 -53 -65 -74 / 55 65 -70 -74 / 72 -55 -63 -70 / 55 62 70 74 / 48 63 67 70 / 69 -48 -63 -70 <END> 
<S> 53 63 69 77 / 65 -53 -69 -77 / 58 70 74 77 / 68 -58 -74 -77 / 70 -58 -68 -74 / 63 69 72 77 / 70 -63 -72 -77 / 70 72 75 79 / 74 -70 -75 -79 / 72 75 81 -67 / 58 65 74 82 <END> 
<S> 58 63 73 79 / 51 63 70 79 / 53 63 68 77 / 51 58 67 79 / 60 63 68 -79 / 58 65 68 74 / 63 67 70 75 / 65 77 -63 -70 / 59 -65 -70 -77 / 60 63 72 79 <END> 
<S> 63 67 70 77 / 72 -63 -67 -70 / 58 65 70 74 / 67 -58 -65 -74 / 68 72 -58 -65 / 63 67 70 / 62 65 -67 -70 / 60 63 67 68 / 58 65 -63 -72 / 56 -63 -65 -72 / 55 63 70 / 53 56 -63 -70 / 51 55 63 70 / 44 -55 -63 -70 <END> 
<S> 55 67 70 75 / 61 70 -67 -75 / 56 65 68 72 / 53 74 -65 -68 / 60 63 68 / 58 62 70 77 / 56 63 72 -70 / 53 65 68 74 / 67 -53 -60 -68 / 54 62 69 72 / 55 63 -69 -72 / 53 65 68 -72 / 50 74 -65 -68 / 51 63 67 75 / 58 74 -67 -75 <END> 
<S> 53 65 69 74 / 72 63 -53 -69 / 46 62 65 70 / 58 65 68 74 / 63 -55 -68 -74 / 62 65 67 / 63 69 -55 -67 / 62 65 70 / 69 -62 -65 / 63 67 70 / 62 65 -70 / 60 63 67 75 / 58 62 -67 -75 / 56 60 72 77 / 55 -60 -72 -77 <END> 
<S> 63 67 70 / 61 65 69 / 60 64 67 / 58 -60 -67 -75 / 56 60 65 72 / 55 62 -60 -72 / 53 60 65 72 / 51 63 67 -72 / 50 65 70 74 / 48 -65 -72 -74 / 53 72 68 74 / 67 -53 -74 -74 / 54 69 72 -74 / 55 62 71 -69 / 67 -55 -62 -71 <END> 
<S> 53 65 72 -70 / 70 -53 -65 -72 / 60 63 72 79 / 57 -60 -63 -72 / 58 63 72 / 55 -58 -63 -72 / 53 56 68 74 / 58 -53 -68 -74 / 51 63 72 79 / 55 -51 -72 -79 / 53 65 70 77 / 48 67 72 75 / 43 70 -67 -75 <END> 
<S> 55 58 70 75 / 53 68 -58 -75 / 51 63 67 -75 / 74 -51 -67 -70 / 50 67 72 75 / 48 -67 -72 -75 / 50 65 70 74 / 68 -65 -74 -74 / 67 70 75 79 / 63 -70 -70 -79 / 57 63 72 77 / 55 -63 -72 -77 / 56 -63 70 -77 / -56 -63 -70 -77 / 55 67 75 -63 / 53 60 -67 -75 <END> 
<S> 48 67 72 75 / 51 -67 -72 -75 / 53 68 74 -72 / 55 67 71 -74 / 65 -55 -71 -74 / 48 63 67 72 / 55 67 71 74 / 60 67 72 75 / 58 -67 -72 -75 / 57 65 72 77 / 55 70 -65 -77 / 53 65 68 72 / 74 -53 -65 -68 <END> 
<S> 60 67 72 75 / 62 65 72 77 / 63 70 79 / 62 65 -70 -79 / 60 63 72 79 / 62 -63 -72 -79 / 63 70 79 -67 / 62 65 -70 -79 / 63 72 79 -65 / 58 -63 -72 -79 / 56 63 72 77 / 55 70 75 -77 / 57 72 75 77 <END> 
<S> 63 70 79 / 55 82 -63 -79 / 53 56 68 77 / 60 75 -53 -68 / 55 62 67 70 / 63 -55 -70 -74 / 56 59 65 -74 / 74 -56 -59 -65 / 48 55 63 72 / 50 62 65 77 / 51 63 67 75 / 53 65 69 -75 <END> 
<S> 44 60 63 65 / 59 62 -44 -65 / 60 -44 -56 -65 / 62 -44 -56 -65 / 43 -71 59 63 / 48 60 63 67 / 46 -60 -63 -67 / 44 63 68 72 / 61 -44 -68 -72 / 51 63 68 72 / 56 -63 -72 / 58 65 -56 -68 / 55 62 67 / 53 60 68 68 / 55 58 -68 -68 <END> 
<S> 51 63 67 70 / 65 -51 -67 -70 / 67 -51 -67 -70 / 65 -51 -67 -72 / 64 67 72 -48 / 58 -67 -72 / 57 60 72 77 / 55 62 -72 -77 / 57 63 72 79 / 55 -63 -72 -79 / 53 65 74 -72 / 72 -53 -65 -72 / 63 -53 -72 -74 / 58 65 74 -72 / 56 62 65 -74 <END> 
<S> 57 65 77 -57 / 59 75 -65 / 60 63 72 75 / 62 65 71 -75 / 63 67 72 75 / 60 65 72 74 / 60 65 72 80 / 62 -65 -72 -80 / 63 70 79 / 62 65 -70 -79 / 60 63 72 79 / 58 -63 -72 -79 <END> 
<S> 60 63 72 75 / 62 65 70 77 / 63 70 79 -65 / 63 70 79 -82 / 60 -70 -79 -79 / 59 68 75 79 / 60 75 -67 -79 / 56 72 77 -64 / 53 -72 75 43 / 55 71 74 77 / 56 60 -74 -77 <END> 
<S> 59 62 74 77 / 60 72 75 / 55 -60 -72 -75 / 53 69 74 -60 / 55 59 67 -74 / 65 -55 -59 -74 / 48 55 63 72 / 50 58 65 70 / 51 58 63 67 / 56 62 65 -51 / 50 55 63 70 <END> 
<S> 48 55 63 65 / 62 -48 -55 -63 / 60 -48 -55 -63 / 43 55 62 -60 / 59 -43 -55 -62 / 53 -43 -59 -62 / 48 51 55 60 / 47 55 62 67 / 65 -47 -55 -62 <END> 
<S> 48 55 60 63 / 48 55 60 63 / 48 55 63 -60 / 53 56 60 65 / 58 62 -53 -65 / 60 -53 -62 -65 / 55 58 62 -65 / 60 -55 -58 -65 / 56 59 62 / 43 60 -59 -67 <END> 
<S> 44 60 65 -60 / 59 -44 -60 -65 / 48 60 64 67 / 51 60 67 68 / 53 63 -67 -70 / 65 -53 -60 -67 / 48 60 65 -60 / 64 -48 -60 -60 / 47 62 67 -60 / 43 59 65 -43 / 44 51 60 63 / 43 62 65 70 / 41 -62 -65 -70 <END> 
<S> 48 55 60 63 / 46 55 58 -63 / 44 53 60 63 / 46 53 62 -60 / 51 55 60 / 63 -51 -60 / 51 56 60 / 53 -51 -60 -67 / 51 55 58 67 / 60 -51 -55 -67 / 50 53 58 70 / 48 51 60 -70 / 46 53 62 70 <END> 
<S> 48 55 60 63 / 46 55 58 -63 / 44 51 60 67 / 43 50 59 67 / 44 48 60 65 / 47 55 62 67 / 48 55 60 -67 / 62 -48 -55 -67 / 48 55 63 67 / 46 -55 -63 -67 <END> 
<S> 43 55 62 71 / 55 -43 -62 -71 / 48 55 63 72 / 51 55 63 67 / 38 53 65 69 / 63 -53 -69 / 47 62 65 -69 / 48 60 63 67 / 58 -48 -63 -67 / 43 56 65 / 55 64 67 / 44 60 65 68 / 59 -44 -65 -68 <END> 
