<S> 57 65 69 72 / 59 -65 -69 -72 / 60 64 67 72 / 69 -60 -64 -72 / 55 62 71 74 / 67 -55 -71 -74 / 57 64 69 72 / 55 -64 -69 -72 / 53 69 72 77 / 65 -53 -72 -77 / 48 64 72 79 / 70 -48 -64 -79 / 53 60 69 77 <END> 
<S> 53 69 72 77 / 54 62 -69 -72 / 55 62 70 -69 / 67 -55 -62 -70 / 50 69 66 74 / 52 67 -74 / 54 62 69 74 / 50 -62 -69 -74 / 55 62 69 74 / 54 -62 -69 -74 / 55 59 67 74 / 60 64 67 72 / 58 -64 -67 -72 <END> 
<S> 55 62 67 70 / 53 -62 -67 -70 / 52 67 72 -60 / 59 -52 -67 -72 / 54 57 62 74 / 72 -54 -57 -62 / 55 62 71 -57 / 54 -55 -71 -74 / 52 55 67 72 / 54 62 69 -72 / 55 62 71 -69 / 67 -55 -62 -71 / 50 62 69 -67 / 66 -50 -62 -69 / 60 -50 -66 -69 <END> 
<S> 54 57 62 74 / 72 -54 -57 -62 / 55 62 71 -69 / 54 -55 -62 -71 / 48 55 60 69 / 47 59 62 67 / 48 60 64 67 / 53 62 65 69 / 71 -53 -65 -69 / 52 67 71 / 50 64 -52 -67 / 45 60 65 -64 / 47 62 -65 / 48 55 64 -62 / 60 -48 -55 -64 / 42 57 62 -60 / 50 59 64 -43 / 57 66 -50 -64 <END> 
<S> 52 60 67 72 / 70 -52 -60 -67 / 53 60 65 69 / 48 60 64 67 / 59 -48 -64 -67 / 57 62 65 -48 / 47 59 62 67 / 62 -47 -59 -67 / 45 60 65 -55 / 53 -45 -60 -65 / 43 55 59 62 / 41 -55 -59 -62 / 48 55 60 64 / 47 62 -55 -60 <END> 
<S> 45 60 64 72 / 47 55 62 -72 / 48 55 64 72 / 50 62 65 71 / 48 64 67 72 / 55 62 67 71 / 53 60 65 69 / 62 -53 -65 -69 / 52 60 64 67 / 58 -52 -64 -67 / 57 60 64 65 / 55 59 67 <END> 
<S> 50 65 69 71 / 69 74 -50 -65 / 68 -50 -62 -74 / 55 62 71 76 / 67 -55 -62 -71 / 50 -55 -67 -71 / 48 72 -67 -71 / 50 65 69 74 / 62 -50 -65 -74 / 55 62 70 / 53 64 -55 -70 / 57 60 65 72 / 53 74 -65 -72 / 55 64 67 71 / 62 65 -55 -71 <END> 
<S> 52 60 67 72 / 50 65 -60 -72 / 52 55 67 71 / 48 55 64 69 / 53 57 60 69 / 62 -57 -69 / 48 64 -57 -69 / 50 59 65 74 / 52 64 -59 -69 / 60 57 -64 -72 / 62 71 -52 -60 / 59 -43 -62 -71 / 48 60 64 69 / 57 -48 -64 -69 / 47 54 62 -69 / 43 71 -54 -62 / 48 55 59 64 <END> 
<S> 45 64 69 72 / 47 -64 -69 -72 / 48 64 67 72 / 50 -62 -67 -72 / 54 62 69 -72 / 71 -54 -62 -69 / 55 59 62 67 / 64 67 -55 -59 / 54 60 69 -67 / 62 -54 -67 -69 / 50 62 66 71 / 55 59 62 67 / 52 64 67 72 / 54 69 -64 -72 <END> 
<S> 47 55 62 71 / 48 64 -55 -71 / 50 62 65 69 / 60 -50 -65 -69 / 52 59 64 67 / 62 -52 -59 -67 / 53 57 60 69 / 55 59 67 / 52 60 65 -67 / 57 60 65 -52 / 55 -60 -65 -65 / 57 60 64 67 / 58 -40 -64 -67 / 49 57 65 -64 / 53 62 -57 -65 / 47 55 62 67 <END> 
<S> 53 57 65 69 / 50 65 -57 -65 / 64 -50 -53 -65 / 55 59 62 -65 / 60 64 -53 -59 / 59 62 -53 / 52 55 60 / 48 52 57 60 / 55 -48 -60 -64 / 42 57 62 66 / 59 -38 -62 -66 / 43 60 62 67 / 55 59 62 67 / 53 -59 -62 -67 <END> 
<S> 47 55 62 67 / 43 -55 -62 -67 / 59 -43 -62 -67 / 38 -43 -62 -67 / 55 -43 -62 -67 / 38 62 69 -55 / 38 54 -62 -69 / 43 59 62 67 / 48 52 60 67 / 47 53 62 67 / 48 55 60 64 / 50 65 -55 -60 / 52 55 60 67 / 50 -60 -55 -67 / 55 59 62 / 67 -55 -59 -62 <END> 
<S> 47 50 62 67 / 65 -47 -50 -67 / 48 60 65 / 67 -48 -60 -60 / 55 60 62 -60 / 59 -43 -55 -62 / 53 -43 -59 -62 / 45 52 60 -43 / 47 50 62 67 / 48 57 64 -67 / 50 57 62 66 / 43 59 62 67 / 0 / 52 60 64 67 <END> 
<S> 48 52 57 -60 / 50 53 59 / 55 52 60 / 36 52 55 60 / 36 51 64 67 / 38 53 62 -67 / 40 60 64 67 / 38 -60 -64 -67 / 43 55 62 67 / 71 -55 -62 -67 / 38 54 62 69 / 60 -38 -54 -69 / 43 55 59 67 / 48 52 60 67 / 47 62 -52 -67 <END> 
<S> 45 48 64 72 / 47 55 62 -72 / 48 64 -55 -72 / 45 60 64 71 / 47 62 -64 -71 / 45 57 60 65 / 47 -57 -65 / 48 55 64 -45 / 53 60 -48 -64 / 41 60 62 -60 / 38 59 -60 -62 / 57 -43 -55 -62 / 53 -43 -59 -62 / 36 52 55 60 / 45 52 60 72 / 54 -45 -60 -72 <END> 
<S> 41 55 60 62 / 38 53 -60 -62 / 43 50 59 -62 / 53 -43 -59 -62 / 36 52 55 60 / 48 52 60 67 / 47 53 62 69 / 45 -53 -62 -69 / 47 50 62 67 / 49 57 64 69 / 50 53 65 -69 / 52 62 67 / 71 53 -62 -67 / 52 60 67 72 / 54 -52 -67 -72 <END> 
<S> 47 55 62 67 / 45 -55 -62 -67 / 43 59 62 -55 / 47 55 62 67 / 48 55 60 64 / 65 -48 -55 -60 / 40 55 60 67 / 58 62 65 -55 / 53 57 60 / 52 55 58 64 / 53 55 60 69 / 54 57 62 -69 / 55 62 67 71 / 48 64 -55 -67 / 50 62 65 69 / 64 -50 -62 -69 / 55 62 67 71 / 53 60 69 72 / 52 58 67 -72 / 50 57 -67 -72 <END> 
<S> 53 60 65 69 / 52 -60 -65 -69 / 50 58 64 67 / 49 -58 -64 -67 / 50 57 65 65 / 62 -50 -57 -65 / 45 57 61 64 / 44 59 -57 -64 / 41 57 62 -57 / 44 53 59 -62 / 38 54 57 60 / 43 55 59 62 / 53 -43 -59 -62 <END> 
<S> 43 50 59 62 / 55 -43 -59 -62 / 48 52 55 64 / 48 52 60 67 / 45 60 65 69 / 47 62 65 71 / 48 64 67 69 / 50 62 66 69 / 60 -50 -66 -69 / 55 59 62 67 / 60 64 -55 -67 / 62 65 -55 -60 / 59 64 -43 -62 / 48 55 60 64 / 41 57 60 62 / 43 55 59 62 / 53 -43 -59 -62 <END> 
<S> 47 56 65 71 / 64 -50 -57 -71 / 40 55 64 -71 / 62 72 -55 -64 / 59 62 -44 -55 / 52 60 60 67 / 53 -60 59 62 / 52 60 67 72 / 50 62 65 71 / 48 64 67 72 / 55 59 67 74 / 55 59 67 74 <END> 
<S> 50 57 65 69 / 55 62 67 71 / 53 60 65 69 / 52 60 67 / 57 60 65 77 / 59 -48 -65 -77 / 60 67 72 76 / 71 -60 -67 -76 / 62 66 69 77 / 60 66 -69 -77 / 59 67 74 79 / 55 71 74 79 <END> 
<S> 57 60 72 77 / 62 -57 -72 -77 / 55 64 72 79 / 60 65 -72 -79 / 58 67 74 77 / 57 76 -67 -74 / 58 62 65 74 / 67 -58 -62 -74 / 53 57 62 72 / 45 -53 -57 -72 / 47 55 62 71 / 48 -55 -62 -71 / 48 55 64 72 / 50 55 62 71 / 52 55 -71 -71 <END> 
<S> 50 62 65 71 / 48 55 64 72 / 50 62 65 71 / 48 60 64 69 / 47 59 65 74 / 45 -59 -59 -74 / 45 57 64 72 / 48 60 64 67 / 65 -48 -60 -67 / 55 59 67 74 / 53 -59 -67 -74 <END> 
<S> 47 59 62 67 / 49 57 64 -67 / 45 57 65 74 / 47 -57 -65 -74 / 48 55 64 72 / 64 -48 -55 -72 / 0 / 55 -48 -72 / 40 53 72 -72 / 52 55 60 -72 <END> 
<S> 48 64 67 72 / 55 62 71 -67 / 60 69 -55 -67 / 53 59 62 67 / 52 60 64 67 / 50 53 65 69 / 48 -53 -65 -69 / 47 65 67 -55 / -74 -48 -67 -65 / 48 55 64 72 / 55 62 -48 -72 / 36 -55 -55 -72 <END> 
<S> 50 53 62 71 / 48 52 55 72 / 53 60 -48 -67 / 55 62 67 -48 / 47 -55 -62 -67 / 45 55 60 64 / 43 55 59 62 / 48 55 60 64 / 48 55 64 67 / 58 -48 -64 -67 <END> 
<S> 48 55 60 64 / 58 -48 -55 -64 / 43 55 60 / 55 59 -43 -55 / 53 -43 -59 -62 / 48 52 55 60 / 52 55 60 / 50 53 59 62 / 48 55 60 64 / 47 55 62 65 / 43 55 62 71 <END> 
<S> 47 55 62 -62 / 48 55 60 64 / -48 -55 -60 -64 / 47 55 62 65 / 64 -47 -55 -71 / 45 60 65 -55 / 57 -55 -60 -65 / 43 62 -55 -60 / 59 -43 -55 -62 / 48 55 60 64 / 47 62 -55 -60 / 45 52 60 -55 / 48 52 55 -60 / 47 50 62 -55 / 48 52 55 67 / 60 -48 -52 -67 <END> 
<S> 45 48 60 65 / 47 55 62 -65 / 48 55 64 -62 / 60 -48 -55 -64 / 41 57 60 62 / 44 60 64 -60 / 43 50 59 62 / 55 -43 -59 -62 / 36 55 60 64 / 36 -55 -60 -64 / 43 55 59 62 / 47 62 -55 -62 / 48 55 60 64 / 50 65 -55 -60 / 52 55 60 67 / 50 -55 -60 -67 <END> 
<S> 43 55 60 62 / 59 -43 -55 -62 / 47 55 62 67 / 48 55 60 64 / 55 -48 60 -55 / 41 53 62 -60 / 59 -41 -53 -62 / 43 59 62 -53 / 52 -43 -59 -62 / 50 52 60 / 52 55 59 67 / 48 55 60 67 / 47 62 -55 -67 / 48 55 64 69 / 45 -55 -64 -69 / 50 54 62 -69 / 43 59 62 67 <END> 
<S> 41 48 60 69 / 49 55 58 69 / 50 54 57 62 / 71 -50 -54 -57 / 47 55 59 62 / 43 55 59 62 / 48 -55 -59 -62 / 47 55 62 -55 / 48 55 60 64 / 50 65 -55 -60 / 52 60 67 -60 / 59 62 -52 -67 / 45 57 60 65 / 59 64 -57 -65 / 48 55 60 64 / 41 57 60 62 / 43 55 59 62 / 53 -43 -59 -62 <END> 
<S> 45 48 60 64 / 47 55 62 65 / 48 55 60 64 / 47 55 59 62 / 48 55 60 64 / 47 -55 -60 -64 / 48 55 60 64 / 45 64 -55 -60 / 43 55 62 -60 / 59 -43 -55 -62 / 53 -43 -59 -62 / 48 52 55 60 / 47 55 62 74 / 47 -55 -62 -74 <END> 
<S> 41 48 60 62 / 69 -48 -60 -62 / 43 55 59 62 / 51 55 60 64 / 41 -55 -60 -64 / 43 55 59 62 / 53 -43 -59 -62 / 36 52 55 60 / 48 55 64 72 / 67 -55 -64 -72 / 55 62 67 71 / 48 64 67 69 / 50 62 66 -69 / 60 -50 -66 -69 <END> 
<S> 48 55 60 64 / 69 -55 -60 -64 / 59 62 62 71 / 52 60 64 72 / 50 62 65 74 / 55 64 67 72 / 53 62 65 71 / 64 -53 -62 -71 / 50 62 66 69 / 52 55 67 70 / 50 54 62 69 / 55 62 71 -62 / 68 -55 -62 -62 <END> 
<S> 54 57 62 74 / 72 -54 -57 -62 / 55 62 71 / 54 -55 -62 -71 / 52 55 67 72 / 50 -55 -67 -72 / 48 55 67 74 / 47 55 -67 -74 / 66 -47 -55 -74 / 48 55 64 72 / 50 65 71 -55 / 52 55 64 72 / 53 57 -64 -72 / 55 59 67 74 / 53 -59 -67 -74 <END> 
<S> 47 50 62 67 / 48 55 60 64 / 50 -48 -55 -64 / 48 52 55 64 / 41 53 60 / / 59 62 -41 -53 / 43 55 59 64 / 40 -55 -59 -64 / 43 55 60 64 / 59 -43 -55 -64 / 45 57 60 65 / 47 50 -57 -65 / 43 55 59 67 / 48 55 60 64 / 46 -55 -60 -64 <END> 
<S> 41 57 60 69 / 66 -57 -60 -69 / 55 59 62 67 / 57 60 64 72 / 65 -57 -60 -72 / 59 65 67 74 / 59 -59 -67 -74 / 60 60 67 76 / 69 -60 -60 -76 / 55 67 71 74 / 59 67 74 79 / 77 -59 -67 -74 <END> 
<S> 60 64 67 76 / 59 62 -67 -76 / 57 60 65 77 / 55 62 71 79 / 57 60 69 81 / 59 74 -69 -69 / 60 67 76 / 65 69 -60 -76 / 53 67 71 74 / 55 67 71 74 / 52 67 72 79 / 65 -52 -72 -79 <END> 
<S> 60 67 69 76 / 62 -67 -69 -76 / 64 67 71 79 / 62 65 -71 -79 / 60 64 72 79 / 62 65 -72 -79 / 64 67 71 79 / 62 65 -67 -79 / 60 67 72 76 / 65 74 -60 -76 / 61 64 69 76 <END> 
<S> 64 67 79 84 / 62 -67 -76 -84 / 60 67 72 76 / 59 -67 -72 -76 / 57 66 72 81 / 55 64 71 79 / 53 -64 69 81 / 60 -53 -69 -81 / 59 62 74 79 / 60 64 76 -79 / 65 -60 45 -76 / 72 76 -60 -81 / 59 74 -72 -81 / 60 67 76 79 / 69 -52 -76 -79 <END> 
<S> 59 64 79 / 77 -59 -64 -67 / 59 61 67 76 / 57 60 69 77 / 59 62 67 -77 / 60 64 67 76 / 54 69 -64 -72 / 55 67 71 74 / 52 67 73 76 / 50 69 74 77 / 76 -50 -69 -77 / 52 67 72 76 / 53 74 -67 -76 / 55 76 67 -74 / 72 -55 -67 -76 <END> 
<S> 62 69 76 / 67 -62 -75 / 50 62 69 77 / 67 70 -57 -77 / 57 69 72 76 / 77 -57 -69 -72 / 52 67 72 79 / 53 -67 -72 -79 / 55 67 71 74 / 62 67 71 79 / 66 69 74 / 59 67 -74 / 72 -58 -67 / 50 62 65 71 <END> 
<S> 64 67 72 / 65 69 74 / 67 76 -65 / 69 77 -60 / 59 62 -69 -77 / 60 64 67 76 / 53 65 69 -76 / 65 71 74 -48 / 47 50 -74 -74 / 67 -47 -74 -74 / 47 69 -74 -77 / 72 -47 -68 -77 / 48 65 74 77 / 76 -48 -60 -76 / 47 67 74 -60 / 43 59 -67 -74 / 65 -43 -59 -74 <END> 
<S> 47 65 67 74 / 48 67 75 -74 / 52 60 67 76 / 50 60 77 -67 / 52 64 72 79 / 53 -64 -72 -79 / 55 67 71 74 / 52 60 -67 -74 / 53 69 74 -60 / 59 67 -53 -74 / 52 60 67 76 / 55 -60 -67 -76 / 53 57 65 74 / 55 59 -65 -74 / 56 64 72 76 / 57 64 71 -76 <END> 
<S> 53 60 69 74 / 59 -60 -69 -74 / 52 60 67 76 / 48 64 67 76 / 50 65 69 77 / 71 -50 -65 -77 / 52 67 72 76 / 53 -67 -72 -76 / 55 67 74 -72 / 71 -55 -67 -74 / 0 / 56 64 71 76 <END> 
<S> 52 67 72 / 50 65 69 74 / 71 -50 -65 -74 / 48 67 72 76 / 50 77 -72 -76 / 52 67 72 76 / 53 69 -72 -76 / 55 67 72 74 / 43 -67 -72 -74 / 59 67 71 74 / 65 -59 -71 -74 <END> 
<S> 50 65 69 74 / 71 -50 -65 -74 / 48 67 72 76 / 52 -67 -72 -76 / 53 69 74 -72 / 50 65 -72 -74 / 55 62 71 -74 / 67 -55 -71 -74 / 65 -55 -71 -74 / 48 64 67 72 / 55 67 71 74 / 55 67 71 74 / 53 -67 -71 -74 <END> 
<S> 48 64 67 72 / 60 67 72 76 / 59 -67 -72 -76 / 57 69 74 77 / 59 62 -74 -77 / 60 64 67 76 / 48 60 67 76 / 53 65 69 72 / 74 -53 -65 -69 / 48 67 72 76 <END> 
<S> 60 67 76 / 53 60 69 -76 / 55 67 71 74 / 55 67 71 74 / 48 67 72 76 / 52 -67 -72 -76 / 53 -67 -72 -76 / 55 67 71 74 / 65 -55 -71 -74 / 48 64 67 72 / 55 67 71 74 <END> 
<S> 67 74 -53 -67 / 52 60 -67 -74 / 50 65 -60 59 / 52 59 67 74 / 55 59 67 74 / 60 64 76 -55 / 53 62 69 74 / 50 66 -62 -74 / 55 62 67 71 / 43 59 62 67 / 55 64 67 72 / 54 62 69 74 <END> 
<S> 55 62 69 74 / 71 -55 -62 -74 / 66 69 -55 -74 / 52 67 71 79 / 73 -64 -67 -79 / 62 74 -67 -79 / 60 -62 81 -81 / 59 62 67 79 / 64 -58 -67 -79 / 57 60 69 77 / 59 62 -69 -77 / 60 64 67 76 / 53 65 69 -76 <END> 
<S> 59 62 67 79 / 69 -59 -62 -79 / 59 62 71 79 / 57 -62 -71 -79 / 55 62 69 78 / 54 -62 -69 -74 / 55 62 71 -69 / 67 -55 -62 -71 / 50 60 67 69 / 66 -50 -60 -69 / 55 59 62 67 / 52 59 67 <END> 
<S> 50 62 67 69 / 66 -50 -62 -69 / 55 59 62 67 / 52 60 67 72 / 50 62 67 71 / 48 64 67 69 / 50 62 66 -69 / 52 62 67 71 / 50 59 62 67 <END> 
<S> 57 64 69 72 / 67 -57 -64 -72 / 54 62 69 74 / 60 -54 -69 -74 / 55 59 67 74 / 65 -55 -59 -74 / 57 60 64 72 / 65 74 -57 -60 / 55 59 67 74 / 53 -59 -67 -74 / 52 60 67 76 / 53 -60 -67 -76 / 55 60 67 74 / 72 -55 -60 -67 <END> 
<S> 55 59 67 74 / 57 60 -67 -74 / 59 62 67 74 / 55 59 -67 -74 / 60 67 76 / 57 69 76 -67 / 77 -57 -69 -72 / 59 67 74 79 / 77 -59 -67 -74 / 60 67 72 76 / 53 69 72 74 / 55 67 71 -74 / 65 -55 -71 -74 <END> 
<S> 62 67 71 77 / 69 -62 -67 -77 / 66 74 -69 -77 / 59 67 74 -54 / 60 67 76 -74 / 72 -60 -76 / 55 67 74 -72 / 53 -67 -74 -74 / 55 65 74 / 64 -55 -74 / 43 59 67 76 / 74 -43 -59 -67 / 48 60 67 76 / 48 52 67 72 / 77 -48 -67 -72 <END> 
<S> 55 60 67 76 / 53 -60 -67 -76 / 55 59 67 74 / 65 -55 -59 -74 / 48 55 64 72 / 48 60 64 72 / 50 65 -60 -72 / 52 60 67 70 / 48 -60 -67 -70 / 53 60 69 -67 / 62 65 -53 -69 / 63 -53 -65 -69 / 46 62 -65 70 / 51 63 70 -70 / 63 -51 -70 -70 <END> 
<S> 53 60 65 69 / 51 -60 -65 -69 / 50 58 65 70 / 46 58 -65 -70 / 48 63 -58 -70 / 46 61 70 -58 / 51 -61 -61 -70 / 48 60 63 68 / 49 61 65 70 / 48 63 69 / 46 55 62 67 / 45 60 72 -55 / 47 55 62 67 / 65 -47 -55 -62 <END> 
<S> 50 58 65 70 / 48 60 63 69 / 46 62 65 70 / 48 60 63 69 / 50 58 65 70 / 51 63 -58 -70 / 53 60 68 74 / 50 -60 -68 -74 / 55 70 -60 -74 / 53 65 68 74 / 55 59 67 74 / 65 -55 -74 <END> 
<S> 56 60 68 72 / 55 -60 -72 / 53 68 72 -60 / 59 62 -53 -68 / 48 60 67 75 / 58 -60 -67 -75 / 53 56 65 74 / 51 58 67 75 / 56 60 65 77 / 67 -56 -60 -77 / 55 62 69 77 / 53 71 -62 -77 <END> 
<S> 56 60 65 77 / 53 -56 -60 -77 / 55 60 63 / 53 -55 -60 -63 / 55 59 62 / 53 55 -59 -62 / 48 51 55 60 / 48 51 55 60 / 53 62 -48 -55 / 55 60 -48 -51 / -55 -48 -60 / 45 53 60 -60 / 41 53 62 -60 <END> 
<S> 48 51 55 60 / 46 -51 -55 -60 / 44 51 60 67 / 41 -51 -60 -67 / 44 51 60 67 / 41 -51 -60 -67 / 44 56 60 65 / 41 -56 -60 -65 / 46 53 62 65 / 44 -53 -65 -62 / 63 67 -53 -57 / 41 53 60 68 / 43 -53 -60 -68 / 44 60 65 -53 / 41 46 -60 -65 <END> 
<S> 41 56 60 68 / 53 -41 -60 -68 / 43 55 62 67 / 59 -43 -62 -67 / 44 60 65 / 43 58 62 / 44 55 60 64 / 48 52 60 67 / 53 60 68 / 51 -53 -60 -68 / 50 53 60 67 / 58 48 -53 -67 / 43 50 60 67 / 45 -43 -60 -67 <END> 
<S> 44 48 60 65 / 46 50 58 -65 / 48 51 -58 -65 / 46 50 58 65 / 48 51 57 -65 / 46 50 58 65 / 48 67 -50 -58 / 46 56 62 / 55 60 63 / 58 62 65 / 56 60 63 / 43 55 62 70 <END> 
<S> 51 58 67 / 50 -58 -67 / 48 63 67 72 / 46 62 -67 -72 / 44 60 67 75 / 58 -60 -67 -75 / 54 60 69 75 / 55 67 71 74 / 58 -67 -71 -74 / 56 72 -71 51 55 64 70 72 / 65 68 -55 -72 <END> 
<S> 60 67 68 75 / 62 -60 -67 -75 / 48 63 67 72 / 60 -63 -67 -72 / 56 65 72 / 53 63 72 / 47 65 74 / 55 67 -47 -74 / 48 72 75 -67 / 50 65 74 -72 / 71 -50 -65 -74 / 51 63 72 75 / 53 68 74 77 <END> 
