<S> 52 55 60 67 / 53 60 69 / 52 55 60 67 / 50 59 -55 -67 / 57 -50 -55 -67 / 43 55 59 65 / 64 -43 -55 -59 / 48 55 60 64 / 0 / 48 55 64 67 <END> 
<S> 48 55 60 64 / 48 55 60 64 / 41 -55 -60 -64 / 43 55 59 62 / 55 59 62 -43 / 53 -43 -59 -62 / 48 52 55 60 / 47 55 62 67 / 48 55 60 64 <END> 
<S> 41 57 60 62 / 43 55 59 -62 / 53 -43 -59 -62 / 36 52 55 60 / 48 64 72 -55 / 60 -48 -64 -72 / 55 59 67 74 / 52 -55 -59 -74 / 57 60 64 72 / 55 65 -60 -72 <END> 
<S> 48 55 64 72 / 50 65 71 74 / 52 60 67 72 / 62 -52 -67 -72 / 54 57 69 74 / 55 62 67 70 / 72 -55 -62 -67 / 47 62 67 / 55 -47 -62 -67 / 48 55 62 65 / 59 -48 -55 -65 <END> 
<S> 55 62 67 70 / 50 60 66 69 / 62 -50 -60 -69 / 55 59 62 67 / 52 60 67 72 / 69 -52 -60 -72 / 53 70 74 -60 / 52 -53 -69 -74 / 50 65 72 77 / 52 60 67 -77 / 53 60 69 77 / 55 -60 -69 -77 / 56 60 71 76 / 74 -53 -60 -68 / 52 59 67 76 / 55 -52 -59 -67 -79 <END> 
<S> 53 60 69 72 / 62 -53 -69 -72 / 52 64 67 72 / 62 65 71 -52 / 67 -52 -62 -71 / 50 59 67 74 / 51 60 67 72 / 52 -52 -60 -72 / 67 -52 -52 -72 / 50 65 71 77 / 48 67 72 76 / 53 -67 -72 -76 / 55 59 74 -72 / 67 -55 -59 -74 / 52 60 67 72 / 53 69 -60 -72 / 59 65 74 -72 / 60 64 67 76 / 72 77 -60 -67 <END> 
<S> 53 57 69 72 / 71 -53 -57 -69 / 52 60 72 76 / 58 -52 -72 -76 / 53 57 72 77 / 55 67 76 -72 / 53 69 72 -72 / 55 67 71 74 / 65 -55 -71 -74 / 48 64 67 72 / 55 67 71 74 / 55 67 73 76 / 53 69 -67 -76 / 55 62 71 74 / 64 -55 -71 -74 / 65 -55 71 -74 <END> 
<S> 55 67 71 74 / 62 67 73 -74 / 69 72 -67 -76 / 65 74 -72 / 64 67 -72 -74 / 65 72 81 -67 / 64 67 -72 -81 / 62 69 81 77 / 67 79 -62 -65 / 60 72 76 / 71 -60 -76 / 55 60 72 76 / 74 -55 -60 -72 / 48 67 72 76 / 50 62 71 77 / 52 60 69 -77 / 53 59 -69 -77 <END> 
<S> 65 72 81 / 64 67 -72 / 62 65 71 74 / 69 72 -62 -77 / 62 71 79 / 69 77 -62 / 60 62 -69 -77 / 59 62 67 79 / 55 61 67 76 / 60 69 -55 -76 / 53 65 74 -69 / 52 64 67 76 / 50 62 65 77 / 59 62 67 -77 <END> 
<S> 62 64 69 77 / 62 -62 -69 -77 / 57 61 69 76 / 60 64 67 79 / 58 60 76 -79 / 57 60 72 77 / 58 62 67 79 / 60 69 77 / 59 62 67 79 <END> 
<S> 58 64 79 62 / 60 -58 -79 / 59 67 71 79 / 52 68 81 / 57 72 76 / 52 -57 -72 -76 / 70 -52 -57 -76 / 53 69 76 77 / 50 -69 72 77 / 52 -69 -72 -77 / 53 69 73 76 / 55 -69 -72 -76 <END> 
<S> 57 64 72 / 55 -64 -72 / 53 74 79 -72 / 71 -67 -72 / 65 67 72 / 48 64 67 -72 / 65 74 -48 -67 / 60 67 72 76 / 59 -67 -72 -76 / 57 76 71 -76 / 74 -57 -64 -71 / 56 64 71 76 / 74 -56 -64 -71 / 57 64 69 72 / 55 65 71 74 <END> 
<S> 67 59 74 / 65 -59 -67 -74 / 56 64 71 76 / 56 64 71 -76 / 57 64 69 72 / 59 62 67 74 / 60 67 76 / 77 -60 -67 / 55 60 67 74 / 59 -55 -67 -74 / 48 64 67 72 / 55 67 71 74 <END> 
<S> 59 62 67 74 / 57 60 -67 -74 / 55 59 67 74 / 55 59 67 74 / 60 67 76 / 59 -60 -67 -76 / 57 60 66 74 / 72 -57 -60 -66 / 55 59 67 74 / 52 59 68 76 <END> 
<S> 59 62 67 74 / 55 -59 -67 -74 / 60 67 76 / 65 74 -60 -67 / 64 69 72 -60 / 62 71 74 -79 / 57 64 72 76 / 62 -57 -72 -76 / 60 64 69 79 / 65 -60 -69 -79 / 64 67 72 81 / 65 74 81 -67 / 62 67 74 -46 / 64 71 -74 -83 / 72 -62 -67 -83 <END> 
<S> 57 64 69 72 / 65 -57 -69 -72 / 59 67 74 / 57 65 -59 -74 / 52 60 64 67 / 58 -52 -67 -76 / 53 57 65 77 / 55 58 76 79 / 57 60 77 -79 / 58 70 74 -77 / 60 69 73 76 / 53 69 72 77 / 74 -53 -69 -77 <END> 
<S> 58 62 70 77 / 57 61 70 76 / 55 58 -70 -76 / 53 -58 -70 -76 / 52 72 -58 -70 / 53 57 74 -72 / 58 67 72 76 / 54 57 -72 -76 / 55 59 74 / 57 60 69 -55 / 54 62 69 / <END> 
<S> 57 65 72 / 55 70 -65 -72 / 53 65 69 72 / 46 74 -65 -69 / 67 -47 -74 / 65 -46 -71 -74 / 48 63 67 72 / 55 67 71 74 / 55 67 71 74 <END> 
<S> 68 74 -63 / 55 62 67 -74 / 60 -55 -67 -74 / 65 -55 -60 -74 / 43 59 67 74 / 55 71 74 / 60 67 72 75 / 58 -67 -72 -75 / 57 67 72 77 / 59 -67 -72 -77 / 60 67 72 75 / 58 -67 -72 -75 <END> 
<S> 60 63 67 75 / 62 -60 -67 -75 / 54 60 69 75 / 55 67 71 74 / 60 67 72 75 / 58 -67 -72 -75 / 57 60 72 77 / 55 70 -60 -77 / 53 65 69 72 / 75 -53 -65 -72 / 58 65 70 74 / 59 -65 -70 -74 <END> 
<S> 57 60 72 77 / 55 70 -60 -77 / 53 65 69 72 / 74 -53 -65 -69 / 55 58 67 75 / 57 60 -67 -75 / 58 62 65 74 / 65 70 -60 -74 / 56 67 -70 -74 / 55 65 72 74 / 64 -55 -72 -74 / 43 62 70 79 / 55 82 -70 -79 <END> 
<S> 55 58 67 75 / 56 60 65 -75 / 58 62 74 -65 / 56 -58 -65 -74 / 55 58 67 75 / 43 -55 -67 -75 / 48 60 67 75 / 53 -60 -67 -75 / 55 60 67 74 / 59 -55 -67 -74 / 44 60 63 72 / 43 58 -63 -72 / 57 60 65 -72 / 47 62 -65 -72 / 48 60 64 67 / 60 63 67 <END> 
<S> 55 59 74 / 53 60 65 / 59 62 -53 -65 / 60 -53 -60 -65 / 59 62 65 -53 / 63 -53 -59 -65 / 47 62 65 -55 / 48 60 64 67 / 55 59 62 67 / 53 -59 -62 -67 / 51 60 67 72 / 50 -60 -67 -72 / 48 62 67 74 / 47 -62 -67 -74 / 48 60 67 75 / 55 -60 -67 -75 / 53 56 68 74 -60 / 55 58 67 75 / 56 60 65 -75 <END> 
<S> 51 60 67 75 / 50 -60 -67 -75 / 48 60 67 75 / 72 -48 -67 -75 / 55 67 74 -72 / 71 -55 -67 -74 / 60 67 72 75 / 58 -67 -72 -75 / 56 65 72 77 / 55 71 -65 -77 / 53 67 72 79 / 51 -67 -72 -79 / 53 68 72 74 / 55 67 71 -74 / 65 -55 -71 -74 <END> 
<S> 56 65 72 77 / 55 70 75 -77 / 53 68 72 75 / 74 -53 -68 -72 / 55 67 71 74 / 65 -55 -71 -74 / 48 63 67 72 / 55 67 71 74 <END> 
<S> 68 74 -53 -65 / 63 75 -68 / 46 65 68 74 / 55 63 67 75 / 60 65 68 -75 / 58 65 -68 -75 / 60 65 67 75 / 58 62 -67 -75 / 56 60 72 75 / 55 70 -60 -75 <END> 
<S> 44 63 72 77 / 60 -63 -72 -77 / 70 -60 -63 -77 / 50 65 68 -77 / 55 63 70 75 / 56 65 72 77 / 53 -65 -72 -77 / 58 70 74 77 / 65 -59 -74 -77 <END> 
<S> 53 60 68 77 / 51 67 -60 -77 / 59 65 68 -77 / 55 -65 -68 -77 / 63 67 70 / 59 62 -67 -70 / 60 63 67 75 / 58 -60 -67 -75 / 56 60 65 77 / 55 -60 -65 -77 / 53 59 67 79 / 51 60 -67 -79 / 50 65 -60 59 <END> 
<S> 56 60 65 77 / 55 -60 -65 -77 / 53 62 70 79 / 68 -56 -62 -79 / 51 63 70 79 / 61 -51 -70 -79 / 53 60 68 77 / 55 59 67 -77 / 56 60 65 72 / 51 -60 -65 -72 / 50 58 65 70 / 62 -58 -65 -70 / 60 63 -46 -70 / 62 65 70 / 63 67 70 / 69 77 -63 <END> 
<S> 53 60 65 69 / 60 63 67 70 / 58 62 -67 -70 / 57 60 67 72 / 55 58 -67 -72 / 54 57 62 74 / 50 -57 -62 -74 / 55 58 62 75 / 60 -55 -62 -70 / 50 58 65 74 / 63 -58 -58 -74 / 46 62 70 74 / 68 -46 -62 -74 / 51 58 67 75 / 58 65 70 74 / 56 -65 -65 -74 <END> 
<S> 51 58 65 67 / 63 -51 -58 -67 / 56 60 63 72 / 55 -60 -63 -72 / 53 60 68 72 / 55 67 70 75 / 56 65 68 77 / 58 61 67 75 / 68 -58 -61 -75 / 56 72 -63 -75 / 55 70 74 49 / 53 68 72 77 / 51 -68 -72 -77 / 50 70 77 -68 / 55 -70 -70 -77 / 56 63 68 72 / 65 -56 -68 -72 <END> 
<S> 53 68 72 77 / 60 75 -53 -72 / 55 62 71 74 / 56 60 72 / 62 65 -56 -72 / 55 63 67 70 / 53 65 68 / 51 58 67 75 / 56 60 -67 -75 / 58 62 65 68 / 63 67 -58 -62 / 60 64 67 <END> 
<S> 63 68 -58 -63 / 62 -55 -63 -70 / 55 58 63 70 / 53 61 -58 -70 / 52 56 60 68 / 53 60 68 -56 / 51 55 61 70 / 61 -51 -55 -70 / 53 56 60 65 / 55 58 63 -65 / 56 56 60 65 / 55 53 -56 -60 <END> 
<S> 53 56 65 -63 / 55 58 63 -65 / 56 62 65 43 55 58 64 67 74 / 53 60 65 68 / 64 -53 -60 -68 / 77 -53 -60 -68 / 59 -43 67 -68 / 0 / 60 67 59 74 / 55 59 67 74 <END> 
<S> 53 60 65 69 / 63 -53 -60 -69 / 55 62 67 70 / 60 63 67 72 / 58 -63 -67 -72 / 57 65 -63 -72 / 58 62 -65 -72 / 60 63 67 72 / 58 65 74 / 56 -65 -70 -74 / 55 63 70 75 / 65 -55 -70 -75 / 53 68 74 77 / 55 75 -68 -74 / 56 65 72 77 / 58 -56 -72 -77 / 60 63 72 75 / 74 -60 -63 -72 <END> 
<S> 63 68 72 -58 / 59 62 -68 -68 / 60 63 67 75 / 58 -60 -67 -75 / 56 60 72 77 / 55 70 -60 -77 / 53 65 72 80 / -65 -53 -72 -80 / 55 65 72 -72 / 71 -55 -65 -72 / 60 -55 -71 -74 / 65 -55 -60 -71 / 48 60 64 67 / 59 62 67 79 / 60 68 77 <END> 
<S> 53 57 72 77 / 55 75 -60 -72 / 53 60 74 -72 / 55 71 -60 -74 / 56 72 -60 / 58 74 -55 -67 / 57 65 72 -57 / 55 58 -65 -72 / 60 63 72 -58 / 62 -60 -63 -72 / 48 63 67 72 / 43 65 70 74 / 53 -65 -70 -74 / 55 63 70 41 57 62 77 -55 -70 <END> 
<S> 46 58 65 74 / 67 -46 -58 -74 / 52 65 70 79 / 53 60 -70 -79 / 55 -60 -70 -79 / 54 60 69 75 / 43 62 70 77 / 72 -62 -67 / 67 70 -62 / 63 69 -62 -67 / 62 69 -62 -69 / 55 62 70 -69 / 67 -55 -62 -70 / 53 69 -62 -67 / 51 60 67 / 58 -51 -67 -67 / 56 60 65 72 / 53 74 -60 -65 <END> 
<S> 58 68 -62 -70 / 57 60 69 75 / 55 67 70 53 / 62 65 -70 -75 / 63 70 72 79 / 63 68 0 / 0 / 65 68 72 -60 / 59 -65 -68 -72 / 60 64 67 57 / 62 77 -60 -67 / 60 63 67 79 / 58 62 -67 -79 <END> 
<S> 59 62 67 74 / 60 63 -67 -79 / 62 65 77 -60 / 56 60 -65 -77 / 55 62 70 -77 / 75 -55 -62 -70 / 53 56 62 74 / 55 58 75 -74 / 56 72 -58 -75 / 55 74 -58 -72 / 53 68 72 77 / 51 67 70 -77 / 50 69 77 -77 / 67 -50 -62 -77 / 65 69 -50 -62 -77 / 60 64 67 70 / 65 69 -60 <END> 
<S> 50 65 77 -72 / 71 -50 -65 -77 / 51 67 72 75 / 53 -67 -72 -75 / 55 67 74 -72 / 70 -55 -67 -74 / 51 58 67 75 / 65 74 -58 -58 / 57 63 72 -58 / 55 70 -63 -72 / 53 65 69 72 / 55 74 -65 -69 / 63 -55 -69 -74 / 65 -55 -72 -74 / 48 67 72 75 / 55 62 71 74 / 60 63 72 / 62 -60 -72 <END> 
<S> 54 63 68 72 / 55 62 67 71 / 69 -55 -62 -67 / 43 63 -55 -67 / 53 62 -43 -67 / 55 62 67 / 53 -62 -67 -71 / 51 60 67 72 / 50 -60 -67 -72 / 48 65 67 74 / 47 -65 -67 -74 / 48 63 67 75 / 62 -48 -67 -75 / 50 60 65 74 / 59 -50 -65 -74 / 51 63 67 72 / 56 65 68 -72 / 58 67 70 74 <END> 
<S> 51 60 67 72 / 53 68 74 -72 / 51 65 70 -74 / 50 65 -70 -74 / 55 58 -70 -74 / 53 72 -70 -75 / 51 65 70 74 / 50 -65 -70 -74 / 55 67 70 74 / 65 -55 -70 -74 / 56 63 68 72 / 55 -63 -68 -72 <END> 
<S> 55 67 70 75 / 53 -67 -70 -75 / 51 65 70 77 / 50 -65 -70 -77 / 51 63 70 79 / 72 -51 -63 -79 / 50 65 68 77 / 71 -50 -65 -77 / 48 67 72 75 / 53 -67 -72 -75 / 55 67 71 74 / 51 67 70 79 <END> 
<S> 50 72 -67 -75 / 51 67 72 75 / 53 -67 -72 -75 / 55 67 71 74 / 59 67 75 / 58 62 70 77 / 63 70 79 / 62 65 -70 -79 / 60 63 75 79 / 58 62 -75 -79 / 56 60 72 77 <END> 
<S> 63 67 70 79 / 62 65 -70 -79 / 60 63 72 79 / 62 77 -55 -72 / 63 79 -55 -60 / 59 62 74 77 / 60 -59 -74 / 60 68 75 -53 / 55 -60 -68 -75 / 53 60 68 77 / 55 67 75 79 / 56 63 72 77 / 56 60 75 -72 / 55 67 70 -75 <END> 
<S> 60 63 68 75 / 65 -60 -68 -75 / 60 67 75 / 58 -60 -67 -75 / 56 60 72 77 / 55 75 -60 -72 / 53 70 74 77 / 55 75 -70 79 / 56 65 72 77 / 58 62 70 -77 / 75 -58 -62 -70 / 51 63 70 79 / 62 77 -70 -70 / 59 67 74 79 / 77 -59 -67 -74 <END> 
<S> 56 63 72 77 / 55 -63 -72 -77 / 53 62 70 79 / 46 -62 -70 -79 / 51 63 70 79 / 50 -63 -70 -79 / 48 62 68 77 / 72 -48 -62 -77 / 47 62 67 79 / 65 -47 -62 -79 / 51 63 72 79 / 62 71 -79 / 77 -55 -62 -70 / 48 60 67 75 / 63 72 -60 -75 <END> 
<S> 48 63 67 79 / 62 71 -67 -79 / 60 67 72 75 / 58 -67 -72 -75 / 56 60 72 77 / 55 70 -60 -77 / 53 65 68 72 / 74 -53 -65 -68 / 75 -53 -65 -68 / 46 65 69 74 / 63 -46 -70 -74 / 65 -46 -70 -74 / 67 -46 -70 -74 / 47 65 68 72 / 67 -47 -65 -72 / 48 63 67 75 / 69 -48 -63 -75 <END> 
<S> 58 65 70 74 / 56 -65 -70 -74 / 55 67 70 75 / 53 68 72 77 / 57 60 72 75 / 55 70 -60 -64 / 53 60 68 77 / 50 62 70 -77 / 51 63 70 79 / 62 77 -63 -70 / 56 60 72 75 / 55 70 -60 -75 <END> 
<S> 53 60 68 77 / 51 67 -60 -77 / 59 62 74 79 / 55 -62 -74 -79 / 60 63 72 -55 / 48 63 67 -72 / 75 -48 -67 -72 / 53 65 68 74 / 50 72 -65 -68 / 55 62 67 71 / 43 59 67 74 / 45 60 72 75 / 47 62 67 74 <END> 
<S> 56 63 72 / 55 -63 -72 / 56 65 72 -56 / 58 -56 -65 -72 / 51 60 67 72 / 53 -60 -67 -72 / 55 60 67 74 / 59 -55 -67 -74 / 48 63 67 72 / 60 64 67 72 <END> 
<S> 48 60 63 -67 / 60 68 -48 -60 / 50 55 59 67 / 51 60 67 / 50 53 65 70 / 48 63 -53 -70 / 46 62 65 70 / 48 63 67 -70 / 50 58 65 68 / 51 58 67 -65 / 63 -51 -58 -67 <END> 
<S> 51 63 65 68 / 50 -58 -65 -68 / 51 58 63 67 / 62 65 -51 -58 / 51 60 63 67 / 58 62 -51 -67 / 56 60 65 -46 / 55 58 62 75 / 53 56 60 65 / 58 62 -53 -65 / 51 67 -58 -62 / 56 60 -51 -67 / 58 65 -56 / 55 59 67 75 <END> 
<S> 56 60 63 / / 55 60 65 / 53 59 62 -65 / 53 -59 -62 -65 / 48 60 63 -53 / 53 -48 -60 -63 / 55 59 62 -48 / 56 -55 -59 -62 / 39 55 60 63 / 55 59 62 / 43 55 59 62 / 53 -43 -59 -62 <END> 
<S> 41 56 62 63 / 43 55 60 63 / 41 56 62 65 / 60 -41 -56 -65 / 43 55 59 62 / 53 62 -43 -59 -62 / 48 55 60 63 / 53 62 -48 -55 / 60 -48 -53 -51 / 46 50 62 70 / 68 -50 46 -62 / 51 51 63 67 / 50 -51 -58 -67 <END> 
<S> 48 55 60 64 / 50 55 58 65 / 51 67 -58 -65 / 63 -51 -58 -67 / 46 58 65 -63 / 50 62 65 70 / 51 58 63 67 / 57 -51 -63 -67 / 46 58 65 / 53 -46 -58 -65 / 52 55 70 -58 / 53 60 -46 -70 / 48 52 60 67 / 0 / 52 60 67 <END> 
<S> 46 58 65 -63 / 62 -46 -58 -65 / 53 58 62 70 / 51 63 68 -58 / 57 60 -51 -67 / 50 58 65 70 / 48 63 -58 -70 / 50 53 62 70 / 60 69 -53 -53 / 51 58 67 / 53 60 68 72 / 55 62 67 71 / 56 60 65 72 / 62 74 -56 -65 <END> 
<S> 56 60 63 72 / 55 58 -63 -72 / 53 56 68 72 / 58 65 -53 -72 / 60 63 67 -72 / 59 74 -67 -63 / 60 67 72 75 / 58 -67 -72 -75 / 56 60 72 77 / 55 70 -60 -77 / 53 65 68 72 / 74 -53 -65 -68 / 75 -53 -68 -68 / 53 65 69 74 / 63 -53 -69 -74 / 55 62 70 -69 / 67 -55 -62 -70 / 50 62 67 -67 / 66 -50 -62 -67 <END> 
<S> 57 65 72 / 55 -57 -65 -72 / 53 56 65 72 / 46 58 65 74 / 46 58 65 74 / 56 65 72 / 48 55 64 72 / 57 60 66 74 / 58 59 67 -74 / 63 -58 -59 -74 / 56 60 68 72 / 55 70 -60 -67 / 53 60 68 68 / 55 59 67 75 / 56 60 65 77 / 59 62 67 -77 <END> 
<S> 55 59 67 74 / 62 77 -55 -74 / 60 67 76 / 59 74 -67 / 65 72 -59 -74 / 55 63 67 72 / 62 -55 -67 -72 / 60 -55 -67 -72 / 43 62 67 71 / 65 -43 -67 -71 / 48 63 67 72 / 52 67 70 / 53 60 68 77 / 65 -53 -68 -77 / 63 67 79 / -70 -63 -67 <END> 
<S> 48 60 67 75 / 51 60 67 -75 / 53 68 74 77 / 55 75 -68 -74 / 56 70 72 / 74 -56 -68 / 48 67 72 75 / 53 65 72 74 / 55 63 70 -74 / 54 63 72 -70 / 69 -54 -63 -72 / 55 62 71 74 / 55 67 71 74 <END> 
<S> 53 68 72 74 / 74 -53 -68 -74 / 55 67 72 75 / 43 -67 -72 -75 / 44 72 77 -75 / 74 -44 -56 -77 / 51 67 75 79 / 53 68 77 -75 / 55 67 74 77 / 68 72 -55 -74 / 47 67 71 74 / 65 -43 -71 -74 / 48 63 72 / 51 63 70 79 / 56 60 77 77 / 59 68 75 -77 <END> 
<S> 53 68 74 49 / 72 -53 -68 -77 / 55 67 71 74 / 43 65 -71 -74 / 48 63 72 / 60 67 75 / 58 -60 -67 -75 / 56 60 72 75 / 55 70 -60 -75 / 53 60 68 74 / 55 59 67 -74 / 56 60 67 72 / 65 -56 -60 -72 <END> 
<S> 60 67 75 / 58 -60 -67 -75 / 56 60 68 75 / 55 -60 -68 -75 / 53 60 68 77 / 76 -53 -68 -68 / 55 63 70 74 / 56 65 68 -74 / 58 67 67 75 / 64 67 -46 -67 / 65 -43 -67 -71 / 48 67 72 75 / 60 -67 -72 -75 / 58 67 74 / 70 -58 -67 -74 <END> 
<S> 60 65 72 75 / 58 65 74 -72 / 56 -65 -72 -74 / 55 67 70 75 / 53 -67 -70 -75 / 51 65 70 74 / 53 -65 -70 -74 / 51 63 70 79 / 72 -51 -63 -79 / 50 65 74 77 / 71 -50 -65 -77 / 48 67 72 75 / 66 -48 -72 -75 <END> 
