<S> 48 55 60 64 / 43 55 59 62 / 53 -43 -59 -62 / 45 52 59 60 / 57 -45 -52 -60 / 47 50 57 62 / 55 -47 -50 -62 / 48 55 64 / 60 -48 -55 -64 / 50 53 60 65 / 58 -50 -53 -65 / 52 58 60 67 <END> 
<S> 48 55 60 64 / 50 -55 -60 -64 / 52 55 60 / 53 62 -55 -60 / 55 59 62 / -52 -55 -59 -67 / 52 55 60 67 / 50 65 -55 -60 / 48 55 60 64 / 46 -55 -60 -64 / 45 57 60 65 / 43 -57 -60 -65 / 41 55 60 67 / 40 -60 -55 -67 / 41 60 69 -55 / 53 -41 -60 -69 / 43 59 67 -53 / 52 -43 -59 -67 <END> 
<S> 44 53 60 65 / 59 -53 -53 -65 / 36 55 60 64 / 41 57 60 62 / 43 55 59 62 / 53 -43 -59 -62 / 36 52 55 60 / 47 55 62 67 / 48 55 64 69 / 50 59 62 67 <END> 
<S> 41 62 -57 -60 / 53 59 -43 -62 / 36 52 55 60 / 48 52 60 67 / 41 53 60 69 / 62 -41 -53 -69 / 43 59 -41 -69 / 43 50 59 67 / 48 52 60 67 / 47 53 62 69 / 49 55 64 -69 / 50 62 65 69 / 52 60 64 67 / 53 62 -60 -67 <END> 
<S> 47 50 62 67 / 49 55 -67 / 46 52 -67 / 50 65 -43 -70 / 48 55 64 67 / 60 -48 -55 -64 / 43 55 59 74 / 55 59 62 -43 / 48 55 60 64 / 48 52 60 67 / 41 53 60 69 / 53 -53 -60 -69 / 48 60 64 67 / 58 -48 -64 -67 <END> 
<S> 48 55 60 64 / 43 55 59 62 / 45 -55 -59 -62 / 47 50 55 62 / 48 -55 -62 -74 / 47 55 62 67 / 65 -47 -55 -62 / 48 55 60 64 / 46 -55 -60 -64 / 45 53 60 65 / 44 -53 -60 -65 / 43 55 60 64 / 59 62 -43 -55 / 57 -43 -55 -64 / 31 59 62 -55 / 53 -43 -59 -62 / 48 52 55 60 / 47 55 62 67 / 45 -55 -62 -67 <END> 
<S> 48 55 62 64 / 47 -55 -62 -64 / 57 -47 -62 -64 / 59 -43 -62 -64 / 55 60 62 / 47 55 62 -62 / 48 55 59 64 / 48 52 60 67 / 59 -52 -55 -67 / 45 57 60 64 / 43 65 -57 -60 / 41 57 60 -57 / 38 53 -57 -60 / 59 -38 -53 -57 / 40 55 60 67 / 41 53 60 69 / 44 -60 53 59 <END> 
<S> 45 60 64 72 / 47 62 67 -72 / 48 64 69 -67 / 50 62 66 -69 / 43 59 62 67 / 55 59 62 67 / 53 -59 -62 -67 / 52 60 67 / 50 53 -60 -67 / 52 55 60 67 / 59 -55 -52 -67 / 57 60 64 69 / 55 59 62 67 / 52 60 64 67 / 50 53 65 69 / 71 -50 -53 -65 <END> 
<S> 52 60 67 72 / 50 62 65 71 / 48 64 67 69 / 50 62 66 69 / 60 -50 -66 -69 / 43 59 62 67 / 55 59 62 67 / 53 57 -62 -67 / 52 55 60 67 / 50 59 -55 -67 / 57 55 64 72 / 53 62 65 71 / 64 67 -53 -65 / 62 -51 66 -67 / 55 60 64 67 / 59 -55 -64 -67 <END> 
<S> 48 60 64 69 / 55 59 67 71 / 62 -55 -67 -71 / 50 62 66 69 / 48 -62 -66 -69 / 43 59 62 67 / 45 52 72 -67 / 38 59 65 -72 / 36 57 64 72 / 43 62 71 -57 / 45 55 -62 -67 / 62 -45 -56 -71 / 43 55 59 67 / 45 57 64 72 / 47 62 -64 -72 <END> 
<S> 48 64 67 72 / 45 -64 -67 -72 / 50 62 66 -72 / 48 64 69 -72 / 67 71 -48 -64 / 50 62 66 69 / 60 -50 -66 -69 / 55 59 62 67 / 55 59 67 / 57 60 -67 / 59 62 67 74 / 60 64 67 76 / 62 78 -67 -76 / 64 67 70 79 / 59 -67 -70 -79 <END> 
<S> 43 59 62 67 / 48 60 64 67 / 47 -60 -64 -67 / 45 52 64 72 / 54 -45 -64 -72 / 47 55 62 71 / 48 64 -55 -71 / 50 62 65 69 / 60 -50 -65 -69 / 52 59 64 67 / 62 -52 -59 -67 / 53 57 60 69 / 55 59 67 / 52 60 64 -67 / 50 57 62 65 / 59 -50 -62 -65 <END> 
<S> 45 52 64 72 / 48 -45 -64 -72 / 50 53 65 71 / 52 55 -65 -71 / 48 57 -65 -65 / 55 64 -48 -65 / 60 -48 -55 -64 / 41 57 62 -60 / 43 55 59 -62 / 53 -43 -59 -62 / 36 52 55 60 / 48 52 60 67 / 49 53 -60 -67 / 52 55 59 67 / 50 -55 -59 -67 / 48 52 60 67 / 58 -48 -52 -67 <END> 
<S> 43 55 59 62 / 55 -43 -59 -62 / 48 55 60 64 / 48 52 55 60 / 57 60 64 / 43 55 60 62 / 58 62 -43 -60 / 43 55 59 62 / 48 55 60 64 / 47 -55 -60 -64 / 45 57 60 65 / 45 64 -57 -60 / 47 50 62 67 / 48 55 -62 -67 / 50 55 62 69 <END> 
<S> 55 60 62 -48 / 52 -55 -60 -65 / 50 53 59 67 / 52 60 -53 -67 / 50 53 62 69 / 64 -50 -53 -69 / 55 59 62 71 / 52 -55 -59 -71 / 50 55 60 69 / 48 -55 -60 -69 / 50 62 65 -55 / 48 55 64 / 47 62 -48 -64 / 48 60 -48 -64 / 41 57 60 62 / 43 55 59 -62 / 53 -43 -59 -62 / 36 52 55 60 <END> 
<S> 50 55 62 71 / 36 55 69 -50 / 43 55 59 67 / 45 60 -55 -67 / 47 55 62 67 / 40 -55 -62 -67 / 48 60 64 67 / 60 64 -48 -67 / 47 62 67 / 48 55 -62 -67 / 60 -48 -55 -67 / 48 55 60 67 / 58 -48 -55 -67 / 57 69 -55 -58 / 55 62 70 -55 <END> 
<S> 47 62 65 / / 60 -62 -65 / 43 59 62 67 / 48 62 64 67 / 50 62 65 69 / 51 64 67 71 / 53 69 -64 -67 / 55 62 67 71 / 53 -62 -67 -71 / 52 60 67 72 / 48 -60 -67 -72 / 55 67 74 -60 / 59 -55 -67 -74 / 48 -55 -67 -74 / 62 -48 -67 -74 <END> 
<S> 55 62 67 71 / 53 -62 -67 -71 / 52 60 67 72 / 48 -60 -67 -72 / 55 60 67 74 / 59 -55 -67 -74 / 60 67 76 / 56 60 64 72 / 57 74 -60 -65 / 50 59 67 74 / 57 65 72 -74 / 59 62 67 74 / 65 -59 -62 -74 <END> 
<S> 57 60 67 76 / 55 60 67 74 / 59 -55 -67 -74 / 48 64 67 72 / 60 67 72 76 / 59 -67 -72 -76 / 57 69 72 77 / 59 67 74 -77 / 60 67 76 -74 / 72 -60 -67 -76 / 55 71 74 -60 / 72 -55 -60 -74 / 59 67 74 -55 / 72 -55 -67 -74 <END> 
<S> 60 67 72 76 / 48 -60 -67 -72 / 67 -48 -60 -72 / 53 60 69 -67 / 50 62 65 -69 / 60 64 -53 -69 / 47 55 62 67 / 65 -47 -55 -62 / 48 55 60 64 / 46 -55 -60 -64 / 45 53 60 65 / 62 -53 -53 -65 / 46 53 61 64 / 44 45 60 65 <END> 
<S> 48 55 64 -62 / 60 -48 -55 -64 / 41 57 60 62 / 43 55 59 -62 / 53 -43 -59 -62 / 36 52 55 60 / 48 52 60 67 / 47 62 -52 -67 / 45 52 60 72 / 54 -45 -60 -72 / 47 50 62 67 / 48 55 64 -67 / 50 57 65 69 / 55 59 62 67 / 53 60 69 -59 / 52 59 -60 -64 / 50 57 62 65 / 52 -57 -62 -65 <END> 
<S> 48 52 55 67 / 60 -48 -52 -67 / 54 60 69 -48 / 52 55 -60 -69 / 45 57 60 64 / 58 65 -45 -60 / 43 60 67 -60 / 41 -60 -67 -60 / 43 55 59 62 / 53 -43 -59 -62 / 36 52 55 60 / 48 52 60 67 / <END> 
<S> 41 57 60 62 / 50 55 59 -62 / 43 55 59 -62 / 53 -43 -59 -62 / 48 52 55 60 / 48 60 64 69 / 53 60 62 69 / 52 60 64 67 / 50 -60 -64 -67 / 48 55 64 67 / 47 62 -55 -67 / 45 48 60 69 / 47 52 62 67 / 48 52 60 64 <END> 
<S> 52 60 64 67 / 50 -60 -64 -67 / 52 55 62 67 / 47 -55 -62 -67 / 48 55 64 69 / 45 -55 -64 -69 / 50 54 62 69 / 43 59 62 67 / 48 64 -59 -67 / 45 60 64 69 / 47 -60 -64 -69 / 48 60 64 67 / 58 -60 -64 -67 / 54 57 62 69 / 55 59 62 71 <END> 
<S> 40 60 67 72 / 62 -40 -60 -67 -76 <END> 
<S> 66 69 -48 / 52 -60 -66 -69 / 53 59 68 -67 <END> 
<S> -79 / 70 77 -60 / 61 -51 -70 -77 / 60 72 76 -67 / 58 65 74 79 <END> 
<S> 60 68 76 / 59 62 67 -76 / 57 64 -62 -67 / 57 64 72 -57 / 55 -57 -64 -72 <END> 
<S> 53 60 67 69 / 52 -60 -67 -69 / 50 53 65 71 / 48 55 64 72 / 53 57 60 72 <END> 
<S> 56 60 72 / 55 70 -60 -72 / 53 68 72 -60 / 55 74 -60 -68 / 55 59 67 -74 / 65 -55 -59 -74 <END> 
<S> 41 60 68 77 / 62 -41 -68 -77 / 60 63 67 75 / 58 -60 -67 -75 / 56 60 72 77 / 58 62 70 -77 / 77 -58 -62 -70 / 55 67 70 75 / 63 -55 -70 -75 <END> 
<S> 46 58 65 74 / 67 -58 -74 / 56 60 68 72 / 74 -56 -60 -68 / 55 67 -60 75 / 65 -55 -67 -75 / 46 -55 -67 -75 / 48 74 -55 -67 / 50 65 -55 -74 / 51 60 67 75 / 53 -60 -67 -75 / 55 60 67 74 / 70 -55 -67 -74 / 65 -55 -67 -74 / 56 63 72 / 65 74 -56 -72 <END> 
<S> 56 60 63 72 / 55 58 -63 -72 / 53 56 68 72 / 51 58 67 -72 / 56 60 65 72 / 55 74 -60 -65 / 53 60 67 75 / 65 -53 -60 -75 / 58 65 70 74 / 56 -65 -70 -74 / 55 67 70 74 / 53 68 -70 -74 <END> 
<S> 60 63 67 75 / 58 62 -67 -75 / 56 60 72 75 / 55 70 -60 -75 / 53 68 72 77 / 60 67 -53 -77 / 55 62 74 -60 / 59 -55 -62 -74 / 56 60 63 72 / 43 59 -63 -72 / 55 59 62 -72 / 48 -55 -59 -62 / 50 53 57 65 / 58 -50 -53 -65 <END> 
<S> 55 60 67 -51 / 53 62 -55 -67 / 59 -50 -55 -65 / 48 55 60 63 / 43 62 -55 -60 / 59 -43 -55 / 53 -43 -59 -60 / 51 51 55 60 / 55 63 67 -51 / 50 -55 -62 -67 / 48 55 62 65 / 59 -55 -62 -65 / 51 55 60 63 / 53 -55 -60 -63 / 55 59 62 / 57 -55 -62 / <END> 
<S> 47 55 62 67 / 48 60 -55 -67 / 43 55 59 67 / 65 -43 -55 -59 / 44 53 60 63 / 55 -44 -60 -63 / 41 56 60 65 / 62 -41 -56 -65 / 43 55 59 62 / 51 55 60 63 / 53 55 60 -63 / 59 -55 -60 -63 / 54 57 60 62 / 50 55 59 67 / 55 -50 -62 -67 / 43 51 63 67 / 45 -63 -67 <END> 
<S> 55 58 62 67 / 53 -55 -62 -67 / 43 55 62 -67 / 62 67 -43 -58 / 63 -43 -55 -67 / 44 60 65 -63 / 47 62 -65 / 48 60 63 67 / 50 58 62 65 / 51 55 -58 -65 / 50 60 65 -55 / 48 63 -55 -60 / 46 50 58 62 <END> 
<S> 55 62 63 70 / 53 56 62 -70 / 51 55 63 72 / 57 65 -55 -72 / 47 62 67 / 55 -47 -62 -67 / 48 55 63 -62 / 60 -48 -55 -63 / 43 55 59 67 / 44 60 -55 -67 / 43 55 59 67 / 65 -43 -55 -59 / 44 48 60 63 / 46 -55 -60 -63 / 44 51 60 67 / 43 -51 -60 -67 <END> 
<S> 43 55 62 71 / 55 -43 -62 -71 / 48 55 63 72 / 50 53 62 71 / 51 54 60 69 / 59 62 67 -53 / 52 60 67 68 / 50 58 65 -67 / 48 56 63 68 / 46 62 -63 -68 / 51 58 63 67 / 58 65 -51 / 57 -58 -65 / 46 58 62 65 <END> 
<S> 51 58 67 / 50 65 -58 -67 / 48 63 67 / 46 53 62 -67 / 51 60 67 / 58 -51 -67 / 57 65 65 72 / 62 67 -65 / 60 63 66 69 / 62 -60 -66 -69 / 58 62 67 / 63 -58 -67 -70 / 65 68 -58 -63 / 62 67 -58 -65 / 60 63 68 -58 / 58 62 70 -68 <END> 
<S> 62 65 67 71 / 63 69 -67 / 62 65 -67 / 60 63 -67 / 58 62 67 / 53 55 63 70 / 53 56 62 -70 / 68 -53 -56 -60 / 51 55 67 70 / 50 -55 -67 -70 / 48 63 67 72 / 46 62 -67 -72 / 44 60 65 75 / 67 -60 -65 -72 / 58 65 68 74 / 56 64 72 76 <END> 
<S> 48 55 63 72 / 56 65 -51 -72 / 52 58 67 / 53 60 65 68 / 46 62 65 70 / 51 63 67 70 / 62 -51 -67 -70 / 52 60 67 72 / 58 -52 -67 -72 / 53 57 67 74 / 58 64 67 -74 / 65 -58 -64 -74 / 64 -58 -69 -74 / 56 65 68 72 <END> 
<S> 48 60 68 75 / 50 -60 -68 -75 / 51 58 67 -75 / 56 65 -51 -75 / 39 58 67 75 / 51 63 67 70 / 56 63 68 72 / 55 63 -68 -72 / 53 61 67 70 / 52 60 67 -70 / 53 60 65 68 / 64 -53 -60 -68 <END> 
<S> 56 63 68 72 / 55 65 -68 -72 / 53 61 67 70 / 52 -61 -67 -70 / 53 60 67 68 / 55 -60 -67 -68 / 56 60 65 68 / 53 -60 -65 -68 / 60 64 67 / 57 60 65 75 <END> 
<S> 44 60 65 / 56 64 -60 / 59 62 65 -56 / 60 -56 -65 -72 / 55 59 67 74 / 55 71 74 / 48 55 67 72 / 65 74 -48 -67 <END> 
<S> 55 62 67 71 / 53 -62 -67 -71 / 51 60 67 72 / 63 -60 -67 -72 / 53 65 69 74 / 62 -53 -69 -74 / 55 63 70 -74 / 65 -55 -70 / 46 58 63 67 74 / 56 -46 -63 -74 <END> 
<S> 53 65 69 72 / 51 63 -69 -72 / 50 65 68 77 / 51 63 67 79 / 53 62 -67 -79 / 55 60 77 -67 / 59 67 74 / 60 72 -67 -74 / 65 67 74 <END> 
<S> 68 72 -51 / 50 70 -68 -77 / 51 63 70 79 / 62 -63 -70 -79 / 58 63 70 79 / 62 65 -70 -79 / 58 67 74 77 / 55 -67 -74 -77 / 60 72 75 / 67 74 -60 <END> 
<S> 51 67 72 75 / 53 -67 -72 -75 / 55 67 70 74 / 65 -55 -70 -74 / 56 63 72 75 / 55 -63 -72 -75 / 53 62 72 77 / 60 67 74 -53 / 59 62 67 74 / 58 60 67 75 <END> 
<S> 56 68 72 75 / 55 -67 -72 -75 / 53 68 74 77 / 55 67 -74 -77 / 56 68 72 75 / 55 -68 -72 -75 / 53 67 70 74 / 65 -43 -70 -74 / 53 63 72 -70 / 69 -53 -63 -72 / 55 62 70 74 / 48 67 75 -74 / 50 74 -67 -74 / 51 72 -67 -75 / 53 68 72 74 / 57 65 -68 -74 <END> 
<S> 53 68 74 77 / 72 -53 -68 -77 / 55 70 74 -53 / 43 -55 -70 -74 / 65 -43 -55 -74 / 48 63 67 72 / 74 -48 -63 -67 / 50 58 65 74 / 51 58 67 75 / 63 79 / -67 -75 <END> 
<S> 48 63 68 72 / 50 65 -68 -72 / 51 63 67 70 / 62 -51 -67 -70 / 53 60 65 68 / 63 67 -53 -60 / 55 59 62 67 / 53 -59 -62 -67 / 51 60 63 -67 / 48 -60 -63 -67 / 53 60 65 68 / 50 62 -65 -68 / 51 67 63 67 / 60 -51 -67 -67 <END> 
<S> 44 60 65 72 / 56 60 64 -72 / 62 65 -56 -72 / 55 63 67 70 / 53 56 -67 -70 / 58 62 68 77 / 56 60 65 -77 / 55 58 63 75 / 53 60 65 -75 / 51 67 -60 -75 / 53 68 74 -60 / 59 62 67 -74 / 60 67 75 / 58 62 74 77 <END> 
<S> 53 60 68 77 / 51 67 -60 -77 / 59 62 67 79 / 77 -59 -62 -67 / 60 67 75 / 58 -60 -67 -75 / 56 60 65 77 / 53 60 68 -77 / 62 -53 -68 -77 / 64 -53 -69 -77 / 59 62 67 79 / 60 63 -67 -79 / 62 67 72 77 / 71 -62 -67 -77 / 60 67 72 75 / 58 -67 -72 -75 <END> 
<S> 60 63 67 75 / 62 -60 -67 -75 / 54 60 69 74 / 55 59 67 74 / 65 -55 -59 -74 / 48 60 63 72 / 53 58 63 70 / 51 63 67 70 / 56 65 68 72 / 55 67 70 / 53 60 -67 -70 / 62 65 -53 -60 / 59 63 -53 -68 <END> 
<S> 51 63 67 70 / 65 -51 -67 -70 / 67 -51 -67 / 65 -51 -67 -72 / 51 63 67 72 / 57 -63 -67 -72 / 65 -57 -72 -72 / 59 62 67 74 / 60 63 67 75 / 65 72 -60 -75 / 55 67 71 74 / 50 -67 -71 -74 / 48 67 72 75 / 50 -67 -72 -75 <END> 
<S> 60 63 67 75 / 58 62 -67 -75 / 56 60 72 77 / 55 70 75 -60 / 53 59 68 74 / 47 62 67 74 / 66 -47 -62 -74 / 43 62 67 70 / 55 -62 -67 -70 / 60 67 75 / 62 -60 -67 -75 <END> 
<S> 48 63 67 72 / 55 67 71 74 / 55 67 71 74 / 53 67 70 74 / 65 -67 -70 -74 / 63 65 70 79 / 62 -63 -70 -79 / 60 63 72 79 / 58 -63 -72 -79 <END> 
<S> 60 67 72 75 / 62 65 70 77 / 63 70 79 / 62 -63 -70 -79 / 60 63 72 79 / 58 -63 -72 -79 / 56 63 72 77 / 58 62 70 -77 / 68 -58 -62 -77 / 51 63 67 75 / 48 67 72 75 <END> 
<S> 56 63 72 77 / 60 -56 -72 -77 / 58 62 70 77 / 51 67 70 75 / 63 70 79 / 62 65 70 77 / 62 67 70 75 / 60 63 70 79 / 58 63 68 77 / 56 62 70 -77 / 51 58 75 79 <END> 
<S> 58 65 70 74 / 63 -58 -70 -74 / 58 70 75 77 / 68 -58 -74 -77 / 58 67 74 79 / 55 70 75 -79 / 60 70 75 79 / 58 -70 -75 -79 / 60 72 81 77 / 58 74 -72 -77 / 63 70 75 79 / 62 77 -70 -75 / 60 67 75 79 / 58 74 -67 -79 <END> 
<S> 56 72 75 77 / 53 75 -72 -77 / 58 72 74 77 / 56 65 72 -77 / 58 65 70 74 / 63 70 -58 -70 / 62 65 69 77 / 60 63 67 -77 / 59 62 67 79 / 58 -62 -67 -79 / 57 60 72 77 / 59 62 -72 -77 / 60 67 72 75 / 66 -60 -72 -75 <END> 
<S> 58 62 67 75 / 60 -58 -67 -75 / 55 62 72 77 / 53 -62 -72 -77 / 60 67 75 -62 / 58 -60 -67 -75 / 56 60 68 77 / 55 58 70 -77 / 53 60 68 77 / 62 -53 -68 -77 / 51 63 67 79 / 55 59 62 79 / 60 -55 -79 -79 / 59 62 79 -55 / 57 60 -79 -79 <END> 
<S> 58 62 70 77 / 56 -62 -70 -77 / 55 62 70 77 / 53 -62 -70 -77 / 51 63 70 79 / 55 -63 -70 -79 / 53 63 69 72 / 65 -53 -69 -72 / 55 65 67 72 / 71 -55 -67 -55 / 56 60 72 -67 / 60 -56 -67 -72 / 55 59 67 74 / 60 -51 -67 -74 / 51 63 67 70 / 65 -51 -67 -70 <END> 
<S> 55 67 72 75 / 53 -67 -72 -75 / 55 62 71 74 / 56 60 72 75 / 55 58 67 74 / 53 68 -58 -74 / 51 63 70 79 / 55 -63 -70 -79 / 53 63 68 77 / 51 67 70 -77 / 53 68 68 -77 / 51 70 -68 -77 / 50 58 70 79 / 52 68 77 -58 / 53 60 -70 -79 <END> 
<S> 51 58 67 75 / 53 68 -58 -75 / 55 63 70 75 / 56 65 -63 -75 / 58 63 68 74 / 62 67 70 75 / 51 63 67 70 / 56 63 65 72 / 55 58 -63 -72 / 53 60 68 74 / 58 -53 -68 -74 / 51 58 63 67 / 65 68 -51 -58 / 50 63 67 70 / 48 -63 -67 -70 <END> 
