<S> 52 67 72 / 70 -52 -67 -72 / 57 65 69 72 / 55 64 -69 -72 / 53 65 74 -69 / 58 64 67 -74 / 62 -58 -67 -74 / 57 64 69 72 / 57 69 72 77 / 55 -69 -72 -77 / 53 70 72 79 / 52 -70 -72 -79 <END> 
<S> 57 64 69 72 / 62 65 69 -72 / 55 64 71 -69 / 53 65 69 / 52 52 -65 -69 / 50 59 64 71 / 52 60 66 69 / 52 59 66 71 / 64 68 -55 -71 / 55 64 66 -71 / 54 62 -66 -71 / 52 59 64 71 / 57 64 71 72 / 59 62 -71 -72 / 60 64 69 72 / 62 71 -69 / 64 69 72 / 64 67 -45 / 65 69 -64 <END> 
<S> 57 64 69 72 / 67 -57 -64 -72 / 62 66 69 / 60 -62 -66 -69 / 57 62 67 71 / 43 59 -67 -71 / 45 60 72 -67 / 57 66 -60 -72 / 43 59 67 74 / 47 62 68 79 / 48 64 67 76 / 50 65 -67 -76 / 52 67 72 76 / 53 -67 -72 -76 / 55 67 72 74 / 70 -55 -67 -74 / 57 69 -67 -76 / 65 -55 -70 -76 <END> 
<S> 64 67 76 -58 / 57 66 66 -76 / 59 67 74 / 62 67 -59 -74 / 60 64 67 76 / 54 69 72 -76 / 62 67 71 74 / 69 -62 -67 -74 / 55 67 71 74 / 53 -67 -71 -74 / 52 67 71 79 / 65 -52 -67 -79 <END> 
<S> 60 64 67 76 / 62 66 -60 -76 / 59 67 74 79 / 72 -59 -67 -79 / 55 67 74 79 / 71 77 -55 -77 / 48 67 72 76 / 50 67 74 77 / 69 -50 -74 -77 / 67 70 76 -50 / 65 69 74 -76 / 64 67 71 76 / 57 65 69 -76 <END> 
<S> 59 67 74 79 / 60 69 76 -79 / 77 -60 -69 -81 / 62 67 79 -41 / 69 77 -62 -79 / 64 71 79 / 72 -64 -64 / 62 65 74 / 59 67 -74 / 60 64 72 76 / 53 -60 -72 -76 / 55 62 67 71 / 48 64 67 72 / 48 60 64 67 76 <END> 
<S> 55 67 74 / 64 72 -55 -67 / 57 65 -64 -72 / 59 74 -65 -56 / 60 64 76 / 62 77 -60 -64 / 61 64 69 76 / 62 -61 -69 -76 / 57 60 69 77 / 59 62 -69 -77 / 60 64 67 76 / 53 65 69 -76 / 65 67 71 74 / 64 -67 -71 -74 <END> 
<S> 60 64 69 -79 / 59 62 -69 57 / 57 64 72 76 / 55 -64 -72 -76 / 53 65 72 81 / 77 -53 -72 -65 / 52 67 72 79 / 70 -52 -79 -79 / 57 60 69 77 / 59 76 -69 -77 / 60 67 72 76 / 59 74 -67 -72 <END> 
<S> 53 60 69 81 / 64 -53 -60 -69 / 47 62 67 74 / 48 60 67 76 / 55 59 74 -67 / 60 64 76 79 / 59 69 -64 -76 / 62 65 69 77 / 67 -62 -65 -77 / 60 67 76 / 62 77 -60 -67 / 61 64 69 79 <END> 
<S> 60 64 67 76 / 62 -60 -67 -76 / 52 60 67 76 / 53 -60 -67 -76 / 55 59 67 74 / 72 -55 -59 -67 / 57 64 67 72 / 55 62 67 71 / 53 59 67 / 52 52 -67 -59 / 50 57 65 74 / 59 -50 -65 -74 / 60 64 -50 -65 / 56 59 65 74 <END> 
<S> 52 60 67 72 / 50 -60 -67 -72 / 48 65 67 74 / 47 -65 -67 -74 / 48 64 67 76 / 62 -48 -67 -76 / 50 60 69 77 / 71 -50 -53 -77 / 52 67 72 -57 / 55 74 -52 -67 / 53 57 69 72 / 64 67 -53 -72 / 62 65 69 74 / 71 79 -62 -74 / 69 72 77 / 64 67 71 79 / 55 -67 -71 -79 <END> 
<S> 52 60 67 72 / 58 -52 -67 -72 / 53 57 69 72 / 55 59 -69 -72 / 54 57 62 72 / 50 62 -57 -72 / 55 64 71 / 62 65 -55 -71 / 48 60 64 72 / 48 60 64 67 / 69 -48 -60 -64 / 50 55 62 70 / 54 -50 -62 -70 / 52 55 67 -62 / 57 -51 -55 -67 <END> 
<S> 48 55 64 72 / 0 / 55 62 67 71 / 48 64 -55 -71 / 50 62 66 69 / 60 -50 -66 -69 / 43 59 62 67 / 52 60 67 72 / 50 62 69 -72 / 71 -50 -62 -69 / 38 66 66 74 / 59 62 -66 -69 / 64 67 71 / 62 66 -71 <END> 
<S> 45 64 69 72 / 47 67 -64 -72 / 48 69 -64 -72 / 50 66 69 -64 / 55 59 67 71 / 52 60 67 72 / 50 65 69 74 / 71 -50 -65 -74 / 48 64 72 76 / 60 -48 -72 -76 / 53 69 74 -72 / 67 -53 -72 -74 / 55 67 72 -74 / 71 -55 -67 -74 / 65 -55 -71 -74 <END> 
<S> 66 -48 -69 -74 / 52 67 72 / 71 74 -67 / 50 65 69 72 / 59 -50 -65 -69 / 48 60 64 67 / 59 -48 -64 -67 / 50 57 62 65 / 59 -50 -62 -65 / 55 60 62 / 53 -43 -60 -62 / 55 59 62 / 53 -55 -59 -62 / 48 52 55 60 / 45 52 72 -55 / 53 -45 -60 -72 <END> 
<S> 55 60 62 67 / 59 -55 -62 -67 / 43 59 62 67 / 55 59 62 67 / 53 -59 -62 -67 / 52 60 67 72 / 50 -60 -67 -72 / 52 48 67 -67 / 45 60 66 69 / 47 59 67 74 / 48 -59 -67 -74 / 50 57 65 -67 / 48 64 -57 -65 / 47 62 65 74 / 47 62 -65 -74 / 48 60 64 76 / 59 -48 -64 -76 <END> 
<S> 45 52 67 72 / 54 -45 -67 -72 / 50 55 72 -67 / 48 64 -72 -72 / 67 -48 -72 -76 / 41 60 69 -72 / 62 74 -60 -69 / 60 64 69 76 / 59 -60 -69 -76 / 57 60 69 76 / 55 -60 -69 -76 / 53 60 69 77 / 52 60 67 79 / 65 69 77 -60 <END> 
<S> 57 60 69 76 / 59 -57 -69 -76 / 45 60 69 77 / 53 62 69 -77 / 75 -53 -62 -69 / 46 58 62 74 / 58 62 70 77 / 52 60 -65 -74 / 53 59 67 74 / 65 -59 -67 -74 / 52 60 67 72 / 69 -52 -60 -72 / 50 62 71 77 / 69 -50 -62 -77 / 52 61 67 76 / 50 74 -67 -67 <END> 
<S> 55 62 67 71 / 60 64 -55 -67 / 57 60 65 -64 / 62 -57 -60 -65 / 55 59 62 67 / 64 -55 -59 -67 / 65 -55 -59 -67 / 48 60 67 -65 / 48 64 67 72 / 47 62 67 74 / 45 60 72 -67 / 66 -45 -60 -72 / 47 62 67 71 / 48 64 69 -67 / 50 62 66 69 <END> 
<S> 48 60 64 67 / 59 -48 -64 -67 / 50 57 66 -64 / 59 62 -50 -66 / 60 -50 -57 -66 / 43 59 62 67 / 41 -59 -62 -67 / 40 59 64 67 / 57 -40 -64 -67 / 59 62 65 -56 / 52 55 60 64 / 53 57 62 -60 / 59 -53 -57 -62 / 52 55 60 64 / 54 57 62 -64 / 43 55 59 62 / 48 55 60 64 / 47 -55 -60 -64 <END> 
<S> 38 57 64 72 / 62 -57 -57 -72 / 52 57 66 71 / 42 -57 -66 -71 / 40 55 64 72 / 42 57 -64 -72 / 43 59 62 67 / 60 -43 -62 -67 / 50 59 62 67 / 52 60 64 67 / 57 61 64 69 <END> 
<S> 47 62 67 / 48 60 -62 -67 / 59 -48 -62 -67 / 50 57 62 -67 / 60 66 -50 -62 / 43 59 62 67 / 55 59 62 67 / 53 57 62 69 / 64 -43 -53 -69 / 52 62 67 71 / 50 -62 -67 -71 / 52 60 67 72 / 57 65 -67 -72 / 64 -57 -67 -72 / 62 65 -57 -72 / 60 64 67 72 / 55 62 -67 -72 / 53 62 71 -67 / 65 -53 -62 -71 <END> 
<S> 45 64 69 72 / 66 -45 -69 -72 / 47 67 71 / / -47 -67 -71 / 48 52 -67 -72 / 67 -40 -52 -67 / 52 60 67 -55 / 70 -52 -60 -67 / 69 -52 -55 -60 / 53 57 62 69 / 59 -53 -62 -69 / 52 60 67 76 / 58 -52 -67 -76 / 53 57 69 74 / 55 59 67 -74 / 65 -55 -59 -74 / 64 -55 -59 -74 / 60 64 72 / 57 60 65 -72 <END> 
<S> 50 60 67 69 / 62 66 -50 -69 / 43 58 62 67 / 45 57 -62 -67 / 43 58 62 -67 / 41 57 62 69 / 50 54 62 -69 / 48 55 62 67 / 47 62 -55 -67 / 45 60 64 69 43 66 -45 -60 -69 / 0 -57 -60 -66 51 54 59 68 / 62 67 -59 / 60 64 69 -53 / 62 -60 -69 -72 / 55 60 67 76 / 55 74 -67 / 43 65 -55 -74 <END> 
<S> 40 55 59 67 / 62 -40 -55 -67 / 45 60 64 69 / 47 -60 -64 -69 / 48 60 64 67 / 50 -60 -64 -67 / 52 55 64 67 / 53 62 65 -67 / 45 60 65 65 / 63 -45 -60 -65 / 59 62 67 -53 / 50 -62 -59 -67 / 52 55 60 67 / 53 57 65 -60 / 55 59 62 -65 / 64 -55 -59 -64 / 60 57 62 66 / 55 -57 -62 -65 <END> 
<S> 53 60 65 69 / 52 -60 -65 -69 / 50 62 65 69 / 48 64 -62 -69 / 47 62 65 67 / 48 -59 -67 -69 / 50 57 65 66 / 59 62 -50 -65 / 52 55 60 64 / 59 -55 -60 -64 / 55 60 62 / 53 -60 59 / 52 -55 -60 / 53 57 62 -60 / 55 59 62 / 57 -55 -62 / 55 58 62 / 64 -55 -58 -74 <END> 
<S> 53 57 62 69 / 50 71 -62 -65 / 52 55 64 72 / 57 64 -52 -72 / 50 55 62 71 / 54 62 69 -55 / 53 67 71 -62 / 52 60 67 72 / 53 69 -60 -72 / 52 62 71 -69 / 50 -62 -69 -71 / 48 64 69 72 / 47 -64 -69 -72 / 45 48 69 72 / 50 71 74 -50 / 52 67 72 76 / 53 -67 -72 -76 <END> 
<S> 55 62 69 72 / 54 62 -69 -72 / 55 62 69 71 / 52 64 67 71 / 57 64 69 72 / 59 62 67 74 / 60 67 76 / 59 -60 -67 -76 / 57 60 72 77 / 62 71 -57 -77 / 55 64 72 76 / 53 74 -72 -76 / 55 62 72 74 / 67 71 -55 -74 / 65 -55 -71 -74 <END> 
<S> 60 64 69 78 / 65 71 -60 -81 / 64 67 72 76 / 65 69 81 -72 / 67 71 74 / 62 65 69 -74 / 60 64 72 76 / 58 -64 -72 -76 / 57 69 72 77 / 59 68 74 -44 / 60 67 76 -74 / 72 -60 -67 -76 / 55 67 71 74 / 59 67 71 <END> 
<S> 59 67 74 / 62 77 -59 -74 / 60 64 67 76 / 65 69 -60 -76 / 55 67 71 74 / 53 -67 -71 -74 / 52 67 72 76 / 70 -52 -67 -76 / 53 69 72 77 / 60 67 72 76 / 55 67 74 -72 / 71 -55 -67 -74 <END> 
<S> 58 65 74 / 57 72 -65 -74 / 55 67 70 -74 / 53 -67 -70 -74 / 52 72 -67 -70 / 53 65 69 72 / 71 74 -53 -65 / 48 72 76 -69 / 50 65 77 -48 / 47 62 67 79 / 48 67 69 47 -79 66 -48 -69 <END> 
<S> 46 62 74 77 / 48 60 76 -77 / 50 62 77 -60 / 67 -50 -62 -77 / 52 60 67 79 / 60 -52 -67 -79 / 55 60 67 74 / 59 -55 -67 -74 / 48 67 72 76 / 57 65 -72 -76 / 59 62 74 -72 / 67 -59 -62 -74 / 60 64 67 76 / 65 -60 -67 -76 <END> 
<S> 47 67 74 / / 65 -47 -74 / 45 64 72 79 / 50 65 -64 -72 / 52 59 68 71 / 60 67 -52 -71 / 53 59 69 72 / 57 -53 -69 -72 / 59 62 67 74 / 60 66 69 -74 / 62 -60 -69 -74 / 59 62 67 79 / 64 -62 -67 -79 <END> 
<S> 57 64 69 72 / 59 62 67 74 / 60 67 76 / 62 77 -60 -67 / 61 64 69 79 / 62 69 77 / 59 68 -62 -77 / 57 61 69 76 / 57 60 69 76 / 77 -57 -60 -69 / 52 60 67 79 / 50 -60 -67 -79 / 52 60 72 79 / 70 -52 -60 -79 <END> 
<S> 57 60 64 76 / 65 69 -57 / 59 64 67 79 / 62 65 -52 -79 / 60 64 72 79 / 59 62 74 -79 / 57 60 69 77 / 59 62 -69 -77 / 60 64 67 76 / 53 69 -60 -76 / 55 67 71 74 / 53 -67 -71 -74 / 52 67 72 / 70 -52 -67 -72 <END> 
<S> 57 60 69 77 / 59 62 -69 -77 / 60 64 67 76 / 69 -60 -64 -76 / 53 65 69 74 / 50 65 69 74 / 55 62 71 -74 / 43 59 67 74 / 48 55 64 -74 <END> 
<S> 60 69 77 / 60 76 -69 / 77 -60 -69 / 58 62 67 -77 / 60 64 76 -67 / 48 60 69 76 / 53 69 -60 -72 / 62 74 -53 -69 / 72 -53 -62 -69 / 55 62 67 71 / 43 62 67 71 / 45 60 65 69 / 47 62 -60 -69 <END> 
<S> 52 60 67 72 / 53 69 -67 -72 / 54 62 -69 -72 / 55 62 67 71 / 43 59 62 67 / 48 60 64 67 / 47 -60 -64 -67 / 45 60 64 67 / 45 -60 -64 -67 / 47 62 56 -67 / 65 -47 -62 -71 / 48 55 64 69 / 50 57 62 71 / 43 55 59 62 <END> 
<S> 45 60 64 -67 / 66 -45 -60 -64 / 47 62 67 71 / 48 64 69 -67 / 50 62 66 69 / 43 59 62 67 / 43 59 64 67 / 45 60 65 69 / 47 71 -60 -62 / 48 55 64 72 / 47 55 62 67 / 45 60 -55 -67 / 47 55 62 67 / 43 59 -55 -67 / 48 55 60 64 69 <END> 
<S> 47 59 67 74 / 48 -59 -67 -74 / 50 59 65 / 56 62 -50 -65 / 45 55 64 -50 / 49 57 64 / 55 -57 -61 -64 / 41 57 60 62 / 40 55 59 -62 / 64 -43 -55 -59 / 48 52 60 -59 / 45 57 -52 -60 / 50 53 59 62 / 48 52 55 -62 / 60 -52 -52 -60 / 53 62 -48 -60 / 55 59 -53 -62 / 36 48 57 64 / 50 53 59 62 / 60 -50 -53 -57 <END> 
<S> 57 60 64 / 44 48 -60 -64 / 43 55 59 62 / 43 55 59 62 / 48 55 60 64 / 52 58 60 64 / 50 53 60 65 / 48 60 67 -53 / 47 55 60 67 / 43 59 -55 -67 <END> 
<S> 48 55 60 64 / 46 -55 -60 -64 / 44 53 60 65 / 41 -60 -53 -65 / 43 55 59 67 / 41 -55 60 69 / 43 55 59 62 / 45 52 -55 -59 / 47 50 55 62 / 45 48 -55 -62 / 47 55 62 / 48 -55 -62 -67 / 47 55 62 67 / 38 54 62 69 <END> 
<S> 47 55 62 67 / 45 -55 -62 -67 / 43 59 62 -55 / 43 59 -55 -64 / 53 -43 -59 -62 / 48 52 55 60 / 47 55 62 67 / 45 60 -55 -67 / 47 55 62 67 / 43 -55 -59 -67 / 48 52 60 67 / 55 62 -48 -67 / 45 60 64 -67 / 58 -48 -64 -67 / 41 57 60 65 <END> 
<S> 47 55 62 67 / 48 55 60 64 / 50 53 65 -60 / 55 59 62 / / 57 -53 -62 / 43 55 60 62 / 55 -43 -60 -62 / 59 -43 -55 -62 / 55 -43 -59 -62 / 40 55 60 64 / 36 -55 -60 -64 / 48 52 55 64 / 47 62 -55 -64 / 48 55 60 64 / 50 65 -60 -64 / 52 60 64 67 / 58 -52 -64 -67 <END> 
<S> 41 55 60 62 / 38 -55 -60 -62 / 43 55 59 -62 / 53 -43 -59 -62 / 40 52 55 60 / 48 60 64 67 / 58 -48 -64 -67 / 49 64 -58 / 57 -49 -64 / 50 57 66 -57 / 55 -50 -66 -66 / 38 59 64 67 / 62 -40 -59 -67 / 41 60 64 69 / 48 -61 -64 -69 <END> 
<S> 49 52 64 67 / 48 -40 -64 -67 / 41 62 69 -55 / 40 55 64 71 / 38 54 57 69 / 60 -38 -54 -69 / 43 55 59 67 / 48 60 64 67 / 47 -60 -64 -67 / 45 60 64 69 / 48 -60 -64 -69 / 47 62 67 71 / 48 -62 -67 -71 <END> 
<S> 47 55 62 67 / 48 55 60 64 / 50 62 65 71 / 52 55 64 72 / 52 55 -64 -72 / 53 60 65 72 / 55 59 67 76 / 48 60 64 67 / 53 60 65 69 / 52 62 65 71 / 50 -62 -65 -71 <END> 
<S> 53 60 65 69 / 52 -60 -65 -69 / 50 60 64 67 / 58 -50 -64 -67 / 49 57 64 -64 / 62 -57 -57 -64 / 45 57 60 64 / 43 55 59 62 / 55 -55 -59 -62 / 47 55 -55 -59 / 48 55 60 64 / 48 -55 -60 -64 <END> 
<S> 43 59 62 -55 / 45 57 60 64 / 43 50 59 65 / 45 52 57 60 / 47 50 55 59 / 48 55 64 -55 / 45 54 60 62 / 50 59 62 / <END> 
<S> 47 50 62 67 / 48 52 -62 -67 / 50 53 62 69 / 55 71 -62 / 69 -55 -62 / 43 55 62 71 / 53 -43 -62 -71 / 52 55 60 72 / 54 57 62 -72 / 55 62 71 -57 / 52 55 64 -71 / 50 62 65 69 / 48 60 64 -69 / 47 67 -64 -69 / 48 64 -57 -67 <END> 
<S> 52 55 64 71 / 62 -55 -52 -71 / 57 60 69 -55 / 53 62 -69 / 55 64 71 -69 / 62 65 69 74 / 64 67 -53 / 59 62 67 74 / 76 -59 -62 -67 / 57 61 69 76 / 55 59 67 74 / 53 -59 -67 -74 <END> 
<S> 59 62 67 74 / 57 60 69 -74 / 55 59 71 74 / 57 72 -59 -74 / 52 59 67 74 / 50 57 65 -74 / 59 62 67 74 / 60 64 67 76 / 65 69 77 -60 / 61 67 70 76 / 77 -61 -70 -77 <END> 
<S> 49 64 67 79 / 49 69 76 -76 / 67 -48 -73 -76 / 50 62 69 77 / 62 -50 -62 -77 / 60 64 67 76 / 65 69 -60 -76 / 59 67 71 74 / 76 -59 -67 -71 / 57 69 72 77 / 55 76 -69 -72 53 53 56 -69 -72 <END> 
<S> 57 60 64 72 / 55 59 67 74 / 53 -59 -67 -74 / 52 59 68 76 / 50 -59 -59 -74 / 48 57 64 72 / 55 59 67 74 / 53 60 67 76 / 52 -60 -67 -76 / 50 65 74 77 / 71 -50 -65 -77 <END> 
<S> 55 59 67 76 / 57 60 -67 -76 / 55 59 62 74 / 53 -59 -62 -74 / 52 55 67 72 / 48 64 -72 -79 / 70 -48 -64 -79 / 50 65 69 77 / 71 -50 -65 -77 / 52 67 72 76 / 53 -67 -72 -76 / 55 67 74 -72 / 71 -55 -67 -74 / 65 -55 -71 -74 <END> 
<S> 50 65 69 77 / 71 -50 -65 -77 / 52 67 72 76 / 53 -67 -72 -76 / 55 67 74 -72 / 71 -55 -67 -74 / 57 69 72 77 / 59 62 74 79 / 60 64 72 76 / 65 -60 -72 -76 / 55 67 72 74 / 62 -55 -72 -74 / 55 71 74 79 / 65 -55 -71 -74 <END> 
<S> 57 64 72 77 / 59 62 74 -77 / 60 64 67 76 / 65 72 -60 -76 / 53 67 74 -72 / 71 -55 -67 -74 / 56 72 -67 / 60 65 -56 -72 / 55 67 74 -60 / 59 -55 -67 -74 / 65 -55 -59 -74 / 48 55 64 72 / 55 62 71 -55 / 48 55 64 72 / 53 57 65 72 / 55 59 65 74 / 57 60 64 -74 / 65 69 -57 -60 <END> 
<S> 48 55 64 72 / 55 59 67 74 / 55 59 67 74 / 48 60 67 76 / 48 60 67 76 / 50 -60 -67 -76 / 52 60 67 76 / 53 -60 -67 -76 / 55 59 67 74 / 65 -55 -59 -74 / 57 60 64 72 / 69 -57 -64 -72 / 59 62 68 74 / 60 66 -47 -74 <END> 
<S> 60 67 76 / 59 -60 -67 -76 / 57 60 65 77 / 55 67 76 -60 / 53 60 69 74 / 55 59 67 -74 / 72 -55 -60 -67 / 50 62 65 77 / 64 -50 -65 -77 / 48 62 65 69 / 60 -48 -65 -69 / 58 62 65 70 / 64 -53 -65 -70 / 53 60 65 69 / 57 -53 -60 -69 <END> 
<S> 55 67 70 -60 / 52 60 -67 -70 / 53 60 69 -67 / 62 65 -53 -69 / 60 63 67 / 62 -60 -67 / 60 62 67 / 58 -60 -67 / 57 60 65 / 59 -57 -60 -65 / 60 58 62 65 / 53 56 -62 -65 / 51 55 67 70 / 48 60 68 68 <END> 
<S> 60 75 -53 -60 / 55 -60 -60 -75 / 53 60 68 74 / 55 59 67 -74 / 65 -55 -59 -74 / 48 60 63 72 / 50 58 65 77 / 51 58 63 79 / 53 -58 -63 -70 / 55 58 70 77 / 56 60 -70 -77 / 58 62 65 -77 / 68 -56 -62 -65 <END> 
<S> 51 58 65 67 / 63 -51 -58 -67 / 56 60 63 72 / 55 -60 -63 -72 / 53 60 68 77 / 62 -53 -68 -77 / 60 63 67 75 / 65 69 74 -60 / 55 67 71 74 / 62 72 -55 -74 / 67 -55 -72 -74 / 65 71 -55 -74 <END> 
<S> 59 62 67 74 / 55 62 71 -67 / 63 67 72 / 60 65 72 75 / 58 65 74 77 / 56 65 72 75 / 55 67 70 75 / 53 -67 -70 -75 / 51 67 70 77 / 50 -67 -70 -77 <END> 
<S> 58 63 70 79 / 62 -58 -70 -79 / 60 63 72 79 / 58 -63 -72 -79 / 56 63 72 77 / 58 62 70 -77 / 68 -58 -62 -77 / 60 67 75 / 67 72 -60 -75 / 55 67 72 74 / 70 -55 -67 -74 / 56 65 70 74 / 56 68 72 51 -63 <END> 
<S> 58 67 74 77 / 68 -58 -74 -77 / 63 67 70 75 / 65 69 72 77 / 67 70 74 / 65 68 -71 -74 / 63 67 70 75 / 65 69 72 / 64 67 70 / 61 65 -67 <END> 
<S> 55 67 70 75 / 53 65 -70 -74 / 51 63 70 79 / 65 -51 -70 -79 / 63 67 70 79 / 62 65 -70 -79 / 60 63 72 79 / 58 70 79 -79 / 56 72 -70 -79 / 58 70 77 77 / 68 -58 -77 -77 <END> 
