<S> 53 62 68 72 / 55 62 67 71 / 65 -55 -62 -71 / 56 60 63 72 / 55 65 68 74 / 53 -65 -68 -74 / 55 59 67 75 / 60 -55 -67 -75 / 55 67 74 -60 / 59 -55 -67 -74 / 48 63 67 72 / 60 63 67 72 <END> 
<S> 55 60 67 75 / 53 -60 -67 -75 / 55 59 67 74 / 65 -55 -59 -74 / 48 60 63 72 / 51 58 67 75 / 60 63 69 -51 / 58 65 -63 / 57 64 72 / 62 66 66 -72 / 60 67 67 75 / 58 -67 -67 -75 / 57 65 72 77 / 53 70 75 -65 / 58 65 72 74 / 56 65 -72 -74 <END> 
<S> 60 63 67 75 / 58 62 -67 -75 / 56 60 72 77 / 55 75 -60 -72 / 53 68 74 -72 / 55 67 71 -74 / 65 -55 -71 -74 / 48 63 67 72 / 60 63 67 72 / 58 62 -67 -72 / 57 60 67 72 / 55 65 -67 -72 / 53 65 68 72 / 63 -53 -68 -72 <END> 
<S> 56 64 67 72 / 60 -56 -67 -72 / 55 65 74 -72 / 53 -65 -72 -74 / 55 63 70 75 / 57 65 -70 -75 / 58 70 75 -65 / 63 -58 -70 -75 / 56 65 68 72 / 67 -56 -65 -72 / 60 64 68 72 / 59 65 -68 -72 <END> 
<S> 56 63 68 72 / 55 -63 -68 -72 / 53 61 67 70 / 52 -61 -67 -70 / 53 60 67 68 / 55 -60 -67 -68 / 56 60 65 68 / 53 -60 -65 -68 / 60 64 67 / 60 63 72 79 <END> 
<S> 45 60 65 -70 / 46 58 62 -70 / 57 -46 -62 -65 / 39 55 58 63 / 51 58 63 67 / 50 65 -58 -67 / 48 63 67 72 / 51 -63 -67 -72 / 53 62 68 74 / 50 -62 -65 -74 / 55 63 70 -74 / 51 -63 -70 <END> 
<S> 48 63 67 72 / 56 -63 -67 -72 / 55 62 67 70 / 53 -62 -67 -70 / 51 60 67 72 / 53 -60 -67 -72 / 55 62 67 71 / 48 63 67 72 / 62 71 -48 -67 / 60 63 69 -51 <END> 
<S> 48 63 67 72 / 60 -48 -67 -75 / 53 60 68 74 / 59 62 67 -53 / 77 -53 -62 -67 / 51 60 67 72 / 50 62 65 70 / 48 63 67 72 / 46 62 68 74 <END> 
<S> 50 62 65 70 / 51 60 67 -70 / 53 60 65 69 / 63 -53 -60 -69 / 46 62 65 70 / 48 63 67 69 / 46 62 67 70 / 51 60 -67 -70 / 53 60 65 69 / 63 -53 -60 -69 / 59 62 67 -53 / 60 -53 -62 -67 <END> 
<S> 51 63 67 70 / 48 -63 -67 -70 / 44 60 67 75 / 51 -60 -67 -75 / 53 60 67 74 / 72 -53 -60 -67 / 55 60 65 74 / 43 59 -55 -74 / 48 55 60 63 / 56 59 65 68 / 60 -56 -65 -65 <END> 
<S> 48 55 63 72 / 55 59 67 74 / 60 -55 -67 / / 72 67 -60 / 59 -67 -67 / 65 -59 -67 -79 / 60 63 -67 -79 / 62 77 -60 -67 / 59 75 -62 -67 / 60 -59 -67 -75 / 56 60 65 77 / 53 -60 -65 -77 <END> 
<S> 60 67 75 / 63 -60 -67 -75 / 56 62 72 77 / 55 -62 -72 -77 / 56 60 72 75 / 55 67 71 -75 / 53 68 72 74 / 55 75 -68 -74 / 56 65 71 77 / 55 -65 -71 -77 / 74 -55 -65 -71 / 53 63 72 -55 / 57 -55 -72 -72 / 56 65 71 74 / 53 -71 -74 <END> 
<S> 60 67 72 75 / 58 62 -67 -72 / 56 63 72 / 55 -63 -72 / 53 68 72 74 / 55 67 71 74 / 65 -55 -71 -74 / 48 63 67 72 / 51 58 -67 -72 / 60 68 -51 / 50 58 65 -68 <END> 
<S> 48 63 68 72 / 50 65 -68 -72 / 51 63 67 72 / 62 -51 -67 -72 / 60 47 -67 -72 / 65 74 -60 -72 / 43 59 67 -74 / 65 -43 -59 -74 / 48 60 63 72 <END> 
<S> 55 59 67 75 / 60 -55 -67 -75 / 53 62 65 74 / 59 62 -65 -74 / 60 63 67 75 / 57 72 -63 -75 / 55 65 71 74 / 53 67 72 / 51 63 67 -72 / 56 65 72 / 55 67 72 53 53 68 -67 -72 66 65 -53 -67 -74 <END> 
<S> 53 68 72 74 / 55 67 71 -74 / 65 -55 -71 -74 / 48 63 67 72 / 60 63 67 75 / 58 62 -67 -75 / 56 60 72 77 / 55 70 -60 -77 / 53 65 68 72 / 74 -53 -65 -68 / 48 67 75 -53 / 50 69 77 -75 / 46 62 70 77 / 63 -50 -70 -77 <END> 
<S> 53 60 69 75 / 53 65 74 -69 / 63 -53 -69 -74 / 46 62 65 74 / 55 59 67 -74 / 65 -55 -59 -74 / 56 60 63 72 / 55 58 -63 -72 / 53 56 65 74 / 55 58 -65 / 56 60 65 / 63 -56 -60 -65 <END> 
<S> 56 60 63 72 / 65 -56 -60 -72 / 55 62 67 70 / 53 -62 -67 -70 / 51 60 67 72 / 64 -60 -67 -72 / 65 68 74 -60 / 58 -60 -68 -74 / 60 67 75 / 53 -60 -67 -75 / 55 60 67 74 / 53 59 -67 -74 / 51 72 75 -67 / 53 68 74 -72 / 55 67 71 -74 / 65 -55 -71 -74 <END> 
<S> 60 67 75 / 58 -60 -67 -75 / 56 60 68 75 / 55 -60 -68 -75 / 53 60 68 74 / 55 59 67 -74 / 56 60 67 72 / 65 -56 -60 -72 / 50 62 65 71 / 53 62 -62 -71 / 51 60 67 72 / 48 63 69 -72 <END> 
<S> 53 60 67 72 / 55 -60 -67 -72 / 56 65 72 -60 / 58 74 -65 -68 / 56 60 -65 -74 / 55 58 67 75 / 53 60 68 77 / 51 60 67 79 / 53 60 69 77 / 55 60 67 75 / 53 69 -60 -75 / 55 59 67 74 / 65 -55 -59 -74 <END> 
<S> 56 60 65 77 / 55 -60 -65 -77 / 53 59 68 79 / 55 63 -68 79 / 53 60 68 77 / 59 67 -53 -77 / 54 60 69 75 / 74 -54 -60 -69 / 55 62 71 74 / 53 59 74 / 60 52 67 <END> 
<S> 59 62 67 74 / 60 67 75 / 58 74 -67 -75 / 56 63 72 75 / 55 -63 -72 -75 / 53 68 72 75 / 51 -67 -72 -75 / 53 65 72 77 / 62 71 -65 -77 / 48 67 72 75 / 50 65 68 74 / 51 67 75 -65 / 53 60 65 77 / 62 -53 -65 -77 <END> 
<S> 56 63 72 77 / 53 68 -72 -77 / 47 62 74 79 / 67 -47 -74 -79 / 48 67 72 75 / 50 65 72 77 / 67 70 -50 -77 / 68 -50 -62 -77 / 51 63 67 79 / 55 -63 -67 -79 / 53 68 77 -60 / 55 59 75 -77 / 56 60 -75 -77 <END> 
<S> 48 67 72 75 / 50 -67 -72 -75 / 51 -67 -72 -75 / 53 -67 -72 -75 / 55 67 74 -72 / 71 -55 -67 -74 / 56 72 -67 / 60 65 68 -56 / 55 -60 -65 -68 / 53 60 67 68 / 65 -53 -60 -68 / 48 60 64 67 / 58 -48 -64 -67 / 53 56 65 / 55 65 -56 / 53 56 62 -65 <END> 
<S> 56 60 65 / 55 58 65 74 / 53 58 -65 -74 / 55 58 67 75 / 56 60 65 77 / 53 -60 -65 -77 / 55 60 70 75 / 53 -55 -60 -75 / 55 67 74 -60 / 59 -55 -67 -74 / 48 63 67 72 / 60 67 72 75 <END> 
<S> 53 60 68 74 / 55 60 70 75 / 56 68 72 -75 / 58 65 74 -56 / 63 67 -56 -77 / 62 65 70 77 / 68 -62 -77 -77 / 67 70 75 -77 / 60 69 75 77 / 58 74 77 -69 / 75 -58 -62 -72 <END> 
<S> 58 63 70 77 / 62 65 -70 -77 / 63 67 70 79 / 65 72 77 / 63 67 72 -77 / 60 69 75 77 / 58 62 70 77 / 56 -62 -70 -77 / 55 63 70 79 / 53 -63 -70 -79 <END> 
<S> 63 67 70 79 / 62 65 -70 -79 / 60 63 72 79 / 58 65 74 79 / 79 -58 -65 -79 / 56 63 72 77 / 58 -63 -72 -77 / 60 67 70 75 / 69 -60 -75 <END> 
<S> 63 70 79 / 62 65 -70 -79 / 60 63 72 79 / 58 -60 -72 -79 / 56 72 77 -63 / 58 62 70 -77 / 68 -58 -62 -77 / 51 67 67 75 / 58 70 -67 -75 / 57 65 72 77 / 70 75 -65 -77 <END> 
<S> 58 63 68 77 / 62 67 -51 -77 / 60 67 75 / 58 -60 -67 -75 / 53 56 68 74 / 55 72 -68 -74 / 55 67 71 74 / 65 72 -55 -74 / 56 63 72 / 55 -63 -72 / 53 65 70 74 / 68 -53 -65 -74 / 55 63 70 75 / 61 -55 -70 -75 / 56 60 68 -75 / 51 58 67 75 / 51 63 67 <END> 
<S> 53 68 72 74 / 55 67 71 -74 / 65 -55 -71 -74 / 48 63 72 / 51 63 70 79 / 58 65 70 77 / 67 -58 75 -65 / 63 -58 -70 -79 / 68 77 -58 -70 / 55 67 70 75 / 51 58 70 77 / 53 -70 -74 -77 51 55 70 75 -62 51 56 60 -70 / 56 -56 -60 51 <END> 
<S> 51 63 70 79 / 53 -63 -70 -79 / 55 63 70 79 / 56 60 -70 -79 / 58 62 68 77 / 60 75 -62 -65 / 58 62 67 77 / 55 59 62 67 / 60 -55 -67 / 51 60 67 / 62 68 -51 -67 / 63 -51 -67 -70 / 50 65 68 -65 / 62 65 -65 -68 / 63 67 -65 / 62 66 66 <END> 
<S> 54 60 69 -65 / 62 -54 -60 -69 / 55 59 62 67 / 54 63 69 72 / 62 -54 -69 -72 / 55 62 67 71 / 60 64 67 / 62 66 69 / 59 62 67 / 57 60 67 / 59 62 -67 -67 / 60 63 67 72 / 53 65 -67 -72 <END> 
<S> 62 71 -67 / 69 72 -62 / 50 62 66 69 / 60 -50 -66 -69 / 55 59 62 67 / 55 59 67 / 57 60 -67 / 59 62 67 74 / 60 76 -67 / 59 62 67 74 / 57 64 67 72 / 62 65 71 74 -57 60 62 67 76 / 61 69 -67 -76 <END> 
<S> 59 62 67 74 / 60 64 -67 -74 / 62 66 74 / 64 69 -74 -74 / 65 67 71 74 / 53 67 73 76 / 52 -67 72 79 / 50 65 74 77 / 71 -50 -65 -77 / 48 67 72 76 / 52 67 72 79 / 71 -52 -67 -79 / 52 67 72 79 / 53 -52 -67 -79 <END> 
<S> 48 67 72 76 / 50 65 71 77 / 69 -50 -65 -77 / 52 64 67 79 / 62 -52 -67 -79 / 57 60 69 76 / 55 -60 -69 -76 / 53 60 70 79 / 55 -60 -70 -76 / 57 60 69 77 / 55 -60 -69 -77 / 53 60 70 79 / 52 -60 -70 -79 / 53 60 69 81 / 55 71 -60 -81 <END> 
<S> 60 64 67 76 / 62 -60 -67 -76 / 55 60 69 76 / 53 -60 -69 -76 / 52 60 67 79 / 50 -60 -67 -79 / 48 60 67 76 / 50 60 -67 -76 / 52 67 72 76 / 53 -67 -72 -76 / 55 67 72 74 / 57 -67 -72 -74 / 59 71 74 -67 / 55 65 -71 -74 / 57 64 72 -71 / 59 -64 -71 -72 <END> 
<S> 50 65 69 77 / 71 -50 -65 -77 / 52 67 72 76 / 53 -67 -72 -76 / 55 67 74 -72 / 71 -55 -67 -74 / 0 / 56 64 71 76 / 57 64 69 72 / 65 -57 -69 -72 / 59 64 67 79 / 62 77 -59 -79 / 60 64 72 76 <END> 
<S> 57 64 69 72 / 55 67 -64 -72 / 62 65 69 / 60 -62 -65 -69 / 59 62 65 71 / 64 -59 -62 -71 / 57 64 72 / 62 66 -72 / 64 67 -72 / 61 64 67 72 / 62 65 -67 -72 / 55 67 74 -72 / 71 -55 -67 -74 / 65 -55 -71 -74 / 48 64 67 72 / 55 67 71 74 <END> 
<S> 57 64 67 72 / 65 -57 -72 / 59 65 74 -72 / 60 64 72 76 / 62 77 -72 -76 / 57 69 72 76 / 55 67 71 79 / 65 -55 -71 -79 / 67 -55 -71 -79 / 57 72 76 -67 / 59 65 74 79 / 67 70 -74 -79 / 65 77 81 / -65 -70 -77 / 55 67 72 76 / 53 74 -67 -72 / 52 67 72 / 50 65 71 74 <END> 
<S> 62 65 69 77 / 64 72 79 -60 / 58 65 74 -79 / 67 70 76 -79 / 56 64 -70 -76 / 57 64 72 77 / 53 65 74 -72 / 55 67 70 -74 / 56 60 68 72 / 53 68 72 74 / 55 67 71 75 / 43 65 74 50 <END> 
<S> 56 60 72 77 / 68 74 -60 -77 / 55 67 72 -60 / 53 -55 -60 -72 / 55 59 67 74 / 65 -55 -67 -74 / 48 63 67 72 / 60 -67 75 / 58 62 70 77 / 56 -62 -70 -77 / 55 62 70 77 / 53 -62 -70 -77 / 51 63 70 79 / 55 -63 -70 -79 <END> 
<S> 60 63 67 72 / 58 62 -67 -72 / 57 60 65 72 / 58 62 67 / 53 -58 -62 -67 / 51 58 67 72 / 50 65 -58 -72 / 51 63 70 79 / 62 -51 -70 -79 / 53 60 68 77 / 55 59 67 -77 / 56 60 68 72 / 74 -56 -60 -68 <END> 
<S> 51 63 67 70 / 53 56 65 -70 / 55 63 67 70 / 56 60 -67 -70 / 58 62 65 / 56 68 -62 -65 / 77 -56 -65 / 55 59 67 75 / 60 -67 -55 -75 / 43 60 67 74 / 59 -43 -67 -74 / 65 -43 -59 -74 / 48 55 60 63 / <END> 
<S> 59 62 67 74 / 60 -62 -67 -74 / 55 62 67 71 / 53 -62 -67 -71 / 51 63 67 72 / 48 -63 -67 -72 / 55 62 67 71 / 60 67 -67 -71 / 62 65 69 72 / 64 -60 -69 -72 / 59 65 67 74 / 55 71 -67 -74 / 60 67 76 / 58 -67 -67 -75 <END> 
<S> 59 62 67 74 / 60 67 72 / 62 65 74 / 60 63 72 75 / 65 74 -60 -68 / 67 72 75 -60 / 58 -67 -72 -75 / 56 60 72 77 / 55 70 -60 -77 / 53 60 68 74 / 72 -53 -60 -68 / 55 59 67 71 / 60 63 72 / 62 74 -60 -72 <END> 
<S> 56 63 72 77 / 55 -63 -72 -77 / 57 62 65 72 / 60 -56 -65 -72 / 59 62 67 74 / 55 67 71 75 / 60 -67 -71 -75 / 62 67 72 77 / 68 -62 -67 -77 / 63 67 70 79 / 62 -63 -70 -79 / 60 63 72 79 / 58 -63 -72 -79 <END> 
<S> 60 63 67 75 / 62 65 70 77 / 63 -62 -70 -77 / 58 -62 -70 -77 / 60 75 -58 -69 / 72 -60 -75 / 58 62 65 74 / 67 79 -58 -71 / 57 60 65 72 / 59 62 67 74 / 60 67 75 -62 / 63 -60 -75 -75 / 56 65 74 -72 / 71 -65 -55 -76 / 63 67 72 75 / 62 -67 -72 -75 / 60 67 72 75 / 59 -67 -72 -75 <END> 
<S> 60 63 67 75 / 62 65 -67 -75 / 63 67 72 / 60 63 -67 -72 / 56 62 72 77 / 53 -62 -72 -77 / 55 62 70 79 / 56 -62 -70 -79 / 77 -56 -62 -70 / 67 55 75 -58 / 53 65 68 77 / 51 67 75 79 / 63 0 -75 / 62 65 72 77 / 67 71 -62 -77 / 60 63 67 72 / 62 65 70 -56 <END> 
<S> 58 62 65 77 / 67 75 -58 -62 / 56 60 68 77 / 53 56 62 -77 / 72 -56 -62 / 55 65 71 74 / 55 67 71 74 / 60 67 72 75 / 58 -67 -72 -75 / 57 60 72 77 / 58 70 74 -77 / 57 69 72 77 / 75 70 79 -65 / 63 69 72 77 / 62 70 77 -77 <END> 
<S> 60 67 72 75 / 74 -60 -67 -72 / 75 -60 -67 -72 / 56 65 72 77 / 71 -56 -65 -77 / 55 67 72 75 / 54 69 -72 -75 / 55 62 71 74 / 67 -62 -71 -74 / 65 67 -71 -74 / 63 70 -67 -71 / 62 65 69 77 / 60 75 -65 -69 / 58 65 74 / 63 70 -58 -74 / 59 65 68 74 / 62 66 -47 -74 <END> 
<S> 57 63 72 78 / 55 70 -63 -72 / 62 65 69 72 / 53 -65 -69 -72 / 63 -53 -69 -72 / 46 62 65 74 / 55 58 70 75 / 56 60 -70 -75 / 58 62 65 74 / 63 67 -58 -74 / 53 65 68 72 / 71 74 -53 -65 / 52 67 72 75 / 53 -67 -72 -75 / 55 74 -60 -72 / 67 -55 -72 -74 / 71 -55 -67 -74 / 65 -55 -71 -74 <END> 
<S> 50 65 77 -72 / 71 -50 -65 -77 / 48 67 72 75 / 53 68 74 77 / 55 67 71 74 / 55 67 71 74 / 60 67 72 75 / 62 68 77 -72 / 63 70 79 -77 / 72 -63 -70 -79 / 62 65 72 77 / 67 71 -62 -77 / 48 63 72 75 / 60 67 75 -72 <END> 
<S> 60 67 72 75 / -60 -67 -72 -75 / 55 67 71 74 / 65 -55 -71 -74 / 48 63 67 72 / 53 65 70 74 / 63 -53 -70 -74 / 53 62 69 72 / 55 70 -62 -72 / 53 63 72 -70 / 74 -53 -63 -70 / 48 67 72 75 / 53 -67 -72 -75 / 55 67 71 74 / 55 63 70 77 <END> 
<S> 53 69 72 74 / 63 -53 -72 -74 / 55 65 71 74 / 63 67 72 / 65 74 -67 / 60 67 75 75 / 60 68 74 77 / 59 -68 -74 -77 / 60 67 72 75 / 74 -60 -67 -72 / 54 69 72 74 / 55 67 71 -74 / 65 -55 -71 -74 <END> 
<S> 59 67 74 77 / 60 -67 -74 -77 / 59 74 -67 -74 / 72 -59 -67 -74 / 55 67 71 74 / 48 67 72 75 / 50 65 70 74 / 51 67 72 75 / 53 -67 -72 -75 / 55 67 74 -72 / 71 -55 -67 -74 / 63 67 72 / 59 62 67 74 <END> 
<S> 51 67 72 75 / 53 -67 -72 -75 / 55 67 70 74 / 65 -55 -70 -74 / 56 63 72 / 70 -56 -63 -72 / 53 68 74 77 / 58 75 -68 -74 / 51 70 75 -65 / 53 -67 -70 -75 / 55 67 70 75 / 56 65 -70 -75 <END> 
<S> 55 67 70 75 / 56 63 72 -75 / 55 68 72 74 / 53 -68 -72 -74 / 55 67 71 74 / 53 59 -74 -74 / 52 67 72 -58 / 48 63 -67 -72 / 55 62 67 70 / 53 -62 -67 -70 / 51 60 67 72 / 55 -60 -67 -72 / 48 60 67 75 / 53 -60 -67 -75 <END> 
<S> 56 63 72 / 55 -60 -63 -72 / 53 65 68 74 / 55 63 -68 -74 / 65 -55 -60 -74 / 59 67 -55 -74 / 47 -59 -67 -74 / 48 64 67 72 / 60 63 67 72 / 58 62 -67 -72 / 57 60 65 72 / 55 67 -60 -72 / 53 60 69 -67 / 62 65 -53 -69 / 60 63 67 / 58 62 65 74 / 56 -65 -65 -74 <END> 
<S> 57 60 67 72 / 65 -57 -60 -72 / 60 67 -65 / 63 -60 -67 / 58 62 -67 / 65 61 69 / 60 63 70 -69 / 46 -63 -70 / 56 63 68 72 / 53 -63 -68 -72 / 55 63 67 70 / 53 61 -67 -70 / 52 60 67 -70 / 53 -60 -67 -70 / 52 60 67 72 / 58 -52 -67 -72 / 53 57 65 74 / 58 -46 -65 -74 <END> 
<S> 56 60 67 72 / 65 -56 -60 -72 / 55 62 67 71 / 53 -62 -67 -71 / 51 60 67 72 / 48 -60 -67 -72 / 53 60 65 68 / 62 -53 -65 -68 / 55 60 63 67 / 53 60 65 68 / 53 -60 -65 -68 / 60 67 -53 -65 / 58 64 -53 -65 / 42 57 60 74 <END> 
<S> 56 60 65 / 55 59 65 74 / 53 -59 -65 -74 / 51 59 67 75 / 60 -51 -67 -75 / 53 60 68 74 / 72 -60 -68 -68 / 55 62 67 71 / 63 -55 -67 -71 / 65 -55 -67 -71 / 48 63 67 72 / 60 63 -67 -72 / 58 62 -67 -72 / 57 60 66 72 / 55 62 67 70 / 53 63 68 70 / 51 65 68 -68 <END> 
<S> 48 64 67 72 / 60 67 75 / 58 -60 -67 -75 / 56 60 65 75 / 55 -60 -65 -75 / 53 60 68 74 / 55 59 67 -74 / 56 60 65 72 / 48 -56 -65 -72 / 50 55 65 71 / 62 -50 -55 -71 / 48 55 63 72 / 53 -55 -63 -72 / 55 62 67 71 / 52 60 67 72 / 50 65 74 -60 <END> 
<S> 48 60 63 -67 / 60 63 72 -67 / 58 62 65 -72 / 56 -65 -72 -77 / 55 67 70 75 / 51 70 77 / 53 63 68 77 / 51 63 70 79 / 55 -63 -70 -79 / 53 68 77 -63 / 62 71 -53 -77 / 51 63 72 79 / 50 -63 -72 -79 <END> 
<S> 56 63 72 77 / 53 -63 -72 -77 / 58 62 70 77 / 68 -58 -62 -77 / 51 58 67 75 / 51 58 67 79 / 60 69 -51 -79 / 58 70 77 -51 / 62 -77 -77 -77 / 60 67 75 -77 / 69 72 -60 -75 / 55 67 71 74 / 65 -55 -71 -74 <END> 
<S> 51 60 67 79 / 53 -60 -67 -79 / 55 60 67 74 / 59 -55 -67 -74 / 48 60 67 75 / 53 65 68 74 / 72 -53 -65 -68 / 55 63 67 72 / 62 65 -55 -72 / 60 -55 -67 -72 / 55 62 67 71 / 60 63 67 / 62 -60 -67 -75 <END> 
