<S> 48 64 67 72 / 47 67 74 / 48 67 72 76 / 69 -48 -72 -76 / 50 66 69 74 / 71 -50 -66 -74 / 52 64 67 72 / 54 62 69 -72 / 55 62 69 71 / 67 -55 -62 -71 / 48 64 67 69 / 50 62 66 -69 / 60 -50 -66 -69 <END> 
<S> 52 64 67 72 / 54 62 69 -72 / 55 62 69 71 / 64 -55 -69 -71 / 50 62 66 69 / 60 -50 -66 -69 / 55 59 62 67 / 52 59 64 67 / 57 60 64 72 / 65 -57 -60 -72 / 55 62 67 71 / 53 59 62 67 / 52 60 67 72 / 50 65 74 -60 / 48 67 72 76 <END> 
<S> 57 60 64 72 / 55 64 -60 -72 / 53 65 69 -60 / 59 62 -53 -69 / 52 60 67 76 / 53 69 -60 -76 / 55 67 71 74 / 52 67 71 76 / 65 -52 -71 -76 / 57 64 73 79 / 50 65 77 -76 / 62 67 74 -50 / 76 -62 -67 / 65 69 -50 -62 / 52 67 72 -58 / 53 57 -67 -72 <END> 
<S> 60 67 76 / 62 -60 -67 -76 / 64 69 -55 -60 / 58 62 67 74 / 57 69 76 -62 / 77 -57 -60 -69 / 59 67 74 79 / 61 -67 -74 -79 / 60 62 76 79 / 66 -60 -79 -79 / 59 67 74 79 / 77 -59 -67 -74 / 60 67 76 / 77 -60 -67 -67 / 56 76 -67 -76 / 53 69 74 77 / 50 -69 -74 -77 / 71 74 -50 -69 / 48 67 -74 -74 <END> 
<S> 59 62 74 79 / 77 -59 -62 -74 / 60 62 69 76 / 57 60 -69 -76 / 55 59 67 74 / 45 60 -67 -74 / 50 62 66 71 / 52 64 67 -71 / 54 62 69 -67 / 55 62 67 71 / 53 59 62 67 / 52 60 67 72 / 50 65 69 74 / 71 -50 -65 -74 / 48 67 72 76 / 50 74 77 -72 / 52 67 72 76 / 53 -67 -72 -76 <END> 
<S> 55 64 69 72 / 54 62 -69 -72 / 55 62 67 71 / 59 64 67 / 57 64 67 72 / 59 62 67 74 / 60 67 76 / 59 -60 -67 -76 / 53 60 69 77 / 55 60 67 76 / 53 69 74 -60 / 55 59 67 -74 / 65 -55 -59 -74 / 48 64 67 72 <END> 
<S> 62 67 69 / 75 -62 -67 -69 / 50 62 65 69 / 67 -50 -62 -65 / 60 65 69 -51 / 53 59 -65 -69 / 60 64 67 / 62 -60 -67 -76 / 52 60 67 72 / 53 69 74 -60 / 55 59 67 -74 / 65 -55 -59 -74 / 48 55 64 72 / 55 62 71 74 <END> 
<S> 52 60 67 72 / 53 69 -60 -72 / 52 65 71 74 / 50 -65 -71 -74 / 48 67 72 76 / 65 71 74 -48 / 60 67 72 76 / 53 69 74 77 / 55 67 71 74 / 45 72 -67 -74 / 62 65 69 74 / 67 -62 -74 -74 / 64 69 73 -74 / 50 -69 -74 <END> 
<S> 67 71 74 / 65 69 -74 / 64 67 76 / 69 -64 -76 / 71 74 -64 -67 / 57 64 69 72 / 57 60 69 76 / 77 -60 -69 / 67 76 -60 / 41 60 65 77 / 55 67 72 76 / 57 60 -72 -76 <END> 
<S> 57 60 69 76 / 77 -57 -60 -69 / 59 62 67 79 / 60 64 -67 -79 / 60 65 69 79 / 71 -60 -65 / 61 67 76 / 62 66 74 81 / 64 -62 -66 -81 / 59 64 81 62 / 67 -59 -74 -79 / 60 67 76 <END> 
<S> 59 62 67 79 / 69 -59 -62 -79 / 60 67 72 81 / 66 74 81 -81 / 64 -68 -74 -81 / 55 69 74 79 / 71 -62 -74 -79 / 72 77 76 / 62 74 -72 -77 / 60 67 76 -72 / 59 74 -67 -76 / 57 69 72 76 / 55 71 -69 -76 / 53 65 69 74 / 52 59 -69 -74 <END> 
<S> 57 72 76 / 66 74 -57 -72 / 55 62 71 79 / 53 67 71 79 / 52 -67 -71 -79 / 50 65 77 -59 / 62 79 -77 -79 / 61 67 76 77 / 57 69 73 -77 / 50 69 74 77 / 72 76 -50 -69 / 58 67 74 76 / 56 59 71 79 <END> 
<S> 57 64 69 72 / 66 -57 -69 -72 / 55 64 71 -69 / 54 57 69 72 / 52 55 71 -69 / 57 64 72 -55 / 62 -57 -64 -72 / 55 59 62 / 54 -50 -59 -62 / 48 52 60 64 <END> 
<S> 54 57 62 74 / 55 59 62 / 53 52 67 72 / 54 69 -62 -69 / 55 62 67 71 / 64 -55 -67 -71 / 50 62 66 69 / 66 -50 -62 -69 / 60 -50 -66 -69 / 55 59 62 67 / 60 64 67 76 / 54 60 69 74 <END> 
<S> 54 62 69 74 / 67 -54 -62 -74 / 72 -54 -62 -69 / 55 62 67 71 / 64 -55 -62 -71 / 50 62 66 69 / 51 59 66 71 / 52 59 64 67 / 54 57 -64 -72 / 55 59 64 71 / 62 -55 -59 -71 / 52 55 64 72 / 50 62 65 69 / 48 64 67 71 / 50 65 -67 -71 <END> 
<S> 57 64 69 72 / 64 -57 -69 -72 / 55 62 71 -69 / 67 -55 -62 -71 / 50 62 67 69 / 66 -50 -62 -69 / 55 59 62 67 / 52 60 64 67 / 50 62 65 69 / 48 64 67 / 47 55 62 -67 / 45 60 64 69 / 48 -60 -64 -69 / 50 62 65 71 / 69 -50 -62 -65 <END> 
<S> 52 60 67 / 50 53 65 69 / 55 71 -50 -53 / 52 55 60 64 / 50 57 65 -64 / 55 59 65 -50 / 60 -38 -65 -65 / 43 59 62 -65 / 64 -43 -59 -62 / 45 60 -43 -65 / 47 55 62 67 / 48 55 64 / 50 65 -55 -48 / 52 55 60 67 / 50 57 -60 -67 <END> 
<S> 43 59 62 67 / 48 -59 -62 -67 / 47 62 67 -59 / 48 57 -62 -67 / 50 57 65 -62 / 47 55 62 67 / 48 55 60 64 / 47 55 -55 -64 / 48 55 60 64 / 52 -55 -60 -64 / 50 57 60 65 / 59 -50 50 -65 / 57 -50 -57 -65 / 43 50 59 67 / 43 62 74 -55 / 47 -43 -43 -62 <END> 
<S> 48 55 60 64 / 46 55 -60 -64 / 44 53 60 65 / 43 55 59 62 / 60 -43 -55 -59 / 41 55 60 62 / 52 55 60 67 / 53 59 65 / 55 64 -48 / -81 -48 -55 -64 / 41 55 60 69 / 53 62 -41 -60 -69 / 43 59 67 -53 / 52 -43 -59 -67 / 44 60 65 -52 / 47 62 -60 -65 / 48 55 60 64 / 59 62 -48 -55 -64 <END> 
<S> 41 53 60 69 / 50 55 58 65 / 57 -50 -55 -65 / 55 59 62 -55 / 53 57 -55 -62 / 55 58 62 / 53 -55 -58 -62 / 52 55 60 64 / 48 -55 -60 -64 / 50 53 65 -60 / 59 -50 -53 -65 / 52 55 60 67 / 53 69 -60 -55 / 55 62 71 / 53 -55 -62 -71 <END> 
<S> 55 58 62 / 53 -55 -58 -62 / 55 67 -55 -58 / 53 57 -55 -67 / 50 62 65 -55 / 53 -50 -62 -65 / 48 55 62 67 / 60 -48 -55 -67 / 43 55 60 62 / 59 -43 -55 -62 / 48 55 60 64 / 47 55 62 67 <END> 
<S> 48 55 62 65 / 47 -55 -62 -65 / 48 55 64 -62 / 60 -48 -55 -64 / 43 55 60 62 / 59 -43 -55 -62 / 48 55 60 64 / 53 59 62 -55 / 52 55 60 64 / 50 -55 -60 -64 / 55 59 62 -55 / 53 -55 -59 -62 / 52 55 60 67 / 50 -55 -60 -67 / 48 55 62 67 / 47 62 -55 -67 <END> 
<S> 55 62 70 -48 / 47 -55 -62 -71 / 48 60 64 69 / 55 -48 -64 -67 / 50 57 65 69 / 48 62 -57 -69 / 47 59 -57 -69 / 49 52 56 61 / 69 -52 -57 / 40 55 67 / / 72 -40 -64 -67 / 41 60 65 68 / 43 -60 -65 -69 / 45 60 65 69 / 58 -60 -65 -69 / 60 64 67 -60 / 58 -60 -64 -67 / 53 60 65 69 / 62 -53 -65 -69 / 52 61 64 67 / 62 -52 -64 -67 <END> 
<S> 53 61 69 / 55 -53 -69 / 67 -52 -55 -58 / 57 57 60 66 / 59 -57 -60 -66 / 55 59 62 / 56 -55 -59 -62 / 52 55 60 67 / 48 -55 -60 -67 / 47 55 62 65 / 59 -50 -65 -65 / 52 60 64 67 / 53 60 62 69 / 71 -53 -60 -62 / 48 55 60 64 72 / 53 65 -60 -72 <END> 
<S> 60 -43 -59 -67 / 48 60 -60 -67 / 55 59 67 -48 / 52 60 -55 -67 / 50 62 65 69 / 59 -50 -65 -69 / 52 60 64 67 / 53 69 -60 -64 / 55 59 62 / / 55 -59 -62 / 48 55 60 64 / 48 52 60 67 / 53 52 60 67 / 59 -53 -67 <END> 
<S> 55 62 65 71 / 53 -62 -65 -71 / 52 55 67 71 / 50 -55 -67 -71 / 48 55 64 72 / 45 55 65 71 / 64 -52 -55 -71 / 40 55 60 69 / 59 62 -55 -69 / 45 60 64 / 53 59 62 -45 / 52 55 60 64 <END> 
<S> 47 55 62 71 / 48 64 -55 -71 / 50 62 65 69 / 60 -50 -65 -69 / 52 59 64 67 / 62 -52 -59 -67 / 53 57 60 69 / 55 59 67 / 53 62 -59 -67 / 52 55 60 67 / 50 53 -60 -67 / 52 55 60 67 / 53 62 -55 -67 / 55 64 60 / 62 65 -55 -60 / 55 60 64 / 43 62 -60 -64 / 59 -43 -62 -64 / -43 -43 -59 -62 <END> 
<S> 53 60 65 69 / 52 62 65 71 / 50 -62 -65 -71 / 52 55 64 72 / 54 57 -64 -72 / 55 59 62 71 / 67 -55 -59 -71 / 48 52 67 69 / 64 72 -48 -67 / 50 62 66 71 / 60 69 -50 -66 / 43 59 62 67 / 48 55 60 64 <END> 
<S> 48 64 69 -67 / 50 62 66 -69 / 60 -50 -66 -69 / 55 59 62 67 / 55 59 62 67 / 53 -59 -62 -67 / 52 60 67 72 / 50 65 74 -60 / 52 58 67 76 / 56 60 65 77 / 53 60 69 -77 / 58 62 70 77 / 68 -58 -62 -77 / 56 63 71 75 / 57 65 72 -75 / 58 67 70 74 <END> 
<S> 50 60 65 77 / 62 -50 -65 -77 / 60 63 67 75 / 62 65 77 -75 / 63 72 79 / 62 71 74 -79 / 60 67 72 75 / 58 -67 -72 -75 / 56 60 72 77 / 55 -60 -72 -77 / 53 60 70 79 / 55 -60 -70 -79 / 53 65 68 72 / 63 -53 -68 -72 / 63 65 69 -48 / 47 62 -65 -69 <END> 
<S> 56 72 77 -64 / 53 65 -72 -77 / 58 62 70 77 / 68 -58 -62 -77 / 51 63 67 75 / 58 65 70 74 / 60 63 68 75 / 67 -60 -63 -75 / 62 65 70 77 / 68 -62 -65 -77 / 63 67 70 79 / 62 65 -67 -79 <END> 
<S> 58 65 70 74 / 56 -65 -70 -74 / 55 67 70 75 / 53 -67 -70 -75 / 51 65 70 77 / 50 -65 -70 -77 / 51 63 70 79 / 72 -51 -63 -79 / 53 68 74 77 / 55 67 75 -74 / 56 72 77 -75 / 58 74 -72 -77 / 57 72 -44 -77 / 55 70 75 79 / 53 -70 -75 -79 / 55 70 74 79 <END> 
<S> 53 72 74 77 / 55 75 -74 -77 / 56 71 74 77 / 55 72 75 / 74 -55 -72 / 63 72 -55 -75 / 44 65 -72 -75 / 47 67 74 -65 / 44 63 72 75 / 65 68 -51 -72 / 47 67 -65 -72 / 48 60 67 75 / 58 60 -67 -75 / 56 60 72 77 / 55 75 -60 -72 <END> 
<S> 44 65 72 74 / 56 -65 -72 -74 / 55 67 71 74 / 53 68 -71 -74 / 51 63 72 79 / 50 -51 -72 -79 / 48 67 77 -72 / 50 73 -67 -77 / 51 67 75 79 / 53 -67 -75 -79 / 55 67 71 74 / 53 68 -71 -74 / 51 63 72 79 / 55 -51 -63 -79 <END> 
<S> 48 67 72 75 / 51 -67 -72 -75 / 53 68 72 74 / 55 67 71 -74 / 65 -55 -71 -74 / 48 63 67 72 / 55 67 70 75 / 56 65 70 74 <END> 
<S> 53 68 -63 -72 / 55 62 -68 -72 / 67 -55 -62 -72 / 65 -55 -62 -72 / 60 63 67 -55 / 59 62 -55 -67 / 53 57 60 72 / 51 55 67 -60 -72 / 53 65 69 72 / 63 -53 -69 -72 / 46 65 68 74 / 55 67 -65 -74 / 60 67 72 / 55 70 -60 -67 <END> 
<S> 52 60 67 72 / 70 -52 -60 -67 / 53 60 68 -67 / 65 -53 -60 -68 / 48 60 64 67 / 59 62 -48 -67 / 53 60 67 / 55 59 -60 -67 / 53 56 60 -67 / 62 65 -53 -56 / 55 60 63 / 46 56 62 -60 / 44 63 -56 -60 / 65 -44 -56 -60 <END> 
<S> 56 60 63 72 / 55 58 -63 -72 / 54 57 62 72 / 55 62 67 70 / 60 63 67 72 / 59 67 74 / 65 -43 -59 -74 / 60 63 75 / 67 74 -60 -63 / 59 68 74 57 / 57 -68 -74 <END> 
<S> 63 67 70 75 / 62 65 -67 -70 / 60 63 67 75 / 58 62 -67 -75 / 56 60 72 77 / 55 -60 -72 -77 / 53 70 75 79 / 51 72 77 / 58 67 74 -51 / 65 68 77 -51 / 63 67 70 79 / 62 65 -70 -75 / 60 63 67 75 / 58 -64 -67 -75 <END> 
<S> 56 72 68 77 / 67 -56 -72 -77 / 68 72 75 -56 / 55 67 71 74 / 53 68 72 / 51 55 67 -72 / 50 65 67 -72 / 60 69 -50 -72 / 55 67 71 71 / 65 -55 -71 -74 / 56 67 72 / 65 74 -56 -72 / 55 67 71 74 / 65 -55 -71 -74 <END> 
<S> 51 67 72 75 / 50 65 72 77 / 67 -50 -65 -72 / 48 63 67 72 / 53 62 -67 -72 / 51 60 67 72 / 58 -51 -67 -72 / 56 65 68 72 / 63 67 -56 -72 / 62 65 70 -56 / 60 63 69 75 / 58 62 70 77 <END> 
<S> 53 65 68 72 / 63 -53 -68 -72 / 61 65 70 / 64 67 72 / 65 68 72 / 64 67 70 / 65 68 0 / 39 58 67 75 / 44 60 65 -75 / 67 -48 -60 -75 / 65 -51 68 -75 / 63 67 70 75 / 68 -51 -63 -67 <END> 
<S> 44 60 65 68 / 63 -44 -60 -68 / 59 62 67 -56 / 60 -56 -67 / / 55 62 67 71 / 48 63 67 72 / 50 65 71 74 / 48 67 72 75 / 47 68 74 77 / 67 -47 -74 -77 / 48 67 75 75 <END> 
<S> 48 60 67 75 / 62 74 -67 -60 / 59 63 67 75 / 62 65 -67 -71 / 60 63 67 75 / 58 62 -67 -75 / 56 60 72 75 / 55 58 70 -75 / 53 68 72 80 / 74 -53 -68 -77 / 55 63 75 79 / 56 65 77 -75 / 58 67 74 77 / 75 -58 -67 -77 <END> 
<S> 58 65 68 74 / 53 65 68 72 / 55 67 70 75 / 58 61 70 77 / 56 -61 -70 -77 / 55 63 70 79 / 53 -63 -70 -79 / 51 63 70 79 / 55 -63 -70 -79 / 56 63 72 77 / 53 -63 -72 -77 / 58 62 70 -77 / 75 -58 -62 -70 <END> 
<S> 57 63 72 77 / 58 62 70 77 / 68 -58 -62 -77 / 51 58 67 75 / 63 70 79 / 62 65 70 82 / 67 -62 -65 -77 / 59 -62 -65 -77 / 60 63 67 75 / 58 62 -67 -75 / 56 60 72 77 / 55 75 -60 -72 <END> 
<S> 51 63 70 79 / 63 -63 -70 -79 / 62 77 -51 -70 / 56 60 -70 -77 / 55 70 75 79 / 53 -70 -75 -79 / 51 75 79 -75 / 50 72 77 -75 / 71 -50 74 -77 / 48 67 72 75 <END> 
<S> 58 -48 -67 -76 / 53 60 68 77 / 48 60 67 75 / 70 -48 -60 -75 / 63 -48 -67 -75 / 53 65 68 74 / 63 75 -53 -68 / 43 62 67 70 / 63 68 -43 -70 / 50 65 68 72 / 46 62 -65 -68 / 39 58 67 75 / 41 -58 -67 -75 <END> 
<S> 51 63 67 70 / 60 63 69 -67 / 58 65 68 74 / 53 -65 -68 -74 / 51 63 67 70 / 53 60 65 68 / 55 59 67 -65 / 56 60 63 -67 / 53 60 65 68 / 50 -60 -65 -68 / 51 58 67 -65 / 63 -51 -58 -67 <END> 
<S> 56 60 65 72 / 55 70 -60 -72 / 53 -60 68 72 / 55 74 -60 -68 / 53 59 67 -74 / 51 58 -67 -74 / 53 57 69 72 / 63 -53 -69 -72 / 46 62 65 70 / 60 75 -65 -70 58 58 62 65 77 / 56 60 -65 -77 / 55 58 70 75 / 60 -55 -70 -75 <END> 
<S> 46 58 65 74 / 58 62 -65 74 / 58 65 74 / 56 -58 -65 -74 / 51 55 67 70 / 50 58 -67 -70 / 48 63 68 72 / 50 65 71 74 / 48 63 67 72 / 62 -48 -67 -72 / 60 63 67 72 / 58 62 -67 -72 / 56 65 77 / 47 62 -65 -77 / 48 63 67 75 <END> 
<S> 48 63 67 72 / 56 -63 -67 -72 / 55 62 67 70 / 53 60 65 68 / 58 67 -65 -53 / 48 60 64 -67 / 60 64 67 / 59 -48 -64 -67 / 56 60 65 / 58 -56 -60 / 56 -56 -60 / 51 55 -56 -60 / 53 56 -58 -60 / 55 59 62 / 53 56 60 -79 / 62 65 -53 -56 / 55 58 63 / 57 60 -55 -63 <END> 
<S> 55 60 67 / 64 68 -55 -60 / 43 59 62 -55 / 53 -43 -59 -62 / 48 51 55 60 / 48 60 63 67 / 50 -60 -63 -67 / 51 58 63 67 / 61 -51 -58 -67 / 53 60 63 68 / 58 62 -53 -68 / 51 58 63 67 / 50 -58 -63 -67 <END> 
<S> 44 60 65 68 / 62 -44 -65 -68 / 60 63 67 -65 / 62 -60 -67 / 60 65 -43 -60 / 53 -60 -60 -65 / 55 59 62 67 / 57 -53 -62 -67 / 55 60 62 -53 / 53 -55 -60 -70 / 65 -53 -55 -60 / 43 59 63 -55 / 48 51 60 -63 / 62 -48 -52 -60 <END> 
<S> 55 60 62 67 / 53 69 -60 -67 / 55 62 67 71 / 53 59 62 67 / 57 -53 -62 -67 / 55 59 62 67 / 53 60 65 / 62 -53 -65 / 60 63 -53 -60 / 59 62 -53 -65 / 60 -53 -59 -62 / 55 59 62 -53 / 53 55 60 63 / 51 -55 -60 -63 <END> 
<S> 55 60 63 / 53 56 60 62 / 65 -53 -56 -60 / 55 59 62 67 / 53 59 62 67 / 51 60 67 -67 / 50 65 -67 -71 / 48 63 67 72 / 60 -48 -67 -72 / 53 60 69 74 / 55 -60 -69 -74 / 59 68 74 -74 / 72 -44 -68 -74 / 65 69 74 -74 / 64 71 -69 -74 / 62 65 71 <END> 
<S> 48 60 67 75 / 68 -48 -60 -75 / 50 59 67 74 / 55 60 67 75 / 43 59 -67 -75 / 62 72 77 -48 / 63 67 70 -77 / 65 68 72 75 / 65 -68 -72 -75 / 67 72 77 -72 / 43 71 -67 -72 / 48 67 72 77 / 60 67 74 75 / 59 67 74 / 55 -67 -74 <END> 
<S> 67 72 -51 -67 / 50 65 69 -72 / 51 63 70 79 / 53 -63 -70 55 / 55 63 70 79 / 56 -63 -70 -79 / 58 65 70 74 / 60 75 -65 -70 / 62 71 77 -65 / 59 62 74 -77 / 60 63 74 48 55 59 67 75 / 60 -55 -67 -75 <END> 
<S> 59 62 67 77 / 60 -62 -67 -77 / 55 62 71 77 / 50 -62 -71 -77 / 51 63 67 75 / 57 69 -63 -75 / 55 62 70 77 / 63 67 72 79 / 53 65 72 80 / 55 67 71 79 / 65 -55 -71 -79 / 48 63 72 79 / 53 65 70 82 <END> 
<S> 53 63 72 79 / 55 62 71 79 / 63 -55 -71 -79 / 56 72 77 / 55 59 74 -77 / 60 67 75 / 68 72 -60 -75 / 55 68 71 74 77 / 56 67 72 75 / 55 74 -67 -72 / 53 68 -72 -74 / 55 67 71 74 / 65 -55 -71 -74 <END> 
<S> 62 65 77 -72 / 71 -65 -74 -77 / 63 72 75 79 / 67 -63 -75 -79 / 59 68 74 79 / 60 67 -74 -79 / 60 67 72 79 / 70 -60 -67 -79 / 53 60 68 77 / 55 60 67 -77 / 53 60 68 -67 / 58 65 -53 -68 / 56 60 65 68 / 63 -60 -68 -68 <END> 
<S> 56 67 72 77 / 58 -67 -72 -77 57 60 65 72 -77 / 55 65 71 74 / 53 75 -70 / 62 -53 -69 -72 / 55 62 71 -69 / 55 67 -62 -71 / 51 63 67 72 / 60 69 -63 -72 / 55 62 71 74 / 63 72 -55 -75 <END> 
<S> 63 67 72 / 59 62 -67 -72 / 60 67 75 / 58 -60 -67 -75 / 56 60 65 75 / 55 58 -65 -75 / 53 60 65 68 / 50 59 65 -68 / 51 58 63 67 / 50 -58 -63 -67 / 48 56 65 68 / 63 -48 -56 -68 / 55 62 67 70 / 68 -55 -62 -70 <END> 
<S> 51 58 67 / 50 -58 -67 / 48 63 67 72 / 55 -63 -67 -72 / 56 62 65 72 / 58 -56 -65 -72 / 54 57 63 72 / 55 62 67 70 / 50 58 65 68 / 51 58 63 67 / 56 60 -63 -67 <END> 
<S> 63 68 -58 -70 / 55 59 67 -70 / 51 60 67 72 / 48 63 72 79 / 50 65 72 77 / 71 -50 -65 -77 / 51 67 72 75 / 53 -67 -72 -75 / 55 67 71 74 / 65 -55 -71 -74 <END> 
<S> 50 65 71 77 / 51 -65 -71 -77 / 50 -65 -69 -77 / 51 63 70 79 / 53 -63 -70 -79 / 55 70 75 79 / 56 74 -70 -79 / 68 72 75 -56 / 55 67 71 75 / 53 65 70 74 / 60 75 -65 / 58 62 70 77 <END> 
