<S> 55 62 71 79 / 55 62 71 79 / 60 63 72 79 / 58 62 74 79 / 63 -58 -74 -79 / 56 65 72 77 / 67 -56 -72 -77 / 55 68 72 75 / 53 -68 -72 -75 / 55 62 71 74 <END> 
<S> 56 65 72 77 / 67 -56 -72 -77 / 55 68 72 75 / 53 -68 -72 -75 / 58 67 70 75 / 56 65 77 -70 / 58 70 75 77 / 68 72 75 -56 / 46 67 74 79 / 51 67 75 79 <END> 
<S> 56 63 72 77 / 60 -56 -72 -77 / 58 62 70 77 / 68 -58 -62 -77 / 51 58 67 75 / 51 58 70 79 / 63 70 79 / 62 65 -70 -79 / 60 63 70 -65 / 62 -60 -70 -79 / 60 63 67 79 / 59 62 -67 -79 <END> 
<S> 51 67 70 75 / 58 65 70 74 / 60 -65 -70 -74 / 58 65 70 77 / 62 -65 -70 -77 / 63 70 79 / 62 71 77 / 60 67 72 75 / 58 -67 -72 -75 / 56 60 72 77 / 55 70 -60 -77 <END> 
<S> 63 72 79 / 60 -63 -72 -79 / 58 70 74 77 / 68 -58 -74 -77 / 60 67 72 75 / 70 -60 -67 -75 / 53 65 68 74 / 55 63 70 75 / 61 -55 -70 -75 / 56 68 -61 -75 <END> 
<S> 63 67 70 75 / 65 69 -67 -75 / 63 67 70 77 / 62 65 68 -70 / 63 65 70 / 62 61 -65 -70 / 60 63 67 72 / 58 62 -67 -72 / 56 60 65 -72 / 55 67 -60 -72 / 53 65 69 72 / 51 -65 -69 -72 <END> 
<S> 60 63 67 / 58 -60 -67 -67 / 56 60 67 72 / 74 -56 -60 -67 / 55 58 62 67 / 53 57 62 72 / 51 58 67 74 / 56 -58 -67 -74 / 51 58 67 72 / 53 60 69 77 / 62 -53 -69 -77 / 55 63 67 70 / 65 -55 -63 -70 <END> 
<S> 51 58 67 75 / 53 60 69 77 / 55 62 70 -77 / 53 -62 -70 -77 / 51 63 70 79 / 72 -51 -63 -79 / 58 65 74 77 / 56 -65 -74 -77 / 55 63 70 75 / 65 -55 -70 -75 / 53 63 70 77 / 51 -63 -70 -77 / 56 63 70 72 / 74 -56 -63 -70 / 51 55 72 75 / 53 -58 -72 -75 <END> 
<S> 55 63 70 75 / 56 72 -63 -75 / 58 62 74 77 / 68 -58 -74 -77 / 59 67 74 79 / 60 67 75 / 58 -67 -67 -75 / 56 60 72 77 / 55 70 75 79 / 53 72 80 -63 / 62 -53 -72 -80 / 55 58 62 79 / 57 60 -55 <END> 
<S> 60 63 72 75 / 58 62 65 77 / 63 -58 -62 -77 / 59 62 68 77 / 60 75 -53 -68 / 55 67 74 -60 / 59 71 -55 -67 / 54 60 69 72 / 62 -54 -69 -72 / 55 62 67 71 / 48 60 67 75 / 55 -60 -67 -75 <END> 
<S> 55 60 67 75 / 57 60 -67 -75 / 55 59 62 67 / 55 -55 -59 -67 / 65 -55 -59 -67 / 60 63 67 / 59 62 -67 / 54 60 69 75 / 55 62 -60 -75 / 53 60 72 77 / 71 -53 -68 -77 / 51 67 72 75 / 53 -67 -72 -75 / 55 67 71 74 / 72 -55 -67 -74 / 65 -55 -67 -72 <END> 
<S> 60 63 67 75 / 58 62 -67 -75 / 56 60 72 77 / 55 70 75 -60 / 53 65 68 74 / 63 72 -53 -68 / 55 62 67 70 / 65 -62 -70 / 63 67 70 / 56 68 -63 -67 / 62 65 -56 -68 / 60 -56 -65 -68 / 55 59 67 -65 / 60 63 -55 -67 / 53 56 60 65 / 55 -60 -65 <END> 
<S> 56 63 68 72 / 55 -63 -68 -72 / 53 61 67 70 / 52 -61 -67 -70 / 53 60 67 68 / 55 -60 -67 -68 / 56 60 65 68 / 53 -60 -65 -68 / 60 64 67 / 60 63 72 79 / 56 63 72 77 <END> 
<S> 44 60 65 -70 / 56 60 65 72 / 62 -56 -60 -72 / 60 67 75 -60 / 58 -60 -67 -75 / 56 60 68 77 / 55 -60 -68 -77 / 53 60 68 79 / 55 -60 -68 -79 / 56 60 68 77 / 58 62 -68 -77 / 60 63 67 75 / 69 -60 -63 -75 <END> 
<S> 56 60 68 77 / 60 -56 -68 -77 / 55 61 67 75 / 53 68 -67 -75 / 55 67 75 -75 / 72 -55 -67 -75 / 55 67 74 -75 / 58 -67 -74 -75 / 56 62 72 77 / 55 63 70 79 / 53 -63 -70 -79 / 51 63 70 79 / 55 -63 -70 -79 <END> 
<S> 48 67 72 75 / 60 -67 -72 -75 / 58 67 74 77 / 56 -67 -74 -77 / 55 70 75 79 / 53 -70 -75 -79 / 51 72 75 79 / 50 -72 -75 -79 / 48 68 74 77 / 47 -68 -74 -77 / 48 67 72 75 / 53 68 74 77 <END> 
<S> 53 68 72 77 / 74 -53 -68 -77 / 55 63 70 75 / 46 -55 -63 -75 / 55 62 70 77 -55 / 63 -55 -70 -77 / 60 63 72 80 / 62 65 70 77 / 63 79 -65 -70 / 60 65 70 -79 / 69 -60 -65 -75 / 58 71 74 79 / 68 72 77 -59 <END> 
<S> 63 67 70 79 / 62 72 -70 -79 / 60 67 74 77 / 59 -67 -74 -77 / 60 67 72 75 / 55 67 71 74 / 65 -55 -71 -74 / 56 63 72 / 70 -56 -63 -72 / 55 65 68 74 / 53 75 -65 -68 / 77 -53 -65 -68 <END> 
<S> 51 67 70 75 / 61 -51 -67 -70 / 53 60 69 68 / 65 -53 -60 -69 / 55 59 67 70 / 60 63 67 72 / 58 62 74 -67 / 57 60 72 77 / 58 62 74 -77 / 60 67 72 76 / 53 -67 -72 -76 <END> 
<S> 60 63 67 75 / 58 62 -67 -75 / 56 60 72 77 / 55 70 -60 -77 / 53 65 68 72 / 74 -53 -65 -68 / 75 -53 -65 -69 / 46 65 70 74 / 48 63 72 -70 / 50 65 70 0 / 46 62 -70 -70 / 52 60 67 72 / 58 -52 -67 -72 / 53 56 65 72 / 51 -56 -65 -72 <END> 
<S> 51 67 -58 -67 / 60 -51 -67 -70 / 53 60 65 68 / 58 63 -53 -68 / 51 67 -60 -68 / 55 59 65 -68 / 48 60 -65 -68 / 64 -48 -60 -69 / 47 62 67 / 65 -47 -62 -67 / 51 55 63 67 / 50 -58 -63 -67 / 48 55 63 70 / 68 -48 -55 -63 / 70 -48 -55 -63 / 46 53 62 68 / 63 -46 -53 -68 <END> 
<S> 48 60 63 68 / 50 -60 -63 -68 / 51 58 67 70 / 53 60 68 72 / 62 -53 -68 -72 / 63 -53 -68 -72 / 46 62 65 70 / 51 63 67 70 / 56 63 68 72 / 55 63 67 70 / 53 56 65 68 <END> 
<S> 63 68 -58 -68 / 62 67 -51 -70 / 51 60 63 67 / 58 62 65 / 56 -58 -62 -65 / 43 55 63 70 / 45 60 65 -70 / 46 62 65 70 / 39 63 67 70 / 68 -51 -60 -67 / 50 58 65 -68 / 48 63 -58 -65 / 46 50 65 74 / 47 62 67 74 <END> 
<S> 50 58 65 68 / 62 -58 -65 / 63 -50 -58 -65 / 51 58 63 67 / 58 65 -51 -58 / 56 63 -58 -63 / 55 58 62 70 / 53 56 -62 -70 / 51 55 58 67 / 53 -51 -58 -67 / 50 53 60 65 / 59 -50 -53 -65 / 55 60 63 / 53 56 62 -60 <END> 
<S> 56 59 62 65 / 55 60 63 / 53 56 62 65 / 55 58 63 -65 / 56 59 65 -65 / 60 -56 -65 / 55 58 63 67 / 53 56 65 68 / 62 -53 -68 -68 / 55 63 67 70 / 65 -55 -63 -70 / 56 63 67 72 / 55 -63 -67 -72 <END> 
<S> 55 58 63 70 / 60 -55 -63 -70 / 53 60 65 68 / 46 58 65 -68 / 51 67 -46 -65 / 63 -46 -58 -67 / 44 60 65 72 / 46 62 65 70 / 39 58 67 70 / 68 -58 -58 -67 / 51 63 67 72 / 60 -51 -67 -72 / 53 65 68 74 / 67 -53 -65 -74 / 54 63 69 72 <END> 
<S> 51 63 67 68 / 49 -63 -67 -68 / 44 60 65 -68 / 63 -44 -60 -68 / 46 62 65 68 / 0 / 53 63 68 72 / 62 65 -56 -72 / 64 72 -53 -72 / 47 62 65 74 / 67 -47 -62 -74 / 48 63 67 72 / 50 62 -67 -72 / 51 60 67 72 / 53 -60 -67 -72 <END> 
<S> 52 68 72 -67 / 65 -52 -72 / 53 60 68 74 / 55 59 67 -74 / 56 60 65 -74 / 72 -56 -60 -65 / 55 59 67 74 / 53 -59 -67 -74 / 52 60 67 72 / 58 -52 -67 -72 / 53 57 65 72 / 51 58 67 75 / 57 60 65 -51 / 50 59 65 74 <END> 
<S> 56 60 67 72 / 65 -56 -60 -72 / 55 62 67 70 / 60 -55 -67 -70 / 53 59 65 68 / 74 -53 -59 -65 / 48 55 63 72 / 51 60 67 79 / 58 62 70 77 / 56 -62 -70 -77 / 55 63 70 79 / 53 -63 -70 -79 <END> 
<S> 51 60 63 67 / 58 -51 -63 -67 / 56 60 63 72 / 65 74 -56 -60 / 51 58 67 75 / 53 68 74 -58 / 55 63 70 75 / 56 65 -70 -75 / 58 65 70 74 / 64 -58 -70 -74 / 56 65 72 75 / 67 -65 -72 -75 / 58 65 68 74 / 56 -65 -68 -74 <END> 
<S> 56 65 68 72 / 55 -65 -68 -72 / 53 65 68 74 / 59 -65 -68 -74 / 60 63 67 75 / 69 -60 -63 -75 / 58 62 70 -75 / 65 77 -58 -70 / 55 63 70 75 / 62 65 -55 -70 / 63 67 72 -58 / 60 -63 -67 -72 / 58 62 65 74 / 57 60 -65 -74 / 55 58 67 75 / 53 60 68 77 <END> 
<S> 57 63 72 75 / 58 65 70 74 / 56 -65 -70 -74 / 55 58 70 74 / 53 68 -58 -74 / 51 63 70 79 / 62 -51 -70 -79 / 56 60 72 77 / 55 70 -60 -77 / 53 65 69 72 / 74 -53 -65 -69 / 55 75 67 72 / 57 74 -67 -75 / 58 67 74 / 65 -58 -74 <END> 
<S> 53 65 68 74 / 63 72 -53 -68 / 55 62 67 71 / 56 60 67 72 / 58 74 -55 -67 / 53 57 67 72 / 55 -57 -67 -72 / 54 57 63 72 / 62 -54 -57 -72 / 55 58 62 70 / 60 -55 -62 -70 / 50 62 69 -65 / 60 66 -62 -69 / 60 -60 -66 -69 <END> 
<S> 54 60 63 72 / 62 -54 -63 -72 / 55 62 67 71 / 48 63 67 72 / 60 63 67 72 / 58 62 -67 -72 / 57 60 65 72 / 55 67 -60 -72 / 53 65 69 72 / 51 -65 -69 -72 / 50 65 69 77 / 75 -53 -69 -72 / 63 70 74 -69 / 55 65 71 74 <END> 
<S> 57 60 65 72 / 55 -60 -65 -72 / 53 60 67 70 / 55 -60 -67 -70 / 53 57 65 72 / 58 -65 -65 / 56 60 65 77 / 55 62 67 75 / 57 60 -67 -75 / 58 62 65 74 / 56 60 65 72 / 55 58 67 75 / 53 60 68 74 <END> 
<S> 60 63 67 75 / 58 62 -67 -75 / 56 60 66 75 / 55 -60 -66 -75 / 53 60 68 74 / 55 59 67 -74 / 56 60 65 72 / 74 -56 -60 -65 / 55 60 67 75 / 53 68 -60 -75 / 55 60 67 74 / 68 -55 -60 -74 / 43 59 67 74 / 65 -43 -59 -74 <END> 
<S> 57 60 63 75 / 55 -60 -63 -75 / 53 60 68 77 / 62 -53 -68 -77 / 48 63 67 75 / 69 -48 -63 -75 / 46 65 70 74 / 53 65 68 72 / 74 -53 -65 -68 / 63 67 75 / 62 65 -67 -75 / 63 67 72 79 / 59 -67 -72 -79 <END> 
<S> 58 65 70 74 / 60 -65 -70 -74 / 58 65 69 77 / 67 -58 -65 -77 / 60 67 72 75 / 58 -67 -72 -75 / 56 60 72 77 / 55 70 75 -60 / 53 60 68 74 / 55 59 67 -74 / 65 -55 -59 -74 <END> 
<S> 56 60 65 77 / 55 67 75 -60 / 53 60 68 74 / 55 59 67 74 / 65 -55 -67 -74 / 48 63 67 72 / 56 63 72 / 55 58 -63 -72 / 56 60 68 -63 / 58 62 65 70 / 60 63 67 -70 / 53 65 68 -70 <END> 
<S> 56 60 63 72 / 53 56 65 72 / 51 55 63 70 / 50 65 -55 -70 / 48 63 67 70 / 53 60 68 68 / 51 56 67 71 / 56 63 68 72 / 47 62 67 74 / 0 / 67 -47 -75 / 77 -50 -67 -70 <END> 
<S> 51 58 67 75 / 53 68 -58 -75 / 55 62 70 77 / 61 67 -70 -77 / 62 68 77 -77 / 73 -62 -68 -77 / 58 62 67 77 / 55 58 67 75 / 60 -55 -67 -75 / 53 60 68 74 / 55 59 67 -74 / 56 60 65 -74 / 72 -56 -60 -65 <END> 
<S> 56 60 65 77 / 55 59 67 -77 / 60 -56 68 75 / 51 58 67 75 / 65 74 -51 -58 / 53 63 70 72 / 55 -63 -70 -72 / 56 65 68 72 / 58 67 -65 -72 / 60 67 -65 / 64 -60 -67 / <END> 
<S> 51 63 67 72 / 60 -51 -67 -72 / 53 56 68 74 / 58 72 -53 -68 / 54 60 69 74 / 62 -54 -69 -74 / 55 62 70 0 / 46 54 62 -70 / 69 74 -53 -62 / 55 58 67 -62 / 57 60 -55 -67 <END> 
<S> 46 62 65 70 / 51 60 69 -67 / 50 62 65 70 / 48 63 -62 -70 / 50 58 65 70 / 51 58 67 -65 / 53 60 65 69 / 55 -60 -65 -69 / 53 60 65 68 / 58 62 65 -53 / 51 58 63 67 / 57 60 63 -67 <END> 
<S> 52 60 67 -65 / 48 63 -60 -67 / 53 60 65 68 / 51 58 65 -68 / 46 58 65 68 / 62 -46 -65 -68 / 46 58 62 65 / 56 -58 -62 -65 / 51 55 63 67 / 50 65 -55 -67 / 48 60 63 67 / 58 -48 -63 -67 <END> 
<S> 58 62 65 / 56 60 -62 -65 / 55 62 70 -60 / 53 68 -60 -70 / 58 62 65 70 / 63 67 -58 -70 / 53 65 68 -70 / 51 67 -65 -70 / 46 65 68 -70 / 62 67 -46 -70 / 51 -62 -67 -70 / 53 60 69 72 / 63 -53 -69 -72 / 46 62 65 70 / 48 63 67 69 / 50 59 65 71 <END> 
<S> 58 65 70 / 53 -58 -70 -70 / 51 58 79 -70 / 68 -58 -63 -79 / 63 -58 80 / 62 65 70 -63 / 63 67 70 75 / 62 65 -70 / 63 67 70 -57 / 53 56 -63 -70 / 51 56 63 68 / 50 65 -56 -68 / 51 58 63 67 / 65 -51 -58 -65 / 56 60 63 72 / 55 -60 -63 -72 <END> 
<S> 55 58 63 70 / 56 -58 -63 -70 / 51 58 63 67 / 65 -51 -58 / 46 60 63 70 / 50 62 65 70 / 51 58 67 -65 / 48 60 63 67 / 58 62 -48 -67 / 53 56 60 65 / 55 59 -53 -65 / 53 56 60 / 51 -53 -56 -60 <END> 
<S> 51 58 65 67 / 63 -51 -58 -67 / 46 58 65 -63 / 62 -58 -65 / 60 -46 -58 -65 / 47 62 65 / 48 51 -62 -65 / 53 60 63 / -69 -53 -60 / 55 62 67 71 / 51 60 67 72 / 50 53 -67 -72 / 51 60 67 72 / 53 -60 -67 -72 / 55 60 67 74 / 59 -55 -67 -74 / 48 63 67 75 / 60 -67 -70 <END> 
<S> 51 60 67 72 / 55 -51 -67 -72 / 54 63 69 -72 / 55 62 67 71 / 53 59 67 72 / 51 -67 -72 / 50 65 69 72 / 71 -50 -65 -69 / 48 67 72 75 / 60 -67 -72 -75 / 59 67 74 -72 / 60 67 77 -74 / 72 76 -53 -67 / 55 62 71 74 / 48 -55 -70 -74 <END> 
<S> 47 67 74 -62 / 48 60 -67 -75 / 47 62 67 74 / 48 60 67 75 / 62 -48 -67 -75 / 55 60 67 74 / 59 75 -55 -67 / 65 -55 -59 -74 / 56 60 63 72 / 62 -56 -60 -72 / 50 58 65 70 / 46 62 -58 -70 / 51 58 63 67 / 55 61 67 70 <END> 
<S> 60 67 75 / 53 60 68 -75 / 74 -53 -60 -68 / 55 59 67 74 / 65 -55 -59 -74 / 48 55 63 72 / 60 63 67 72 / 58 62 67 77 / 60 63 67 75 / 58 62 -67 -75 / 56 60 72 77 / 55 75 -60 -72 <END> 
<S> 60 63 68 75 / 62 65 70 -60 / 63 -58 -67 -70 / 53 65 68 72 / 63 -53 -68 -72 / 62 65 70 74 / 55 63 70 75 / 56 68 77 -70 / 58 60 68 77 / 52 60 67 79 / 58 -52 -67 -79 <END> 
<S> 51 58 67 75 / 60 -51 -67 -75 / 55 65 67 72 / 53 74 -67 -72 / 55 65 71 74 / 72 -55 -65 / 64 67 74 / 55 59 67 -74 / 60 67 75 / 58 -60 -67 -75 <END> 
<S> 68 72 -63 / 47 62 67 -72 / 65 -47 -62 -72 / 48 62 67 72 / 60 68 -51 -72 / 50 62 65 71 / 48 63 67 72 / 55 59 67 74 <END> 
<S> 55 63 67 75 / 65 -55 -67 -75 / 51 60 67 75 / 53 -60 -67 -75 / 55 60 67 74 / 59 -55 -67 -74 / 48 63 67 72 / 60 -63 -67 / 53 60 65 68 / 62 -60 -65 -68 / 60 63 67 -53 / 59 62 -63 -67 <END> 
<S> 56 60 65 68 / 60 -60 -65 -68 / 60 67 -65 / 64 -60 -67 / 53 60 65 68 / 58 62 67 70 / 53 -62 -67 -70 / 51 65 67 72 / 64 -51 -67 -72 / 47 62 67 74 / 48 67 75 -74 / 75 -48 -67 -75 / 44 74 77 -60 / 59 67 75 -77 / 60 67 75 75 / 58 74 -67 -75 <END> 
<S> 47 62 67 74 / 48 63 67 75 / 50 65 -67 -75 / 51 67 72 75 / 53 -67 -72 -75 / 55 67 71 74 / 60 67 72 75 / 58 -67 -72 -75 / 57 60 72 77 / 55 70 -60 -77 / 53 65 69 72 / 74 -53 -65 -69 / 55 58 67 75 / 57 60 -67 -75 <END> 
<S> 60 67 72 75 / 62 65 72 77 / 63 70 79 / 62 65 -70 -79 / 60 63 72 79 / 62 77 -63 -72 / 63 67 70 79 / 63 72 79 -67 / 58 65 74 77 / 56 -65 -74 -77 / 55 70 75 79 / 53 -70 -75 -79 / 51 72 75 79 <END> 
<S> 63 70 79 -65 / 53 -65 -70 -79 / 63 70 79 / 62 77 -70 / 60 63 75 79 / 58 74 -63 -79 / 56 72 -63 -75 / 58 62 74 77 / 75 -58 -62 -65 / 51 58 67 75 / 53 60 69 77 / 55 62 70 77 / 56 60 -70 -77 / 53 62 68 77 / 60 75 -68 -53 <END> 
<S> 55 63 70 75 / 61 -55 -70 -75 / 56 62 68 -75 / 58 63 67 75 / 65 68 -58 -75 / 63 67 70 75 / 65 65 -67 -70 / 63 67 72 / 62 71 -67 / 60 67 75 / 58 -60 -67 -75 / 56 60 65 75 / 55 67 75 -75 / 53 65 68 74 / 55 59 67 74 / 56 60 65 -74 / 59 -56 -65 -74 <END> 
<S> 60 67 75 / 58 -60 -67 -75 / 56 60 75 77 / 55 -60 -63 -76 / 53 60 68 77 / 55 67 75 -60 / 56 60 65 68 / 59 62 67 -65 / 60 63 67 / 58 62 65 -67 / 48 63 67 72 / 55 59 67 74 <END> 
<S> 56 60 63 72 / 65 -56 -60 -72 / 55 62 67 71 / 48 63 67 72 / 53 57 65 72 / 46 58 65 74 / 57 -46 -65 -74 / 48 55 64 72 / 50 66 -55 -72 <END> 
<S> 55 59 62 -67 / 60 67 -55 -62 / 48 60 63 67 / 53 60 65 68 / 51 63 67 70 / 61 65 68 -51 / 51 63 67 70 / 65 -51 -67 -70 / 67 75 -51 -67 / 50 65 -67 -72 / 51 63 72 -67 / 53 -63 -67 -72 <END> 
<S> 51 63 67 72 / 53 -63 -67 -72 / 55 62 67 70 / 56 60 67 -70 / 74 -56 -60 -67 / 50 59 65 77 / 55 59 -50 -65 / 51 55 60 67 / 48 60 63 67 <END> 
<S> 55 59 67 / 55 60 67 70 / 53 60 65 68 / 51 60 67 -65 / 50 65 -60 -65 / 59 62 -50 -65 / 51 60 63 72 / 53 -60 -63 -72 / 55 62 67 71 <END> 
