<S> 59 62 67 74 / 57 60 -67 -74 / 55 59 67 74 / 53 -59 -67 -74 / 52 60 67 72 / 48 -60 -67 -72 / 53 62 65 71 / 60 64 69 -53 / 59 62 67 -53 / 52 60 64 -67 / 53 57 60 69 / 50 62 65 71 / 52 55 64 72 / 57 60 -64 -72 / 53 69 74 -60 / 55 59 67 -74 <END> 
<S> 53 60 69 / 62 -53 -69 / 52 64 67 72 / 50 -64 -67 -72 / 48 62 67 -72 / 47 -62 -67 -72 / 45 60 72 -67 / 66 -45 -60 -72 / 47 62 67 71 / 48 64 69 -67 / 50 62 66 -69 / 60 -50 -66 -69 / 43 58 62 67 / 42 57 69 72 / 43 64 67 71 / 45 60 -67 -71 / 62 66 -45 -60 / 47 55 62 67 <END> 
<S> 43 62 67 71 / 38 66 69 -62 / 55 59 64 67 / 52 59 64 67 / 54 -59 -64 -67 / 55 59 67 -64 / 50 62 66 -67 / 43 55 62 67 / 59 -43 -55 -67 / 57 -43 -67 -71 / 50 62 67 69 / 66 -50 -62 -69 / 55 62 67 71 / 50 -62 -67 -71 / 52 60 67 72 / 50 65 69 74 / 71 -50 -65 -74 <END> 
<S> 43 62 71 -67 / 48 66 69 -72 / 50 62 71 -69 / 52 62 67 -71 / 50 64 69 -67 / 62 66 69 / 60 64 -66 -69 / 43 59 62 67 / 48 55 60 76 / 57 -48 -60 -76 / 55 59 62 67 / 53 -59 -62 -67 / 52 60 67 / 59 62 65 -67 / 48 60 64 67 / 59 -48 -64 -67 <END> 
<S> 47 62 67 71 / 48 -62 -67 -71 / 50 62 66 69 / 55 62 67 71 / 52 59 67 67 / 60 -52 -67 -67 / 53 60 69 -67 / 65 69 -60 / / 60 64 -69 / 62 -60 -69 / 60 64 67 / 58 -60 -64 -67 / 57 60 64 69 / 55 59 67 <END> 
<S> 64 67 69 / 62 66 69 / 62 66 -69 / 43 62 67 71 / 45 60 72 -67 / 66 -45 -60 -72 / 47 62 67 71 / 48 -62 -67 -71 / 50 64 67 69 / 66 -50 -69 -69 / 55 59 67 71 / 52 60 72 -67 / 71 -52 -60 -67 / 50 57 66 69 / 59 -50 -66 -69 <END> 
<S> 52 64 67 72 / 54 62 -67 -72 / 55 62 67 71 / 53 59 62 67 / 52 60 67 72 / 50 65 69 74 / 71 -50 -65 -74 / 48 67 72 76 / 50 77 -72 / 52 79 -67 -72 / 53 69 74 77 / 55 67 71 74 / 48 67 72 76 / 60 67 72 76 <END> 
<S> 52 67 72 -71 / 50 65 69 -72 / 71 -50 -65 -69 / 48 64 67 72 / 55 71 74 -67 / 60 67 76 / 59 -60 -67 -76 / 57 60 67 76 / 55 -60 -67 -76 / 54 62 69 74 / 50 59 -62 -74 / 52 55 72 60 / 57 -55 -72 -79 / 55 62 71 74 / 67 -62 -71 -74 / 60 67 72 76 / 57 64 72 76 <END> 
<S> 59 62 67 74 / 60 76 -67 / 59 62 67 74 / 57 60 -67 -74 / 55 59 67 74 / 72 -59 -67 -74 / 52 67 71 76 / 56 65 71 72 / 57 64 69 72 / 62 65 69 74 / 67 -62 -74 -77 / 65 69 73 76 / 67 71 79 79 / 74 -64 -71 -79 <END> 
<S> 60 64 67 76 / 62 -60 -67 -76 / 52 60 67 76 / 53 -60 -67 -76 / 55 60 67 74 / 72 -55 -60 -67 / 55 59 67 74 / 65 -55 -59 -74 / 57 60 64 72 / 55 -60 -64 -72 / 53 65 69 72 / 74 -65 -69 / 55 67 72 76 / 52 -67 -72 -76 / 67 -52 -72 -76 / 53 69 72 77 / 67 -53 -69 -77 <END> 
<S> 53 60 65 69 / 52 -60 -65 -69 / 50 58 65 79 / 57 -50 -65 -79 / 52 58 64 67 / 62 -52 -58 -67 / 53 57 60 69 / 55 59 67 74 / 53 -59 -67 -74 / 52 60 67 76 / 53 -60 -67 -76 / 55 59 67 74 / 65 -55 -59 -74 / 57 60 64 72 / 69 -57 -60 -72 <END> 
<S> 52 60 67 72 / 58 -52 -67 -72 / 53 57 67 72 / 66 -57 -57 -72 / 47 62 65 74 / 67 76 -62 -74 / 59 62 74 77 / 61 67 76 76 / 60 69 77 -64 / 62 65 -69 -77 / 64 67 72 76 / 65 74 81 -67 / 62 67 71 -41 / 64 69 72 81 / 62 71 -69 -76 / 60 64 72 76 / 65 -60 -72 -76 <END> 
<S> 59 67 74 79 / 77 -59 -67 -74 / 60 67 76 41 / 57 69 77 -76 / 62 69 74 77 / 72 -62 -69 -77 / 50 62 70 77 / 69 -50 -62 -77 / 60 64 67 76 / 62 66 -60 -76 / 59 67 74 79 / 76 -59 -67 -79 / 57 69 72 77 / 60 67 74 79 / 59 -67 -74 -79 <END> 
<S> 47 62 67 79 / 48 69 77 -62 / 55 67 71 76 / 50 62 -67 -76 / 52 60 67 72 / 53 59 62 74 / 52 60 67 76 / 50 77 -60 -67 / 48 76 -60 -67 / 50 65 69 -60 / 55 59 67 -74 / 60 -55 -67 -74 / 43 59 67 74 / 72 -43 -59 -67 / 48 64 67 72 / 60 67 72 76 / 77 -60 -67 -72 <END> 
<S> 48 60 67 76 / 52 -60 -67 -76 / 53 60 67 72 / 55 59 -67 -72 / 56 60 65 72 / 53 69 -60 -72 / 52 60 67 71 / 50 65 -67 -71 / 48 64 67 72 / 62 -48 -67 -72 / 43 60 67 74 / 59 -43 -67 -74 / 48 55 64 72 / 60 67 -48 -55 -60 <END> 
<S> 48 67 72 76 / 55 -67 -72 -76 / 57 67 71 74 / 55 65 -67 -74 / 53 65 68 74 / 64 -53 -65 -74 / 57 65 72 / 59 74 -57 -72 / 60 64 -57 -72 / 60 69 77 -60 / 59 -60 -69 -77 / 60 64 67 76 / 65 -60 -76 -76 / 59 67 74 57 / 76 -59 -67 -76 <END> 
<S> 59 62 67 71 / 57 60 72 -67 / 65 -57 -60 -72 / 59 67 74 -65 / 47 -59 -67 -74 / 48 67 76 / 60 74 -67 -76 / 43 59 67 74 / 57 -43 -67 -74 / 48 64 67 72 / 60 67 72 76 / 59 -67 -72 -76 <END> 
<S> 48 60 67 76 / 50 -60 -67 -76 / 52 60 67 76 / 53 -60 -67 -76 / 55 59 67 74 / 56 65 -59 -74 / 57 59 64 72 / 57 60 -64 -72 / 59 62 74 -57 / 52 -59 -62 -74 / -52 64 67 / 50 65 -64 -72 / 48 62 67 71 / 47 -62 -67 -71 <END> 
<S> 57 60 64 72 / 55 59 -64 -72 / 54 57 69 -72 / 50 62 71 -57 / 55 62 69 -71 / 54 62 -62 -69 / 60 62 -54 -69 / 59 62 67 71 / 60 64 69 72 / 62 71 -60 / 55 59 62 / 53 57 60 69 / 59 62 -53 -69 / 48 60 64 67 / 71 -60 -64 -67 <END> 
<S> 59 62 67 71 / 60 -62 -67 -71 / 62 66 69 / 60 -66 -66 -69 / 59 62 67 71 / 57 64 72 -67 / 62 66 69 74 / 71 -62 -66 -74 / 55 64 72 73 / 53 69 74 -72 / 55 67 71 74 / 53 -67 -71 -74 <END> 
<S> 62 65 69 77 / 71 -62 -65 -77 / 64 67 72 / 55 65 71 74 / 53 67 73 76 / 52 -67 -73 -76 / 50 69 74 77 / 52 70 76 79 / 49 64 69 77 <END> 
<S> 58 62 74 77 / 67 -46 -62 -77 / 45 67 72 76 / 70 -57 -67 -72 / 53 65 69 81 / 65 -53 -69 -81 / 58 64 70 79 / 57 64 72 -79 / 70 77 -64 / 62 65 69 74 / 67 72 -62 69 <END> 
<S> 57 64 69 72 / 0 / 67 -57 -72 -77 / 50 65 72 77 / 53 70 -65 -77 / 55 70 76 -77 / 53 60 69 77 / 48 67 76 79 / 50 -67 -74 -76 / 52 67 72 -76 / 53 69 -67 -72 <END> 
<S> 53 69 72 / 50 -69 -72 -81 / 52 67 72 79 / 50 71 -67 -79 / 48 67 72 76 / 76 -48 -67 -76 / 53 69 74 -60 / 59 67 -74 -76 / 57 64 73 76 / 55 69 74 -72 / 53 67 70 74 / 52 -67 -70 -74 / 53 59 67 72 / 65 74 -53 -72 / 55 67 -65 -72 / 62 65 69 -72 <END> 
<S> 57 69 74 76 / 59 -69 -74 -76 / 60 67 72 76 / 65 69 74 -60 / 59 67 -74 -77 / 64 67 76 84 / 60 67 74 83 / 59 67 74 -67 / 76 -59 -67 -68 / 57 64 69 72 / 55 -64 -69 -72 / 53 65 69 74 / 50 -65 -69 -74 / 55 62 71 -74 / 64 -55 -71 -74 / 65 -55 -71 -74 <END> 
<S> 60 67 76 / 59 74 -67 -76 / 57 69 72 77 / 55 62 71 79 / 0 / 60 67 72 76 / 59 -67 -72 -76 / 57 69 72 77 / 59 67 74 79 / 77 -59 -67 -74 / 60 67 76 / 53 69 72 -76 / 55 67 71 74 / 65 -55 -71 -74 <END> 
<S> 59 67 74 79 / 77 -59 -67 -74 / 60 67 72 76 / 53 69 72 74 / 55 67 71 -74 / 48 67 72 76 / 55 -67 -72 -76 / 57 69 -72 -76 / 50 -69 -72 -76 / 67 71 74 -52 / 52 66 -71 -74 / 51 67 72 -71 / 50 -67 -72 -76 / 48 -67 -72 -76 <END> 
<S> 53 65 69 72 / 50 65 71 74 / 62 -50 -65 -74 / 55 62 71 -74 / 67 -55 -71 -74 / 48 67 72 76 / 48 64 72 79 / 50 65 -72 -79 / 52 67 72 79 / 53 -67 -72 -79 / 55 67 74 -72 / 71 -55 -67 -74 / 52 67 71 74 / 65 -52 -71 -74 <END> 
<S> 50 65 72 77 / 71 -50 -65 -77 / 52 67 72 76 / 53 -67 -72 -76 / 55 67 74 -72 / 71 -55 -67 -74 / 55 67 71 74 / 65 -55 -71 -74 / 57 64 72 / 55 66 74 -72 / 67 70 74 76 / 59 -67 -74 -74 <END> 
<S> 55 62 67 71 / 53 59 62 67 / 52 60 67 72 / 50 65 69 74 / 71 -50 -65 -74 / 48 67 72 76 / 50 77 -72 / 52 79 -67 -72 / 53 69 77 -72 / 67 -53 -69 -72 / 55 62 67 71 / 64 -55 -59 -74 / 45 60 64 72 / 66 74 -60 -64 <END> 
<S> 52 67 72 / 50 65 69 74 / 71 -50 -65 -74 / 48 64 72 76 / 66 -48 -72 -76 / 55 67 71 74 / 59 67 74 / 55 67 71 74 / 60 67 72 76 / 62 -67 -72 -76 / 64 67 72 79 / 62 -67 -72 -79 / 60 67 72 76 / 65 -60 -72 -76 <END> 
<S> 60 67 72 76 / 59 -67 -72 -76 / 57 69 72 77 / 59 62 74 79 / 60 64 72 76 / 65 -60 -72 -76 / 64 67 72 76 / 59 -67 -72 -76 / 57 65 72 77 / 62 67 76 / 60 66 69 74 / 59 67 74 / 55 67 71 <END> 
<S> 50 65 72 77 / 71 -50 -65 -77 / 48 67 72 76 / 55 67 71 74 / 55 67 71 74 / 48 67 72 76 / 50 65 71 77 / 69 -50 -65 -77 / 52 64 67 79 / 62 -52 -67 -79 / 57 60 69 76 / 55 77 -60 -72 <END> 
<S> 48 67 72 76 / 50 60 69 77 / 70 -50 -60 -77 / 55 67 72 74 / 55 70 76 -74 / 56 65 72 76 / 70 -56 -60 -76 / 53 65 72 81 / 64 -53 -72 -81 / 58 65 74 79 / 81 -58 -65 -74 / 82 -58 -74 -81 / 70 74 79 61 / 76 73 -70 -76 <END> 
<S> 53 60 72 81 / 64 -53 -72 -81 / 55 62 71 79 / 48 60 69 77 / 53 60 67 76 / 58 -53 -67 -76 / 53 56 65 74 / 47 55 65 74 / 44 60 63 / 44 59 62 67 / 60 63 -56 -72 / 55 62 71 74 / 55 67 71 74 <END> 
<S> 55 62 65 71 / 56 60 63 72 / 55 58 -63 -72 / 53 56 68 74 / 58 -53 -68 -74 / 48 60 68 75 / 50 -60 -68 -75 / 51 67 -60 -75 / 53 60 68 -75 / 55 59 67 74 / 56 60 68 -74 / 65 -56 -60 <END> 
<S> 60 67 75 / 58 -60 -67 -75 / 56 60 72 75 / 55 70 -60 -75 / 53 60 68 74 / 55 59 67 -74 / 56 60 67 72 / 65 -56 -60 -72 / 50 62 65 71 / 53 62 -62 -71 / 51 60 67 72 / 48 63 69 -72 / 55 62 71 74 <END> 
<S> 53 62 67 71 / 63 -53 -67 -71 / 62 65 69 -55 / 53 60 -65 -69 / 59 65 67 74 / 60 -65 -68 -74 / 60 63 67 75 / 74 -60 -67 -75 / 53 65 72 75 / 74 -53 -65 -72 / 63 -53 -72 -74 / 62 65 71 74 / 63 67 75 / 62 65 -67 -74 / 60 63 67 75 / 58 -60 -67 -75 <END> 
<S> 60 63 72 75 / 62 65 70 77 / 63 70 79 / 62 65 -70 -79 / 60 67 72 75 / 58 -67 -72 -75 / 56 60 72 77 / 55 70 -60 -77 / 53 60 68 77 / 62 -53 -68 -77 / 63 67 70 79 / 69 -63 -79 / 58 65 74 / 62 -59 -65 -74 <END> 
<S> 56 60 72 77 / 55 -60 -72 -77 / 53 62 70 -77 / 68 -53 -65 -77 / 65 70 40 -65 / 63 67 72 79 / 53 68 72 77 / 59 67 74 77 / 60 67 75 / 58 74 -60 -67 / 56 63 72 / 55 64 -72 -72 / 53 68 74 -72 / 55 67 71 -74 / 65 -55 -71 -74 <END> 
<S> 60 67 72 75 / 74 -60 -67 -72 / 59 67 71 79 / 65 -59 -71 -79 / 60 67 72 75 / 48 -67 -72 -75 / 53 68 72 74 / 65 -53 -72 -74 / 55 62 71 -74 / 67 -55 -71 -74 / 48 63 67 72 / 60 67 72 75 / 62 65 71 74 <END> 
<S> 55 67 72 75 / 56 74 -67 -72 / 55 65 71 74 / 53 59 68 74 / 52 55 67 72 / 50 58 67 74 / 60 63 68 75 / 46 62 65 -75 / 63 72 -58 -65 / 55 58 70 75 / 51 70 79 <END> 
<S> 63 68 72 -55 / 62 65 -68 -72 / 60 63 67 / 58 -60 -67 -75 / 57 60 65 77 / 53 -60 -65 -77 / 55 58 70 79 / 63 -58 -70 -79 / 56 60 68 77 / 58 62 70 -77 / 60 63 -70 -77 / 53 65 69 74 / 71 -53 -65 -74 / 63 72 47 62 67 55 -72 60 63 67 <END> 
<S> 53 60 68 77 / 70 -53 -60 -77 / 55 72 79 / 55 71 -55 -79 / 56 60 65 77 / 53 67 75 -77 / 51 72 75 79 / 53 68 74 -72 / 55 67 71 -74 / 65 -55 -71 -74 / 48 63 67 72 / 55 67 71 74 <END> 
<S> 53 68 74 -60 / 55 67 75 -60 / 56 60 65 68 / 59 62 67 -65 / 55 60 63 -67 / 56 60 65 / 53 58 62 67 / 60 -53 -62 -67 / 51 55 60 -67 / 50 62 -55 -67 / 48 60 -55 -67 / 53 55 62 67 / 51 60 -55 -67 / 50 55 59 67 / 48 55 63 -67 / 51 60 -55 -63 / 50 53 62 -60 -67 / 48 -53 -62 -65 / 47 55 62 67 / 45 60 -55 -67 / 47 55 62 65 / 43 -55 -62 -65 <END> 
<S> 55 59 62 67 / 53 -59 -62 -67 / 51 60 67 72 / 50 62 -67 -72 / 51 60 67 / 53 60 69 -51 / 55 59 67 / 56 60 63 72 / 65 74 -60 -65 / 60 67 75 / 58 -60 -67 -75 / 56 60 68 77 / 55 -60 -68 -77 / 53 60 68 79 / 55 79 -60 -65 / 53 60 65 68 <END> 
<S> 60 63 67 / 58 62 65 / 56 60 63 / 55 55 62 70 / 53 68 72 -55 / 53 57 -67 -72 / 55 59 67 74 / 60 -55 -67 -74 / 48 60 67 75 / 53 -60 -67 -75 / 55 60 67 74 / 59 -55 -67 -74 / 48 63 67 72 / 60 63 67 72 / 58 65 74 <END> 
<S> 60 67 75 / 58 -60 -67 -75 / 56 60 72 75 / 55 70 -60 -75 / 53 65 68 74 / 63 -53 -68 -74 / 55 65 69 72 / 71 74 -55 -65 / 48 63 72 60 / 51 63 -72 79 <END> 
<S> 53 68 74 / 50 65 -74 -74 / 55 70 75 -74 / 56 65 74 -75 / 58 67 70 74 / 68 -58 -74 -77 / 70 75 79 / 55 67 -70 -79 / 56 65 72 77 / 55 70 75 -77 / 53 -70 -74 -77 / 67 75 -53 -60 / 44 74 60 -80 <END> 
<S> 57 60 77 -65 / 58 75 -62 -77 / 60 68 72 75 / 55 -60 -68 -75 53 53 60 68 72 / 51 67 -60 -72 / 50 65 71 74 / 48 63 72 75 / 53 65 68 74 <END> 
<S> 53 68 74 -60 / 58 62 67 -74 / 63 -58 -67 -74 / 65 67 -58 -74 / 63 67 70 / 62 65 -67 -70 / 60 63 67 75 / 58 -60 -67 -75 / 56 60 72 77 / 55 -60 -72 -77 / 53 65 70 -77 / 51 75 -65 -70 / 50 65 77 -72 / 71 -50 -65 -77 / 51 67 72 75 / 53 -67 -72 -75 <END> 
<S> 53 60 68 72 / 51 60 67 75 / 50 65 70 74 / 55 67 72 75 / 53 68 74 77 / 55 62 74 79 / 56 72 48 -75 / 55 67 72 74 / 53 68 -72 -74 / 51 63 72 79 / 50 65 77 -72 / 39 67 -65 -72 / 63 67 -72 -79 / -67 62 77 -72 / 59 71 74 -77 / 60 67 72 75 / 55 -60 -67 -75 <END> 
<S> 56 68 72 75 / 55 74 -72 -75 / 53 70 79 -75 / 51 72 77 -56 / 50 70 77 -50 / 51 63 70 79 / 53 65 68 -79 / 55 63 67 79 / 56 60 -67 -74 / 58 62 65 74 / 53 68 -65 -74 / 55 63 67 75 / 62 -55 -67 -75 / 56 60 65 75 / 58 -60 -65 -75 <END> 
<S> 56 60 68 77 / 55 -60 -68 -77 / 53 61 70 79 / 52 -61 -70 -79 / 53 60 69 77 / 53 60 69 75 / 62 -53 -69 -75 / 55 62 70 79 / 64 -55 -71 -79 / 56 65 72 77 / 58 -56 -72 -77 / 57 60 72 77 / 59 67 74 -77 / 60 67 72 76 <END> 
<S> 58 65 70 79 / 60 -58 -70 -79 / 58 62 70 77 / 55 -62 -70 -77 / 57 61 76 -70 / 50 60 65 68 / 59 67 -50 -65 / 48 60 64 67 / 59 -48 -64 -67 / 50 57 66 66 / 59 62 67 -50 / 60 -50 -59 -66 / 52 59 62 67 / 48 -59 -59 -67 <END> 
<S> 47 57 62 67 / 55 -47 -62 -67 / 60 62 -55 -67 / 59 62 -55 -67 / 45 60 64 69 / 48 -60 -64 -69 / 50 59 65 71 / 52 60 64 67 / 48 60 64 67 / 69 -48 -60 -64 / 47 62 67 71 / 48 64 67 72 / 50 62 66 74 <END> 
<S> 48 60 64 67 / 59 -48 -64 -67 / 50 57 66 69 / 52 55 64 67 / 54 57 64 72 / 55 62 71 / 60 64 -55 -71 / 54 62 69 72 / 60 64 67 -72 / 48 64 67 71 / 62 -48 -67 -71 / 50 57 66 69 / 52 55 64 67 / 62 -52 -55 -67 / 54 60 69 -55 / 53 62 -60 -69 <END> 
<S> 54 57 62 72 / 50 62 66 71 / 55 62 67 71 / 51 55 62 71 / 50 59 62 67 / 52 57 67 72 / 50 65 69 -72 / 71 -50 -65 -72 / 55 67 72 74 / 71 -67 -72 -74 / 71 -55 -71 -74 <END> 
<S> 50 62 65 69 / 52 60 67 / 53 59 62 67 / 53 -59 -62 -67 / 51 55 60 72 / 50 53 62 71 / 48 55 63 72 / 56 60 65 -72 / 53 -60 -65 -72 / 55 59 67 71 / 56 60 63 72 / 57 74 -60 -63 <END> 
<S> 48 56 65 72 / 63 -48 -72 -77 / 47 62 67 74 / 43 -62 -67 -74 / 55 62 67 71 / 53 -62 -67 -71 / 51 63 67 72 / 53 69 -63 -72 / 55 62 71 74 / 53 -59 -67 -74 / 51 60 67 72 / 55 -60 -67 -72 / 48 63 67 69 / 53 62 -67 -69 / 51 60 67 68 / 50 -60 -67 -68 / 55 62 67 70 / 48 63 -67 -70 <END> 
<S> 51 63 67 72 / 53 -63 -67 -72 / 55 62 67 71 / 48 63 67 72 / 60 63 67 72 / 58 62 -67 -72 / 57 60 65 72 / 58 67 -65 -72 / 60 65 68 77 / 62 -65 -68 -74 / 64 63 67 79 / 62 65 -67 -79 / 60 67 72 75 / 58 -67 -72 -75 <END> 
<S> 60 63 67 75 / 58 62 -67 -75 / 56 60 72 77 / 55 70 -60 -77 / 53 65 68 72 / 74 -53 -65 -68 / 75 -56 -65 -68 / 58 65 77 / 74 79 -65 / 55 59 71 79 / 77 -55 -71 -79 / 60 67 72 75 / 62 74 77 -72 / 63 67 72 79 / 60 65 72 80 / 62 65 70 -80 / 63 79 -70 -65 / 65 68 74 -63 <END> 
<S> 60 67 74 75 / 59 -60 -67 -74 / 57 60 72 -67 / 55 58 -72 -75 / 53 60 68 77 / 62 -53 -68 -77 / 51 63 67 79 / 53 69 -60 -79 / 55 67 71 74 / 55 71 -67 -74 / 60 67 72 75 / 58 -67 -72 -75 / 56 66 72 75 / 70 -56 -66 -75 <END> 
<S> 50 62 71 77 / 51 67 72 75 / 53 -67 -72 -75 / 55 67 71 74 / 55 58 67 75 / 56 60 68 -75 / 58 62 70 74 / 68 -58 -62 -74 / 60 63 67 75 / 69 -48 -60 -75 / 50 65 70 74 / 51 -65 -70 -74 / 53 65 69 45 / 72 -50 -65 -69 <END> 
<S> 56 60 65 72 / 55 74 -60 -65 / 53 60 67 75 / 65 -53 -60 -75 / 51 60 67 75 / 58 74 -51 -67 / 53 56 68 72 / 55 70 75 / 57 65 72 77 / 58 62 70 77 / 68 -58 -62 -77 <END> 
<S> 53 60 65 68 / 63 67 -53 -60 / 59 62 68 74 / 67 -59 -62 -74 / 56 63 72 / 48 -56 -72 / 60 70 -48 -56 / 50 62 68 77 / 46 62 67 -77 / 65 -46 -62 -77 / 51 58 67 75 / 60 63 67 -51 <END> 
