<S> 56 60 63 72 / 62 65 -56 -72 / 55 63 67 70 / 53 60 65 68 / 62 -53 -65 -68 / 51 58 63 67 / 45 60 63 65 / 46 58 62 -65 / 51 58 63 67 / 47 62 67 74 <END> 
<S> 39 58 63 67 / 39 58 63 67 / 56 65 63 72 / 55 63 70 72 / 53 65 68 -72 / 63 -53 -68 -72 / 55 65 67 70 / 63 -55 -67 -70 / 56 65 -55 -70 / 53 56 -65 -68 -72 <END> 
<S> 56 63 67 72 / 55 65 -67 -72 / 53 61 67 70 / 60 65 69 -51 / 53 65 70 72 / 48 63 72 -70 / 50 65 70 77 / 46 62 70 77 / 51 63 67 79 <END> 
<S> 53 63 69 72 / 62 -53 -69 -72 / 55 62 67 71 / 64 -55 -67 -71 / 65 -55 -67 -71 / 48 63 67 72 / 60 63 67 72 / 58 65 74 -67 <END> 
<S> <END> 
<S> 45 60 65 72 / 46 -60 -65 -72 <END> 
<S> 68 77 -60 / 59 62 -68 -77 <END> 
<S> 47 68 74 / 65 -47 -74 -77 <END> 
<S> 80 -67 -72 / 65 74 -60 / 59 62 67 -74 <END> 
<S> 67 48 64 69 / 50 62 66 -69 / 60 -50 -66 -69 <END> 
<S> 54 57 62 74 / 50 59 -62 -74 / 52 55 60 72 / 54 57 60 -72 / 55 59 62 74 / 47 -59 -62 -74 <END> 
<S> 58 62 65 / 57 60 -62 -65 / 55 58 62 70 / 53 69 -58 -70 / 51 63 69 72 / 50 65 70 74 / 52 67 -70 / 53 60 65 68 / 50 59 -65 -68 <END> 
<S> 51 58 67 75 / 48 63 69 77 / 50 62 71 77 / 51 60 72 75 / 53 68 74 -72 / 55 67 71 74 / 65 72 -55 -74 / 67 -55 -63 -74 / 65 -55 -67 -74 <END> 
<S> 55 67 71 75 / 53 -67 -71 -75 / 51 67 72 75 / 53 -67 -72 -75 / 55 67 71 74 / 60 67 72 75 / 70 -60 -67 -75 / 58 65 68 74 / 59 74 -65 -68 / 48 63 67 72 / 50 62 -67 -72 <END> 
<S> 56 68 72 / 55 65 -68 -72 / 53 65 68 72 / 63 -53 -68 -72 / 46 62 67 70 / 65 -46 -62 -70 / 56 60 63 72 / 55 58 -63 -72 / 53 56 68 74 / 51 58 -68 -68 / 50 65 68 -58 / 63 -50 -55 -70 / 48 60 66 69 / 63 -48 -60 -69 / 67 -48 -60 -63 <END> 
<S> 55 58 67 75 / 53 57 -67 -75 / 58 65 74 / 56 59 -65 -74 / 48 55 63 72 / 50 65 74 77 / 51 67 70 75 / 53 -67 -70 -75 / 55 67 70 74 / 56 -55 -70 -74 / 53 68 72 45 / 74 -53 -68 -72 / 43 67 70 75 / 45 77 -67 -75 <END> 
<S> 53 68 72 74 / 55 67 71 -74 / 65 -55 -71 -74 / 56 63 72 / 55 64 -72 / 56 65 68 77 / 53 67 -65 -77 / 48 67 75 -65 / 53 68 74 -67 / 55 62 67 71 / 43 59 62 67 <END> 
<S> 56 65 68 72 / 55 74 -65 -68 / 64 67 70 -55 / 53 65 68 52 / 64 72 -58 -68 / 67 -51 -63 -72 / 50 62 68 -72 / 63 -50 -65 -72 / 55 62 67 71 / 51 55 67 72 / 48 63 71 <END> 
<S> 51 67 70 -63 / 50 -51 -67 -70 / 48 65 74 77 / 47 67 74 -77 / 48 67 74 75 / 75 -48 -67 -75 / 53 65 68 74 / 55 59 -65 -74 / 63 -55 -67 -74 / 65 -55 -60 -74 / 48 60 67 75 / 58 -67 74 -75 <END> 
<S> 53 68 74 -60 / 55 59 67 -74 / 65 -55 -67 -74 / 48 63 67 72 / 58 62 70 79 / 56 60 72 77 / 55 70 -60 -77 / 53 68 68 -77 / 54 75 -68 -68 / 55 70 74 / 59 68 -55 -74 / 60 -55 -67 -74 / 62 67 75 -55 / 77 -55 -67 <END> 
<S> 53 68 77 -63 / 55 62 67 70 / 56 -62 -67 -74 / 55 63 70 77 / 53 61 -70 -77 / 52 60 67 79 / 53 60 69 -79 / 55 65 71 74 / 56 60 -65 -74 / 55 59 67 74 / 53 -59 -67 -74 / 51 60 67 72 / 55 -60 -67 -72 / 53 65 69 72 / 51 -65 -69 -72 / 50 65 69 77 / 75 -50 -65 -69 <END> 
<S> 54 60 69 74 / 55 -60 -69 -74 / 54 59 68 -74 / 72 -54 -62 -66 / 55 62 67 70 / 67 -55 -62 -67 / 48 63 67 69 / 50 62 66 -69 / 60 -50 -66 -69 / 55 62 67 70 / 51 63 67 70 / 50 65 -67 -70 / 48 67 72 75 / 65 74 77 -48 / 60 67 75 -48 / 58 62 -67 -75 / 56 63 72 75 / 55 -63 -72 -75 <END> 
<S> 51 63 67 72 / 62 -51 -67 -72 / 47 65 74 / 67 -47 -74 / 65 -47 -71 -74 / 48 63 67 72 / 60 63 67 72 / 58 62 -67 -72 / 56 60 65 77 / 55 62 -60 -77 / 53 60 68 72 / 51 58 67 75 / 50 65 70 77 / 51 -65 -70 -77 / 53 65 69 77 / 75 -53 -65 -69 <END> 
<S> 56 60 65 77 / 53 -56 -60 -77 / 55 58 62 / 53 56 60 65 / 58 62 67 70 / 56 65 73 73 / 53 55 70 74 / 56 60 65 68 / 50 59 65 67 / 55 58 63 -67 / 56 65 -63 -67 / 58 62 65 70 / 60 63 67 72 <END> 
<S> 53 56 68 74 / 55 72 -68 -68 / 56 60 -68 -72 / 58 62 68 74 / 67 -58 -74 -77 / 56 68 72 75 / 55 0 -72 / 53 67 70 72 / 65 -67 -70 / 63 67 70 / 62 65 -70 / 63 67 72 / 55 59 74 79 <END> 
<S> 53 65 68 72 / 51 -65 -68 -72 / 50 65 70 74 / 68 -50 -65 -74 / 51 63 67 72 / 53 65 69 -72 / 46 65 70 74 / 51 58 63 67 / 62 -51 -58 -67 / 52 60 67 <END> 
<S> 58 63 70 -68 / 46 65 -58 -70 / 68 -46 -58 -65 / 51 58 67 -65 / 63 -51 -58 -67 / 48 60 68 -63 / 50 58 65 -68 / 51 58 67 -65 / 63 -51 -67 / / 73 -51 -67 / 50 53 69 74 / 51 58 67 -74 / 55 59 67 74 / 60 -55 -67 -74 <END> 
<S> 51 63 67 72 / 50 65 69 74 / 71 -50 -65 -74 / 48 67 72 75 / 58 74 -67 -75 / 56 60 65 77 / 55 58 67 75 / 53 60 68 77 / 68 -53 -60 -77 / 54 60 69 74 / 62 74 -54 -69 / 55 59 67 71 / 63 72 -43 -59 <END> 
<S> 55 59 67 75 / 60 68 -51 -58 / 46 61 65 70 / 48 63 67 75 / 50 65 70 74 / 51 -65 -70 -74 / 53 65 69 72 / 71 74 -53 -65 / 60 67 72 75 / 58 -67 -72 -75 / 56 60 77 -72 / 55 67 70 75 <END> 
<S> 46 65 70 74 / 51 67 70 75 / 53 -67 -70 -75 / 55 65 70 74 / 56 -65 -70 -74 / 55 63 70 75 / 53 68 77 -63 / 51 67 70 79 / 51 63 70 79 / 58 70 -63 -79 / 56 63 70 77 / 68 -56 -63 -77 <END> 
<S> 51 63 67 70 / 53 65 68 -70 / 63 -53 -68 -70 / 55 62 67 70 / 69 -55 -62 -70 / 67 -55 -62 -70 / 54 57 62 69 72 / 55 58 70 -69 / 53 60 69 -70 / 51 58 65 70 / 53 63 -58 -70 / 55 62 -58 -70 / 57 60 72 77 / 58 -60 -72 -77 <END> 
<S> 55 58 62 70 / 60 -55 -62 -70 / 53 61 69 73 / 51 54 -69 -69 / 50 58 65 70 / 60 -50 -65 -70 / 48 58 62 67 / 60 63 -51 -67 / 50 65 65 / 62 71 -50 -65 / 51 55 63 70 / 50 -55 -63 -70 / 48 55 63 72 / 53 56 62 -72 / 55 60 63 -72 / 56 65 -60 -72 / 55 59 67 74 <END> 
<S> 51 62 67 / 50 -62 -67 / 51 60 67 / 59 -51 -67 / 50 53 -67 -72 / 52 55 67 72 / 50 65 -55 -72 / 48 60 63 67 / 62 65 -48 -67 / 53 60 63 69 / 55 58 62 70 / 53 57 63 72 / 62 -57 -60 -72 / 60 65 67 <END> 
<S> 48 55 63 72 / 56 62 -48 -72 / 46 55 62 67 / 53 69 -43 -55 / 50 55 62 71 / 54 -50 -62 -71 / 48 63 67 72 / 48 -63 -67 -72 / 55 62 67 70 / 43 -62 -67 -70 / 44 60 65 68 / 59 -60 -65 -68 / 60 67 -65 / 64 -60 -67 / 59 62 65 74 <END> 
<S> 48 63 67 72 / 51 -63 -67 -72 / 56 62 65 -72 / 60 -56 -65 -72 / 55 59 67 74 / 60 63 67 / 65 68 -60 / 58 62 67 70 / 56 63 72 / 55 -63 -72 / 53 65 72 -72 / 55 67 -65 -72 / 53 65 68 74 / 67 -53 -65 -74 / 41 59 68 74 / 61 67 76 / 58 62 65 77 <END> 
<S> 53 65 68 74 / 63 -53 -68 -74 / 55 62 67 -74 / 65 -55 -62 -74 / 56 60 63 72 / 55 58 -63 -72 / 53 56 60 68 / 58 62 -53 -68 / 48 60 67 / 46 61 64 -67 / 44 60 65 / 53 58 -44 -65 / 60 -44 -53 -65 / 46 62 -53 -65 <END> 
<S> 53 60 65 68 / 63 -53 -60 -68 / 55 59 62 67 / 55 71 -55 -62 / 51 60 63 67 / 53 -60 -63 -67 / 55 62 67 -53 / 51 63 -55 -67 / 50 62 65 -55 / 60 -50 -55 -65 / 53 55 62 / 43 50 -55 -62 / 43 55 59 -43 / 48 52 55 60 <END> 
<S> 55 58 62 / 51 55 60 / 53 62 -55 -60 / 55 59 62 -55 / 50 -55 -62 -67 / 48 55 63 -62 / 62 -48 -55 -63 / 47 55 62 65 / 48 60 63 69 / 55 59 -60 -64 / 51 57 60 67 / 50 62 65 -67 / 64 -50 -50 -65 / 55 62 65 / 53 -50 -62 -65 <END> 
<S> 48 55 60 63 / 46 -55 -60 -63 / 44 53 60 65 / 43 55 -60 -65 / 59 62 -43 -55 / 44 -59 60 / 48 55 60 63 / 41 -55 -60 -63 / 43 55 62 -60 / 53 59 -43 -55 / 53 -43 -59 -60 / 45 48 57 60 <END> 
<S> 41 56 62 62 / 50 60 -41 -56 / 65 -50 -53 -56 / 55 63 67 -50 / 53 62 -43 -67 / 60 -53 -43 -67 / 43 62 65 -43 / 41 -62 -62 -65 / 63 -44 -62 / 43 -66 -62 / 41 60 67 / 51 60 -67 / 53 65 68 -60 / 62 65 -53 -68 / 60 63 67 -53 / 62 -53 -60 -67 / 58 65 -60 -75 / 56 65 72 -60 / 55 -56 -72 -72 <END> 
<S> 43 58 63 67 / 41 -58 -63 -67 / 43 58 63 67 / 55 -58 -63 -67 / 60 63 -58 -67 / 56 -60 -63 -67 / 58 62 65 / 56 -58 -65 -65 / 56 65 63 70 / 62 -56 -65 -70 / 55 58 63 70 / 55 61 -63 -70 / 53 60 65 68 / 62 -53 -65 -68 / 51 58 63 67 / 56 60 -63 -67 / 58 65 -63 / 62 -58 -65 / 63 -58 -58 <END> 
<S> 55 58 65 70 / 63 -58 -65 -70 / 62 -58 -65 -70 / 60 63 68 -58 / 57 60 65 70 / 55 58 63 67 / 53 56 62 65 / 55 58 63 / 56 60 -55 -63 / 55 58 62 / 53 -58 -58 -62 / 51 58 63 67 / 50 -58 -63 -67 / 48 60 63 68 / 51 -60 -63 -68 <END> 
<S> 57 60 65 -51 / 53 60 -48 -70 / 55 58 62 67 / 56 71 -62 -67 / 63 67 72 / 48 -63 -67 -72 / 55 67 71 74 / 50 -67 -71 -74 / 51 67 72 / 50 65 -67 -72 / 48 63 67 70 / 53 -63 -67 -70 / 55 63 70 70 / 56 -63 -70 / 51 63 67 70 / 65 -51 -67 -70 / 50 58 67 70 / 51 -60 -67 -70 <END> 
<S> 48 63 69 -67 / 46 62 65 70 / 51 58 63 67 / 62 -51 -58 -67 / 51 60 63 67 / 57 -51 -63 -67 <END> 
<S> 58 65 70 / 56 62 -65 -70 / 55 58 63 70 / 53 65 68 -70 / 51 67 70 / 68 -51 -67 -70 / 52 67 70 -51 / 50 53 -67 -70 <END> 
<S> 63 67 70 -57 / 65 -43 -60 -67 / 70 -49 -60 -65 / 44 60 65 -55 / 53 -48 -60 -65 / 46 55 62 67 / 53 63 68 -46 / 50 53 -68 -68 / 51 58 67 67 / 65 -51 -58 -67 <END> 
<S> 44 51 65 70 / 63 -48 -65 -70 / 46 58 62 65 / 62 -46 -58 -65 / 56 -46 -62 -65 / 39 55 58 63 / 44 59 63 65 / 44 60 -63 -65 / 46 58 62 -65 / 56 -46 -62 -65 / 39 55 58 63 <END> 
<S> 44 60 63 65 / 46 -60 -63 -65 / 46 58 62 65 / 56 -46 -62 -65 / 39 55 58 63 / 51 55 58 67 / 50 53 63 69 / 48 51 -63 -69 / 50 53 62 70 / 60 69 -53 -57 / 51 55 58 67 <END> 
<S> 51 55 60 72 / 50 53 62 70 / 48 51 -62 -70 / 50 53 60 69 / 51 55 60 67 / 46 -55 -60 -67 / 48 55 60 63 / 46 -55 -60 -63 / 44 56 60 63 / 43 -56 -60 -63 / 44 56 62 65 / 47 -56 -65 / 55 63 -44 -48 / 47 -55 -63 -68 <END> 
<S> 48 55 60 64 / 46 -55 -60 -63 / 44 53 60 65 / 43 58 -53 -65 / 41 63 -58 -53 / 41 -58 56 60 / 43 51 58 60 / 41 53 62 -60 / 58 51 -53 -60 / 50 53 58 -60 / 51 55 60 67 / 50 58 65 68 / 51 58 63 67 <END> 
<S> 44 51 60 65 / 59 -44 -51 -65 / 43 50 58 -65 / 39 55 58 63 / 51 58 63 67 / 41 60 -58 -67 / 43 53 59 62 / 52 -43 -59 -62 / 50 -43 -59 -62 / 48 51 55 63 / 46 62 -48 -55 / 44 60 -51 -55 / 50 53 58 65 / 51 55 67 / 53 57 60 65 <END> 
<S> 44 51 60 63 / 41 48 -60 -63 / 43 55 59 62 / 44 60 -55 -63 / 41 56 60 62 / 43 55 59 -62 / 53 -43 -59 -62 / 36 51 55 60 <END> 
<S> 48 55 60 64 / 46 -55 -60 -63 / 44 53 62 -60 / 43 55 59 62 / 44 -55 -59 -62 / 36 55 60 63 / 38 -55 -60 -63 / 39 55 60 63 / 41 -55 -60 -63 / 43 55 59 62 / 53 -43 -59 -62 / 36 51 55 60 <END> 
<S> 41 56 60 62 / 43 55 59 -62 / 53 -43 -59 -62 / 36 51 55 60 / 48 60 63 67 / 68 -48 -60 -63 / 58 -48 -63 -68 / 44 56 60 72 / 55 -44 -60 -72 / 46 53 62 70 / 50 -53 -62 -70 / 51 58 67 -53 / 57 -51 -55 -67 / 39 55 58 67 / 46 74 -55 -67 <END> 
<S> 50 53 65 70 / 55 63 -50 -70 / 53 56 65 68 / 51 55 60 67 / 53 56 60 65 / 51 55 -60 -65 / 53 56 60 65 / 58 62 -53 -65 / 56 60 65 -53 / 55 58 62 -65 / 56 63 -58 -65 / 56 60 65 68 / 55 61 67 70 <END> 
<S> 53 56 65 -63 / 55 58 63 -65 / 56 62 -58 -65 / 60 -56 -56 -65 / 51 58 63 67 / 50 53 65 68 / 51 58 67 / 56 65 -58 -67 / 63 67 -56 -59 / 58 62 -67 -68 / 60 63 67 75 / 58 65 -67 -75 / 56 65 72 77 / 55 67 75 -72 <END> 
<S> 51 63 67 70 / 60 -51 -67 -70 / 50 65 67 70 / 68 -50 -65 -68 / 51 58 67 -65 / 63 -51 -58 -67 / 44 60 65 -51 / 46 58 62 -65 / 51 58 63 67 / 51 58 63 67 / 56 60 63 72 / 65 74 -56 -60 <END> 
<S> 46 58 62 65 / 60 63 -46 -65 / 55 58 65 -65 / 39 58 63 -65 / 63 -58 -58 -63 / 55 70 -63 -58 / 56 -58 -63 -72 / 56 63 65 70 / 53 61 -65 -70 / 51 67 70 / 56 -51 -67 -70 / 51 58 67 75 / 48 60 -67 -75 <END> 
<S> 58 63 70 77 / 65 68 -58 -77 / 63 67 79 -70 / 62 65 -70 -79 / 60 67 72 75 / 58 -67 -72 -75 / 56 60 72 77 / 55 70 -60 -77 / 53 60 68 75 / 67 -53 -60 -75 / 53 65 68 74 / 63 72 -53 -68 / 55 62 67 71 <END> 
<S> 56 60 65 77 / 55 -60 -65 -77 / 53 62 70 79 / 51 -60 -70 -79 / 53 60 70 79 / 55 59 -70 -79 / 53 56 68 72 / 51 55 67 70 / 50 56 65 -70 / 51 58 65 70 / 63 -51 -58 -70 / 56 60 63 68 / 62 65 -56 -60 <END> 
<S> 51 58 67 / 65 -51 -58 -67 / 63 67 -51 -58 / 62 65 -51 -70 / 51 63 70 75 / 58 65 70 74 / 68 -58 -65 -74 / 60 63 67 75 / 58 62 -67 -75 / 56 60 72 75 / 55 70 -60 -75 / 53 60 68 74 / 55 59 67 -74 / 56 60 72 -67 / 65 -56 -60 -72 <END> 
<S> 60 63 67 75 / 58 -60 -67 -75 / 56 60 65 75 / 55 67 -60 -75 / 53 60 65 68 / 55 59 67 -65 / 60 63 -55 -67 / 56 60 63 72 / 62 65 -56 -72 / 55 63 67 70 / 53 56 65 68 / 55 58 -65 -68 / 56 60 65 68 / 53 58 62 -65 <END> 
<S> 56 60 63 72 / 55 -60 -63 -72 / 53 65 68 72 / 74 -53 -68 -68 / 60 67 75 / 58 -60 -67 -75 / 56 60 72 77 / 55 -60 -72 -77 / 53 62 72 79 / 55 71 -62 -79 / 56 62 72 77 / 62 65 -72 -77 / 55 67 71 75 / 63 74 -67 -75 / 65 -55 -71 -74 <END> 
<S> 53 60 68 77 / 55 62 67 -77 / 75 -55 -62 -67 / 53 60 63 72 / 55 58 -63 -72 / 56 60 65 72 / 58 -56 -65 -72 / 48 60 65 68 / 64 -60 -48 60 / 53 65 -60 -72 / 60 67 75 -53 / 59 62 68 77 <END> 
<S> 56 60 65 72 / 55 -60 -65 -72 / 53 67 70 74 / 52 68 72 / 53 68 74 77 / 55 67 75 -74 / 65 -55 -60 -74 / 72 -55 -60 -65 / 59 62 67 -55 / 55 60 67 75 / 51 -60 -67 -75 <END> 
<S> 55 67 71 75 / 63 -55 -67 -75 / 65 -55 -67 -75 / 53 67 70 74 / 51 -67 -70 -74 / 50 65 70 77 / 53 68 -50 -77 / 51 67 79 55 / 60 -51 -67 -79 / 53 60 68 77 / 55 -60 -68 -77 / 56 60 67 72 / 65 74 -56 -60 <END> 
