<S> 60 67 76 / 59 -60 -67 -76 / 57 60 69 77 / 71 -57 -60 -77 / 52 60 72 79 / 62 -52 -72 -79 / 57 64 72 79 / 50 65 72 77 / 71 -50 -65 -77 / 52 67 72 76 / 53 -67 -72 -76 / 55 67 71 74 / 55 67 71 74 <END> 
<S> 50 65 72 77 / 71 -50 -65 -77 / 52 67 72 76 / 53 -67 -72 -76 / 55 67 71 74 / 55 67 71 74 / 60 67 72 76 / 65 -60 -72 -76 / 52 64 70 79 / 62 -52 -70 -79 / 53 60 69 81 / 55 67 71 -60 <END> 
<S> 60 67 76 / 62 -60 -67 -76 / 52 60 67 79 / 53 -60 -67 -79 / 55 60 67 74 / 72 -55 -60 -67 / 55 59 67 74 / 65 -55 -59 -74 / 57 60 64 72 / 55 -60 -64 -72 / 53 65 69 72 / 55 -65 -69 -72 / 57 -65 -69 -72 / 59 74 -65 -69 <END> 
<S> 53 60 65 69 / 49 53 65 69 / 52 64 58 67 / 62 -52 -58 -67 / 57 60 64 -48 / 55 58 -64 / 55 56 60 65 / 53 59 62 -65 / 52 55 60 67 / 50 58 65 -55 / 48 55 60 64 <END> 
<S> 53 57 62 69 / 55 -53 -62 -69 / 52 57 60 67 / 50 57 65 -67 / 45 64 -57 -67 / 47 62 65 -45 / 43 59 62 65 / 45 57 -62 -65 / 47 55 62 -65 / 43 -55 -62 / 48 55 64 -62 / 60 -48 -55 -64 / 59 -48 -55 -64 <END> 
<S> 43 50 62 67 / 60 -43 -62 -67 / 52 60 64 67 / 50 65 -60 -67 / 52 55 67 72 / 53 57 65 -72 / 55 58 62 67 / 64 -55 -58 -67 / 57 60 65 / 78 / -60 -67 -75 / 55 62 65 71 / 53 -62 -65 -71 / 52 60 67 72 / 48 69 -60 -72 / 43 70 71 74 / 55 72 -67 -71 / 65 74 -55 -71 <END> 
<S> 53 60 65 69 / 62 -53 -65 -69 / 60 -53 -65 -69 / 59 62 67 -65 / 60 -59 -62 -67 / 60 64 67 / 58 65 -64 -67 / 56 64 72 -65 / 52 55 -64 -72 / 53 57 64 72 / 62 65 -53 -72 / 52 60 67 / 58 -52 -60 -67 / 53 57 65 -60 / 59 -57 -65 / 60 -53 -57 -65 / 47 55 62 67 / 43 -55 -62 -67 / 48 55 60 64 / 62 -48 -55 -64 / -48 -55 60 <END> 
<S> 53 57 65 69 / 58 -53 -65 -69 / 52 60 67 / 58 -52 -67 -72 / 57 60 65 -72 / 53 -57 -60 -72 / 55 60 67 74 / 59 65 74 / / 64 74 -74 / 65 67 71 76 / 64 71 -67 -76 / 62 65 69 77 / 67 -62 -62 -77 / 60 64 72 76 / 58 -60 -72 -76 <END> 
<S> 57 64 69 72 / 59 62 67 74 / 60 67 76 / 77 -60 -67 / 55 62 67 72 / 53 69 -62 -72 / 55 62 67 71 / 48 64 67 72 / 55 59 67 74 / 53 59 -67 -74 <END> 
<S> 53 69 72 / 52 67 70 79 / 50 60 -70 -79 / 52 60 72 79 / 43 71 -60 -79 / 44 60 72 77 / 59 76 -60 -72 / 60 67 76 -72 / 71 -60 -67 -76 / 53 60 69 77 / 62 -53 -69 -77 / 55 61 67 76 / 59 74 -55 -67 <END> 
<S> 60 67 72 76 / 59 -67 -72 -76 / 57 60 72 77 / 62 -57 -72 -77 / 64 67 72 76 / 65 69 -72 -76 / 67 74 -65 -72 / 62 71 -67 -74 / 60 64 69 72 / 57 -64 -69 -72 / 54 64 69 72 / 52 -64 -69 -72 / 53 65 69 74 / 50 59 -69 -74 / 45 60 76 -69 / 77 -60 -69 -69 <END> 
<S> 54 57 69 74 / 72 -54 -69 -74 / 55 67 72 76 / 71 -55 -67 -76 / 57 66 69 -76 / 62 66 -69 -74 / 60 67 71 76 / 55 -67 -71 -79 / 57 67 72 77 / 59 62 74 -77 / 60 64 67 76 / 72 -60 -64 -76 / 53 65 74 -60 / 59 67 -53 -74 <END> 
<S> 62 69 77 / 59 62 -69 -77 / 60 79 -65 / 62 65 77 -60 / 59 79 -65 -77 / 60 64 72 76 / 58 62 74 -67 / 57 60 72 76 / 55 71 -60 -76 / 54 60 69 74 / 59 -66 -69 -74 / 52 64 71 -74 / 56 -64 -71 / 62 71 -64 / 45 60 64 69 / 0 / 51 59 66 71 <END> 
<S> 57 60 69 76 / 59 -60 -69 -76 / 60 66 74 -60 / 59 -60 -66 -76 / 57 60 64 -76 / 55 60 69 77 / 53 -60 -69 -77 / 52 60 67 79 / 58 -52 -67 -79 / 53 57 65 72 / 47 62 67 77 / 48 60 67 76 / 55 59 67 74 / 55 59 67 74 <END> 
<S> 53 60 69 77 / 60 67 76 -60 / 55 60 69 74 / 71 -60 -65 / 48 64 72 76 / 60 -48 -72 -76 / 53 69 72 74 / 65 74 -53 -74 / 55 76 -65 -74 / 57 60 65 41 / 53 69 -60 -77 / 55 59 67 74 / 53 -59 -67 -74 / 52 59 67 76 / 77 -52 -59 -67 <END> 
<S> 53 60 69 74 / 50 -60 -69 -74 / 55 59 67 -74 / 65 -55 -59 -74 / 48 55 64 72 / 53 60 64 72 / 69 -48 -60 -72 / 44 66 72 74 / 52 64 71 -74 / 62 -52 -67 -71 / 53 60 69 69 / 50 65 -69 -72 / 48 64 67 -72 / 53 60 69 74 <END> 
<S> 52 64 72 -67 / 62 -52 -67 -72 / 71 -55 -62 -67 / 48 64 67 69 / 53 62 71 -69 / 52 64 67 -69 / 50 -64 -67 -72 / 48 64 67 72 / 71 -48 -64 -67 / 50 57 65 69 / 59 -50 -66 -69 / 60 -50 -66 -69 / 43 59 67 74 / 62 71 41 -67 <END> 
<S> 52 64 67 72 / 62 -52 -67 -72 / 54 62 69 -72 / 55 62 71 / 54 64 69 72 / 51 66 71 74 / 0 / 52 64 72 79 / 71 -52 -64 -79 / 50 69 77 -64 / 62 71 -50 -77 / 52 64 72 76 / 53 -72 -76 55 55 67 74 -52 -60 <END> 
<S> 55 67 72 74 / 57 66 71 -74 / 72 59 62 68 / 64 67 -62 -71 / 60 66 69 74 / 59 67 74 / 72 -59 -67 / 62 67 74 / 52 67 72 / 53 65 69 74 / 55 76 -65 -69 / 53 65 69 74 / 64 -53 -69 -74 / 59 62 74 -69 / 67 72 -59 -62 / 65 71 -62 -72 <END> 
<S> 67 69 -53 / 59 64 67 -53 / 52 60 64 67 / 50 65 -60 -67 / 52 55 67 72 / 53 57 -67 -72 / 55 59 65 74 / 52 60 67 76 / 58 60 67 77 / 76 -55 -60 / / 53 58 70 / 74 -53 -58 -70 / 52 56 72 77 / 53 60 69 -77 / 55 62 67 70 / 53 -58 -62 -70 <END> 
<S> 53 65 69 72 / 55 74 -65 -69 / 64 -55 -69 -74 / 50 65 69 74 / 55 67 71 -74 / 65 -55 -71 -74 / 64 72 -55 -71 / 53 65 69 72 / 71 -53 -65 -69 / 60 67 72 76 / 58 -60 -67 -76 / 57 60 69 77 / 59 62 -69 -77 / 60 64 67 76 / 65 -60 -76 -76 <END> 
<S> 55 59 67 72 / 53 65 69 -72 / 74 -53 -65 -69 / 55 64 67 76 / 62 65 -55 -76 / 64 -55 -61 -76 / 60 65 -55 -72 / 59 62 67 74 / 55 61 67 76 / 53 60 69 74 / 55 59 67 -74 / 72 -55 -60 -67 / 50 65 -55 -60 -74 / 59 -50 -65 -74 <END> 
<S> 54 60 69 75 / 55 -60 -69 -75 / 54 60 -69 -76 / 55 58 67 74 / 57 66 69 -74 / 55 64 70 72 / 54 69 -64 -72 / 55 62 67 71 / 53 -62 -67 -71 / 52 60 67 72 / 50 62 71 -67 / 48 55 64 69 / 45 -55 -64 -69 / 50 54 62 69 / 49 55 64 69 / 43 54 62 -69 / 50 53 -62 -69 <END> 
<S> 55 64 69 72 / 62 66 74 / 60 66 69 -74 / 55 59 67 74 / 53 68 -59 -74 / 52 61 67 76 / 50 53 65 74 / 52 55 67 72 / 53 57 69 -72 / 55 71 -69 / 64 67 -55 -71 / 50 65 69 -67 / 60 -50 -65 -69 / 55 59 65 69 / 60 64 -65 / 59 62 74 -65 / 57 60 64 72 <END> 
<S> 52 67 72 -58 / 53 57 69 -72 / 55 67 71 74 / 53 69 -67 -74 / 55 62 67 71 / 43 69 -62 -67 / 48 64 67 69 / 55 62 71 -69 / 60 64 67 72 / 59 62 67 74 <END> 
<S> 47 62 67 71 / 48 64 69 -67 / 50 62 66 69 / 43 59 62 67 / 48 60 64 67 / 47 55 62 67 / 45 69 -55 -62 / 47 55 62 67 / 48 60 -55 -67 / 50 55 62 69 / 54 -50 -62 -69 / 60 -50 -54 -69 <END> 
<S> 45 57 64 72 / 55 -45 -64 -72 / 50 53 62 71 / 48 69 -50 -62 / 50 55 62 71 / 54 69 -50 -55 / 43 59 67 / 48 60 69 -55 / 52 55 62 71 / 50 -55 -62 -71 / 52 55 67 72 / 54 57 62 -72 / 55 59 62 71 / 60 64 69 -55 <END> 
<S> 47 55 62 67 / 45 60 -55 -67 / 43 55 59 62 / 47 62 -55 -62 / 48 55 60 64 / 48 52 60 67 / 48 55 60 64 / 59 -48 -55 -64 / 57 -48 -64 -64 / 55 59 62 67 / 52 55 60 67 <END> 
<S> 48 55 60 64 / 52 -55 -60 -64 / 50 57 60 65 / 59 -50 -57 -65 / 48 55 60 64 / 53 60 62 / 52 55 60 64 / 53 60 65 69 / 55 -60 -65 -69 / 57 60 64 / 62 65 -57 -57 <END> 
<S> 53 57 62 / / -53 -57 -62 / 40 55 60 67 / 41 53 60 69 / 52 -41 -60 -69 / 43 50 67 71 / 45 65 69 72 / 47 -62 -65 -69 / 48 60 64 67 / 58 -48 -64 -67 <END> 
<S> 45 60 69 -65 / 47 62 -65 -69 / 48 64 67 / 60 -48 -67 -67 / 55 59 67 74 / 52 67 -59 -74 / 50 65 -67 -74 / 48 64 67 76 / 66 -48 -64 -76 / 55 62 71 74 / 67 72 -55 -74 / 54 62 69 74 / 50 -62 -69 -74 <END> 
<S> 48 64 67 76 / 50 65 66 -76 / 52 67 71 58 / 48 64 69 72 / 62 71 -48 -62 / 50 59 67 -62 / 48 60 -67 -67 / 50 62 66 69 / 59 62 -66 -69 / 60 64 67 71 / 62 66 69 42 / 62 -69 -69 / 67 71 -62 / 66 66 69 -71 <END> 
<S> 52 55 67 72 / 50 71 -55 -67 / 48 55 64 72 / 60 -48 -64 -72 / 55 62 67 71 / 47 62 67 69 / 68 -47 -62 -67 / 50 62 65 69 / 47 -62 -65 -69 / 48 60 64 69 / 50 57 60 -69 / 52 55 59 67 / 50 -55 -59 -67 <END> 
<S> 43 59 62 67 / 55 59 67 74 / 53 62 -67 -72 / 52 60 67 72 / 50 65 74 -60 / 52 67 -60 -74 / 53 69 74 -60 / 59 -53 -69 -74 / 52 60 67 76 / 74 -52 -60 -67 / 52 60 67 79 / 53 69 -60 -79 / 55 59 67 74 / 52 -55 -59 -67 / 45 59 69 -52 / 52 59 -69 -68 <END> 
<S> 53 59 67 71 / 52 60 67 -71 / 50 59 67 -67 / 45 64 69 -67 / 47 62 -67 -69 / 48 57 66 69 / 52 59 64 -69 / 50 57 -64 -68 / 59 62 67 -50 / 60 66 -50 -59 / 43 59 62 67 / 52 60 67 / 50 65 69 -60 / 59 -50 -65 -69 / 48 60 67 76 / 62 -48 -67 -76 <END> 
<S> 43 59 62 67 / 45 57 60 -67 / 43 59 62 -67 / 41 60 62 69 / 43 59 62 67 / 48 60 64 67 / 47 62 -60 -67 / 45 60 64 69 / 47 65 -60 -69 / 48 57 64 67 / 50 -57 -64 -67 / 52 55 64 71 / 62 -55 -64 -71 / 40 55 64 69 / 62 71 -55 -64 / 38 57 62 71 <END> 
<S> 40 60 67 / 59 -40 -67 -67 / 38 57 65 69 / 59 62 -41 -69 / 45 57 60 64 / 46 53 62 65 / 60 64 -53 / 53 61 57 60 / 52 -57 60 / 55 53 62 -60 / 45 55 -62 -65 / 43 55 62 -55 / 53 -43 -55 -62 / 48 52 55 60 <END> 
<S> 50 57 60 62 / 55 64 -50 -60 / 53 60 59 62 / 52 55 60 64 / 53 57 60 62 / 55 59 62 / 53 -55 -59 -62 / 52 55 60 64 / 50 -55 -60 -64 / 48 55 62 65 / 47 -55 -62 -65 / 48 55 60 64 / 52 55 60 64 <END> 
<S> 48 55 62 65 / 60 -48 -55 -65 / 43 55 62 -60 / 59 -43 -55 -62 / 47 55 62 67 / 48 55 60 64 / 47 55 62 67 / 45 60 -55 -67 / 50 55 62 67 / 43 62 -55 -67 / 50 54 69 -62 / 60 -50 -54 -69 / 43 50 59 67 / 48 52 60 67 / 50 53 -60 -67 <END> 
<S> 45 48 60 65 / 47 55 62 67 / 48 55 60 64 / 62 -48 -55 -60 / 59 -43 -55 -60 / 41 52 60 69 / 38 -60 -60 -69 / 43 59 67 -53 / 52 -43 -59 -67 / 45 60 65 -43 / 47 55 62 67 / 48 55 60 64 / 50 65 -55 -60 / 52 55 60 67 / 50 -55 -60 -67 <END> 
<S> 48 52 60 67 / 50 53 -60 -67 / 52 55 60 67 / 58 -52 -55 -67 / 53 57 60 69 / 62 -53 -57 -69 / 55 59 64 67 / 62 -55 -64 -67 / 55 57 -64 -64 / 53 59 62 -55 / 54 52 57 / 72 -52 -57 -60 / 55 60 67 -60 / 59 -55 -60 -67 / 55 59 62 67 / 52 55 64 67 / 57 60 64 65 / 59 -57 -64 <END> 
<S> 53 57 62 69 / 47 -57 -62 -69 / 48 57 64 69 / 50 57 66 -69 / 52 55 67 71 / 48 55 64 72 / 53 62 65 71 / 52 59 67 72 / 50 57 65 74 / 55 64 71 -74 / 54 62 74 81 / 72 -54 -62 -81 / 55 64 71 79 / 56 -64 -72 -79 <END> 
<S> 52 60 67 72 / 64 -52 -67 -72 / 50 65 69 74 / 71 -50 -65 -74 / 48 67 72 76 / 52 -67 -72 -76 / 53 69 74 -72 / 50 65 -72 -74 / 55 62 71 -74 / 67 -55 -71 -74 / 45 -55 -67 -71 / 57 72 -67 / 52 59 68 71 <END> 
<S> 53 69 72 / 52 62 67 71 / 50 -62 -67 -71 / 52 60 67 72 / 48 -60 -67 -72 / 53 60 67 / 55 65 69 -60 / 71 -55 -65 -69 / 72 -48 -65 -69 / 47 55 67 74 / 64 -47 -55 -74 / 45 60 64 -55 / 47 62 -57 -64 / 48 55 60 64 / 50 54 -60 -64 <END> 
<S> 55 59 67 74 / 52 60 67 76 / 48 60 69 77 / 76 -48 -60 -69 / 55 62 71 74 / 67 -55 -71 -74 / 48 67 72 76 / 60 64 69 -72 / 65 -60 -69 -72 / 74 60 67 76 / 58 -60 -67 -76 / 57 60 72 77 / 70 -57 -60 -77 / 55 65 69 -77 / 53 -65 -69 -77 <END> 
<S> 60 67 76 / 62 -60 -67 -76 / 48 60 67 79 / 69 -48 -60 -79 / 50 62 71 77 / 62 -50 -71 -77 / 52 67 70 76 / 53 -67 -70 -76 / 55 67 70 74 / 65 / -70 -74 / 55 64 70 79 / 53 -55 -70 -79 / 55 67 74 77 <END> 
<S> 53 60 69 81 / 65 -53 -69 -81 / 55 59 67 74 / 48 60 67 76 / 48 60 67 76 / 50 60 77 -67 / 52 60 67 79 / 53 60 69 77 / 55 59 67 -77 / 57 60 69 72 / 64 -57 -60 -72 / 62 65 69 71 <END> 
<S> 55 67 76 / 54 69 -55 -76 / 55 62 71 74 / 67 -55 -62 -74 / 50 62 67 69 / 66 -50 -62 -69 / 55 59 62 67 / 52 60 67 72 / 50 65 69 74 / 71 -50 -65 -74 / 48 67 72 76 / 60 77 -72 -76 / 79 67 -72 -77 / 69 74 77 47 / 67 71 79 -41 <END> 
<S> 52 60 67 79 / 50 65 -60 -79 / 52 60 67 79 / 53 69 -60 -79 / 55 67 71 74 / 55 67 71 74 / 48 67 72 76 / 50 65 71 77 / 69 -50 -65 -77 / 52 62 67 79 / 64 -52 -67 -79 <END> 
<S> 52 60 67 72 / 53 69 -60 -72 / 52 65 71 74 / 50 -65 -71 -74 / 48 67 72 76 / 65 71 74 -48 / 60 67 72 76 / 53 69 74 77 / 55 67 71 74 / 0 / 52 68 71 76 / 74 -52 -68 -71 <END> 
<S> 55 59 67 74 / 53 -59 -67 -74 / 52 60 67 76 / 50 53 -60 -67 / 52 55 67 74 / 72 -52 -55 -67 / 57 60 65 -72 / 59 62 67 74 / 60 64 67 76 / 65 72 -60 -76 / 55 67 71 74 / 56 64 71 -74 <END> 
<S> 57 60 64 72 / 55 59 67 74 / 53 -59 -67 -74 / 52 60 67 76 / 53 -60 -67 -76 / 55 59 67 74 / 76 -55 -59 -67 / 57 60 65 72 / 55 74 -60 -65 / 53 60 69 76 / 59 74 -53 -69 / 67 76 -53 -57 / 41 57 69 74 / 59 62 67 -74 <END> 
<S> 55 59 67 74 / 53 -59 -67 -74 / 52 61 67 76 / 50 -58 -67 -76 / 52 60 67 76 / 53 69 -60 -76 / 55 67 71 74 / 65 -55 -67 -74 / 48 64 67 72 / 55 59 67 74 <END> 
<S> 53 60 69 74 / 62 77 -53 -69 / 52 67 72 76 / 58 -67 -72 -76 / 57 65 72 77 / 55 67 72 76 / 53 69 72 74 / 74 -53 -69 -74 / 67 76 -74 / 65 69 -74 / 64 67 69 76 / 65 69 74 81 <END> 
<S> 50 69 74 77 / 71 -50 -74 -77 / 52 67 72 76 / 53 69 -72 -76 / 55 67 71 74 / 57 64 69 72 / 59 62 67 74 / 65 -59 -62 -74 / 55 60 64 76 / 57 66 -55 -60 / 55 59 67 74 / 52 67 72 76 <END> 
<S> 59 62 67 79 / 60 -67 -76 / 62 65 69 74 / 71 -62 -65 -74 / 64 72 73 / 67 71 -64 -76 / 50 65 69 74 / 71 -50 -65 -74 / 48 67 72 76 / 60 -67 -72 -76 / 59 67 74 79 / 77 -67 -74 -79 / 71 79 -67 -79 / 62 69 81 -67 / 66 -62 -69 -72 <END> 
<S> 47 65 74 / 67 -47 -74 -77 / 48 67 72 76 / 50 65 77 -72 / 71 -50 -65 -77 / 52 67 72 76 / 53 -67 -72 -76 / 55 67 74 -72 / 71 -55 -67 -74 / 0 / 56 64 71 76 <END> 
<S> 47 67 74 -67 / 65 -47 -67 -74 / 48 67 72 76 / 74 -48 -67 -72 / 55 67 72 74 / 71 -55 -67 -74 / 69 -55 -67 -74 / 71 -55 -67 -74 / 65 -55 -71 -74 / 48 64 67 72 / 57 60 66 72 <END> 
<S> 55 67 74 / 72 -55 -67 / 43 59 67 74 / 45 60 72 -67 / 64 -45 -60 -72 / 47 62 67 71 / 48 -62 -67 -71 / 50 62 65 69 / 48 -62 -65 -69 / 47 62 67 71 / 43 -62 -67 -71 / 44 60 65 72 / 64 -45 -60 -72 / 65 -45 -60 -72 <END> 
<S> 48 60 64 67 / 47 62 -60 -67 / 48 60 64 67 / 47 -60 -64 -67 / 45 64 72 -67 / 66 -45 -64 -72 / 47 62 67 71 / 48 60 67 69 / 50 62 65 69 / 64 -50 -69 / 47 62 67 74 / 65 -47 -62 -74 / 45 64 61 69 / 45 57 69 72 / 50 -69 -72 <END> 
<S> 49 64 67 69 / 50 66 69 74 / 55 62 67 71 / 64 72 -55 -67 / 62 -55 -67 69 / 66 -55 -62 -74 / 55 67 71 74 / 65 -55 -71 -74 / 54 63 69 72 / 55 62 67 71 / 52 60 67 72 / 50 62 -67 -72 / 48 64 67 72 / 52 -48 -67 -72 / 53 57 65 -72 / 51 55 67 70 / 50 65 69 -50 <END> 
<S> 55 64 72 / 62 65 -55 -72 / 55 60 64 71 / 59 -55 -64 -71 / 57 60 64 72 / 65 71 -57 -72 / 55 59 67 74 / 60 76 -67 / 59 62 67 74 / 60 76 -67 / 52 59 67 71 / 79 -52 -67 -71 / 57 65 69 72 / 71 -57 -65 -69 / 52 67 72 79 / 53 -67 -72 -79 / 55 67 71 74 / 65 -55 -71 -74 <END> 
<S> 60 67 76 / 59 -60 -67 -76 / 57 60 65 77 / 72 -57 -60 -77 / 55 67 71 76 / 53 74 -67 -76 / 52 67 72 77 / 50 74 -67 -72 / 52 72 -67 / 65 69 -72 / 64 71 -69 / / 62 69 71 / 64 68 72 / 65 -45 -69 -72 / 47 67 71 74 / 48 67 72 76 / 50 -67 -72 -76 <END> 
<S> 53 69 72 81 / 55 -69 -72 -81 / 48 64 69 72 61 / 70 -48 -64 -79 / 50 65 69 77 / 71 -50 -65 -77 / 52 67 72 76 / 55 74 -67 -72 / 53 69 72 / 50 65 -69 -72 / 55 64 67 71 / 62 65 -55 -74 / 64 -55 -62 -74 / 53 60 69 -74 / 52 55 60 -69 / 50 53 59 62 / 52 55 60 64 / 57 -55 -60 -64 <END> 
<S> 55 67 69 72 / 54 62 -69 -72 / 55 62 67 71 / 64 72 -55 -67 / 50 62 66 69 / 62 66 69 / 60 -62 -66 -69 / 59 62 67 71 / 60 -62 -67 -71 / 59 62 67 -71 / 57 -62 -67 -71 / 55 59 67 / 57 69 66 -79 / 59 62 -69 -69 / 67 71 -58 -62 / 50 60 67 78 / 55 59 62 67 <END> 
<S> 59 62 67 71 / 69 -52 -62 -67 / 50 62 69 -67 / 62 66 -50 -69 / 60 -50 -66 -69 / 59 -50 -66 -69 / 52 59 62 67 / 52 64 -59 -67 / 50 60 65 69 / 48 71 -60 -65 / 50 59 67 71 / 52 60 68 -67 / 62 -52 -67 -71 / 48 64 69 -67 / 50 62 66 -69 / 60 -50 -66 -69 <END> 
