<S> 48 60 63 67 / 50 -60 -63 -67 / 51 60 63 67 / 48 -60 -63 -67 / 56 60 62 65 / 59 -56 -62 -65 / 55 60 63 / 53 -60 -63 / 55 60 62 / 56 -55 -60 -62 / 43 55 59 -62 / 53 -43 -59 -62 / 48 51 55 60 <END> 
<S> 55 60 62 / 43 55 59 62 / 48 55 60 63 / 46 -55 -60 -63 / 44 56 60 63 / 46 -56 -60 -63 / 44 51 60 63 / 46 53 62 -63 / 39 55 58 63 / 51 55 58 67 / 51 60 67 69 / 50 62 -67 -70 / 48 63 69 72 / 46 67 -63 -72 / 50 62 65 71 / 55 -50 -62 -65 <END> 
<S> 46 58 65 -63 / 62 -46 -58 -65 / 44 52 60 63 / 53 62 -44 -60 / 59 -44 -53 -62 / 48 51 60 -55 / 48 51 55 -60 / 53 -48 -55 -60 / 55 -48 -60 / 46 50 -55 -60 / 59 50 55 62 / 47 -55 -62 / 48 55 60 63 / 50 65 -55 -60 / 43 55 59 67 <END> 
<S> 55 58 62 -48 / 53 56 -58 -62 / 55 59 62 -55 / 53 57 60 -59 / 52 55 60 -60 / 55 53 59 -60 / 52 -55 -60 / 53 57 60 69 / 55 59 62 -69 / 56 60 64 -53 / 59 62 -53 -56 / 55 60 -50 / 53 59 -50 -53 / 52 52 58 60 <END> 
<S> 50 57 65 -60 / 55 59 -50 -65 / 53 55 57 / -70 -53 / 52 55 60 67 / 50 53 -60 -67 / 52 55 59 67 / 47 55 62 67 / 48 55 60 64 / 52 55 60 67 / 53 69 -55 -60 / 47 50 62 67 / 55 -47 -62 -67 <END> 
<S> 48 55 60 64 / 58 -48 -55 -64 / 43 53 -55 -60 / 41 53 62 -60 / 43 55 59 62 / 45 52 60 / 53 52 55 / 60 -40 -53 / 41 -52 -60 -65 / 59 67 -52 -52 / 53 -55 -59 -67 / 52 55 60 67 / 47 62 -55 -67 / 45 48 60 65 / 47 50 62 -65 <END> 
<S> 50 53 57 -60 / 59 -50 -53 -59 / 52 55 60 / 53 57 -60 -64 / 55 59 62 / 43 53 -59 -62 / 45 52 57 60 / 48 -45 -57 -60 / 47 50 55 62 / 43 55 59 62 / 48 55 60 64 / 47 -55 -60 -64 / 45 57 60 65 / 43 50 59 -65 / 47 55 62 / 40 55 62 / 40 48 57 64 <END> 
<S> 48 52 55 64 / 50 55 -48 -64 / 36 52 55 67 / 38 53 60 69 / 71 -53 -60 -69 / 48 62 67 71 / 64 -48 -62 -67 / 50 62 66 69 / 60 -50 -66 -69 / 43 59 62 67 / 0 / 52 60 64 67 <END> 
<S> 47 62 67 71 / 48 64 69 -67 / 50 62 66 -69 / 43 59 62 67 / 55 59 62 67 / 52 60 67 70 / 53 65 69 -60 / 59 -53 -65 -69 / 60 65 -53 -69 / 60 64 67 -53 / 62 -60 -67 -67 / 61 69 77 -60 / 59 67 79 -77 / 60 69 76 -79 <END> 
<S> 55 62 67 70 / 53 60 69 -70 / 55 62 67 71 / 59 62 67 74 / 60 67 76 / 59 -60 -67 -76 / 57 60 69 77 / 55 62 71 79 / 57 60 69 77 / 59 62 -69 -77 / 60 64 67 76 / 61 -64 -67 -76 <END> 
<S> 60 64 67 / 62 -60 -64 -67 / 60 64 67 -60 / 58 -60 -64 -67 / 57 60 64 69 / 55 -60 -64 -69 / 53 60 67 71 / 52 -60 -67 -67 / 50 53 60 69 / 55 -60 -60 -69 / 53 59 67 -60 / 52 60 64 67 / 57 60 64 72 / 55 59 62 -72 <END> 
<S> 50 53 57 65 / 59 -50 -53 -65 / 52 55 60 64 / 53 -55 -60 -64 / 55 59 62 / 53 -55 -59 -62 / 52 55 60 64 / 48 -55 -60 -64 / 53 55 60 62 / 52 -55 -60 53 / 53 59 62 67 / 48 -53 -60 -65 / 47 55 62 67 / 43 59 -55 -67 / 45 48 60 69 / 47 55 62 67 / 48 55 60 64 / 59 62 -48 -55 <END> 
<S> 50 55 62 71 / 52 55 72 / 53 57 62 71 / 47 62 67 / 49 64 67 69 / 50 62 65 69 / 52 67 -62 -65 / 53 62 69 -67 / 50 62 66 -69 / 60 -50 -66 -69 / 55 59 62 67 / 52 60 67 72 / 54 69 -60 -72 / 55 67 71 74 / 52 67 / 64 65 -52 -67 <END> 
<S> 52 64 67 72 / 50 -64 -67 -72 / 48 62 67 74 / 47 -62 -67 -74 / 45 60 72 76 / 55 -60 -72 -76 / 53 69 69 74 / 62 71 -53 -69 / 52 67 72 / 60 -52 -67 -72 / 53 60 69 74 / 62 -53 -69 -74 / 55 64 71 -74 / 72 -55 -64 -76 / 50 65 74 77 / 71 -50 -74 -77 / 52 67 72 76 / 53 -67 -72 -76 <END> 
<S> 56 60 64 72 / 53 57 65 74 / 50 58 65 74 / 56 -81 -65 -74 / 55 64 67 72 / 54 57 62 74 / 55 59 67 76 / 60 -55 -67 -76 / 50 62 65 74 / 64 -50 -65 -74 / 55 65 74 -72 / 64 -55 -72 -74 / 71 -55 -64 -72 / 48 64 72 77 / 60 -48 -64 -72 <END> 
<S> 54 60 69 74 / 62 -54 -69 -74 / 55 62 70 -74 / 64 72 -55 -60 / 54 62 69 74 / 55 59 67 -74 / 43 58 67 74 / 65 -43 -58 -74 / 70 60 -43 -65 / 46 69 74 -65 / 64 67 72 79 / 62 69 72 77 / 60 64 79 -77 <END> 
<S> 46 60 65 74 / 58 62 -65 -69 / 56 60 -65 -74 / 55 58 67 75 / 53 68 -58 -75 / 46 58 65 74 / 65 -46 -58 -74 / 44 60 67 72 / 43 -60 -67 -72 / 59 65 67 74 / 53 -59 -67 -74 / 52 60 67 72 / 70 -52 -60 -67 / 53 60 65 68 / 48 60 64 67 <END> 
<S> 48 60 67 75 / 72 -48 -60 -75 / 55 67 74 -72 / 71 -55 -67 -74 / 65 -55 -71 -74 / 51 63 67 72 / 62 65 70 77 / 60 63 70 75 / 69 -60 -63 -75 / 58 65 70 74 / 56 65 72 77 / 55 67 -72 -77 <END> 
<S> 58 63 70 75 / 62 65 77 -51 / 51 63 67 79 / 60 63 69 -79 / 53 65 68 74 / 72 -53 -65 -68 / 55 63 67 72 / 66 -55 -63 -72 / 60 62 67 71 / 59 -62 -67 -71 / 60 67 72 75 / 62 -67 -72 -75 / 63 67 72 79 <END> 
<S> 63 67 72 / 60 -63 -67 -72 / 56 62 65 71 / 53 63 68 72 / 51 65 -68 -72 / 50 -65 -68 -72 / 51 63 70 -68 / 53 -63 -70 / 55 63 67 -70 / 48 63 -55 -70 / 53 60 65 69 / 51 63 67 70 / 55 68 -63 -67 <END> 
<S> 63 67 70 / 61 -63 -67 / 58 62 67 / 53 -58 -62 -67 / 51 58 64 67 / 55 58 65 70 / 52 60 67 -70 / 48 60 65 68 <END> 
<S> 56 60 63 72 / 55 -60 -63 -72 / 53 65 68 72 / / 74 -65 -68 / 60 63 67 / 0 / 56 60 65 72 / 53 74 -60 -65 -72 <END> 
<S> 48 63 67 68 / 63 -48 -67 / 50 58 65 70 / 51 58 63 67 / 60 -51 -63 -67 / 50 65 62 70 / 46 58 62 -70 / 67 -58 -58 -70 / 51 58 63 67 / 62 -51 -58 -67 <END> 
<S> 43 58 63 70 / 46 62 65 -70 / 51 63 67 70 / 50 65 -67 -70 / 48 67 72 75 / 60 -67 -72 -75 / 59 67 74 / 55 71 -67 -74 / 60 67 72 75 / 62 -67 -72 -75 / 60 67 74 -72 / 71 -67 -74 -74 / 72 -56 -67 -74 / 65 68 -56 -72 <END> 
<S> 60 67 75 / 58 62 -67 -75 / 56 63 72 75 / 55 -63 -72 -75 / 53 63 72 80 / 62 -53 -72 -80 / 58 79 -53 -72 / / -58 -58 -72 / / 70 -58 -72 -79 / 69 77 -53 -63 / 59 67 74 79 / 77 -59 -67 -79 / 60 67 75 79 / 62 -67 -75 -79 <END> 
<S> 58 63 70 74 / 62 -58 -70 -75 / 60 66 74 -54 / 59 62 67 74 / 58 67 74 / 57 60 -67 -74 / 55 62 67 70 / 53 -62 -67 -70 / 51 60 67 70 / 48 -60 -67 -70 / 53 60 65 69 / 46 62 65 70 / 51 63 67 70 / 60 63 69 75 <END> 
<S> 52 60 67 72 / 53 -60 -67 -72 / 52 55 67 72 / 57 -52 -67 -72 / 54 57 62 74 / 72 -54 -57 -62 / 55 64 -57 / 58 62 -55 / 54 53 69 -50 / 51 55 58 67 / 50 58 -58 -67 / 51 55 60 67 / 53 -60 -67 / 52 55 67 <END> 
<S> 50 55 62 71 / 48 55 63 72 / 50 62 65 71 / 51 60 66 69 / 51 -60 -65 -69 / 50 58 65 70 / 46 62 -58 -70 / 51 58 67 -65 / 63 -51 -58 -67 / 46 58 65 / 50 -58 -65 / 55 58 62 70 / 64 -58 -70 -74 / 56 65 68 72 / 63 -56 -65 -72 <END> 
<S> 51 63 -58 -67 / 53 60 63 69 / 55 -60 -63 -69 / 53 62 65 71 / 63 -53 -65 -71 / 55 62 65 70 / 51 63 67 -70 / 53 60 65 69 / 62 -53 -65 -69 / 46 58 65 74 / 58 62 70 74 / 55 63 70 75 / 51 58 70 77 / 56 63 70 77 / 55 -63 -70 -77 <END> 
<S> 55 58 63 70 / 53 -58 -63 -70 / 55 62 70 77 / 68 -53 -62 -77 / 51 60 67 75 / 58 74 -67 -75 / 56 65 68 72 / 55 70 -65 -72 / 53 65 68 72 / 46 74 -65 -68 / 64 67 -46 -74 / 65 -46 -70 -74 / 48 63 67 75 / 62 -48 -67 -75 / 60 63 67 72 / 58 62 -67 -72 <END> 
<S> 55 63 70 -68 / 53 68 -63 -70 / 51 63 67 70 / 65 -51 -63 -70 / 56 63 70 72 / 68 -63 -63 -72 / 61 65 70 -68 / 68 -60 -65 -68 / 58 64 67 / 62 65 -55 -67 / 60 63 67 72 / 58 62 70 -67 / 68 77 -56 -65 / 55 58 70 75 / 55 -58 -70 -75 <END> 
<S> 63 67 70 -60 / 62 65 -67 -70 / 60 63 67 75 / 58 62 -67 -75 / 56 60 72 77 / 58 -56 -63 -77 / 49 55 61 75 / 53 57 65 74 / 55 59 67 -74 / 65 -55 -59 -74 / 56 60 63 72 / 62 66 -56 -72 / 55 63 67 70 / 53 56 -67 -70 / 51 60 67 -67 / 53 -60 -67 -67 <END> 
<S> 54 60 63 69 / 55 58 -63 -69 / 54 57 62 -67 / 60 69 -57 -67 / 50 62 65 70 / 52 67 -62 -70 / 53 62 65 69 / 50 60 -62 -69 / 55 58 62 67 / 60 63 -55 -67 / 58 -55 -63 -67 / 43 -58 -63 -67 / 41 56 60 68 / 58 -41 -56 -68 / <END> 
<S> 51 63 67 / 50 65 -67 / 48 63 67 -67 / 50 62 -67 -67 / 52 60 67 72 / 58 -52 -67 -72 / 54 57 69 74 / 72 -54 -57 -69 / 55 62 67 70 / 54 -62 -67 -70 / 67 63 67 / 62 71 -67 -67 <END> 
<S> 54 62 69 74 / 55 67 -62 -74 / 60 69 -55 -74 / 72 -55 -60 -69 / 55 62 67 70 / 48 63 67 / 50 52 -67 -67 / 48 60 67 75 / 51 -60 -67 -75 / 53 60 68 74 / 72 -53 -68 -68 / 55 67 71 74 / 63 67 72 / 65 74 -67 -72 <END> 
<S> 51 60 67 72 / 53 -60 -67 -72 / 52 65 68 74 / 48 -65 -68 -74 / 50 67 70 75 / 65 -67 -70 -75 / 63 67 70 75 / 65 -43 -70 -75 / 60 67 75 -70 / 74 -60 -67 -75 / 58 65 72 77 / 67 -58 -72 -77 / 68 -58 -72 -77 / 57 65 72 -72 / 53 65 -72 -72 / 46 65 70 -72 / 48 63 69 -72 <END> 
<S> 60 65 72 77 / 67 -60 -72 -77 / 75 -67 -72 -72 / 58 65 -72 -75 / 56 62 -72 -75 / 58 63 70 77 / 62 68 77 -58 / 51 63 67 75 / 0 / 51 60 67 70 <END> 
<S> 50 63 70 -68 / 51 65 -63 -70 / 63 69 -51 -58 / 57 60 -63 -72 / 55 62 67 70 / 53 -62 -67 -70 / 51 63 67 72 / 50 65 71 74 / 48 67 72 75 / 50 -67 -72 -75 / 51 67 72 75 / 53 -67 -72 -75 <END> 
<S> 48 63 67 72 / 60 63 72 79 / 58 65 74 82 / 67 75 -65 / 62 65 -67 -75 / 60 63 67 75 / 58 62 -67 -75 / 56 60 72 77 / 55 70 -60 -77 / 53 65 68 72 / 74 -53 -65 -68 / 63 -53 -68 -74 / 58 65 67 -74 / 58 65 70 74 / 56 -65 -70 -74 <END> 
<S> 53 63 68 74 / 62 -53 -68 -74 / 54 63 69 75 / 70 -54 -63 -75 / 62 66 69 74 / 63 67 70 / 62 65 -67 -70 / 60 63 67 72 / 58 -60 -67 -75 / 56 60 65 77 / 55 72 75 -60 / 53 74 -67 -72 / 55 67 71 -74 / 65 -55 -71 -74 <END> 
<S> 60 67 72 75 / 58 -67 -72 -75 / 56 60 72 77 / 55 75 -60 -72 / 53 68 74 -72 / 55 67 71 -74 / 65 -55 -71 -74 / 48 63 67 72 / 46 62 70 77 / 51 67 70 75 / 50 65 70 77 <END> 
<S> 48 63 68 72 / 50 62 65 -72 / 51 63 67 / 60 -51 -67 / 44 56 60 65 / 59 62 -56 -65 / 60 -56 -56 -65 / 55 59 62 67 / 53 59 62 68 / 51 60 67 / 59 -51 -60 -67 <END> 
<S> 59 62 -50 -67 / 55 60 60 -67 / 56 62 65 -60 / 63 -56 -60 -65 / 50 62 65 70 / 51 63 67 -70 / 53 62 65 -70 / 51 63 67 72 / / 74 -51 -67 -72 / 67 72 75 / 58 65 70 74 / 56 -65 -70 -74 <END> 
<S> 51 63 67 72 / 53 -63 -67 -72 / 55 62 67 71 / 56 60 65 72 / 62 -56 -65 -72 / 55 63 67 72 / 65 -55 -67 -72 / 60 63 67 72 / 58 62 -67 -72 / 56 60 65 72 / 55 67 -60 -72 / 53 60 68 74 / 55 59 67 -74 / 65 -55 -67 -74 <END> 
<S> 56 65 68 72 / 55 64 67 72 / 54 62 69 74 / 62 -54 -69 -74 / 55 62 67 70 / 63 -55 -67 -70 / 57 60 67 72 / 59 62 -67 -72 / 60 67 -56 -67 / 55 62 -67 -72 / 53 56 -67 -72 / 51 55 60 -67 / 60 -51 -67 / 50 53 65 70 / 52 62 67 -65 / 53 -62 -67 -70 <END> 
<S> 55 62 70 / 48 55 64 69 / 50 54 63 69 / 60 -50 -54 -69 / 43 50 59 67 / 50 53 62 -67 / 51 55 60 63 / 51 55 58 -63 / 57 60 63 -51 / 58 62 65 / 56 -58 -62 -65 / 55 58 63 67 / 55 -58 -63 -67 / 56 60 63 68 / 55 -60 -63 -72 <END> 
<S> 48 55 63 / 46 62 -55 -63 / 44 60 65 / 43 59 67 -65 / 41 60 65 -67 / 45 60 65 -65 / 63 -45 -60 -65 / 46 62 -65 / 55 63 -46 -65 / 44 56 60 65 / 46 -56 62 -65 / 55 63 -46 / 47 55 62 67 / 48 55 60 63 / 44 56 60 65 <END> 
<S> 44 60 65 -63 / 62 -44 -60 -65 / 60 -44 -60 -65 / 46 58 62 -65 / 56 -58 -62 -65 / 39 55 58 63 / 51 55 58 67 / 50 53 -67 69 / 51 -50 -67 -69 / 48 54 62 -69 / 50 59 -48 -69 / 60 -50 -54 -69 / 55 59 62 67 / 60 67 -51 -67 / 50 60 66 69 / 62 -50 -66 -69 / 43 55 62 67 <END> 
<S> 51 55 58 67 / 50 -55 -58 -67 / 48 60 63 67 / 53 62 65 70 / 51 63 67 72 / 53 62 65 -72 / 46 55 62 67 / 48 55 63 / 62 -48 -55 -63 / 48 55 60 65 / 58 62 -48 -55 / 53 56 60 <END> 
<S> 50 58 65 70 / 51 60 63 69 / 53 62 65 71 / 55 63 67 72 / 62 -55 -67 -72 / 43 60 67 72 / 59 74 -43 -67 / 65 -43 -59 -74 / 48 55 60 72 / 43 59 67 74 / 60 67 76 / 58 62 -67 -79 <END> 
<S> 48 60 63 72 / 56 60 65 72 / 65 -56 -60 -72 / 55 62 67 71 / 50 62 65 71 / 51 67 63 68 / 65 -51 -67 -68 / 67 -51 -65 -68 / 63 67 -48 -67 / 62 65 -67 / 60 63 67 75 / 58 -60 -67 -75 / 56 60 72 77 / 55 70 -60 -77 <END> 
<S> 48 63 67 72 / 56 60 65 72 / 55 67 -65 -72 / 53 63 68 72 / 62 -53 -68 -72 / 60 63 67 / 65 -55 -60 -75 / 56 60 65 75 / 58 62 68 74 / 68 -58 -74 / 47 67 67 / 65 -47 -67 <END> 
<S> 56 60 65 72 / 55 -60 -65 -72 / 53 60 68 70 / 55 -60 -68 -68 / 60 67 -60 -68 / 56 60 68 -60 / 55 59 -60 -63 / 53 60 65 -60 / 51 -60 -65 / 55 58 62 70 / 50 -58 -62 -70 / 48 60 63 68 / 51 -60 -63 -68 <END> 
<S> 53 60 65 68 / 62 -53 -68 -68 / 55 63 67 70 / 65 -55 -67 -70 / 51 63 67 72 / 56 62 65 -72 / 71 -56 -65 -72 / 55 62 67 71 / 53 -62 -67 -71 / 51 63 72 -67 / 69 -51 -63 -72 / 50 65 71 74 / 48 67 72 75 <END> 
<S> 55 62 67 71 / 53 -62 -67 -71 / 51 60 67 72 / 48 -60 -67 -72 / 53 60 67 75 / 58 -60 -67 -75 / 56 60 65 77 / 55 67 75 -60 / 53 60 68 74 / 55 59 67 -74 / 65 -55 -67 -74 / 48 63 67 72 / 50 58 70 77 <END> 
<S> 53 60 68 74 / 50 -60 -68 -74 / 55 59 67 -74 / 65 -55 -59 -74 / 48 60 63 72 / 51 63 70 79 / 58 65 70 77 / 68 -58 -65 -77 / 60 67 75 -65 / 62 72 77 -67 <END> 
<S> 51 63 68 72 / 50 74 -51 -68 / 51 60 67 75 / 53 -60 -67 -75 / 55 59 67 74 / 55 62 71 79 / 60 67 72 75 / 58 -67 -72 -75 / 56 60 72 77 / 55 70 -60 -77 <END> 
<S> 60 63 67 75 / 62 -60 -67 -75 / 54 60 69 75 / 55 67 71 74 / 60 67 72 75 / 63 -60 -72 -75 / 56 65 72 77 / 55 70 75 79 / 57 72 77 -75 / 58 74 -72 -77 / 68 -58 -74 -77 / 51 67 70 75 <END> 
<S> 53 72 77 -63 / 56 62 71 -77 / 60 63 72 79 / 62 65 -72 -79 / 63 67 72 79 / 59 -67 -72 -79 / 60 67 72 75 / 65 -60 -72 -75 / 58 65 70 74 / 56 -65 -70 -74 / 55 63 70 75 / 65 -55 -70 -75 <END> 
<S> 60 67 75 / 58 -60 -67 -75 / 56 60 68 75 / 55 -60 -68 -75 / 53 60 68 74 / 55 59 67 -74 / 56 60 67 72 / 65 -56 -60 -72 / 50 62 65 71 / 65 -50 -62 -71 / 48 63 67 70 / 60 -48 -67 -70 / 50 65 69 74 / 71 -50 -65 -74 / 48 67 72 75 / 58 -67 -72 -75 / 56 60 -72 -75 <END> 
<S> 51 63 67 72 / 60 -51 -67 -72 / 53 65 68 74 / 59 67 -65 -74 / 60 63 67 75 / 58 62 -67 -75 / 56 60 72 77 / 55 75 -60 -72 / 53 68 74 -72 / 55 67 71 -74 / 65 72 -55 -71 / 48 64 67 72 / 52 67 72 / 60 67 72 75 / 65 -67 -72 <END> 
<S> 70 -51 -65 -70 / 72 -51 -65 -70 / 55 67 70 75 / 75 -55 -67 -75 / 53 68 77 -58 / 58 62 70 -77 / 51 63 70 79 / 53 63 68 77 / 47 62 67 79 / 48 60 67 75 / 72 -48 -60 -75 / 55 67 74 -72 / 71 -55 -67 -74 / 56 63 72 / 55 65 70 74 <END> 
<S> 53 62 68 77 / 63 75 -68 -53 / 55 59 67 74 / 55 59 67 74 / 48 60 67 75 / 58 -48 -67 -75 / 53 56 65 74 / 53 72 -53 -56 / 55 58 67 70 / 56 65 68 72 / 57 63 67 -72 / 58 65 68 74 / 67 -58 -65 -74 <END> 
<S> 53 56 65 74 / 55 58 -65 -74 / 56 60 64 72 / 62 65 -56 -72 / 55 62 67 70 / 53 63 -67 -70 / 51 65 68 72 / 53 74 -65 -68 / 51 67 72 / 70 -51 -60 -72 / 53 56 72 74 / 55 71 -53 -74 / 56 60 72 / 58 74 -56 -60 <END> 
<S> 51 58 67 75 / 57 65 -51 -75 / 55 72 -65 -75 / 62 74 -55 -72 / 60 64 36 -74 / 55 62 71 59 / 56 72 -43 -71 / 55 67 71 74 / 53 -67 -71 -74 / 51 67 72 75 / 50 -67 -72 -75 / 51 67 72 -75 / 53 -67 -72 -75 / 55 67 70 75 / 56 60 68 77 / 58 60 -68 -77 / 60 67 75 / 53 -60 -67 -75 <END> 
<S> 48 67 72 75 / 60 -67 -72 -75 / 55 67 71 74 / 53 -67 -71 -74 / 51 67 72 75 / 70 -51 -67 -75 / 53 56 68 72 / 51 63 -68 -72 / 50 59 65 74 / 48 60 63 75 / 58 -48 -63 -75 / 56 -48 77 -63 / 50 75 -58 -68 / 51 58 67 75 / 63 -51 -67 -75 <END> 
