<S> 53 65 68 72 / 54 63 69 72 / 55 62 67 71 / 55 59 62 67 / 57 60 65 72 / 59 65 67 74 / 60 63 67 75 / 65 -60 -67 -75 / 60 67 72 75 <END> 
<S> 60 63 67 / 59 62 67 79 / 60 67 77 / 62 -60 -67 -77 / 55 67 74 -60 / 59 59 -67 -74 / 55 59 67 75 / 60 -67 67 72 / 58 62 74 -67 / 56 60 65 72 / 55 65 -60 -72 / 53 59 67 74 / 51 60 -67 -74 <END> 
<S> 60 67 75 / 55 -60 -67 -75 / 53 68 72 77 / 70 -56 -68 -77 / 56 72 75 / 55 70 -72 -75 / 53 68 72 77 / 67 -53 -72 -77 / 58 65 74 77 / 56 -65 -74 -77 / 55 70 75 79 / 53 -67 -70 -75 / 51 62 70 79 / 70 -51 -51 -79 / 56 60 68 77 / 55 75 -60 -77 <END> 
<S> 51 70 79 -65 / 53 63 -70 -79 / 62 77 -53 -70 / 59 62 67 -77 / 60 75 -62 -67 / 55 62 72 79 / 71 -55 -62 -79 / 56 60 72 77 / 59 62 74 -77 / 60 67 76 / 59 71 74 / 55 72 -59 -74 / 60 67 72 75 / 59 -67 -72 -75 <END> 
<S> 60 67 77 -64 / 62 -60 -67 -77 / 55 60 67 77 / 59 -55 -67 -74 / 48 60 67 72 / 48 64 67 72 / 60 64 67 72 / 59 62 67 74 / 58 60 67 76 / 57 61 69 77 <END> 
<S> 56 60 64 72 / 55 67 -64 -72 / 53 65 69 72 / 64 -53 -69 -72 / 54 62 69 74 / 60 -54 -69 -74 / 55 59 71 -74 / 56 64 -59 -71 / 57 64 72 / 55 62 67 -72 / 53 -62 -67 -72 / 52 60 67 -69 / 48 -60 -67 -74 <END> 
<S> 57 64 67 72 / 59 62 67 74 / 60 67 76 / 59 77 -60 -67 / 79 60 69 77 / 59 62 71 79 / 52 64 72 79 / 60 64 72 79 / 53 65 72 81 / 67 70 -53 -81 / 62 66 72 81 / 60 69 72 -81 <END> 
<S> 60 64 69 79 / 62 71 -60 -79 / 60 72 76 -60 / 59 74 -72 -81 / 57 69 72 36 / 55 71 74 79 / 57 69 72 77 / 59 67 74 79 / 60 67 76 / 53 59 74 -79 / 52 60 72 79 / 71 -52 -60 -79 <END> 
<S> 48 67 72 76 / 50 62 71 77 / 69 -50 -62 -77 / 52 62 67 79 / 71 -52 -62 -79 / 57 60 69 77 / 59 62 -69 -77 / 60 64 67 76 / 53 65 69 -76 / 65 67 71 74 / 64 -67 -71 -74 / 62 72 69 77 <END> 
<S> 57 60 69 77 / 59 62 -69 -77 / 60 64 67 76 / 53 65 69 -76 / 65 67 71 74 / 64 -67 -71 -74 / 62 67 72 76 / 60 -67 -72 -76 / 67 72 79 / 55 71 74 -67 / 65 -55 -71 -74 / 60 64 -55 -71 / 62 -55 -60 -67 / 53 60 69 69 / 71 -53 -60 -69 <END> 
<S> 60 67 72 76 / 65 69 74 -60 / 60 64 -69 -74 / 62 71 -60 / 64 69 72 -60 / 59 64 -68 -72 / 64 -59 68 -72 / 57 60 64 72 / 62 65 -57 -72 / 60 64 67 71 / 59 62 -67 -71 / 57 60 67 72 / 65 69 -53 -72 / 52 64 71 79 / 62 71 77 <END> 
<S> 57 64 71 / 62 -57 -71 / 45 60 64 77 / 47 62 67 / 55 -47 -62 -67 / 48 55 64 -62 / 50 59 62 67 / 52 60 67 / 50 54 -67 69 / 55 62 67 71 / 48 60 67 69 / 48 60 64 67 / 58 -48 -64 -67 <END> 
<S> 48 52 67 69 / 50 66 71 -67 / 52 64 67 / 62 -52 -67 -72 / 54 60 69 -69 / 55 62 67 71 / 48 64 67 72 / 55 62 67 71 / 55 59 62 71 <END> 
<S> 50 62 65 71 / 64 -50 -71 -74 / 69 -50 -65 -71 / 48 64 69 72 / 45 -62 -69 -72 / 46 62 69 74 / 67 -46 -62 -74 / 50 62 69 77 / 60 64 -69 -77 / 65 71 74 -57 / 55 67 74 -77 / 57 69 73 76 / 67 -57 -73 -76 / 50 65 69 74 <END> 
<S> 62 69 77 / 60 64 -69 -77 / 67 -60 -69 -77 / 75 -58 -62 -77 / 59 67 74 -58 / 60 67 72 76 / 60 67 72 76 / 62 78 -67 -72 / 64 71 -62 -72 / 61 65 69 -79 / 62 65 69 77 / 71 -62 -65 -77 / 64 67 72 79 / 71 74 -67 -79 / 57 69 72 76 / 55 71 -69 -76 <END> 
<S> 59 67 74 79 / 76 -59 -67 -79 / 57 60 69 77 / 55 67 71 -77 / 57 67 72 76 / 53 -67 -72 -76 / 55 62 71 74 / 53 60 69 76 / 52 59 68 -76 / 50 77 -59 -68 / 45 60 69 72 / 55 59 67 -72 / 53 57 69 74 / 71 -53 -57 -74 <END> 
<S> 57 64 69 72 / 55 67 71 74 / 53 67 72 74 / 52 -67 -72 / 50 65 69 77 / 71 -50 -65 -77 / 52 67 72 76 / 53 74 -67 -72 / 55 67 71 74 / 55 67 71 74 <END> 
<S> 50 65 69 74 / 71 -50 -65 -74 / 48 64 72 76 / 60 -48 -72 -76 / 55 67 74 -72 / 71 -55 -67 -74 / 43 67 71 74 / 48 67 72 76 / 53 -67 -72 -76 / 55 71 -67 -76 / 56 64 71 76 / 57 64 69 72 / 59 62 -69 -72 <END> 
<S> 48 64 67 72 / 53 65 74 -72 / 52 67 72 76 / 50 -67 -72 -76 / 52 67 72 79 / 53 -67 -72 -79 / 55 67 71 74 / 53 -67 -71 -74 / 52 62 71 76 / 56 -62 -71 -79 / 52 64 72 79 / 57 60 69 -79 / 59 67 77 <END> 
<S> 55 67 72 74 / 62 71 -55 -74 / 64 69 72 -55 / 54 62 74 -69 / 55 62 67 71 / 59 -55 -62 -67 / 57 64 66 69 / 59 62 67 / 57 64 69 72 / 71 -57 -64 -72 / 72 -57 -64 -72 / 55 59 74 / 64 -59 -74 <END> 
<S> 57 64 67 71 / 62 -57 -67 -71 / 55 59 62 67 / 52 60 67 76 / 59 62 -67 -76 / 57 64 69 72 / 65 -57 -69 -72 / 52 67 71 79 / 50 -52 -71 -79 / 52 64 71 79 / 57 69 -64 -79 / 59 62 67 74 / 60 67 76 -62 / 77 -60 -60 -67 <END> 
<S> 57 64 69 72 / 71 -57 -64 -72 / 54 69 72 -64 / 62 74 -54 -69 / 67 58 64 67 / 57 60 65 -43 / 59 62 67 / 60 64 67 -48 / 60 -60 -67 / 55 59 67 74 / 53 -59 -67 -74 / 52 59 68 79 / 57 -52 -59 -74 / 52 59 67 76 / 65 -52 -52 -76 <END> 
<S> 55 59 62 74 / 53 -59 -62 -74 / 52 55 60 72 / 48 54 57 64 / 55 62 -57 / 52 55 59 67 / 60 69 -52 -67 / 54 69 -60 -69 / 55 59 67 / 52 60 67 76 / 54 69 -60 -76 / 55 67 71 74 / 52 67 73 / 50 57 69 74 / 55 62 71 52 <END> 
<S> 57 64 69 72 / 66 -57 -69 -72 / 55 62 67 71 / 54 62 69 74 / 52 59 67 / 57 66 72 -62 / 55 62 67 70 / 50 62 66 69 / 60 -50 -66 -69 / 55 59 62 67 / 52 60 67 71 / 50 65 69 -67 <END> 
<S> 55 62 67 71 / 53 -62 -67 -71 / 52 60 67 72 / 69 -52 -60 -72 / 70 -52 -60 -72 / 53 65 69 72 / 54 63 -69 -72 / 55 62 67 71 / 64 -55 -67 -71 / 50 62 66 69 / 62 -50 -66 -69 / 43 62 67 71 / 52 60 72 -67 <END> 
<S> 52 60 67 72 / 50 62 -67 -72 / 48 64 67 -72 / 50 62 66 -72 / 60 -50 -66 -69 / 55 62 67 71 / 50 -55 -62 -67 / 48 55 62 67 / 64 -48 -55 -64 / 50 62 66 69 / 60 -50 -66 -69 / 43 59 62 67 / 48 64 -59 -67 <END> 
<S> 48 55 64 69 / 71 -48 -55 -64 / 72 -48 -55 -64 / 50 55 62 71 / 48 -55 -62 -71 / 50 54 69 -62 / 38 54 62 69 / 60 -54 -54 -69 / 43 55 59 67 / 48 55 60 67 / 47 62 -55 -67 / 45 60 64 69 / 47 -60 -69 -69 / 48 60 64 67 / 58 -48 -64 -67 / 41 57 60 69 / 53 69 71 -53 <END> 
<S> 47 55 62 67 / 48 55 60 64 / 46 -55 -60 -64 / 45 57 60 65 / 43 -57 -60 -65 / 41 55 60 67 / 40 -55 -60 -67 / 43 55 60 72 / 53 -43 -60 -72 / 43 55 60 72 / 59 -43 -55 -43 / 36 55 60 64 / 53 -55 -60 -64 / 55 62 71 -55 / 53 -55 -62 -71 <END> 
<S> 47 55 62 67 / 48 60 -55 -67 / 50 55 62 69 / 54 -50 -62 -69 / 60 -50 -62 -69 / 43 59 62 67 / 55 59 62 67 / 53 -59 -62 -67 / 52 60 64 67 / 59 62 -64 -67 / 57 60 65 69 / 55 -60 64 -69 / 53 62 71 74 / 50 -62 -71 -74 / 57 64 72 76 / 55 -64 -72 -76 / 53 65 69 72 / 74 -53 -65 -69 / 55 64 67 76 / 65 74 -55 -55 / 64 -55 -59 -74 / 53 57 60 69 <END> 
<S> 57 64 72 / 55 64 67 -72 / 53 65 69 / 60 -53 -65 -69 / 60 64 67 / 65 69 -64 / 62 65 67 71 / 58 -62 -67 -71 / 57 60 66 72 / 55 64 -60 -72 / 53 60 69 -64 / 58 62 -53 -69 / 52 60 67 72 / 55 -52 -67 -72 / 54 57 69 74 / 55 62 71 -74 / 67 -55 -71 -74 / 65 -55 -71 -74 / 48 64 67 72 / 48 64 72 79 <END> 
<S> 53 60 69 74 / 59 76 -53 -69 / 52 60 67 76 / 52 -60 -67 -76 / 50 65 74 -60 / 59 -50 -65 -74 / 52 60 67 76 / 53 60 69 -76 / 55 67 71 74 / 50 65 69 -74 / 74 -50 -65 -69 -74 / 67 71 76 / 55 65 -71 -76 / 57 64 69 -76 / 62 77 -57 -69 / 60 67 72 76 / 58 -67 -72 -76 <END> 
<S> 58 64 67 73 / 57 64 69 72 / 55 65 71 74 / 53 64 69 73 / 52 -64 -69 -72 / 50 65 74 -68 / 64 -50 -65 -74 / 65 69 74 / 64 67 71 / 62 65 -67 / 60 64 67 72 / 59 62 -67 -72 / 57 60 69 72 / 55 71 -60 -69 / 54 60 69 74 / 56 59 71 -74 / 74 -56 -59 -74 <END> 
<S> 60 64 67 72 / 62 65 -72 / 60 64 67 -72 / 59 62 74 -67 / 57 60 72 77 / 59 62 67 -77 / 60 64 67 76 / 53 69 -64 -72 / 55 67 71 74 / 52 64 68 72 <END> 
<S> 57 64 72 / 55 59 74 -72 / 53 57 69 72 / 52 59 -69 -72 / 60 72 -52 -69 / 50 62 71 77 / 48 64 72 76 / 50 65 -72 -76 / 52 67 72 77 / 53 -67 -72 -77 / 55 67 72 74 / 53 -67 -72 -74 / 52 67 71 76 / 65 69 -52 -76 <END> 
<S> 52 67 72 / 50 65 69 74 / 71 -50 -65 -74 / 48 67 72 76 / 76 -48 -67 -76 / 53 69 74 / 47 62 67 74 / 48 60 67 76 / 50 59 65 -76 / 52 60 67 76 / 53 59 68 -76 / 57 60 69 -53 / 55 59 67 74 / 53 -59 -67 -74 <END> 
<S> 55 59 67 74 / 56 65 71 -74 / 57 60 64 72 / 59 62 74 -72 / 60 69 76 / 62 71 -60 -76 / 64 69 -60 -76 / 50 65 -69 -78 / 71 -50 -65 -77 / 64 67 72 76 / 53 -67 -72 -76 / 55 67 71 74 / 62 67 71 -74 / 64 67 -71 <END> 
<S> 57 60 64 72 / 65 69 -60 -72 / 59 67 74 79 / 77 -59 -67 -74 / 60 76 67 76 / 69 77 -60 -76 / 59 62 74 79 / 64 71 76 -79 / 65 69 72 77 / -65 -69 -72 -77 / 67 70 76 77 / 72 -67 -76 -79 / 53 69 72 81 / 55 67 71 74 <END> 
<S> 62 69 77 / 64 67 76 -46 / 65 -41 65 74 / 67 71 74 -58 / 57 69 73 76 / 50 67 72 76 / 52 -67 -72 -76 / 53 69 72 81 / 77 -53 -69 -72 / 55 67 72 76 / 43 -67 -72 -76 / 65 74 -55 -72 / 57 60 72 76 / 55 58 74 77 / 53 72 79 52 <END> 
<S> 50 69 74 77 / 71 -50 -74 -77 / 52 67 72 76 / 53 69 -72 -76 / 55 67 71 74 / 57 -65 -71 -74 / 59 62 67 71 / 55 -62 -67 -71 / 62 67 69 / 69 -62 -67 / 64 68 -62 -69 / 50 66 66 69 / 55 59 -66 -69 / 52 60 64 -69 / 54 57 69 72 <END> 
<S> 62 71 -67 / 69 -62 -66 / 50 62 66 69 / 60 -50 -66 -69 / 55 59 62 67 / 55 59 62 67 / 53 57 -62 -67 / 52 55 67 72 / 50 53 -67 -72 / 55 59 67 74 / 52 60 67 76 / 54 69 -60 -64 / 55 59 67 74 / 52 64 67 72 <END> 
<S> 52 60 67 72 / 50 62 -67 -72 / 48 64 67 -72 / 47 62 -67 -72 / 48 60 67 76 / 72 -48 -60 -67 / 55 59 67 74 / 55 59 67 74 <END> 
<S> 50 62 65 77 / 51 60 67 -77 / 53 59 67 74 / 55 59 67 -74 / 65 -55 -59 -74 / 48 60 64 72 / 55 58 64 72 <END> 
<S> 55 62 67 71 / 53 -62 -67 -71 / 52 60 67 72 / 48 -60 -67 -72 / 47 67 74 -67 / 65 -43 -67 -74 / 48 67 72 76 / 55 -67 -72 -76 / 57 67 71 -76 / 65 -57 -71 -74 / 64 67 72 / 57 -64 -67 -72 <END> 
<S> 52 60 67 72 / 58 -52 -67 -72 / 53 57 65 74 / 50 58 65 -74 / 67 -50 -58 -74 / 45 57 74 72 / 50 54 -57 -72 / 52 55 64 71 / 55 62 -52 -79 / 53 60 57 62 / 52 55 60 64 / 50 65 -55 -60 <END> 
<S> 52 55 67 72 / 54 57 69 -72 / 55 62 69 71 / 54 -55 -62 -71 / 52 55 64 69 / 50 54 62 -69 / 43 59 62 67 / 48 60 64 67 / 59 -48 -60 -64 / 50 57 66 -60 / 59 -50 -66 -66 / 60 -50 66 <END> 
<S> 43 59 62 67 / 48 60 64 67 / 50 -60 -64 -67 / 52 55 64 67 / 48 55 -64 -67 / 53 57 65 69 / 50 62 65 71 / 64 -50 -62 -71 / 65 69 -50 -57 / 55 59 67 74 / 53 59 62 67 <END> 
<S> 50 62 65 69 / 60 -50 -65 -69 / 55 59 62 67 / 53 60 69 46 / 52 -60 -60 -69 / 50 62 65 69 / 48 -62 -65 -69 / 47 62 65 67 / 64 -48 -67 -76 / 55 62 67 71 / 53 -62 -67 -71 / 52 60 72 -67 / 48 64 -60 -67 / 50 60 65 69 / 59 -50 -65 -69 <END> 
<S> 52 60 67 72 / 53 69 -60 -72 / 52 65 71 74 / 50 -65 -71 -74 / 48 67 72 76 / 60 -67 -72 -76 / 69 74 77 -60 / 59 67 -74 -77 / 60 67 76 -74 / 72 -60 -67 -76 / 55 67 71 74 / 53 -67 -71 -74 / 52 67 72 / 50 65 69 74 <END> 
<S> 60 67 76 / 65 74 -60 -67 / 55 59 67 74 / 60 67 76 / 62 69 77 / 64 79 -69 -72 / 50 65 71 79 / 77 -50 -65 -77 / 52 62 67 77 / 76 -62 -67 / 77 58 67 -62 / 60 67 76 -53 / 58 -60 -67 -76 <END> 
<S> 50 62 69 77 / 67 -50 -62 -77 / 45 61 69 79 / 67 -46 -61 -74 / 45 60 72 76 / 53 69 -72 -76 / 50 65 71 74 / 69 -50 -65 -74 / 55 62 71 -74 / 67 -55 -71 -74 / 65 -55 -71 -74 / 48 64 67 72 / 60 66 69 74 <END> 
<S> 50 69 74 / / 52 -69 -74 / 67 72 -51 -64 / 50 65 71 74 / 52 67 72 / 60 67 -52 -72 / 55 59 67 74 / 57 60 -67 -74 / 59 62 67 74 / 64 -59 -67 -74 / 57 60 67 76 / 65 -57 -60 -76 / 55 59 62 74 / 53 -59 -62 -74 <END> 
<S> 55 59 67 74 / 57 61 -67 / 65 -43 -57 -67 / 55 59 62 67 / 60 64 -55 -67 / 43 62 65 -60 / 59 -43 -62 -65 / 48 55 60 64 / 0 / 53 60 59 62 / 52 57 60 64 / 50 57 65 -60 / 52 59 62 67 / 50 -59 -62 -67 <END> 
<S> 48 57 60 64 / 55 59 -48 -64 / 54 57 62 -60 / 55 59 62 / 53 57 -55 -62 / 52 55 59 67 / 50 -55 -59 -67 / 48 60 65 67 / 47 62 -60 -67 / 45 60 65 -60 / 47 62 67 -65 / 48 64 67 69 / 50 62 -67 -69 / 60 -50 -67 -69 / 59 -50 -66 -69 / 55 59 62 67 <END> 
<S> 48 60 64 69 / 47 -60 -64 -69 / 45 59 64 71 / 45 -59 -64 -71 / 50 57 64 72 / 52 62 66 -72 / 60 64 67 -72 / 58 62 -67 -72 / 57 60 72 77 / 62 -57 -72 -77 / 52 67 72 76 / 53 -67 -72 -76 / 55 67 72 74 / 71 -55 -67 -74 / 65 -55 -71 -74 <END> 
<S> 60 64 67 76 / 62 65 -67 -76 / 64 67 72 / 60 64 -67 -72 / 62 69 -67 -76 / 68 -62 -69 -77 / 62 67 71 79 / 66 -62 -67 50 64 67 72 / 54 62 69 74 / 55 62 71 74 / 64 72 -55 -60 / 54 62 69 74 <END> 
<S> 62 67 69 / 64 -62 -69 / 50 62 65 71 / 52 55 67 72 / 60 -55 -67 -72 / 55 67 74 -72 / 71 -55 -67 -74 / 57 69 72 / 64 67 71 / 62 66 74 / 60 69 -66 -74 / 55 62 71 74 / 64 72 -55 -71 <END> 
<S> 62 67 71 / 60 66 69 -62 / 62 66 69 / 59 62 -66 -69 / 64 67 71 / 62 66 69 74 / 55 67 71 74 / 53 -67 -71 -74 / 52 67 72 76 / 50 65 74 77 / 52 67 76 79 / 53 69 77 <END> 
<S> 60 64 67 72 / 62 74 -67 -72 / 48 67 76 -72 / 60 69 72 77 / 74 -60 -69 -77 / 55 67 71 79 / 74 77 -67 -71 / 60 67 72 76 / 53 69 72 74 / 52 67 71 -74 / 50 65 71 72 <END> 
<S> 57 67 72 77 / 58 -67 -72 -77 / 57 67 72 76 / 55 71 -67 -76 / 53 65 69 74 / 71 -53 -65 -69 / 48 67 72 76 / 64 -48 -72 -76 / 53 69 72 74 / 50 65 -72 -74 / 55 62 71 74 / 67 -55 -71 -74 / 48 67 72 76 <END> 
<S> 53 69 72 74 / 71 -53 -65 -74 / 48 67 72 76 / 50 -67 -72 -76 / 52 67 72 76 / 53 -67 -72 -76 / 55 67 72 74 / 71 -55 -67 -74 / 65 -55 -71 -74 / 56 64 71 76 / 57 64 69 72 / 67 -57 -64 -72 <END> 
<S> 53 57 69 72 / 64 -53 -69 -72 / 54 62 69 74 / 60 -54 -69 -74 / 55 59 71 -74 / 56 64 -59 -71 / 57 64 72 / 55 62 67 -72 / 53 -62 -67 -72 / 52 60 67 72 / 65 -52 -60 -67 / 67 60 -55 -67 / 41 60 65 69 / 43 60 64 67 / <END> 
<S> 52 64 67 72 / 53 62 -67 -72 / 52 60 67 76 / 59 -52 -67 -76 / 54 57 69 74 / 72 -54 -57 -69 / 55 62 71 -69 / 67 -55 -62 -71 / 50 62 66 69 / 51 59 66 71 / 52 59 64 67 <END> 
<S> 50 62 67 69 / 66 -50 -62 -69 / 55 59 62 67 / 52 60 67 72 / 50 65 69 74 / 71 -50 -65 -74 / 48 67 72 76 / 60 74 77 -48 / 76 79 -48 -60 / 53 59 74 77 / 60 72 76 -53 / 55 67 71 74 / 56 64 71 -74 <END> 
<S> 60 67 72 / 58 -60 -67 -72 / 53 57 69 74 / 58 -53 -69 -74 / 48 60 67 76 / 55 59 67 76 / 57 60 -67 -76 / 59 62 67 74 / 55 59 -67 -74 / 60 67 76 / 57 69 72 -76 / 77 -57 -69 -72 <END> 
<S> 57 60 64 67 / 59 62 66 74 / 60 64 67 76 / 62 66 71 -76 / 56 64 71 71 / 74 -56 -64 -71 / 57 64 71 72 / 59 -64 -71 -72 / 60 64 69 72 / 59 -64 -69 -72 / 64 68 72 / 53 65 71 74 / 52 60 67 72 / 53 74 -60 -67 <END> 
<S> 57 64 71 72 / 59 -64 -72 / 60 64 72 / 62 77 -60 / 59 62 67 79 / 60 67 76 / 58 60 -67 -76 / 76 -53 -60 -67 / 54 57 69 74 / 72 -54 -60 -69 / 55 62 67 71 / 59 62 67 71 / 60 66 69 74 <END> 
