<S> 48 63 67 72 / 50 -63 -67 -72 / 51 63 67 72 / 53 -63 -67 -72 / 55 62 67 71 / 56 -62 -67 -71 / 55 59 62 67 / 53 -59 -62 -67 / 51 60 67 72 / 53 69 -60 -72 / 51 65 71 74 / 50 -65 -71 -74 / 48 67 72 75 / 55 -67 -72 -75 / 60 67 72 75 / 58 -67 -72 -75 <END> 
<S> 51 60 67 72 / 53 69 -60 -72 / 51 65 71 74 / 50 -65 -71 -74 / 48 67 72 75 / 55 -67 -72 -75 / 60 67 72 75 / 58 -67 -72 -75 / 56 68 72 75 / 55 -68 -72 -75 / 53 68 72 77 / 67 -53 -72 -77 / 58 65 74 77 / 56 -65 -74 -77 / 55 70 75 75 / 53 -70 -75 -75 <END> 
<S> 56 67 72 75 / 53 -67 -72 -75 / 55 62 71 74 / 65 -55 -71 -74 / 48 63 67 72 / 50 65 77 -72 / 71 -50 -65 -77 / 52 67 72 75 / 53 -67 -72 -75 / 55 67 74 -72 / 71 -55 -67 -74 / 56 72 -67 / 60 65 -56 -72 <END> 
<S> 68 72 74 / 50 59 -74 -74 / 48 67 72 75 / 50 -67 -72 -75 / 51 67 72 79 / 53 -67 -72 -79 / 55 67 70 75 / 56 -67 -70 -75 / 58 65 70 74 / 68 -58 -65 -74 / 52 67 72 -58 / 70 -52 -67 -72 / 53 65 69 -72 / 63 -53 -69 -72 <END> 
<S> 53 68 72 74 / 55 67 71 -74 / 65 -55 -71 -74 / 48 63 67 72 / 60 67 72 75 / 58 -67 -72 -75 / 56 60 72 75 / 55 70 -60 -75 / 53 60 68 74 / 55 59 67 -74 / 56 60 67 72 / 65 -56 -60 -72 <END> 
<S> 56 60 72 77 / 55 75 -60 -72 / 53 68 74 -72 / 50 65 -68 -74 / 55 63 70 -74 / 53 -55 -70 -74 / 55 67 72 75 / 70 -55 -67 -75 / 53 68 74 77 / 55 75 -68 74 / 56 65 71 74 <END> 
<S> 51 63 67 72 / 56 -51 -67 -72 / 52 60 67 72 / 65 -52 -60 -67 / 48 60 64 67 / 70 -48 -60 -63 / 50 58 65 70 / 53 68 -50 -65 / 51 55 70 -65 / 50 58 63 -70 / 69 -51 -58 -63 / 55 62 67 70 / 53 -62 -67 -70 <END> 
<S> 50 58 65 70 / 51 60 -65 -70 / 53 62 65 69 / 52 60 -65 -69 / 53 58 65 70 / 60 63 -53 -70 / 62 65 -53 -70 / 59 63 67 -53 / 51 60 63 67 / 56 60 63 72 / 62 65 -56 -72 <END> 
<S> 63 68 -58 -63 / 60 -44 -63 -68 / 59 62 65 67 / 60 67 75 / 58 -60 -67 -75 / 56 60 72 75 / 55 70 -60 -75 / 53 65 68 74 / 63 72 -53 -68 / 55 62 67 71 / 43 59 62 67 / 48 60 63 67 / 58 -48 -63 -70 <END> 
<S> 55 67 74 -63 / 53 68 -67 -74 / 71 -53 -67 -74 / 72 -50 -67 -75 / 55 62 67 74 / 53 69 74 / 51 63 67 72 / 54 57 62 -72 / 55 58 62 70 / 60 64 -55 -70 / 57 62 66 69 / 60 66 -57 -69 / 55 62 67 70 / 50 62 65 69 / 51 60 66 -69 / 53 59 62 67 <END> 
<S> 54 62 69 74 / 55 58 67 -74 / 60 69 -67 -74 / 62 66 69 / 69 72 -62 / 63 67 70 / 62 66 69 / 55 63 67 70 / 62 65 -55 -70 / 56 60 63 72 / 55 58 -63 -72 / 53 56 68 74 / 58 -53 -68 -74 <END> 
<S> 62 65 70 -56 / 55 63 -70 / 62 65 -55 -70 / 53 60 63 72 / 51 63 67 -72 / 50 62 65 70 / 60 63 67 -70 / 69 -60 -63 / 58 62 70 / 56 -62 -70 -74 / 67 72 -53 -62 / 53 62 68 -72 / 50 -62 -68 -72 <END> 
<S> 51 63 67 70 / 61 -51 -67 -70 / 53 60 68 -67 / 62 65 -53 -68 / 63 79 -58 -65 -70 / 56 65 72 / 55 71 -65 -72 / 53 68 72 74 / 55 67 71 74 / 65 -55 -71 -74 / 48 63 67 72 <END> 
<S> 53 68 72 74 / 55 62 71 -74 / 48 63 72 -55 / 56 62 65 71 / 55 59 67 74 / 60 67 75 / 53 60 68 77 / 62 -53 -60 -77 / 55 59 67 74 / 65 -55 -59 -74 <END> 
<S> 56 60 63 72 / 65 -56 -60 -72 / 55 62 67 70 / 53 -62 -67 -70 / 51 60 67 -67 / 48 -60 -67 -67 / 53 62 65 70 / 41 -62 -65 -70 / 53 62 65 70 / 51 63 67 70 <END> 
<S> 48 60 65 68 / 63 -48 -60 -68 / 55 59 62 67 / 51 55 63 70 / 50 65 -55 -70 / 48 55 63 70 / 60 -48 -63 -70 / 50 58 65 74 / 51 58 67 75 <END> 
<S> 63 68 -58 -63 / 62 65 -58 / 43 58 63 67 / 55 58 62 70 / 63 -55 -70 -74 / 56 65 70 72 / 74 -56 -65 -70 / 55 67 70 75 / 53 68 72 77 / 55 62 71 79 / 63 -55 -71 -79 / 56 65 72 77 / 70 -56 -65 -77 <END> 
<S> 51 63 67 72 / 60 -51 -67 -72 / 53 56 68 74 / 55 75 -68 / 74 -53 -68 / 56 67 72 / 65 74 -56 55 / 60 72 75 -53 / 58 74 -53 -68 / 54 63 72 -58 / 56 -54 -63 -72 / 43 55 62 71 / 53 72 -43 -62 / 51 55 60 72 / 56 59 65 -72 / 60 -56 -65 -72 <END> 
<S> 55 62 67 70 / 48 63 67 / 68 -48 -63 -67 / 50 63 66 70 / 51 58 67 -70 / 69 -51 -58 -67 / 67 -51 -58 -67 / 50 60 65 69 / 51 62 -60 -69 / 50 58 65 70 / 48 63 -58 -70 / 50 54 62 69 / 60 -50 -62 -69 / 43 58 62 67 / 55 58 62 70 / 63 -58 -55 -70 <END> 
<S> 50 53 65 70 / 51 63 67 -70 / 53 60 69 -67 / 50 62 -60 -69 / 48 60 64 67 / 46 -60 -64 -67 / 45 60 65 65 / 46 58 62 -65 / 56 -46 -62 -65 / 39 55 58 67 <END> 
<S> 50 56 65 -60 / 59 -50 -53 -65 / 48 55 60 63 / 45 53 60 65 / 46 53 62 -60 / 58 44 -53 -62 / 43 50 58 67 / 55 -43 -58 -67 / 45 48 60 65 / 46 67 -48 -60 / 41 51 56 -60 / -62 -41 -56 -60 / 43 55 59 62 / 53 -43 -59 -62 <END> 
<S> 47 50 62 67 / 48 51 60 -67 / 50 53 65 70 / 52 58 -65 -70 / 53 60 63 69 / 62 65 -53 -69 / 51 60 67 / 58 -51 -67 -72 / 44 60 65 68 / 62 -44 -60 -68 / 46 58 63 67 / 65 68 -58 -58 / 44 60 63 72 / 56 65 72 -44 / 63 -56 -72 <END> 
<S> 60 63 67 / 51 -60 -67 / 53 65 68 -60 / 62 -53 -65 -68 / 55 63 67 70 / 65 -55 -63 -67 / 53 63 70 / 55 58 -63 -70 / 53 56 63 68 / 51 -56 -63 -68 / 50 53 65 68 / 46 62 -53 -68 / 51 58 63 67 / 62 -51 -58 -67 / 51 60 67 <END> 
<S> 55 63 70 -63 / 53 62 -63 -70 / 51 55 63 70 / 53 -60 -63 -67 / 55 60 62 / 59 -56 -62 / 56 60 62 / -56 -56 55 55 / 55 63 70 -55 -63 / 50 -55 -58 -70 / 51 55 60 67 / 53 -51 -60 -67 / 55 60 63 67 / 59 62 -55 -67 / 57 60 -55 -67 / 59 62 -55 -67 / 55 58 62 / 53 -55 -59 -62 <END> 
<S> 51 55 63 72 / 53 68 74 -60 / 55 59 67 74 / 65 -55 -67 -74 / 48 63 67 72 / 53 57 65 74 / 51 58 67 75 / 74 77 -58 -67 / 63 67 72 -58 / 65 68 74 / / 67 70 75 / 63 72 -67 -75 / 65 68 77 -72 <END> 
<S> 58 65 74 / 68 -58 -65 -74 / 63 67 70 -58 / 65 77 -63 / 62 67 -65 -77 / 63 70 79 / 55 62 -70 -79 / 53 61 70 79 / 52 -61 -70 -79 / 53 60 68 77 / 55 -60 -68 -77 / 56 60 65 72 / 53 -60 -65 -72 / 51 67 -60 -72 / 53 68 74 -60 / 59 -53 -68 -74 / 51 63 67 72 / 56 65 72 77 <END> 
<S> 53 60 68 / 55 59 67 -53 / 56 60 -55 -67 / 53 56 60 65 / 55 63 -53 -60 / 50 53 62 -60 / 59 -53 50 / 53 48 60 -53 / 51 -53 -60 / 50 -53 -48 -72 / 46 -53 -60 -68 / 39 51 60 67 / 58 -51 -51 -67 / 50 53 57 65 / 51 58 -53 -65 / 50 53 62 70 / 51 60 69 -53 / 46 58 62 65 <END> 
<S> 50 53 65 70 / 46 -50 -65 -70 / 51 58 67 -65 / 63 -51 -58 -67 / 44 60 65 -63 / 46 58 62 -65 / 48 67 60 63 / 51 58 61 67 / 53 56 60 72 / 55 58 61 -72 / 56 60 65 / 55 58 -65 / 56 60 68 -65 / 55 58 64 67 <END> 
<S> 56 60 63 68 / 65 -56 -60 -63 / 55 58 61 67 / 53 -58 -67 / / 55 65 70 / 53 56 -65 -70 / 51 55 63 70 / 61 -55 -51 -70 / 53 56 60 68 / 63 -53 -56 -68 / 55 59 62 65 / 0 / 55 59 62 67 <END> 
<S> 58 63 65 / 60 -58 -63 -65 / 62 61 -58 -65 / 57 60 63 / / 55 61 70 / 53 56 68 72 / 51 70 -56 -68 / 50 58 65 68 / 67 -46 -50 -65 / 45 60 65 77 / 47 -60 -65 -77 / 48 60 67 75 / 53 60 68 74 / 55 59 67 74 / 56 60 -67 -74 <END> 
<S> 50 65 68 71 / 55 63 -50 -70 / 65 74 -55 -70 / 56 63 67 72 / 55 70 -63 -72 / 53 68 72 77 / 67 -53 -72 -77 / 56 71 74 75 / 55 -68 -72 -75 / 67 -55 -72 -75 / 53 68 74 77 / 60 75 -68 / 65 74 -53 -68 / 51 63 67 75 / 72 -51 -67 -75 / 53 65 74 -72 / 55 67 71 -74 / 65 -55 -70 -74 <END> 
<S> 56 60 72 77 / 55 -60 -72 -77 / 53 65 70 72 / 74 -53 -65 -68 / 51 63 67 75 / 67 -51 -63 -75 / 53 68 74 77 / 51 -68 -74 -77 / 67 70 -51 -58 / 50 65 -70 / 51 63 70 79 / 62 -51 -70 -79 / 53 60 68 77 / 55 -60 -68 -77 <END> 
<S> 51 67 70 75 / 63 -51 -67 -75 / 53 65 68 72 / 63 -53 -68 -72 / 55 62 67 71 / 55 59 62 67 / 60 63 67 / 58 -60 -63 -67 / 56 60 65 / 55 -60 -65 / 53 56 60 68 / 58 62 -53 -68 / 51 60 67 / 58 -51 -60 -67 / 53 60 65 68 / 51 -60 -65 -68 <END> 
<S> 56 60 63 65 / 55 -60 -65 -68 / 53 60 65 69 / 63 -53 -60 -69 / 46 62 65 70 / 58 62 67 74 / 57 61 65 72 / 55 58 64 67 / 53 57 62 -67 / 58 -53 -62 -67 / 51 60 65 69 / 50 -60 -65 -69 / 51 60 67 / 48 -60 -67 <END> 
<S> 54 60 69 74 / 55 58 70 -74 / 57 72 -55 -74 / 55 70 74 -55 / 53 -55 -70 -74 / 51 55 67 72 / 56 -51 -67 -72 / 67 -51 -55 -72 / 54 57 69 72 / 55 62 67 70 / 46 58 62 67 <END> 
<S> 55 62 67 72 / 60 -55 -67 -72 / 43 62 67 71 / 48 63 67 72 / 60 63 67 72 / 58 65 74 / 56 65 -74 / 55 67 70 75 / 53 68 -67 -75 / 55 62 67 74 / 56 60 65 -74 / 55 58 67 75 / 53 60 68 77 <END> 
<S> 56 63 68 72 / 55 67 -63 -72 / 53 60 65 68 / / 67 -53 -68 / / 55 65 72 / / 63 -55 -72 / 46 62 65 70 / 58 63 67 75 / 69 -58 -63 -75 / 55 62 70 75 / 63 -55 -70 -75 / 56 65 68 72 / 58 64 67 70 <END> 
<S> 51 63 67 70 / 65 -51 -67 -70 / 67 72 -51 -67 / 53 -51 -67 -72 / 43 65 71 74 / 48 63 67 72 / 60 66 67 74 / 59 62 67 79 / 57 60 -67 53 <END> 
<S> 46 62 65 74 / 67 -46 -62 -74 / 44 60 67 72 / 65 74 -60 -72 / 60 67 72 75 / 70 -60 -67 -75 / 54 69 72 74 / 55 71 -69 -74 / 62 66 72 -55 / 60 63 67 -72 / 59 62 67 74 / 57 60 -67 -74 <END> 
<S> 57 72 -67 / 63 66 69 -72 / 59 62 67 71 / 60 67 72 75 / 62 67 72 -75 / 63 68 72 -75 / 65 -68 -72 -75 / 67 70 75 / 65 68 -71 / 51 67 72 / 48 -67 -72 / 65 68 -48 -72 <END> 
<S> 63 67 70 79 / 65 68 -63 -79 / 63 67 70 75 / 60 63 67 75 / 56 60 63 72 / 62 65 -56 -72 / 55 63 67 70 / 53 68 -63 -70 / 51 63 70 -68 / 50 -63 -68 -70 <END> 
<S> 53 63 70 -67 / 51 60 -63 -70 / 53 65 68 -70 / 63 -53 -68 -70 / 62 -53 -68 -70 / 60 63 69 57 / 62 71 -60 / 55 58 62 72 / 60 69 -55 -72 / 55 67 71 74 / 65 -55 -71 -74 <END> 
<S> 55 60 63 75 / 53 -60 -63 -67 / 55 59 67 / 53 -59 -67 -74 / 51 60 67 75 / 53 -60 -67 -75 / 55 59 67 74 / 72 -55 -59 -67 / 48 55 60 63 / 56 -48 -60 -63 / 50 55 58 65 / 53 56 62 -50 / 51 55 67 / 53 -51 -67 -67 <END> 
<S> 48 55 60 65 / 60 -48 -60 -65 / 41 56 60 65 / 63 -41 -56 -60 / 43 62 -55 -60 / 59 -43 -55 -62 / 53 -43 -59 -62 / 44 51 60 / 51 58 -44 -60 / 43 53 58 62 / 55 -43 -58 -62 / 44 53 60 -58 / 56 -53 59 / <END> 
<S> 44 51 56 60 / 53 -44 -60 -63 / 43 55 60 63 / 53 62 -60 -68 / 59 -43 -62 -65 / 57 60 -53 -65 / 51 55 60 67 / 50 53 59 65 / 48 51 55 63 / 44 -48 -63 -63 / 41 56 62 -63 / 60 -44 -56 -60 / 65 -41 -56 -60 <END> 
<S> 48 51 55 63 / 46 53 -55 -63 / 55 58 62 -48 / 53 56 -58 -70 / 51 55 67 70 / 50 56 62 -67 / 55 60 63 / 53 59 62 65 / 55 58 63 / 43 56 60 65 / 59 -43 -56 -63 / 55 59 62 / 53 -55 -62 / 60 51 55 -60 / 53 59 62 -55 / 50 55 60 63 / 50 65 -55 -60 / 51 55 67 -60 / 53 59 -55 -67 <END> 
<S> 55 58 62 70 / 63 -55 -58 -70 / 53 57 65 -63 / 55 58 62 -65 / 56 -58 -62 -65 / 55 58 63 70 / 53 60 -63 -70 / 46 62 65 -70 / 51 63 69 / 53 62 70 -69 / 51 63 67 72 / 53 69 -63 -72 / 55 62 71 -69 / 67 71 -62 -71 / 50 62 66 69 / 67 -50 -62 -69 / 60 -50 -66 -69 <END> 
<S> 51 63 67 72 / 50 -63 -67 -72 / 48 62 67 74 / 47 -62 -67 -74 / 44 60 67 72 / 65 74 -60 -72 / 60 67 72 75 / 58 -67 -72 -75 / 56 60 72 77 / 55 75 -60 -72 / 53 68 74 -72 / 55 67 71 -74 / 65 -55 -71 -74 / 48 64 67 72 / 60 63 67 72 / 58 65 74 / 56 60 65 72 / 55 67 -60 -72 <END> 
<S> 56 68 72 75 / 55 -68 -72 -75 / 53 68 72 77 / 55 67 71 -77 / 65 -55 -71 -77 / 56 62 -65 / 64 -56 -65 / 55 63 67 71 / 62 65 67 -71 / 60 63 67 75 / 58 62 -67 -75 / 56 60 72 77 / 55 70 75 -60 / 53 65 68 74 / 47 62 67 74 / 68 -47 -62 -74 <END> 
<S> 60 63 68 75 / 62 65 70 75 / 63 -58 -70 -77 / 62 70 77 -58 / 60 63 67 -77 / 62 69 77 -58 / 57 -62 -69 -77 / 58 70 75 77 / 63 70 79 <END> 
<S> 58 62 65 77 / 63 -58 -77 -77 / 57 65 73 77 / 69 -57 -74 -77 / 58 70 74 77 / 55 -70 -74 -77 / 72 70 75 / 53 68 74 -75 / 51 70 75 79 / 51 70 75 79 / 50 65 77 80 / 71 -50 -65 -77 <END> 
<S> 55 70 75 -65 / 53 60 68 77 / 62 -53 -68 -77 / 51 63 67 79 / 65 -51 -67 -79 / 67 67 72 75 / 62 -67 -72 -75 / 55 67 71 74 / 63 72 -55 -74 / 65 -55 -72 -75 / 53 67 70 74 / 51 63 -70 -74 / 53 68 72 77 / 74 -53 -68 -77 <END> 
<S> 60 67 72 75 / 53 68 -72 -75 / 55 62 71 74 / 67 -55 -71 -74 / 48 63 67 72 / 60 67 75 / 53 -60 -67 -75 / 55 59 74 77 / 55 72 -55 -77 / 56 72 75 / 58 74 -72 / 53 68 72 75 / 51 -67 -72 -75 / 50 65 72 77 / 71 -50 -65 -77 / 48 67 72 75 <END> 
<S> 59 74 -65 -70 / 63 -59 -74 -74 / 56 72 -67 -75 / 55 67 71 74 / 53 -67 -71 -74 / 51 67 72 79 / 50 -67 -72 -79 / 48 67 72 75 / 53 -67 -72 -75 / 55 67 71 74 / 53 56 -67 -74 / 51 55 75 -67 / 53 57 -67 -70 / 55 59 67 74 / 55 59 67 74 <END> 
<S> 55 67 70 75 / 56 -67 -70 -75 / 55 65 70 74 / 53 75 -70 / 51 67 70 77 / 50 65 70 -77 / 51 67 70 75 / 55 65 -70 -75 / 51 67 70 75 / 51 63 70 79 / 72 -51 -63 -79 <END> 
<S> 51 63 67 70 / 53 68 -63 -70 / 55 63 70 75 / 72 -63 -63 -70 / 58 63 70 77 / 62 -58 -70 -77 / 58 63 70 79 / 62 -58 -70 -79 / 51 63 70 79 / 62 65 -70 -79 <END> 
<S> 51 63 70 79 / 53 -63 -70 -79 / 55 63 70 79 / 62 77 -70 60 / 56 60 75 77 / 58 62 70 -77 / 68 -58 -62 -77 / 51 67 70 75 / 58 63 70 79 / 63 -58 -70 -79 <END> 
<S> 46 58 65 74 / 46 62 67 77 / 58 65 -62 56 / 56 60 63 72 / 55 58 -63 -72 / 53 56 68 74 / 53 58 65 -68 / 64 -53 -58 -70 / 46 65 65 -70 / 63 -46 -65 -70 / 48 60 -65 -70 / 46 -48 -60 -67 <END> 
<S> 53 60 65 68 / 55 63 70 -60 / 56 60 65 68 / 53 -60 -65 -68 / 51 67 -60 -68 / 55 60 65 68 / 62 -60 -65 -68 / 60 62 -65 -69 / 58 62 65 70 / 57 60 -65 -70 / 55 58 70 75 / 53 73 -58 -70 <END> 
<S> 56 60 65 68 / 58 -60 -65 -68 / 60 67 76 / 53 -60 -67 -79 / 55 -60 -67 -79 / 53 68 77 -60 / 47 62 67 79 / 48 67 77 75 / 76 -48 -67 -75 / 50 65 74 77 / 71 -50 -65 -77 / 51 67 72 75 / 53 -67 -72 -75 <END> 
<S> 45 60 72 77 / 53 62 -72 -77 / 48 63 72 79 / 50 65 77 -72 / 71 -50 -65 -77 / 51 67 72 75 / 53 -67 -72 -75 / 55 67 71 74 / 51 67 70 79 / 50 -67 -70 -79 / 48 63 72 79 / 69 -63 -63 -79 <END> 
<S> 48 63 72 79 / 50 65 -72 -79 / 71 -50 -65 -79 / 51 67 72 75 / 53 69 74 -72 / 55 67 71 -74 / 56 72 -67 / 60 65 -56 -72 / 55 59 67 74 / 60 63 67 / 58 -60 -63 -67 <END> 
<S> 56 68 72 75 / 55 -56 -72 -75 / 53 68 72 77 / 65 -53 -68 -77 / 51 67 70 79 / 63 -51 -70 -79 / 56 62 68 77 / 67 -56 -62 -77 / 55 62 67 79 / 60 -55 -67 -79 / 53 59 62 74 / 58 77 -59 -74 <END> 
<S> 56 60 65 77 / 55 59 67 -77 / 53 60 68 75 / 51 -60 -68 -75 / 53 60 68 74 / 55 59 67 -74 / 56 60 65 -74 / 72 -56 -60 -65 / 55 62 67 70 / 55 62 67 70 / 53 -62 -67 -70 / 51 60 67 72 / 48 -60 -67 -72 <END> 
<S> 56 60 63 72 / 55 -60 -63 -72 / 53 65 68 74 / 63 72 75 -53 / -68 -68 -75 / 67 74 77 / 55 -67 -74 -77 / 72 -56 -74 -77 / 55 71 74 79 / 56 72 77 / 65 74 -56 -77 / 55 70 75 79 / 53 68 77 -75 / 74 -53 -68 -77 <END> 
<S> 56 72 77 -75 / 55 74 -72 -77 / 57 72 75 -77 / 58 65 -72 -75 / 56 65 72 75 / 55 67 71 75 53 56 65 68 72 / 55 67 -65 -72 / 53 65 68 74 / 67 -53 -68 -74 / 55 65 -68 -74 / 67 72 -55 -60 / 59 67 74 / 65 72 -59 -74 / 63 67 -55 -74 / 65 -55 -60 -74 / 53 59 67 74 / 65 -59 -67 -74 <END> 
