<S> 55 67 / 55 67 / 60 72 / 57 69 / 55 67 / 51 63 / 52 64 <END> 
<S> 52 64 / 52 64 / 52 64 / 50 62 / 55 62 / 50 62 / 49 61 / 48 60 / 43 55 / 43 55 <END> 
<S> 84 / 57 60 63 -72 / 69 -57 -60 -63 / 0 69 / 0 69 / 0 69 / 0 69 72 76 81 / 0 69 72 81 / 0 55 60 64 67 72 / 0 / 0 <END> 
<S> 66 69 / 66 72 75 86 / 61 66 -69 -72 -81 / 66 69 72 76 81 / 65 67 71 74 86 / 86 -69 -72 / 63 68 72 84 / 71 80 -63 -68 / 0 68 80 / 0 84 -62 / 0 68 84 / 0 68 80 <END> 
<S> 66 66 78 / 63 75 -63 -69 / 66 72 76 -63 -63 / 0 66 72 75 78 84 / 0 / 0 67 79 / 0 67 72 76 84 / 0 67 72 76 84 / 60 66 72 75 78 / 69 72 78 81 <END> 
<S> 66 69 72 78 86 / 60 63 66 -69 -72 -81 / 66 72 -57 -60 -63 -66 -72 -75 / 0 43 55 67 72 76 / 0 60 64 70 72 74 -48 -64 / 48 60 -64 -67 -72 -76 / 0 62 69 <END> 
<S> 60 64 72 -64 / 66 72 -60 -64 / 0 50 62 65 68 74 / 0 68 74 80 -50 -62 / 0 48 60 69 76 / 68 74 -48 -60 -48 / 47 59 -68 -71 / 75 -47 -59 -68 / 44 56 68 72 75 / 43 55 65 71 74 / 44 56 68 74 76 <END> 
<S> 44 68 71 77 / 72 -44 -68 / 56 59 62 68 80 / 68 71 -56 -62 -62 / 34 46 -68 -71 -77 / 68 80 -34 -46 / 0 39 51 67 72 / 70 -39 -51 -67 -72 / 38 50 68 71 76 / 74 78 -38 -50 -68 / 39 51 -68 -74 -80 / 75 -39 -51 / 51 56 60 72 / 70 82 -51 -56 -60 <END> 
<S> 39 51 -67 -71 -75 / 72 -39 -51 -68 / 51 56 60 63 68 80 / 68 -51 -56 -60 -68 / 44 56 68 75 / 70 73 -44 -56 / 51 56 60 68 72 / 70 73 -51 -56 -60 / 44 56 68 72 / 72 75 -44 -56 / 51 56 60 70 75 / 72 75 -51 -56 -60 / 39 51 -72 -75 / 75 -39 -51 / 51 56 60 70 / 72 -51 -56 -60 <END> 
<S> 44 56 68 72 / 71 -44 -56 / 51 56 60 72 / 68 75 -51 -56 -60 / 44 56 -72 -75 / 72 75 -44 -56 / 51 56 60 68 75 / 70 73 -51 -56 -60 / 44 56 68 72 / 71 -44 -56 / 51 56 60 68 72 / 68 72 -51 -56 -60 / 46 -68 -72 / 70 -46 / 44 56 68 / 39 51 68 <END> 
<S> 44 56 68 72 / 51 56 60 -68 -72 / 68 71 -51 -56 -60 / 44 56 72 / 71 -44 -56 / 51 56 60 68 / 71 -51 -56 -60 / 44 56 72 / 71 -44 -56 / 51 56 60 72 / 65 77 -51 -56 -60 / 44 56 -65 -77 / 72 -44 -56 / 45 57 65 77 <END> 
<S> 44 56 68 72 / 72 -44 -56 / 51 56 60 75 / 65 77 -51 -56 -60 / 44 56 -65 -77 / 72 -44 -56 / 45 57 77 / 70 -45 -57 / 46 58 67 / 70 -46 -58 / 51 55 61 72 / 75 -51 -55 -61 / 39 51 79 / 82 -39 -51 / 51 55 61 -82 / 72 -51 -55 -61 <END> 
<S> 39 51 70 / 72 -39 -51 / 41 53 68 / 67 -41 -53 / 43 55 65 69 / 68 72 -43 -55 / 42 54 -63 -71 / 63 67 -42 -54 / 43 54 60 66 69 / 66 75 -42 -54 -60 / 38 50 -66 -72 -78 / 66 -38 -50 -66 -66 / 39 51 62 66 69 / 50 54 60 62 69 72 <END> 
<S> 41 53 60 65 69 / 67 -41 -53 -60 -62 / 53 57 63 69 / 69 72 77 -53 -57 -63 / 41 -69 -72 -75 / 75 -41 -69 / 53 57 60 63 72 -69 / 69 75 -53 -57 -60 -63 / 41 -69 -75 / 77 -41 -69 / 53 57 63 75 -69 / 77 -53 -57 -63 <END> 
<S> 48 67 79 / 53 65 69 / 48 -65 -69 / 60 -65 -69 / 48 -60 -65 / 44 56 62 72 / 43 55 60 64 70 / 0 67 / 0 69 / 0 71 / 0 72 / 0 74 <END> 
<S> 55 60 64 / 67 -55 -60 -64 / 55 67 / 60 64 / 0 / 43 55 65 67 71 / 48 60 64 67 72 / 0 / 0 <END> 
<S> 57 60 65 / 67 -57 -60 -62 / 55 67 / 69 -55 / 58 60 64 / 66 -58 -60 / 48 67 / 52 55 60 64 72 / 43 -55 -60 -64 <END> 
<S> 52 67 / 55 60 64 72 / 67 -55 -60 -64 / 43 -67 -72 / 79 -43 / 55 60 64 67 / 67 -55 -60 -64 / 48 67 / 72 -48 / 52 55 60 -72 / 71 -52 -55 -60 <END> 
<S> 48 60 67 / 67 -48 -60 / 52 55 60 -64 / 64 -52 -55 -60 / 64 76 -55 -64 / 79 -55 -64 -64 / 0 55 76 / 0 52 64 / 0 48 60 -64 / 0 62 65 77 -48 / 0 48 55 64 67 72 / 0 67 -48 -52 -55 <END> 
<S> 48 64 67 / 72 -48 -60 -64 / 55 60 64 67 -48 / 69 -52 -55 -60 -64 / 0 52 55 60 64 / 60 64 69 -52 -55 -60 / 48 56 60 65 / 65 -48 -56 -60 -65 / 48 60 64 72 / 57 -48 -60 -64 -69 / 0 <END> 
<S> 41 53 65 / 69 -41 -53 / 48 60 -65 -69 / 65 -48 -60 / 48 53 57 65 / 67 -48 -53 / 57 60 65 -53 -57 / 48 -57 -60 / 48 53 57 63 / 63 65 -48 -53 -57 / 0 49 61 70 / 61 67 70 -49 <END> 
<S> 41 53 69 / 68 -41 -53 / 48 53 57 69 / 65 77 -48 -53 / 48 53 57 69 72 / 65 69 -48 -48 -57 / 36 48 -65 -69 / 69 -36 -48 -65 / 60 65 -48 -60 / 36 48 -57 -60 -65 -69 / 38 50 -57 -60 -65 -69 <END> 
<S> 48 60 65 77 / 72 -48 -60 / 53 57 63 69 72 / 46 70 74 77 / 53 58 62 -70 -74 / 72 -53 -58 -62 -70 / 43 55 70 / 72 -43 -55 -70 / 41 53 74 -70 / 75 -41 -53 -70 <END> 
<S> 46 58 74 / 73 -46 -58 / 53 58 62 74 / 70 -53 -58 -62 / 43 55 67 / 72 -43 -55 / 42 54 60 72 / 38 50 62 74 / 39 51 63 75 / 62 65 70 / 53 65 / 61 70 / 61 73 <END> 
<S> 39 51 67 78 / 39 51 67 / 66 -39 -51 / 38 50 -66 / 70 -38 -50 / 39 51 61 69 72 / 44 56 60 68 72 / 39 51 -68 -72 / 44 56 72 75 78 / 45 57 72 76 84 / 0 <END> 
<S> 44 56 68 72 / 51 56 60 68 72 / 39 -68 -72 / 51 56 60 72 75 / 44 71 77 / 72 75 -44 / 51 56 60 -72 -75 / 71 77 -51 -56 -60 / 39 72 75 / 71 77 -39 / 51 56 60 72 75 <END> 
<S> 44 56 68 72 / 72 75 -44 -56 / 51 56 60 -72 -75 / 72 75 -51 -56 -60 / 39 51 70 75 / 51 55 60 72 -67 / 71 -51 -55 -60 / 39 51 72 / 61 61 67 -39 / 39 51 -61 -67 / 67 -39 -51 / 51 63 / 69 -51 -63 / 50 62 70 / 71 -50 -62 / 55 59 65 77 / 79 -55 -59 -65 <END> 
<S> 39 51 79 / 79 -39 -51 / 55 58 63 75 / 75 -55 -58 -63 / 43 55 70 / 67 -43 -55 / 39 51 -67 / 66 75 -39 -51 / 41 53 -66 -75 / 70 -41 -53 / 42 54 72 / 73 -42 -54 -70 / 73 -42 -54 -70 / 0 53 57 61 / 0 46 -53 -58 <END> 
<S> 39 51 70 / 72 -39 -51 / 41 53 68 / 74 -41 -53 / 39 51 72 / 71 -39 -51 / 41 53 -72 / 70 -41 -53 / 43 55 72 / 74 77 -43 -55 / 45 57 75 78 / 72 84 -45 -57 / 46 58 74 77 / 75 81 -46 -58 / 53 58 62 77 79 / 70 74 79 -53 -58 -62 / 41 -70 -74 -79 / 70 -41 -70 / 53 58 62 74 -70 / 79 -53 -58 -62 -70 <END> 
<S> 41 53 70 74 82 / 77 -41 -53 / 53 58 62 74 79 / 70 74 79 -53 -58 -62 / 46 58 -70 -74 -79 / 78 -46 -58 -70 / 44 56 74 77 / 56 62 65 68 74 / 77 -56 -62 -65 -68 / 39 51 -77 -89 / 79 -39 -51 / 58 63 67 75 / 75 78 -58 -63 -67 / 43 55 70 75 79 / 42 54 72 75 78 84 <END> 
<S> 44 56 71 83 / 72 84 -44 -56 / 51 56 60 -72 -84 / 71 77 -51 -56 -60 / 39 51 72 / 71 80 -39 -51 / 41 53 68 80 / 73 85 -41 -53 / 53 56 61 77 80 / 72 -53 -56 -61 / 32 44 77 / 80 -32 -44 -72 / 56 60 65 68 80 / 70 -56 -60 -65 / 37 49 -65 -68 / 77 -37 -49 / 53 56 61 68 75 / 68 80 -53 -56 -61 <END> 
<S> 44 56 68 72 / 72 -44 -56 -68 / 53 56 60 68 -68 / 65 68 -53 -56 -60 / 41 53 -65 -69 / 67 -41 -53 / 53 57 62 65 / 68 -53 -57 -62 / 46 58 67 / 79 -46 -58 / 47 59 77 / 79 -47 -59 / 47 59 83 / 74 80 -47 -59 / 46 58 67 -77 / 76 79 -46 -58 <END> 
<S> 0 53 -65 / 70 -41 -53 / 56 58 62 72 / 74 -56 -58 -62 / 39 51 72 / 71 -39 -51 / 54 57 60 63 72 / 72 -54 -54 -60 -63 / 39 51 -72 -75 / 70 -39 -51 / 41 53 68 75 / 43 55 70 73 / 73 -43 -55 -70 / 44 56 72 77 / 80 -44 -56 -68 <END> 
<S> 39 51 70 / 78 -39 -51 / 58 63 67 79 / 70 -58 -63 -67 / 43 55 -67 / 70 -43 -55 / 44 56 72 / 71 -44 -56 / 51 72 / 72 -51 / 52 55 60 -72 / 68 -52 -55 -60 / 39 51 72 / 51 56 60 72 / 71 -51 -56 -60 <END> 
<S> 44 56 -68 / 72 -44 -56 / 51 56 60 68 / 72 -51 -56 -60 / 39 51 75 / 65 77 -39 -51 / 51 56 60 -65 -77 / 72 -51 -56 -60 / 44 56 68 80 / 72 -44 -56 / 51 56 60 75 / 65 77 -51 -56 -60 / 44 56 -65 -77 / 72 -44 -56 / 45 57 65 77 <END> 
<S> 44 56 -72 / 72 75 -44 -56 / 51 56 60 -72 -75 / 72 75 -51 -56 -60 / 39 51 -72 -75 / 70 -39 -51 / 51 56 60 70 / 71 -51 -56 -60 / 44 56 68 72 / 65 68 71 / 51 56 60 68 72 / 39 51 -68 -72 / 68 72 -51 -56 -60 / 44 56 -72 -75 / 71 75 -44 -56 / 42 54 72 75 <END> 
<S> 44 56 -72 -75 / 71 75 -44 -56 / 51 56 60 72 75 / 70 73 -51 -56 -60 / 44 56 68 72 / 72 75 -44 -56 / 51 56 60 -72 -75 / 72 75 -51 -56 -60 / 39 51 70 75 / 51 55 60 72 -67 / 71 -51 -55 -60 / 39 51 72 / 61 61 67 -39 -51 / 39 51 -61 -67 / 63 67 -39 -51 / 0 44 56 / 0 68 <END> 
<S> 39 51 69 / 72 75 -51 / 51 56 60 68 70 / 68 72 -51 -56 -60 / 42 54 70 / 72 -42 -54 / 58 61 66 70 / 66 75 -58 -60 -66 / 46 58 70 73 / 51 63 72 / 70 73 82 -51 -56 / 39 51 -70 -70 -82 / 72 78 -39 -51 / 40 52 70 73 79 / 42 54 69 73 78 81 <END> 
<S> 39 51 67 73 / 68 72 -39 -51 / 51 55 60 70 72 / 65 75 -51 -55 -58 / 39 51 67 75 / 68 80 -39 -51 / 51 55 61 70 72 / 70 73 -51 -55 -61 / 39 51 -70 -73 / 72 -39 -51 / 40 52 67 79 / 39 51 72 / 70 -51 -51 <END> 
<S> 39 51 70 / 72 -39 -51 / 51 55 60 70 / 67 -51 -55 -61 / 39 51 69 / 66 75 -39 -51 / 39 51 -69 -75 / 67 75 -39 -51 / 39 51 67 70 / 39 51 67 70 / 61 67 70 -39 -51 / 39 51 61 67 70 / 61 67 70 -39 -51 <END> 
<S> 39 51 67 70 75 / 55 58 63 -67 -70 / 72 -55 -58 -63 / 40 52 70 / 72 -40 -52 / 70 -40 -52 / 41 53 68 / 68 72 -41 -53 / 56 61 65 -68 -72 / 65 68 71 -56 -59 / 51 -65 -68 -71 / 67 70 -51 / 39 51 -67 / 68 -39 -51 <END> 
<S> 44 67 71 77 / 72 -44 -68 / 56 -44 -68 -72 / 68 71 75 -44 -56 / 42 54 -68 -71 -75 / 72 -42 -54 -68 / 43 54 71 74 / 42 54 69 72 / 43 55 71 / 71 -43 -55 -67 / 47 59 -62 -67 / 71 -47 -59 -62 -67 / 0 52 64 67 72 / 0 62 71 74 -36 <END> 
<S> 43 71 / 72 76 -43 / 50 55 59 -71 -74 / 62 67 71 -50 -55 -59 / 38 50 -67 -71 -71 / 50 62 -67 -71 / 36 48 -67 -74 / 38 50 -67 -71 / 45 57 60 -66 -74 / 38 50 -66 -66 / 43 54 60 72 / 42 54 57 62 69 / 38 50 54 60 69 72 <END> 
<S> 50 62 65 / 67 -50 -62 / 52 55 59 62 68 / 0 65 69 -47 / 0 47 59 -65 -71 / 0 60 64 69 / 0 45 57 / 48 60 64 76 / 62 74 -48 -64 / 64 76 -48 -64 / 0 52 64 -64 -76 / 0 71 -52 -64 <END> 
<S> 48 60 67 / 72 -48 -60 / 57 60 65 -72 / 69 -57 -60 -65 / 0 43 / 55 67 -43 / 0 55 59 / 0 65 -55 / 0 48 60 / 76 -48 -60 / 52 55 60 76 / 72 -52 -55 -60 / 43 55 -72 / 67 -43 -55 / 52 52 64 72 / 62 -52 -64 <END> 
<S> 0 52 / 66 -52 / 54 57 60 69 / -52 -54 -57 -60 / 66 -54 -57 -60 -66 / 69 -54 -57 -60 -66 / 52 55 64 73 / -52 -55 -64 -67 / 52 64 -52 -64 / 68 -52 -52 -64 / 52 57 61 69 -64 / 76 -52 -57 -61 -64 / 62 71 -52 / 50 55 59 67 / 62 65 -50 -55 <END> 
<S> 52 55 60 67 / 67 -52 -55 -60 / 50 62 71 / 79 -50 -62 / 55 59 65 77 / 79 -55 -59 -65 / 43 55 -79 / 71 -43 -55 / 55 59 65 71 / 79 -55 -59 -65 / 55 59 65 81 / 71 -55 -59 -65 / 43 55 74 / 71 -43 -55 <END> 
<S> 43 55 74 / 79 -43 -55 / 55 59 65 77 / 79 -55 -59 -65 / 50 62 -79 / 81 -50 -62 / 55 59 65 81 / 71 -55 -59 -65 / 43 55 74 / 81 -43 -55 / 55 59 65 79 / 81 -55 -59 -65 <END> 
<S> 43 55 74 / 79 -43 -55 / 55 59 62 79 / 81 -55 -59 -62 / 55 59 62 79 / 81 -55 -59 -62 / 55 59 65 86 / 81 -55 -59 -65 / 43 55 81 / 79 -43 -55 / 55 59 65 77 / 86 -55 -59 -65 <END> 
<S> 43 55 -76 88 / 88 -43 -55 / 55 59 65 83 / 86 -55 -59 -65 / 43 55 83 / 86 -43 -55 / 55 59 65 83 / 83 -55 -59 -65 / 0 50 / 76 -50 / 55 59 65 74 86 / 79 -55 -59 -65 / 43 55 -79 / 77 -43 -55 / 55 59 65 79 / 77 -55 -59 -65 <END> 
<S> 43 55 67 / 71 74 79 -43 -55 / 55 59 62 -71 -79 / 72 76 79 -55 -59 -65 / 43 55 -79 -79 / 71 77 -43 -55 / 55 59 65 -71 -77 / 79 -55 -59 -65 -71 / 43 55 71 81 / 71 77 -43 -55 / 55 59 65 -71 -79 / 72 76 79 -55 -59 -65 / 47 74 77 81 / 55 59 65 71 77 81 / 72 77 84 -55 -59 -65 <END> 
<S> 43 55 71 77 / 71 77 -43 -55 / 59 62 67 -71 -79 / 71 76 79 -59 -62 -67 / 47 59 -71 -79 / 83 -47 -59 -71 / 55 59 65 68 74 / 79 -55 -59 -65 -67 / 49 61 64 69 / 50 62 66 71 77 / 55 59 65 68 71 77 / 77 81 -55 -59 -65 / 43 55 -77 -81 / 71 77 83 -43 -55 / 55 59 65 -71 -77 -83 / 72 76 79 -55 -59 -65 <END> 
<S> 43 55 67 70 72 / 58 62 67 71 74 -43 / 55 58 62 -67 -74 -74 / 67 79 -55 -58 -62 -67 / 43 55 -67 -71 -77 / 72 -43 -55 / 39 51 67 72 / 70 -39 -51 / 39 51 67 70 / 39 51 -67 -70 / 67 -39 -51 / 39 51 67 / 66 -39 -51 / 39 51 67 70 / 61 67 70 -39 -51 / 39 51 61 -67 -70 / -61 68 71 -45 / 50 60 68 71 76 <END> 
<S> 39 51 67 70 / 61 67 70 -39 -51 / 39 51 -61 -67 -70 / 61 67 70 -39 -51 / 43 55 -61 -67 -70 / 70 -43 -55 -63 -67 / 46 58 63 67 / 48 55 60 -67 / 0 55 58 63 / 0 63 -55 / 0 54 57 63 / 0 54 57 63 63 69 75 / 0 75 -54 -57 -60 -63 -75 <END> 
<S> 48 65 / 67 -48 / 55 60 64 69 / 68 -55 -60 -64 / 54 57 60 69 / 72 -54 -60 -63 / 0 76 / 0 77 / 0 76 / 0 77 / 0 79 / 0 78 / 0 78 <END> 
<S> 57 60 63 / 68 75 -57 -60 -63 / 0 45 -60 / 61 69 73 81 -45 -57 / 42 54 -69 -73 -78 / 72 -42 -54 / 43 55 70 73 76 / 41 53 65 69 74 / 0 65 68 71 -41 -53 / 0 65 68 74 -41 -53 <END> 
<S> 50 65 71 74 / 57 62 65 72 74 / 63 -65 -72 -74 -77 / 57 -65 -65 -72 -76 / 44 65 77 / 44 56 72 76 78 / 43 55 72 76 79 / 41 53 69 74 77 81 / 69 81 -41 -53 / 53 57 62 76 -69 -81 / 69 77 81 -53 -57 -57 -65 <END> 
<S> 45 67 74 79 / 77 -45 / 57 60 62 74 / 72 -57 -60 -62 / 44 74 / 72 -44 / 56 60 62 -72 / 65 68 -56 -60 -62 / 41 53 -65 -68 -72 / 74 -41 -56 -65 / 43 55 -65 -71 / 70 -43 -55 -65 -71 / 44 56 65 72 / 44 56 -65 -72 <END> 
<S> 41 53 -65 -72 / 70 -41 -53 / 48 60 65 72 / 67 -48 -60 -65 / 36 48 64 69 / 64 70 -36 -48 / 41 53 69 72 / 65 71 77 -41 -53 / 57 60 65 69 72 77 -69 / 0 69 81 / 48 60 72 76 81 / 0 <END> 
<S> 41 69 / 65 68 -41 / 65 60 65 69 / 60 65 69 72 / 0 61 -65 -69 -72 / 36 48 -62 -65 -69 / 48 58 64 67 / 58 64 67 -48 / 53 57 60 65 / 57 65 / 57 60 -65 -69 <END> 
<S> 41 53 65 69 / 67 -41 -41 / 53 60 63 69 -41 / 62 65 69 -41 -53 -60 / 53 -62 -65 -69 / 61 65 69 -43 / 53 61 65 69 / 61 65 69 -41 -53 / 41 53 -62 -65 -69 / 60 65 69 -41 -53 / 36 48 -60 -65 -69 / 67 -41 -36 -48 / 57 65 69 -48 / 60 65 69 -48 -53 <END> 
<S> 41 65 69 / 68 -41 -41 / 53 57 62 69 -65 / 69 75 -53 -57 -62 -65 / 46 -69 -69 / 70 74 -43 / 53 58 62 -70 -74 / 72 -53 -58 -62 -70 / 0 69 72 / 0 70 74 / 0 58 70 74 / 0 67 70 74 79 / 0 69 72 75 81 -46 / 0 67 70 74 77 82 <END> 
<S> 0 65 69 / 0 68 71 80 / 0 68 71 77 -71 / 0 68 71 74 77 80 / 0 68 74 77 80 / 0 68 80 / 0 68 80 / 0 71 80 / 0 68 80 / 0 68 80 / 0 68 80 / 56 68 80 <END> 
<S> 66 66 / 66 69 72 / 61 66 72 76 / 0 63 66 72 75 84 / 0 67 71 76 79 86 / 0 64 67 72 76 84 / 0 62 74 86 / 0 38 50 -74 -80 / 0 62 68 80 -38 -50 / 0 40 52 / 68 -40 -52 -76 / 41 53 56 68 / 68 72 75 -53 -56 -60 <END> 
<S> 0 38 50 -65 -70 -82 / 0 74 -38 -50 / 0 46 58 67 76 / 67 72 76 -46 -58 -64 / 39 51 -67 -73 -73 / 32 44 66 72 77 / 0 60 / 0 62 / 0 63 / 0 65 / 0 68 / 0 68 / 0 68 / 0 68 / 0 68 <END> 
<S> 57 60 63 / 63 -56 -60 / 0 69 / 0 63 / 0 64 / 0 64 / 0 65 / 0 67 / 0 69 / 0 71 / 0 72 / 0 76 / 0 77 <END> 
