<S> 55 67 / 57 69 / 54 66 / 55 67 / -55 -67 / 60 72 / 59 71 / 57 69 / 55 67 / 57 69 / 54 66 / 55 67 / -55 -67 / 64 76 / 62 74 / 60 72 <END> 
<S> 55 67 / 57 69 / 67 / 68 / 52 67 / 50 62 / 48 60 / 53 65 / 52 64 / 50 62 / -50 -62 / 0 45 / 69 -45 / 0 <END> 
<S> 57 60 62 / 45 57 63 66 78 / 45 57 66 75 78 / 43 55 67 71 76 / 65 71 74 -43 -55 / 47 59 -65 -71 -74 / 76 -47 -59 -59 / 47 74 77 / -47 -68 -74 -77 / 59 62 67 71 76 -47 / 79 -59 -62 -67 -71 <END> 
<S> 43 55 65 71 74 / 71 74 -43 -55 -62 / 35 47 59 -71 -74 / 67 76 79 -47 -59 / 48 60 -67 -76 -79 / 0 47 59 / 63 -47 / 0 55 59 / 0 -59 / 0 48 60 / 0 47 59 / 0 48 60 / 51 55 61 64 76 / 80 -52 -57 -60 -67 / 52 64 76 / 52 64 -52 <END> 
<S> 0 55 60 64 / 68 -52 -55 -60 -64 / 70 -55 -58 -60 -64 / 72 -55 -58 -60 -64 / 56 60 65 77 / 68 -56 -60 -65 / 53 56 61 -65 -68 / 70 -53 -56 -61 / 37 49 65 77 / 53 56 61 -65 -68 -77 / 41 53 -65 -73 / 39 51 61 69 75 / 45 57 63 72 75 <END> 
<S> 41 53 62 74 / 67 -41 -53 -62 / 39 51 61 67 70 / 75 -39 -51 -61 -67 / 43 55 -61 -67 -70 / 75 -43 -55 -67 / 46 58 67 70 / 41 53 65 69 / 39 51 63 67 / 36 48 -63 -67 / 0 <END> 
<S> 39 51 67 / 66 -39 -51 / 38 50 -66 / 70 -38 -50 / 39 51 66 72 / 70 -39 -51 / 42 54 66 72 / 70 73 -42 -54 / 42 54 72 75 84 / 0 40 52 73 73 85 / 0 67 71 74 -40 -52 <END> 
<S> 44 67 71 77 / 72 75 -44 -68 / 51 56 60 68 71 83 / 71 77 -51 -60 -63 / 44 72 75 / 71 75 -44 / 56 60 63 72 75 / 72 75 84 -56 -60 -65 / 44 56 -72 -75 -84 / 72 75 84 -44 -56 / 51 56 60 72 75 84 / 0 71 83 -52 -52 <END> 
<S> 44 56 72 80 / 72 84 -44 -56 / 42 54 -72 -84 / 72 75 -42 -54 / 43 55 -72 -76 / 75 -43 -55 / 55 60 64 76 / 72 -55 -60 -64 / 52 55 60 72 / 76 -52 -55 -60 / 52 72 / 71 -52 / 55 60 64 72 / 74 -55 -60 -64 / 52 76 / 72 -52 / 55 60 64 76 / 72 -55 -60 -64 <END> 
<S> 44 56 -72 / 71 75 -44 -56 / 42 54 60 72 / 70 -42 -54 -60 / 41 53 69 / 71 -41 -53 / 43 55 76 / 77 -43 -55 / 45 57 66 75 / 44 68 77 / 51 56 60 68 72 / 39 -68 -72 / 51 56 60 72 75 <END> 
<S> 39 51 -72 / 68 -39 -51 / 51 56 60 68 / 70 -51 -56 -60 / 44 56 72 / 71 -44 -56 / 42 54 75 / 72 -42 -54 / 41 53 73 / 74 80 -41 -53 / 40 52 -74 -80 / 73 -40 -52 -73 / 38 50 68 77 / 70 74 -38 -50 <END> 
<S> 0 53 65 / 73 -53 -65 / 56 61 65 73 / 77 -56 -61 -65 / 49 61 -82 / 80 -49 -61 / 56 61 65 77 / 73 -56 -61 -65 / 44 56 72 / 80 -44 -56 / 56 60 66 75 / 72 -56 -60 -66 / 51 63 70 / 72 -51 -63 / 52 64 -72 / 68 -52 -64 <END> 
<S> 44 56 -72 / 73 -44 -56 / 56 60 65 72 / 70 -56 -60 -65 / 53 65 69 / 56 60 65 -53 -72 / 56 60 65 68 / 72 -56 -60 -65 / 56 60 65 -72 / 70 -56 -60 -65 / 56 60 65 68 / 56 60 65 68 <END> 
<S> 53 56 60 68 / 72 -53 -56 -60 / 51 56 60 72 / 63 77 -51 -56 -60 / 45 57 -63 -75 / 67 -45 -57 / 46 58 67 / 75 -46 -58 -67 / 51 55 61 77 -67 / 75 -51 -55 -61 -63 / 39 51 72 / 82 -39 -51 / 58 61 66 75 / 70 82 -58 -63 <END> 
<S> 39 51 75 / 78 -39 -51 / 51 55 61 70 / 71 -51 -55 -61 / 39 51 72 / 71 -39 -51 / 51 55 60 72 / 69 -51 -55 -60 / 39 51 70 / 72 -39 -51 / 51 55 61 70 / 67 -51 -55 -61 / 46 58 68 / 73 -46 -58 -67 / 47 59 68 77 <END> 
<S> 39 51 -72 / 75 -39 -51 / 51 63 67 / 70 -51 -63 / 39 51 -67 / 66 -39 -51 / 39 51 67 / 66 -39 -51 / 39 51 67 70 / 39 67 70 / 66 69 -39 -51 / 39 51 67 70 69 / 50 67 71 79 / 79 -40 -52 -70 / 58 61 67 79 -52 -67 -79 <END> 
<S> 43 67 71 79 / 55 58 61 -67 -70 -75 / 70 -55 -58 -63 / 39 51 72 / 82 -39 -51 / 55 58 63 67 / 67 70 -55 -58 -63 / 46 -67 -70 / 70 -46 / 55 58 63 75 / 79 -55 -58 -63 / 0 44 77 / 80 -44 -56 / 56 60 63 65 82 / 75 -56 -60 -63 <END> 
<S> 51 51 67 / 78 -51 -63 / 58 61 67 / 70 -46 -58 -67 / 39 51 67 / 75 -39 -51 -67 / 58 63 67 -39 -51 / 39 51 67 / 66 -39 -51 / 55 58 63 67 / 70 -55 -58 -63 / 43 -70 / 72 -43 / 55 58 63 67 / 67 -55 -58 -63 <END> 
<S> 39 51 79 / 79 -39 -51 / 58 63 67 75 / 75 -58 -63 -67 / 43 55 70 / 71 -43 -55 / 42 54 72 / 73 -42 -54 / 41 53 74 / 80 84 -41 -53 / 58 62 68 -80 -84 / 74 -58 -62 -68 / 46 80 84 / 58 62 68 -80 -84 / 70 82 -58 -62 -68 <END> 
<S> 0 53 65 / 74 80 -53 -65 / 56 58 62 73 85 / 70 74 82 -56 -58 -62 / 46 58 -70 -74 -80 / 69 -46 -58 / 44 56 72 77 80 / 56 60 65 68 80 / 70 77 82 -56 -61 -65 / 44 56 -70 -77 -80 / 56 60 65 -70 -77 -80 <END> 
<S> 44 56 68 72 80 / 68 71 80 -44 -56 / 51 56 60 -68 -71 -80 / 72 75 -51 -56 -60 / 44 56 68 75 / 65 68 71 -44 -56 / 39 51 -68 -74 -80 / 72 -39 -51 / 40 52 70 73 / 39 51 68 73 / 37 49 68 73 77 / 51 63 67 70 75 / 51 63 69 75 / 55 -63 -67 -75 / 57 -63 -67 -75 / 55 -63 -67 -75 <END> 
<S> 39 51 67 75 / 67 -39 -51 / 51 55 60 -67 / 70 -51 -55 -60 -63 / 39 51 72 / 70 -39 -51 / 55 58 63 67 / 70 -55 -58 -63 / 46 -70 / 75 -46 / 55 58 63 72 / 70 -55 -58 -63 / 46 68 / 69 -46 / 55 58 62 70 / 67 -55 -58 -62 <END> 
<S> 39 51 67 / 67 79 -39 -51 / 55 58 63 72 -67 / 70 -55 -58 -63 / 43 55 -70 / 72 -43 -55 / 41 53 74 / 73 -41 -53 / 40 52 73 79 / 41 53 77 80 / 77 -41 -53 / 42 54 75 / 78 -42 -54 <END> 
<S> 39 51 -72 -82 / 75 -39 -51 / 43 55 70 75 / 72 77 -43 -55 / 42 54 -72 -75 / 70 74 -42 -54 / 41 53 -70 -74 / 73 -41 -53 -70 / 43 55 70 73 / 79 -43 -55 -70 / 55 58 61 77 -70 / 79 -55 -58 -61 -70 / 44 56 68 72 75 / 51 56 60 -68 -72 -75 / 68 72 -51 -56 -60 -68 <END> 
<S> 0 52 / 70 82 -52 / 58 60 64 68 80 / 70 82 -58 -60 -64 / 44 56 68 80 / 72 -44 -56 / 41 53 80 / 80 -41 -53 / 56 60 65 77 / 75 -56 -60 -65 / 48 60 77 80 / 75 79 87 -48 -60 / 55 60 63 72 79 84 / 75 78 83 -55 -60 -63 / 0 78 84 / 0 72 84 87 <END> 
<S> 48 60 75 79 / 72 75 -48 -60 / 55 60 64 76 79 / 72 -55 -60 -64 / 55 60 64 -72 / 74 -55 -60 -64 / 52 55 60 72 / 78 -52 -55 -60 / 51 54 60 72 / 75 -51 -54 -60 / 55 60 64 76 / 67 79 -55 -60 -64 / 55 60 64 -67 -79 / 76 -55 -60 -64 / 0 53 65 / 0 52 64 <END> 
<S> 55 60 64 / 67 -55 -60 -64 / 52 67 -52 / 76 -52 -55 / 55 58 64 70 / 72 -55 -58 -64 / 58 60 70 73 / 41 53 69 75 / 65 71 -41 -53 / 53 -62 -65 -69 / 77 -41 -53 -65 / 43 65 71 74 / 45 -71 -75 / 67 71 -43 / 45 69 72 75 <END> 
<S> 41 67 71 / 65 68 -41 / 50 62 -65 -71 / 65 69 -50 -62 -65 / 43 65 67 74 / 67 -43 -65 -67 / 0 65 -43 -67 / 0 52 64 67 72 / 0 60 64 70 -52 / 0 41 53 69 / 68 -41 -53 / 57 60 65 69 / 64 65 69 <END> 
<S> 62 65 67 / 65 68 71 -65 / 0 -65 -65 -68 / 0 65 68 71 74 77 -65 / 0 77 -65 -68 -71 / 0 65 68 72 75 -36 / 0 67 70 75 82 -56 -61 -67 / 0 39 51 -67 -72 -75 / 0 67 70 -39 -51 / 0 55 58 60 64 70 82 / 0 79 -55 -58 -60 / 39 51 72 84 / 82 -39 -51 -72 / 51 55 60 82 / 72 84 -51 -55 -60 <END> 
<S> 0 51 / 63 75 -51 -54 / 0 58 61 68 80 / 0 68 80 -58 -63 / 46 68 -68 -80 / 65 68 80 / 0 70 73 / 0 70 82 / 0 70 82 / 0 70 82 / 0 70 82 / 0 70 82 <END> 
<S> 66 66 78 / 63 65 69 72 / 63 66 72 75 / 63 -66 -75 -78 / 63 66 72 75 -63 / 63 66 72 -63 -75 / 53 65 -66 -72 -75 / 50 -69 -72 -75 / 44 56 65 68 74 <END> 
<S> 41 69 77 / 68 71 -41 / 65 68 77 -41 / 68 80 -44 -68 -71 / 77 -44 -68 -71 / 77 -44 -56 -65 / 41 53 69 72 / 71 -41 -53 -69 / 42 54 69 72 / 43 55 65 72 76 / 45 57 63 72 75 <END> 
<S> 45 -67 / 68 72 -45 -54 / 42 54 60 -66 -72 / 66 -42 -54 -60 -66 / 38 50 60 66 69 / 60 66 69 -38 -50 / 50 -60 -66 -69 / 66 69 -42 -54 -60 / 52 -60 -66 -69 / 60 64 69 -52 / 50 -60 -64 -69 / 60 64 70 -50 / 41 53 65 69 / 0 65 77 <END> 
<S> 55 60 64 -67 / 74 -55 -60 -64 / 53 60 65 69 / 72 -53 -60 -62 / 41 53 -69 -72 / 69 -41 -53 / 48 60 67 / 69 -48 -60 / 53 57 63 / 65 -53 -57 / 57 63 65 / 69 -57 -63 -65 / 53 62 65 74 / 0 77 -53 -62 -65 / 0 53 65 / 69 74 -41 -53 -65 / 0 <END> 
<S> 48 60 65 / 69 -48 -60 / 53 57 63 69 / 72 -53 -57 -63 / 41 53 69 / 72 -41 -53 / 42 54 -72 / 69 -42 -54 / 43 54 72 / 42 54 69 / 69 -42 -54 / 42 54 69 / 69 -42 -54 / 42 54 69 / 69 -42 -54 <END> 
<S> 45 57 62 / 67 -45 -57 / 42 54 69 / 69 -42 -54 / 42 54 60 69 / 60 66 70 -42 -54 / 38 50 69 72 / 54 57 60 -66 -69 / 43 55 67 72 / 65 71 74 -43 -55 / 53 55 59 -71 -71 / 64 72 -53 -55 -59 <END> 
<S> 50 59 65 / 66 -50 / 50 54 60 69 / 70 -50 -54 -60 / 43 55 67 / 67 -43 -55 / 50 54 60 69 / 71 -50 -54 -60 -62 / 50 57 60 66 69 / 66 -54 -57 -60 -66 / 54 57 62 66 / 67 -54 -57 -60 / 50 65 / 69 -50 / 52 55 59 71 / 71 -52 -55 -59 <END> 
<S> 55 58 62 -67 / 74 -55 -58 -62 / 47 59 62 / 67 -47 -59 / 50 55 59 -67 / 65 -50 -55 -59 / 0 43 55 / 67 -43 -55 / 50 55 59 65 / 71 -50 -55 -59 / 47 59 74 / 67 -47 -59 / 50 55 59 69 / 66 -50 -55 -59 / 48 53 57 65 69 / 65 -41 -53 -57 -65 / 52 64 72 -53 / 45 57 62 65 / 62 65 -45 -57 -62 <END> 
<S> 43 55 59 67 / 66 -43 -55 -59 / 50 55 59 67 / 71 -50 -55 -59 / 47 59 67 / 66 -47 -59 / 48 60 64 67 / 62 65 69 -48 / 52 -62 -65 -69 / 53 57 69 -65 / 62 65 69 -41 / 50 60 -65 -69 -72 / 65 69 -50 -57 -62 / 46 67 -65 / 70 -46 / 53 58 62 67 / 65 -53 -58 -62 <END> 
<S> 41 53 -69 -72 / 74 -41 / 53 60 65 72 / 69 75 -53 -60 -65 / 48 -69 -75 / 77 -48 / 53 57 63 69 / 69 -53 -57 -63 / 46 70 / 72 -46 / 53 58 62 74 / 70 -53 -58 -62 / 41 67 / 53 58 62 -67 <END> 
<S> 46 58 67 / 74 -46 -58 -62 / 39 51 67 70 / 66 -39 -51 / 39 51 67 / 69 -39 -51 / 39 51 67 70 / 39 51 67 72 / 70 -39 -51 / 39 51 67 72 / 70 -39 -51 / 39 51 72 / 61 61 70 -39 -51 <END> 
<S> 39 51 67 / 75 -39 -51 / 55 58 63 67 / 70 -55 -58 -63 / 39 51 72 / 82 -39 -51 / 55 58 63 67 / 67 70 -55 -58 -63 / 46 -67 -70 / 70 -46 / 55 58 63 75 / 82 -55 -58 -63 / 0 44 77 / 80 -44 -56 / 56 62 65 68 80 / 74 -56 -62 -65 -68 <END> 
<S> 39 51 67 / 78 -39 -51 / 55 58 63 79 / 75 -55 -58 -63 / 43 55 82 / 75 -43 -55 / 55 58 63 77 / 75 -55 -58 -63 / 46 58 75 / 67 -46 -58 / 55 58 63 70 / 67 -55 -58 -63 / 43 55 -67 / 69 -43 -55 / 42 54 70 / 72 -42 -54 <END> 
<S> 39 51 70 / 72 -39 -51 / 41 53 70 / 67 -41 -53 / 43 55 70 / 72 -43 -55 / 45 57 70 / 67 -45 -57 / 46 58 70 / 65 74 -46 -58 / 53 58 62 -65 -74 / 70 -53 -58 -62 / 43 55 67 74 / 55 58 62 -67 -74 <END> 
<S> 46 77 / 70 -46 / 53 58 62 74 / 77 -53 -58 -62 / 41 -77 / 67 -41 / 53 58 62 74 / 70 -53 -58 -62 / 46 67 / 70 -46 / 53 58 62 72 / 74 -53 -58 -62 / 47 -74 / 77 -47 / 56 62 65 76 / 74 -56 -62 -65 <END> 
<S> 58 65 73 / 73 -46 -58 / 53 58 62 73 / 74 -53 -58 -62 / 50 -74 / 70 -50 / 53 58 62 72 / 74 -53 -58 -62 / 51 69 / 70 -51 / 55 58 63 67 / 65 -55 -58 -63 / 50 62 -65 / 66 -50 -62 / 49 61 67 / 68 -49 -61 <END> 
<S> 43 55 70 / 72 -43 -55 / 42 54 70 / 69 -42 -54 / 42 54 70 / 69 -42 -54 / 42 54 60 72 / 70 -42 -54 / 41 53 70 / 65 73 -41 -53 / 53 58 62 -65 -74 / 70 74 -53 -58 -62 / 46 58 -70 -74 -77 / 50 -65 -70 -74 -77 / 53 58 62 -65 -70 -74 -77 / 41 53 -65 -70 -74 -77 <END> 
<S> 41 53 -65 -70 -74 / 74 -41 -53 / 53 58 62 72 / 65 -53 -58 -62 / 43 55 64 70 / 45 57 61 69 / 46 58 62 / 44 56 -62 / 46 58 62 70 / 41 53 -62 -70 / 43 55 -62 -70 -74 / 42 54 -62 -70 -70 / 46 58 -62 -70 -74 / 0 <END> 
<S> 41 53 62 74 / 39 51 67 / 36 48 69 / 34 46 70 74 82 / 39 51 72 75 84 / 43 55 70 75 79 / 42 54 63 72 74 78 / 41 53 68 74 77 80 / 68 71 80 -41 -53 <END> 
<S> 34 46 -67 -75 -80 / 74 77 -34 -46 / 36 48 72 76 79 84 / 58 60 64 70 -72 -76 -79 / 76 -58 -60 -64 -70 / 36 48 70 76 79 / 60 64 70 72 -36 -48 / 36 48 79 / 41 53 69 72 77 <END> 
<S> 41 53 71 80 / 69 72 -41 -53 -69 / 42 54 63 69 75 / 69 75 -42 -54 -63 -75 / 42 54 -69 -72 -75 / 75 -42 -54 -72 / 43 55 64 70 76 / 41 53 65 69 / 67 71 -41 -53 / 57 60 65 69 72 -65 / 72 -53 -60 -65 -69 / 41 53 69 / 69 -41 -53 <END> 
<S> 41 53 65 69 74 / 53 59 65 -65 -69 -74 / 67 75 -50 -53 -59 -65 / 43 55 -67 -71 -79 / 65 -43 -55 -70 / 41 53 65 71 74 / 48 58 64 67 74 / 45 57 61 64 67 73 / 44 56 62 65 68 74 <END> 
<S> 41 53 65 69 72 / 68 -41 -53 -65 / 43 55 65 76 / 68 -43 -55 -65 / 36 48 64 70 / 64 67 -48 / 52 55 60 -64 -67 / 60 64 -52 -55 -60 / 43 55 -64 -64 / 64 -43 -55 -59 / 48 52 55 60 72 / 62 -48 -52 -55 -60 <END> 
<S> 52 55 60 64 / 72 -52 -55 -60 / 55 60 64 76 / 79 -55 -60 -64 / 52 64 -79 / 78 -52 -64 / 49 61 76 / 50 62 77 / 79 -50 -62 / 55 59 65 81 / 81 -55 -59 -65 / 43 55 81 / 79 -43 -55 / 55 59 65 86 / 77 -55 -59 -65 <END> 
<S> 43 55 74 / 81 -43 -55 / 55 59 62 79 / 83 -55 -59 -62 / 50 62 83 / 81 -50 -62 / 55 59 65 86 / 83 -55 -59 -65 / 43 55 81 / 79 -43 -55 / 55 59 65 74 / 76 -55 -59 -65 <END> 
<S> 43 55 79 / 83 88 -43 -55 / 55 59 65 -71 -79 -83 / 76 -55 -59 -65 / 43 55 74 77 81 / 55 59 65 73 77 81 / 71 77 83 -55 -59 -65 / 43 55 -71 -77 -83 / 74 77 -43 -55 / 55 59 65 71 77 / 71 77 -55 -59 -65 <END> 
<S> 43 55 71 79 83 / 74 86 -43 -55 / 59 62 83 -71 / 74 86 -59 -62 / 50 -74 -86 / 83 -50 -62 / 57 62 65 81 / 83 -57 -62 -62 -71 / 0 45 57 / 83 -45 -57 -66 / 43 55 73 76 / 81 -43 -55 / 42 54 73 78 81 <END> 
<S> 0 52 76 / 83 -52 -64 -76 / 83 -52 -64 -72 -76 / 0 84 -64 -67 / 0 79 83 -40 -52 / 0 42 54 83 / 0 60 62 74 / 0 43 55 / 0 44 56 / 0 45 57 / 0 -45 -57 / 0 53 57 62 / 0 54 57 60 63 69 / 0 57 69 / 0 57 60 64 69 / 0 64 69 -52 -60 <END> 
<S> 55 62 65 / 65 -55 -62 / 57 63 -65 / 60 65 / 60 69 / 60 69 / 63 72 / 66 75 / 66 75 78 / 52 64 67 79 / 48 -67 -76 / 66 78 -52 / 55 60 64 76 79 / 72 -55 -60 -64 <END> 
<S> 48 67 / 68 72 -48 / 52 55 60 -64 -68 -72 / 64 71 -52 -55 -60 / 52 -64 -64 / 69 -52 -64 / 52 56 62 71 / 71 -52 -56 -60 / 44 72 / 71 -44 / 52 56 60 72 / 71 -52 -60 / 51 72 / 71 -51 / 52 55 60 72 / 74 -52 -60 / 39 51 72 / 71 -39 -51 <END> 
<S> 44 56 71 / 71 -44 -56 / 52 59 62 72 / 71 -52 -59 / 48 72 / 71 -48 / 52 55 60 -72 / 68 -52 -55 -60 / 43 55 72 / 71 -43 -55 / 52 55 60 72 / 71 -52 -55 -60 / 51 72 / 71 -51 / 52 55 60 75 / 67 -52 -55 -60 <END> 
<S> 52 55 60 72 / 71 -52 -55 -60 / 52 72 -52 / 70 -52 / 52 55 60 72 / -52 -55 -60 / 48 64 / 72 -48 -60 / 52 55 60 -64 -72 / 64 71 -52 -55 -60 / 0 72 / 0 76 / 0 76 / 0 72 / 0 74 / 0 76 <END> 
<S> 45 57 60 66 / 72 -45 -57 -60 / 44 56 60 65 / 66 72 -44 -56 -60 / 42 54 -66 -72 / 69 -42 -54 -66 / 43 54 66 72 75 / 43 55 72 76 / 64 76 -43 -55 / 36 48 -64 -76 / 72 -36 -48 -64 / 0 47 59 65 / 0 45 57 <END> 
<S> 43 55 60 64 72 / 62 74 -43 -55 -64 / 65 76 -55 -64 / 48 55 60 -64 -76 / 0 -48 -55 -60 -64 / 0 55 -48 -60 -64 / 0 60 -48 -64 / 0 67 70 -48 -60 / 0 55 60 64 67 / 0 65 -55 -60 -64 / 0 65 69 -48 -60 / 0 63 69 72 <END> 
<S> 56 60 65 / 71 -56 -60 -65 / 56 60 65 -72 / 41 53 68 77 / 0 72 / 0 77 / 0 77 / 0 77 / 0 77 / 0 77 / 0 77 / 0 77 <END> 
<S> 48 60 66 / 72 -48 -60 -66 / 47 59 68 -72 / 66 -47 -59 -68 / 44 56 66 72 / 43 55 65 71 77 / 0 48 60 64 72 / 0 67 79 -48 -55 / 0 48 60 64 67 72 / 69 72 76 -48 -60 -64 <END> 
