<S> 64 67 72 84 / 91 -64 -67 -72 / 88 -64 -67 -72 / 84 -64 -67 -72 / 67 72 76 79 / 88 -67 -72 -76 / 84 -67 -72 -76 / 79 -67 -72 -76 / 66 69 72 75 81 / 84 -66 -69 -72 -75 / 83 -66 -69 -72 -75 / 81 -66 -69 -72 -75 / 67 72 76 79 / 52 64 / 53 65 / 54 66 <END> 
<S> 66 69 72 75 81 / 84 -66 -69 -72 -75 / 83 -66 -69 -72 -75 / 81 -66 -69 -72 -75 / 67 72 76 79 / 52 64 / 53 65 / 54 66 / 55 67 / 0 / 0 <END> 
<S> 55 60 64 67 / 67 -52 -55 -60 / 49 67 70 76 / 50 69 / 55 59 71 / 71 -55 -59 / 49 67 / 69 -49 / 55 59 65 71 / 69 -55 -59 -65 / 43 69 / 67 -43 / 55 59 65 -67 / 71 -55 -59 -65 <END> 
<S> 71 79 / 74 86 / 50 62 71 / 74 -50 -62 / 52 64 76 / 79 -52 -64 / 49 61 -76 / 76 -49 -61 / 48 60 72 / 76 -48 -60 / 47 59 68 74 / 77 -47 -59 -68 / 0 39 51 / 63 -39 -51 -72 / 0 <END> 
<S> 48 60 69 / 75 -48 -60 / 51 60 68 72 / 72 -51 -60 -68 / 44 56 -72 / 70 -44 -56 / 41 53 68 / 68 -41 -53 / 0 43 55 / 0 44 56 / 0 48 60 / 68 -48 -60 / 52 56 60 72 / 71 -52 -56 -60 / 51 56 60 72 / 70 -51 -56 -60 <END> 
<S> 0 55 / 64 70 / 60 64 72 / -52 -64 -72 / 64 70 -48 / 52 55 60 -64 -70 / 64 -52 -55 -60 / 49 70 -55 -64 / 79 -49 -55 -58 / 51 55 82 / 79 -52 -55 / 50 54 60 69 / 78 -52 -54 -60 / 52 55 -60 -78 / 72 -52 -55 -60 / 0 <END> 
<S> 52 55 59 78 / 76 -52 -55 -59 / 52 55 61 73 / 76 -52 -55 -61 / 52 55 61 -81 / 76 -52 -55 -61 / 0 53 57 / 0 56 62 / 0 57 60 62 / 0 -57 -60 -64 / 0 53 57 65 / 0 52 55 60 64 76 / 0 45 57 66 78 / 0 43 67 71 74 <END> 
<S> 41 53 69 / 71 -41 -53 / 42 54 72 / 69 -42 -54 / 43 54 72 / 74 -42 -54 / 43 55 76 / 79 -43 -55 / 44 56 / 74 -44 -56 / 45 57 77 / 81 -45 -57 / 47 59 79 / 77 -47 -59 <END> 
<S> 52 55 59 78 / 76 -52 -55 -59 / 52 55 59 73 / 76 -52 -55 -59 / 52 55 58 61 -76 / 73 -52 -55 -58 -61 / 71 -52 -55 -58 / 70 -52 -55 -58 -61 / 69 -52 -55 -58 -61 / 51 57 60 69 / 67 -51 -57 -60 / 50 62 65 / 67 -50 -62 / 49 61 69 / 67 70 -61 -61 <END> 
<S> 52 57 60 69 / 67 -52 -57 -60 / 50 54 57 60 69 / 66 -50 -54 -57 -60 / 49 61 70 73 76 -49 / 45 57 61 69 73 76 / 73 -45 -57 -61 -64 / 76 -45 -57 -61 -64 / 76 -45 -57 -61 -64 / 0 44 56 65 77 / 0 68 71 73 -44 -56 -65 / 0 43 55 61 64 71 76 / 0 65 71 74 -43 -55 -55 <END> 
<S> 45 57 67 / 72 -45 -57 -65 / 44 56 65 -72 / 65 68 71 -44 -56 / 0 45 57 -65 -71 -76 / 0 52 64 / 57 -52 -64 / 58 64 67 -48 / 58 60 64 -70 -55 / 53 57 60 65 / 0 60 72 / 0 76 / 0 77 / 0 79 <END> 
<S> 55 58 62 / 58 62 74 / 55 58 62 -74 / 0 81 / 77 81 / 79 82 / 77 81 -41 / 57 62 65 74 77 81 / 53 65 74 77 86 / 69 77 81 -53 / 57 62 65 74 77 86 / 77 -57 -62 -65 <END> 
<S> 50 74 79 / 77 81 -50 / 57 62 65 74 86 / 77 89 -60 -62 -65 / 41 53 -81 -84 / 77 -41 -53 / 57 60 65 72 / 74 -57 -60 -65 / 36 48 77 / 69 81 -36 -48 / 57 60 65 -69 -81 / 72 84 -57 -60 -65 / 41 53 -72 -84 / 77 81 -41 -53 / 57 60 65 74 77 81 <END> 
<S> 41 53 65 77 / 69 72 75 -41 -53 / 57 60 65 -69 -72 -81 / 81 -57 -60 -65 -69 -72 / 48 70 72 / 74 -48 -70 / 58 60 64 -70 -74 / 72 -58 -60 -64 -70 / 41 53 -69 -72 / 77 -41 -53 -69 / 41 53 69 77 / 69 -41 -53 -69 / 42 54 69 72 / 54 57 60 63 69 75 <END> 
<S> 41 53 69 81 / 74 -41 -53 / 42 54 75 / 78 -42 -54 / 43 54 72 / 78 -42 -54 / 41 53 69 81 / 43 55 70 82 / 41 53 69 74 77 / 48 53 69 77 81 / 57 60 65 -77 -77 -81 <END> 
<S> 45 67 74 / 53 57 63 -69 -75 / 41 53 69 75 / 74 -41 -53 -69 / 42 54 69 72 75 / 43 55 -69 -75 / 44 56 65 70 74 / 39 51 67 70 / 41 53 65 69 72 <END> 
<S> 34 46 -67 -75 / 74 77 -34 -44 / 41 53 -74 -77 / 43 55 70 75 / 43 55 70 / 42 54 70 / 41 53 -70 / 39 51 -70 / 41 53 65 / 39 51 67 / 36 48 69 <END> 
<S> 41 53 / 65 -41 -53 / 42 54 -62 / 69 -42 -54 / 43 54 60 72 / 69 -42 -54 -60 / 43 55 70 / 72 -43 -55 / 41 53 70 / 74 -41 -53 / 39 51 72 / 74 -39 -51 / 41 53 75 / 73 -41 -53 <END> 
<S> 53 74 / 73 -53 / 57 62 74 / 72 -53 -60 / 46 -74 / 77 -46 / 56 58 62 74 / 75 -56 -58 -62 / 0 46 74 77 82 / 0 53 58 62 -74 -77 / 0 72 84 -53 -58 -62 / 41 53 -72 -84 / 70 82 -41 -53 / 42 54 60 72 75 <END> 
<S> 41 53 74 82 / 80 -41 -53 / 56 58 62 74 86 / 74 86 -56 -58 -62 / 46 -68 -80 / 69 -46 / 56 58 62 72 / 74 -56 -58 -62 / 34 46 74 / 79 -34 -46 / 56 58 62 77 / 74 -56 -58 -62 / 39 51 72 75 / 70 82 -39 -51 / 55 58 63 72 79 / 70 82 -55 -58 -63 <END> 
<S> 0 39 51 / 75 -39 -51 / 55 58 63 70 / 72 -55 -58 -63 / 43 55 70 / 72 -43 -55 / 42 54 74 / 72 -42 -54 / 41 53 70 / 74 -41 -53 / 56 58 62 77 / 74 -56 -58 -62 / 0 39 51 / 75 79 87 -39 -51 / 55 58 63 74 79 / 72 75 78 -55 -58 -63 <END> 
<S> 39 51 74 / 75 -39 -51 / 55 58 63 72 / 70 -55 -58 -63 / 39 51 72 / 82 -39 -51 / 55 58 63 67 / 70 -55 -58 -63 / 43 55 -70 / 72 -43 -55 / 41 53 74 / 73 -41 -53 / 53 56 61 77 / 82 -53 -56 -61 / 49 61 79 / 77 -49 -61 / 49 61 77 / 70 -49 -61 <END> 
<S> 39 51 70 / 78 -39 -51 / 41 53 67 / 68 -41 -53 / 39 51 67 / 66 -39 -51 / 40 52 -68 / 68 -40 -52 -68 / 71 -40 -52 -68 / 71 -40 -52 -68 / 71 -40 -52 -68 / 60 64 68 -40 / 0 61 -60 -64 / 58 64 67 -40 / 68 -40 -52 -60 -68 / 41 53 68 / 68 -41 -53 -68 / 80 -41 -68 -68 / 77 -68 -68 -71 / 65 68 -44 -80 / 0 56 61 65 68 72 / 75 -56 -60 -65 -68 <END> 
<S> 0 65 / 68 -41 / 61 70 73 / 65 70 73 / 61 70 73 / 61 64 70 73 / 61 61 70 73 / 61 73 -67 / 61 73 -67 / 61 70 73 / 61 73 -67 / 61 70 73 / 61 73 -67 / 53 57 61 -70 / 65 -53 -56 -61 / 49 61 -61 / 73 -49 -61 -61 / 50 61 70 / 73 -50 -61 <END> 
<S> 46 67 73 / 65 70 74 -38 / 53 -65 -70 / 58 65 -65 -70 / 65 70 74 77 -46 -65 / 53 -65 -70 -73 -77 / 73 -53 -65 -70 -73 / 43 55 65 70 74 / 44 56 -65 -71 -77 / 41 53 -65 -71 -77 / 39 51 -65 -70 -77 / 41 53 65 72 75 / 39 51 67 72 75 / 0 <END> 
<S> 41 53 65 69 74 / 50 62 65 68 70 / 61 65 68 77 -50 -65 / 48 60 65 68 74 / 75 -60 -65 -68 / 60 64 70 72 / 79 -60 -64 -70 / 0 69 72 77 84 / 0 65 69 72 77 / 0 67 70 74 82 / 0 67 70 75 -43 / 0 67 72 76 84 / 0 67 72 75 84 <END> 
<S> 0 65 69 / 65 68 71 -41 / 0 68 71 -41 -65 / 0 69 72 76 -41 / 0 61 67 71 74 77 / 0 69 71 74 86 / 0 46 67 74 77 / 0 74 77 81 -46 / 0 62 77 74 84 / 0 65 77 -77 -46 / 0 77 -65 -65 -77 / 0 77 -65 -77 / 0 77 -65 -69 -77 / 0 65 77 77 80 89 / 0 65 77 80 89 -41 -53 / 0 38 50 65 77 85 / 0 77 81 -38 -50 -65 <END> 
<S> 64 67 71 74 86 / 72 76 84 -64 -65 / 0 53 65 74 86 / 72 84 -41 -53 / 0 53 65 74 86 / 69 72 77 -41 -53 -65 / 42 54 74 78 81 / 75 78 -42 -54 / 43 55 76 79 / 74 77 86 -43 -55 / 55 58 63 -74 -79 -82 / 76 79 -55 -58 -62 / 50 53 74 / 72 -50 -54 / 53 56 62 74 / 77 -53 -56 -62 <END> 
<S> 45 57 -72 -75 -81 / 77 -45 -57 -69 -72 / 47 59 68 71 76 / 74 -47 -59 -64 -68 / 64 67 72 -40 -52 / 41 53 69 / 69 72 -41 -53 / 57 60 63 -69 -72 / 72 -53 -60 -63 / 41 53 65 / 67 -41 -53 / 42 54 69 / 69 -42 -54 / 42 54 60 72 / 69 -42 -54 -60 -66 / 43 67 71 76 / 50 55 59 -67 -71 -79 / 76 -50 -55 -59 <END> 
<S> 0 45 57 / 67 72 76 79 -45 -57 / 0 43 55 -72 -76 -79 / 0 36 48 72 76 84 / 0 60 64 79 -36 -48 -72 -76 / 0 38 50 68 72 76 80 / 0 40 52 73 79 / 0 71 83 -52 / 0 38 50 68 72 76 / 0 74 -38 -50 / 0 40 52 76 / 0 71 -40 -52 / 0 50 55 59 71 / 0 71 -50 -50 -55 <END> 
<S> 0 38 50 65 71 74 / 0 69 78 -50 -62 / 0 45 57 -69 -72 -81 / 0 69 72 81 -45 -57 / 0 48 60 64 76 / 0 69 77 -52 -57 -64 / 0 40 52 64 72 / 0 76 -40 -52 / 0 49 61 76 / 0 49 61 76 / 0 73 77 -61 -61 -61 / 0 44 56 -69 -72 / 0 63 -44 -73 -77 / 0 56 61 65 70 73 <END> 
<S> 0 52 64 / 64 72 76 -64 -64 -72 / 0 52 -67 -72 -76 -79 / 0 69 72 -52 -55 / 0 52 57 76 / 0 76 -52 -57 / 0 48 60 / 76 -36 -48 -64 / 0 49 61 66 76 / 0 69 -49 -61 -61 / 0 40 52 73 / 0 76 -40 -52 / 0 38 50 74 77 81 / 0 75 78 -38 -50 / 0 71 74 78 82 -50 / 0 38 50 72 75 81 / 0 40 52 72 76 79 <END> 
<S> 0 43 55 -64 64 72 76 / 0 72 84 -43 -55 -64 / 0 52 55 60 -72 -84 / 0 76 84 -52 -55 -60 / 0 36 48 81 / 0 79 -36 -48 / 58 60 64 76 82 / 40 52 -76 -84 / 82 -40 -52 / 58 60 64 -82 / 82 -58 -60 -64 / 53 77 86 / 86 -53 -70 / 57 60 65 -77 -84 / 77 81 -57 -60 -65 <END> 
<S> 45 57 76 82 / 77 81 -45 -57 / 57 60 65 74 86 / 76 84 -57 -60 -65 / 41 53 77 86 / 72 84 -41 -53 / 57 60 65 -72 -84 / 74 77 81 -57 -60 -62 / 48 60 -74 -77 / 76 79 -48 -60 / 55 60 64 76 81 / 71 77 81 -55 -60 -64 / 43 55 -71 -77 -81 / 76 79 -43 -55 / 55 60 64 72 84 <END> 
<S> 43 55 76 88 / 72 76 84 -43 -55 / 55 60 64 74 77 81 / 76 79 88 -55 -60 -64 / 43 55 -76 -79 -88 / 72 76 -43 -55 / 55 60 64 74 / 72 76 -55 -60 -64 / 48 60 -72 -76 / 67 -48 -60 / 49 67 70 / 69 -49 -61 / 55 58 64 70 / 67 -55 -58 -64 <END> 
<S> 43 55 64 67 / 72 -43 -55 -64 / 58 60 64 79 -64 / 0 41 53 65 77 / 0 72 -41 -53 -65 / 0 57 60 65 69 / 0 72 -57 -60 -65 / 41 53 65 69 / 69 72 -41 -53 -65 / 48 60 65 -69 -72 / 77 -48 -60 -64 -69 / 48 58 64 67 <END> 
<S> 0 41 53 65 69 72 / 0 52 64 / 48 64 70 74 / 48 -64 -67 -72 / 63 67 -48 / 46 58 67 / 68 -46 -58 / 51 63 69 / 72 -51 -63 / 46 58 -72 / 70 -46 -58 / 39 51 72 / 70 -39 -51 / 41 53 68 / 67 -41 -53 <END> 
<S> 39 51 -72 / 75 -39 -51 / 41 53 68 / 70 -41 -53 / 40 52 68 72 / 0 65 77 -32 -48 / 0 51 63 75 79 / 0 65 75 80 / 0 70 82 / 0 70 82 / 0 70 82 / 0 70 82 / 0 70 82 <END> 
<S> 66 66 78 / 66 72 75 78 / 66 72 75 84 / 54 66 72 75 78 84 / 54 66 72 78 81 / 71 74 83 86 / 50 78 -74 -78 / 78 81 90 -50 / 57 62 66 78 83 / 81 84 87 -60 -62 / 50 62 78 -81 -84 / 72 82 84 -50 -62 <END> 
<S> 44 67 71 74 83 / 72 84 -44 -71 / 71 83 -44 -71 / 52 55 59 -71 -76 -83 / 71 81 -43 -55 -59 / 43 -71 -79 / 72 -43 -71 / 55 59 65 71 74 / 77 -55 -59 -65 / 48 72 76 / 72 -48 / 55 60 64 76 / 72 -55 -60 -64 / 43 55 72 / 55 58 60 64 <END> 
<S> 55 67 72 / 76 -55 -67 / 60 64 72 76 / 79 -60 -64 / 48 -72 / 67 -48 / 55 60 64 69 / 76 -55 -60 -64 / 52 64 79 / 81 -52 -64 / 50 62 83 / 84 -50 -62 / 55 62 65 86 / 81 -55 -59 -65 <END> 
<S> 52 55 72 / 71 -52 -55 / 52 72 -52 / 76 -52 -52 / 48 60 76 / 74 -48 -60 -64 / 47 59 68 / 69 -47 -59 / 51 63 69 / 72 -51 -63 / 52 64 -72 / 68 -52 -64 / 0 53 65 / 0 56 -44 / 0 57 77 / 0 76 <END> 
<S> 39 51 -64 / 66 75 -39 -51 / 39 51 67 70 73 / 39 51 67 72 / 70 -39 -51 / 39 51 67 / 69 -39 -51 / 39 51 67 70 / 61 67 70 -39 / 39 51 -67 -70 / 72 -39 -51 / 51 55 61 70 / 72 -51 -55 -61 / 39 51 70 / 75 -39 -51 / 43 55 75 / 77 -43 -55 <END> 
<S> 39 51 67 75 / 55 58 60 -67 -70 / 72 -55 -58 -63 / 39 51 70 / 72 -39 -51 / 51 55 61 -72 / 70 -51 -55 -61 / 39 51 72 / 70 -39 -51 / 39 51 66 72 / 70 -39 -51 / 39 51 69 / 72 -39 -51 / 40 52 73 / 73 -40 -52 / 39 51 72 / 70 -39 -51 <END> 
<S> 39 51 -68 -77 / 72 -39 -51 / 51 56 60 68 / 71 -51 -56 -60 / 44 56 72 / 71 -44 -56 / 51 56 60 72 / 65 77 -51 -56 -60 / 39 51 72 -66 / 75 -39 -51 / 51 56 60 68 / 71 -51 -56 -60 / 44 56 72 / 71 -44 -56 / 42 54 75 / 72 -42 -54 <END> 
<S> 44 56 -72 / 75 -44 -56 / 51 56 60 72 / 65 77 -51 -56 -60 / 44 56 72 75 / 72 77 -44 / 51 56 60 -72 -75 / 72 75 -51 -56 -60 / 39 51 72 75 / 51 56 60 72 / 71 -51 -56 -60 / 39 51 72 / 63 75 -39 -51 / 0 40 52 / 68 -40 -52 / 71 -40 -52 -68 <END> 
<S> 39 51 -68 / 72 -39 -51 / 51 56 60 -72 / 70 -51 -56 -60 / 52 72 -66 / 72 -42 -52 / 58 60 64 70 / 0 45 57 / 65 -45 -57 / 41 53 68 / 69 -41 -53 / 43 55 70 / 72 -43 -55 / 44 56 70 / 71 -44 -56 <END> 
<S> 0 45 / 65 74 86 -45 / 0 57 60 63 -69 -77 / 72 84 -57 -60 -63 / 50 -72 -78 / 72 75 -42 / 53 57 60 72 75 / 70 74 82 -53 -58 -62 / 46 58 -74 -79 -82 / 72 74 -46 -58 / 56 58 62 68 80 / 68 74 77 -56 -58 -62 / 53 56 -68 -74 -77 / 72 75 -53 -56 / 51 56 60 68 75 / 72 75 -51 -56 -60 <END> 
<S> 44 56 70 74 82 / 72 75 -44 -56 / 51 56 60 68 75 / 72 75 -51 -56 -60 / 44 56 -72 -75 / 71 75 -44 -56 / 51 56 60 -68 -75 / 72 75 -51 -56 -60 / 44 56 -72 -75 / 71 75 -44 -56 / 51 56 60 68 72 / 70 73 -51 -56 -60 / 44 56 68 72 / 65 77 -44 -56 / 51 56 60 68 72 / 70 73 -51 -56 -60 <END> 
<S> 44 56 68 72 / 72 -44 -56 / 51 56 60 75 / 65 77 -51 -56 -60 / 44 56 -65 -77 / 72 -44 -56 / 45 57 65 77 / 0 46 58 / 0 75 / 0 77 / 0 79 / 0 77 / 0 77 / 0 77 / 0 77 / 0 77 <END> 
<S> 53 60 62 / 39 51 -62 / 51 54 60 63 69 / 0 66 -51 -54 -60 / 0 63 67 / 0 63 66 / 0 63 66 / 0 62 65 / 0 60 64 / 0 -60 -64 / 0 64 -60 / 0 52 56 62 64 <END> 
<S> 0 65 / 0 65 / 0 60 64 / 0 62 65 / 0 65 69 / 0 -65 -77 / 0 77 / 0 77 / 0 77 / 0 81 / 0 81 / 0 81 / 0 80 <END> 
<S> 0 / 0 64 / 0 69 / 0 72 / 0 76 / 0 77 / 0 76 79 / 0 78 81 / 0 79 82 / 0 72 78 81 / 0 72 78 82 <END> 
<S> 55 60 64 72 / 72 76 84 -55 -60 -64 / 38 50 -72 -76 / 74 77 81 -38 -50 / 50 62 71 74 83 / 43 55 72 76 82 / 44 56 74 77 83 / 72 84 -44 -56 / 45 57 -72 -84 / 72 76 84 -45 -57 <END> 
<S> 44 56 72 83 / 72 84 -44 -56 / 56 60 -72 -84 -84 / 72 76 84 -56 -60 -64 / 44 -72 -75 -84 / 72 75 80 -44 / 56 60 63 -72 -75 -84 / 72 75 84 -56 -60 -63 / 44 -72 -75 -84 / 56 60 63 -72 -75 -84 / 42 54 75 78 84 / 63 72 75 78 84 -54 <END> 
<S> 44 56 71 83 / 72 75 84 -44 -56 / 51 56 60 -72 -75 -84 / 72 75 84 -51 -56 -60 / 43 55 -72 -75 -84 / 72 76 84 -43 -55 / 55 60 64 70 72 75 79 / 41 53 69 72 77 81 / 53 57 60 69 81 81 84 / 45 57 72 77 84 / 72 75 79 -53 / 58 60 64 74 74 77 / 72 75 81 -58 -60 -64 <END> 
<S> 45 57 72 77 81 / 41 53 -72 -77 -84 / 0 42 81 82 / 0 72 76 84 / 0 74 82 / 0 72 76 84 / 0 74 82 / 0 72 76 84 / 0 65 -72 -77 -81 / 0 77 -65 -72 -77 / 0 77 80 -48 / 0 84 -77 / 0 77 81 <END> 
<S> 0 48 60 72 76 84 / 0 72 84 -52 -72 / 0 -72 -72 -84 / 0 82 -72 / 0 72 / 0 74 / 0 72 / 0 74 / 41 53 77 / 69 81 -41 -53 / 57 60 65 -69 -81 -81 / 81 -57 -60 -65 -69 / 48 60 77 / 81 -48 -60 / 57 60 65 81 / 77 -57 -60 -65 <END> 
<S> 0 69 / 71 74 86 / 54 57 60 63 -75 -78 / 72 -54 -57 -60 -63 / 39 51 -72 -75 / 75 -39 -51 -72 / 51 56 60 70 / 71 -51 -56 -60 / 44 56 68 72 / 51 56 60 68 77 / 39 51 -72 -75 / 51 56 60 72 75 <END> 
<S> 44 56 68 72 / 51 56 60 -68 -72 / 71 -51 -56 -60 / 39 51 72 / 61 73 -39 -51 / 39 51 70 73 / 37 49 -67 -70 / 34 46 -67 -73 / 68 74 -34 -46 / 0 48 60 72 / 70 73 -36 -48 -70 / 41 53 68 72 / 73 -41 -53 / 56 60 65 68 77 / 68 77 -56 -60 -65 -68 <END> 
<S> 51 67 -65 / 70 -51 -63 / 58 63 68 72 / 70 -56 -58 -63 / 0 53 68 / 0 75 -53 / 0 58 61 64 70 / 65 73 -58 -61 -64 / 44 56 60 68 / 65 77 -53 -56 -60 / 49 61 73 / 73 -49 -61 / 44 56 77 / 65 -44 -56 / 41 53 68 / 68 -41 -53 / 42 54 69 / 68 -42 -54 <END> 
<S> 44 56 -68 -72 / 73 -44 -56 / 51 56 60 72 / 72 75 -51 -56 -60 / 39 51 -72 -75 / 70 -39 -51 / 51 55 61 70 / 71 -51 -55 -61 / 39 51 72 / 71 -39 -51 / 51 55 60 72 / 70 -51 -55 -60 / 39 51 72 / 70 -39 -51 / 39 51 66 / 69 -39 -51 <END> 
<S> 39 51 -68 / 72 -39 -51 / 51 56 60 70 / 71 -51 -56 -60 / 44 56 68 72 / 65 68 71 80 / 51 56 60 68 72 / 71 82 -56 -60 -68 / 44 56 72 75 84 / 56 60 68 -72 -75 -84 / 70 72 75 80 -56 -60 -66 / 39 51 -70 -72 -75 -80 / 72 75 -39 -51 -70 / 36 48 70 / 72 75 -36 -48 <END> 
<S> 44 56 71 80 / 72 75 -44 -56 / 42 54 -72 -75 / 71 -42 -54 -72 / 43 55 71 76 / 0 36 48 70 72 76 / 0 52 58 60 -72 -76 / 0 41 53 68 77 / 0 72 75 -41 -53 / 0 51 56 60 68 72 77 / 0 72 75 84 -39 -51 -56 -60 / 44 56 -72 -75 -84 / 72 -39 -44 -56 / 56 60 66 75 -44 / 75 78 87 -60 -63 -66 <END> 
<S> 0 52 67 / 72 76 79 -52 / 58 60 64 -72 -76 -79 / 70 72 76 -58 -60 -64 / 36 48 -70 -72 -76 / 70 -36 -48 / 37 49 67 / 64 69 73 -49 / 44 56 62 65 -72 / 64 71 -56 -56 -60 / 44 56 -65 -68 / 64 -44 -56 / 52 56 62 65 / 71 -56 -59 -62 / 51 56 60 68 / 68 -51 -56 -60 / 51 56 60 63 72 / 68 -51 -56 -60 <END> 
<S> 52 56 -64 -72 / 71 -52 -56 / 51 56 60 72 / 70 -51 -56 -60 / 52 56 60 68 / 71 -52 -56 -60 / 51 56 60 68 / 70 -51 -56 -60 / 52 56 68 / 71 -52 -56 / 51 56 60 72 / 70 -51 -56 -60 / 41 53 68 / 71 -41 -53 / 53 58 62 77 / 65 -53 -58 -62 <END> 
