<S> 62 74 / 65 77 / 58 70 / 62 74 / 55 67 / 57 69 / 58 70 / 50 62 / -50 -62 <END> 
<S> 55 67 / 58 70 / 50 62 / 51 63 / 50 62 / 51 63 / 50 62 / 51 63 / 52 64 / 53 65 / 50 62 / 49 61 / 48 60 <END> 
<S> 50 62 65 74 / 43 55 -62 -67 -74 / 36 48 67 72 / 64 67 72 -36 -48 / 37 49 67 70 76 / 50 62 68 71 77 / 53 56 62 68 76 / 74 77 83 -56 -62 -65 / 43 55 -71 -77 -83 / 79 -43 -55 -71 / 55 59 65 71 77 / 83 -55 -59 -65 -71 <END> 
<S> 49 67 -65 -70 / 68 80 -46 / 56 58 62 68 77 / 70 -56 -58 -62 / 51 75 / 72 -51 / 58 63 67 70 / 66 75 -55 -63 / 46 -67 -70 / 70 -46 / 44 56 68 / 74 -44 -56 / 43 55 72 / 70 -43 -55 / 41 53 68 / 74 -41 -53 <END> 
<S> 39 51 70 / 72 -39 -51 / 41 53 74 / 73 -41 -53 / 43 55 73 / 77 -43 -55 / 45 57 70 / 73 -45 -57 -61 / 46 58 65 / 73 -46 -58 / 53 58 61 70 / 65 -53 -58 -61 / 49 61 70 / 69 -49 -61 / 50 62 70 / 77 -50 -62 <END> 
<S> 46 58 74 / 73 -46 -58 / 53 58 61 73 / 70 -53 -58 -61 / 41 53 65 / 65 -41 -53 / 38 50 62 67 / 65 -50 -62 / 39 51 67 / 69 -39 -51 / 36 48 -69 / 67 75 -36 -48 / 37 49 -67 / 70 -37 -49 <END> 
<S> 39 51 67 / 66 -39 -51 / 36 48 67 / 67 75 -48 / 55 58 60 -67 -70 / 70 -55 -58 -60 / 53 -70 / 65 -53 / 57 60 -65 -53 / 65 -57 -60 / 48 53 57 65 / 69 -48 -53 -57 / 48 53 57 69 / 65 -48 -53 -57 / 36 48 58 64 / 66 -36 -48 -58 <END> 
<S> 53 65 / 69 -53 / 57 60 65 70 / 69 72 77 -57 -60 -65 / 48 -69 -72 / 70 74 -48 / 58 60 64 69 / 65 -58 -60 -65 / 53 57 65 69 / 72 -53 -57 -65 / 41 53 69 / 69 -41 -53 / 48 53 57 69 / 65 77 -48 -53 -57 <END> 
<S> 53 65 / 74 -41 -53 / 57 62 65 72 / 69 -53 -60 -65 / 43 55 -69 / 67 -43 -55 / 44 56 65 / 72 -44 -56 / 41 53 76 / 77 -41 -53 / 53 57 62 74 / 69 81 -53 -57 -62 / 46 -69 -81 / 77 -46 / 53 58 62 70 / 65 -53 -58 -62 <END> 
<S> 46 74 / 73 -46 / 53 58 62 74 / 70 -53 -58 -62 / 41 74 / 53 58 62 70 / 65 77 -53 -58 -62 / 41 -65 -77 / 65 77 -41 / 53 58 62 -65 -77 / 64 70 -53 -58 -62 / 43 55 -67 -71 / 41 53 65 / 39 51 67 / 66 -51 <END> 
<S> 41 53 67 74 / 65 68 71 -41 -53 / 39 51 -65 -71 -74 / 65 68 71 -51 / 50 53 60 -65 -68 / 65 68 71 -50 -56 -62 / 46 53 -65 -71 / 65 70 -53 -53 / 0 44 56 65 / 64 -44 -56 -65 -68 / 36 48 72 -64 / 62 65 -36 -48 / 0 48 64 67 72 -48 / 0 65 70 74 -48 -58 <END> 
<S> 0 60 65 / 67 -48 -60 / 53 57 63 69 / 69 -53 -57 -63 / 41 53 -69 / 69 -41 -53 / 42 54 69 / 69 -42 -54 / 42 54 69 / 69 -42 -54 / 42 54 69 / 69 -42 -54 / 42 54 69 / 69 -42 -54 / 42 54 69 / 69 -42 -54 <END> 
<S> 42 54 60 62 74 / 69 -42 -54 -66 -74 / 42 54 69 75 78 / 54 60 62 -69 -75 -78 / 69 74 78 -57 -60 -62 / 38 50 -69 -74 -78 / 81 -38 -50 / 50 54 60 72 78 81 / 43 55 71 74 79 / 76 -43 -55 -71 / 74 -43 -55 / 44 56 74 77 / 72 84 -44 -56 <END> 
<S> 43 55 67 72 76 79 / 71 74 -43 -55 / 52 55 60 72 -70 / 72 76 79 -55 -60 -64 / 41 53 -72 -76 -79 / 0 52 55 -72 -76 -79 / 0 48 72 76 81 / 79 -48 -72 -76 / 55 60 64 -72 -76 -79 / 76 -55 -60 -64 -72 -76 / 43 55 72 76 / 72 -43 -55 / 55 60 64 -72 / 73 -55 -60 -64 <END> 
<S> 36 48 72 76 81 / 71 77 -36 -48 / 55 60 64 72 76 / 69 72 76 -55 -60 -64 / 40 52 -69 -72 -76 / 79 -40 -52 / 39 51 69 72 / 70 74 -39 -51 / 39 51 67 72 / 51 55 60 74 / 72 -51 -55 -60 / 40 52 -72 / 73 -40 -52 / 52 58 61 70 / 70 -52 -58 -61 <END> 
<S> 39 51 / 78 -39 -51 / 51 55 61 70 / 72 -51 -55 -61 / 39 51 70 / 72 -39 -51 / 51 55 61 70 / 72 -51 -55 -61 / 46 58 73 / 82 -46 -58 / 51 55 61 -82 / 72 -51 -55 -61 / 39 51 73 / 67 75 -39 -51 / 43 55 -67 -70 / 75 -43 -55 -67 -70 / 58 60 64 68 -39 -51 <END> 
<S> 39 51 70 / 78 -39 -51 / 55 58 63 79 / 70 -55 -58 -63 / 43 55 -70 / 72 -43 -55 / 41 53 74 / 75 -41 -53 / 39 51 75 79 / 77 80 -39 -51 / 40 52 -75 -80 / 72 76 -40 -52 / 39 51 -72 -75 / 70 82 -39 -51 / 39 51 72 -70 / 72 -39 -51 / 40 52 -72 / 70 -40 -52 / 41 53 68 / 68 72 -41 -53 <END> 
<S> 39 51 70 75 / 75 79 -39 -51 / 55 58 63 72 79 / 70 82 -55 -58 -63 / 39 51 -70 -79 -82 / 75 79 -39 -51 / 38 50 72 77 81 / 70 82 -38 -50 / 53 58 62 -70 -79 -82 / 70 74 79 82 -58 -62 / 46 -70 -70 -79 -82 / 70 74 77 -46 / 44 56 72 75 78 82 / 68 72 80 -56 -58 -62 <END> 
<S> 41 53 73 74 82 / 56 61 65 68 77 80 / 70 77 82 -56 -61 -65 / 49 61 -70 -73 -77 / 50 62 -70 -73 -77 / 50 -62 -70 -73 -77 / 58 61 67 76 -70 / 79 -58 -61 -70 -76 / 46 58 -70 -70 -82 / 45 57 69 73 77 / 44 56 68 72 77 <END> 
<S> 45 57 66 75 78 / 44 56 68 72 76 / 65 71 77 -44 -56 / 51 56 60 -68 -71 -77 / 71 75 -51 -56 -60 / 39 51 72 / 71 -39 -51 / 51 67 70 / 71 -51 -67 / 50 62 68 77 / 74 78 -50 -62 / 48 60 67 79 / 67 -48 -60 -64 <END> 
<S> 51 67 / 68 -51 / 52 58 61 69 / 68 -52 -58 -61 / 46 67 73 / 70 -46 -58 / 56 58 62 68 / 65 -56 -58 -62 / 51 63 / 70 -51 / 61 67 / 66 69 / 67 70 / 66 75 78 81 / 0 <END> 
<S> 39 51 / 67 -39 -51 / 39 51 69 / 69 -39 -51 -66 / 39 51 67 70 / 44 56 68 72 / 51 -68 -72 / 51 56 60 68 / 44 56 60 72 / 39 51 -72 <END> 
<S> 44 56 68 72 / 51 56 60 -68 -72 / 68 -51 -56 -60 -68 / 39 51 -68 -72 / 63 72 -51 -68 / 51 56 60 70 / 68 -51 -56 -60 / 44 56 68 / 71 -44 -56 / 51 56 60 72 / 71 77 -51 -56 -60 / 39 51 72 75 / 72 -39 -51 / 51 56 60 70 / 68 -51 -56 -60 <END> 
<S> 44 56 68 / 72 -44 -56 / 51 56 60 -72 / 71 -51 -56 -60 / 39 51 72 / 63 75 -39 -51 / 0 43 55 / 0 44 56 / 68 -44 -56 / 51 56 60 72 / 63 75 -51 -56 -60 / 39 51 -63 -75 / 68 72 -39 -51 / 51 56 60 -68 -72 / 68 -51 -56 -60 <END> 
<S> 0 53 / 68 -53 / 56 58 62 68 / 70 -56 -58 -62 / 46 68 / 72 -46 / 56 58 62 74 / 68 -56 -58 -62 / 0 53 68 / 68 72 -41 -53 / 56 61 65 68 -68 / 65 -56 -60 -65 -68 / 37 49 -65 -68 / 77 -37 -49 / 34 46 70 / 65 70 -46 <END> 
<S> 51 67 / 69 -51 -63 / 58 63 68 70 / 70 -58 -63 -68 / 44 56 68 / 63 68 72 / 51 63 69 / 68 -51 -63 / 46 58 68 / 75 -46 -58 / 51 55 61 75 / 72 -51 -55 -61 / 39 51 73 / 70 -39 -51 / 51 55 61 72 / 69 -51 -55 -61 <END> 
<S> 39 51 70 / 72 -39 -51 / 41 53 68 / 67 -41 -53 / 43 55 67 72 / 75 -43 -55 -67 / 39 51 72 84 / 0 53 60 63 / 0 39 51 / 51 55 60 63 72 / 39 51 66 75 / 51 56 60 72 75 <END> 
<S> 39 51 67 / 72 -39 -51 / 51 56 60 70 / 71 -51 -56 -60 / 39 51 72 / 71 80 -39 -51 / 51 56 60 68 72 / 71 -51 -56 -60 / 39 51 72 / 71 77 -39 -51 / 51 56 60 -68 -77 / 72 -51 -56 -60 <END> 
<S> 39 51 -68 / 72 -39 -51 / 51 56 60 68 / 70 -51 -56 -60 / 39 51 72 / 71 77 -39 -51 / 51 56 60 -68 -77 / 72 -51 -56 -60 / 39 51 72 / 71 -39 -51 / 51 56 60 68 / 70 -51 -56 -60 / 44 56 68 72 / 51 56 60 68 72 <END> 
<S> 44 56 68 / 72 -44 -56 / 51 56 60 75 / 72 -51 -56 -60 / 44 56 68 77 / 65 68 -44 -56 / 39 51 -68 -71 / 68 72 -39 -51 / 51 56 60 -68 -72 / 71 -51 -56 -60 / 39 51 72 / 70 -39 -51 / 41 53 68 / 68 -41 -53 / 40 52 72 / 71 -40 -52 / 41 53 68 / 69 72 -53 <END> 
<S> 39 51 -68 / 72 -39 -51 / 51 56 60 68 / 70 -51 -56 -60 / 39 51 72 / 71 77 -39 -51 / 51 56 60 -68 -77 / 72 -51 -56 -60 / 39 51 72 / 70 -39 -51 / 41 53 68 / 68 -41 -53 / 40 52 68 / 72 -40 -52 -61 / 44 56 68 / 51 56 60 72 <END> 
<S> 39 51 -68 / 72 -39 -51 / 51 56 60 68 / 71 -51 -56 -60 / 39 51 72 / 71 77 -39 -51 / 51 56 60 -68 -77 / 72 -51 -56 -60 / 39 51 72 / 71 -39 -51 / 51 56 60 68 / 70 -51 -56 -60 / 44 56 72 / 71 -44 -56 / 51 56 60 72 / 65 77 -51 -56 -60 <END> 
<S> 52 55 -68 -72 / 73 -52 -55 / 51 56 60 72 / 70 -51 -56 -60 / 52 55 60 72 / 67 -52 -55 -60 / 39 51 70 / 72 -39 -51 / 51 55 61 70 / 67 70 -51 -55 -61 / 39 51 72 -67 / 67 -39 -51 / 51 55 61 70 / 69 -51 -55 -61 <END> 
<S> 39 51 67 75 / 55 58 60 -67 -70 / 72 -55 -58 -63 / 39 51 70 / 72 -39 -51 / 51 55 61 -72 / 70 -51 -55 -61 / 39 51 72 / 70 -39 -51 / 39 51 66 72 / 70 -39 -51 / 39 51 69 / 72 -39 -51 / 40 52 73 / 73 -40 -52 / 39 51 72 / 70 -39 -51 <END> 
<S> 39 51 -68 -77 / 72 -39 -51 / 51 56 60 68 / 71 -51 -56 -60 / 44 56 72 / 71 -44 -56 / 51 56 60 72 / 65 77 -51 -56 -60 / 39 51 72 -66 / 75 -39 -51 / 51 56 60 68 / 71 -51 -56 -60 / 44 56 72 / 71 -44 -56 / 42 54 75 / 72 -42 -54 <END> 
<S> 44 56 -72 / 75 -44 -56 / 51 56 60 72 / 65 77 -51 -56 -60 / 44 56 72 75 / 72 77 -44 / 51 56 60 -72 -75 / 72 75 -51 -56 -60 / 39 51 72 75 / 51 56 60 72 / 71 -51 -56 -60 / 39 51 72 / 63 75 -39 -51 / 0 40 52 / 68 -40 -52 / 71 -40 -52 -68 <END> 
<S> 39 51 -68 / 72 -39 -51 / 51 56 60 -72 / 70 -51 -56 -60 / 52 72 -66 / 72 -42 -52 / 58 60 64 70 / 0 45 57 / 65 -45 -57 / 41 53 68 / 69 -41 -53 / 43 55 70 / 72 -43 -55 / 44 56 70 / 71 -44 -56 <END> 
<S> 0 45 / 65 74 86 -45 / 0 57 60 63 -69 -77 / 72 84 -57 -60 -63 / 50 -72 -78 / 72 75 -42 / 53 57 60 72 75 / 70 74 82 -53 -58 -62 / 46 58 -74 -79 -82 / 72 74 -46 -58 / 56 58 62 68 80 / 68 74 77 -56 -58 -62 / 53 56 -68 -74 -77 / 72 75 -53 -56 / 51 56 60 68 75 / 72 75 -51 -56 -60 <END> 
<S> 44 56 70 74 82 / 72 75 -44 -56 / 51 56 60 68 75 / 72 75 -51 -56 -60 / 44 56 -72 -75 / 71 75 -44 -56 / 51 56 60 -68 -75 / 72 75 -51 -56 -60 / 44 56 -72 -75 / 71 75 -44 -56 / 51 56 60 68 72 / 70 73 -51 -56 -60 / 44 56 68 72 / 65 77 -44 -56 / 51 56 60 68 72 / 70 73 -51 -56 -60 <END> 
<S> 44 56 68 72 / 72 -44 -56 / 51 56 60 75 / 65 77 -51 -56 -60 / 44 56 -65 -77 / 72 -44 -56 / 45 57 65 77 / 0 46 58 / 0 75 / 0 77 / 0 79 / 0 77 / 0 77 / 0 77 / 0 77 / 0 77 <END> 
<S> 53 60 62 / 39 51 -62 / 51 54 60 63 69 / 0 66 -51 -54 -60 / 0 63 67 / 0 63 66 / 0 63 66 / 0 62 65 / 0 60 64 / 0 -60 -64 / 0 64 -60 / 0 52 56 62 64 <END> 
<S> 0 65 / 0 65 / 0 60 64 / 0 62 65 / 0 65 69 / 0 -65 -77 / 0 77 / 0 77 / 0 77 / 0 81 / 0 81 / 0 81 / 0 80 <END> 
<S> 0 / 0 64 / 0 69 / 0 72 / 0 76 / 0 77 / 0 76 79 / 0 78 81 / 0 79 82 / 0 72 78 81 / 0 72 78 82 <END> 
<S> 55 60 64 72 / 72 76 84 -55 -60 -64 / 38 50 -72 -76 / 74 77 81 -38 -50 / 50 62 71 74 83 / 43 55 72 76 82 / 44 56 74 77 83 / 72 84 -44 -56 / 45 57 -72 -84 / 72 76 84 -45 -57 <END> 
<S> 44 56 72 83 / 72 84 -44 -56 / 56 60 -72 -84 -84 / 72 76 84 -56 -60 -64 / 44 -72 -75 -84 / 72 75 80 -44 / 56 60 63 -72 -75 -84 / 72 75 84 -56 -60 -63 / 44 -72 -75 -84 / 56 60 63 -72 -75 -84 / 42 54 75 78 84 / 63 72 75 78 84 -54 <END> 
<S> 44 56 71 83 / 72 75 84 -44 -56 / 51 56 60 -72 -75 -84 / 72 75 84 -51 -56 -60 / 43 55 -72 -75 -84 / 72 76 84 -43 -55 / 55 60 64 70 72 75 79 / 41 53 69 72 77 81 / 53 57 60 69 81 81 84 / 45 57 72 77 84 / 72 75 79 -53 / 58 60 64 74 74 77 / 72 75 81 -58 -60 -64 <END> 
<S> 45 57 72 77 81 / 41 53 -72 -77 -84 / 0 42 81 82 / 0 72 76 84 / 0 74 82 / 0 72 76 84 / 0 74 82 / 0 72 76 84 / 0 65 -72 -77 -81 / 0 77 -65 -72 -77 / 0 77 80 -48 / 0 84 -77 / 0 77 81 <END> 
<S> 0 48 60 72 76 84 / 0 72 84 -52 -72 / 0 -72 -72 -84 / 0 82 -72 / 0 72 / 0 74 / 0 72 / 0 74 / 41 53 77 / 69 81 -41 -53 / 57 60 65 -69 -81 -81 / 81 -57 -60 -65 -69 / 48 60 77 / 81 -48 -60 / 57 60 65 81 / 77 -57 -60 -65 <END> 
<S> 0 69 / 71 74 86 / 54 57 60 63 -75 -78 / 72 -54 -57 -60 -63 / 39 51 -72 -75 / 75 -39 -51 -72 / 51 56 60 70 / 71 -51 -56 -60 / 44 56 68 72 / 51 56 60 68 77 / 39 51 -72 -75 / 51 56 60 72 75 <END> 
<S> 44 56 68 72 / 51 56 60 -68 -72 / 71 -51 -56 -60 / 39 51 72 / 61 73 -39 -51 / 39 51 70 73 / 37 49 -67 -70 / 34 46 -67 -73 / 68 74 -34 -46 / 0 48 60 72 / 70 73 -36 -48 -70 / 41 53 68 72 / 73 -41 -53 / 56 60 65 68 77 / 68 77 -56 -60 -65 -68 <END> 
<S> 51 67 -65 / 70 -51 -63 / 58 63 68 72 / 70 -56 -58 -63 / 0 53 68 / 0 75 -53 / 0 58 61 64 70 / 65 73 -58 -61 -64 / 44 56 60 68 / 65 77 -53 -56 -60 / 49 61 73 / 73 -49 -61 / 44 56 77 / 65 -44 -56 / 41 53 68 / 68 -41 -53 / 42 54 69 / 68 -42 -54 <END> 
<S> 44 56 -68 -72 / 73 -44 -56 / 51 56 60 72 / 72 75 -51 -56 -60 / 39 51 -72 -75 / 70 -39 -51 / 51 55 61 70 / 71 -51 -55 -61 / 39 51 72 / 71 -39 -51 / 51 55 60 72 / 70 -51 -55 -60 / 39 51 72 / 70 -39 -51 / 39 51 66 / 69 -39 -51 <END> 
<S> 39 51 -68 / 72 -39 -51 / 51 56 60 70 / 71 -51 -56 -60 / 44 56 68 72 / 65 68 71 80 / 51 56 60 68 72 / 71 82 -56 -60 -68 / 44 56 72 75 84 / 56 60 68 -72 -75 -84 / 70 72 75 80 -56 -60 -66 / 39 51 -70 -72 -75 -80 / 72 75 -39 -51 -70 / 36 48 70 / 72 75 -36 -48 <END> 
<S> 44 56 71 80 / 72 75 -44 -56 / 42 54 -72 -75 / 71 -42 -54 -72 / 43 55 71 76 / 0 36 48 70 72 76 / 0 52 58 60 -72 -76 / 0 41 53 68 77 / 0 72 75 -41 -53 / 0 51 56 60 68 72 77 / 0 72 75 84 -39 -51 -56 -60 / 44 56 -72 -75 -84 / 72 -39 -44 -56 / 56 60 66 75 -44 / 75 78 87 -60 -63 -66 <END> 
<S> 0 52 67 / 72 76 79 -52 / 58 60 64 -72 -76 -79 / 70 72 76 -58 -60 -64 / 36 48 -70 -72 -76 / 70 -36 -48 / 37 49 67 / 64 69 73 -49 / 44 56 62 65 -72 / 64 71 -56 -56 -60 / 44 56 -65 -68 / 64 -44 -56 / 52 56 62 65 / 71 -56 -59 -62 / 51 56 60 68 / 68 -51 -56 -60 / 51 56 60 63 72 / 68 -51 -56 -60 <END> 
<S> 52 56 -64 -72 / 71 -52 -56 / 51 56 60 72 / 70 -51 -56 -60 / 52 56 60 68 / 71 -52 -56 -60 / 51 56 60 68 / 70 -51 -56 -60 / 52 56 68 / 71 -52 -56 / 51 56 60 72 / 70 -51 -56 -60 / 41 53 68 / 71 -41 -53 / 53 58 62 77 / 65 -53 -58 -62 <END> 
<S> 52 55 61 78 / 73 -52 -55 -61 / 49 61 73 / 73 -49 -61 / 49 61 77 / 70 -49 -61 / 44 56 72 / 65 77 -44 -56 / 0 49 61 / 61 61 70 -49 -61 / 44 56 60 68 / 0 68 <END> 
<S> 44 56 68 / 72 -44 -56 / 51 56 60 -77 / 72 -51 -56 -60 / 39 51 72 / 51 56 60 68 / 39 51 -60 -72 / 44 56 68 72 75 80 / 44 56 72 75 80 / 44 56 -72 -75 -84 / 51 56 60 72 75 80 <END> 
<S> 44 56 -72 -75 / 71 75 -44 -56 / 51 72 72 84 / 51 56 60 -72 -75 / 71 77 -51 -56 -60 / 39 51 72 75 / 70 80 -39 -51 / 51 56 60 -70 -75 -80 / 72 75 80 -51 -56 -60 / 44 56 -72 -75 -84 / 72 75 -44 -56 / 45 57 72 77 / 72 84 -45 -57 / 42 54 -72 -75 / 72 -42 -54 -72 <END> 
<S> 44 56 71 80 / 72 75 84 -44 -56 / 51 56 60 -72 -75 -80 / 72 75 84 -51 -56 -60 / 39 51 -72 -75 -84 / 72 84 -39 -51 / 51 56 60 73 85 / 75 87 -51 -56 -60 / 44 56 72 84 / 72 84 -44 -56 / 56 60 64 68 80 / 72 84 -56 -60 -64 / 44 56 -72 -75 / 74 80 -44 -56 / 56 60 63 72 84 / 70 82 -56 -60 -63 <END> 
<S> 44 56 -72 -75 -80 / 74 77 80 -44 -56 / 51 56 60 72 75 84 / 70 72 75 83 -56 -60 -63 / 44 56 -72 -75 -78 / 72 75 84 -44 -56 -60 / 43 55 -72 -84 / 72 76 -43 -55 / 42 54 -72 -75 / 70 82 -42 -54 / 41 53 72 / 73 77 -41 -53 / 56 60 65 -72 -80 / 72 -56 -60 -65 / 41 53 -72 -84 / 80 -41 -53 -72 <END> 
<S> 41 53 74 / 80 -41 -53 / 56 58 62 73 85 / 74 -56 -58 -62 -70 / 46 80 / 82 -46 / 56 58 62 84 / 74 86 -58 -62 / 53 58 61 73 85 / 73 79 82 -58 -61 / 53 58 61 -70 -77 / 70 -53 -58 -61 / 53 58 62 65 70 74 77 / 46 58 62 65 70 74 / 0 77 <END> 
<S> 46 58 74 77 / 53 58 62 -74 / 41 53 -74 / 39 51 70 / 41 53 65 / 39 51 67 / 63 -51 / 58 63 67 / 70 -58 -63 / 51 67 -67 / 67 70 -51 / 58 63 67 75 -67 / 66 69 78 -58 -63 <END> 
<S> 51 63 / 75 -51 -63 / 46 58 68 / 67 -46 -58 / 51 63 69 / 75 -51 -63 / 51 55 61 -75 / 67 -51 -55 -63 / 46 67 / 67 -46 / 55 58 63 68 / 70 -55 -58 -63 / 51 67 72 / 55 58 63 67 70 / 67 70 -55 -58 -63 <END> 
<S> 39 51 67 / 67 79 -39 -51 / 55 58 63 -67 -79 / 67 70 -55 -58 -63 / 43 55 -70 / 72 -43 -55 / 41 53 70 / 39 51 67 / 38 50 65 / 70 -38 -50 / 39 51 67 72 / 70 -39 -51 -67 / 39 51 -67 -70 / 32 44 66 72 77 / 0 56 60 64 68 73 <END> 
<S> 0 65 / 68 -41 / 56 60 63 68 / 69 -51 -56 -60 / 45 -66 -75 / 72 -45 / 51 54 60 63 72 / 70 -54 -60 -63 / 38 50 60 66 72 / 54 60 62 -66 -72 / 39 51 -66 -69 / 38 50 -66 -66 / 39 51 -66 -69 / 39 51 -66 -69 <END> 
