<S> 0 65 69 72 77 / 0 77 -65 -69 -72 / 0 79 -65 -69 -72 / 0 77 -65 -69 -72 / 0 77 -65 -69 -72 / 0 65 70 74 77 / 0 77 -65 -70 -74 / 0 79 -65 -70 -74 / 0 65 70 73 77 / 0 77 -65 -70 -73 <END> 
<S> 0 65 70 74 77 / 0 68 77 80 / 0 65 70 73 77 / 0 70 73 77 82 / 0 77 82 -46 / 0 36 48 64 67 72 / 70 -36 -48 -64 -67 -72 / 58 60 64 -67 -70 -76 / 76 -58 -60 -64 -70 / 41 53 69 72 77 / 69 72 77 -41 -53 / 48 60 -69 -72 -81 / 67 74 77 -48 -60 <END> 
<S> 48 60 70 72 / 74 -48 -60 -70 / 36 48 70 76 / 67 72 76 -36 -48 / 58 60 64 79 -70 -72 / 41 53 69 72 77 / 45 57 -69 -72 -77 / 48 -69 -72 -77 / 57 60 65 69 77 81 <END> 
<S> 45 67 72 77 / 53 57 63 67 75 79 / 69 75 81 -53 -57 -63 / 41 -69 -69 -81 / 69 75 79 -41 / 53 57 63 67 72 75 / 69 81 -53 -57 -63 / 29 41 -69 -75 / 77 81 -41 -69 / 53 57 63 75 -69 / 72 75 -53 -57 -63 <END> 
<S> 48 69 79 / 75 -48 / 57 60 65 72 / 69 -57 -60 -65 / 53 72 / 71 -53 / 57 60 72 / 69 -57 -60 / 53 74 / 73 -53 / 57 69 72 78 / 45 57 -69 -77 / 69 77 -45 -57 / 42 54 69 74 78 / 69 74 -42 -54 <END> 
<S> 48 65 / 69 -48 / 57 60 65 69 / 72 -57 -60 -65 / 48 74 / 72 -48 / 57 60 65 72 / 69 -57 -60 -65 / 52 72 / 55 60 64 / 55 65 / 67 -55 / 49 67 / 50 65 <END> 
<S> 72 / 57 60 63 -72 / 68 -57 -60 -63 / 0 65 / 0 53 / 0 56 / 0 57 / 0 60 / 0 65 / 0 65 / 53 65 / 53 65 / 52 64 / 49 61 <END> 
<S> 41 53 65 / 69 72 -41 -53 / 42 54 60 -69 -75 / 72 -42 -54 -60 / 43 51 67 / 69 -43 / 55 60 64 / 67 -55 -60 / 48 69 / 72 -48 / 55 60 64 76 / 79 -55 -60 -64 / 52 -79 / 55 60 64 -79 <END> 
<S> 43 -64 / 67 -43 / 52 55 60 64 72 / 74 -52 -55 -60 / 76 -55 / 76 -52 / 52 55 72 76 81 / 60 64 -52 -52 -84 / 0 42 54 / 63 -42 -54 / 50 54 60 69 72 / 66 75 -50 -54 -60 / 42 54 69 73 81 / 60 62 -66 -71 -78 / 78 -66 -66 -66 -78 / 38 50 68 71 78 <END> 
<S> 62 67 71 / 61 76 59 -67 / 62 65 68 71 74 77 / 0 -62 -65 -68 -77 / 0 68 71 77 80 -38 -47 / 0 39 51 -65 -71 -77 -80 / 0 73 -39 -51 -80 / 0 56 61 65 70 73 82 / 44 75 80 80 / 56 61 68 80 -68 -80 / 68 80 -56 -59 -68 <END> 
<S> 44 68 71 80 / 72 84 -32 -68 / 62 65 68 71 77 / 74 77 -62 -65 -68 -71 / 44 68 71 77 / 56 -44 -71 -77 -80 / 74 -44 -56 -74 / 72 80 -44 / 56 62 68 -72 -80 / 74 -56 -59 -62 -68 / 37 49 -68 -73 / 73 -37 -49 / 56 61 65 70 <END> 
<S> 37 49 65 -77 -80 / 80 -37 -49 -65 -68 -73 / 53 56 61 65 75 -65 / 73 77 -53 -56 -61 -65 / 44 56 -73 -77 / 56 61 65 68 80 / 49 61 77 80 / 56 61 65 68 77 80 / 56 80 -68 -77 / 56 61 65 68 77 / 70 -56 -61 -65 / 62 68 77 80 / 56 65 68 68 -77 -80 <END> 
<S> 37 -65 -68 -77 / 68 79 -37 / 50 53 56 59 68 / 70 -37 -49 -53 -58 / 39 51 61 67 70 / 0 44 56 / 68 -44 -56 / 51 56 60 63 75 / 68 -51 -56 -60 / 71 72 82 -56 -60 -68 / 42 54 75 78 -72 / 83 -42 -54 -72 -75 / 0 58 60 80 -72 -78 / 0 <END> 
<S> 44 56 68 / 72 -44 -56 / 56 60 63 68 / 72 -56 -60 -63 / 51 56 60 68 / 63 75 -51 -56 -60 / 0 44 56 -75 / 0 45 57 / 0 46 58 / 75 -46 -58 / 51 55 61 70 / 72 -51 -55 -61 / 39 51 73 / 71 82 -39 -51 / 51 56 60 72 75 / 72 77 -51 -56 -60 <END> 
<S> 0 51 / 70 -54 / 58 60 68 72 / 70 82 -58 -60 -64 / 39 51 70 79 / 75 79 82 -39 -51 / 55 58 63 72 79 84 / 70 74 79 82 -55 -58 -63 / 0 50 -70 -74 -79 -82 / 67 -74 -79 -82 / 0 70 73 82 -43 / 53 58 62 74 77 80 84 / 79 -53 -58 -62 -77 <END> 
<S> 50 78 74 79 82 / 75 82 87 91 / 55 58 62 74 86 -82 / 53 74 80 86 / 56 58 62 68 77 / 74 77 82 -56 -58 -62 / 46 -74 -77 -83 / 73 84 -46 / 58 62 68 73 85 / 68 80 -56 -61 -68 <END> 
<S> 37 49 65 75 77 / 80 -37 -49 -68 -77 / 53 56 61 65 77 80 / 68 80 -53 -56 -61 -65 / 32 44 66 72 77 / 72 -32 -44 -66 -72 / 53 56 60 65 72 -69 -72 / 74 77 -53 -56 -60 -65 -69 / 44 56 72 84 / 72 84 -44 -56 / 56 60 65 68 80 / 75 87 -56 -60 -65 -68 <END> 
<S> 44 56 68 72 80 / 72 84 -44 -56 / 51 56 60 -72 -84 / 72 75 84 -51 -56 -60 / 44 56 -72 -75 -84 / 71 77 -44 -56 / 42 54 72 / 68 -42 -54 / 41 53 68 / 68 71 -41 -53 / 40 52 -68 -71 -80 / 68 -40 -52 -68 -71 / 71 -40 -52 -68 -71 / 71 -40 -52 -68 -71 / 62 67 71 -40 -52 / 41 53 65 69 72 <END> 
<S> 44 71 / 72 75 -44 / 52 56 60 68 72 / 71 -52 -60 -60 -68 / 63 67 71 -51 / 52 67 69 / 71 -52 / 49 69 / 76 -49 / 77 81 / 79 81 / 0 77 / 0 79 / 0 69 81 / 0 67 76 / 0 69 72 76 81 / 0 69 72 76 81 / 0 69 72 75 81 <END> 
<S> 64 67 79 / 88 -60 -64 -67 / 72 78 -61 -64 / 67 73 79 91 / 61 61 67 71 77 / 51 63 67 72 76 / 55 68 69 -51 / 72 -55 -57 -63 / 71 -54 -60 -63 / 71 -51 -60 -63 / 50 62 68 72 76 / 74 -50 -62 -68 / 74 -50 -62 -68 / 71 74 -50 -62 <END> 
<S> 0 50 65 / 70 82 -50 -62 / 53 58 62 68 -79 / 70 74 77 82 -56 -58 -62 / 46 58 -70 -74 -77 -82 / 74 -46 -58 / 44 56 68 72 77 80 / 56 60 66 -68 -72 -75 -80 / 70 72 75 80 -56 -60 -66 / 42 54 -70 -72 -75 -80 / 72 75 -42 -54 -70 / 38 50 -70 -73 -82 / 75 -38 -50 -70 <END> 
<S> 0 45 70 75 82 / 77 82 87 -36 -48 / 58 61 64 -76 -82 -86 / 69 75 78 -58 -61 -64 / 44 72 77 84 / 56 60 65 -72 -77 -84 / 77 80 -56 -60 -65 / 44 56 -72 -77 -84 / 56 60 66 -72 -80 -84 / 72 78 80 -56 -60 -66 / 44 56 -72 -78 -84 / 72 75 -44 -56 / 45 57 72 78 / 72 84 -45 -57 <END> 
<S> 44 56 71 80 / 72 76 84 -44 -56 / 36 48 -72 -84 / 67 75 79 -36 -48 / 37 49 68 77 / 73 -37 -49 -73 / 53 56 61 65 70 73 / 73 -53 -56 -61 -65 / 64 73 -55 -58 -61 / 44 56 65 68 / 49 61 68 77 / 47 59 77 / 68 80 -47 <END> 
<S> 37 49 65 68 77 / 53 56 61 -65 -68 -73 / 68 -53 -56 -61 -65 / 37 49 -65 -68 / 50 65 68 / 34 46 65 68 72 / 36 48 65 68 72 / 51 56 60 -65 -68 -75 / 41 53 -60 -68 -77 / 42 54 75 78 82 <END> 
<S> 41 53 65 68 74 / 61 64 68 -41 -41 -74 / 36 -62 -68 -74 / 0 61 64 70 73 / 0 61 64 70 73 / 41 53 65 69 72 77 / 0 / 29 41 77 81 89 89 <END> 
<S> 53 65 / 74 -53 -65 / 57 62 65 74 / 75 -53 -62 -65 -65 / 45 57 -69 -72 -81 / 77 -45 -57 / 41 69 72 77 / 69 72 77 -41 -53 / 43 55 76 72 76 79 / 48 60 72 76 81 -72 -76 / 79 -48 -60 -72 -76 <END> 
<S> 44 67 72 79 / 74 77 -44 -72 / 55 60 64 72 76 / 74 77 -55 -60 -64 / 48 76 84 / 76 79 84 -48 / 58 60 64 -76 -84 / 74 82 -58 -60 -64 / 36 48 76 79 / 77 81 -36 -48 / 58 60 64 79 82 / 76 82 84 -58 -60 -64 / 36 48 -76 -82 / 76 82 -36 -48 / 58 60 64 -76 -84 / 85 -58 -60 -64 <END> 
<S> 48 60 76 88 / 72 76 86 -48 -60 / 58 60 64 -79 -84 / 75 81 84 -58 -60 -64 / 48 55 -70 -81 -84 / 81 -48 -48 / 58 60 64 84 / 82 -58 -60 -64 / 36 48 81 / 82 -36 -48 / 58 60 64 82 / 82 -58 -60 -64 / 41 53 77 / 80 -41 -53 / 58 60 68 84 / 72 81 -58 -60 -68 <END> 
<S> 43 55 -82 / 82 -43 -55 / 58 60 64 82 / 73 85 -58 -60 -64 / 36 48 81 / 82 86 -36 -48 / 58 60 64 79 84 / 82 -58 -60 -64 -76 / 82 -46 -58 -60 / 58 60 64 -82 / 78 -58 -60 -64 / 48 60 -81 / 79 -48 -60 / 46 58 79 / 73 -46 -58 / 45 57 72 / 70 -45 -57 <END> 
<S> 52 55 58 73 / 78 -52 -55 -58 / 53 58 61 73 / 81 -50 -53 -58 / 53 58 61 -81 / 79 -53 -58 -61 / 47 62 77 / 49 53 61 75 / 43 77 / 73 77 -44 / 56 58 62 68 74 / 70 74 -58 -62 <END> 
<S> 50 62 65 / 70 -41 -62 / 49 61 77 / 61 -49 -61 / 77 -49 -61 / 34 46 77 / 74 -34 82 / 0 36 48 / 69 -36 -48 / 58 60 64 70 72 / 41 53 69 72 77 / 45 57 -69 -72 -77 / 46 58 -65 -69 -72 -77 <END> 
<S> 48 67 / 72 -48 / 57 60 63 69 / 70 -55 -60 -63 / 50 62 67 / 53 57 62 65 / 43 55 64 67 / 45 57 63 66 / 46 58 62 / 66 -46 -58 <END> 
<S> 55 67 / 58 61 -67 / 66 -55 -58 -67 / 46 67 / 70 -46 / 55 58 63 72 / 75 -55 -58 -63 / 51 67 75 / 55 58 63 -67 -75 / 75 -55 -58 -63 / 39 51 72 / 55 58 63 -72 / 70 -55 -58 -63 <END> 
<S> 39 51 70 82 / 89 -39 -51 / 55 58 63 79 / 81 -55 -58 -63 / 43 55 82 / 75 -43 -55 / 55 58 63 75 / 77 -55 -58 -63 / 36 48 69 75 77 / 67 72 -36 -48 / 55 60 69 72 -69 / 72 75 -55 -60 -63 / 41 -69 -72 / 67 -41 / 57 60 65 72 <END> 
<S> 48 60 75 / 75 -48 -60 / 47 59 68 74 / 74 -47 -59 -68 / 67 72 76 -43 -55 / 52 56 60 -67 -72 -76 -79 / 72 -52 -55 -60 -64 / 32 45 72 / 71 77 -32 -45 / 38 50 57 60 72 76 / 69 72 -50 -60 -78 / 38 50 -66 -72 -76 / 74 -38 -50 -66 -72 / 35 43 71 74 / 72 76 -43 / 50 62 77 -71 <END> 
<S> 45 57 66 78 / 45 -60 -66 -75 / 43 -78 -66 / 87 -43 -71 -69 / 38 50 -62 -71 -78 / 66 69 74 -43 -54 / 52 57 62 67 71 76 / 69 76 -52 -55 -60 / 43 55 -71 -76 / 71 76 -43 -55 / 50 55 59 67 71 76 / 43 55 59 64 71 / 50 55 59 -62 -67 <END> 
<S> 43 71 74 / 67 -43 -71 / 50 55 59 71 79 / 71 74 79 -52 -55 -59 / 46 58 67 -74 -79 / 76 -46 -58 / 55 58 61 67 77 / 70 -55 -58 -61 -67 / 51 55 58 63 72 / 79 -55 -58 -61 / 39 51 72 / 67 -39 -51 / 51 55 60 70 / 72 -51 -55 -60 <END> 
<S> 39 51 79 / 67 -39 -51 / 55 58 63 69 / 70 -55 -58 -63 / 43 55 -70 / 67 -43 -55 / 44 56 68 / 72 -44 -56 / 41 53 75 / 77 -41 -53 / 56 60 65 77 / 79 -56 -60 -65 / 44 56 -76 / 72 84 -44 -56 / 51 56 60 68 82 / 72 75 -51 -56 -60 <END> 
<S> 39 51 -72 -77 / 67 75 -51 / 51 55 68 72 75 / 70 73 77 -51 -55 / 39 51 -70 -70 -75 / 72 75 -39 -51 / 39 51 69 70 75 / 37 49 -67 -70 / 37 49 68 73 77 / 44 56 65 68 72 77 <END> 
<S> 44 -65 -68 -77 / 72 -44 -56 / 42 54 60 75 / 65 75 -42 -54 -57 -63 / 39 45 67 66 73 / 69 73 -45 -33 / 57 61 64 -45 -57 -73 / 76 -45 -57 -61 -64 / 43 57 65 71 76 / 67 71 77 -43 -55 / 50 55 59 -71 -71 -74 -79 / 83 -50 -55 -59 / 38 50 71 74 79 / 83 -38 -50 -71 / 55 59 62 83 / 71 81 -55 -59 -62 <END> 
<S> 50 62 71 78 / 45 57 60 69 78 / 81 -50 -57 -60 -62 / 38 50 78 -60 / 77 -38 -50 -78 / 0 50 62 / 55 59 65 / 58 71 / 59 71 / 55 67 / 57 69 <END> 
<S> 55 59 62 67 / 67 71 79 -59 -62 / 47 59 -67 -71 -75 -79 / 78 -47 -59 -67 -71 / 47 59 65 77 -67 / 83 -47 -59 -65 -71 / 55 59 65 68 80 / 71 -55 -59 -65 -71 / 48 72 / 71 -48 / 55 60 64 76 / 79 -55 -60 -64 / 52 -79 / 55 60 64 -79 <END> 
<S> 55 60 64 72 / 71 -52 -55 -60 / 72 -52 -55 -60 / 71 -55 -60 -64 / 50 53 60 69 / 71 -50 -54 -60 -62 / 71 -50 -60 -62 / 38 50 60 66 69 / 50 54 60 66 69 / 71 -50 -54 -60 -62 / 71 74 79 83 -52 -62 / 50 -60 -71 -74 -79 -83 / 78 -50 -62 / 43 55 71 79 / 47 59 67 71 74 <END> 
<S> 43 55 67 / 67 72 -43 -55 / 52 55 61 -67 -70 / 71 -55 -61 -67 / 46 58 67 / 70 -46 -58 / 44 56 68 72 / 65 71 -44 -56 / 42 54 -71 -71 / 75 -42 -54 -63 -70 / 42 54 -68 -73 / 75 -42 -54 -66 / 43 55 61 71 / 71 -43 -55 -59 <END> 
<S> 44 56 68 75 / 65 71 -44 -56 / 53 56 60 68 72 / 65 68 72 -53 -56 -60 / 43 -65 -68 -72 / 70 -43 / 52 55 61 65 69 / 68 -51 -56 -61 / 46 58 67 / 70 -46 -58 / 47 59 67 / 65 -47 -59 -62 / 48 64 67 / 69 -48 -64 / 52 55 60 -64 -69 -72 / 64 -52 -55 -60 -64 <END> 
<S> 43 55 60 64 / 55 58 60 64 / 62 -55 -58 -60 -64 / 65 67 76 -55 -60 / 48 55 -64 -70 / 79 -48 -55 -60 / 52 81 / 82 -52 / 53 57 63 81 / 76 -53 -57 -63 / 52 79 / 81 -52 / 55 60 64 -79 / 81 -55 -60 -64 <END> 
<S> 55 76 88 / 79 -43 -55 / 58 60 64 84 / 76 88 -58 -60 -64 / 48 -76 -79 -84 / 76 82 -48 / 58 60 64 76 82 / 69 81 -58 -60 -64 / 45 -69 -81 / 69 -45 -69 / 53 57 65 69 74 / 69 72 -53 -57 -65 / 41 -69 -75 / 72 -69 / 53 57 63 67 / 69 -53 -57 -63 <END> 
<S> 45 69 / 71 -45 / 41 53 60 72 / 69 72 77 -41 -53 / 48 60 -65 -69 -77 / 41 53 69 77 / 72 -41 -53 -69 / 42 54 69 75 / 65 69 74 -42 -54 / 42 54 69 72 75 / 69 72 75 -42 -54 / 43 55 76 -69 -72 / 81 -43 -55 / 36 48 79 / 48 60 76 -48 / 62 -48 -72 -76 <END> 
<S> 43 55 67 72 76 / 48 72 76 / 55 60 64 70 72 / 67 70 -55 -60 -64 / 43 55 -67 -73 / 63 -43 -55 / 55 60 64 65 / 72 -55 -60 -64 / 43 55 -72 / 79 -43 -55 / 39 51 79 / 72 -39 -51 / 40 52 -72 / 68 -40 -52 / 52 56 -52 -68 <END> 
<S> 44 56 68 / 72 -44 -56 / 51 56 60 -72 -80 / 71 77 -51 -56 -60 / 39 72 75 / 51 72 75 84 / 0 72 / 51 67 79 / 68 84 -51 / 52 56 60 82 / 72 78 -52 -60 / 46 58 -72 / 70 82 -46 -58 / 44 56 72 84 / 43 55 70 82 <END> 
<S> 0 78 / 68 72 76 85 / 51 63 72 75 84 / 75 87 -51 -63 / 63 67 72 75 83 / 63 72 75 -63 -63 -72 -75 / 68 70 72 -63 -63 / 51 -63 -69 -72 -75 / 65 70 74 -63 / 69 72 -65 -68 / 68 71 74 83 / 56 68 77 <END> 
<S> 66 69 71 74 86 / 65 68 71 74 / 57 66 69 72 75 / 63 -69 -72 -75 / 62 65 -69 -72 -81 / 44 -65 -72 -76 -81 / 45 57 -69 -72 -77 / 43 55 71 74 / 44 56 72 76 / 74 77 -44 -56 <END> 
<S> 45 57 -72 -75 / 47 59 71 83 / 45 -71 -76 -81 / 47 59 71 77 80 / 39 51 72 78 / 63 75 78 -39 -51 / 52 55 60 72 76 81 / 72 81 -52 -55 -60 / 55 60 64 79 -72 / 76 -55 -60 -64 -72 / 0 52 72 / 0 79 / 0 76 <END> 
<S> 44 -76 88 / 72 75 84 -44 / 52 55 60 -72 -76 -84 / 67 79 -52 -60 / 45 57 66 72 / 44 56 74 / 51 56 60 72 / 45 57 72 78 78 / 45 57 69 72 81 / 76 -45 -57 <END> 
<S> 45 57 -72 / 73 -45 -57 / 42 54 73 / 69 -42 -54 / 43 55 73 / 71 -43 -55 / 45 57 72 / 70 73 -45 -57 / 41 53 69 72 / 71 74 -41 -53 / 50 53 60 69 72 / 69 -50 -54 -60 / 43 55 62 67 72 / 65 71 74 -43 -55 -59 <END> 
<S> 41 69 79 / 65 -41 -73 / 56 -41 -65 -71 -74 / 68 -41 -53 -65 / 61 65 69 72 -41 / 68 -41 -60 -65 -68 / 36 65 69 77 / 0 48 65 69 72 / 74 -36 -48 -65 -70 -74 / 0 65 69 72 -48 / 48 53 57 63 67 72 / 65 69 74 -48 -53 -57 -65 / 41 53 -69 -77 / 69 72 -41 -53 -69 / 42 54 -69 -72 -81 / 70 74 -42 -54 <END> 
<S> 41 65 69 74 / 60 65 -41 -41 -69 / 61 65 68 -41 -60 -65 / 36 65 69 -41 -60 / 60 65 69 -41 / 48 -60 -65 -69 / 65 69 -41 -60 -65 / 36 48 -60 -64 -69 / 67 -36 -48 -60 -64 / 41 60 65 69 / 60 65 69 -41 / 48 -60 -65 -69 / 62 65 69 -41 / 48 53 -65 -69 / 65 69 -41 -53 / 60 65 -65 -53 -57 -72 / 0 69 72 77 <END> 
<S> 41 60 65 69 / 65 -41 -60 -65 / 48 65 -60 -65 -69 / 69 -41 -60 -65 -69 / 48 69 72 77 -48 / 75 -48 -69 -69 / 45 57 72 78 84 / 44 56 72 84 87 / 48 60 64 75 78 / 78 -60 -64 -72 / 46 58 67 76 <END> 
<S> 45 57 72 84 / 78 -45 -57 -72 -75 / 43 55 71 77 81 / 71 83 -43 -55 -71 -74 / 36 48 76 88 / 72 84 -36 -48 -76 / 58 60 64 70 -76 -79 / 76 79 -58 -60 -64 / 41 53 69 77 81 / 57 60 65 -69 -77 -81 / 45 57 72 77 84 / 44 56 -72 -77 -84 <END> 
<S> 45 57 72 77 84 / 41 53 -72 -77 -84 / 42 54 69 72 75 81 / 43 55 -69 -72 -75 -81 / 43 55 70 76 79 / 41 53 69 72 77 / 69 72 77 -41 -53 / 57 60 65 69 72 77 -72 / 69 72 77 81 -57 -60 -65 / 48 60 -65 -72 -77 / 72 76 84 -45 -57 / 0 53 57 60 65 72 77 / 0 72 84 -57 -60 -65 <END> 
<S> 41 53 65 77 / 69 72 74 -41 -53 / 57 60 65 -69 -72 -77 / 65 69 72 -57 -60 / 48 60 -65 -69 -72 / 72 -48 -60 -64 / 41 53 -69 -72 / 69 -41 -53 / 48 60 69 / 77 -48 -60 / 46 58 67 79 / 44 56 74 77 <END> 
<S> 41 53 -67 -72 / 74 -41 -53 / 48 60 72 / 77 -48 -60 / 36 48 -72 / 82 -36 -48 / 43 55 76 / 73 -43 -55 / 43 55 70 / 72 -43 -55 / 44 56 -72 / 71 -44 -56 / 48 60 72 / 73 -48 -60 / 37 49 68 / 67 -37 -49 <END> 
<S> 44 71 / 72 76 -44 / 56 59 62 -72 / 71 -56 -60 -62 / 43 71 / 75 -43 / 52 55 62 77 / 78 -52 -55 -60 / 39 51 72 / 71 77 -39 -51 / 51 55 60 72 / 67 73 -51 -55 -60 / 43 -67 -72 / 63 -43 / 55 60 64 <END> 
<S> 39 51 -72 -75 / 75 -39 -51 / 51 55 60 70 / 72 -51 -55 -60 / 39 51 73 / 66 75 -39 -51 / 51 56 60 68 72 / 71 -51 -56 -60 / 41 53 72 / 70 -41 -53 / 53 56 62 68 / 68 -53 -56 -62 / 53 56 62 68 / 67 -53 -56 -62 / 53 58 62 68 -65 / 67 -53 -58 -62 <END> 
<S> 41 53 74 / 80 -41 -53 / 56 58 62 84 / 80 -56 -58 -62 / 34 46 79 / 80 -34 -46 / 56 58 62 77 / 74 -56 -58 -62 / 39 51 72 75 / 70 82 -39 -51 / 55 58 63 72 -70 / 70 74 82 -55 -58 -63 / 44 -70 -75 -79 / 72 75 -44 / 55 60 63 74 / 75 -55 -60 -63 <END> 
<S> 39 51 75 79 / 77 80 -39 -51 / 58 63 67 75 79 / 77 86 -58 -63 / 44 56 68 80 / 72 80 -44 -56 / 51 56 60 -72 -80 / 72 77 -51 -56 -60 / 39 51 -72 -77 / 75 -39 -51 / 51 56 60 70 / 72 -51 -56 -60 / 39 51 75 / 65 77 -39 -51 / 51 55 61 -70 -77 / 79 -51 -55 -61 <END> 
