<S> 55 67 / 54 66 / 53 65 / 58 70 / -58 -70 / 57 69 / 58 70 / 60 72 / 59 71 / 58 70 / 62 74 / -62 -74 / 61 73 / 62 74 <END> 
<S> 53 69 / 62 71 / 63 71 / 62 71 / 60 72 / 62 71 / 61 67 / 60 66 / 50 62 / 49 61 / 52 64 / 53 65 / 52 64 / 57 69 / 50 62 <END> 
<S> -64 -67 / 66 -52 / 50 54 60 69 / 70 -50 -54 -60 / 38 69 78 / 50 54 60 72 78 / 71 74 82 -54 -60 -62 / 38 50 -74 -78 -78 / 72 -38 -50 / 54 60 62 74 78 / 42 54 72 75 78 <END> 
<S> 38 50 78 76 84 86 / 54 60 62 74 78 -72 -78 / 72 76 79 87 -52 -60 -62 / 0 43 55 -75 -78 -84 / 0 45 57 61 76 78 84 / 0 / 45 57 66 78 / 69 72 81 -45 -57 / 0 45 57 / 0 38 50 / 0 75 87 -38 -50 <END> 
<S> 45 57 -67 / 78 -45 -57 -66 / 38 50 72 78 81 / 78 -42 -54 -72 -78 / 39 51 -72 -78 -78 / 82 -39 -51 -75 / 58 60 66 78 / 75 78 82 -60 -63 / -66 -75 -78 -78 / 72 84 -48 / 63 75 80 84 / 68 -72 -76 -84 / 68 80 -72 -68 / 51 56 72 80 / 68 80 -51 -72 <END> 
<S> 44 56 68 72 80 / 72 80 -44 -56 / 51 56 60 -72 -84 / 72 75 -51 -56 -60 / 40 52 -72 -78 / 72 -40 -52 / 42 54 73 / 70 -40 -54 / 41 53 68 / 68 -41 -53 / 56 58 62 68 / 65 -56 -58 -62 / 51 63 / 66 -51 / 52 55 61 67 / 68 -52 -55 -61 <END> 
<S> 46 58 73 / 65 -46 -58 / 51 55 61 67 / 71 -51 -55 -61 / 39 51 70 / 72 -39 -51 / 41 53 82 / 80 -41 -53 / 56 58 62 74 / 80 -56 -58 -62 / 39 51 -80 / 79 -39 -51 / 55 58 63 81 / 82 -55 -58 -63 <END> 
<S> 39 51 70 75 / 75 -39 -51 / 55 58 63 72 / 70 -55 -58 -63 / 43 55 -70 / 72 -43 -55 / 36 48 -72 / 67 -36 -48 / 0 41 53 / 65 68 80 -41 -53 / 0 65 69 72 77 81 -53 / 0 60 65 69 74 77 / 61 67 70 76 79 <END> 
<S> 48 65 77 / 72 -48 -60 / 57 60 65 69 77 / 72 77 81 -57 -60 -65 / 44 56 -72 -76 -81 / 76 -44 -56 / 64 72 76 81 / 52 -64 -72 -76 -79 / 48 -64 -72 -76 -79 / 36 48 72 76 81 / 43 55 71 76 82 / 41 53 69 81 / 65 71 74 -41 -53 <END> 
<S> 36 48 67 76 81 / 74 77 -36 -48 / 55 76 76 88 / 61 64 72 -76 -84 / 76 84 -48 -60 -70 / 36 48 76 80 / 76 82 -36 -48 / 58 60 64 -79 -82 / 76 79 84 -58 -60 -64 / 36 48 -76 -82 -84 / 76 82 81 -36 -48 / 58 60 64 -76 -82 -86 / 72 76 84 -58 -60 -64 <END> 
<S> 45 57 75 81 / 78 84 87 -45 -57 / 57 60 65 74 86 / 76 84 -57 -60 -65 / 41 53 77 -84 / 77 81 86 -53 -41 / 57 60 65 -77 -81 -86 / 84 -57 -60 -65 -77 -81 / 57 60 65 72 77 81 / 41 77 81 84 86 / 57 60 65 72 84 -77 <END> 
<S> 45 57 77 86 / 75 87 86 -45 -57 / 0 53 60 83 / 72 84 87 -53 -60 / 42 54 -72 -84 -84 / 75 87 -42 -54 / 43 55 76 84 / 76 82 88 -43 -55 / 58 60 64 -76 -82 -82 / 76 82 85 -58 -60 -64 / 36 48 -76 -82 -84 / 76 82 86 -36 -48 / 58 60 64 -76 -82 -84 / 84 -58 -60 -64 -76 -82 / 76 82 82 86 -36 -48 / 58 60 64 -76 -82 -86 / 81 82 -58 -60 -64 <END> 
<S> 48 60 76 82 / 72 76 84 -48 -60 / 58 60 64 -76 -84 / 76 82 -58 -60 -64 / 36 48 -76 -82 / 76 82 -36 -48 / 58 60 64 72 84 / 70 82 -58 -60 -64 / 43 55 -70 -82 / 76 79 -43 -55 / 44 56 77 84 / 72 84 -44 -56 / 45 57 -72 -84 / 77 -45 -57 / 57 60 65 74 77 81 <END> 
<S> 44 56 74 83 / 72 84 -44 -56 / 45 57 -72 -84 / 72 77 84 -45 -57 / 44 56 -72 -75 -84 / 72 75 84 -44 -56 / 45 57 -72 -75 -84 / 76 -45 -57 / 52 57 60 76 / 76 -57 -60 -64 / 50 62 77 / 76 -50 -62 / 57 62 65 69 / 77 -57 -62 -65 / 50 62 80 / 74 -50 -62 / 49 61 69 75 / 66 -49 -61 -69 <END> 
<S> 45 57 69 73 77 / 77 -45 -57 -66 -69 / 54 57 62 74 -45 / 75 78 -54 -57 -62 -67 / 46 58 67 -78 / 74 -46 -58 -67 / 50 62 77 / 79 -50 -62 / 48 60 83 / 83 -48 -60 / 47 59 -81 / 80 -47 -59 -68 / 56 83 -68 / 83 -56 -68 -71 / 63 75 78 87 / 87 -63 -68 -71 / 63 68 75 -83 / 83 -63 -68 -71 <END> 
<S> 39 51 79 / 80 82 -39 -51 / 58 63 67 82 / 87 -58 -63 -67 / 43 55 70 / 75 -43 -55 / 58 63 67 77 / 79 -58 -63 -67 / 44 68 80 / 80 -44 -68 / 56 60 63 68 80 / 72 75 -51 -56 -60 / 44 56 -72 -75 / 71 74 -44 -56 / -44 -56 -65 / 63 72 -42 -56 <END> 
<S> 44 56 68 80 / 72 75 -44 -56 / 56 60 -68 -72 -75 / 72 75 -56 -60 -68 / 39 -68 -72 -75 / 68 -39 -68 / 51 56 60 72 -68 / 70 73 -51 -56 -60 / 39 51 -70 -73 / 72 75 -39 -51 / 51 56 60 70 / 71 -51 -56 -60 / 41 53 80 / 80 -41 -53 / 56 58 62 84 / 80 -56 -58 -62 <END> 
<S> 37 -68 -68 / 75 79 -37 / 53 56 61 77 / 75 -53 -56 -61 / 44 56 72 77 80 / 56 60 65 -72 -77 / 70 -56 -60 -65 / 68 72 80 80 -56 -60 -63 / 39 51 -69 -72 -80 / 68 80 -39 -51 -63 / 38 50 68 72 / 70 -38 -50 / 36 48 70 76 / 72 76 -36 -48 / 58 60 64 70 / 72 -58 -60 -64 <END> 
<S> 39 51 67 70 / 72 -39 -51 / 36 58 70 / 67 73 -34 -46 / 53 57 62 -70 -74 / 72 -53 -56 -62 / 0 53 68 / 69 -41 -53 / 42 54 60 70 / 60 68 -42 -54 -54 -60 / 38 50 60 66 69 / 63 66 -42 -54 -60 -66 / 43 -60 -64 -69 / 69 -40 -52 -66 / 54 60 62 66 72 <END> 
<S> 62 41 68 / 69 -41 -62 / 52 56 62 65 68 / 71 -44 -56 -59 -65 / 43 53 67 71 74 / 55 59 62 65 68 71 77 / 67 77 -55 -59 -62 -65 / 38 50 -67 -71 / 67 71 79 -38 -50 / 50 54 60 -67 -71 -79 / 76 -50 -54 -60 -67 / 47 59 74 -67 / 83 -47 -59 -47 <END> 
<S> 43 55 65 67 71 / 67 71 -43 -55 -62 / 50 55 59 -62 -67 -71 / 83 -55 -62 -62 -67 / 44 56 -62 -71 / 48 60 64 / 44 56 62 65 68 74 / 50 62 65 68 71 / 49 61 64 68 75 / 51 63 63 75 / 70 -51 -63 / 46 58 68 / 67 -46 -58 <END> 
<S> 46 58 67 68 / 53 65 68 / 68 -41 -53 -68 / 51 63 67 73 / 68 -51 -63 -67 / 46 58 66 68 / 67 70 -46 -58 / 39 51 -67 -70 / 66 72 -39 -51 / 43 55 70 / 71 -43 -55 / 42 54 72 / 73 -42 -54 <END> 
<S> 39 51 -67 -75 / 79 -39 -51 / 39 51 67 79 / 0 39 51 / 67 -39 -51 / 0 52 55 / 61 64 -52 -55 / 68 -52 -55 -58 -64 / 70 -49 -58 -60 / 48 55 60 -70 / 65 -48 -55 -58 / 64 76 -52 -55 / 49 61 76 / 49 61 -61 -73 <END> 
<S> 39 51 -65 -72 / 70 82 -39 -51 / 51 56 60 -70 -75 / 72 -51 -56 -60 / 39 51 70 / 72 -39 -51 / 51 56 60 70 / 71 -51 -56 -60 / 44 56 72 / 71 -44 -56 / 44 56 72 / 80 -44 -56 / 41 53 75 / 80 -41 -53 / 42 54 72 75 84 / 56 60 66 68 72 75 / 70 73 78 -56 -60 -66 <END> 
<S> 44 56 -77 / 75 -44 -56 / 56 60 65 72 / 75 -56 -60 -65 / 36 48 72 76 / 75 79 -36 -48 / 58 60 64 72 76 79 / 69 72 76 84 -58 -60 -64 / 41 53 -69 -72 -75 -81 / 69 -41 -53 / 57 60 65 69 72 / 65 75 -57 -60 -65 / 53 65 69 77 / 67 71 79 -53 / 57 61 65 69 77 / 75 -57 -61 -65 -69 <END> 
<S> 41 53 65 69 74 / 69 72 -41 -53 -65 / 42 54 60 63 69 / 69 72 -42 -54 -63 -75 / 0 43 55 67 / 67 -43 -55 -67 / 0 52 55 58 69 / 46 58 61 70 / 48 60 69 / 70 -48 -60 / 41 53 68 / 69 72 77 -41 -53 / 56 60 63 -66 -72 -75 / 66 74 78 82 -56 -60 <END> 
<S> 48 65 77 / 72 -48 -56 / 53 57 63 75 / 69 75 -53 -57 -63 / 46 58 70 75 / 70 74 -46 -58 / 55 58 63 -74 / 79 -55 -58 -63 / 39 51 72 / 71 82 -39 -51 / 54 57 63 75 87 / 72 75 84 -54 -57 -60 / 41 53 -72 -78 -84 / 67 75 79 -41 -53 / 53 58 63 68 77 -70 / 70 74 77 -53 -58 -62 <END> 
<S> 39 51 -77 -84 / 75 79 -39 -51 / 58 63 67 72 77 84 / 84 -58 -63 -67 -75 / 43 55 67 71 79 / 55 63 -67 -70 -75 -79 / 51 -67 -70 -75 -79 / 46 -67 -70 -75 -79 / 51 63 67 75 79 / 46 58 63 67 75 / 0 70 <END> 
<S> 78 78 84 87 / 58 67 -75 -79 -82 / 53 -63 -70 -75 -82 / 44 70 74 82 / 72 84 -41 -53 / 42 54 -72 -72 -75 / 70 74 -42 -54 -70 / 41 53 -70 -70 -74 / 40 52 -70 -70 -73 / 41 53 74 77 80 / 40 52 73 73 79 / 0 / 37 49 67 75 79 <END> 
<S> 34 46 70 74 82 / 77 -34 -46 -68 / 53 56 62 77 80 / 74 77 81 -56 -62 -62 / 46 58 -70 -77 -80 / 74 77 86 -46 -58 / 53 58 61 72 79 82 / 73 77 80 -53 -58 -61 / 50 77 -73 -77 / 70 74 77 -50 / 56 62 65 68 77 / 70 74 -62 -65 -65 / 53 56 65 68 77 / 65 77 -57 -65 -56 -65 <END> 
<S> 34 46 74 82 / 74 -34 -46 / 56 58 62 77 / 68 -56 -58 -62 -68 / 39 51 67 77 / 49 61 67 75 / 0 39 51 / 0 44 56 / 51 56 60 63 68 75 / 39 51 -60 -68 -75 / 39 51 68 72 / 51 56 60 72 75 <END> 
<S> 0 45 / 77 -45 -66 / 54 57 60 63 75 / 72 -54 -57 -60 -63 / 41 53 -72 / 68 -41 -53 / 39 51 60 72 / 71 -39 -51 / 41 53 62 / 67 -41 -53 / 40 52 -62 -67 / 62 -43 -52 -55 / 36 48 64 67 72 / 62 69 -36 -48 / 60 65 69 -48 -60 <END> 
<S> 53 65 / 62 65 -53 / 61 63 67 / 62 65 68 -49 / 50 53 -65 -67 / 68 -50 -53 / 51 63 71 / 69 -51 -63 / 52 68 -66 / 67 -52 -64 / 52 69 -52 / 68 -52 -68 / 64 -52 -64 <END> 
<S> 39 51 -67 / 67 75 -39 -51 / 39 51 -67 / 68 -39 -51 / 40 52 68 / 71 -40 -52 / 64 -40 -52 / 71 -40 -52 -68 / 47 59 68 76 / 44 56 60 68 72 / 39 51 -68 -72 / 51 56 60 72 75 <END> 
<S> 44 56 68 72 / 51 56 60 -68 -72 / 71 -51 -56 -60 -72 / 39 51 72 -68 / 67 73 -39 -51 / 51 56 60 -68 -68 / 72 -51 -56 -60 / 44 56 68 72 / 51 56 60 68 72 / 39 -68 -72 / 51 56 60 72 75 <END> 
<S> 44 56 -68 -72 / 71 75 -44 -56 / 51 56 60 68 72 / 70 -51 -56 -60 / 52 55 68 72 / 51 68 75 / 51 72 75 / 39 51 -72 -75 / 70 -39 -51 / 39 51 70 / 71 -39 -51 / 38 50 70 / 77 -38 -50 <END> 
<S> 39 51 -68 / 70 -39 -51 / 39 51 67 / 69 -39 -51 / 39 51 67 70 / 44 56 68 72 / 51 -68 -72 / 51 72 -68 / 68 -51 -68 / 52 68 -52 / 52 68 -52 / 68 -52 -68 / 68 -52 -68 <END> 
<S> 39 51 -64 -72 / 73 -39 -51 -63 / 39 51 67 70 / 39 51 -67 -70 / 67 -39 -51 / 40 52 67 / 66 -40 -52 / 39 51 69 / 70 -51 -51 / 39 51 69 / 66 75 -39 -51 / 40 52 -69 -72 -75 / 67 -40 -52 / 39 51 66 69 / 70 -39 -51 <END> 
<S> 39 51 / 68 -39 -51 / 39 51 70 / 69 -39 -51 / 39 51 67 70 / 63 67 70 -39 -51 / 39 51 -67 -70 -70 / 60 68 72 75 -51 / 87 -51 -56 -63 -72 / 39 51 74 -72 / 70 82 -39 -51 / 39 51 72 84 / 70 82 -39 -51 / 39 51 -70 -77 -82 / 72 78 -39 -51 / 43 55 70 75 79 82 <END> 
<S> 44 56 71 77 83 / 72 84 -44 -56 / 53 56 60 68 80 / 72 84 -53 -56 -60 -65 / 44 56 -72 -84 / 65 71 83 -44 -56 / 56 59 65 68 71 75 83 / 68 80 -59 -62 -68 / 44 56 68 80 -70 / 66 75 78 -44 -56 / 51 54 60 -69 -72 -75 / 72 75 -51 -60 / 39 51 67 70 75 / 34 46 67 73 77 <END> 
<S> 44 71 77 80 / 72 -44 -75 -78 / 56 -44 -72 -68 -75 / 68 75 80 -44 -56 / 51 56 60 72 75 80 / 70 72 75 -51 -56 -60 / 44 56 -72 -75 / 72 75 -44 -56 / 51 56 60 68 75 / 65 72 75 -56 -60 -63 / 44 56 -75 -68 / 56 60 68 -68 -72 / 0 45 57 / 39 51 68 72 78 <END> 
<S> 44 56 -72 -75 / 72 75 -44 -56 / 51 56 60 -72 -75 / 71 77 -51 -56 -60 / 39 51 72 75 84 / 51 56 60 -72 -75 -84 / 74 82 -51 -56 -60 / 39 51 72 84 / 70 82 -39 -51 / 41 53 56 68 80 / 65 68 75 80 -53 -53 / 39 51 -68 -73 -80 / 77 -39 -51 -70 / 38 50 70 77 / 79 -38 -50 -70 <END> 
<S> 39 51 70 82 / 75 79 -39 -51 / 55 58 63 72 79 / 70 82 82 -55 -58 -63 / 39 51 -70 -79 -82 / 69 72 75 78 81 -39 -51 / 46 58 -72 -75 -78 -78 -82 / 72 75 79 82 -46 -58 / 44 56 72 84 / 72 84 -44 -56 / 42 54 -72 -84 / 72 75 -42 -54 / 43 55 -72 / 44 56 72 / 70 82 -44 -56 / 43 55 -74 -86 / 79 -43 -55 / 44 56 70 74 77 <END> 
<S> 44 56 -72 -75 / 74 77 -44 -56 / 42 54 72 75 / 74 -42 -54 -70 / 54 58 62 -70 -74 / 73 -54 -58 -62 -70 / 55 58 63 -70 -74 / 53 57 63 69 73 / 73 -53 -57 -63 / 58 62 65 74 / 46 58 -65 -70 -74 / 48 60 -65 -70 -74 / 77 -48 -58 -70 / 53 58 63 69 72 / 70 -53 -55 -63 <END> 
<S> 41 53 74 / 80 -41 -53 / 58 62 65 -80 / 74 86 -58 -62 -65 / 0 41 53 81 / 0 72 84 -41 -53 / 60 65 69 74 86 / 72 -60 -65 -65 / 36 48 65 77 / 69 -36 -48 -65 -77 / 41 53 69 72 77 / 69 72 77 -41 -53 -69 / 57 60 65 69 72 77 -69 -72 -81 / 69 75 81 -57 -60 -65 / 41 53 74 86 86 86 <END> 
<S> 0 41 53 65 69 72 / 69 72 -41 -53 -60 -65 / 36 48 65 -69 / 69 72 -36 -48 -65 / 41 53 -69 -72 / 60 65 -41 -69 / 67 -41 -60 -65 -69 / 38 50 -60 -64 -69 / 70 -31 -38 -50 / 48 60 64 69 / 52 55 -60 -64 <END> 
<S> 41 53 -69 -72 / 68 -41 -53 / 48 53 57 62 67 / 69 -48 -53 -57 -63 / 42 54 60 69 / 60 63 -42 -54 / 0 43 55 / 63 -54 -60 / 62 66 / 66 69 / 60 67 70 / 43 55 69 72 -64 / 48 72 76 / 51 -72 -72 / 48 72 76 -48 <END> 
<S> 48 60 67 / 68 -48 -60 / 52 54 60 69 / 62 -52 -52 -54 / 48 72 -60 / 52 56 60 -48 -72 / -52 -52 -55 -60 -64 / 66 -52 / 51 55 60 72 / 71 -52 -55 -60 / 72 76 -52 / 71 83 / 51 72 75 / 72 76 78 / 73 78 -39 / 72 75 78 81 <END> 
<S> 39 51 / 78 -51 / 61 70 82 / 39 67 / 66 -39 -51 / 55 58 63 67 / 67 70 -55 -58 -63 / 46 67 75 / 67 79 -46 / 55 58 63 75 79 / 75 79 -55 -58 -63 / 39 51 72 84 / 70 82 -39 -51 / 37 49 -70 -82 / 65 70 77 -37 -49 <END> 
<S> 0 51 66 / 75 87 -54 -69 / 0 51 66 82 / 68 76 -39 -51 / 39 51 -72 -75 -80 / 71 75 -39 -51 / 51 55 72 84 / 76 79 84 -51 -55 / 39 51 -75 -79 -84 / 78 82 -39 -51 / 38 50 73 77 85 / 70 82 -38 -50 / 37 49 65 77 / 70 73 -49 -61 <END> 
<S> 39 51 74 79 82 / 77 81 -39 -51 / 58 63 67 75 79 82 / 72 80 84 -58 -63 -67 / 43 -72 -75 -81 / 72 77 -43 / 58 63 67 -72 -75 / 70 82 -58 -63 -67 / 48 72 76 / 58 60 64 70 74 / 72 76 81 -58 -60 -64 / 40 52 -72 -76 -84 / 80 -40 -52 -72 / 39 51 79 82 <END> 
<S> 48 60 -72 -77 / 70 75 79 -48 -60 -64 / 35 49 -67 -70 -79 / 72 77 81 -37 -49 / 40 52 -68 -72 -77 -80 / 38 50 72 77 81 / 43 74 80 82 / 74 80 -38 -50 / 43 55 71 77 79 / 41 53 74 80 86 / 44 56 71 74 77 / 75 78 87 -56 -62 -68 / 53 56 74 77 86 / 72 84 -53 -53 -56 / 58 62 68 80 / 68 80 -56 -62 -68 <END> 
<S> 41 53 74 80 82 / 56 58 62 73 85 / 77 80 -56 -58 -62 / 46 -80 -56 -84 / 70 82 -46 / 56 58 62 72 77 84 / 74 80 84 -56 -58 -62 / 53 -68 -73 -77 -80 / 73 85 -53 -56 / 53 56 61 73 85 / 68 80 -54 -53 -61 -61 / 37 49 77 80 / 80 -37 -49 / 53 56 61 77 / 70 82 -53 -56 -61 <END> 
<S> 37 49 77 89 / 80 92 -37 -49 / 53 56 61 77 89 / 41 53 75 80 82 / 56 61 65 77 77 77 89 / 77 80 87 -56 -61 -65 / 50 -61 -77 -77 -82 / 70 82 -50 -82 / 56 58 62 65 72 75 77 <END> 
<S> 44 56 74 80 / 72 75 -44 -56 / 42 54 70 73 75 / 72 75 -42 -54 -70 / 0 43 55 70 / 0 48 60 70 / 0 41 53 / 69 -41 -53 / 42 54 69 72 / 65 72 -42 -54 / 43 55 64 76 / 65 -43 -55 -76 / 55 59 65 71 -55 -59 / 71 -55 -59 -62 -65 <END> 
<S> 0 43 55 / 64 70 74 -43 -55 / 61 66 72 76 / 0 67 / 68 71 -40 / 68 68 80 / 49 -68 -68 / 68 80 -40 -68 / 51 56 -68 -73 -80 / 68 80 -51 -56 -68 / 39 51 69 72 75 / 68 73 77 -39 / 51 56 61 -68 71 / 71 -40 -52 -56 -61 / 39 51 67 / 69 -39 -51 / 51 55 60 70 / 67 -51 -55 -60 <END> 
<S> 39 51 67 75 / 66 75 -39 -51 / 55 60 63 69 -75 / 67 75 -55 -60 -63 / 39 -67 -67 -75 / 72 -39 -51 -67 / 51 55 61 70 / 67 -51 -55 -61 / 46 58 63 / 66 -46 -58 / 51 55 61 70 / 67 70 -51 -55 -61 / 46 58 67 / 67 73 -46 -58 / 51 55 61 61 69 / 67 70 -51 -55 -61 <END> 
<S> 39 51 67 / 55 58 63 67 / 67 70 -55 -58 -63 / 39 -67 -70 / 79 -39 / 58 63 67 75 / 70 82 -58 -63 / 39 51 72 84 / 70 82 -39 -51 / 58 63 67 75 87 / 70 82 -58 -63 -67 / 43 55 -70 -82 / 72 75 -43 -55 / 42 54 -72 -75 / 70 -42 -54 -70 <END> 
<S> 44 71 82 / 72 75 -44 / 52 56 60 68 74 / 72 75 -51 -56 -60 / 46 -68 -72 -75 / 74 -46 / 51 56 60 70 / 68 -51 -56 -60 / 39 51 67 / 69 -39 -51 / 55 58 63 67 / 70 -55 -58 -63 / 43 -70 / 72 -43 / 58 62 65 77 / 68 -58 -62 <END> 
<S> 46 58 67 / 75 -46 -58 / 51 55 61 77 / 75 -51 -55 -61 / 46 58 73 / 80 -46 -58 / 51 55 61 -82 / 72 -51 -55 -61 / 39 51 73 / 75 -39 -51 / 51 56 60 72 / 70 -51 -56 -60 <END> 
<S> 39 51 -68 -73 / 72 -39 -51 / 51 56 60 68 / 72 -51 -56 -60 / 39 51 75 / 65 77 -39 -51 / 37 49 -65 -77 -80 / 79 -37 -49 / 53 56 61 77 / 75 -53 -56 -61 / 52 55 58 63 75 / 68 77 -52 -55 -58 -61 / 39 51 70 73 / 75 79 -39 -51 / 55 58 63 72 84 / 70 82 -55 -58 -63 <END> 
<S> 37 49 65 77 / 49 61 73 -37 / 51 -61 61 70 / 34 46 73 77 85 / 80 -34 -49 / 56 61 73 85 / 76 82 85 -56 -61 / 37 49 -73 -85 -82 / 65 73 -49 -73 -77 / 53 56 61 65 70 77 / 73 77 -53 -56 -61 -65 <END> 
<S> 49 49 -65 -70 -79 -82 / 53 53 61 61 73 76 / 73 -53 -58 -61 -73 / 32 44 66 72 77 / 75 -32 -44 -66 -69 / 54 56 60 -66 -72 -75 / 66 -54 -56 -60 / 32 44 66 -66 / 77 -32 -44 -66 / 54 56 60 66 72 75 / 43 55 59 67 71 / 67 71 -43 -55 -59 / 0 47 59 -67 -71 / 0 67 71 -47 -59 <END> 
<S> 39 51 67 70 / 61 67 -39 -51 / 39 51 66 69 / 71 -51 -68 -66 / 38 50 -66 -78 / 75 -38 -50 / 44 56 60 68 75 / 0 45 57 / 65 72 76 -45 -57 / 0 50 62 -72 -75 / 68 76 -50 -62 / 50 60 66 75 / 66 78 -50 -60 -66 <END> 
<S> 0 50 / 62 -50 / 0 39 51 / 63 -51 -54 / 0 56 62 / 0 59 62 / 51 55 60 63 / 67 -51 -54 -60 / 69 -52 -57 -60 / 52 56 68 / 71 -40 -52 / 52 72 76 / 70 73 -40 / 52 64 69 -52 / 68 -52 -52 -64 <END> 
<S> 39 51 / 79 -39 -51 / 58 63 67 75 / 70 -58 -63 / 55 58 63 67 / 67 -55 -58 -63 / 36 -55 -58 -63 -67 / 79 -55 -60 -64 / 36 48 64 70 / 69 -36 -48 -64 / 38 50 60 66 69 / 67 -38 -50 -60 -66 / 38 50 60 66 69 <END> 
