<S> 0 44 56 / 84 -44 -56 / 51 56 60 80 / 77 -51 -56 -60 / 39 51 74 / 75 -39 -51 / 51 56 60 68 / 70 -51 -56 -60 / 41 53 62 71 / 67 -41 -53 -62 / 40 52 68 -62 / 61 67 70 -40 -52 / 39 51 67 -61 -70 / 75 -39 -51 -61 -67 / 0 51 55 61 87 / 0 85 -51 -55 -61 <END> 
<S> 0 39 51 / 79 -39 -51 / 55 58 63 70 / 69 -55 -58 -63 / 43 55 -70 / 72 -43 -55 / 41 53 74 / 75 -41 -53 / 39 51 75 79 / 77 80 -39 -51 / 0 56 -75 -80 / 75 79 -56 -63 -68 / 73 78 -48 -68 / 63 68 72 75 84 / 63 68 72 75 80 <END> 
<S> 44 56 72 75 84 / 68 80 -44 -56 / 51 56 60 68 72 77 / 68 72 80 -51 -56 -60 / 44 56 -72 -75 / 72 75 -44 -56 / 51 56 60 70 / 72 -51 -56 -60 / 44 56 71 / 72 -44 -56 / 51 56 60 68 72 / 70 72 -51 -56 -60 / 46 -68 -72 / 68 72 / 51 56 60 70 <END> 
<S> 44 56 68 / 72 -44 -56 / 51 56 60 -77 / 68 -51 -56 -60 / 39 51 67 / 72 -39 -51 / 51 58 61 70 / 67 -51 -55 -61 / 44 56 68 / 71 -44 -56 / 51 56 60 75 / 72 -51 -56 -60 / 39 51 -72 / 68 72 -39 -51 / 51 56 60 -68 -72 / 71 -51 -56 -60 <END> 
<S> 39 51 -65 -72 / 75 -48 -63 / 51 55 61 70 / 67 70 -51 -55 -61 / 39 51 72 / 61 61 69 -39 -51 / 39 51 68 70 / 75 -39 -51 -67 / 39 51 67 70 / 77 -39 -51 -67 / 39 51 70 82 / 75 -39 -51 / 55 58 63 72 / 70 -55 -58 -63 <END> 
<S> 39 51 70 / 72 -39 -51 / 41 53 68 / 67 -41 -53 / 39 51 67 72 / 43 55 60 68 / 71 -51 -60 / 39 51 60 67 / 0 67 / 0 66 / 49 61 70 73 77 / 50 66 78 / 68 71 77 80 -50 <END> 
<S> 44 56 -62 / 71 -44 -56 / 51 60 72 75 / 78 -51 -60 / 39 51 75 / 67 -39 -51 / 51 63 72 / 70 -51 -63 / 0 39 51 / 62 68 -39 -51 / 0 39 51 / 61 70 -39 -51 / 51 67 70 -61 / 0 39 51 <END> 
<S> 39 51 -64 / 72 -39 -51 / 41 53 68 / 67 -41 -53 / 43 55 68 / 75 -43 -55 / 39 51 70 / 72 -39 -51 / 40 52 73 / 73 77 -40 -52 / 39 51 -73 -80 / 41 53 80 / 39 51 70 / 41 53 68 <END> 
<S> 39 51 72 / 71 -39 -51 / 41 53 68 / 69 72 -53 -65 / 39 51 70 / 72 -39 -51 / 41 53 -72 / 69 -41 -53 / 48 53 57 69 / 72 -48 -53 -57 / 41 53 69 / 68 -41 -53 / 48 53 57 69 / 65 69 -48 -53 -57 / 36 48 -62 -67 / 69 69 -36 -48 -62 <END> 
<S> 48 65 77 / 75 -48 / 57 60 65 72 / 69 -57 -60 -65 / 48 70 / 72 -48 / 58 60 64 74 / 70 -58 -60 -64 / 53 63 69 / 53 65 / 67 -53 / 60 69 / 64 67 / 63 69 <END> 
<S> -62 -62 -69 / 66 -41 -60 / 61 67 70 / 67 71 -50 / 65 69 -50 / 0 68 71 83 / 0 69 72 / 0 67 71 75 / 0 67 71 74 86 / 0 69 74 86 / 0 69 72 76 84 / 0 38 50 72 77 79 <END> 
<S> 0 65 / 66 74 78 86 / 54 63 69 72 75 84 / 60 63 68 72 84 / 71 76 -60 -63 -66 -71 / 65 68 74 86 / 86 -62 -65 -71 / 65 67 71 -46 -65 / 53 65 65 71 74 / 57 -65 -65 -69 -77 / 60 65 69 77 -53 / -60 -65 -65 -69 -72 <END> 
<S> 50 65 71 / 65 71 74 -50 / 57 60 -65 -65 -65 -72 / 64 67 -53 -57 -60 / 43 67 -64 / 69 -43 -62 / 51 55 60 64 71 / 67 -51 -55 -60 -63 / 38 50 69 / 66 78 -50 / 50 54 60 -71 -75 / 66 74 -50 -57 -60 / 38 50 -66 -74 / 66 72 -38 -50 <END> 
<S> 42 54 60 69 / 72 -42 -54 -60 -66 / 38 50 66 74 / 54 60 62 -66 -78 / 72 -38 -50 -60 -66 / 38 50 66 78 / 54 60 62 69 74 81 / 50 53 72 78 81 <END> 
<S> 38 50 62 74 78 / 0 40 52 / 55 60 64 76 / 62 77 -55 -60 -64 / 0 54 60 63 69 / 0 38 50 62 66 74 / 54 60 62 74 74 / 72 76 79 -54 -62 <END> 
<S> 41 53 69 / 65 71 -41 -53 / 65 68 72 -41 -53 / 65 68 74 -41 -53 / 0 51 63 69 72 / 0 62 65 -42 -72 / 0 45 63 69 / 0 62 69 / 0 44 -71 / 0 45 -64 / 0 59 62 <END> 
<S> 62 65 71 / 66 -62 -65 / 43 -59 -65 -69 / 62 65 -43 / 67 -50 -62 / 46 61 67 70 / 43 55 67 71 74 / 51 55 60 72 -67 / 71 -51 -55 -60 <END> 
<S> 43 67 71 / 55 58 62 -67 70 / 71 77 -55 -58 -62 / 46 58 67 72 / 70 -46 -58 / 55 59 63 67 79 / 68 -55 -58 -63 / 55 58 62 69 / 70 -55 -58 -62 / 39 51 -70 / 72 -39 -51 / 41 53 55 70 / 65 -41 -53 -55 <END> 
<S> 39 51 -72 / 75 -39 -51 / 41 53 68 / 69 -41 -53 / 39 51 67 75 / 0 44 56 / 68 -44 -56 / 51 56 60 68 72 / 68 72 -51 -56 -60 / 39 51 -72 -75 / 70 -39 -51 / 51 55 60 70 / 72 -51 -55 -61 / 39 51 72 / 67 -39 -51 / 51 55 60 70 / 69 -51 -55 -61 <END> 
<S> 39 51 -68 -72 / 72 -39 -51 / 51 56 60 68 / 71 -51 -56 -60 / 44 56 72 / 71 -44 -56 / 51 56 60 72 / 72 75 -51 -56 -60 / 39 51 -72 -75 / 75 -39 -51 / 51 56 60 70 / 72 -51 -56 -60 / 44 56 75 / 65 77 -44 -56 / 56 59 65 68 71 / 77 -56 -62 -65 -68 <END> 
<S> 44 56 -72 / 68 72 75 -44 / 51 56 60 68 72 / 71 72 -51 -56 -60 / 39 51 -72 -75 / 72 75 -39 -51 / 51 56 60 70 / 71 -51 -56 -60 / 44 56 68 72 / 65 77 -44 -56 / 56 59 65 -68 -80 / 80 -56 -62 -65 / 34 46 80 / 70 82 -34 -46 / 56 58 62 68 80 / 75 87 -56 -58 -62 <END> 
<S> 44 56 76 / 74 80 -44 -56 / 49 61 73 77 / 72 47 -61 -68 / 44 56 68 75 / 43 -68 -76 / 44 56 68 72 75 / 43 -68 -72 -76 / 68 -43 / 52 56 68 76 / 45 57 68 72 77 / 46 58 70 74 / 75 -46 -58 / 58 62 68 77 / 70 82 -58 -62 -70 / 46 58 -70 -79 / 70 74 -46 -58 <END> 
<S> 49 67 77 / 80 -52 / 58 61 77 89 / 85 -58 -61 -73 / 73 85 -45 -57 / 73 85 -61 -61 / 73 85 85 -45 -57 / 61 73 85 -45 -73 / 73 85 -45 -61 -73 / 53 57 61 -73 -73 -82 / 77 -53 -57 -61 -73 / 45 57 68 77 / 77 -45 -57 -61 / 44 56 68 72 77 / 49 61 65 73 77 / 36 48 61 68 76 / 73 -48 -61 -61 <END> 
<S> 45 57 -72 -75 -81 / 77 -45 -57 -63 / 46 58 73 73 85 / 45 57 73 78 81 / 73 85 -45 -57 / 57 61 65 73 -73 / 76 88 -57 -61 -65 / 44 56 -88 / 72 -44 -56 / 56 60 66 83 / 75 87 -56 -60 -66 / 52 64 -75 -80 / 81 -64 -55 / 58 64 76 82 / 82 -58 -62 <END> 
<S> 44 -76 -84 / 72 -43 / 57 60 63 74 / 75 -54 -60 -63 / 41 -75 / 68 75 -41 / 53 57 60 -65 -69 -77 / 72 -53 -60 -63 / 41 69 72 / 53 57 63 -69 -69 / 0 67 <END> 
<S> 41 69 81 / 77 -41 / 53 57 63 67 / 72 -53 -57 -63 / 46 74 / 53 58 62 70 / 50 62 67 / 70 -50 -62 / 52 55 61 -62 -67 / 0 53 53 69 <END> 
<S> 43 55 58 62 / 41 53 60 63 72 / 74 -36 -48 -53 / 42 54 60 70 / 72 -42 -54 -60 / 38 50 -72 / 70 -42 -54 / 41 53 70 / 69 -41 -53 / 43 55 70 / 74 -43 -55 -70 / 42 54 72 -70 / 73 -42 -54 -70 <END> 
<S> 41 -65 / 70 -41 / 53 58 62 77 / 74 -53 -58 -62 / 43 -74 / 73 -43 / 55 58 62 74 / 72 -55 -58 -62 / 48 60 70 / 67 -48 -60 / 55 58 63 67 / 63 65 -55 -58 -63 / 0 53 57 63 / 63 -53 -57 -63 <END> 
<S> 48 67 / 75 -48 / 58 60 64 70 / 70 -58 -60 -64 / 53 69 / 68 -53 / 57 60 72 / 69 -57 -60 / 48 70 / 60 72 -48 / 58 63 67 / 70 -58 -63 / 53 65 69 / 67 -53 -65 / 61 64 67 <END> 
<S> 39 51 67 / 72 -39 -51 / 38 50 70 / 77 -38 -50 / 43 55 70 / 74 -43 -55 / 39 51 72 / 70 -39 -51 / 41 53 69 / 70 -41 -53 / 43 55 -70 -82 / 72 -43 -55 / 39 51 70 / 72 -39 -51 <END> 
<S> 39 51 67 / 70 -39 -51 / 39 51 67 / 66 -39 -51 / 39 51 67 70 / 61 67 70 -39 -51 / 39 51 61 -67 -70 / 71 -39 -51 -61 -67 / 43 55 -61 -67 / 75 -43 -55 -61 -67 / 43 55 70 / 71 -43 -55 / 42 54 72 / 62 74 -42 -54 <END> 
<S> 39 51 -67 -75 / 72 -51 -63 / 39 51 70 / 68 -39 -51 / 51 55 61 70 / 67 -51 -55 -61 / 39 51 69 / 70 -39 -51 / 51 55 61 69 / 67 -51 -55 -61 / 39 51 70 / 69 -39 -51 / 55 58 61 67 / 67 70 -55 -58 -63 / -55 -67 -70 / 51 55 61 72 / 70 -51 -58 -61 <END> 
<S> 51 55 61 70 / 67 -51 -55 -61 / 39 51 70 / 72 -39 -51 / 51 55 61 70 / 67 70 -51 -55 -61 / 39 51 72 / 61 70 -39 -51 / 39 51 -61 -70 / 67 -39 -51 / 44 56 68 / 65 68 -44 -56 / 51 56 60 68 72 / 70 73 -51 -56 -60 <END> 
<S> 39 51 67 70 / 39 51 -61 -67 / 68 -39 -51 -51 / 39 51 61 70 / 39 51 60 66 72 / 70 -39 -51 / 41 53 67 / 70 -41 -53 / 43 55 -70 / 72 -43 -55 / 44 56 74 / 75 -44 -56 / 51 56 60 84 / 77 -51 -56 -60 / 39 51 72 / 77 -39 -51 / 51 56 60 70 / 71 -51 -56 -60 <END> 
<S> 39 51 -65 / 75 -39 -51 / 51 55 61 70 / 70 -51 -55 -61 / 39 51 72 / 61 61 67 79 / 39 51 -67 / 68 -39 -51 / 36 48 68 / 69 72 -36 -48 / 0 49 61 70 73 / 61 73 -37 -49 -73 / 56 61 65 70 73 73 77 85 -56 -61 -73 / 42 54 71 82 80 84 / 72 84 -42 -54 -54 -70 -82 <END> 
<S> 44 56 65 68 72 / 51 56 60 -65 -68 -72 / 65 68 -51 -56 -60 / 39 51 -63 -68 / 69 72 -42 -63 -66 / 0 50 53 60 -72 / 0 70 71 82 -54 -60 -62 / 0 41 53 -69 -72 -81 / 0 50 62 -72 -77 -81 / 53 81 -53 -62 -72 -74 / 74 -50 -53 -57 -62 / 74 -50 -53 -57 -62 / 48 60 64 70 / 69 -48 -60 -64 / 45 57 65 69 / 72 -45 -57 -65 -69 -72 / 44 56 65 65 -72 <END> 
<S> 41 53 -65 -72 / 65 68 -41 -53 / 48 53 57 63 69 72 / 65 69 -41 -53 -57 -48 / 63 69 -41 -53 -57 / 63 69 -41 -53 -57 / 60 65 69 -41 -53 / 36 48 65 69 / 69 -36 -48 -48 / 33 45 57 69 / 64 69 -45 -57 / 45 57 63 69 / 65 -45 -57 -63 / 50 57 60 65 67 / 69 -50 -57 -60 -65 / 53 57 62 69 / 67 -53 -57 -62 <END> 
<S> 41 53 60 65 / 69 -41 -53 -60 / 53 57 63 67 / 68 -53 -57 -63 / 42 54 60 69 / 66 -42 -54 -60 / 38 50 66 72 / 54 60 62 -66 -69 / 74 -50 -60 -62 -66 / 38 50 60 66 69 / 50 54 60 66 69 <END> 
<S> 41 53 69 / 72 -41 -53 / 57 60 65 -69 / 72 -57 -60 -65 / 48 60 69 / 67 -48 -60 / 53 65 69 / 67 71 -53 / 57 69 / 69 72 / 68 71 74 / 57 60 64 69 72 / 69 72 76 -57 -60 -65 <END> 
<S> 62 65 / 67 -62 -62 / 61 61 67 / 68 -49 -61 / 46 58 67 / 68 -46 -58 / 51 55 61 68 / 69 -51 -55 -61 / 46 58 67 / 67 -46 -58 / 44 56 72 / 51 68 75 / 65 68 75 / 51 -68 -71 -76 / 68 71 -51 -68 / 39 51 -68 -71 / 69 -39 -51 -66 <END> 
<S> 39 51 -65 / 72 -51 -63 / 51 56 60 68 / 71 -51 -56 -60 / 72 75 -51 -60 / 51 68 72 75 / 51 63 72 75 / 46 58 73 77 / 74 77 -46 -58 / 51 55 61 70 75 / 67 70 72 -51 -55 -61 / 39 51 -67 -70 -73 / 72 -39 -51 / 51 55 61 70 / 67 71 -51 -55 -61 <END> 
<S> 46 58 74 / 67 -46 -58 / 49 61 67 75 / 70 73 -49 -61 / 39 51 -67 -73 / 72 -39 -51 / 41 53 68 / 80 -41 -53 / 43 55 75 79 / 77 82 -43 -55 / 45 57 -75 -81 / 82 -45 -57 / 46 58 79 / 74 -46 -58 / 53 58 62 76 / 70 -53 -58 -62 <END> 
<S> 45 57 -72 -77 / 69 81 -48 / 58 60 64 72 / 74 -58 -60 -64 / 52 69 / 72 76 -52 / 58 60 64 -72 -76 / 66 69 -58 -60 -64 / 52 68 76 / 73 -40 -52 / 58 60 64 76 / 68 -58 -60 -64 / 48 69 / 71 -48 / 57 60 69 72 / 65 77 -57 -60 -65 <END> 
<S> 48 67 / 72 -48 -64 / 52 55 60 -64 -72 / 64 71 -52 -55 -60 / 43 -64 -71 / 67 -43 / 52 55 60 69 / 77 -55 -60 -64 / 53 65 81 / 81 -41 -53 / 57 60 65 -81 -84 / 77 81 -57 -60 -65 / 57 60 65 -81 -72 -77 -84 / 0 74 / 0 74 / 0 78 / 0 79 <END> 
<S> 66 78 / 78 -42 -54 / 60 76 81 86 -40 / 78 -54 -60 -74 / 41 81 / 86 -41 / 59 62 68 82 / 80 -59 -62 -68 / 46 74 86 / 79 -46 / 58 62 68 77 / 74 86 -58 -62 -68 / 51 67 72 75 79 / 69 72 75 -51 / 55 60 63 70 75 79 / 72 75 -55 -60 -63 <END> 
<S> 45 75 79 / 77 82 87 -44 / 57 60 63 72 84 84 / 72 84 -54 -57 -63 / 42 -72 -84 / 83 -42 -54 / 57 60 63 79 / 83 -57 -60 -63 / 52 76 / 81 -52 / 55 60 64 -79 / 81 -55 -60 -64 / 52 64 72 / 76 -52 -64 / 55 60 64 79 / 72 -55 -60 -64 <END> 
<S> 52 55 60 64 78 / 67 -52 -55 -60 -64 / 52 55 60 -64 -72 / 65 -52 -55 -60 -64 / 65 79 -55 -60 -64 / 48 53 60 69 75 / 68 -48 -53 -60 / 48 60 72 / 70 -48 -60 / 48 67 75 / 60 64 70 -48 / 58 60 64 67 <END> 
<S> 39 51 67 / 79 -39 -51 / 39 51 67 / 66 -39 -51 / 39 51 61 70 72 / 0 44 56 / 0 75 -44 -56 / 51 56 60 68 72 / 70 -51 -56 -60 / 39 51 72 / 63 68 -39 -51 / 51 56 60 68 / 71 -51 -56 -60 <END> 
<S> 39 51 -68 -72 / 72 -39 -51 / 51 56 60 70 / 71 -51 -56 -60 / 39 51 72 / 68 -39 -51 / 41 53 68 / 68 -41 -53 / 40 52 -68 -71 / 68 -40 -52 -61 / 38 50 68 77 / 51 63 69 75 / 60 63 69 75 / 46 58 -66 -75 / 70 74 -46 -58 / 44 56 72 / 65 74 -44 -56 <END> 
<S> 39 51 67 70 / 75 -39 -51 / 55 58 63 70 / 67 70 -55 -58 -63 / 46 -67 -70 / 63 75 -46 / 55 58 63 70 82 / 75 -55 -58 -63 / 39 51 72 79 / 55 58 63 70 82 / 75 -55 -58 -63 / 34 46 77 / 75 79 -34 -46 / 55 58 62 72 75 <END> 
<S> 39 51 79 / 72 84 -39 -51 / 58 63 66 75 78 / 72 78 84 -58 -63 -66 / 44 56 -72 -75 -78 -84 / 73 85 -56 -56 -60 / 56 60 63 71 83 / 68 80 -51 -60 -63 / 44 56 -72 -82 / 68 80 -44 -56 / 43 56 71 80 / 68 72 83 -44 -56 / 45 57 -72 -80 / 72 -45 -57 / 46 58 74 <END> 
<S> 44 56 72 80 / 80 -44 -56 / 41 53 68 80 / 74 86 -41 -53 / 53 56 61 68 76 / 65 77 -53 -56 -61 / 51 56 61 -65 -77 / 75 -51 -56 -61 / 51 56 60 72 / 70 -51 -56 -60 / 44 56 68 / 72 -44 -56 / 51 56 60 68 / 72 -51 -56 -60 / 46 58 67 / 67 -46 -58 <END> 
<S> 51 56 60 68 / 73 -51 -56 -60 / 52 56 60 72 / 68 -52 -56 -60 / 51 56 60 72 / 70 -51 -56 -60 / 52 55 61 68 72 / 67 70 -52 -58 -60 / 39 51 -67 -70 / 48 60 70 / 46 58 70 / 56 58 62 65 70 / 41 53 68 74 / 65 77 -41 -53 <END> 
<S> 53 55 61 -65 / 57 61 65 -53 -57 / 46 58 62 / 65 -46 -58 / 51 55 61 67 / 67 72 -51 -55 -61 / 46 58 -67 / 67 -46 -58 / 51 55 61 70 / 67 -51 -55 -61 / 46 58 -67 / 70 -46 -58 / 51 55 61 67 / 67 70 -51 -55 -61 <END> 
<S> 39 51 67 70 79 / 55 58 63 -67 -75 / 43 55 70 82 / 42 54 70 / 41 53 68 72 / 73 -41 -53 / 42 54 73 / 65 -42 -54 <END> 
<S> 46 65 74 / 73 -46 -65 / 58 68 72 76 / 68 77 -68 -68 / 53 68 72 77 / 34 46 68 77 / 65 71 77 -34 -46 / 39 51 67 78 / 67 79 -39 -51 / 39 51 67 70 -39 <END> 
<S> 39 51 67 70 75 / 67 70 75 79 -39 -51 / 38 50 -67 -71 -79 / 74 -38 -50 -67 -70 / 35 50 53 60 69 / 40 52 70 73 79 / 41 53 -69 -74 -79 / 67 71 77 -41 -53 / 40 52 -67 -71 -79 / 68 -43 -55 -59 -71 / 38 50 68 79 <END> 
<S> 36 67 72 76 / 79 -36 -48 / 58 60 64 79 / 41 53 69 / 72 77 -41 -53 / 57 60 65 -69 -72 / 72 75 -57 -60 -65 / 48 60 67 72 / 67 70 -48 -60 -64 / 53 60 63 69 / 65 -53 -60 -63 / 56 60 66 -68 / 66 72 -56 -60 / 42 54 -69 -72 / 71 -42 -54 -66 <END> 
<S> 41 60 65 / 68 -41 -60 -65 / 74 -41 -60 -65 -68 / 60 65 69 72 / 43 -60 -65 -69 / 48 -60 -65 -69 / 46 58 62 67 70 / 41 53 -62 -65 -69 / 43 55 -62 -65 -69 -72 / 45 -62 -65 -69 -72 / 53 -41 -69 -53 -74 / 52 70 -62 -70 / 53 -62 -70 -73 / 52 55 62 -70 -73 <END> 
<S> 41 53 65 70 74 / 72 -41 -53 -65 -69 / 53 58 62 -65 -68 -74 / 73 -53 -56 -62 -65 -70 / 37 49 70 -65 / 50 53 59 -70 / 0 65 71 77 -50 / 53 58 62 -65 -70 -77 / 70 74 -53 -58 -62 / 47 65 77 / 49 61 76 / 48 65 77 <END> 
<S> 41 65 68 74 / 63 65 68 -41 / 63 -41 -65 -68 / 65 68 -41 -62 / 61 65 69 -41 -65 / 0 61 65 69 -65 / 0 62 65 68 74 -38 -33 / 0 61 70 -65 -68 / 0 63 67 73 -43 -55 / 0 46 58 67 70 76 / 0 45 57 / 0 52 55 60 64 72 / 0 67 -52 -55 -60 <END> 
<S> 62 62 65 74 / 86 -62 -62 -65 / 61 65 61 67 79 / 75 -61 -61 -67 / 36 48 68 76 / 70 72 -36 -48 / 41 53 68 74 / 69 72 -41 -53 -65 / 42 54 63 69 75 / 63 66 75 -42 -54 -63 -75 / 43 55 -63 -69 -75 -81 / 83 -43 -55 -69 -63 -75 / 53 60 65 74 86 -60 -69 / 72 76 84 -57 -60 -65 -69 / 53 57 60 65 69 81 / 0 67 79 -53 -57 -60 <END> 
<S> 41 53 65 71 74 / 65 68 -41 -53 -65 -77 / 39 51 65 69 77 / 48 60 65 69 / 68 -48 -60 -65 / 37 49 -65 / 69 -49 -65 / 44 56 65 71 / 0 72 77 -44 -56 -65 / 0 45 57 -72 -76 / 44 56 66 72 / 51 65 60 66 72 / 0 <END> 
<S> 57 60 69 / 68 -57 -60 / 48 60 -60 / 69 -48 -60 / 47 59 68 / 69 -47 -59 / 48 60 72 / 75 -48 -60 / 47 59 68 76 / 45 57 68 72 76 / 0 / 44 56 72 / 74 -44 -56 / 45 57 72 / 77 -45 -57 <END> 
<S> 44 56 -72 / 71 -44 -56 / 45 72 / 77 -45 / 41 53 69 72 77 81 / 39 51 72 78 84 / 40 52 -72 -78 -84 / 39 51 78 -72 -84 / 39 51 -72 -75 -84 / 40 52 70 73 79 80 <END> 
<S> 44 56 71 83 / 72 84 -44 -56 / 51 56 60 -72 -84 / 70 82 -51 -56 -60 / 39 51 72 84 / 70 82 -39 -51 / 56 61 -70 -78 -82 / 72 75 78 -58 -63 -68 / 43 55 -72 -77 -82 / 72 75 -43 -55 / 42 54 70 -72 -75 / 72 77 -42 -54 / 41 53 -72 -75 / 82 -41 -53 -72 / 43 55 73 77 / 75 -43 -55 -76 <END> 
