<S> 0 44 56 / 68 -44 -56 / 51 56 60 63 75 / 68 -51 -56 -60 / 51 56 60 72 / 63 75 -51 -56 -60 / 45 57 -63 -75 / 67 -45 -57 / 46 58 63 75 / 67 -46 -58 / 51 55 61 70 / 63 75 -51 -55 -61 / 51 55 61 -63 -75 / 39 51 -63 -75 <END> 
<S> 39 51 67 / 72 -39 -51 / 58 63 67 70 / 66 75 -55 -58 -63 / 46 68 70 / 70 -46 / 55 58 63 75 / 79 -55 -58 -63 / 46 75 / 77 -46 / 55 58 63 72 / 70 -55 -58 -63 / 46 -67 -70 / 75 -46 / 55 58 63 75 / 79 -55 -58 -63 <END> 
<S> 39 51 70 82 / 82 -39 -51 / 55 58 63 79 / 81 -55 -58 -63 / 39 51 84 / 82 -39 -51 / 54 58 63 72 / 70 82 82 -54 -63 -63 / 42 54 -70 -82 -82 / 72 -42 -54 -82 / 0 53 58 61 77 / 0 70 82 -46 -58 / 0 46 58 72 / 0 77 -46 -58 <END> 
<S> 39 51 70 82 / 75 -39 -51 / 55 58 63 72 79 / 75 81 -55 -58 -63 / 39 51 -75 -79 / 78 -39 -51 -75 / 40 52 70 73 79 82 / 41 53 70 74 77 79 / 77 -41 -53 -70 / 58 62 65 70 74 77 / 41 53 -62 -65 -70 -74 / 42 54 -62 -65 -71 -74 / 0 43 55 64 / 45 57 60 72 <END> 
<S> 34 46 70 74 77 / 53 58 62 -70 -74 / 41 53 -70 -74 / 43 55 -70 -74 / 44 56 62 77 / 39 51 67 79 / 38 50 66 69 77 / 38 50 78 -66 -78 / 39 51 -69 -78 -78 <END> 
<S> 51 67 / 60 70 -51 / 58 63 69 -51 / 65 68 -58 -63 / 61 67 70 / 66 75 -51 / 55 58 63 69 75 79 / 70 74 82 -55 -58 -63 / 34 46 -70 -74 -82 / 77 -34 -46 / 56 58 62 68 80 / 68 80 -56 -58 -62 -68 <END> 
<S> 34 46 67 75 79 / 65 68 77 80 -34 -46 / 53 56 61 -68 75 -68 / 77 -53 -56 -61 -68 / 44 56 73 77 / 80 -44 -56 / 56 61 65 75 87 / 0 36 48 / 63 69 75 84 -48 / 0 51 63 / 0 68 80 -51 / 0 48 68 / 0 76 -68 / 0 68 80 / 0 75 -68 / 0 75 -68 <END> 
<S> 0 / 0 68 / 0 48 60 / 0 47 59 / 0 48 60 / 0 47 59 / 63 -47 -59 / 48 53 57 65 / 72 -48 -57 -60 / 48 53 57 65 / 72 -48 -53 -57 / 57 60 65 76 / 72 -57 -60 -65 / 0 52 64 / 79 -40 -52 -67 / 0 60 64 68 74 77 -40 -60 <END> 
<S> 52 55 60 72 / 75 -55 -60 -64 / 51 57 60 70 / 69 -51 -55 -60 / 52 55 61 76 / 68 -52 -55 -60 / 43 55 69 / 72 -43 -55 / 45 57 -72 / 67 -45 -57 / 46 58 67 / 65 -46 -58 / 53 58 62 67 / 69 -53 -58 -62 / 41 -65 / 67 -41 / 53 58 62 70 / 74 -53 -58 -62 <END> 
<S> 46 58 74 / 73 -46 -58 / 53 58 62 74 / 77 -53 -58 -62 / 50 62 -77 / 70 -50 -62 / 53 58 62 74 / 77 -53 -58 -62 / 46 58 70 79 / 82 -46 -58 / 58 61 64 72 / 73 -58 -61 -64 / 53 57 63 69 / 65 -53 -57 -63 / 49 61 64 70 73 <END> 
<S> 39 51 72 / 55 58 63 75 / 72 -55 -58 -63 / 55 58 63 -72 / 70 -55 -58 -63 / 39 51 -70 / 72 -39 -51 / 41 53 70 / 74 -41 -53 -70 / 43 55 -70 -74 / 72 -43 -55 / 45 57 -72 / 70 -45 -57 <END> 
<S> 39 51 70 / 75 -39 -51 / 58 63 67 77 / 70 -63 -63 / 51 63 69 72 / 61 67 70 / 50 62 70 / 77 -62 -62 / 46 58 -81 / 74 86 -46 -58 / 53 58 62 77 / 79 -53 -58 -62 / 41 -79 / 77 -41 / 53 58 62 74 / 70 -53 -58 -62 <END> 
<S> 50 74 / 70 74 -50 / 53 58 62 -65 -74 / 70 74 -53 -58 -62 / 43 55 67 74 / 71 -43 -55 -67 / 39 51 -67 -70 / 32 44 68 72 77 / 0 / 0 39 51 / 0 44 56 / 0 44 56 / 0 -44 -56 / 0 56 60 63 68 <END> 
<S> 57 60 68 / 75 -54 -60 -60 / 41 53 68 / 68 72 75 80 -41 -53 / 39 51 -69 -72 -75 -79 / 68 74 -39 -51 / 39 51 67 70 75 / 51 67 70 75 79 / 39 -67 -75 -79 / 63 66 70 75 81 / 39 51 67 70 79 <END> 
<S> 39 51 67 70 79 / 42 54 67 75 79 / 55 58 63 70 73 79 / 69 81 -55 -58 -63 / 39 51 70 82 / 72 84 -39 -51 / 55 58 63 70 75 79 / 41 53 69 75 80 / 72 75 -41 -53 / 53 57 60 74 -69 -72 / 72 75 -53 -57 -60 <END> 
<S> 46 74 80 / 58 62 68 -46 -74 -77 / 41 53 -62 -70 -74 -77 / 46 58 62 77 / 51 63 79 / 77 -51 -63 / 46 58 67 / 75 -46 -58 / 47 59 67 / 49 61 76 <END> 
<S> 39 51 / 79 -39 -51 / 58 63 67 75 / 70 -58 -63 -67 / 43 55 70 / 71 -43 -55 / 42 54 72 / 74 -42 -54 / 43 55 76 / 77 -43 -55 / 58 62 66 / 70 -58 -62 <END> 
<S> 39 51 / 75 79 -39 -51 / 39 51 67 -75 -79 / 73 -39 -39 -51 / 39 51 67 73 / 49 61 70 73 / 53 56 61 68 73 / 68 73 77 80 -56 -58 -61 / 32 44 71 77 80 / 72 75 80 -44 -56 / 0 53 56 -72 -75 -84 / 0 72 84 -53 -57 / 0 53 57 60 65 77 / 72 81 84 -57 -60 -65 <END> 
<S> 37 49 -65 -68 -80 / 77 -37 -49 / 53 56 61 77 / 65 77 -53 -56 -61 / 37 49 -65 -77 / 80 -37 -49 / 53 56 61 77 / 76 -53 -56 -61 / 46 58 79 / 82 -46 -58 / 47 59 80 / 82 -47 -59 / 52 55 61 84 / 76 -52 -55 -60 / 45 57 71 / 77 -45 -57 -66 / 49 61 76 / 66 -49 -61 <END> 
<S> 45 57 -72 -76 / 77 -45 -57 / 46 58 74 / 73 -46 -58 / 53 58 61 77 / 79 -53 -58 -61 / 41 53 81 / 82 -41 -53 / 53 56 62 77 / 82 -53 -56 -62 / 39 51 79 / 77 -39 -51 / 55 58 63 75 / 72 -55 -58 -63 <END> 
<S> 39 51 79 / 77 -39 -51 / 55 58 63 75 / 78 -55 -58 -63 / 39 51 72 / 82 -39 -51 / 54 57 60 63 72 / 70 -54 -57 -63 / 52 58 61 64 69 / 61 64 70 -52 / 51 63 67 / 70 -63 -67 / 56 60 68 -68 / 70 -56 -60 <END> 
<S> 55 58 61 70 / 67 73 -58 -58 -64 / 39 51 -70 -73 / 67 70 -39 -51 / 41 53 69 / 71 -41 -53 / 53 58 62 69 / 65 -53 -58 -62 / 46 58 64 70 74 / 53 57 62 -65 -70 -74 / 72 -53 -58 -62 -65 / 53 57 62 65 74 / -65 -53 -65 -70 -74 / 46 58 -65 -70 -74 / 48 60 -65 -70 -74 / 46 58 -65 -70 -74 -77 <END> 
<S> 49 62 65 77 / 61 65 70 -65 53 53 61 63 65 / 0 63 65 / 61 65 69 / 61 -65 -69 / 48 68 / 72 76 -48 / 57 60 65 -72 -75 / 75 -57 -60 -63 -69 / 41 69 72 75 79 / 53 65 77 -69 -81 / 69 72 77 -41 -53 / 42 54 -69 -72 -75 / 75 -42 -54 -69 <END> 
<S> 62 65 / 65 68 -62 -65 / 61 65 69 -65 / 60 -65 -65 -68 / 61 65 69 / 61 -65 -65 / 53 61 65 68 / 75 -53 -57 -65 / 44 56 68 77 / 56 60 65 -68 -56 -68 / 0 39 51 / 68 -39 -51 / 56 60 66 -68 / 75 -56 -60 -66 <END> 
<S> 39 51 -65 -68 / 72 -39 -51 / 51 56 60 68 / 72 -51 -56 -60 / 44 56 68 75 / 72 -44 -56 / 51 56 60 75 / 65 77 -51 -56 -60 / 44 56 68 72 / 72 -44 -56 / 51 56 60 68 75 / 0 72 -51 -56 -60 / 0 51 75 / 0 72 -39 -51 / 0 55 58 63 67 79 / 0 52 55 58 64 82 / 76 -52 -55 -58 -60 <END> 
<S> 39 51 71 / 75 -39 -51 / 51 55 60 70 / 68 -51 -55 -61 / 39 51 69 / 61 72 -39 -51 / 51 63 70 / 73 -51 -61 / 44 56 68 / 71 -44 -56 / 51 56 60 72 / 71 75 -51 -56 -60 / 39 51 72 -75 / 71 80 -39 -51 / 51 56 60 68 -80 <END> 
<S> 44 56 -72 / 72 75 -44 -56 / 51 56 60 -72 -75 / 72 75 -51 -56 -60 / 44 56 72 75 84 / 46 58 -72 -75 -84 / 48 60 80 / 39 51 -75 / 45 57 -75 / 39 51 70 / 72 -39 -51 / 51 58 60 70 / 67 72 -51 -58 -60 / 0 <END> 
<S> 39 51 / 78 -39 -51 / 58 63 67 70 / 70 -58 -63 -67 / 46 67 / 73 -46 / 55 58 63 72 / 75 -55 -58 -63 / 51 -75 / 72 -51 / 55 58 63 -72 / 70 -55 -58 -63 / 46 -70 / 67 -46 / 55 58 62 68 <END> 
<S> 39 51 72 / 71 82 -39 -51 / 41 53 -74 -75 / 68 72 -41 -53 / 56 58 62 68 80 / 70 82 -56 -58 -62 / 39 51 -70 -82 / 77 80 -39 -51 / 58 63 67 75 79 / 70 75 82 -58 -63 -67 / 42 54 -70 -75 -82 / 72 75 -42 -54 / 58 63 66 70 -75 / 75 87 -58 -63 -66 <END> 
<S> 51 70 82 87 / 75 84 -51 / 58 63 67 77 86 / 75 87 -58 -63 -67 / 43 55 74 / 75 79 -43 -55 / 58 60 64 70 75 / 75 78 -58 -60 -64 / 48 69 77 81 / 53 60 63 -77 -81 / 77 -53 -57 -60 / 36 48 -77 / 77 -36 -48 / 53 57 63 -77 / 79 -53 -57 -63 <END> 
<S> 45 72 86 / 74 86 -45 / 53 57 63 -79 / 77 81 -53 -57 -63 / 41 72 75 / 77 -41 / 53 57 63 75 / 72 -53 -57 -63 / 46 74 / 73 -46 / 53 58 62 72 / 70 -53 -58 -62 / 41 74 / 53 58 62 70 <END> 
<S> 41 53 74 / 73 -41 -53 / 42 54 73 / 74 -42 -54 / 41 53 75 / 80 -41 -53 / 39 51 77 / 75 -39 -51 / 43 55 75 / 75 -39 -51 / 46 58 67 / 70 -46 -58 / 44 56 68 72 / 65 68 71 -44 -56 <END> 
<S> 39 51 67 / 78 -39 -51 / 58 63 67 / 70 -51 -63 / 67 -51 / 55 58 63 67 / 65 69 -55 -58 -63 / 46 -65 / 70 -46 / 53 58 62 74 / 77 -53 -58 -62 / 46 -77 / 77 -46 / 53 58 62 70 / 74 -53 -58 -62 <END> 
<S> 46 58 74 / 65 -46 -58 / 53 58 62 -65 -70 / 70 74 -53 -58 -62 / 46 58 -65 -70 -74 / 48 60 -65 -70 -74 / 50 62 70 77 / 49 61 77 -70 / 48 60 77 / 80 -48 -60 / 46 58 -77 / 82 -46 -58 / 47 59 84 / 82 -47 -59 <END> 
<S> 39 51 -70 -70 / 78 -39 -51 / 39 51 67 79 / 75 -39 -51 / 40 52 70 72 79 / 41 53 70 74 77 / 72 77 -41 -53 / 53 58 62 74 / 70 -53 -58 -62 / 41 65 77 / 53 58 62 -65 -77 / 70 74 -53 -58 -62 / 43 55 -70 -77 / 67 -43 -55 / 44 56 62 65 68 75 / 40 52 64 67 72 / 62 64 71 -40 -52 <END> 
<S> 34 46 74 77 / 65 77 -34 -46 / 53 58 62 76 -65 -70 / 77 -53 -58 -62 -65 -70 / 43 55 -62 -70 / 72 -43 -55 -70 / 41 53 74 / 79 -41 -53 / 39 51 77 89 / 75 -39 -51 / 40 52 72 79 83 / 39 51 / 72 78 -39 -51 / 51 56 60 -72 -80 / 72 75 -51 -56 -60 <END> 
<S> 39 51 -72 / 75 79 87 -51 / 58 63 68 72 84 / 75 87 -58 -63 -68 / 44 56 68 72 77 / 68 71 -44 -56 / 51 56 60 68 72 / 70 73 -51 -56 -60 / 44 56 68 72 / 71 77 -44 -56 / 51 56 60 72 75 / 72 75 -51 -56 -60 / 39 51 -72 -75 / 72 75 -39 -51 / 51 56 60 -72 / 68 -51 -56 -60 <END> 
<S> 39 51 72 / 71 75 -51 / 51 56 60 68 72 / 70 73 -51 -56 -60 / 39 51 72 75 / 72 80 -39 -51 / 51 56 60 -72 -80 / 72 77 -51 -56 -60 / 44 56 72 75 / 72 75 -44 -56 / 51 56 60 -72 -75 / 72 75 -51 -56 -60 / 39 51 72 75 / 70 73 -39 -51 / 51 55 60 -70 -73 / 72 -51 -55 -61 / 40 52 70 / 72 -40 -52 / 58 61 64 70 / 41 53 68 73 <END> 
<S> 39 51 67 / 72 -39 -51 / 51 56 60 68 / 70 -51 -56 -60 / 41 53 68 / 65 72 -41 -53 / 56 60 65 68 / 65 -56 -60 -65 / 41 -65 / 65 71 -41 / 53 -65 -65 / 68 72 -53 -65 / 0 45 57 72 / 0 75 78 83 84 <END> 
<S> 41 -65 -67 / 69 -41 -53 / 48 61 70 / 65 -40 -52 -61 / 0 46 58 / 0 45 57 / 0 -45 -57 / 0 42 54 75 / 0 54 57 60 62 74 / 0 43 55 71 76 / 45 57 69 76 78 <END> 
<S> 0 42 / 0 75 -42 -54 / 54 57 60 62 83 -72 / 83 -54 -57 -60 -63 / 38 50 78 78 / 81 -38 -50 / 60 62 72 78 83 83 / 41 53 72 77 81 / 74 82 -41 -53 / 53 56 62 77 86 / 74 77 84 -53 -62 -65 / 0 53 65 71 83 / 69 72 74 -53 -65 <END> 
<S> 38 50 74 78 81 / 76 -50 -74 -79 / 53 57 62 78 81 84 / 72 84 -53 -53 -58 -62 / 41 53 -72 -81 -84 / 71 -41 -53 -53 / 57 62 65 69 77 81 / 40 52 -71 -77 -81 / 76 -40 -52 -73 / 60 64 72 -76 -79 / 79 -60 -64 -67 -72 -79 / 43 55 72 76 79 / 36 48 72 76 79 84 / 0 <END> 
<S> 48 60 72 76 81 / 72 -48 -60 -72 -76 / 53 57 63 78 -72 / 69 72 75 -41 -53 -57 -63 / 41 53 -69 -75 -79 / 69 72 75 -41 -53 / 53 57 60 63 69 74 83 / 73 77 81 -53 -57 -60 -63 / 45 44 -75 -81 / 72 -45 -57 / 53 57 63 74 / 69 75 -53 -57 -63 / 46 58 70 75 / 45 57 72 75 <END> 
<S> 41 53 69 74 / 67 72 -41 -53 / 42 54 69 75 / 63 68 72 75 -42 -54 / 43 55 60 64 67 72 / 60 64 70 -43 -52 -64 / 43 55 -64 -64 -67 / 64 -43 -55 -64 -64 / 0 60 64 -48 -64 / 0 62 70 -64 / 46 58 62 68 74 / 50 -58 -62 -68 / 70 -58 -62 <END> 
<S> 48 60 65 69 / 68 -48 -60 -65 -69 / 53 57 63 72 / 57 69 -57 -60 / 48 65 69 / 68 -48 / 57 60 65 72 / 74 77 -57 -60 -65 / 48 -74 -81 / 79 -48 / 57 60 65 72 / 77 -57 -60 -65 <END> 
<S> 0 / 69 -41 / 53 57 62 71 / 69 -53 -62 / 46 58 67 70 74 77 / 44 58 67 74 / 45 57 63 69 73 / 65 73 73 -45 -57 -57 -66 / 34 46 -65 -74 -77 / 53 58 62 -65 -70 -74 / 40 52 70 73 77 79 / 55 58 61 -67 -70 -76 -82 <END> 
<S> 58 62 65 70 74 / 57 -62 -65 -70 -74 / 58 -62 -65 -70 -74 / 60 65 70 -65 -70 / 53 65 -65 -70 -74 / 60 -65 -70 -74 / 56 61 65 77 / 51 63 77 / 44 56 77 80 <END> 
<S> 39 -67 -72 -75 / 65 74 -39 -51 / 35 47 68 75 / 65 68 71 -44 / 46 68 68 74 80 / 0 39 51 67 72 75 / 0 70 80 -51 -63 / 0 52 55 61 64 68 69 / 0 -40 -52 -55 -64 -67 / 39 51 -64 -70 / 67 -39 -51 -67 <END> 
<S> 39 51 67 70 / 67 -39 -51 -67 / 58 63 67 75 / 46 -67 -75 / 67 70 75 82 / 51 -67 -75 -79 / 75 -67 -75 -79 / 51 -67 -70 -75 -79 / 46 -67 -70 -79 / 51 -67 -70 -79 / 41 53 70 75 / 39 51 67 75 <END> 
<S> 46 70 82 82 / 58 62 67 -70 -82 / 75 -58 -62 -67 -70 / 46 58 67 82 / 75 -46 -58 -67 / 43 55 70 82 / 79 -43 -55 -70 / 58 63 67 79 -70 / 75 -58 -60 -64 -70 / 36 48 70 76 / 70 74 -36 -48 / 55 60 64 -70 -74 / 79 -55 -60 -64 -70 <END> 
<S> 51 67 70 / 67 70 -51 -51 / 55 58 63 -67 -70 / 72 -55 -58 -63 -67 / 63 67 70 75 -48 / 53 -63 -67 -75 / 57 -63 -67 -75 / 47 -63 -75 / 46 58 68 / 51 63 75 / -67 -75 / 46 58 -75 / 75 -46 -58 <END> 
<S> 39 51 -67 -75 / 40 52 -67 -75 / 39 -60 -70 / 58 64 67 70 / 39 51 67 70 / 39 67 70 75 79 / 50 55 -67 -70 -74 -79 / 43 55 -67 -70 -74 -79 / 43 55 -67 -70 -73 -79 / 41 53 -67 -70 -74 -77 / 46 58 -70 -70 -74 -79 / 43 55 -70 -70 -74 -77 / 41 53 67 70 72 75 <END> 
<S> 45 57 75 78 84 / 54 60 63 66 72 78 81 / 48 60 72 -66 -72 -78 / 46 58 62 67 -72 -76 / 73 76 -46 -58 -62 -64 / 44 56 77 -44 -76 / 80 -44 -56 -72 / 43 55 65 71 75 / 75 -43 -55 -64 -71 / 46 58 67 71 74 79 <END> 
<S> 44 56 74 83 / 80 -44 -56 / 56 60 62 82 / 74 -56 -62 -62 / 46 58 -74 / 75 -46 -58 / 58 62 67 72 / 75 -58 -62 -67 / 51 63 69 / 70 -51 -63 / 52 64 -70 / 68 -52 -64 / 49 61 69 / 70 -49 -61 / 44 56 68 / 71 -44 -56 <END> 
<S> 39 51 -67 -72 / 72 -39 -51 / 51 55 60 70 / 72 -51 -55 -60 / 39 51 70 / 67 -39 -51 / 55 58 63 69 / 70 -55 -58 -63 / 43 -70 / 75 -43 / 55 58 63 66 / 70 -55 -58 -63 / 46 -70 / 75 -46 / 55 58 63 72 / 70 -55 -58 -63 <END> 
<S> 39 51 67 / 75 -39 -51 / 55 58 63 72 / 70 -55 -58 -63 / 43 55 -70 / 72 -43 -55 / 41 53 74 / 70 -41 -53 / 40 52 72 / 74 -40 -52 / 41 53 -74 / 69 72 -42 -53 / 41 53 -69 -72 / 74 -41 -53 -69 / 42 54 69 72 <END> 
<S> 41 53 74 / 73 -41 -53 / 56 -41 62 77 / 74 -44 -56 -62 / 43 -74 -82 / 79 -43 / 58 62 65 74 / 76 -58 -62 -65 / 45 57 65 72 / 77 -45 -57 -65 / 44 56 65 65 72 77 / 69 -44 -56 -65 -65 -72 -77 / 43 55 71 76 -65 -71 / 74 -43 -55 -64 -71 / 55 58 62 -43 -71 -74 <END> 
<S> 45 57 77 / 78 -45 -57 / 57 60 65 -45 -57 / 66 75 78 81 -45 -57 -60 / 44 56 -72 -75 -81 / 72 76 -44 -56 / 45 57 63 72 / 72 77 -45 -57 / 46 58 75 / 67 -46 -58 / 51 55 61 75 / 70 -51 -55 -61 / 43 55 -70 / 67 -43 -55 / 39 51 61 69 / 70 -39 -51 <END> 
<S> 43 55 70 / 74 -43 -55 / 42 54 73 / 74 -42 -54 / 43 55 -74 / 44 56 -82 / 40 52 73 / 39 51 -73 / 32 44 68 72 75 / 0 / 0 39 51 <END> 
<S> 44 56 71 / 65 72 -44 -56 / 42 54 -63 -72 / 57 60 66 69 75 / 60 66 75 -60 -60 / 66 72 76 -60 -60 / 51 66 72 / 66 72 -51 -60 / 0 50 62 / 0 76 -50 / 0 76 / 0 78 <END> 
<S> 39 51 62 66 / 66 74 -39 -51 / 39 51 -62 -66 -75 / 69 -42 -54 -60 -66 / 39 51 60 66 69 / 71 -40 -52 -60 -66 / 66 -40 -52 -66 / 66 -39 -51 -66 / 52 59 62 64 71 / 50 60 -59 -62 -67 -71 / 65 -47 -59 -62 / 52 59 62 64 69 / 59 62 65 67 <END> 
<S> 38 50 62 65 67 / 70 -38 -50 -62 / 39 51 61 67 70 / 0 44 56 60 68 / 0 39 51 / 51 56 60 72 / 71 -51 -56 -60 / 44 56 75 / 72 75 -44 -56 / 51 56 60 -72 -75 / 71 -51 -56 -60 / 39 51 72 / 70 -39 -51 / 41 53 68 / 68 -41 -53 <END> 
<S> 44 56 71 / 72 -44 -56 / 42 54 -72 / 70 -42 -54 / 41 53 68 80 / 40 52 67 71 79 / 39 51 66 69 72 / 66 74 78 -45 -57 -66 / 38 50 -66 -78 -78 / 72 -38 -50 -62 / 54 60 62 66 78 / 74 78 -54 -60 -62 -66 / 38 50 78 81 / 81 -38 -50 -78 -78 / 54 60 62 78 -78 <END> 
<S> 38 50 -68 -71 -77 / 72 -38 -50 -60 / 48 58 61 67 78 / 70 73 -49 -58 -61 / 39 51 -67 -73 / 79 -39 -51 -67 / 52 56 61 80 / 73 -52 -56 -61 / 39 51 67 -73 / 75 -39 -51 / 51 55 61 73 / 70 -51 -55 -61 / 39 51 72 / 82 -39 -51 / 58 61 64 70 / 66 78 -58 -61 <END> 
<S> 39 51 -72 / 71 75 -39 -51 / 51 55 61 -70 -75 / 75 -51 -55 -61 / 39 51 72 / 82 -39 -51 / 61 73 87 / 80 -68 -73 / 51 56 73 85 / 85 -51 -63 -70 / 44 56 82 / 80 -44 -56 / 56 61 65 77 / 76 -56 -61 -65 / 51 61 69 77 / 73 77 -51 -61 / 49 61 70 73 / 69 -49 -61 <END> 
<S> 39 51 -72 -82 / 72 -39 -51 / 41 53 75 / 80 -41 -53 / 43 77 80 / 77 80 -43 -53 / 42 54 -75 82 / 72 84 -42 -54 / 42 54 -72 -84 / 75 -42 -54 -72 / 43 55 70 / 71 -43 -55 / 41 53 72 / 74 80 -41 -53 <END> 
