<S> 58 70 / 57 69 / 55 67 / 58 70 / -58 -70 / 57 69 / 55 67 / 53 65 / 55 67 / 57 69 / 53 65 / -53 -65 <END> 
<S> 53 65 / 52 64 / 53 65 / 55 67 / 54 69 / 50 71 / 57 69 / 53 65 / 52 64 / 51 63 / 69 -51 / 0 <END> 
<S> 62 66 / 67 71 -45 / 52 59 68 71 76 / 69 72 76 -52 / 55 76 -66 -76 / 76 79 -55 / 52 64 72 78 84 / 43 55 71 74 79 / 44 56 68 74 77 <END> 
<S> 44 71 77 83 / 72 75 81 -44 / 56 60 63 68 72 75 / 72 75 78 -60 -63 -66 / 44 -72 -75 -78 / 68 80 -44 / 56 60 63 72 84 / 75 87 -56 -60 -63 / 44 56 -75 -88 / 72 84 -44 -56 / 56 60 63 75 / 75 87 -60 -63 <END> 
<S> 44 71 82 / 72 76 87 / 52 56 60 -72 -75 -80 / 71 76 83 -52 -56 -60 / 39 51 72 75 84 / 70 82 -39 -51 / 41 53 72 / 70 73 82 -41 -53 / 56 61 65 68 77 80 / 68 80 80 -56 -61 -65 / 44 56 -70 -80 -80 / 56 60 66 72 78 78 <END> 
<S> 44 56 68 72 80 / 68 72 80 -44 -56 / 51 56 60 -68 -72 -80 / 68 72 80 -51 -56 -60 / 39 51 69 72 75 84 / 56 60 66 70 72 75 78 / 72 75 78 -56 -60 -66 / 39 51 -72 -75 -78 / 72 75 -39 -51 / 40 52 70 73 79 82 / 41 53 69 72 77 81 / 68 71 80 -41 -53 / 40 52 72 79 / 71 81 -52 -52 <END> 
<S> 44 56 71 74 77 / 74 77 -44 -56 / 56 60 63 72 75 / 75 78 -56 -60 -66 / 44 56 -72 -75 / 72 75 -44 -56 / 42 54 70 72 / 63 72 -42 -54 / 0 50 62 / 68 76 -50 -62 / 0 49 61 70 / 68 -49 -61 -61 / 44 56 65 68 / 64 -44 -56 -65 -68 / 53 56 62 68 -62 -65 -68 <END> 
<S> 0 42 / 0 53 / 0 55 59 / 57 60 63 68 / 72 -57 -60 -63 / 55 -60 -64 -72 / 57 60 65 72 / 55 60 64 72 / 45 57 72 / 72 -45 -57 / 57 60 65 72 / 67 76 79 -57 -60 -65 / 37 76 78 / 66 78 81 -47 / 55 60 64 79 88 <END> 
<S> 0 / 36 48 72 76 84 / 0 53 57 60 65 81 / 69 81 -53 -57 -60 -65 -69 -72 -81 / 0 77 81 86 -57 -57 -60 / 0 50 57 60 65 69 81 / 0 48 55 60 64 76 / 0 67 79 -55 -60 -64 / 0 50 62 77 / 79 -38 -50 -71 / 55 59 65 77 83 / 71 -55 -59 -65 <END> 
<S> 0 52 55 60 64 72 76 / 0 76 / 0 77 -52 / 0 55 61 64 76 / 0 72 -55 -64 -64 / 36 48 64 76 / 70 -36 -48 / 48 60 64 72 / 69 -48 -60 -64 / 0 53 77 / 0 82 -53 / 0 57 60 65 69 72 / 0 77 -57 -60 -65 / 48 60 76 / 72 -48 -60 -64 <END> 
<S> 52 64 67 / 72 -48 -64 / 52 55 60 -48 -72 / 64 71 -52 -55 -60 / 0 / 41 53 56 59 65 / 68 72 -53 -56 -62 / 50 57 62 64 69 / 65 68 -50 -61 -62 / 49 61 -65 -67 / 69 -49 -61 -61 / 44 56 65 68 72 <END> 
<S> 41 53 65 69 / 68 -41 -53 -65 / 52 61 61 69 / 61 61 68 -40 -52 / 62 -40 -52 -58 -61 -67 / 61 -40 -52 -61 -67 / 44 56 68 74 45 / 51 56 60 72 -66 / 70 -51 -56 -60 / 39 51 68 / 72 -39 -51 -68 / 37 49 -68 / 73 -37 -49 / 44 56 -68 -80 / 72 -44 -56 <END> 
<S> 39 51 -65 -72 / 75 -51 -55 / 51 54 60 72 / 70 -51 -54 -60 / 39 51 67 / 63 -39 -51 / 55 58 -63 -67 / 65 68 -55 -58 -63 / 46 67 75 / 67 -46 / 55 58 63 -67 / 70 -55 -58 -63 / 46 -67 / 69 -46 / 55 58 62 70 / 69 -55 -58 -62 <END> 
<S> 39 51 67 / 66 75 -39 -51 / 39 51 -67 -72 -75 / 63 70 -39 -51 / 39 51 67 72 / 51 66 70 / 60 63 69 -51 / 53 -63 -66 / 39 51 -63 -69 / 39 51 68 / 51 -60 -68 / 52 60 72 -66 / 0 63 75 <END> 
<S> 39 51 67 / 66 -39 -51 / 39 51 67 70 / 61 67 70 -39 -51 / 39 51 61 -67 -70 / 0 44 56 / 0 68 80 / 0 68 80 / 51 -68 -77 -80 / 68 71 -39 -68 -71 / 52 68 72 75 80 / 0 74 82 <END> 
<S> 44 56 68 72 / 65 68 71 -56 -62 / 65 68 71 74 -68 / 64 68 72 76 / 65 68 72 80 -34 / 0 68 80 -68 / 0 68 80 -68 / 0 80 -68 -71 / 0 68 80 -68 / 0 72 75 80 -68 / 0 0 68 80 <END> 
<S> 66 66 78 / 66 78 83 -66 / 63 66 72 -78 / 63 69 72 78 -63 / 53 65 68 -69 -72 / 80 -64 -69 -72 / 55 65 68 77 / 51 -65 -69 -81 / 69 72 77 81 / 57 -69 -72 -75 -81 / 69 72 76 81 / 65 77 81 / 79 -69 -72 -77 / 65 77 80 81 89 / 0 65 <END> 
<S> 41 53 69 80 / 68 71 -41 -53 / 42 54 69 72 77 81 / 43 53 71 77 83 / 75 81 87 -43 -54 / 54 60 63 74 78 83 / 72 75 84 -54 -60 -62 / 38 50 -72 -78 -84 / 72 74 81 -45 -57 / 56 60 62 71 74 77 / 72 78 84 -56 -60 -62 / 40 52 -72 -78 -84 / 72 -40 -52 / 55 60 64 76 / 79 -55 -60 -64 <END> 
<S> 44 56 72 80 84 / 72 84 -44 -56 / 56 60 -72 -84 / 82 -60 -64 / 48 72 76 84 / 57 60 -72 -75 -81 / 72 76 84 -48 / 53 -72 -76 -84 / 77 81 -48 / 57 60 72 84 -84 / 0 72 81 84 -57 / 0 76 -72 -81 / 0 57 -72 -77 -84 / 0 43 55 -72 -76 -81 / 0 45 57 72 76 84 / 0 71 83 / 0 72 76 / 0 78 / 0 72 75 84 <END> 
<S> 36 48 72 76 81 84 / 72 76 84 -36 -48 / 58 60 64 -72 -76 -84 / 70 77 -58 -60 -64 / 36 48 67 72 76 79 / 69 72 -36 -48 -36 -76 -79 / 36 48 70 72 76 79 / 70 76 -36 -48 -67 -72 -76 / 41 53 69 72 77 / 69 72 77 -41 -53 / 42 54 -69 -72 -81 / 72 76 79 -42 -54 / 43 55 -72 -76 -84 / 71 77 -43 -55 / 45 57 72 75 81 <END> 
<S> 43 55 72 76 79 / 57 60 64 70 72 76 79 / 69 72 76 81 -55 -60 -64 / 40 52 -69 -72 -76 -81 / 79 -40 -52 / 55 60 64 76 / 67 -55 -60 -64 / 36 48 -64 -67 / 67 -36 -48 / 55 60 64 76 -64 / 68 72 84 -55 -60 -64 / 40 52 -72 -76 -84 / 72 -40 -52 / 56 60 64 -40 -72 -84 <END> 
<S> 48 60 -64 / 72 -48 -60 -64 / 0 -48 -60 -64 / 0 72 -36 -48 -60 -64 / 0 58 -48 -64 -72 / 0 60 70 -64 / 0 52 58 -60 -70 / 0 60 64 71 -52 / 48 -60 -64 -70 / 58 64 -48 -64 / 56 60 65 77 -48 -60 / 0 53 57 60 65 75 / 0 72 -53 -57 -60 -65 / 0 53 57 60 63 65 / 69 -53 -56 -60 -63 -65 / 0 60 65 69 -48 / 0 52 64 67 <END> 
<S> 48 60 -64 67 / 67 -48 -60 -64 / 36 48 67 / 67 70 -36 -48 / 55 58 60 64 69 / 72 -55 -60 -64 / 41 53 57 60 69 / 0 72 / 0 / 77 81 -36 -48 / 0 81 -45 / 0 84 84 / 0 84 82 <END> 
<S> 53 57 60 65 / 72 -53 -57 -60 / 48 53 57 75 / 65 77 -48 -48 / 46 58 -65 -77 -79 / 75 -46 -58 / 74 -48 / 77 -48 / 79 -48 / 53 56 72 84 / 77 -53 -57 -63 / 41 -77 -89 / 77 -41 / 53 57 63 75 / 79 -53 -57 -63 <END> 
<S> 45 -79 / 75 79 82 / 53 57 63 77 82 / 72 75 79 -53 -57 -63 / 41 53 -72 -75 -79 / 69 77 -41 -53 / 53 57 63 75 / 72 -53 -57 -63 / 41 53 -75 / 74 -41 -53 / 42 54 75 / 65 -42 -54 / 43 55 70 / 72 -43 -55 / 41 53 74 / 79 -41 -53 <END> 
<S> 41 53 74 / 69 -41 -53 / 53 57 62 77 / 69 81 -53 -57 -62 / 42 54 -69 -81 / 77 -42 -54 / 38 50 74 / 60 72 / 43 55 65 / 44 56 62 65 70 <END> 
<S> 62 66 / 68 -60 / 50 62 / 68 -50 / 0 56 62 / 63 63 71 / 0 71 83 / 0 71 83 / 0 79 -71 / 0 78 83 <END> 
<S> 62 65 / 61 -62 -65 -68 / 60 65 69 -62 / 68 -62 -65 / 0 65 / 0 56 68 / 0 68 / 0 72 / 0 71 83 / 0 56 68 / 0 68 / 49 61 68 77 <END> 
<S> 62 71 / 71 -62 -62 / 61 67 -59 -62 / 62 65 68 -62 / 51 -59 -65 -67 / 59 65 68 71 <END> 
<S> 41 65 69 72 / 65 68 74 -41 / 56 59 65 68 74 / 65 68 74 77 -59 -59 / 48 -65 -65 -69 -76 / 65 -48 -65 -77 / 60 65 -41 -65 -77 / 72 43 55 / 64 -43 -55 <END> 
<S> 0 65 69 / 65 68 72 75 / 65 70 74 77 -65 / 56 58 62 -65 -70 -74 -77 / 41 53 65 68 74 / 77 -41 -53 -65 -68 / 63 65 68 -41 -53 / 46 61 -65 -68 / 65 68 -46 / 36 48 64 69 / 64 -36 -48 -64 <END> 
<S> 58 65 68 -65 / 34 46 -65 -68 -72 / 36 48 -62 -69 -72 / 0 46 58 67 / 0 65 77 -46 -58 / 0 44 56 -65 -68 -80 / 0 62 65 68 71 75 35 -80 -53 -59 / 39 51 -62 -70 -71 -75 -80 / 41 53 58 62 71 77 80 / 40 52 67 77 79 / 0 79 <END> 
<S> 41 53 68 80 / 74 80 -41 -53 / 56 58 62 -68 -74 / 65 68 -56 -58 -62 / 34 46 68 80 / 70 -34 -62 -68 / 39 51 -68 -70 -80 / 38 50 68 80 / 75 78 -38 -50 / 39 51 72 75 84 / 56 60 66 -72 -75 -78 / 78 -56 -60 -63 -68 / 32 44 68 72 75 80 / 0 / 65 69 77 <END> 
<S> 44 56 68 80 / 72 80 -44 -56 / 51 56 60 -72 -77 / 72 75 -51 -56 -60 / 44 72 77 80 / 71 77 80 -44 / 51 56 60 72 79 / 72 84 -51 -56 -60 / 39 51 72 84 / 70 82 -39 -51 / 51 56 60 -70 -80 / 72 75 -51 -56 -60 / 44 56 -72 -75 / 71 77 -44 -56 / 51 56 60 72 75 78 / 70 72 80 -51 -56 -60 <END> 
<S> 44 56 71 77 / 72 75 -44 -56 / 51 56 60 -72 -75 / 72 75 -51 -56 -60 / 46 -68 -72 / 70 -46 / 56 68 / 51 63 / 39 -60 / 48 68 / 72 75 80 -48 / 51 56 60 -72 -75 -80 / 71 77 -51 -56 -60 / 39 72 75 / 72 84 -39 -51 / 51 56 60 73 85 / 72 80 -51 -56 -60 <END> 
<S> 39 51 / 78 -39 / 58 60 68 75 79 / 39 67 75 79 / 55 58 63 -70 -75 -79 / 51 55 70 82 82 / 42 54 -70 -82 / 72 75 -42 -54 / 43 55 70 75 / 75 77 -43 -55 / 42 54 -75 -75 / 72 -42 -54 -70 / 41 53 73 / 43 55 73 <END> 
<S> 39 51 70 82 / 75 -39 -51 / 55 58 63 72 77 / 75 79 -55 -58 -63 / 39 51 -75 -79 / 78 -39 -51 / 40 52 70 79 82 / 41 53 69 72 77 81 / 68 71 80 -41 -53 / 41 53 -68 -80 / 68 71 80 -41 -53 -65 / 40 52 -68 -71 -80 / 68 -40 -52 -68 -71 / 38 50 68 71 76 <END> 
<S> 41 68 71 80 / 65 68 72 -41 / 70 -41 -68 / 68 -44 -68 -72 / 77 -44 -68 / 68 -44 -68 -73 / 65 -44 -56 -65 -72 / 43 65 71 74 / 69 -43 -71 / 42 54 69 72 / 43 55 -69 -72 / 67 -43 -55 / 44 44 72 72 84 / 0 <END> 
<S> 55 67 71 / 54 60 -51 -72 / 63 68 -51 / 67 71 -51 / 55 67 / 55 67 / 68 -55 / 49 67 / 50 69 / 68 -50 / 65 69 / 0 79 / 0 77 / 0 81 <END> 
<S> 62 66 / 66 -41 / 61 65 69 72 / 62 65 68 71 / 0 68 71 74 -59 / 0 / 47 59 64 71 / 74 -47 -59 -68 -71 / 46 58 64 76 / 74 77 -58 -62 -68 / 46 58 68 -74 -77 / 69 81 -46 -58 -67 / 51 63 67 79 / 72 -51 -63 -67 <END> 
<S> 51 67 79 / 72 75 -51 / 58 63 70 74 / 70 75 -58 -63 / 43 -67 -70 / 63 -43 / 55 58 61 67 / 65 70 -55 -58 -61 / 0 51 70 / 0 82 -51 / 0 55 58 61 79 / 0 81 -55 -58 -61 / 39 51 84 / 82 -39 -51 / 58 60 63 79 / 78 -58 -63 <END> 
<S> 0 / 51 63 / 73 -51 -63 / 58 61 67 73 / 39 51 70 / 67 -39 -51 / 52 58 61 66 / 66 -52 -58 -61 / 46 58 67 / 68 73 -46 -58 / 51 55 61 70 73 / 0 70 73 82 -55 -58 / 46 58 -67 -70 -74 -82 / 73 -46 -58 / 51 55 61 77 / 72 -51 -55 -61 <END> 
<S> 43 55 65 / 70 82 -53 -55 -62 / 55 58 61 -70 -82 / 79 -55 -58 -61 / 39 51 79 / 77 -39 -51 / 46 58 67 75 / 70 74 82 -46 -58 / 34 46 -70 -75 -79 / 76 82 -46 -58 / 58 63 67 79 / 75 -58 -63 -67 / 48 69 75 81 / 60 -69 -72 -75 -81 / 67 -48 -69 -72 -81 / 53 67 69 74 77 / 69 81 -53 -69 -69 / 57 60 65 -69 -69 -81 / 69 77 -57 -60 -65 <END> 
<S> 48 60 70 75 / 72 75 -48 -60 / 55 58 63 -72 -75 / 70 79 -55 -58 -63 / 43 -70 -82 / 79 82 / 41 53 81 / 74 86 -41 -53 / 42 54 -74 -82 / 82 -42 -54 -70 / 46 58 -82 / 82 -46 -58 / 41 53 74 80 / 77 81 -41 -53 / 56 58 62 74 80 / 70 74 82 -56 -58 -62 / 46 -70 -74 -82 / 70 -46 / 56 58 62 72 / 74 -56 -58 -62 <END> 
<S> 41 53 74 82 / 77 -41 -53 / 53 58 62 74 / 70 79 -53 -58 -62 / 41 53 -70 -74 / 77 -41 -53 -70 / 53 58 62 76 / 70 -53 -58 -62 / 46 58 62 70 / 65 74 -46 -58 / 53 58 62 -65 -74 / 65 77 -53 -58 -62 / 43 55 64 70 74 / 44 56 73 77 / 45 57 75 78 <END> 
<S> 41 53 74 / 72 -41 -53 / 56 58 62 70 / 77 -56 -58 -62 / 37 49 65 77 / 53 56 59 -65 -68 -77 / 41 53 68 80 / 39 51 61 69 75 / 0 44 56 -66 / 0 60 63 75 / 0 72 84 <END> 
<S> 39 51 67 70 / 36 48 69 75 80 / 0 42 54 75 / 75 -42 -54 -54 / 43 55 76 / 79 -43 -55 / 44 56 74 / 82 -44 -56 / 44 56 84 / 80 -44 -56 / 56 60 65 80 / 68 80 -56 -60 -65 / 44 56 68 72 77 80 / 53 56 59 -68 -72 -77 / 64 70 73 77 -56 -59 -65 <END> 
<S> 53 56 74 86 / 73 85 -53 -53 / 56 61 65 77 / 75 -56 -61 -65 / 46 58 67 77 / 79 -46 -58 / 51 63 67 77 / 49 61 -61 -73 / 48 60 69 / 72 -48 -60 / 52 57 60 70 / 72 -52 -57 -60 / 53 70 / 74 -53 / 56 58 62 77 / 74 -56 -58 -62 <END> 
<S> 39 51 79 / 72 -39 -51 / 41 53 -72 / 70 -41 -53 / 43 55 72 / 74 -43 -55 / 75 -43 -55 / 74 82 -55 / 77 82 -55 / 53 56 74 86 / 77 -53 -57 -62 / 41 53 69 75 / 77 -41 -53 -69 / 43 53 -69 -81 / 70 -43 -53 -69 / 42 54 69 72 <END> 
<S> 41 53 74 / 75 -41 -53 / 43 55 73 76 / 77 -43 -55 -76 / 46 58 -72 -79 / 70 82 -46 / 45 57 72 84 / 84 -45 -57 / 41 53 81 / 81 84 -41 / 53 57 60 77 84 / 72 81 -53 -57 -60 / 48 -72 -79 / 75 -48 / 53 57 63 79 / 69 81 -53 -57 -63 <END> 
<S> 45 57 75 79 / 78 81 -45 -57 / 57 60 65 74 86 / 72 84 -57 -60 -65 / 57 60 65 -72 -84 / 74 77 81 -57 -60 -65 / 55 60 76 79 88 / 72 -55 -60 -64 / 55 60 64 79 / 81 -55 -60 -64 / 54 60 63 66 81 / 81 -54 -60 -66 / 50 62 66 78 / 81 -50 -62 -66 / 55 59 65 79 / 81 -55 -59 -65 <END> 
<S> 43 55 72 / 72 76 84 -43 -55 / 58 60 64 -72 -76 -84 / 69 81 -58 -60 -64 / 48 60 -69 -72 -81 / 69 -48 -60 / 51 56 60 68 72 / 70 73 -56 -58 -60 / 44 56 -68 -72 / 56 60 65 68 72 / 51 63 70 72 / 56 60 -63 -68 -72 <END> 
<S> 44 56 68 80 / 71 -44 -56 / 51 56 60 72 75 / 72 75 84 -51 -56 -60 / 44 56 -72 -75 -80 / 72 77 -44 -56 / 45 57 -72 -75 / 72 84 -45 -57 / 42 54 75 87 / 82 -42 -54 / 43 55 76 82 / 84 82 -43 -55 / 58 60 64 -82 -86 / 82 85 -58 -60 -64 / 36 48 -76 -84 / 76 82 86 -36 -48 / 58 60 64 -76 -84 -82 / 84 -58 -60 -64 -76 -81 <END> 
<S> 43 55 76 82 / 79 82 -43 -55 / 58 60 64 88 / 76 82 86 -58 -64 / 36 48 -76 -82 -86 / 76 82 -36 -48 / 58 60 64 -76 -82 / 76 82 -58 -60 -64 / 36 48 -76 -82 / 76 82 -36 -48 / 58 60 64 -76 -82 / 73 76 81 -58 -60 -64 / 41 53 -76 -81 -84 / 82 -41 -53 -77 / 43 55 75 81 / 74 -43 -55 85 / 45 57 75 78 87 <END> 
<S> 43 55 76 82 / 74 86 -43 -55 / 45 60 -75 -81 / 88 -45 -57 / 41 53 74 / 86 -41 -53 / 40 52 -79 -82 / 78 -40 -52 -74 / 38 50 72 78 / 75 79 -38 -50 / 40 52 -78 -82 / 72 76 79 -40 -52 / 58 60 64 72 78 -72 -84 / 67 72 76 79 -55 -60 -64 / 52 -67 -72 -76 -79 / 45 57 72 76 81 <END> 
<S> 44 56 72 76 83 / 72 84 -44 -56 -76 / 51 56 60 -72 -84 / 71 83 -51 -56 -60 / 39 72 84 / 73 85 -39 / 41 56 73 85 / 41 53 73 80 85 / 56 61 65 68 77 80 / 70 77 80 -56 -61 -65 / 49 61 -70 -77 -82 / 50 62 -70 -77 -82 <END> 
<S> 41 53 70 74 77 / 72 -41 -53 -70 -74 / 62 65 68 77 -46 / 79 -43 -62 -65 -77 / 61 65 77 89 -65 -70 / 79 -41 -65 -74 / 77 89 -65 -70 / 58 61 65 77 -73 -77 / 0 65 77 77 -57 -63 / 0 46 -77 -77 / 0 56 58 62 -70 -77 / 38 50 68 77 80 / 49 61 77 -68 -77 <END> 
<S> 0 41 53 -65 -72 -77 / 0 39 51 65 75 / 0 60 65 68 -36 -48 -36 -76 -80 / 0 0 34 46 58 67 / 0 45 57 57 61 69 / 65 73 -45 -57 -57 -63 / 43 55 73 / 81 -43 -55 -70 / 41 53 74 / 71 -41 -53 <END> 
<S> 56 62 65 74 / 76 -56 -62 -65 / 0 54 61 69 73 / 0 63 71 -42 -54 / 0 63 66 72 75 -50 / 0 39 51 -63 -67 / 0 60 64 -39 -51 -75 / 0 39 51 -64 -67 -75 / 0 67 -39 -51 / 0 55 58 63 70 / 0 48 75 / 0 70 82 <END> 
<S> 39 51 -67 / 61 -39 -51 / 39 51 66 75 / 0 39 51 / 63 -39 -51 / 39 51 68 / 72 -39 -51 / 51 56 60 72 / 71 77 -51 -56 -60 / 39 51 72 75 / 72 77 -39 -51 / 51 56 60 -72 -77 / 72 77 -51 -56 -60 <END> 
<S> 0 44 / 68 72 -44 / 0 51 56 60 68 / 65 77 -51 -56 -60 / 44 56 -77 / 68 -44 -56 / 39 51 66 72 / 71 -39 -51 / 51 56 60 72 / 70 -51 -56 -60 / 39 51 72 / 71 -39 -51 / 51 56 60 68 / 72 -51 -56 -60 <END> 
<S> 39 51 -68 -72 / 72 -39 -51 / 51 56 60 68 / 71 -51 -56 -60 / 51 56 60 72 / 71 77 -51 -56 -60 / 53 56 60 68 -74 / 72 -53 -56 -60 / 39 51 72 / 68 72 -39 -51 / 41 53 68 / 68 80 -41 -53 / 37 49 -68 -80 / 75 87 -49 -61 / 51 56 61 75 84 / 68 80 -51 -56 -61 <END> 
<S> 0 44 68 / 72 -44 -68 / 56 60 63 -72 -80 / 0 39 -72 / 68 -39 -51 / 51 56 60 68 72 / 39 51 -72 -75 / 56 60 68 72 80 / 45 57 72 78 / 72 84 -45 -57 / 0 44 56 -72 -84 / 74 77 -44 -56 / 45 57 77 / 72 -42 -57 <END> 
<S> 44 56 72 80 / 74 80 -44 -56 / 51 56 60 -74 -80 / 72 75 -51 -56 -60 / 39 51 -72 -75 / 70 -39 -51 / 51 56 60 69 / 70 -51 -56 -60 / 44 56 68 72 / 65 72 75 -44 -56 / 0 56 60 63 -68 -72 -75 / 0 72 75 84 -39 -51 -60 / 39 51 -72 -75 -84 / 72 -39 -51 -72 -75 / 39 51 70 -72 -75 / 39 51 68 75 -39 <END> 
<S> 39 51 70 / 72 -39 -51 / 51 56 60 68 / 68 72 -51 -56 -60 / 51 56 60 -68 -72 / 71 -51 -56 -60 / 72 -39 -51 / 52 58 61 73 / 68 -52 -55 -58 -61 / 39 51 69 / 67 -39 -51 / 51 55 61 70 / 67 -51 -55 -61 / 39 51 70 / 72 -39 -51 / 52 58 61 67 / 67 70 -51 -55 -61 <END> 
<S> 46 58 68 / 67 -46 -58 / 51 55 61 70 / 67 70 -51 -55 -61 / 39 51 -70 -73 / 75 -39 -51 / 51 55 61 70 / 72 -51 -55 -61 / 39 51 70 / 67 -39 -51 / 58 63 67 / 70 -58 -63 / 56 58 68 / 61 68 77 / 73 77 80 <END> 
