<S> 53 57 60 65 69 81 -69 -81 / 72 77 -53 -57 -60 -65 / 53 57 60 65 69 81 / 54 57 60 63 69 81 / 54 57 60 63 69 81 / 67 79 -54 -57 -60 -63 / 55 60 64 67 79 -67 -79 / 72 76 -55 -60 -64 / 55 60 64 67 79 / 55 60 64 67 79 / 55 60 64 67 79 / 67 79 -55 -60 -64 <END> 
<S> 48 60 -67 -75 -79 / 55 60 -67 -72 -76 / 55 -60 -64 -67 -72 / 43 55 65 67 72 / 43 67 71 77 / 79 -43 / 55 59 65 79 / 77 -55 -59 -65 / 43 74 / 76 -43 / 55 59 65 74 / 72 -55 -59 -65 <END> 
<S> 43 71 / 74 -43 / 50 54 60 72 78 / 74 -50 -54 -60 / 43 55 76 / 74 -43 -55 / 45 57 71 / 65 -45 -57 -66 / 43 55 65 67 / 71 -43 -55 -67 / 46 58 62 74 / 66 75 -46 -56 -60 / 0 55 58 64 67 70 / 0 / 0 45 57 / 57 61 65 69 <END> 
<S> 43 55 62 67 / 71 -43 -55 -62 / 42 54 -62 -62 / 61 -42 -54 / 41 53 60 69 / 68 -41 -53 -60 / 43 55 64 69 / 64 -43 -55 / 36 48 64 67 76 / 0 / 44 56 62 65 72 <END> 
<S> 55 58 60 64 / 72 -55 -58 -60 / 53 57 60 72 / 70 74 -53 -57 -60 / 52 55 58 -70 -74 / 48 53 57 69 / 46 58 62 70 / 41 53 -62 -70 / 43 55 -62 -70 / -43 -55 -62 -70 / 41 53 -62 -70 / 38 50 -62 -70 / 39 51 -62 -70 -70 / 0 <END> 
<S> 41 53 74 / 77 -41 -53 / 53 58 62 -74 / 70 -53 -58 -62 / 43 55 64 70 / 41 53 65 69 / 39 51 67 / 66 -39 -51 / 48 60 63 67 / 63 67 -48 -60 / 36 48 -60 -64 -69 / 67 70 -36 -48 / 39 51 69 / 69 -39 -51 <END> 
<S> 48 67 / 67 -48 / 55 58 63 -67 / 64 -55 -58 -63 / 50 62 / 53 65 / 56 65 / 53 65 / 55 67 / 50 62 / 43 65 / 43 55 67 <END> 
<S> 50 71 / 55 62 / 57 69 / 55 67 / 0 / 0 / 57 69 / 57 69 / 56 68 / 53 65 <END> 
<S> 78 81 / 84 -52 / 60 62 84 / 86 -60 -62 / 62 74 86 / 86 -62 / 62 62 65 -86 / 74 86 -62 -62 -65 / 53 62 74 86 -91 / 60 62 -74 -81 -86 / 56 61 62 68 80 <END> 
<S> 50 74 77 83 / 83 -50 -74 -77 / 57 62 62 80 -74 -86 / 72 84 83 -53 -60 -62 -71 / 56 62 82 -72 -40 / 74 86 -40 -62 -74 / 0 69 83 / 0 71 83 / 0 71 77 83 / 0 71 83 <END> 
<S> 66 66 72 / 70 74 78 -60 -62 / 42 54 74 -67 -71 / 78 -42 -54 -70 / 38 50 78 81 / 43 55 79 / 44 56 82 / 84 -44 -56 / 41 53 79 / 77 -41 -53 / 40 52 72 84 / 78 -40 -52 -72 / 39 51 72 -72 -84 / 70 82 -39 -51 -72 <END> 
<S> 44 68 80 / 72 -44 / 56 60 -72 -80 / 72 82 -56 -60 / 41 53 80 / 72 77 81 -41 -53 / 57 60 65 -72 -81 / 72 84 -57 -60 -65 / 40 52 -72 -84 / 72 76 79 -40 -52 / 55 60 64 -72 -76 -79 / 74 77 -55 -60 -64 / 48 75 79 / 76 79 -48 / 55 60 63 75 81 <END> 
<S> 48 60 72 75 78 / 75 81 -48 -60 / 55 60 63 74 79 / 72 75 84 -55 -60 -63 / 39 51 -72 -75 -84 / 72 -39 -51 -72 -75 / 39 51 70 72 75 / 37 49 68 73 77 80 / 50 53 56 59 65 68 72 77 / 51 56 60 -66 -68 -75 <END> 
<S> 44 56 -65 -75 -80 / 75 -44 -56 -56 / 51 56 60 68 72 / 0 39 51 / 51 56 60 66 72 75 / 0 39 51 / 68 -39 -51 / 51 56 60 68 / 68 -51 -56 -60 / 56 58 62 68 / 70 -56 -58 -62 / 51 55 61 63 / 63 -51 -55 -58 <END> 
<S> 0 37 49 / 76 -37 -49 / 56 61 65 70 / 73 -56 -61 -65 / 44 56 77 / 68 80 -44 -56 / 51 56 61 -68 -80 / 72 75 -51 -56 -61 / 39 51 -72 -75 / 70 -39 -51 / 51 55 58 63 72 / 70 73 -51 -55 -58 -63 / 39 51 -70 / 72 75 -39 -51 / 51 55 61 70 73 <END> 
<S> 39 51 72 / 71 75 -39 -51 / 51 55 61 -70 -73 / 70 -51 -55 -61 / 39 51 72 / 67 -39 -51 / 51 55 58 63 72 / 75 -55 -58 -63 / 39 51 73 / 82 -39 -51 / 58 60 66 72 / 70 82 -58 -63 / 43 55 -70 -73 / 70 -43 -55 / 42 54 63 72 / 69 -42 -54 <END> 
<S> 39 51 70 / 72 75 -39 -51 / 51 55 61 70 / 67 -51 -55 -61 / 39 51 66 / 67 -39 -51 / 51 55 61 69 / 61 70 -51 -55 / 39 51 61 70 / 44 56 68 / 68 -44 -56 / 51 56 60 72 / 68 72 -51 -56 -60 / 42 -68 -72 / 70 82 -39 -51 / 55 58 63 73 76 <END> 
<S> 39 51 -72 -68 / 40 52 70 82 / 39 51 70 / 39 51 66 / 39 51 66 / 66 -39 -51 / -66 -51 -66 / 66 -42 -54 / 63 69 / 66 72 / 58 62 68 / 70 -56 -62 / 0 71 / 0 80 <END> 
<S> 39 -65 / 74 86 / 79 91 / 0 82 / 0 83 / 91 82 / 82 -62 / 57 63 67 79 / 74 86 -57 -63 -67 / 46 77 / 75 79 -46 / 56 58 62 72 78 84 / 70 75 82 -56 -58 -62 <END> 
<S> 55 74 80 / 75 -55 / 58 63 68 82 / 74 80 -58 -63 -63 / 46 -74 -86 / 84 -46 / 58 62 68 84 / 74 -58 -62 -68 / 46 -74 / 79 -46 / 58 62 65 72 77 / 74 -58 -62 -68 <END> 
<S> 74 80 86 / 74 -41 -74 / 62 74 80 -46 / 58 62 68 -74 -79 / 74 -58 -62 -68 / 51 67 75 / 68 -51 -75 / 58 63 67 75 -75 / 74 86 -58 -63 -68 / 51 67 75 79 / 68 80 -51 -67 / 55 58 63 67 87 / 67 79 -55 -58 -63 / 39 51 -70 -82 / 72 84 -39 -51 / 55 58 63 70 75 79 <END> 
<S> 39 51 70 82 / 75 87 -39 -51 / 55 58 63 72 77 / 70 82 82 -55 -58 -63 / 39 51 -70 -79 -82 / 78 -39 -51 -70 / 38 50 70 77 79 / 43 55 70 73 79 / 42 54 78 -70 -73 / 41 53 70 74 77 / 43 55 67 70 74 / 44 56 62 68 72 75 / 43 55 70 73 79 <END> 
<S> 46 58 67 70 74 / 53 58 62 -67 -70 -74 / 41 53 65 70 73 / 39 51 66 -70 -77 / 39 51 66 75 -39 / 44 56 60 66 / 39 51 -60 -68 / 32 44 68 72 75 80 / 0 68 <END> 
<S> 39 51 67 / 61 -39 -51 / 58 63 67 / 70 -63 -58 / 51 63 67 / 55 58 63 -67 -75 / 0 70 / 0 72 / 0 75 / 0 72 / 0 63 <END> 
<S> 48 60 63 69 / 63 75 -48 -60 / 51 56 60 68 72 / 70 77 -51 -56 -60 / 48 -68 -75 / 72 -48 / 52 60 68 76 / 39 51 -66 / 39 51 -66 <END> 
<S> 44 56 72 / 75 -44 -56 / 42 54 75 / 72 -42 -54 / 42 54 75 / 75 -42 -54 / 40 52 76 / 78 -40 -52 / 41 53 69 / 68 72 77 -53 -41 / 45 69 74 77 / 69 72 75 -45 / 57 -69 -72 -76 -81 / 65 77 77 81 -57 -69 / 68 72 75 79 84 -65 <END> 
<S> 45 67 79 / 78 81 -45 / 57 60 63 81 / 77 86 -57 -60 / 45 75 79 82 / 77 81 -42 / 53 57 63 79 84 / 72 81 84 -53 -57 -60 / 41 -72 -81 -84 / 77 81 -41 / 57 60 63 84 / 77 81 -57 -60 -65 / 48 72 76 / 77 -48 / 53 57 60 72 / 69 -53 -57 -60 <END> 
<S> 48 60 76 81 / 77 -48 -60 / 53 57 63 81 / 72 79 -53 -57 -63 / 41 53 -79 / 74 86 -41 -53 / 53 57 62 -74 -86 / 76 -53 -53 -65 / 45 81 / 57 61 67 81 / 50 62 74 77 / 49 61 76 79 <END> 
<S> 45 57 72 84 / 83 -45 -57 / 57 60 62 74 86 / 76 -54 -57 -60 / 57 69 81 / 79 -57 / 57 60 65 81 / 77 -57 -60 -65 / 0 / 54 57 60 63 81 / 0 57 60 63 69 / 69 -57 -60 -63 / 55 67 -60 / 60 64 -55 -55 <END> 
<S> 41 69 / 72 -41 / 57 60 65 -72 / 75 81 -60 -60 -65 / 48 76 81 / 76 84 -48 / 58 60 64 -76 -79 / 74 -58 -60 -64 -70 / 53 57 60 69 81 / 81 -53 -57 -60 -63 -72 / 53 81 77 86 / 72 84 -53 / 57 60 65 68 76 / 72 84 -57 -60 -65 <END> 
<S> 52 55 60 -72 -76 -79 / 73 77 -52 -55 -60 / 53 57 60 69 81 / 72 77 81 -53 -57 -60 / 53 57 60 77 81 / 76 81 84 -53 -56 -60 / 53 56 60 -75 -80 -84 / 72 -53 -56 -60 / 51 56 60 68 72 / 51 68 72 75 / 56 60 68 75 78 80 / 39 51 72 78 84 / 68 80 -39 -51 -72 <END> 
<S> 0 53 58 -72 -75 / 70 82 -53 -58 -63 / 56 60 65 82 / 72 -56 -60 -65 / 0 49 / 77 -48 / 0 56 60 68 / 49 61 -68 / 48 60 75 / 75 -48 -60 / 47 59 68 80 / 75 -47 -59 -68 / 46 58 67 73 / 51 55 60 68 72 <END> 
<S> 0 44 / 68 72 -44 / 51 56 60 68 72 / 68 72 80 -51 -56 -60 / 44 56 -72 -75 / 72 75 -44 -56 / 45 57 63 72 / 65 75 -45 -57 -63 / 46 58 -67 -75 / 75 -46 -58 -70 / 58 63 65 70 77 / 75 -58 -63 -65 -70 / 46 70 74 / 69 -46 / 58 62 65 70 / 74 -58 -62 -65 <END> 
<S> 46 58 74 / 73 -46 -58 / 53 58 62 73 / 70 -53 -58 -62 / 41 74 / 53 58 62 70 / 55 58 62 / 53 58 62 70 / 34 46 -70 / 72 -34 -46 / 44 56 74 / 77 -44 -56 <END> 
<S> 46 58 74 / 53 58 62 70 / 41 53 72 / 43 55 73 / 42 54 73 82 / 45 57 72 75 78 84 / 46 58 67 73 79 / 53 -46 / 58 62 79 -53 / 65 77 -58 -58 -62 / 47 59 65 74 / 49 61 -65 -77 <END> 
<S> 46 58 74 / 73 -46 -58 / 53 58 62 73 / 70 -53 -58 -62 / 41 53 62 65 72 / 53 58 62 67 73 / 70 74 77 -53 -58 -62 / 41 53 -70 -74 -77 / 67 -41 -53 / 53 58 62 67 / 74 -53 -58 -62 <END> 
<S> 46 58 74 / 73 -46 -58 / 47 59 67 / 77 -47 -59 / 46 58 67 / 70 -46 -58 / 55 58 62 65 / 65 -55 -58 -62 -65 / 0 43 / 0 -52 / 48 55 60 64 / 62 -52 -55 -64 / 65 -52 -55 / 64 67 79 -52 -55 / 48 53 -64 -67 / 60 65 -48 -53 -57 <END> 
<S> 48 60 67 / 68 -48 -60 / 52 56 60 68 / 71 -52 -56 -60 / 51 72 / 71 -51 / 52 55 60 72 / 71 -52 -60 / 72 75 78 79 82 -55 -60 / 39 51 -72 -75 -79 -79 / 72 75 78 -39 -51 / 40 52 73 / 76 -40 -52 / 58 60 64 72 76 78 <END> 
<S> 44 56 72 80 / 72 75 -44 -56 / 45 60 -72 -75 / 72 -45 -57 -60 / 39 51 -72 -84 / 82 -39 -51 / 51 56 60 72 84 / 70 82 -51 -56 -60 / 44 56 71 -72 / 74 -44 -56 / 51 56 60 68 72 / 39 51 68 75 / 51 56 60 72 -68 <END> 
<S> 44 56 -72 -75 / 72 77 -44 -56 / 51 56 60 70 75 / 72 75 -51 -56 -60 / 44 56 -72 -75 / 71 75 -44 -56 / 51 56 60 -71 -80 / 71 77 -51 -56 -60 / 44 56 68 72 / 71 -44 -56 / 51 56 60 68 72 / 0 39 51 / 72 -39 -51 / 51 56 60 68 / 71 -51 -56 -60 <END> 
<S> 39 51 -68 / 72 -39 -51 / 51 56 60 68 / 72 -51 -56 -60 / 44 56 75 / 72 -44 -56 / 42 54 70 / 72 -42 -54 / 43 55 70 / 75 -43 -55 / 41 53 74 / 73 85 -41 -53 / 56 61 65 68 80 / 70 -56 -61 -65 / 37 49 77 / 80 -37 -49 / 56 61 65 75 / 76 82 -56 -61 -65 <END> 
<S> 39 51 70 82 / 75 -39 -51 / 55 58 63 72 / 70 -55 -58 -63 / 39 51 72 / 82 -39 -51 / 58 63 66 78 / 70 82 -58 -63 <END> 
<S> 0 79 / 0 39 51 / 39 51 67 70 / 68 -39 -51 / 39 51 -67 / 68 -39 -51 / 40 52 71 / 71 -40 -52 / 61 70 -40 / 61 76 -52 / -61 -76 / 64 76 / 64 73 / 64 73 <END> 
<S> 39 51 63 / 72 -51 -63 / 39 -51 -72 / 69 -39 -51 / 44 56 68 / 63 75 -44 -56 / 0 44 56 64 68 / 0 72 -44 -56 / 0 44 56 / 68 -44 -56 / 51 56 60 63 72 / 68 -51 -56 -60 / 51 56 60 63 72 / 68 -51 -56 -60 / 51 55 61 63 70 / 56 60 66 68 71 77 / 39 51 72 -68 -75 / 68 72 -39 -51 -72 <END> 
<S> 44 56 68 72 / 68 71 -44 -56 / 51 56 60 68 72 / 71 75 -51 -56 -60 / 44 56 68 72 77 / 65 68 71 -44 -56 / 53 56 60 -65 -68 -71 / 65 68 72 -53 -56 -60 / 43 -64 -71 -74 / 67 -43 / 53 55 59 62 65 / 64 -53 -55 -58 -62 / 50 55 62 65 / 67 -50 -62 / 47 59 74 / -59 -62 <END> 
<S> 55 58 62 64 67 / 73 77 81 -58 -62 -64 / 55 58 61 -70 -73 -77 / 79 -55 -58 -64 -70 / 0 53 57 61 65 70 / 49 61 68 80 / 47 53 56 68 77 / 43 55 70 73 / 42 54 72 76 / 41 53 74 77 80 <END> 
<S> 39 51 67 / 75 -39 -51 / 39 51 67 72 / 40 52 70 73 / 71 -40 -52 / 38 50 67 / 69 -38 -50 / 39 51 67 72 / 61 67 70 / 39 51 67 72 / 70 -39 -51 / 39 51 72 / 70 -51 -39 <END> 
<S> 39 51 67 70 / 39 51 67 75 / 66 74 -39 -51 / 39 51 67 70 73 / 50 62 67 71 77 / 50 62 79 / 48 72 77 81 / 55 60 64 67 79 -72 -76 / 76 -55 -60 -64 / 55 72 76 / 74 -55 / 55 58 60 -74 / 72 -55 -58 -60 <END> 
<S> 43 55 70 73 79 / 82 -43 -55 / 42 54 74 81 / 77 81 -42 -54 / 40 52 83 83 / 79 83 -40 -52 / 56 62 82 86 / 81 86 -44 -56 -62 / 57 62 65 83 86 -86 / 81 -50 -62 -74 / 52 57 61 80 84 / 81 -52 -57 -60 -81 / 45 57 78 81 / 88 -45 -57 -60 -74 / 55 60 64 76 81 / 71 -55 -60 -64 -76 <END> 
<S> 45 57 74 86 / 85 -45 -57 -74 -81 / 57 61 65 73 77 81 / 76 88 -57 -61 -65 / 55 77 13988 -88 / 57 61 64 -76 -81 -84 / 76 82 -55 -60 -64 / 41 53 74 81 / 80 -41 -53 -77 / 56 61 65 74 77 86 / 0 76 81 / 0 74 82 86 / 0 0 0 <END> 
<S> 41 53 74 86 / 77 81 -41 -53 / 56 60 65 74 86 / 77 89 -56 -60 -65 / 56 61 65 77 80 / 77 89 -56 -65 / 49 61 -77 -77 / 79 -49 -61 -73 / 56 60 65 74 77 / 72 77 -56 -60 -65 / 48 60 -72 -77 / 72 77 -48 -60 / 56 60 65 68 74 / 72 -56 -60 -65 <END> 
<S> 44 56 74 86 / 72 84 -44 -56 / 56 60 62 -72 -84 / 70 82 -56 -60 -64 / 44 56 72 80 / 56 60 63 -72 -75 / 70 -56 -60 -75 / 39 51 -72 -75 / 68 80 -39 -51 / 56 60 63 70 75 / 0 44 68 / 68 72 -44 -56 / 56 56 60 -65 -68 -75 / 72 -56 -60 -63 <END> 
<S> 44 56 68 72 / 68 72 -44 -56 / 51 56 60 68 72 / 68 72 -51 -56 -60 / 44 56 72 / 71 -44 -56 / 51 56 60 72 / 71 75 -51 -56 -60 / 39 51 72 75 / 71 80 -39 -51 / 51 56 60 72 79 / 73 77 -51 -56 / 44 56 72 75 / 72 77 -44 -56 / 51 56 60 -72 -75 / 71 77 -51 -56 -60 <END> 
<S> 44 56 68 80 / 72 -44 -56 / 51 56 60 70 / 72 75 -51 -56 -60 / 39 51 -72 -75 / 71 -39 -51 / 42 54 70 / 72 -42 -54 / 41 53 70 74 / 80 -41 -53 -70 / 56 58 62 77 -68 / 80 -56 -58 -62 -70 / 34 46 80 82 / 79 -34 -46 / 56 58 62 68 80 / 74 80 -56 -58 -62 -68 <END> 
<S> 39 51 67 75 / 75 -39 -51 -67 / 55 58 63 70 82 / 79 -55 -58 -63 -70 / 54 60 63 69 75 / 54 60 63 -69 -75 / 0 67 -54 -60 / 0 63 75 / 0 66 75 / 0 67 70 75 87 / 0 67 72 76 84 -52 / 0 48 60 65 68 74 / 69 72 -36 -48 -60 -65 <END> 
<S> 0 70 / 0 64 64 72 / 0 61 64 70 / 0 63 69 75 -48 / 0 57 60 63 -69 -75 -84 / 69 -53 -57 -63 -69 / 41 53 -69 -70 / 70 -41 -53 -70 / 42 54 69 72 / 46 58 70 74 / 53 58 62 -70 -74 / 70 74 -53 -58 -62 / 46 58 -70 -74 / 70 74 -46 -58 / 53 58 62 67 / 65 -53 -58 -62 -55 / 41 -65 -67 / 53 58 62 65 <END> 
<S> 46 58 67 79 / 74 -46 -58 / 53 58 62 72 / 70 -53 -58 -62 / 41 53 65 / 69 -41 -53 / 39 51 67 / 66 -39 -51 / 39 51 70 / 72 -39 -51 / 40 52 -72 / 39 51 -68 / 40 52 70 / 39 51 66 / 44 56 68 <END> 
<S> 39 51 -64 -73 / 72 -39 -51 / 51 56 60 70 / 72 -51 -56 -60 / 39 51 75 / 72 -39 -51 / 51 56 60 70 / 71 -51 -56 -60 / 44 56 72 / 71 -44 -56 / 51 56 60 72 / 63 75 -51 -56 -60 / 39 51 -63 -75 / 44 56 68 72 75 <END> 
<S> 44 56 68 / 72 -44 -56 / 51 56 60 75 / 72 -51 -56 -60 / 39 51 75 / 77 -39 -51 / 51 56 60 68 / 71 -51 -56 -60 / 41 53 71 / 73 -41 -53 / 53 57 63 72 / 65 75 -53 -57 -63 / 46 58 70 74 / 69 -46 -58 / 53 58 62 70 / 65 -53 -58 -62 / 43 55 62 / 67 -43 -55 / 53 58 62 70 / 74 -53 -58 -62 <END> 
<S> 46 58 74 / 53 58 62 82 / 82 -53 -58 -62 / 41 -79 / 77 -41 / 53 58 62 74 / 70 -53 -58 -62 / 46 67 / 70 -46 / 55 58 62 72 / 74 -55 -58 -62 / 50 -74 / 70 -50 / 55 58 62 72 / 74 -55 -58 -62 <END> 
<S> 39 51 70 / 72 -39 -51 / 41 53 70 / 67 -41 -53 / 43 55 70 / 72 -43 -55 / 45 57 70 / 67 -45 -57 / 46 58 70 / 65 73 -46 -58 / 53 58 62 -65 -74 / 70 -53 -58 -62 / 43 55 67 74 / 55 58 62 -67 -74 <END> 
<S> 46 58 70 / 74 -46 -58 / 53 58 62 -74 / 70 -53 -58 -62 / 43 67 / 74 -43 / 53 58 62 -74 / 79 -53 -58 -62 / 43 -74 / 79 -43 / 55 58 62 82 / 74 -55 -58 -62 / 0 <END> 
<S> 43 55 74 / 78 -43 -55 / 58 62 66 78 / 75 78 87 -60 -62 / 46 58 74 77 / 76 82 -46 -58 / 58 62 67 -74 -82 / 76 82 -58 -62 -67 / 46 58 -76 -88 / 76 82 -46 -58 / 58 62 67 74 / 76 82 -58 -62 -67 / 46 58 -76 -88 / 73 85 -46 -58 / 58 62 67 74 86 <END> 
<S> 43 55 70 82 / 82 -43 -55 58 -74 / 58 62 68 80 -70 / 74 -58 -62 -68 -70 / 44 56 68 74 / 80 -44 -56 -68 / 39 51 -68 -73 / 75 -39 -51 -68 / 56 -51 -68 -68 / 68 -47 -56 -68 / 51 55 60 69 75 / 67 70 -52 -55 / 46 58 -67 -74 / 67 -46 -58 / 51 55 60 70 / 72 -51 -55 -60 <END> 
<S> 39 51 67 75 / 51 55 60 -67 -72 / 70 -51 -55 -60 / 39 51 67 / 66 -39 -51 / 38 50 67 / 71 -38 -50 / 39 51 66 72 / 43 55 70 / 67 71 -51 -55 / 42 54 69 / 69 -42 -54 / 42 54 70 / 72 -42 -54 <END> 
<S> 39 51 -62 -67 -75 / 39 51 61 67 75 / 39 51 61 66 70 / 39 51 61 70 / 39 -51 -67 / 39 51 61 / 66 -39 -51 / 38 50 -66 / 70 -38 -50 / 39 51 66 72 / 73 -39 -51 / 44 56 61 71 / 72 -44 -56 -68 / 44 56 75 / 80 -44 -56 / 51 56 60 -80 / 75 -51 -56 -60 <END> 
