<S> 60 72 / 62 74 / 64 76 / 63 75 / 64 76 / 67 79 / 69 81 / 67 79 / 69 81 / 71 83 <END> 
<S> 62 74 / 60 76 / 63 78 / 63 66 / 69 -57 -63 / 59 71 / 0 -59 / 54 66 / 55 67 <END> 
<S> 71 / 67 72 / 66 69 72 / 63 71 -69 / 66 72 76 -45 / 63 66 72 -69 / 65 69 74 -39 -63 / 63 66 72 -69 / 63 69 -63 -69 / -63 -63 -69 -72 / 65 68 74 86 / 50 65 68 74 77 / 0 <END> 
<S> 66 69 72 / 63 68 72 / 66 69 72 75 81 / 65 68 74 86 / 86 -66 -74 / 68 72 80 92 / 51 56 60 -72 -75 -84 / 71 82 -51 -56 -60 / 71 72 84 -52 / 72 76 82 -56 / 0 72 84 / 74 82 -72 -74 / 73 78 78 82 / -68 -77 -78 -83 / 63 72 78 -63 -63 <END> 
<S> 44 71 83 / 72 75 84 87 / 60 -72 -75 -78 / 68 80 -63 -68 -72 / 44 68 71 80 / 72 75 -44 -68 / 51 56 60 75 80 / 71 77 -51 -56 -60 / 41 53 72 / 71 77 -41 -53 / 53 57 60 69 72 / 65 77 -53 -57 -60 -65 / 48 53 -69 -77 / 69 -41 -53 -69 / 57 60 63 65 -69 -72 / -81 -57 -60 -63 -69 <END> 
<S> 0 53 65 / 68 -41 -53 / 56 60 65 77 -68 / 74 -56 -60 -65 / 56 60 65 68 77 / 70 77 -56 -60 -65 / 48 61 -65 -70 / 72 -48 -58 -61 / 56 58 65 73 / 56 61 65 68 / 68 -56 -60 -65 / 37 49 65 / 67 -37 -49 / 0 44 56 <END> 
<S> -82 -65 -68 / 65 -41 -53 -72 / 56 65 68 77 / -65 -56 -65 -65 -76 / 62 65 68 71 -41 / 46 58 -65 -68 -74 / 77 -56 -62 -65 / 39 51 70 73 / 37 49 68 73 77 / 38 50 67 73 77 / 51 63 69 72 75 <END> 
<S> 39 51 67 75 / 66 75 -39 -51 / 39 51 67 70 79 / 39 51 67 75 78 / 39 51 70 82 / 36 48 75 / 75 79 82 -39 -51 / 58 60 64 -70 -79 -82 / 70 72 79 -58 -60 -64 / 48 -70 -72 -79 / 70 -48 / 41 53 -70 / 72 -41 -53 <END> 
<S> 39 51 70 82 / 75 -39 -51 / 55 58 63 72 / 70 82 -55 -58 -63 / 39 51 -70 -79 / 72 79 -39 -51 / 38 50 77 / 70 82 -38 -50 / 39 51 74 77 86 / 43 55 71 79 82 / 44 56 -71 -75 -79 / 46 58 -70 -74 -79 <END> 
<S> 0 44 56 -75 -77 / 75 87 -44 -56 -75 / 51 56 60 63 71 83 / 72 -51 -56 -60 -66 -75 / 32 44 68 80 -72 / 72 -32 -44 -66 / 51 56 60 68 72 / 75 -51 -56 -60 -68 / 44 56 72 75 / 45 57 -72 -75 / 77 -45 -57 -72 / 44 56 -72 -75 / 70 74 -44 -56 / 43 55 -74 / 44 56 68 72 72 <END> 
<S> 44 56 68 72 / 72 -44 -56 / 51 56 60 75 / 65 77 -51 -56 -60 / 44 56 -65 -77 / 72 -44 -56 / 45 57 77 / 65 77 -45 -57 / 42 54 -65 -74 / 75 -42 -54 / 58 61 66 70 / 51 67 70 / 67 70 -51 / 55 58 63 -67 -70 / 65 68 -55 -58 -63 / 46 63 67 / 66 -46 -63 / 55 58 63 67 / 67 70 -55 -58 <END> 
<S> 46 67 75 / 65 68 -46 / 53 56 59 68 -65 / 68 -53 -56 -59 -68 / 51 56 60 72 / 70 -51 -56 -60 / 63 68 72 / 63 67 75 / 0 39 51 / 0 39 51 / 66 -39 -51 / 35 47 59 / 75 -59 -59 / 51 56 60 63 68 / 68 -51 -56 -60 / 51 56 60 63 75 / 68 -51 -56 -60 <END> 
<S> 0 / 39 51 / 61 -39 -51 / 39 51 68 / 69 -39 -51 / 51 56 60 68 / 73 -51 -56 -60 / 44 56 77 / 68 -44 -56 / / 56 68 / 61 71 / 56 68 / 52 55 60 / 39 51 -60 / 39 -51 -60 / 44 56 68 / 71 -44 -56 <END> 
<S> 39 51 -68 / 75 -39 -51 / 51 72 -68 / 72 -39 -51 / 52 70 / 71 -54 -60 / 39 51 72 / 63 75 -39 -51 / 39 51 67 70 / 61 67 70 -39 -51 / 39 51 61 67 -67 -70 / 43 60 68 -67 / 38 50 -59 -67 <END> 
<S> 43 71 78 / 75 79 -43 / 58 61 67 -76 / 75 81 -58 -61 -67 / 46 72 75 84 / 75 79 -46 / 58 63 72 79 82 / 70 82 82 -58 -63 -67 / 39 51 72 84 / 82 -39 -51 -72 / 39 51 -72 -78 / 67 82 -39 -51 / 39 67 72 84 / 70 73 82 -40 -43 / 39 51 -72 -76 -79 -82 / 72 75 84 -39 -51 <END> 
<S> 44 71 -76 / 72 84 -44 / 51 56 60 -72 -80 / 71 82 -51 -56 -60 / 39 51 72 84 / 71 80 -39 -51 / 51 55 61 -73 -82 / 79 -51 -55 -58 / 39 51 79 87 / 77 -39 -51 / 55 58 63 77 / 79 -55 -58 -63 / 43 55 -70 / 65 -43 -55 / 44 56 62 68 / 64 72 -44 -56 <END> 
<S> 39 51 -72 / 70 82 -39 -51 / 52 56 61 71 80 / 68 80 -51 -55 -59 / 35 80 / 72 -45 / 50 57 60 75 / 70 82 82 -54 -57 -61 / 42 -70 -78 -82 / 73 85 -49 / 53 58 61 73 78 / 74 77 -53 -58 -61 <END> 
<S> 38 50 74 78 82 / 72 78 81 -50 -54 / 58 62 62 -72 -80 -84 / 74 85 86 -58 -62 / 41 53 -74 -82 -86 / 72 84 -41 -53 / 56 60 65 74 -72 -84 / 72 84 -56 -60 -65 -72 / 44 56 -72 -84 / 65 77 -44 -56 / 45 57 72 / 67 79 -45 -57 <END> 
<S> 45 57 72 77 / 72 77 -45 -57 / 0 53 57 60 72 / 65 75 77 81 -53 -57 -60 / 41 53 -69 -77 -79 / 72 76 -41 -53 / 56 60 65 76 / 72 77 -60 -65 / 45 57 -72 -77 / -84 -45 -57 / 57 60 64 81 / 76 -57 -60 -64 / 50 62 77 / 81 -50 -62 / 57 60 65 83 / 81 -57 -60 -65 <END> 
<S> 45 57 78 / 81 -45 -57 / 57 60 62 74 86 / 78 -57 -60 -62 / 57 -81 / 81 -57 / 57 60 62 81 / 78 -57 -60 -65 / 52 64 79 / 76 -52 -64 / 50 62 80 / 80 -50 -62 / 50 62 -81 / 83 -50 -62 <END> 
<S> 50 62 77 / 76 -50 -62 / 52 59 62 77 / 81 -52 -59 -62 / 55 59 62 79 / 83 -55 -59 -62 / 50 62 79 / 81 -50 -62 / 55 59 65 83 / 43 55 -71 -77 / 50 54 71 74 81 / 43 55 74 77 79 <END> 
<S> 43 55 67 79 / 71 -43 -55 / 55 59 62 67 79 / 74 -55 -59 -62 -65 / 43 55 79 / 74 -43 -55 / 52 55 62 72 / 76 -52 -55 -59 / 50 62 77 / 76 -50 -62 / 47 59 65 74 / 74 -47 -59 -65 -68 / 48 60 69 75 / 66 -48 -60 -69 <END> 
<S> 43 55 65 / 71 74 -43 -55 / 64 76 -43 -55 / 0 50 62 77 / 0 83 -50 -62 / 55 59 65 67 79 / 0 -55 -59 -65 -67 / 74 -55 -59 -67 / 76 -43 -55 -67 / 64 72 -47 -55 / 43 55 62 67 71 / 0 71 -43 -55 -62 / 0 48 64 67 72 / 0 52 58 -64 -67 -72 / 0 60 64 69 <END> 
<S> 57 60 65 69 / 72 75 84 -57 -60 -66 / 57 60 63 -69 -72 -78 / 69 72 -57 -60 -63 / 0 71 / 0 69 / 0 70 / 0 68 71 80 / 0 56 68 / 0 68 80 / 0 56 68 / 0 53 68 / 0 56 68 <END> 
<S> 55 59 65 68 / 71 -56 -59 -65 / 56 61 65 70 / 67 -56 -58 -65 / 55 59 65 77 / 79 -55 -59 -65 / -79 -55 / 55 62 65 74 / 55 -62 -55 -67 / 55 59 65 -55 -67 / 48 60 64 72 / 52 55 60 -64 -72 <END> 
<S> 55 67 75 / 52 64 -55 -67 / 48 64 67 / 64 72 -48 / 52 55 60 -64 -72 / 64 -52 -55 -60 / 43 -64 / 72 -43 / 52 55 60 -72 / 73 -52 -55 -60 <END> 
<S> 52 55 60 64 72 / 71 -52 -52 -55 -60 / 48 53 69 / 72 -48 -54 -69 / 52 56 60 71 -72 / 71 -51 -56 -60 -64 / 41 53 69 / 72 -41 -53 / 57 60 65 77 / 81 -57 -60 -65 / 36 48 79 / 77 81 -36 84 / 0 <END> 
<S> 41 53 69 / 68 -41 -53 / 41 53 69 / 72 77 84 -41 -53 / 39 51 -72 -75 -84 / 72 75 84 -43 -55 / 42 54 -72 -75 -84 / 71 77 -42 -54 / 43 55 76 / 72 78 84 -43 -55 / 58 60 64 -72 -78 -82 / 76 82 -58 -60 -64 / 40 52 -76 -79 -84 / 76 79 -40 -52 <END> 
<S> 48 60 -76 -84 / 76 82 -48 -60 / 58 60 64 -76 -84 / 76 88 -58 -60 -64 / 48 -72 -76 -82 / 72 76 81 -48 / 58 60 64 74 82 / 72 76 84 -56 -60 -64 / 41 -72 -76 -84 / 57 60 65 -72 -84 / 41 77 80 84 / 56 60 65 72 77 <END> 
<S> 45 57 -72 -75 -79 / 77 -45 -57 -69 / 44 56 76 82 / 72 84 -44 -56 / 43 55 76 82 / 72 84 -43 -55 / 58 60 64 76 / 70 82 -58 -60 -64 / 36 48 -76 / 69 81 -36 -48 / 57 60 64 72 84 / 70 82 -57 -60 -64 / 41 53 69 72 77 / 68 -41 -53 / 57 60 65 69 72 / 65 77 -60 -60 -65 / 48 60 -65 -69 -77 / 69 -48 -60 -65 <END> 
<S> 41 53 -67 -72 -77 / 74 -41 -53 / 42 54 72 / 69 -42 -54 / 42 54 69 / 72 -42 -54 / 43 54 57 72 / 81 -42 -54 -60 / 41 53 74 / 79 -41 -53 / 40 52 76 83 / 74 81 -40 -52 / 45 57 72 / 71 -45 -57 <END> 
<S> 45 57 76 88 / 77 81 -45 -57 / 57 60 65 76 / 72 -57 -60 -65 / 44 56 -72 / 74 -44 -56 / 56 60 66 72 / 75 -56 -60 -66 / 0 76 / 0 76 / 0 77 81 / 0 79 87 / 0 48 75 78 / 72 76 84 -48 / 58 60 64 -72 -76 -79 / 69 72 76 -58 -60 -64 <END> 
<S> 0 52 / 67 79 79 84 -52 / 58 61 64 -76 -79 / 69 76 -58 -60 -64 / 48 60 70 72 76 79 / 67 72 76 79 -48 / 55 60 64 67 72 76 79 / 49 64 67 79 / 55 60 64 67 76 81 / 67 -55 -60 -64 / 55 60 64 72 / 76 -55 -60 -64 / 55 60 64 72 / 67 79 -55 -60 -64 / 52 55 60 64 -79 / 67 76 79 -55 -60 -64 <END> 
<S> 43 55 64 67 72 / 76 -43 -55 -64 / 55 60 64 72 -55 -60 / 43 -55 -60 -64 / 0 60 64 67 / 55 60 64 69 / 57 60 64 67 / 68 -57 -60 -64 -69 / 52 57 62 69 / 72 -52 -57 -60 / 48 60 64 76 / 67 -48 -60 -64 <END> 
<S> 52 67 / 60 64 / 52 55 60 / 64 -52 -55 / 50 62 -50 / 65 -50 -62 / 50 55 59 -62 / 71 -50 -55 -59 / 0 53 70 / 0 71 -53 / 0 55 70 / 0 65 -55 -62 <END> 
<S> 54 57 60 62 74 / 67 -54 -57 -60 -62 / 52 69 / 69 -52 / 57 60 66 72 / 69 -57 -60 -64 / 55 67 / 57 60 62 65 / 65 -57 -60 -65 / 48 67 / 68 -48 / 52 55 60 69 / 71 -52 -55 -60 <END> 
<S> 0 65 / 53 65 / 48 69 / 57 69 / 57 69 / 77 -57 / 53 65 / 69 -53 -65 / 49 61 70 / 69 -49 -61 -61 / 44 56 68 / 66 -44 -56 / 52 56 61 76 / 72 78 -52 -56 <END> 
<S> 41 65 69 / 68 -41 -65 / 53 56 62 68 71 / 65 68 71 -53 -56 -59 / 0 -65 -65 -68 -72 / 74 77 -41 -65 / 79 -41 -68 -71 / 77 -44 -62 -68 / 43 55 65 71 76 / 45 -43 -65 -69 -73 / 52 -43 -65 -69 -73 / 48 55 -64 -67 -73 / 45 57 65 72 77 <END> 
<S> 45 57 65 -72 -77 / 47 53 65 -72 -77 / 43 55 65 71 74 / 65 70 74 -43 -55 / 53 59 -65 -71 -71 / 64 65 -53 -55 -59 / 48 60 64 -64 / 62 65 -48 -64 / 48 58 64 67 -48 / 68 -48 -58 -60 -64 / 41 53 67 71 / 45 57 -69 -72 / 43 65 71 <END> 
<S> 41 60 65 69 / 68 71 -41 -53 -60 / 50 60 -65 -71 -76 / 66 69 -45 -57 -66 / 52 61 -66 -69 / 67 -52 -61 -64 / 50 -52 -60 -64 / 38 50 59 69 / 43 59 65 69 / 48 60 64 67 / 47 59 65 <END> 
<S> 55 58 62 -67 / 66 -55 -58 -62 / 50 57 60 69 / 57 62 66 -50 -57 -69 / 52 64 69 -52 / 48 61 62 69 / 61 64 -45 -57 -67 / 44 56 62 65 -62 / 64 -44 -56 -62 / 43 55 -62 / 67 -43 -55 / 0 55 -43 <END> 
<S> 55 58 62 67 / 74 -55 -58 -62 / 55 58 62 -74 / 82 -55 -58 -62 / 55 58 62 79 / 82 -55 -58 -62 / 55 58 62 -81 / 79 -55 -58 -62 / 0 43 55 75 82 / 79 -43 -55 -70 -76 / 58 60 65 77 -70 -74 / 75 79 -58 -60 -64 -70 / 36 48 -67 -75 -79 / 69 -36 -48 -70 -75 -79 <END> 
<S> 43 55 70 82 / 76 82 -43 -55 / 58 60 64 79 88 / 76 82 84 -58 -60 -64 / 41 53 -76 -79 -84 / 82 85 -53 -57 / 57 60 65 75 87 / 77 87 -57 -60 -65 / 44 56 -76 -88 / 72 84 -44 -56 / 51 56 60 80 / 75 87 -51 -56 -60 / 48 60 -75 -81 / 72 -48 -60 / 47 59 68 80 / 45 47 68 77 <END> 
<S> 44 56 -76 -80 / 72 76 -44 -56 / 45 57 72 / 70 -45 -57 / 42 54 75 / 69 -42 -54 / 42 54 69 / 54 57 60 69 / 43 55 67 / 71 -43 -55 -67 / 50 62 79 -62 / 84 -50 -62 -62 / 0 82 / 0 74 <END> 
<S> 43 55 74 / 77 -43 -55 / 55 59 62 -74 / 71 -55 -59 -62 / 47 62 67 / 67 -47 / 50 55 59 67 / 65 -50 -55 -59 / 48 55 58 64 / 67 -48 -55 -58 / 36 48 70 76 / 55 58 60 64 70 / 72 -55 -58 -60 -64 / 55 58 -72 / 48 60 <END> 
<S> 48 60 65 67 / 67 -48 -60 -64 / 52 55 60 -64 -70 / 62 65 -52 -55 -55 -64 / 63 69 -52 -55 / 48 53 -63 -63 / 68 -48 -53 -63 / 48 53 56 65 / 63 -53 -57 -65 / 56 65 65 71 / 68 74 -56 -65 / -65 -68 -74 / 69 72 -65 / 70 74 74 82 <END> 
<S> 48 60 -65 -77 / 61 -48 -60 -77 / 53 -48 -60 -68 / 0 52 70 / 56 60 64 76 / 0 53 57 60 65 72 / 0 48 60 64 72 / 0 70 -48 -60 / 0 69 72 -48 -60 / 0 52 55 64 72 / 0 76 -52 -55 <END> 
<S> 55 60 64 / 72 -55 -60 -64 / 55 58 -72 -55 / 64 70 -55 -58 -64 / 41 53 69 / 72 -41 -53 -69 / 57 60 65 -69 -72 / 77 -57 -60 -65 / 48 -69 -72 / 77 -48 / 57 60 72 / 67 -57 -60 / 48 69 / 53 57 60 63 72 <END> 
<S> 41 53 -69 -72 / 36 48 -69 / 48 53 57 / 69 -48 -57 / 45 57 65 / 67 -45 -57 / 46 58 67 / 73 -46 -58 -67 / 51 55 61 77 -67 / 67 -51 -55 -61 / 51 55 61 75 / 67 -51 -55 -63 / 46 58 62 67 / 70 -46 -58 -62 <END> 
<S> 52 55 60 75 / 76 -52 -55 -60 / 49 61 -81 / -61 -63 -73 / 56 61 65 / 73 -56 -61 -65 / 70 -56 -61 -65 / 41 53 65 69 / 68 -41 -53 -65 / 65 -41 -53 -65 -71 / 65 71 -41 -53 <END> 
<S> 0 65 / 65 74 / 56 -41 -56 -65 -74 / 52 65 68 72 / 68 -48 -65 / 53 56 61 68 -65 / 65 68 -53 -56 -61 -65 / 37 49 -65 -68 / 61 65 68 -49 / 53 56 61 65 / 64 -53 -56 -60 / 0 53 57 63 / 0 45 57 / 0 51 60 <END> 
<S> 53 56 61 65 73 / 51 56 60 68 / 39 51 -60 -68 / 44 56 68 72 75 80 / 0 45 / 44 56 60 68 72 75 / 0 45 57 / 66 72 78 -45 -57 / 63 -66 -75 -78 / 68 72 -42 -63 <END> 
<S> 0 48 60 / 68 -48 -60 / 68 72 -60 -68 / 0 56 68 / 0 68 / 0 39 51 / 0 39 51 / 0 44 56 / 0 60 64 / 0 39 51 / 51 56 60 63 68 / 39 -56 -60 68 <END> 
<S> 48 60 69 / 68 -48 -60 / 56 60 66 / 67 -56 -60 / 0 53 65 / 0 56 58 62 / 0 60 63 / 65 60 65 / 0 -57 / 0 / 39 51 63 67 75 / 0 63 -51 <END> 
<S> 55 62 65 / 65 72 -48 / 57 60 -65 -72 / 60 65 -57 -60 / 48 64 67 / 69 -48 -64 / 49 61 67 70 / 61 -49 -61 -67 / 48 -61 -64 -69 / 60 -48 -64 -69 -72 / 65 -48 -64 <END> 
<S> 48 67 / 72 76 -48 / 58 60 64 -72 -76 / 66 75 -58 -60 -64 / 48 67 70 / 55 58 60 67 70 72 / 69 -55 -60 -64 / 52 67 / 72 -52 / 55 58 60 70 / 67 -55 -58 -60 / 50 62 / 67 -50 / 53 57 62 62 / 62 65 -53 -58 -62 <END> 
<S> 43 67 / 67 -43 / 53 55 59 65 / 71 -53 -55 -59 / 50 69 / 71 -50 / 53 55 59 71 / 65 77 -53 -55 -59 / 48 60 -65 -77 / 74 -48 -60 / 53 60 63 69 / 65 -53 -57 -63 / 41 53 -69 / 69 -41 -53 / 53 57 63 69 / 65 77 -53 -57 -63 <END> 
<S> 53 65 / 68 -41 -53 / 60 63 65 69 / -60 -63 -65 / 44 65 68 77 / 53 68 -65 -68 / 0 68 71 -34 / 0 69 70 77 -34 / 0 72 75 84 -62 -65 / 0 74 84 -48 -56 / 0 77 84 87 -36 -65 -65 / 0 66 72 78 -57 -60 -65 -75 <END> 
<S> 0 65 69 74 / 64 72 76 82 / 62 65 68 71 74 / 44 68 72 75 80 / 53 56 68 -65 -68 -75 / 68 72 75 80 -56 -61 / 43 -68 -72 -75 / 44 56 74 74 77 -44 / 43 55 71 76 79 / 65 71 74 -43 -55 / 52 55 59 -65 -71 -74 / 64 67 72 -47 -55 -59 / 47 65 / 67 -47 -59 <END> 
<S> 35 38 66 69 74 / 66 74 78 -38 -45 / 42 54 60 -74 -78 / 72 81 -45 -57 / 38 50 78 81 / 74 79 -38 -50 / 45 57 -74 -78 -86 / 72 81 84 -50 -57 / 43 55 -72 -79 -84 / 72 -43 -55 / 44 56 77 / 65 -44 -56 / 39 51 72 / 51 -39 -51 <END> 
<S> 44 56 72 80 84 / 80 -44 -56 -60 -72 / 43 55 71 83 / 71 77 -43 -55 / 52 55 60 -71 -76 / 67 72 -43 -55 -60 / 50 67 71 / 49 61 67 73 / 76 -49 / 47 68 72 76 / 61 71 73 / 69 72 76 <END> 
<S> 43 55 64 70 / 72 -43 -55 -64 -67 / 41 53 74 86 / 0 79 -41 -53 / 0 40 52 77 80 / 0 83 -40 -52 / 45 57 77 81 / 72 84 -45 -57 / 0 53 57 63 72 75 / 69 75 -53 -57 -63 -75 / 41 53 -69 -75 -81 / 69 75 -41 -53 -69 / 42 54 69 75 -69 / 75 78 -42 -54 -69 -75 <END> 
<S> 0 45 / 87 -45 -66 / 0 57 60 63 87 -72 / 0 81 -57 -60 -63 -69 / 0 50 62 77 / 81 -50 -62 -71 / 39 51 60 66 75 / 75 -51 -60 -66 / 42 54 60 69 72 / 43 55 67 72 76 / 65 70 72 76 -43 / 52 65 67 72 74 / 79 -43 -55 -64 <END> 
<S> 43 55 67 70 / 67 72 -43 -55 / 52 55 60 -67 -72 / 64 67 -52 -55 -60 / 43 -64 -67 / 63 -43 / 55 60 64 / 67 -55 -60 / 48 64 / 67 -48 / 58 60 64 67 / 74 -58 -60 -64 / 53 69 / 69 -53 / 57 60 72 / 74 -57 -60 <END> 
<S> -81 / 71 / 71 / 57 60 68 72 / 74 -54 -60 -62 / 50 76 / 74 81 / 57 62 72 76 / 74 77 84 -55 -62 -65 / 43 -74 -77 -81 / 72 -43 / 56 59 65 -72 -81 / 79 -56 -59 -62 <END> 
<S> 0 74 79 / 78 81 87 -65 -74 / 75 87 -62 -67 / 74 -67 -74 / 79 91 -67 -74 / 59 67 71 83 / 74 86 -43 / 53 58 62 -74 -79 / 77 -53 -58 -62 / 41 74 / 77 -41 / 53 58 62 76 / 74 -53 -58 -62 <END> 
