<S> 0 48 60 / 76 -48 -60 / 55 60 64 67 / 72 -55 -60 -64 / 55 67 76 / 79 -55 -67 / 52 64 84 / 88 -52 -64 / 50 62 91 / 93 -50 -62 / 55 59 65 91 / 89 -55 -59 -65 / 55 59 65 86 / 83 -55 -59 -65 / 43 55 81 / 79 -43 -55 <END> 
<S> 50 62 91 / 93 -50 -62 / 55 59 65 91 / 89 -55 -59 -65 / 55 59 65 86 / 82 -55 -59 -65 / 43 55 81 / 79 -43 -55 / 48 60 / 76 -48 -60 / 55 60 64 76 / 72 -55 -60 -64 / 52 67 / 72 -52 -64 / 55 60 64 -72 -55 / 64 67 79 -55 -60 -64 <END> 
<S> 48 67 / 72 -48 / 55 60 64 -72 / 64 -55 -60 -64 / 43 -55 -64 / 64 76 -43 -55 / 79 -43 -55 -64 / 56 60 65 77 / 75 -56 -60 -65 / 36 48 -75 / 68 80 -36 -48 / 56 60 64 72 84 / 80 -60 -60 -72 / 44 56 72 80 84 / 56 60 64 68 80 <END> 
<S> 44 56 68 72 / 72 -44 -56 / 56 60 63 75 / 72 -56 -60 -63 / 51 56 60 68 72 / 68 72 -51 -56 -60 / 51 56 60 -68 -72 / 68 71 -51 -56 -60 / 41 53 -68 -71 / 70 -41 -53 / 52 56 61 72 / 65 77 -56 -60 -64 / 39 51 68 75 / 72 -39 -51 / 51 56 60 70 / 68 -51 -56 -60 <END> 
<S> 39 51 -68 -72 / 75 -39 -51 / 51 56 60 68 / 71 -51 -56 -60 / 51 56 60 68 / 68 -51 -56 -60 / 51 56 60 68 / 68 -51 -56 -60 / 51 56 60 72 / 68 77 -51 -56 -60 / 51 56 60 -68 -77 / 71 -51 -56 -60 / 39 51 72 / 71 -39 -51 / 41 53 68 / 70 -41 -53 / 37 49 65 75 / 65 68 71 -41 -68 / 53 56 61 -65 -68 -73 / 65 68 71 77 -56 -59 <END> 
<S> 48 56 60 -65 -72 / 70 -48 -56 -60 / 53 57 60 69 / 72 -53 -57 -60 / 57 60 65 77 / 67 79 -57 -60 -65 / 53 65 69 81 / 68 71 80 -53 / 51 54 60 72 75 84 / 69 72 78 81 -54 -60 / 42 -69 -72 -78 -81 / 73 78 -42 / 52 57 60 66 72 76 <END> 
<S> 44 67 72 75 79 / 60 64 68 -40 -72 -76 -80 / 80 -40 -60 -64 -68 -72 -75 / 32 44 68 72 75 80 / 80 -32 -68 -72 / 51 56 60 63 75 / 68 -51 -56 -60 / 56 60 63 68 / 75 -56 -60 -63 / 42 54 70 / 72 78 -42 -54 / 41 53 -72 -78 / 70 74 -41 -53 / 53 58 62 77 / 80 -53 -58 -62 <END> 
<S> 0 51 / 78 -54 / 58 60 68 82 / 72 84 -58 -60 -64 / 39 51 -72 -84 / 79 82 -39 -51 / 58 63 70 79 82 / 82 -58 -63 / 34 46 74 82 / 80 -34 -68 / 56 62 65 68 77 / 74 -59 -62 -68 -71 / 46 77 -65 / 70 74 -46 / 56 58 62 -65 -77 / 64 70 -56 -58 -62 <END> 
<S> 34 46 70 82 / 74 -34 -34 -46 / 39 51 67 75 / 67 72 -39 -51 / 39 51 67 70 / 67 75 -39 -51 / 39 51 -67 -73 / 44 68 75 / 80 -44 -68 / 51 56 60 75 79 / 77 -51 -56 -60 / 44 56 68 77 / 72 -44 -56 / 42 54 75 / 72 -42 -54 <END> 
<S> 44 56 68 72 75 80 / 68 72 80 80 -39 -51 / 51 56 60 -68 -72 -75 -80 / 72 75 84 -51 -56 -60 / 44 56 -72 -75 -84 / 72 75 -44 -56 / 45 57 72 77 81 / 46 58 79 / 75 79 -46 -58 / 44 56 74 77 83 / 44 56 74 77 80 / 56 62 65 68 72 77 <END> 
<S> 44 56 -72 -75 / 74 77 -44 -56 / 51 56 60 72 75 / 70 73 -51 -56 -60 / 44 56 68 72 / 72 75 -44 -56 / 51 56 60 -72 -75 / 72 75 -51 -56 -60 / 39 51 70 75 / 71 -39 -51 / 51 55 61 70 / 72 -51 -55 -58 / 39 51 73 / 80 -39 -51 / 51 55 61 72 / 70 -51 -55 -61 <END> 
<S> 39 51 72 / 75 -51 -39 / 51 55 60 -75 / 71 -51 -55 -60 / 39 51 72 / 71 77 -39 -51 / 51 55 61 -70 -77 / 72 75 -51 -55 -61 / 39 51 70 73 / 68 71 80 -39 -51 / 51 56 60 -70 -75 -80 / 72 75 -51 -56 -60 / 39 51 70 75 80 / 70 73 82 -39 -51 / 55 58 63 69 72 77 81 / 70 74 79 -55 -58 -63 <END> 
<S> 44 56 71 83 / 71 80 -44 -56 / 51 56 60 68 72 / 71 77 -51 -56 -60 / 44 56 -72 -75 / 72 75 -44 -56 / 51 56 60 70 / 72 -51 -56 -60 / 44 56 71 / 72 -44 -56 / 56 60 66 75 / 72 75 78 -56 -60 -66 / 39 51 -72 -75 -78 / 72 -39 -51 / 40 52 70 72 76 79 / 39 67 70 75 79 / 37 49 -67 -70 -76 -79 / 38 50 -67 -71 -79 -79 / 82 -38 -50 -67 -74 <END> 
<S> 0 46 58 74 82 / 0 75 82 -46 -58 -62 / 0 55 63 63 75 79 / 84 -63 -75 -55 -63 -75 / 0 39 51 -75 -79 / 67 72 79 -39 -51 -70 / 58 60 63 68 80 -75 / 70 74 82 -58 -60 -63 / 44 56 -70 -75 -82 / 72 75 80 -44 -56 / 51 56 60 70 75 79 / 72 75 84 -52 -56 -60 / 39 51 -72 -75 -84 / 72 75 84 -39 -51 / 51 55 58 -72 -75 -79 / 73 85 -55 -58 -63 <END> 
<S> 44 56 71 83 / 72 75 84 -44 -56 / 51 56 60 -72 -75 -84 / 71 77 -51 -56 -60 / 44 56 72 75 80 / 0 77 / 0 75 / 0 75 / 0 76 / 0 39 51 / 0 44 56 / 0 60 68 / 0 63 / 0 63 / 0 39 51 / 0 51 56 / 0 60 <END> 
<S> 57 60 63 69 / 63 75 -60 -63 / 66 -51 -60 -63 / 0 63 / 0 63 / 0 63 / 0 63 / 0 63 / 0 60 63 / 0 63 -60 / 0 63 / 0 63 / 0 63 <END> 
<S> 55 67 / 73 -55 / 49 61 67 / 65 -49 -58 -64 / 51 55 60 -64 -67 / 75 -52 -55 -60 / 39 51 79 / 82 -39 -51 / 36 48 70 / 74 79 -36 -48 / 37 49 77 89 / 76 -37 -49 -77 / 53 56 61 65 80 / 75 78 -53 -56 -61 <END> 
<S> 39 51 67 78 / 72 -39 -51 / 39 51 -72 / 70 -39 -51 / 39 51 67 / 69 -39 -51 / 55 58 63 70 / 67 -55 -58 -63 / 0 43 55 -67 / 63 72 -43 -55 / 58 63 66 -55 / 61 67 -55 -58 / 0 68 -61 / 0 53 56 61 / 0 44 56 71 <END> 
<S> 39 51 -67 -72 / 39 -39 -51 / 36 48 75 / 80 -36 -48 / 58 60 64 76 / 64 70 -58 -60 -64 / 36 48 -67 / 67 -36 -48 / 58 64 64 73 / 41 53 69 / 72 77 -41 -53 / 57 60 65 -69 -72 / 65 69 -57 -60 -65 <END> 
<S> 48 67 79 / 69 -48 / 57 60 65 72 / 74 -57 -60 -65 / 48 72 / 69 -48 / 57 60 65 72 / 74 -57 -60 -65 / -74 / 69 -50 / 55 57 62 74 / 72 -55 -57 -62 / 50 62 74 / 76 -50 -62 / 55 59 65 77 / 79 -55 -59 -65 <END> 
<S> 43 74 / 76 -43 / 50 62 77 / 74 86 -50 -62 / 43 -74 -81 / 73 -43 / 55 59 65 76 / 74 -55 -59 -65 / 48 72 76 / 72 -48 / 55 60 64 72 / 69 -55 -60 -64 / 54 72 / 55 60 60 -72 / 57 60 62 -72 / 0 57 60 <END> 
<S> 50 71 / 67 -50 / 55 59 62 71 / 71 -55 -59 -62 / 55 59 74 / 71 -55 -59 / 55 59 65 -67 / 67 -55 -59 -65 / 47 -67 / 69 -47 / 55 59 65 71 / 67 -55 -59 -65 / 43 -67 / 67 -43 / 55 59 65 <END> 
<S> 43 67 / 71 74 -43 / 50 55 59 -71 -74 / 62 -50 -55 -59 / 67 71 79 -50 -62 / 0 50 62 74 77 / 0 76 -50 / 0 48 60 76 / 0 76 -48 -60 / 0 48 60 81 / 0 79 -48 -60 / 0 76 84 / 0 79 <END> 
<S> 0 48 / 48 60 79 / 67 -48 -48 -76 / 0 47 68 75 77 / 76 81 -47 -68 / 68 77 80 -68 / 68 80 -68 -68 / 51 -68 -73 -77 / 75 -51 -68 / 51 72 78 84 / 39 -72 -78 -78 / 72 75 78 -68 / 51 56 60 -72 -75 <END> 
<S> 68 71 82 -68 / 68 72 76 87 / 51 56 -72 -75 -84 / 68 72 75 80 -56 -63 / 51 -68 -72 -75 -80 / 72 75 78 -51 -63 / 39 -72 -75 -84 / 70 75 -39 -51 / 51 55 60 72 / 71 -51 -55 -60 / 39 51 72 / 82 -39 -51 / 51 56 60 -80 / 71 -51 -56 -60 / 39 51 72 / 80 -39 -51 / 43 55 70 / 71 -39 -51 -55 <END> 
<S> 39 51 -68 / 75 -39 -51 / 51 55 60 70 / 72 -51 -55 -58 / 39 51 75 / 70 -39 -51 / 37 49 68 / 70 -37 -49 / 48 55 61 69 / 73 77 -48 -55 -60 / 53 57 -73 -77 / 72 75 -53 -57 / 53 57 60 72 / 69 -53 -57 -60 / 48 58 65 / 67 -48 -58 / 53 57 65 / 57 65 <END> 
<S> 53 58 62 74 / 77 -41 -53 -58 -62 / 41 53 58 62 82 / 46 58 62 68 / 50 53 58 62 -67 / 70 -53 -58 -62 / 41 53 62 65 70 / 39 51 -62 -70 / 38 50 65 68 / 53 58 62 -65 -70 / 65 -53 -58 -62 / 43 55 67 / 67 -43 -55 -67 <END> 
<S> 46 58 62 70 / 74 -41 -53 -58 / 53 58 62 77 / 79 -53 -58 -62 / 41 -79 / 77 -41 / 53 58 62 70 / 74 -53 -58 -62 / 46 67 79 / 58 62 65 77 -70 / 53 -62 -65 -70 -74 / 50 62 -62 -70 / 43 55 -62 -70 -70 <END> 
<S> 46 62 74 / 70 74 -46 / 53 58 62 -74 -77 / 65 77 -53 -58 -62 / 43 -65 -77 / 74 -43 -55 / 56 62 62 71 -50 / 71 -47 -59 -62 / 48 60 64 70 / 68 -36 -48 -60 -64 / 47 59 68 -64 / 69 -47 -59 -62 -68 / 0 52 64 70 / 0 69 -52 -52 / 0 49 61 64 70 / 0 44 61 73 / 0 45 57 73 77 <END> 
<S> -82 -41 -69 / 57 60 65 69 -41 / 81 -60 -60 -65 -69 / 36 48 69 81 / 76 82 -36 -48 / 58 60 64 -79 / 72 -58 -60 -64 / 53 57 60 65 74 / 72 -53 -60 -65 / 69 72 77 -53 / 0 53 -69 -72 -79 / 0 68 74 80 -41 -53 / 39 51 72 78 84 / 72 84 -39 -51 -72 <END> 
<S> 41 53 65 69 / 68 72 -41 -53 / 0 51 56 60 68 / 0 65 69 -48 -56 -60 / 36 48 64 67 / 69 -36 -48 -64 / 64 76 -48 -52 -64 / 0 36 48 64 70 72 / 0 70 74 -36 -48 -64 / 0 69 72 -48 -60 -64 / 0 43 55 64 70 / 60 64 -43 -55 -64 -70 / 40 52 70 -62 -64 / 52 -40 -52 -64 -70 / 52 60 64 -52 -70 <END> 
<S> 0 52 64 64 / 64 72 76 -52 -64 / 52 58 60 -64 -72 -76 / 70 74 -58 -60 -64 / 53 60 69 72 / 68 71 -53 -60 / 57 60 65 69 / 60 68 72 / 53 65 77 / 57 60 -65 -77 / 65 69 -57 -60 / 48 67 72 / 60 65 68 -48 <END> 
<S> 54 69 / 71 -54 / 57 60 63 69 72 / 66 72 75 81 -57 -60 / 45 -66 -75 -78 / 78 -45 -66 -72 / 38 50 60 66 69 78 / 0 43 55 67 / 0 45 57 / 0 43 55 / 0 44 56 <END> 
<S> 41 53 69 / 68 -41 -53 / 57 60 65 69 / 72 -57 -60 -65 / 53 57 60 65 69 / 69 72 -53 -57 -60 -63 / 48 53 57 63 / 65 -48 -53 -57 / 48 65 69 72 -48 / 48 53 69 72 77 <END> 
<S> 53 65 69 / 67 70 -53 / 57 60 65 72 / 74 -57 -60 -65 / 48 60 70 / 65 -48 -60 / 53 57 63 / 65 -53 -57 / 49 61 70 / 72 -58 -61 / 53 56 65 / 70 -53 -56 <END> 
<S> 46 58 74 / 73 -46 -58 / 53 58 62 72 / 70 -53 -58 -62 / 41 74 / 72 77 / 53 58 62 70 / 72 -53 -58 -62 / 41 74 / 77 -41 / 53 58 62 -77 / 79 -53 -58 -62 / 46 77 / 79 -46 / 53 58 62 77 / 74 -53 -58 -62 <END> 
<S> 46 74 / 72 -46 / 53 58 62 74 / 74 -53 -58 -62 / 41 -74 / 69 -41 / 53 58 62 -65 / 70 -53 -58 -62 / 0 / 43 55 65 67 / 53 58 62 -65 -70 / 72 -55 -58 -62 / 53 60 63 72 / 65 -53 -57 -63 / 49 65 -65 / 69 -49 -65 <END> 
<S> 43 55 70 / 67 -43 -55 / 58 62 66 / 66 -55 -58 -62 / 0 53 57 / 60 68 -53 -57 / 0 65 / 0 53 65 / 0 60 69 / 0 57 62 / 0 60 / 0 54 60 63 / 0 64 -54 -60 / 0 45 57 / 44 56 -60 68 / 0 39 51 <END> 
<S> 62 65 / 60 -62 -62 / 41 62 65 / 67 -41 -62 / 46 65 / 68 -46 / 46 67 / 74 86 -46 / 39 51 79 82 / 81 -39 -51 / 58 63 77 81 / 79 82 -58 -63 / 36 48 -79 -82 / 77 82 -36 -48 / 58 60 64 76 82 / 72 -58 -60 -64 -76 <END> 
<S> 0 48 / 78 84 -48 / 58 60 64 79 82 / 72 82 -58 -60 -64 / 45 69 / 77 -45 / 57 60 65 76 / 72 -57 -60 -65 / 44 56 72 / 80 -44 -56 / 43 55 76 / 72 77 -43 -55 / 45 57 -72 -77 / 70 82 -45 -57 / 42 54 72 75 78 84 <END> 
<S> 44 56 71 83 / 72 -44 -56 / 56 60 63 75 / 75 -56 -60 -63 / 51 56 60 -75 / 72 -51 -56 -60 / 51 56 60 75 / 68 -51 -56 -60 / 51 56 60 72 / 63 75 -51 -56 -60 / 39 51 -63 -72 / 70 -39 -51 / 41 53 68 / 71 -41 -53 / 49 61 68 77 / 61 65 68 77 -49 / 46 53 -68 -73 -80 / 68 -41 -53 -68 / 68 -46 -68 / 77 -34 -46 <END> 
<S> 51 56 61 -65 -77 / 70 -51 -56 -61 / 53 56 59 68 80 / 68 77 -53 -56 -61 / 49 53 -68 -77 / 56 61 65 77 / 45 57 -77 / 39 51 66 / 43 55 70 / 42 54 72 / 73 -42 -54 / 41 53 74 / 80 84 -41 -53 / 40 52 82 -82 / 74 80 86 -40 <END> 
<S> 42 54 74 / 65 -42 -54 / 42 54 70 / 72 -42 -54 / 41 53 73 / 74 -41 -53 / 56 58 62 77 / 80 -56 -58 -62 / 51 75 79 / 77 -51 / 55 60 63 74 / 72 -55 -60 -63 / 55 60 70 / 67 -55 -60 -64 / 0 53 69 / 0 53 -69 <END> 
<S> 39 51 / 75 -39 -51 / 58 61 66 70 / 67 75 -58 -63 -67 / 46 -67 -75 / 65 -46 / 70 -46 -58 / 51 55 61 75 / 79 -51 -55 -61 / 39 51 82 / 75 -39 -51 / 51 55 61 70 / 72 -51 -55 -61 / 39 51 73 / 67 -39 -51 / 51 55 61 69 / 70 -51 -55 -61 <END> 
<S> 39 51 70 / 78 -39 -51 / 58 63 67 75 / 75 -58 -63 -67 / 43 55 70 / 71 -43 -55 / 42 54 72 / 74 -42 -54 / 41 53 74 / 80 -53 -62 / 58 62 68 84 / 75 -56 -58 -68 / 46 68 80 / 74 80 -46 / 56 58 62 -68 -80 / 74 77 82 -56 -58 -62 <END> 
<S> 0 41 / 80 -41 / 53 56 61 77 / 76 -53 -56 -61 / 37 49 77 / 65 80 -49 / 56 61 65 -77 / 76 -57 -61 -65 / 44 56 77 / 77 -44 -56 / 56 61 65 75 / 77 -56 -61 -65 / 56 61 65 68 77 / 68 -56 -60 -65 -68 / 39 51 -65 -68 -75 / 68 72 75 -39 -51 <END> 
<S> 44 56 68 72 / 51 56 60 -68 -72 / 68 -51 -56 -60 -68 / 62 68 71 -40 / 73 -68 -68 / 68 72 75 80 -40 / 0 39 51 -72 -75 / 68 80 -39 -51 -72 / 38 50 -68 -72 -76 / 70 82 -40 -52 / 41 53 72 77 80 / 58 62 65 68 74 77 / 70 76 -62 -65 -65 / 46 58 -65 -70 -74 -77 / 41 53 -65 -70 -74 -77 <END> 
<S> 46 58 74 77 86 / 74 80 86 -46 / 53 58 62 73 85 / 74 86 -53 -58 -62 / 41 -74 -82 / 53 58 62 -74 -82 / 41 53 72 75 84 / 53 58 62 74 77 / 70 74 77 79 -53 -58 -62 / 46 58 -70 -74 -77 -79 / 69 77 81 -46 -58 / 53 58 61 70 82 / 72 84 -53 -58 -63 / 41 53 -72 -82 / 70 -41 -53 / 42 54 72 / 69 -42 -54 <END> 
<S> 41 53 -69 -72 -77 / 74 -41 -53 / 43 55 70 / 73 -43 -55 / 45 57 72 / 70 -45 -57 / 46 58 / 73 -46 -58 / 53 58 62 74 -70 / 70 74 -53 -58 -62 / 46 -70 -74 / 70 -46 / 53 58 62 72 / 70 -53 -58 -62 / 41 74 / 65 77 <END> 
<S> 41 53 74 / 70 -41 -53 / 53 58 62 77 / 74 -53 -58 -62 / 53 58 62 70 / 65 -53 -58 -62 / 49 61 -61 -70 / 69 -49 -61 -61 / 39 51 70 / 77 -39 -51 / 53 58 62 73 / 74 -53 -58 -62 / 50 -74 / 76 -50 / 54 58 62 67 / 74 -50 -54 -58 <END> 
<S> 39 51 -70 / 72 75 -39 -51 / 41 53 67 75 / 67 73 -41 -53 / 53 62 65 68 74 / -62 -65 -68 -71 / 68 77 -62 -65 / 53 65 68 -65 / 69 72 -65 -53 / 41 53 -65 -69 -72 / 65 -41 -53 / 42 63 69 / 65 68 71 -41 -53 / 42 -62 -65 -68 -71 / 65 69 -42 -62 / 38 50 62 65 69 / 62 65 -38 -50 -62 <END> 
<S> 41 69 / 65 70 -41 / 53 57 62 -65 -71 / 65 69 -53 -57 -62 / 46 65 -65 -70 / 67 -46 -65 / 61 65 70 -46 / 0 49 61 70 73 / 38 50 62 66 72 / -38 -38 -50 -66 -72 / 39 51 61 69 / 44 56 68 <END> 
<S> 41 53 -67 68 / 68 -41 -53 / 39 51 63 67 72 / 0 44 56 60 68 / 0 39 51 / 51 56 60 72 / 39 51 -72 -75 / 51 56 60 72 75 84 / 44 56 71 77 <END> 
<S> 39 51 -72 -77 / 87 -39 -51 / 51 56 60 72 / 71 -51 -56 -60 / 44 56 68 72 / 65 68 -44 -56 / 51 56 60 68 72 / 65 77 -51 -56 -60 / 44 56 68 72 / 72 -44 -56 / 51 56 60 68 77 / 72 -51 -56 -60 / 39 51 75 / 65 77 -39 -51 / 51 56 60 -65 -77 / 72 -51 -56 -60 <END> 
<S> 44 56 68 72 / 51 56 60 -68 -72 / 68 -51 -56 -60 -68 / 39 51 -63 -68 -72 / 63 72 -39 -51 / 42 54 -63 -75 / 68 -42 -54 / 42 54 66 75 / 43 55 70 73 76 82 / 42 54 -73 -75 -82 / 73 77 81 -45 -57 -70 / 53 56 61 65 83 -70 -77 / 79 -53 -56 -61 -65 -77 / 56 58 62 77 80 -70 -77 <END> 
<S> 44 56 71 74 83 / 72 84 -44 -56 / 51 56 60 70 82 / 72 75 84 -51 -56 -60 / 44 56 -72 -75 -84 / 72 75 -44 -56 / 45 57 72 78 80 / 72 84 -45 -57 / 46 58 -72 -84 / 82 -46 -58 / 58 60 64 84 / 82 -58 -60 -64 / 46 58 -76 / 76 -46 -58 / 44 56 74 77 / 56 62 65 68 74 / 72 -56 -62 -65 -68 <END> 
<S> 46 58 -72 -84 / 70 82 -46 -58 / 55 58 63 72 84 / 70 82 -55 -58 -63 / 39 51 72 84 / 70 82 -39 -51 / 38 50 72 75 / 74 -38 -50 / 43 55 76 / 79 -43 -55 / 58 62 66 75 / 70 82 -58 -62 -67 / 43 55 -70 -82 / 72 -43 -55 / 58 61 67 79 / 82 -58 -61 -70 <END> 
<S> 43 55 70 82 / 71 -43 -55 / 58 62 67 -70 / 76 -55 -58 -62 -67 / 44 56 65 68 74 / 68 74 -44 -56 -68 / 35 47 -68 -71 -77 / 75 -35 -47 -68 -71 / 51 56 68 75 -68 / 66 75 78 -56 -60 -66 / 44 56 -75 -80 / 72 75 -44 -56 / 39 51 -72 -75 / 71 74 -51 -60 <END> 
<S> 44 56 68 68 72 80 / 68 80 -39 -68 / 51 56 60 72 77 / 70 73 82 -56 -60 -63 / 44 56 68 72 75 77 / 0 68 72 75 80 / 65 68 72 75 80 -75 / 0 65 70 73 77 80 -46 / 0 51 63 67 72 / 63 66 75 -39 -51 / 51 -63 -69 -69 / 60 69 -63 -69 / 39 51 68 <END> 
<S> 68 71 71 80 / 61 65 68 71 -71 / 74 80 -68 -62 -68 / 0 39 -68 -71 / 68 72 75 -39 -51 / 31 -68 -72 -75 / 74 80 -51 -68 / 51 56 72 75 78 / 72 75 84 -52 -56 -60 / 39 51 -72 -75 -84 / 72 75 -39 -51 / 51 56 60 73 / 73 77 -51 -56 -60 / 40 52 -72 -76 / 68 -40 -52 / 52 56 60 69 -40 -52 <END> 
<S> 44 56 68 72 / 80 -44 -56 -68 / 51 56 60 -68 -80 / 72 -51 -56 -60 / 44 56 68 75 / 66 72 75 -44 -56 / 42 54 -66 -72 -75 / 68 71 -42 -54 -60 / 42 54 -68 -72 / 66 -42 -54 / 43 54 70 / 72 -42 -54 / 41 53 70 / 74 -41 -53 / 43 55 -70 -81 / 79 -43 -55 / 41 53 77 / 75 -41 -53 <END> 
<S> 39 51 72 / 75 -39 -51 / 41 53 68 / 69 -41 -53 / 39 51 67 70 / 36 48 69 / 72 75 84 -51 -60 / 48 -72 -75 -81 / 68 -48 -72 / 68 68 80 -40 -52 / 52 56 60 -68 -71 -80 / 71 -40 -52 -59 / 44 72 84 / 51 56 60 -72 -80 / 71 83 -51 -56 -60 <END> 
<S> 44 56 68 72 / 74 80 -44 -56 / 51 56 60 -68 -80 / 72 75 -51 -56 -60 / 39 51 -72 -75 / 75 -39 -51 / 51 56 60 70 / 72 -51 -56 -60 / 44 56 68 / 71 -44 -56 / 56 60 72 / 39 51 -60 / 39 51 -60 -75 / 39 51 72 / 82 -39 -51 / 41 53 82 / 80 -41 <END> 
<S> 39 51 -72 / 39 51 -72 / 39 51 72 / 71 -39 -51 / 58 60 64 70 / 68 76 -56 -60 -64 / 37 49 70 73 / 49 61 73 / 73 -49 -61 / 44 56 77 / 80 -44 -56 / 41 53 80 / 80 -41 -53 / 56 61 65 75 / 77 -56 -61 -65 <END> 
<S> 0 53 -65 / 74 -41 -53 / 56 58 62 73 / 65 -56 -58 -62 / 46 58 65 70 / 67 -46 -58 / 47 59 67 / 66 -47 -59 / 48 64 67 / 68 -48 -48 / 52 55 60 72 / 71 -52 -55 -60 / 51 72 / 70 -51 / 52 55 67 / 72 -52 -67 / 51 67 72 / 70 -52 -63 <END> 
<S> 39 51 -64 / 78 -39 -51 / 51 63 67 / 71 -51 -63 / 46 58 68 / 68 -46 -58 / 51 56 60 72 / 70 -51 -56 -60 / 39 51 68 / 69 -39 -51 / 51 56 60 70 / 71 -51 -56 -60 / 44 56 72 / 71 -44 -56 / 51 56 60 72 / 72 -51 -56 -60 / 39 51 -72 / 68 -39 -51 / 51 56 60 -68 / -60 68 -51 -60 <END> 
