<S> 55 67 / 55 67 / 60 72 / 57 69 / 55 67 / 51 63 / 52 64 <END> 
<S> 52 64 / 50 62 / 52 64 / 52 64 / 53 65 / 55 67 / 0 / 53 65 / 52 64 67 <END> 
<S> 66 72 75 84 / 51 63 -72 -75 -81 / 60 66 66 75 78 / 80 -60 -66 -69 -72 -78 / 44 56 72 84 / 75 -44 -56 -72 / 43 55 -72 -75 / 72 76 84 -55 / 0 -72 / 0 72 <END> 
<S> 0 53 69 / 72 75 -53 -69 / 57 60 65 -69 -72 / 72 -57 -60 -65 -69 / 44 56 65 72 77 / 44 56 65 72 77 / 43 55 74 77 / 44 56 65 77 / 46 58 74 / 48 60 75 / 53 58 63 <END> 
<S> 46 58 74 79 / 82 -46 -58 / 53 58 62 -82 / 77 -53 -58 -62 / 41 81 / 79 -41 / 53 58 62 77 / 74 -53 -58 -62 / 46 70 / 74 -46 / 53 58 62 77 / 70 -53 -58 -62 / 43 67 / 70 -43 / 55 58 63 67 / 75 -55 -58 -63 <END> 
<S> 46 70 74 / 79 -46 / 53 58 62 77 / 75 -53 -58 -62 / 50 74 / 72 -50 / 53 58 62 70 / 74 -53 -58 -62 / 51 72 / 70 -51 / 55 58 63 67 / 65 -55 -58 -63 / 50 62 -65 / 66 -50 -62 / 49 61 67 / 68 -49 -61 <END> 
<S> 46 58 70 / 74 -46 -58 / 51 55 58 70 82 / 72 81 -55 -58 -63 / 46 58 73 85 / 75 81 -46 -58 / 55 58 61 -75 -79 -82 / 51 63 75 79 / 49 61 -63 -75 / 50 62 71 77 / 51 56 59 71 77 / 71 75 78 -56 -58 / 44 56 72 77 80 / 72 75 84 -44 -56 / 51 56 60 -72 -75 -84 / 72 75 84 -51 -56 -60 / 39 51 -72 -75 -84 / 72 84 
<S> 44 56 72 75 84 / 51 63 72 75 84 / 51 56 60 68 80 / 72 75 -51 -56 -60 / 39 51 -72 -75 / 72 -39 -51 / 51 56 60 70 82 / 68 72 -51 -56 -60 / 39 51 -68 -72 / 70 -39 -51 / 51 56 60 68 / 72 -51 -56 -60 / 51 56 60 68 / 75 -51 -56 -60 / 51 56 60 68 72 / 70 73 -51 -56 -60 / 51 56 60 68 72 / 70 75 -51 -56 -60 / 
<S> 39 51 -68 -72 / 75 -39 -51 / 51 56 60 68 / 72 -51 -56 -60 / 39 51 68 / 72 -39 -51 / 51 56 60 70 / 68 -51 -56 -60 / 39 51 70 / 72 -39 -51 / 51 56 60 70 / 72 -51 -56 -60 / 39 51 70 / 82 -39 -51 / 51 56 61 -82 / 70 -51 -56 -61 <END> 
<S> 39 51 67 70 / 75 -39 -51 -67 / 55 58 63 -67 -75 / 72 -55 -58 -63 / 39 51 70 / 82 -39 -51 / 55 58 63 81 / 82 -55 -58 -63 / 39 51 81 / 82 -39 -51 / 55 58 63 -82 / 72 -55 -58 -63 / 46 58 70 / 74 -46 -58 / 44 56 75 / 77 -44 -56 <END> 
<S> 39 51 75 79 / 84 -39 -51 -75 / 55 58 63 82 / 75 -55 -58 -63 / 34 46 82 / 75 -34 -46 / 55 58 63 67 / 75 -55 -58 -63 / 51 67 70 / 55 58 63 67 70 / 67 70 -55 -58 -63 / 46 -67 -70 / 72 -46 / 55 58 63 75 / 79 -55 -58 -63 <END> 
<S> 46 58 -70 / 67 -46 -58 / 39 51 66 72 / 75 -39 -51 -66 / 0 44 56 65 72 77 / 0 39 51 / 56 61 65 / 56 -56 -61 / 53 56 61 68 / 80 -53 -56 -61 / 39 51 75 / 77 -39 -51 / 51 56 60 70 / 71 -51 -56 -60 <END> 
<S> 0 53 56 61 68 / 70 82 -53 -56 -61 / 56 56 68 80 / 72 77 -56 -56 -62 / 51 56 60 -72 / 70 -51 -56 -60 / 39 51 68 72 / 70 73 -39 -51 / 39 51 -70 -73 / 72 -39 -51 / 51 56 60 68 / 70 -51 -56 -60 / 39 51 68 / 72 -39 -51 / 51 56 60 70 / 68 -51 -56 -60 <END> 
<S> 39 51 -68 -72 / 70 -39 -51 / 51 56 60 70 / 72 -51 -56 -60 / 39 51 -72 / 80 -39 -51 / 51 56 60 -80 / 70 -51 -56 -60 / 44 56 68 72 / 72 -44 -56 / 51 56 60 -72 / 65 72 -51 -56 -60 / 44 56 72 / 72 -44 -56 / 51 56 60 -72 / 72 -56 -60 -66 <END> 
<S> 44 56 72 / 72 -44 -56 / 51 56 60 -72 / 72 -51 -56 -60 / 39 51 75 / 68 77 -39 -51 / 51 56 60 -68 -77 / 68 71 -51 -56 -60 / 44 56 68 72 / 51 56 60 68 72 / 39 -68 -72 / 51 56 60 72 75 <END> 
<S> 44 56 72 / 74 -44 -56 / 56 60 75 / 68 -56 -60 / 39 51 68 / 72 -39 -51 / 51 56 60 75 / 70 -51 -56 -60 / 39 51 68 / 72 -39 -51 / 51 56 60 75 / 68 72 -51 -56 -60 / 39 51 -68 -72 / 70 -39 -51 / 51 56 60 68 / 70 -51 -56 -60 <END> 
<S> 39 51 72 / 70 73 -39 -51 / 51 56 61 -70 -73 / 70 -51 -56 -58 / 39 51 70 / 72 -39 -51 / 51 56 61 73 / 70 82 -51 -55 -58 -61 / 44 56 68 80 / 72 -44 -56 / 51 56 60 75 / 68 77 -51 -56 -60 / 39 51 -68 -72 / 72 75 -39 -51 / 51 56 60 70 72 / 39 -51 -56 -60 <END> 
<S> 44 56 72 75 / 80 -44 -56 -72 / 51 56 60 68 80 / 72 75 -51 -56 -60 / 39 51 -72 -75 / 68 72 -39 -51 / 51 56 60 70 -72 / 68 72 -51 -56 -60 / 44 56 72 / 80 -44 -56 / 51 56 60 -80 / 72 -51 -56 -60 / 39 51 75 / 77 -39 -51 / 51 56 60 75 / 68 -51 -56 -60 <END> 
<S> 44 56 72 75 / 80 -44 -56 / 51 56 60 68 / 72 -51 -56 -60 / 39 51 -72 / 68 -39 -51 / 51 56 60 68 / 70 -51 -56 -60 / 44 56 68 72 / 51 56 60 68 72 / 39 -68 -72 / 51 56 60 72 75 <END> 
<S> 44 56 68 72 / 74 80 -44 -56 / 51 56 60 72 / 71 -51 -56 -60 / 39 51 72 / 68 72 -39 -51 / 51 56 60 -72 / 70 -51 -56 -60 / 39 51 72 / 51 56 60 80 / 77 -51 -56 -60 / 44 56 -77 / 72 -44 -56 / 45 57 75 / 72 -45 -57 <END> 
<S> 44 56 68 72 / 51 56 60 68 72 / 39 -68 -72 / 51 56 60 72 75 / 44 71 77 / 72 75 -44 / 51 56 60 -72 -75 / 71 77 -51 -56 -60 / 39 72 75 / 71 77 -39 / 51 56 60 72 75 <END> 
<S> 44 56 72 75 84 / 51 56 60 72 78 80 / 39 51 72 75 78 / 56 60 63 -72 -75 / 70 -51 -56 -60 / 39 51 72 / 78 -39 -51 / 56 58 63 75 / 72 -56 -58 -63 / 46 58 70 / 75 -46 -58 / 51 55 61 70 / 72 -51 -55 -61 <END> 
<S> 39 51 72 75 / 56 60 63 -72 -75 / 70 -56 -60 -63 / 39 51 72 / 80 -39 -51 / 56 58 63 75 / 75 87 -56 -58 -63 / 39 51 -75 -79 / 78 -39 -51 -75 / 40 52 70 73 79 / 41 53 70 74 81 / 34 46 70 74 77 82 <END> 
<S> 39 51 67 75 79 / 34 46 -67 -75 -79 / 31 43 -67 -75 -79 / 46 58 -67 -72 -77 / 41 53 74 / 75 -41 -53 / 53 58 62 72 / 70 74 -58 -62 / 46 -70 -74 / 79 -46 / 56 58 62 77 / 74 -56 -58 -62 <END> 
<S> 46 58 70 74 / 53 58 62 -70 -74 / 41 53 -70 -74 / 65 -41 -53 / 53 58 62 74 / 70 -53 -58 -62 / 43 55 70 / 72 -43 -55 / 45 57 70 / 72 -45 -57 / 46 58 73 / 74 -46 -58 / 44 56 77 / 80 -44 -56 / 43 55 -77 / 75 -43 -55 / 47 59 68 80 / 75 -47 -59 <END> 
<S> 43 55 70 82 / 75 -43 -55 / 58 62 67 79 / 70 82 -58 -62 -67 / 46 -70 -82 / 82 -46 / 58 62 68 72 / 74 -58 -62 -68 / 51 72 / 51 56 60 63 72 / 68 -51 -56 -60 -63 / 44 56 68 / 72 -44 -56 / 51 56 60 75 / 68 -51 -56 -60 <END> 
<S> 44 56 72 / 74 -44 -56 / 56 60 65 77 / 72 -56 -60 -65 / 44 56 68 / 72 -44 -56 / 39 51 75 / 77 -39 -51 / 51 54 60 69 75 / 39 51 68 72 / 51 56 60 75 / 39 -51 -56 -60 / 39 51 66 / 72 -39 -51 -66 / 37 49 68 / 68 73 -37 -49 <END> 
<S> 39 51 72 / 75 -39 -51 / 56 60 63 75 / 72 75 78 -56 -60 -66 / 39 51 -75 -78 / 72 -39 -51 / 40 52 70 82 / 72 80 82 -40 -52 / 41 53 72 80 84 / 56 60 65 72 80 84 / 72 84 -56 -60 -65 / 48 -72 -84 / 70 82 -48 / 52 56 60 68 80 / 69 -52 -56 -60 <END> 
<S> 44 56 72 84 / 80 -44 -56 -72 / 51 56 60 66 72 / 72 78 80 -44 -56 -60 / 44 56 -72 -75 / 71 -44 -56 / 56 60 66 72 / 39 51 72 / 72 -39 -51 / 56 60 -72 / 75 -56 -60 -66 / 39 51 72 / 51 56 60 68 / 72 -51 -56 -60 <END> 
<S> 44 56 72 / 71 -44 -56 / 51 56 60 72 / 72 77 -51 -56 -60 / 39 51 75 / 72 75 -39 -51 / 51 56 60 70 72 75 / 39 51 72 75 78 / 56 60 65 -72 -75 -81 / 70 -56 -60 -65 / 72 -34 -70 / 48 56 58 68 / 65 -48 -56 -58 <END> 
<S> 39 51 72 75 79 / 56 60 66 -72 -75 -84 / 70 72 82 -56 -60 -66 / 39 51 -70 -72 -82 / 38 50 77 80 / 70 82 -38 -50 / 39 51 -70 -82 / 75 -39 -51 / 41 53 72 77 82 / 45 57 72 77 84 / 46 58 73 77 / 79 -46 -58 / 51 55 61 82 / 72 -51 -55 -61 / 39 51 73 / 82 -39 -51 / 51 55 61 -82 / 72 -51 -55 -61 <END> 
<S> 39 51 -70 -73 / 75 -39 -51 / 51 56 60 72 / 70 -51 -56 -60 / 44 56 68 / 72 -44 -56 / 39 51 75 / 72 -39 -51 / 51 56 60 70 / 68 -51 -56 -60 / 39 51 68 / 70 -39 -51 / 51 56 60 68 / 72 -51 -56 -60 / 39 51 -72 / 68 80 -39 -51 / 51 56 60 -80 / 72 -51 -56 -60 <END> 
<S> 39 51 -70 / 75 -39 -51 / 51 55 61 70 / 75 -51 -55 -61 / 39 51 72 / 63 -39 -51 / 0 56 60 63 / 66 -56 -60 / 51 63 67 / 68 -51 -63 / 51 55 61 69 / 67 70 -51 -55 -61 / 39 51 70 -67 / 72 -39 -51 / 51 55 61 70 / 67 -51 -55 -61 <END> 
<S> 39 51 67 70 / 75 -39 -51 -67 / 55 58 63 -67 -75 / 72 -55 -58 -63 / 39 51 70 / 82 -39 -51 / 55 58 63 81 / 82 -55 -58 -63 / 39 51 81 / 82 -39 -51 / 55 58 63 -82 / 72 -55 -58 -63 / 46 58 70 / 74 -46 -58 / 44 56 77 / 75 -44 -56 <END> 
<S> 39 51 75 79 84 / 80 -39 -51 -75 / 55 58 63 79 82 / 75 81 -55 -58 -63 / 39 51 -75 -79 / 72 75 78 -39 -51 / 39 51 67 70 72 / 41 53 65 70 74 / 34 46 68 -65 -70 / 38 50 -62 -65 -69 / 36 48 63 67 75 / 34 46 70 74 79 82 / 39 51 72 75 84 / 41 53 70 82 / 34 46 70 82 <END> 
<S> 39 51 63 67 70 / 36 48 -63 -67 -70 / 34 46 70 82 / 74 -34 -46 / 73 -34 -46 / 75 82 -46 / 0 44 56 / 72 -44 -56 / 51 56 60 68 80 / 72 -51 -56 -60 / 39 51 75 / 68 77 -39 -51 / 51 56 60 -68 -77 / 67 71 -51 -56 -60 <END> 
<S> 39 51 72 / 75 -39 -51 / 56 60 63 75 / 72 75 78 -56 -60 -66 / 39 51 -75 -78 / 72 -39 -51 / 40 52 70 82 / 72 80 82 -40 -52 / 41 53 72 80 84 / 56 60 65 72 80 84 / 72 84 -56 -60 -65 / 48 -72 -84 / 70 82 -48 / 52 56 60 72 / 74 80 -52 -56 -60 <END> 
<S> 0 44 56 / 72 84 -44 -56 / 56 60 65 68 80 / 72 75 -56 -60 -65 / 44 56 72 77 80 / 72 -44 -56 / 51 56 60 66 72 / 70 73 -51 -56 -60 / 44 56 68 72 / 72 75 -44 -56 / 51 56 60 -72 -75 / 72 75 -51 -56 -60 / 39 51 69 / 70 73 -39 -51 / 51 55 61 -70 -73 / 72 -51 -55 -61 <END> 
<S> 44 56 72 75 / 71 80 -44 -56 / 51 56 60 68 72 / 70 73 82 -51 -56 -60 / 39 51 -70 -73 / 72 84 -39 -51 / 56 60 63 68 / 72 -56 -60 -65 / 46 58 68 / 51 56 60 68 / 39 51 -68 / 77 -39 -51 / 0 39 51 75 / 0 70 82 <END> 
<S> 46 58 -67 -72 / 75 -46 -58 / 51 55 61 -75 / 77 -51 -55 -61 / 39 51 73 / 67 -39 -51 / 51 55 61 75 / 70 82 -51 -55 -61 / 39 51 72 84 / 70 82 -39 -51 / 55 58 63 -70 -82 / 75 -55 -58 -63 / 39 51 72 84 / 75 82 -39 -51 / 58 63 67 79 / 70 82 -58 -63 <END> 
<S> 39 51 75 79 / 77 -39 -51 -75 / 55 58 63 79 -75 / 75 -55 -58 -63 -75 / 0 46 58 / 0 82 -46 / 0 55 58 63 82 / 0 72 -55 -58 -63 / 0 46 58 / 67 -46 -58 / 51 55 61 70 / 75 -51 -55 -61 / 39 51 70 / 73 -39 -51 / 43 55 -70 -82 / 75 -43 -55 / 44 56 75 / 80 -44 -56 <END> 
<S> 39 51 70 82 / 75 -39 -51 / 55 58 63 70 / 72 -55 -58 -63 / 46 58 74 / 82 -46 -58 / 51 63 84 / 75 -51 -63 / 39 51 70 / 72 -39 -51 / 41 53 70 / 67 -41 -53 / 43 55 70 / 72 -43 -55 / 45 57 70 / 67 -45 -57 / 46 58 70 / 65 74 -46 -58 / 53 58 62 -65 -74 / 70 -53 -58 -62 <END> 
<S> 39 51 70 / 72 -39 -51 / 41 53 70 / 67 -41 -53 / 43 55 70 / 72 -43 -55 / 45 57 70 / 67 -45 -57 / 46 58 70 / 65 74 -46 -58 / 53 58 62 -65 -74 / 70 -53 -58 -62 / 43 65 74 / 53 55 59 -65 -74 <END> 
<S> 46 58 70 / 65 74 -46 -58 / 53 58 62 -65 -74 / 70 -53 -58 -62 / 43 65 67 / 74 -43 -67 / 55 59 62 -67 -74 / 71 -55 -59 -62 / 48 67 / 72 -48 / 55 60 64 -72 / 67 -55 -60 -64 / 43 67 / 69 -43 / 55 58 63 67 / 75 -55 -58 -63 <END> 
<S> 48 60 64 72 / 67 -48 -60 -64 / 52 55 60 -64 -67 / 64 72 -52 -55 -60 / 48 60 -64 -67 / 67 -48 -60 -64 / 52 55 60 -63 -67 / 67 -52 -55 -60 / 48 60 65 / 67 -48 -60 / 53 57 60 68 / 69 72 77 -57 -60 -63 / 48 60 -72 -77 -81 / 67 -48 -60 / 56 60 65 69 72 77 <END> 
<S> 48 60 65 / 67 -48 -60 / 53 57 63 72 / 69 72 77 -53 -57 -63 / 41 53 -72 -75 / 74 -41 -53 / 53 57 63 67 72 / 69 -53 -57 -63 / 46 58 70 / 41 53 65 74 / 43 55 -65 -70 -74 / 45 57 -65 -70 -74 <END> 
<S> 46 58 70 74 / 53 58 62 73 / 70 74 -53 -58 -62 / 41 53 -70 -74 / 70 -41 -53 / 53 58 62 72 / 74 -53 -58 -62 / 39 51 75 / 78 -39 -51 / 55 58 63 79 / 75 -55 -58 -63 / 43 55 70 / 72 -43 -55 / 42 54 70 / 73 -42 -54 <END> 
<S> 39 51 70 / 72 -39 -51 / 41 53 70 / 67 -41 -53 / 43 55 70 / 72 -43 -55 / 45 57 70 / 67 -45 -57 / 46 58 70 / 65 74 -46 -58 / 53 58 62 -65 -74 / 70 -53 -58 -62 / 43 65 74 / 53 55 59 -65 -74 <END> 
<S> 46 58 70 / 65 74 -46 -58 / 53 58 62 -65 -74 / 70 -53 -58 -62 / 43 65 67 / 74 -43 -67 / 55 59 62 -67 -74 / 71 -55 -59 -62 / 48 67 / 72 -48 / 55 60 64 -72 / 67 -55 -60 -64 / 43 67 / 69 -43 / 55 58 63 67 / 75 -55 -58 -63 <END> 
<S> 48 60 64 72 / 67 -48 -60 -64 / 52 55 60 -64 -67 / 64 72 -52 -55 -60 / 48 60 -64 -67 / 67 -48 -60 -64 / 52 55 60 -63 -67 / 67 -52 -55 -60 / 48 60 65 / 67 -48 -60 / 53 57 60 68 / 69 72 77 -57 -60 -63 / 48 60 -72 -77 -81 / 67 -48 -60 / 56 60 65 69 72 77 <END> 
<S> 48 60 65 / 67 -48 -60 / 53 57 63 72 / 69 72 77 -53 -57 -63 / 41 53 -72 -75 / 74 -41 -53 / 53 57 63 67 72 / 69 -53 -57 -63 / 46 58 70 / 41 53 65 74 / 43 55 -65 -70 -74 / 45 57 -65 -70 -74 <END> 
<S> 46 58 70 74 / 53 58 62 73 / 70 74 -53 -58 -62 / 41 53 -70 -74 / 70 -41 -53 / 53 58 62 72 / 74 -53 -58 -62 / 39 51 75 / 78 -39 -51 / 55 58 63 79 / 75 -55 -58 -63 / 43 55 70 / 72 -43 -55 / 42 54 70 / 73 -42 -54 <END> 
<S> 39 51 70 / 72 -39 -51 / 41 53 70 / 67 -41 -53 / 43 55 70 / 72 -43 -55 / 45 57 70 / 67 -45 -57 / 46 58 70 / 65 74 -46 -58 / 53 58 62 -65 -74 / 70 -53 -58 -62 / 43 65 74 / 53 55 59 -65 -74 <END> 
<S> 46 58 70 / 65 74 -46 -58 / 53 58 62 -65 -74 / 70 -53 -58 -62 / 43 65 67 / 74 -43 -67 / 55 59 62 -67 -74 / 71 -55 -59 -62 / 48 67 / 72 -48 / 55 60 64 -72 / 67 -55 -60 -64 / 43 67 / 69 -43 / 55 58 63 67 / 75 -55 -58 -63 <END> 
<S> 48 60 64 72 / 67 -48 -60 -64 / 52 55 60 -64 -67 / 64 72 -52 -55 -60 / 48 60 -64 -67 / 67 -48 -60 -64 / 52 55 60 -63 -67 / 67 -52 -55 -60 / 48 60 65 / 67 -48 -60 / 53 57 60 68 / 69 72 77 -57 -60 -63 / 48 60 -72 -77 -81 / 67 -48 -60 / 56 60 65 69 72 77 <END> 
<S> 48 60 65 / 67 -48 -60 / 53 57 63 72 / 69 72 77 -53 -57 -63 / 41 53 -72 -75 / 74 -41 -53 / 53 57 63 67 72 / 69 -53 -57 -63 / 46 58 70 / 41 53 65 74 / 43 55 -65 -70 -74 / 45 57 -65 -70 -74 <END> 
<S> 46 58 70 74 / 53 58 62 73 / 70 74 -53 -58 -62 / 41 53 -70 -74 / 70 -41 -53 / 53 58 62 72 / 74 -53 -58 -62 / 39 51 75 / 78 -39 -51 / 55 58 63 79 / 75 -55 -58 -63 / 43 55 70 / 72 -43 -55 / 42 54 70 / 73 -42 -54 <END> 
<S> 39 51 70 / 72 -39 -51 / 41 53 70 / 67 -41 -53 / 43 55 70 / 72 -43 -55 / 45 57 70 / 67 -45 -57 / 46 58 70 / 65 74 -46 -58 / 53 58 62 -65 -74 / 70 -53 -58 -62 / 43 65 74 / 53 55 59 -65 -74 <END> 
<S> 46 58 70 / 65 74 -46 -58 / 53 58 62 -65 -74 / 70 -53 -58 -62 / 43 65 67 / 74 -43 -67 / 55 59 62 -67 -74 / 71 -55 -59 -62 / 48 67 / 72 -48 / 55 60 64 -72 / 67 -55 -60 -64 / 43 67 / 69 -43 / 55 58 63 67 / 75 -55 -58 -63 <END> 
<S> 48 60 64 72 / 67 -48 -60 -64 / 52 55 60 -64 -67 / 64 72 -52 -55 -60 / 48 60 -64 -67 / 67 -48 -60 -64 / 52 55 60 -63 -67 / 67 -52 -55 -60 / 48 60 65 / 67 -48 -60 / 53 57 60 68 / 69 72 77 -57 -60 -63 / 48 60 -72 -77 -81 / 67 -48 -60 / 56 60 65 69 72 77 <END> 
<S> 48 60 65 / 67 -48 -60 / 53 57 63 72 / 69 72 77 -53 -57 -63 / 41 53 -72 -75 / 74 -41 -53 / 53 57 63 67 72 / 69 -53 -57 -63 / 46 58 70 / 41 53 65 74 / 43 55 -65 -70 -74 / 45 57 -65 -70 -74 <END> 
<S> 46 58 70 74 / 53 58 62 73 / 70 74 -53 -58 -62 / 41 53 -70 -74 / 70 -41 -53 / 53 58 62 72 / 74 -53 -58 -62 / 39 51 75 / 78 -39 -51 / 55 58 63 79 / 75 -55 -58 -63 / 43 55 70 / 72 -43 -55 / 42 54 70 / 73 -42 -54 <END> 
<S> 39 51 70 / 72 -39 -51 / 41 53 70 / 67 -41 -53 / 43 55 70 / 72 -43 -55 / 45 57 70 / 67 -45 -57 / 46 58 70 / 65 74 -46 -58 / 53 58 62 -65 -74 / 70 -53 -58 -62 / 43 65 74 / 53 55 59 -65 -74 <END> 
<S> 46 58 70 / 65 74 -46 -58 / 53 58 62 -65 -74 / 70 -53 -58 -62 / 43 65 67 / 74 -43 -67 / 55 59 62 -67 -74 / 71 -55 -59 -62 / 48 67 / 72 -48 / 55 60 64 -72 / 67 -55 -60 -64 / 43 67 / 69 -43 / 55 58 63 67 / 75 -55 -58 -63 <END> 
<S> 48 60 64 72 / 67 -48 -60 -64 / 52 55 60 -64 -67 / 64 72 -52 -55 -60 / 48 60 -64 -67 / 67 -48 -60 -64 / 52 55 60 -63 -67 / 67 -52 -55 -60 / 48 60 65 / 67 -48 -60 / 53 57 60 68 / 69 72 77 -57 -60 -63 / 48 60 -72 -77 -81 / 67 -48 -60 / 56 60 65 69 72 77 <END> 
<S> 48 60 65 / 67 -48 -60 / 53 57 63 72 / 69 72 77 -53 -57 -63 / 41 53 -72 -75 / 74 -41 -53 / 53 57 63 67 72 / 69 -53 -57 -63 / 46 58 70 / 41 53 65 74 / 43 55 -65 -70 -74 / 45 57 -65 -70 -74 <END> 
