<S> 0 44 56 / 68 -44 -56 / 51 56 60 63 75 / 68 -51 -56 -60 / 51 56 60 72 / 63 75 -51 -56 -60 / 45 57 -63 -75 / 67 -45 -57 / 46 58 63 75 / 67 -46 -58 / 51 55 61 70 / 63 75 -51 -55 -61 / 51 55 61 -63 -75 / 39 51 -63 -75 <END> 
<S> 46 58 63 75 / 67 70 -46 -58 / 39 51 -67 -70 / 66 72 -39 -51 / 51 55 60 70 / 67 72 -51 -55 -60 / 39 51 -67 -72 / 68 -39 -51 / 51 55 61 70 / 67 -51 -55 -61 / 44 56 68 / 72 -44 -56 / 51 56 60 75 / 68 77 -51 -56 -60 / 39 51 -68 -72 / 70 73 -39 -51 <END> 
<S> 39 51 -67 -72 / 70 -39 -51 / 41 53 70 73 / 67 -41 -53 / 43 55 70 / 72 -43 -55 / 45 57 70 / 67 -45 -57 / 46 58 70 / 65 74 -46 -58 / 53 58 62 -65 -74 / 70 -53 -58 -62 / 43 65 74 / 53 55 59 -65 -74 <END> 
<S> 46 58 70 / 65 74 -46 -58 / 53 58 62 -65 -74 / 70 -53 -58 -62 / 43 65 67 / 74 -43 -67 / 55 59 62 -67 -74 / 71 -55 -59 -62 / 48 67 / 72 -48 / 55 60 64 -72 / 67 -55 -60 -64 / 43 67 / 69 -43 / 55 58 63 67 / 75 -55 -58 -63 <END> 
<S> 48 60 64 72 / 67 -48 -60 -64 / 52 55 60 -64 -67 / 64 72 -52 -55 -60 / 48 60 -64 -67 / 67 -48 -60 -64 / 52 55 60 -63 -67 / 67 -52 -55 -60 / 48 60 65 / 67 -48 -60 / 53 57 60 68 / 69 72 77 -57 -60 -63 / 48 60 -72 -77 -81 / 67 -48 -60 / 56 60 65 69 72 77 <END> 
<S> 48 60 65 / 67 -48 -60 / 53 57 63 72 / 69 72 77 -53 -57 -63 / 41 53 -72 -75 / 74 -41 -53 / 53 57 63 67 72 / 69 -53 -57 -63 / 46 58 70 / 41 53 65 74 / 43 55 -65 -70 -74 / 45 57 -65 -70 -74 <END> 
<S> 46 58 70 74 / 53 58 62 73 / 70 74 -53 -58 -62 / 41 53 -70 -74 / 70 -41 -53 / 53 58 62 72 / 74 -53 -58 -62 / 39 51 75 / 78 -39 -51 / 55 58 63 79 / 75 -55 -58 -63 / 43 55 70 / 72 -43 -55 / 42 54 70 / 73 -42 -54 <END> 
<S> 39 51 70 / 72 -39 -51 / 41 53 70 / 67 -41 -53 / 43 55 70 / 72 -43 -55 / 45 57 70 / 67 -45 -57 / 46 58 70 / 65 74 -46 -58 / 53 58 62 -65 -74 / 70 -53 -58 -62 / 43 65 74 / 53 55 59 -65 -74 <END> 
<S> 46 58 70 / 65 74 -46 -58 / 53 58 62 -65 -74 / 70 -53 -58 -62 / 43 65 67 / 74 -43 -67 / 55 59 62 -67 -74 / 71 -55 -59 -62 / 48 67 / 72 -48 / 55 60 64 -72 / 67 -55 -60 -64 / 43 67 / 69 -43 / 55 58 63 67 / 75 -55 -58 -63 <END> 
<S> 48 60 64 72 / 67 -48 -60 -64 / 52 55 60 -64 -67 / 64 72 -52 -55 -60 / 48 60 -64 -67 / 67 -48 -60 -64 / 52 55 60 -63 -67 / 67 -52 -55 -60 / 48 60 65 / 67 -48 -60 / 53 57 60 68 / 69 72 77 -57 -60 -63 / 48 60 -72 -77 -81 / 67 -48 -60 / 56 60 65 69 72 77 <END> 
<S> 48 60 65 / 67 -48 -60 / 53 57 63 72 / 69 72 77 -53 -57 -63 / 41 53 -72 -75 / 74 -41 -53 / 53 57 63 67 72 / 69 -53 -57 -63 / 46 58 70 / 41 53 65 74 / 43 55 -65 -70 -74 / 45 57 -65 -70 -74 <END> 
<S> 46 58 70 74 / 53 58 62 73 / 70 74 -53 -58 -62 / 41 53 -70 -74 / 70 -41 -53 / 53 58 62 72 / 74 -53 -58 -62 / 39 51 75 / 78 -39 -51 / 55 58 63 79 / 75 -55 -58 -63 / 43 55 70 / 72 -43 -55 / 42 54 70 / 73 -42 -54 <END> 
<S> 39 51 70 / 72 -39 -51 / 41 53 70 / 67 -41 -53 / 43 55 70 / 72 -43 -55 / 45 57 70 / 67 -45 -57 / 46 58 70 / 65 74 -46 -58 / 53 58 62 -65 -74 / 70 -53 -58 -62 / 43 65 74 / 53 55 59 -65 -74 <END> 
<S> 46 58 70 / 65 74 -46 -58 / 53 58 62 -65 -74 / 70 -53 -58 -62 / 43 65 67 / 74 -43 -67 / 55 59 62 -67 -74 / 71 -55 -59 -62 / 48 67 / 72 -48 / 55 60 64 -72 / 67 -55 -60 -64 / 43 67 / 69 -43 / 55 58 63 67 / 75 -55 -58 -63 <END> 
<S> 48 60 64 72 / 67 -48 -60 -64 / 52 55 60 -64 -67 / 64 72 -52 -55 -60 / 48 60 -64 -67 / 67 -48 -60 -64 / 52 55 60 -63 -67 / 67 -52 -55 -60 / 48 60 65 / 67 -48 -60 / 53 57 60 68 / 69 72 77 -57 -60 -63 / 48 60 -72 -77 -81 / 67 -48 -60 / 56 60 65 69 72 77 <END> 
<S> 48 60 65 / 67 -48 -60 / 53 57 63 72 / 69 72 77 -53 -57 -63 / 41 53 -72 -75 / 74 -41 -53 / 53 57 63 67 72 / 69 -53 -57 -63 / 46 58 70 / 41 53 65 74 / 43 55 -65 -70 -74 / 45 57 -65 -70 -74 <END> 
<S> 46 58 70 74 / 53 58 62 73 / 70 74 -53 -58 -62 / 41 53 -70 -74 / 70 -41 -53 / 53 58 62 72 / 74 -53 -58 -62 / 39 51 75 / 78 -39 -51 / 55 58 63 79 / 75 -55 -58 -63 / 43 55 70 / 72 -43 -55 / 42 54 70 / 73 -42 -54 <END> 
<S> 39 51 70 / 72 -39 -51 / 41 53 70 / 67 -41 -53 / 43 55 70 / 72 -43 -55 / 45 57 70 / 67 -45 -57 / 46 58 70 / 65 74 -46 -58 / 53 58 62 -65 -74 / 70 -53 -58 -62 / 43 65 74 / 53 55 59 -65 -74 <END> 
<S> 46 58 70 / 65 74 -46 -58 / 53 58 62 -65 -74 / 70 -53 -58 -62 / 43 65 67 / 74 -43 -67 / 55 59 62 -67 -74 / 71 -55 -59 -62 / 48 67 / 72 -48 / 55 60 64 -72 / 67 -55 -60 -64 / 43 67 / 69 -43 / 55 58 63 67 / 75 -55 -58 -63 <END> 
<S> 48 60 64 72 / 67 -48 -60 -64 / 52 55 60 -64 -67 / 64 72 -52 -55 -60 / 48 60 -64 -67 / 67 -48 -60 -64 / 52 55 60 -63 -67 / 67 -52 -55 -60 / 48 60 65 / 67 -48 -60 / 53 57 60 68 / 69 72 77 -57 -60 -63 / 48 60 -72 -77 -81 / 67 -48 -60 / 56 60 65 69 72 77 <END> 
<S> 48 60 65 / 67 -48 -60 / 53 57 63 72 / 69 72 77 -53 -57 -63 / 41 53 -72 -75 / 74 -41 -53 / 53 57 63 67 72 / 69 -53 -57 -63 / 46 58 70 / 41 53 65 74 / 43 55 -65 -70 -74 / 45 57 -65 -70 -74 <END> 
<S> 46 58 70 74 / 53 58 62 73 / 70 74 -53 -58 -62 / 41 53 -70 -74 / 70 -41 -53 / 53 58 62 72 / 74 -53 -58 -62 / 39 51 75 / 78 -39 -51 / 55 58 63 79 / 75 -55 -58 -63 / 43 55 70 / 72 -43 -55 / 42 54 70 / 73 -42 -54 <END> 
<S> 39 51 70 / 72 -39 -51 / 41 53 70 / 67 -41 -53 / 43 55 70 / 72 -43 -55 / 45 57 70 / 67 -45 -57 / 46 58 70 / 65 74 -46 -58 / 53 58 62 -65 -74 / 70 -53 -58 -62 / 43 65 74 / 53 55 59 -65 -74 <END> 
<S> 46 58 70 / 65 74 -46 -58 / 53 58 62 -65 -74 / 70 -53 -58 -62 / 43 65 67 / 74 -43 -67 / 55 59 62 -67 -74 / 71 -55 -59 -62 / 48 67 / 72 -48 / 55 60 64 -72 / 67 -55 -60 -64 / 43 67 / 69 -43 / 55 58 63 67 / 75 -55 -58 -63 <END> 
<S> 48 60 64 72 / 67 -48 -60 -64 / 52 55 60 -64 -67 / 64 72 -52 -55 -60 / 48 60 -64 -67 / 67 -48 -60 -64 / 52 55 60 -63 -67 / 67 -52 -55 -60 / 48 60 65 / 67 -48 -60 / 53 57 60 68 / 69 72 77 -57 -60 -63 / 48 60 -72 -77 -81 / 67 -48 -60 / 56 60 65 69 72 77 <END> 
<S> 48 60 65 / 67 -48 -60 / 53 57 63 72 / 69 72 77 -53 -57 -63 / 41 53 -72 -75 / 74 -41 -53 / 53 57 63 67 72 / 69 -53 -57 -63 / 46 58 70 / 41 53 65 74 / 43 55 -65 -70 -74 / 45 57 -65 -70 -74 <END> 
<S> 46 58 70 74 / 53 58 62 73 / 70 74 -53 -58 -62 / 41 53 -70 -74 / 70 -41 -53 / 53 58 62 72 / 74 -53 -58 -62 / 39 51 75 / 78 -39 -51 / 55 58 63 79 / 75 -55 -58 -63 / 43 55 70 / 72 -43 -55 / 42 54 70 / 73 -42 -54 <END> 
<S> 39 51 70 / 72 -39 -51 / 41 53 70 / 67 -41 -53 / 43 55 70 / 72 -43 -55 / 45 57 70 / 67 -45 -57 / 46 58 70 / 65 74 -46 -58 / 53 58 62 -65 -74 / 70 -53 -58 -62 / 43 65 74 / 53 55 59 -65 -74 <END> 
<S> 46 58 70 / 65 74 -46 -58 / 53 58 62 -65 -74 / 70 -53 -58 -62 / 43 65 67 / 74 -43 -67 / 55 59 62 -67 -74 / 71 -55 -59 -62 / 48 67 / 72 -48 / 55 60 64 -72 / 67 -55 -60 -64 / 43 67 / 69 -43 / 55 58 63 67 / 75 -55 -58 -63 <END> 
<S> 48 60 64 72 / 67 -48 -60 -64 / 52 55 60 -64 -67 / 64 72 -52 -55 -60 / 48 60 -64 -67 / 67 -48 -60 -64 / 52 55 60 -63 -67 / 67 -52 -55 -60 / 48 60 65 / 67 -48 -60 / 53 57 60 68 / 69 72 77 -57 -60 -63 / 48 60 -72 -77 -81 / 67 -48 -60 / 56 60 65 69 72 77 <END> 
<S> 48 60 65 / 67 -48 -60 / 53 57 63 72 / 69 72 77 -53 -57 -63 / 41 53 -72 -75 / 74 -41 -53 / 53 57 63 67 72 / 69 -53 -57 -63 / 46 58 70 / 41 53 65 74 / 43 55 -65 -70 -74 / 45 57 -65 -70 -74 <END> 
<S> 46 58 70 74 / 53 58 62 73 / 70 74 -53 -58 -62 / 41 53 -70 -74 / 70 -41 -53 / 53 58 62 72 / 74 -53 -58 -62 / 39 51 75 / 78 -39 -51 / 55 58 63 79 / 75 -55 -58 -63 / 43 55 70 / 72 -43 -55 / 42 54 70 / 73 -42 -54 <END> 
<S> 39 51 70 / 72 -39 -51 / 41 53 70 / 67 -41 -53 / 43 55 70 / 72 -43 -55 / 45 57 70 / 67 -45 -57 / 46 58 70 / 65 74 -46 -58 / 53 58 62 -65 -74 / 70 -53 -58 -62 / 43 65 74 / 53 55 59 -65 -74 <END> 
<S> 46 58 70 / 65 74 -46 -58 / 53 58 62 -65 -74 / 70 -53 -58 -62 / 43 65 67 / 74 -43 -67 / 55 59 62 -67 -74 / 71 -55 -59 -62 / 48 67 / 72 -48 / 55 60 64 -72 / 67 -55 -60 -64 / 43 67 / 69 -43 / 55 58 63 67 / 75 -55 -58 -63 <END> 
<S> 48 60 64 72 / 67 -48 -60 -64 / 52 55 60 -64 -67 / 64 72 -52 -55 -60 / 48 60 -64 -67 / 67 -48 -60 -64 / 52 55 60 -63 -67 / 67 -52 -55 -60 / 48 60 65 / 67 -48 -60 / 53 57 60 68 / 69 72 77 -57 -60 -63 / 48 60 -72 -77 -81 / 67 -48 -60 / 56 60 65 69 72 77 <END> 
<S> 48 60 65 / 67 -48 -60 / 53 57 63 72 / 69 72 77 -53 -57 -63 / 41 53 -72 -75 / 74 -41 -53 / 53 57 63 67 72 / 69 -53 -57 -63 / 46 58 70 / 41 53 65 74 / 43 55 -65 -70 -74 / 45 57 -65 -70 -74 <END> 
<S> 46 58 70 74 / 53 58 62 73 / 70 74 -53 -58 -62 / 41 53 -70 -74 / 70 -41 -53 / 53 58 62 72 / 74 -53 -58 -62 / 39 51 75 / 78 -39 -51 / 55 58 63 79 / 75 -55 -58 -63 / 43 55 70 / 72 -43 -55 / 42 54 70 / 73 -42 -54 <END> 
<S> 39 51 70 / 72 -39 -51 / 41 53 70 / 67 -41 -53 / 43 55 70 / 72 -43 -55 / 45 57 70 / 67 -45 -57 / 46 58 70 / 65 74 -46 -58 / 53 58 62 -65 -74 / 70 -53 -58 -62 / 43 65 74 / 53 55 59 -65 -74 <END> 
<S> 46 58 70 / 65 74 -46 -58 / 53 58 62 -65 -74 / 70 -53 -58 -62 / 43 65 67 / 74 -43 -67 / 55 59 62 -67 -74 / 71 -55 -59 -62 / 48 67 / 72 -48 / 55 60 64 -72 / 67 -55 -60 -64 / 43 67 / 69 -43 / 55 58 63 67 / 75 -55 -58 -63 <END> 
<S> 48 60 64 72 / 67 -48 -60 -64 / 52 55 60 -64 -67 / 64 72 -52 -55 -60 / 48 60 -64 -67 / 67 -48 -60 -64 / 52 55 60 -63 -67 / 67 -52 -55 -60 / 48 60 65 / 67 -48 -60 / 53 57 60 68 / 69 72 77 -57 -60 -63 / 48 60 -72 -77 -81 / 67 -48 -60 / 56 60 65 69 72 77 <END> 
<S> 48 60 65 / 67 -48 -60 / 53 57 63 72 / 69 72 77 -53 -57 -63 / 41 53 -72 -75 / 74 -41 -53 / 53 57 63 67 72 / 69 -53 -57 -63 / 46 58 70 / 41 53 65 74 / 43 55 -65 -70 -74 / 45 57 -65 -70 -74 <END> 
<S> 46 58 70 74 / 53 58 62 73 / 70 74 -53 -58 -62 / 41 53 -70 -74 / 70 -41 -53 / 53 58 62 72 / 74 -53 -58 -62 / 39 51 75 / 78 -39 -51 / 55 58 63 79 / 75 -55 -58 -63 / 43 55 70 / 72 -43 -55 / 42 54 70 / 73 -42 -54 <END> 
<S> 39 51 70 / 72 -39 -51 / 41 53 70 / 67 -41 -53 / 43 55 70 / 72 -43 -55 / 45 57 70 / 67 -45 -57 / 46 58 70 / 65 74 -46 -58 / 53 58 62 -65 -74 / 70 -53 -58 -62 / 43 65 74 / 53 55 59 -65 -74 <END> 
<S> 46 58 70 / 65 74 -46 -58 / 53 58 62 -65 -74 / 70 -53 -58 -62 / 43 65 67 / 74 -43 -67 / 55 59 62 -67 -74 / 71 -55 -59 -62 / 48 67 / 72 -48 / 55 60 64 -72 / 67 -55 -60 -64 / 43 67 / 69 -43 / 55 58 63 67 / 75 -55 -58 -63 <END> 
<S> 48 60 64 72 / 67 -48 -60 -64 / 52 55 60 -64 -67 / 64 72 -52 -55 -60 / 48 60 -64 -67 / 67 -48 -60 -64 / 52 55 60 -63 -67 / 67 -52 -55 -60 / 48 60 65 / 67 -48 -60 / 53 57 60 68 / 69 72 77 -57 -60 -63 / 48 60 -72 -77 -81 / 67 -48 -60 / 56 60 65 69 72 77 <END> 
<S> 48 60 65 / 67 -48 -60 / 53 57 63 72 / 69 72 77 -53 -57 -63 / 41 53 -72 -75 / 74 -41 -53 / 53 57 63 67 72 / 69 -53 -57 -63 / 46 58 70 / 41 53 65 74 / 43 55 -65 -70 -74 / 45 57 -65 -70 -74 <END> 
<S> 46 58 70 74 / 53 58 62 73 / 70 74 -53 -58 -62 / 41 53 -70 -74 / 70 -41 -53 / 53 58 62 72 / 74 -53 -58 -62 / 39 51 75 / 78 -39 -51 / 55 58 63 79 / 75 -55 -58 -63 / 43 55 70 / 72 -43 -55 / 42 54 70 / 73 -42 -54 <END> 
<S> 39 51 70 / 72 -39 -51 / 41 53 70 / 67 -41 -53 / 43 55 70 / 72 -43 -55 / 45 57 70 / 67 -45 -57 / 46 58 70 / 65 74 -46 -58 / 53 58 62 -65 -74 / 70 -53 -58 -62 / 43 65 74 / 53 55 59 -65 -74 <END> 
<S> 46 58 70 / 65 74 -46 -58 / 53 58 62 -65 -74 / 70 -53 -58 -62 / 43 65 67 / 74 -43 -67 / 55 59 62 -67 -74 / 71 -55 -59 -62 / 48 67 / 72 -48 / 55 60 64 -72 / 67 -55 -60 -64 / 43 67 / 69 -43 / 55 58 63 67 / 75 -55 -58 -63 <END> 
<S> 48 60 64 72 / 67 -48 -60 -64 / 52 55 60 -64 -67 / 64 72 -52 -55 -60 / 48 60 -64 -67 / 67 -48 -60 -64 / 52 55 60 -63 -67 / 67 -52 -55 -60 / 48 60 65 / 67 -48 -60 / 53 57 60 68 / 69 72 77 -57 -60 -63 / 48 60 -72 -77 -81 / 67 -48 -60 / 56 60 65 69 72 77 <END> 
<S> 48 60 65 / 67 -48 -60 / 53 57 63 72 / 69 72 77 -53 -57 -63 / 41 53 -72 -75 / 74 -41 -53 / 53 57 63 67 72 / 69 -53 -57 -63 / 46 58 70 / 41 53 65 74 / 43 55 -65 -70 -74 / 45 57 -65 -70 -74 <END> 
<S> 46 58 70 74 / 53 58 62 73 / 70 74 -53 -58 -62 / 41 53 -70 -74 / 70 -41 -53 / 53 58 62 72 / 74 -53 -58 -62 / 39 51 75 / 78 -39 -51 / 55 58 63 79 / 75 -55 -58 -63 / 43 55 70 / 72 -43 -55 / 42 54 70 / 73 -42 -54 <END> 
<S> 39 51 70 / 72 -39 -51 / 41 53 70 / 67 -41 -53 / 43 55 70 / 72 -43 -55 / 45 57 70 / 67 -45 -57 / 46 58 70 / 65 74 -46 -58 / 53 58 62 -65 -74 / 70 -53 -58 -62 / 43 65 74 / 53 55 59 -65 -74 <END> 
<S> 46 58 70 / 65 74 -46 -58 / 53 58 62 -65 -74 / 70 -53 -58 -62 / 43 65 67 / 74 -43 -67 / 55 59 62 -67 -74 / 71 -55 -59 -62 / 48 67 / 72 -48 / 55 60 64 -72 / 67 -55 -60 -64 / 43 67 / 69 -43 / 55 58 63 67 / 75 -55 -58 -63 <END> 
<S> 48 60 64 72 / 67 -48 -60 -64 / 52 55 60 -64 -67 / 64 72 -52 -55 -60 / 48 60 -64 -67 / 67 -48 -60 -64 / 52 55 60 -63 -67 / 67 -52 -55 -60 / 48 60 65 / 67 -48 -60 / 53 57 60 68 / 69 72 77 -57 -60 -63 / 48 60 -72 -77 -81 / 67 -48 -60 / 56 60 65 69 72 77 <END> 
<S> 48 60 65 / 67 -48 -60 / 53 57 63 72 / 69 72 77 -53 -57 -63 / 41 53 -72 -75 / 74 -41 -53 / 53 57 63 67 72 / 69 -53 -57 -63 / 46 58 70 / 41 53 65 74 / 43 55 -65 -70 -74 / 45 57 -65 -70 -74 <END> 
<S> 46 58 70 74 / 53 58 62 73 / 70 74 -53 -58 -62 / 41 53 -70 -74 / 70 -41 -53 / 53 58 62 72 / 74 -53 -58 -62 / 39 51 75 / 78 -39 -51 / 55 58 63 79 / 75 -55 -58 -63 / 43 55 70 / 72 -43 -55 / 42 54 70 / 73 -42 -54 <END> 
<S> 39 51 70 / 72 -39 -51 / 41 53 70 / 67 -41 -53 / 43 55 70 / 72 -43 -55 / 45 57 70 / 67 -45 -57 / 46 58 70 / 65 74 -46 -58 / 53 58 62 -65 -74 / 70 -53 -58 -62 / 43 65 74 / 53 55 59 -65 -74 <END> 
<S> 46 58 70 / 65 74 -46 -58 / 53 58 62 -65 -74 / 70 -53 -58 -62 / 43 65 67 / 74 -43 -67 / 55 59 62 -67 -74 / 71 -55 -59 -62 / 48 67 / 72 -48 / 55 60 64 -72 / 67 -55 -60 -64 / 43 67 / 69 -43 / 55 58 63 67 / 75 -55 -58 -63 <END> 
<S> 48 60 64 72 / 67 -48 -60 -64 / 52 55 60 -64 -67 / 64 72 -52 -55 -60 / 48 60 -64 -67 / 67 -48 -60 -64 / 52 55 60 -63 -67 / 67 -52 -55 -60 / 48 60 65 / 67 -48 -60 / 53 57 60 68 / 69 72 77 -57 -60 -63 / 48 60 -72 -77 -81 / 67 -48 -60 / 56 60 65 69 72 77 <END> 
<S> 48 60 65 / 67 -48 -60 / 53 57 63 72 / 69 72 77 -53 -57 -63 / 41 53 -72 -75 / 74 -41 -53 / 53 57 63 67 72 / 69 -53 -57 -63 / 46 58 70 / 41 53 65 74 / 43 55 -65 -70 -74 / 45 57 -65 -70 -74 <END> 
<S> 46 58 70 74 / 53 58 62 73 / 70 74 -53 -58 -62 / 41 53 -70 -74 / 70 -41 -53 / 53 58 62 72 / 74 -53 -58 -62 / 39 51 75 / 78 -39 -51 / 55 58 63 79 / 75 -55 -58 -63 / 43 55 70 / 72 -43 -55 / 42 54 70 / 73 -42 -54 <END> 
<S> 39 51 70 / 72 -39 -51 / 41 53 70 / 67 -41 -53 / 43 55 70 / 72 -43 -55 / 45 57 70 / 67 -45 -57 / 46 58 70 / 65 74 -46 -58 / 53 58 62 -65 -74 / 70 -53 -58 -62 / 43 65 74 / 53 55 59 -65 -74 <END> 
<S> 46 58 70 / 65 74 -46 -58 / 53 58 62 -65 -74 / 70 -53 -58 -62 / 43 65 67 / 74 -43 -67 / 55 59 62 -67 -74 / 71 -55 -59 -62 / 48 67 / 72 -48 / 55 60 64 -72 / 67 -55 -60 -64 / 43 67 / 69 -43 / 55 58 63 67 / 75 -55 -58 -63 <END> 
<S> 48 60 64 72 / 67 -48 -60 -64 / 52 55 60 -64 -67 / 64 72 -52 -55 -60 / 48 60 -64 -67 / 67 -48 -60 -64 / 52 55 60 -63 -67 / 67 -52 -55 -60 / 48 60 65 / 67 -48 -60 / 53 57 60 68 / 69 72 77 -57 -60 -63 / 48 60 -72 -77 -81 / 67 -48 -60 / 56 60 65 69 72 77 <END> 
<S> 48 60 65 / 67 -48 -60 / 53 57 63 72 / 69 72 77 -53 -57 -63 / 41 53 -72 -75 / 74 -41 -53 / 53 57 63 67 72 / 69 -53 -57 -63 / 46 58 70 / 41 53 65 74 / 43 55 -65 -70 -74 / 45 57 -65 -70 -74 <END> 
