<S> 50 74 / 52 76 / 53 77 / 52 76 / -52 -76 / 43 67 <END> 
<S> 47 59 62 67 / 50 62 -59 / 48 52 64 / 72 -48 -52 / 52 55 60 72 / 74 -52 -55 -60 / 43 55 76 / 75 -43 -55 / 55 60 64 76 / 75 -55 -60 -64 <END> 
<S> 0 43 55 / 64 70 -43 -55 / 0 52 55 58 64 / 0 64 -52 -55 -58 / 48 52 55 58 60 64 / 62 -48 -55 -58 / 52 64 67 / 52 64 69 / 43 55 70 / 67 72 -43 -55 / 45 57 -67 -72 / 67 72 76 -45 -57 <END> 
<S> 0 43 55 / 0 55 58 62 76 / 0 55 58 62 82 / 0 76 82 -55 -58 -62 / 55 58 64 76 79 / 74 82 -55 -58 -64 / 55 58 64 76 / 76 79 82 -55 -58 -64 / 52 55 60 -76 -79 / 76 79 -52 -55 -60 / 43 55 -79 / 76 -43 / 58 60 64 79 <END> 
<S> 43 55 76 / 79 -43 -55 / 55 60 64 -79 / 76 -55 -60 -64 / 36 48 76 / 79 -36 -48 / 58 60 64 82 / 76 -58 -60 -64 / 36 48 76 / 79 -36 -48 / 58 60 64 82 / 76 -58 -60 -64 / 36 48 76 / 79 -36 -48 / 58 60 64 76 / 79 -58 -60 -64 <END> 
<S> 0 43 55 / 64 70 -43 -55 / 58 60 64 67 -70 / 72 -58 -60 -64 -67 / 41 53 65 69 / 72 -41 -53 / 53 57 60 69 / 65 77 -53 -57 -63 / 41 53 -65 -69 -77 / 67 -41 -53 / 53 57 63 69 72 / 69 72 -53 -57 -63 / 41 69 74 / 53 65 69 75 <END> 
<S> 41 53 69 / 72 -41 -53 / 57 60 65 77 / 81 -57 -60 -65 / 48 -81 / 77 -48 / 57 60 65 72 / 69 -57 -60 -65 / 48 72 76 / 58 60 64 70 74 / 53 69 72 / 57 60 65 -69 -72 <END> 
<S> 52 -72 / 69 -52 / 57 60 64 -69 / 64 -57 -60 -64 / 50 67 / 65 -50 / 55 60 64 67 / 69 -55 -60 -64 / 43 71 / 74 -43 / 55 59 62 79 / 83 -55 -59 -62 / 50 62 83 / 83 -50 -62 / 55 59 62 83 / 83 -55 -59 -62 <END> 
<S> 50 62 71 / 74 -50 -62 / 55 59 65 -71 / 67 -55 -59 -65 / 43 55 -67 / 67 -43 -55 / 55 59 65 69 / 71 -55 -59 -65 / 48 72 / 76 -48 / 55 60 64 76 / 72 76 81 -55 -60 -64 / 43 -72 -76 -81 / 55 60 64 72 76 81 <END> 
<S> 48 72 / 76 -48 / 55 60 64 76 / 72 76 81 -55 -60 -64 / 43 -72 -76 -81 / 55 60 64 72 76 81 / 0 48 60 64 72 / 0 72 -48 -60 -64 / 0 52 64 67 79 / 0 67 79 / 0 67 79 <END> 
<S> 0 / 60 64 72 84 / 84 -60 -64 -72 / 0 / 60 84 87 / 80 84 -60 -72 / 68 72 84 / 84 87 -66 / 65 72 84 / 70 72 80 -65 / 0 65 68 74 73 / 0 -65 -68 <END> 
<S> 66 75 78 84 / 87 -66 -75 -78 / 60 63 -66 -72 -78 -78 / 81 -54 -60 -63 -72 / 0 43 55 72 76 79 / 0 55 60 64 72 / 0 72 -55 -60 -64 / 0 41 53 -72 / 0 68 -41 -53 / 0 57 60 65 69 / 0 72 -57 -60 -65 / 45 57 65 76 / 74 -45 -57 -65 / 44 56 65 72 / 69 -44 -56 -65 <END> 
<S> 0 41 53 69 / 68 -41 -53 / 57 60 65 69 / 77 -57 -60 -65 / 48 60 -77 / 72 -48 -60 / 57 60 65 -72 / 74 -57 -60 -65 / 52 64 76 / 79 -52 / 55 60 64 -79 / 76 -55 -60 -64 / 50 72 / 71 -50 / 55 59 65 74 / 71 77 -55 -59 -65 <END> 
<S> 43 55 76 / 67 72 -43 -55 / 55 60 64 -67 -72 / 67 -55 -60 -64 / 43 67 72 / 55 58 60 64 -67 / 72 -55 -58 -60 / 41 53 -72 / 57 60 -72 / 40 52 -72 / 72 76 84 -40 -52 / 41 53 74 77 / 75 79 87 -41 -53 <END> 
<S> 0 48 60 / 0 72 -48 -60 / 0 52 57 60 72 / 0 69 74 77 -52 -57 -60 / 48 -69 -69 -77 / 69 -48 -69 -76 / 52 57 60 64 69 72 / 41 69 72 76 / 57 60 65 69 72 77 81 / 70 72 77 -53 -57 -60 -65 / 41 53 69 72 81 / 71 74 79 -41 -53 / 42 54 60 72 75 84 / 74 81 86 -54 -60 -63 <END> 
<S> 41 53 65 69 72 77 / 48 60 -65 -69 -72 -77 / 45 57 72 -69 / 44 56 65 74 / 77 -44 -56 -65 / 43 55 65 72 / 71 -43 -55 -65 -71 / 55 59 65 71 74 / 48 60 64 76 / 62 65 -76 -48 / 55 64 64 -76 / 67 -55 -64 / 47 59 65 68 / 74 -47 -59 -65 -68 <END> 
<S> 36 48 -67 -72 / 72 -36 -48 / 55 60 64 67 72 / 72 -55 -60 -64 -67 / 43 55 67 72 76 / 55 60 64 -67 -72 -76 / 48 64 67 72 / 55 60 64 68 74 / 76 -55 -60 -64 / 40 52 72 / 79 -40 -52 / 55 58 61 73 / 76 -55 -58 -61 <END> 
<S> 43 55 64 70 / 72 -43 -55 -64 / 58 60 64 67 -64 / 66 69 78 -58 -60 -64 / 41 53 -69 -72 / 57 60 65 -69 -72 / 48 -60 -65 -69 / 53 65 69 77 / 51 67 70 79 / 55 58 63 -67 -75 -79 / 60 70 79 82 -58 -60 -63 <END> 
<S> 0 41 53 65 / 0 68 -41 -53 / 0 57 60 65 69 / 0 72 -57 -60 -65 / 45 57 65 76 / 74 -45 -57 -65 / 44 56 65 72 / 69 -44 -56 -65 / 43 55 64 72 / 55 60 63 69 72 / 64 67 70 -55 -58 -63 / 36 48 -67 -70 / 65 69 -36 -48 / 41 53 57 63 67 / 69 72 -53 -57 -63 <END> 
<S> 48 60 -67 -72 / 67 -48 -60 / 55 60 64 67 / 67 -55 -60 -64 / 46 58 67 / 55 58 60 -67 / 48 -58 -60 / 55 67 -48 / 53 57 60 63 / 69 -53 -57 -60 / 48 70 / 72 -48 / 53 57 60 74 / 72 -53 -57 -60 <END> 
<S> 48 60 65 69 / 72 -48 -60 -65 / 47 59 68 74 / 77 -47 -59 -68 / 46 58 67 72 76 / 74 -46 -58 -67 -74 / 36 48 76 84 / 60 70 -36 -48 -76 / 41 53 69 72 / 68 -41 -53 / 57 60 65 69 / 81 -57 -60 -65 / 48 60 77 / 81 -48 -60 / 57 60 65 72 / 69 -57 -60 -65 <END> 
<S> 41 53 69 / 72 -41 -53 / 57 60 65 77 / 81 -57 -60 -65 / 48 -81 / 77 -48 / 57 60 65 72 / 69 -57 -60 -65 / 48 72 76 / 58 60 64 70 74 / 53 69 72 / 57 60 65 -69 -72 <END> 
<S> 52 -72 / 69 -52 / 57 60 64 -69 / 64 -57 -60 -64 / 50 67 / 65 -50 / 55 60 64 67 / 69 -55 -60 -64 / 43 71 / 74 -43 / 55 59 62 79 / 83 -55 -59 -62 / 50 62 83 / 83 -50 -62 / 55 59 62 83 / 83 -55 -59 -62 <END> 
<S> 50 62 71 / 74 -50 -62 / 55 59 65 -71 / 67 -55 -59 -65 / 43 55 -67 / 67 -43 -55 / 55 59 65 69 / 71 -55 -59 -65 / 48 72 / 76 -48 / 55 60 64 76 / 72 76 81 -55 -60 -64 / 43 -72 -76 -81 / 55 60 64 72 76 81 <END> 
<S> 48 72 / 76 -48 / 55 60 64 76 / 72 76 81 -55 -60 -64 / 43 -72 -76 -81 / 55 60 64 72 76 81 / 0 48 60 64 72 / 0 72 -48 -60 -64 / 0 52 64 67 79 / 0 67 79 / 0 67 79 <END> 
<S> 0 / 60 64 72 84 / 84 -60 -64 -72 / 0 / 60 84 87 / 80 84 -60 -72 / 68 72 84 / 84 87 -66 / 65 72 84 / 70 72 80 -65 / 0 65 68 74 73 / 0 -65 -68 <END> 
<S> 66 75 78 84 / 87 -66 -75 -78 / 60 63 -66 -72 -78 -78 / 81 -54 -60 -63 -72 / 0 43 55 72 76 79 / 0 55 60 64 72 / 0 72 -55 -60 -64 / 0 41 53 -72 / 0 68 -41 -53 / 0 57 60 65 69 / 0 72 -57 -60 -65 / 45 57 65 76 / 74 -45 -57 -65 / 44 56 65 72 / 69 -44 -56 -65 <END> 
<S> 0 41 53 69 / 68 -41 -53 / 57 60 65 69 / 77 -57 -60 -65 / 48 60 -77 / 72 -48 -60 / 57 60 65 -72 / 74 -57 -60 -65 / 52 64 76 / 79 -52 / 55 60 64 -79 / 76 -55 -60 -64 / 50 72 / 71 -50 / 55 59 65 74 / 71 77 -55 -59 -65 <END> 
<S> 43 55 76 / 67 72 -43 -55 / 55 60 64 -67 -72 / 67 -55 -60 -64 / 43 67 72 / 55 58 60 64 -67 / 72 -55 -58 -60 / 41 53 -72 / 57 60 -72 / 40 52 -72 / 72 76 84 -40 -52 / 41 53 74 77 / 75 79 87 -41 -53 <END> 
<S> 0 48 60 / 0 72 -48 -60 / 0 52 57 60 72 / 0 69 74 77 -52 -57 -60 / 48 -69 -69 -77 / 69 -48 -69 -76 / 52 57 60 64 69 72 / 41 69 72 76 / 57 60 65 69 72 77 81 / 70 72 77 -53 -57 -60 -65 / 41 53 69 72 81 / 71 74 79 -41 -53 / 42 54 60 72 75 84 / 74 81 86 -54 -60 -63 <END> 
<S> 41 53 65 69 72 77 / 48 60 -65 -69 -72 -77 / 45 57 72 -69 / 44 56 65 74 / 77 -44 -56 -65 / 43 55 65 72 / 71 -43 -55 -65 -71 / 55 59 65 71 74 / 48 60 64 76 / 62 65 -76 -48 / 55 64 64 -76 / 67 -55 -64 / 47 59 65 68 / 74 -47 -59 -65 -68 <END> 
<S> 36 48 -67 -72 / 72 -36 -48 / 55 60 64 67 72 / 72 -55 -60 -64 -67 / 43 55 67 72 76 / 55 60 64 -67 -72 -76 / 48 64 67 72 / 55 60 64 68 74 / 76 -55 -60 -64 / 40 52 72 / 79 -40 -52 / 55 58 61 73 / 76 -55 -58 -61 <END> 
<S> 43 55 64 70 / 72 -43 -55 -64 / 58 60 64 67 -64 / 66 69 78 -58 -60 -64 / 41 53 -69 -72 / 57 60 65 -69 -72 / 48 -60 -65 -69 / 53 65 69 77 / 51 67 70 79 / 55 58 63 -67 -75 -79 / 60 70 79 82 -58 -60 -63 <END> 
<S> 0 41 53 65 / 0 68 -41 -53 / 0 57 60 65 69 / 0 72 -57 -60 -65 / 45 57 65 76 / 74 -45 -57 -65 / 44 56 65 72 / 69 -44 -56 -65 / 43 55 64 72 / 55 60 63 69 72 / 64 67 70 -55 -58 -63 / 36 48 -67 -70 / 65 69 -36 -48 / 41 53 57 63 67 / 69 72 -53 -57 -63 <END> 
<S> 48 60 -67 -72 / 67 -48 -60 / 55 60 64 67 / 67 -55 -60 -64 / 46 58 67 / 55 58 60 -67 / 48 -58 -60 / 55 67 -48 / 53 57 60 63 / 69 -53 -57 -60 / 48 70 / 72 -48 / 53 57 60 74 / 72 -53 -57 -60 <END> 
<S> 48 60 65 69 / 72 -48 -60 -65 / 47 59 68 74 / 77 -47 -59 -68 / 46 58 67 72 76 / 74 -46 -58 -67 -74 / 36 48 76 84 / 60 70 -36 -48 -76 / 41 53 69 72 / 68 -41 -53 / 57 60 65 69 / 81 -57 -60 -65 / 48 60 77 / 81 -48 -60 / 57 60 65 72 / 69 -57 -60 -65 <END> 
<S> 41 53 69 / 72 -41 -53 / 57 60 65 77 / 81 -57 -60 -65 / 48 -81 / 77 -48 / 57 60 65 72 / 69 -57 -60 -65 / 48 72 76 / 58 60 64 70 74 / 53 69 72 / 57 60 65 -69 -72 <END> 
<S> 52 -72 / 69 -52 / 57 60 64 -69 / 64 -57 -60 -64 / 50 67 / 65 -50 / 55 60 64 67 / 69 -55 -60 -64 / 43 71 / 74 -43 / 55 59 62 79 / 83 -55 -59 -62 / 50 62 83 / 83 -50 -62 / 55 59 62 83 / 83 -55 -59 -62 <END> 
<S> 50 62 71 / 74 -50 -62 / 55 59 65 -71 / 67 -55 -59 -65 / 43 55 -67 / 67 -43 -55 / 55 59 65 69 / 71 -55 -59 -65 / 48 72 / 76 -48 / 55 60 64 76 / 72 76 81 -55 -60 -64 / 43 -72 -76 -81 / 55 60 64 72 76 81 <END> 
<S> 48 72 / 76 -48 / 55 60 64 76 / 72 76 81 -55 -60 -64 / 43 -72 -76 -81 / 55 60 64 72 76 81 / 0 48 60 64 72 / 0 72 -48 -60 -64 / 0 52 64 67 79 / 0 67 79 / 0 67 79 <END> 
<S> 0 / 60 64 72 84 / 84 -60 -64 -72 / 0 / 60 84 87 / 80 84 -60 -72 / 68 72 84 / 84 87 -66 / 65 72 84 / 70 72 80 -65 / 0 65 68 74 73 / 0 -65 -68 <END> 
<S> 66 75 78 84 / 87 -66 -75 -78 / 60 63 -66 -72 -78 -78 / 81 -54 -60 -63 -72 / 0 43 55 72 76 79 / 0 55 60 64 72 / 0 72 -55 -60 -64 / 0 41 53 -72 / 0 68 -41 -53 / 0 57 60 65 69 / 0 72 -57 -60 -65 / 45 57 65 76 / 74 -45 -57 -65 / 44 56 65 72 / 69 -44 -56 -65 <END> 
<S> 0 41 53 69 / 68 -41 -53 / 57 60 65 69 / 77 -57 -60 -65 / 48 60 -77 / 72 -48 -60 / 57 60 65 -72 / 74 -57 -60 -65 / 52 64 76 / 79 -52 / 55 60 64 -79 / 76 -55 -60 -64 / 50 72 / 71 -50 / 55 59 65 74 / 71 77 -55 -59 -65 <END> 
<S> 43 55 76 / 67 72 -43 -55 / 55 60 64 -67 -72 / 67 -55 -60 -64 / 43 67 72 / 55 58 60 64 -67 / 72 -55 -58 -60 / 41 53 -72 / 57 60 -72 / 40 52 -72 / 72 76 84 -40 -52 / 41 53 74 77 / 75 79 87 -41 -53 <END> 
<S> 0 48 60 / 0 72 -48 -60 / 0 52 57 60 72 / 0 69 74 77 -52 -57 -60 / 48 -69 -69 -77 / 69 -48 -69 -76 / 52 57 60 64 69 72 / 41 69 72 76 / 57 60 65 69 72 77 81 / 70 72 77 -53 -57 -60 -65 / 41 53 69 72 81 / 71 74 79 -41 -53 / 42 54 60 72 75 84 / 74 81 86 -54 -60 -63 <END> 
<S> 41 53 65 69 72 77 / 48 60 -65 -69 -72 -77 / 45 57 72 -69 / 44 56 65 74 / 77 -44 -56 -65 / 43 55 65 72 / 71 -43 -55 -65 -71 / 55 59 65 71 74 / 48 60 64 76 / 62 65 -76 -48 / 55 64 64 -76 / 67 -55 -64 / 47 59 65 68 / 74 -47 -59 -65 -68 <END> 
<S> 36 48 -67 -72 / 72 -36 -48 / 55 60 64 67 72 / 72 -55 -60 -64 -67 / 43 55 67 72 76 / 55 60 64 -67 -72 -76 / 48 64 67 72 / 55 60 64 68 74 / 76 -55 -60 -64 / 40 52 72 / 79 -40 -52 / 55 58 61 73 / 76 -55 -58 -61 <END> 
<S> 43 55 64 70 / 72 -43 -55 -64 / 58 60 64 67 -64 / 66 69 78 -58 -60 -64 / 41 53 -69 -72 / 57 60 65 -69 -72 / 48 -60 -65 -69 / 53 65 69 77 / 51 67 70 79 / 55 58 63 -67 -75 -79 / 60 70 79 82 -58 -60 -63 <END> 
<S> 0 41 53 65 / 0 68 -41 -53 / 0 57 60 65 69 / 0 72 -57 -60 -65 / 45 57 65 76 / 74 -45 -57 -65 / 44 56 65 72 / 69 -44 -56 -65 / 43 55 64 72 / 55 60 63 69 72 / 64 67 70 -55 -58 -63 / 36 48 -67 -70 / 65 69 -36 -48 / 41 53 57 63 67 / 69 72 -53 -57 -63 <END> 
<S> 48 60 -67 -72 / 67 -48 -60 / 55 60 64 67 / 67 -55 -60 -64 / 46 58 67 / 55 58 60 -67 / 48 -58 -60 / 55 67 -48 / 53 57 60 63 / 69 -53 -57 -60 / 48 70 / 72 -48 / 53 57 60 74 / 72 -53 -57 -60 <END> 
<S> 48 60 65 69 / 72 -48 -60 -65 / 47 59 68 74 / 77 -47 -59 -68 / 46 58 67 72 76 / 74 -46 -58 -67 -74 / 36 48 76 84 / 60 70 -36 -48 -76 / 41 53 69 72 / 68 -41 -53 / 57 60 65 69 / 81 -57 -60 -65 / 48 60 77 / 81 -48 -60 / 57 60 65 72 / 69 -57 -60 -65 <END> 
<S> 41 53 69 / 72 -41 -53 / 57 60 65 77 / 81 -57 -60 -65 / 48 -81 / 77 -48 / 57 60 65 72 / 69 -57 -60 -65 / 48 72 76 / 58 60 64 70 74 / 53 69 72 / 57 60 65 -69 -72 <END> 
<S> 52 -72 / 69 -52 / 57 60 64 -69 / 64 -57 -60 -64 / 50 67 / 65 -50 / 55 60 64 67 / 69 -55 -60 -64 / 43 71 / 74 -43 / 55 59 62 79 / 83 -55 -59 -62 / 50 62 83 / 83 -50 -62 / 55 59 62 83 / 83 -55 -59 -62 <END> 
<S> 50 62 71 / 74 -50 -62 / 55 59 65 -71 / 67 -55 -59 -65 / 43 55 -67 / 67 -43 -55 / 55 59 65 69 / 71 -55 -59 -65 / 48 72 / 76 -48 / 55 60 64 76 / 72 76 81 -55 -60 -64 / 43 -72 -76 -81 / 55 60 64 72 76 81 <END> 
<S> 48 72 / 76 -48 / 55 60 64 76 / 72 76 81 -55 -60 -64 / 43 -72 -76 -81 / 55 60 64 72 76 81 / 0 48 60 64 72 / 0 72 -48 -60 -64 / 0 52 64 67 79 / 0 67 79 / 0 67 79 <END> 
<S> 0 / 60 64 72 84 / 84 -60 -64 -72 / 0 / 60 84 87 / 80 84 -60 -72 / 68 72 84 / 84 87 -66 / 65 72 84 / 70 72 80 -65 / 0 65 68 74 73 / 0 -65 -68 <END> 
<S> 66 75 78 84 / 87 -66 -75 -78 / 60 63 -66 -72 -78 -78 / 81 -54 -60 -63 -72 / 0 43 55 72 76 79 / 0 55 60 64 72 / 0 72 -55 -60 -64 / 0 41 53 -72 / 0 68 -41 -53 / 0 57 60 65 69 / 0 72 -57 -60 -65 / 45 57 65 76 / 74 -45 -57 -65 / 44 56 65 72 / 69 -44 -56 -65 <END> 
<S> 0 41 53 69 / 68 -41 -53 / 57 60 65 69 / 77 -57 -60 -65 / 48 60 -77 / 72 -48 -60 / 57 60 65 -72 / 74 -57 -60 -65 / 52 64 76 / 79 -52 / 55 60 64 -79 / 76 -55 -60 -64 / 50 72 / 71 -50 / 55 59 65 74 / 71 77 -55 -59 -65 <END> 
<S> 43 55 76 / 67 72 -43 -55 / 55 60 64 -67 -72 / 67 -55 -60 -64 / 43 67 72 / 55 58 60 64 -67 / 72 -55 -58 -60 / 41 53 -72 / 57 60 -72 / 40 52 -72 / 72 76 84 -40 -52 / 41 53 74 77 / 75 79 87 -41 -53 <END> 
<S> 0 48 60 / 0 72 -48 -60 / 0 52 57 60 72 / 0 69 74 77 -52 -57 -60 / 48 -69 -69 -77 / 69 -48 -69 -76 / 52 57 60 64 69 72 / 41 69 72 76 / 57 60 65 69 72 77 81 / 70 72 77 -53 -57 -60 -65 / 41 53 69 72 81 / 71 74 79 -41 -53 / 42 54 60 72 75 84 / 74 81 86 -54 -60 -63 <END> 
<S> 41 53 65 69 72 77 / 48 60 -65 -69 -72 -77 / 45 57 72 -69 / 44 56 65 74 / 77 -44 -56 -65 / 43 55 65 72 / 71 -43 -55 -65 -71 / 55 59 65 71 74 / 48 60 64 76 / 62 65 -76 -48 / 55 64 64 -76 / 67 -55 -64 / 47 59 65 68 / 74 -47 -59 -65 -68 <END> 
<S> 36 48 -67 -72 / 72 -36 -48 / 55 60 64 67 72 / 72 -55 -60 -64 -67 / 43 55 67 72 76 / 55 60 64 -67 -72 -76 / 48 64 67 72 / 55 60 64 68 74 / 76 -55 -60 -64 / 40 52 72 / 79 -40 -52 / 55 58 61 73 / 76 -55 -58 -61 <END> 
<S> 43 55 64 70 / 72 -43 -55 -64 / 58 60 64 67 -64 / 66 69 78 -58 -60 -64 / 41 53 -69 -72 / 57 60 65 -69 -72 / 48 -60 -65 -69 / 53 65 69 77 / 51 67 70 79 / 55 58 63 -67 -75 -79 / 60 70 79 82 -58 -60 -63 <END> 
<S> 0 41 53 65 / 0 68 -41 -53 / 0 57 60 65 69 / 0 72 -57 -60 -65 / 45 57 65 76 / 74 -45 -57 -65 / 44 56 65 72 / 69 -44 -56 -65 / 43 55 64 72 / 55 60 63 69 72 / 64 67 70 -55 -58 -63 / 36 48 -67 -70 / 65 69 -36 -48 / 41 53 57 63 67 / 69 72 -53 -57 -63 <END> 
<S> 48 60 -67 -72 / 67 -48 -60 / 55 60 64 67 / 67 -55 -60 -64 / 46 58 67 / 55 58 60 -67 / 48 -58 -60 / 55 67 -48 / 53 57 60 63 / 69 -53 -57 -60 / 48 70 / 72 -48 / 53 57 60 74 / 72 -53 -57 -60 <END> 
<S> 48 60 65 69 / 72 -48 -60 -65 / 47 59 68 74 / 77 -47 -59 -68 / 46 58 67 72 76 / 74 -46 -58 -67 -74 / 36 48 76 84 / 60 70 -36 -48 -76 / 41 53 69 72 / 68 -41 -53 / 57 60 65 69 / 81 -57 -60 -65 / 48 60 77 / 81 -48 -60 / 57 60 65 72 / 69 -57 -60 -65 <END> 
