<S> 62 74 / 65 77 / 58 70 / 62 74 / 55 67 / 57 69 / 58 70 / 50 62 / -50 -62 <END> 
<S> 55 67 / 54 66 / 55 67 / 57 69 / 59 71 / 60 72 / 62 74 / 61 64 76 / 62 65 68 / 45 67 / 69 -45 / 57 61 67 71 / 69 -57 -61 -67 <END> 
<S> 45 57 66 72 / 74 -45 -57 -66 / 38 50 65 69 / 67 70 -38 -50 / 43 55 -67 -70 / 72 -43 -55 -67 / 41 53 67 71 / 67 -41 -53 -65 / 43 55 65 69 / 67 70 -43 -55 / 55 58 60 64 -67 -70 / 72 -55 -58 -64 -67 / 41 53 74 / 72 -41 -53 / 42 54 -72 / 72 -42 -54 <END> 
<S> 0 43 55 / 70 -43 -55 / 55 58 62 67 / 69 -55 -58 -62 / 50 62 67 / 70 -50 -62 / 55 59 62 67 / 79 -55 -59 -62 / 50 62 67 / 71 -50 -62 / 55 59 65 71 / 67 71 74 79 -55 -59 / 43 55 -67 -71 -74 -79 / 67 79 -43 -55 / 55 59 65 67 71 74 / 72 76 -55 -59 -65 / 48 -72 -76 / 72 -48 / 55 57 -72 76 / 72 76 81 -55 / 
<S> 43 55 71 76 / 67 71 -43 -55 / 50 55 59 -67 -71 / 67 71 -50 -55 -59 / 50 55 59 -67 -71 / 65 71 -50 -55 -59 / 0 53 65 / 0 67 -53 -60 / 0 48 60 / 0 53 -48 -60 / 0 52 55 60 64 / 0 48 52 55 58 64 / -48 -52 -55 -58 -64 / 67 -48 -55 -58 -64 / 69 -48 -55 -58 -64 <END> 
<S> 48 60 65 / 67 -48 -60 / 53 57 63 72 / 69 72 77 -53 -57 -63 / 41 53 -72 -75 / 74 -41 -53 / 53 57 63 67 72 / 69 -53 -57 -63 / 46 58 70 / 41 53 65 74 / 43 55 -65 -70 -74 / 45 57 -65 -70 -74 / 46 58 70 / 82 -46 -58 -70 / 55 58 62 -70 -70 / 78 -55 -58 -62 -70 / 38 50 70 / 79 -38 -50 / 39 51 -70 -79 / 77 -39 
<S> 46 58 62 70 / 41 53 -62 -70 / 43 55 -62 -70 / -43 -55 -62 -70 / 41 53 -62 -70 / 38 50 -62 -70 / 36 48 -62 -70 / 34 46 70 -62 / 0 / 41 53 65 77 / 69 72 -41 -53 -65 / 42 54 63 69 72 / 69 72 -42 -54 -63 / 41 -69 -72 / 69 -41 / 53 57 63 67 73 <END> 
<S> 41 53 65 / 67 -41 -53 / 53 58 62 69 / 70 -53 -58 -62 / 46 58 70 / 82 -46 -58 / 53 58 62 77 / 73 -53 -58 -62 / 50 62 65 / 70 -50 -62 / 53 58 62 74 / 65 -53 -58 -62 / 53 55 62 64 / 65 -53 -58 -62 / 41 53 65 / 53 -41 -53 -65 / 50 -41 -53 / 65 -41 -53 / 53 58 62 65 69 / 64 68 -41 -53 -62 <END> 
<S> 50 62 65 77 / 70 74 -50 -62 / 53 58 62 67 79 / 65 77 -53 -58 -62 / 41 -65 -77 / 74 -41 / 55 59 62 65 / 67 -55 -59 -62 / 0 48 60 / 65 -48 -60 / 51 56 60 68 / 72 -51 -56 -60 / 39 51 75 / 68 77 -39 -51 / 51 56 60 70 -68 / 71 -51 -56 -60 <END> 
<S> 0 48 60 / 64 -48 -60 / 48 60 67 / 72 -48 -60 / 51 55 -72 / 67 72 76 -55 / 0 67 / 55 67 76 79 / 55 -67 -71 -76 / 79 -67 -55 / 45 57 / 72 -45 / 43 55 70 / 73 -43 -55 <END> 
<S> 43 55 67 71 76 / 66 71 74 -43 -55 / 50 55 59 -67 -71 -74 / 60 76 79 -55 -59 / 38 50 -71 -79 / 74 -38 -50 / 55 59 62 74 / 71 -55 -59 -62 / 0 43 / 67 74 -43 / 50 55 59 -67 -71 -74 / 38 71 -55 -59 <END> 
<S> 43 55 70 76 / 71 74 -43 -55 / 50 55 59 -71 -74 / 74 79 -50 -55 -59 / 38 50 -74 -79 / 73 79 -38 -50 / 50 55 59 74 / 78 -50 -55 -59 / 38 50 71 / 78 -38 -50 / 39 51 78 / 81 -39 -51 -78 <END> 
<S> 50 62 71 74 / 74 -50 -62 / 55 59 65 -74 / 78 -55 -59 -65 / 43 55 71 / 74 -43 -55 / 55 59 65 77 / 69 81 -55 -59 -65 / 48 60 72 / 67 -48 -60 / 55 60 64 68 / 69 -55 -60 -64 / 40 52 67 72 / 79 -40 -52 / 55 58 64 67 / 76 -55 -58 -64 <END> 
<S> 48 60 72 / 67 -48 -60 / 55 60 64 68 / 69 -55 -60 -64 / 52 67 / 55 64 70 -52 / 55 60 64 -67 -70 / 72 -55 -60 -64 / 48 60 -72 / 67 -48 -60 / 55 60 64 67 / 76 -55 -60 -64 <END> 
<S> 0 / 60 64 70 74 / 72 -42 -60 -64 / 48 60 64 76 / 67 72 76 79 -48 -60 / 58 60 64 -67 -72 -76 -79 / 72 76 79 84 -60 -64 / 48 60 76 82 88 / 77 81 84 -48 -60 / 43 55 -76 -81 -84 / 76 -43 -55 / 48 60 64 72 / 72 77 81 -60 -64 / 45 57 -72 -76 / 76 82 84 -45 -57 / 57 60 65 74 80 86 / 72 84 -45 -57 -60 -65 <END> 
<S> 48 60 76 / 72 76 84 -48 -60 -64 / 55 60 64 74 86 / 76 83 -55 -60 -64 / 36 48 76 -76 / 72 76 79 -36 -48 / 55 60 64 76 80 / 72 76 79 -55 -60 -64 / 43 55 -76 -79 / 76 88 -43 -55 / 55 60 64 81 / 76 -55 -60 -64 / 40 52 76 / 79 -40 -52 / 55 60 64 76 / 76 -55 -60 -64 <END> 
<S> 43 55 76 88 / 76 88 -43 -55 / 55 60 64 76 / 67 76 79 -55 -60 -64 / 52 64 -67 -79 / 79 -52 / 49 61 76 / 79 -49 -61 / 50 62 77 / 76 -50 -62 / 55 59 65 77 / 79 -55 -59 -65 / 43 55 -79 / 81 -43 -55 / 55 59 65 79 / 77 -55 -59 -65 <END> 
<S> 50 62 77 / 76 -50 -62 / 55 59 65 77 / 79 -55 -59 -65 / 43 55 -79 / 81 -43 -55 / 55 59 65 79 / 77 -55 -59 -65 / 48 60 76 / 75 -48 -60 / 55 60 64 76 / 72 -55 -60 -64 / 52 64 / 68 -52 / 49 61 69 / 50 -49 <END> 
<S> 48 60 76 / 75 -48 -60 / 55 60 64 76 / 72 -55 -60 -64 / 52 64 / 72 -52 -64 / 55 60 64 74 / 64 -55 -60 -64 / 53 57 60 65 69 72 77 / 53 72 77 79 / 54 72 75 78 <END> 
<S> 41 53 69 / 72 -41 -53 / 57 60 65 77 / 81 -57 -60 -65 / 48 -81 / 77 -48 / 57 60 65 72 / 69 -57 -60 -65 / 48 72 76 / 58 60 64 70 74 -48 / 53 69 72 / 57 60 65 -53 <END> 
<S> 52 69 / 81 -52 / 57 60 64 81 / 64 76 -57 -60 / 45 -69 -76 / 82 -45 / 53 57 61 81 / 69 -53 -57 -61 / 50 62 70 / 74 -50 -62 / 53 58 62 74 / 70 -53 -58 -62 / 43 71 / 74 -43 / 55 59 62 -74 / 83 -55 -59 -62 <END> 
<S> 46 58 70 74 / 53 58 62 -70 -74 / 50 62 70 77 / 49 61 -70 -79 / 48 60 70 82 / 72 84 -48 -60 / 53 57 63 -72 -84 / 72 75 84 -53 -57 -63 / 41 -72 -75 / 82 -41 -69 -72 / 53 57 63 77 89 / 75 -53 -57 -63 <END> 
<S> 48 72 75 / 77 -48 -60 / 53 57 63 72 / 72 -53 -57 -63 / 41 74 / 53 57 63 75 / 46 58 70 / 74 -46 -58 / 44 56 72 / 77 -44 -56 / 43 55 75 / 77 -43 -55 / 41 53 75 / 75 -41 <END> 
<S> 39 51 -70 -82 / 75 -39 -51 / 55 58 63 72 / 75 -55 -58 -63 / 43 55 70 / 72 -43 -55 / 42 54 70 / 73 -42 -54 / 41 53 70 / 79 -41 -53 / 58 62 65 77 / 74 -58 -62 -65 / 46 58 79 / 82 -46 / 58 62 68 77 / 80 -58 -62 -68 <END> 
<S> 50 62 65 77 / 70 74 -50 -62 / 53 58 62 67 79 / 70 74 79 -53 -58 -62 / 46 58 -70 -74 -79 / 78 -46 -58 / 56 58 62 77 / 75 78 -56 -58 -62 / 51 55 58 -75 -79 / 78 -51 -55 -58 -63 / 39 51 75 / 79 82 -39 -51 / 55 58 63 -75 -79 / 75 -55 -58 -63 / 51 55 70 82 / 72 75 -51 -55 / 42 54 70 73 / 72 -42 -54 <END> 
<S> 39 51 79 82 / 82 -39 -51 / 55 58 63 81 / 79 82 -55 -58 -63 / 46 58 -79 -82 / 75 81 -46 -58 / 55 58 63 -75 -81 / 75 81 -55 -58 -63 / 39 51 70 79 82 / 72 -39 -51 / 55 58 63 70 / 75 -55 -58 -63 / 46 58 -70 / 67 -46 -58 / 55 58 63 65 / 46 58 63 67 / 39 51 63 75 / 67 70 -51 -55 <END> 
<S> 43 55 70 82 / 75 81 -43 -55 -70 / 55 58 63 79 -70 / 75 -55 -58 -63 -70 / 43 55 70 / 72 -43 -55 / 42 54 70 / 73 -42 -54 / 41 53 74 / 80 84 -41 -53 / 58 62 68 -80 -84 / 74 -58 -62 -68 / 46 80 84 / 58 62 68 -80 -84 / 70 -58 -62 -68 / 46 58 72 / 79 -46 -58 / 58 61 67 -73 -79 / 82 -58 -61 -67 <END> 
<S> 41 53 70 74 82 / 56 58 62 -70 -74 -82 / 72 84 -56 -58 -62 / 46 74 82 / 76 84 -46 / 56 58 62 82 / 74 80 84 -56 -58 -62 / 39 51 -75 -80 / 79 82 -39 -51 / 58 63 67 -79 -82 / 76 82 -58 -63 -67 / 43 55 -82 / 72 75 84 / 58 60 64 -72 -76 -82 / 72 -58 -60 -64 <END> 
<S> 39 51 75 79 82 / 77 80 -39 -51 / 55 58 63 75 79 / 72 75 -55 -58 -63 / 39 51 -72 -75 / 72 -39 -51 / 40 52 70 73 / 72 -40 -52 / 41 53 57 69 72 77 / 0 70 / 0 72 / 0 74 / 0 76 / 0 77 <END> 
<S> 41 53 65 69 / 72 -41 -53 -65 / 42 54 60 69 / 72 -42 -54 -60 / 43 55 -60 / 67 76 / 0 66 / 55 67 / 57 69 / 71 79 / -57 -67 -71 / 74 79 / 57 62 77 81 / 55 -74 -77 -81 / 57 62 -71 -74 -79 / 0 45 57 <END> 
<S> 55 59 65 67 / 74 -55 -59 -65 / 55 59 65 -74 / 79 -55 -59 -65 / 55 59 65 / -79 -55 -59 -65 / 48 60 64 76 / 67 72 -48 -64 / 52 55 60 -64 -67 -72 / 68 -52 -55 -60 / 48 67 / 76 -48 / 52 55 60 -76 / 67 -52 -55 -60 <END> 
<S> 48 60 64 72 / 67 -48 -60 -64 / 52 67 -60 -64 / 67 76 -52 / -60 -64 -67 / 0 / 48 64 76 / 0 / 64 69 / 64 67 / 63 66 / 64 69 / 60 69 <END> 
<S> 52 64 / 71 -52 / 54 57 60 72 / 74 -54 -57 -60 / 38 50 74 / 78 -38 -50 / 54 60 62 72 / 69 81 -54 -60 -62 / 38 50 -78 / 72 -38 -50 / 0 60 62 66 -66 -72 / <END> 
<S> 50 62 71 74 83 / 55 59 62 -71 -74 / 83 -55 -59 -62 -71 / 47 59 86 / 83 88 / 55 59 65 74 86 / 77 81 -55 -59 -65 / 43 55 71 77 81 / 79 -43 -55 / 55 59 65 74 / 76 79 -55 -59 -65 / 48 60 72 -79 / 77 81 -48 -60 / 55 60 64 79 -72 -84 <END> 
<S> 50 62 77 / 81 -50 -62 / 55 59 65 83 / 81 -55 -59 -65 / 43 55 -81 / 81 -43 -55 / 55 59 65 79 / 77 -55 -59 -65 / 48 60 76 / 75 -48 -60 / 55 60 64 76 / 72 -55 -60 -64 / 52 64 / 76 -52 / 55 60 64 68 / 72 -55 -60 -64 <END> 
<S> 48 60 76 / 75 -48 -60 / 55 60 64 76 / 72 -55 -60 -64 / 52 64 / 72 -52 / 55 60 64 70 / 64 -55 -60 -64 / 53 65 69 / 67 70 -53 / 57 60 65 72 / 70 -53 -57 -60 / 48 70 74 / 72 -48 -70 / 53 57 60 74 / 72 -53 -57 -60 <END> 
<S> 41 53 65 / 67 -41 -53 / 53 57 62 69 / 74 86 -53 -57 -62 / 40 -74 -77 / 76 -40 / 53 57 62 72 / 74 -53 -57 -62 / 41 -74 / 70 74 / 53 58 62 72 / 74 77 -53 -58 -62 / 43 55 70 72 / 72 -43 -55 / 55 58 64 74 / 64 -55 -58 <END> 
<S> 46 58 70 74 / 53 58 62 82 / 79 -53 -58 -62 / 41 -79 / 77 -41 / 53 58 62 70 / 74 -53 -58 -62 / 46 77 / 82 -46 / 53 58 62 86 / 77 89 -53 -58 -62 / 41 -77 -89 / 86 -41 / 53 58 62 82 / 82 -53 -58 -62 <END> 
<S> 46 74 77 / 70 74 82 -46 / 53 58 62 -70 -74 -82 / 70 74 79 -53 -58 -62 / 41 -70 -74 -79 / 74 -41 / 53 58 62 77 / 70 82 -53 -58 -62 / 48 69 75 / 81 -48 -69 / 53 57 63 75 79 / 72 75 -53 -57 -63 / 41 -69 -72 / 74 -41 -69 / 53 57 63 75 -69 / 77 -53 -57 -63 <END> 
<S> 48 69 75 79 / 77 -48 -69 -77 / 53 57 63 72 75 / 69 75 -53 -57 -63 / 41 -69 -75 / 68 -41 -69 / 53 57 63 69 -69 / 40 52 70 / 48 55 58 72 / 74 -48 -55 -58 / 48 69 75 / 57 65 69 -48 / 60 -57 -65 -69 / 72 -57 -60 -65 <END> 
<S> 0 43 55 / 64 -43 -55 / 44 56 60 64 / 72 -44 -56 -60 / 44 56 -72 / 80 -44 -56 / 51 56 60 68 / 72 -51 -56 -60 / 39 51 75 / 68 -39 -51 / 51 56 60 70 / 72 -51 -56 -60 / 39 51 -72 -75 / 80 -39 -51 / 51 56 60 -80 / 72 -51 -56 -60 <END> 
<S> 39 51 -70 -73 / 72 -39 -51 / 51 56 60 70 / 72 -51 -56 -60 / 44 56 72 / 77 -44 -56 / 51 56 60 68 72 / 39 51 72 / 51 56 60 72 / 68 80 -51 -56 -60 / 44 56 68 72 / 65 71 -44 -56 / 56 60 -65 -71 -77 / 72 -56 -60 -65 / 44 56 -72 / 80 -44 -56 / 56 60 65 77 / 75 -56 -60 -65 <END> 
<S> 44 56 60 72 / 72 -44 -56 -60 / 44 56 -72 / 72 -44 -56 / 43 55 70 / 72 -43 -55 / 39 51 70 / 75 -39 -51 / 41 53 70 / 75 -41 -53 / 43 55 70 / 72 -43 -55 / 45 57 70 / 67 -45 -57 / 46 58 -67 / 65 70 -46 -58 / 53 55 58 -65 / 70 -53 -55 -58 / 43 55 67 / 64 -43 -55 <END> 
<S> 46 58 70 / 72 -46 -58 / 51 55 58 61 67 / 67 70 -55 -58 -61 / 46 58 -67 -70 / 75 -46 -58 / 51 55 61 67 / 70 -51 -55 -61 / 39 51 70 / 82 -39 -51 / 51 55 61 -82 / 72 -51 -55 -61 / 39 51 73 / 82 -39 -51 / 51 55 61 -82 / 72 -51 -55 -61 / 39 51 73 / 82 -39 -51 / 51 55 61 -82 / 72 -51 -55 -61 <END> 
<S> 39 51 75 / 78 -39 -51 / 58 63 67 79 / 75 -58 -63 -67 / 39 51 72 / 74 82 -39 -51 / 58 63 67 72 75 / 70 82 -58 -63 / 51 63 -70 -82 / 75 -51 -63 -75 / 55 59 65 -75 -75 / 51 -55 -59 -67 -75 / 0 52 67 / 0 53 58 62 71 / 0 70 -53 -58 -62 <END> 
<S> 39 51 70 82 / 75 -39 -51 / 58 63 67 79 / 70 82 -58 -63 -67 / 39 51 -70 -82 / 72 75 -39 -51 / 43 55 70 73 / 72 75 -43 -55 / 42 54 -72 -75 / 75 -42 -54 / 41 53 76 / 75 87 -41 / 53 58 63 75 79 / 72 77 -53 -58 -63 / 46 -72 -77 / 70 82 -46 / 53 58 62 -70 -74 / 77 -53 -58 -62 / 41 81 / 53 58 62 <END> 
<S> 41 53 70 82 / 81 -41 -53 -70 / 42 54 70 82 / 78 -42 -54 -70 / 41 -70 -81 / 75 79 -41 / 53 58 63 77 / 75 -53 -58 -63 / 46 70 / 72 -46 / 53 58 63 75 / 79 -53 -58 -63 / 41 -79 / 77 -41 / 53 58 62 77 / 70 -53 -58 -62 <END> 
<S> 46 58 74 77 / 70 82 -46 -58 / 53 58 62 -70 -82 / 76 -53 -58 -62 -70 / 41 72 / 74 -41 / 53 58 62 70 / 65 -53 -58 -62 / 48 64 / 72 -48 / 52 55 60 -72 / 64 -52 -55 -60 / 43 67 / 69 -43 / 50 55 59 70 / 62 -50 -55 -59 <END> 
<S> 48 60 65 69 / 67 -48 -60 -65 / 57 61 65 69 / 60 64 67 -57 -60 / 36 48 70 -60 / 64 -36 -48 / 58 60 64 67 / 66 -58 -60 -64 / 52 57 60 69 / 76 -52 -57 -60 / 53 57 60 72 / 69 -53 -57 -60 / 40 52 72 / 72 -45 -57 / 55 60 64 76 / 67 -55 -60 -64 <END> 
<S> 0 41 53 / 65 -41 -53 / 53 57 62 65 / 69 -53 -57 -62 / 41 53 -69 / 67 -41 -53 / 53 57 63 69 / 65 -53 -57 -63 / 46 58 70 / 72 -46 -58 / 53 58 62 74 / 70 -53 -58 -62 / 41 74 / 77 -41 / 53 58 62 -77 / 79 -53 -58 -62 <END> 
<S> 46 58 70 74 / 53 58 62 73 / 70 74 -53 -58 -62 / 41 53 -70 -74 / 70 -41 -53 / 53 58 62 72 / 74 -53 -58 -62 / 39 51 75 / 78 -39 -51 / 55 58 63 79 / 75 -55 -58 -63 / 43 55 70 / 72 -43 -55 / 42 54 70 / 73 -42 -54 <END> 
<S> 39 51 70 / 72 -39 -51 / 41 53 70 / 67 -41 -53 / 43 55 70 / 72 -43 -55 / 45 57 70 / 67 -45 -57 / 46 58 70 / 65 74 -46 -58 / 53 58 62 -65 -74 / 70 -53 -58 -62 / 43 65 74 / 53 55 59 -65 -74 <END> 
<S> 46 58 70 / 65 74 -46 -58 / 53 58 62 -65 -74 / 70 -53 -58 -62 / 43 65 67 / 74 -43 -67 / 55 59 62 -67 -74 / 71 -55 -59 -62 / 48 67 / 72 -48 / 55 60 64 -72 / 67 -55 -60 -64 / 43 67 / 69 -43 / 55 58 63 67 / 75 -55 -58 -63 <END> 
<S> 48 60 64 72 / 67 -48 -60 -64 / 52 55 60 -64 -67 / 64 72 -52 -55 -60 / 48 60 -64 -67 / 67 -48 -60 -64 / 52 55 60 -63 -67 / 67 -52 -55 -60 / 48 60 65 / 67 -48 -60 / 53 57 60 68 / 69 72 77 -57 -60 -63 / 48 60 -72 -77 -81 / 67 -48 -60 / 56 60 65 69 72 77 <END> 
<S> 48 60 65 / 67 -48 -60 / 53 57 63 72 / 69 72 77 -53 -57 -63 / 41 53 -72 -75 / 74 -41 -53 / 53 57 63 67 72 / 69 -53 -57 -63 / 46 58 70 / 41 53 65 74 / 43 55 -65 -70 -74 / 45 57 -65 -70 -74 <END> 
<S> 46 58 70 74 / 53 58 62 73 / 70 74 -53 -58 -62 / 41 53 -70 -74 / 70 -41 -53 / 53 58 62 72 / 74 -53 -58 -62 / 39 51 75 / 78 -39 -51 / 55 58 63 79 / 75 -55 -58 -63 / 43 55 70 / 72 -43 -55 / 42 54 70 / 73 -42 -54 <END> 
<S> 39 51 70 / 72 -39 -51 / 41 53 70 / 67 -41 -53 / 43 55 70 / 72 -43 -55 / 45 57 70 / 67 -45 -57 / 46 58 70 / 65 74 -46 -58 / 53 58 62 -65 -74 / 70 -53 -58 -62 / 43 65 74 / 53 55 59 -65 -74 <END> 
<S> 46 58 70 / 65 74 -46 -58 / 53 58 62 -65 -74 / 70 -53 -58 -62 / 43 65 67 / 74 -43 -67 / 55 59 62 -67 -74 / 71 -55 -59 -62 / 48 67 / 72 -48 / 55 60 64 -72 / 67 -55 -60 -64 / 43 67 / 69 -43 / 55 58 63 67 / 75 -55 -58 -63 <END> 
<S> 48 60 64 72 / 67 -48 -60 -64 / 52 55 60 -64 -67 / 64 72 -52 -55 -60 / 48 60 -64 -67 / 67 -48 -60 -64 / 52 55 60 -63 -67 / 67 -52 -55 -60 / 48 60 65 / 67 -48 -60 / 53 57 60 68 / 69 72 77 -57 -60 -63 / 48 60 -72 -77 -81 / 67 -48 -60 / 56 60 65 69 72 77 <END> 
<S> 48 60 65 / 67 -48 -60 / 53 57 63 72 / 69 72 77 -53 -57 -63 / 41 53 -72 -75 / 74 -41 -53 / 53 57 63 67 72 / 69 -53 -57 -63 / 46 58 70 / 41 53 65 74 / 43 55 -65 -70 -74 / 45 57 -65 -70 -74 <END> 
<S> 46 58 70 74 / 53 58 62 73 / 70 74 -53 -58 -62 / 41 53 -70 -74 / 70 -41 -53 / 53 58 62 72 / 74 -53 -58 -62 / 39 51 75 / 78 -39 -51 / 55 58 63 79 / 75 -55 -58 -63 / 43 55 70 / 72 -43 -55 / 42 54 70 / 73 -42 -54 <END> 
<S> 39 51 70 / 72 -39 -51 / 41 53 70 / 67 -41 -53 / 43 55 70 / 72 -43 -55 / 45 57 70 / 67 -45 -57 / 46 58 70 / 65 74 -46 -58 / 53 58 62 -65 -74 / 70 -53 -58 -62 / 43 65 74 / 53 55 59 -65 -74 <END> 
<S> 46 58 70 / 65 74 -46 -58 / 53 58 62 -65 -74 / 70 -53 -58 -62 / 43 65 67 / 74 -43 -67 / 55 59 62 -67 -74 / 71 -55 -59 -62 / 48 67 / 72 -48 / 55 60 64 -72 / 67 -55 -60 -64 / 43 67 / 69 -43 / 55 58 63 67 / 75 -55 -58 -63 <END> 
<S> 48 60 64 72 / 67 -48 -60 -64 / 52 55 60 -64 -67 / 64 72 -52 -55 -60 / 48 60 -64 -67 / 67 -48 -60 -64 / 52 55 60 -63 -67 / 67 -52 -55 -60 / 48 60 65 / 67 -48 -60 / 53 57 60 68 / 69 72 77 -57 -60 -63 / 48 60 -72 -77 -81 / 67 -48 -60 / 56 60 65 69 72 77 <END> 
<S> 48 60 65 / 67 -48 -60 / 53 57 63 72 / 69 72 77 -53 -57 -63 / 41 53 -72 -75 / 74 -41 -53 / 53 57 63 67 72 / 69 -53 -57 -63 / 46 58 70 / 41 53 65 74 / 43 55 -65 -70 -74 / 45 57 -65 -70 -74 <END> 
<S> 46 58 70 74 / 53 58 62 73 / 70 74 -53 -58 -62 / 41 53 -70 -74 / 70 -41 -53 / 53 58 62 72 / 74 -53 -58 -62 / 39 51 75 / 78 -39 -51 / 55 58 63 79 / 75 -55 -58 -63 / 43 55 70 / 72 -43 -55 / 42 54 70 / 73 -42 -54 <END> 
