<S> 53 65 / 65 77 / 61 73 / 62 74 / 60 72 / 58 70 / 50 62 / 51 63 / 52 64 <END> 
<S> 53 65 / 56 68 / 51 63 / 52 64 / 53 65 / 50 62 / 53 56 62 65 77 -53 -56 -59 / 0 53 57 60 63 / 0 65 -53 -57 -60 -63 <END> 
<S> 41 53 65 / 67 -41 -53 / 53 57 62 69 / 65 -53 -57 -62 / 46 58 -65 / 64 -46 -58 / 53 58 62 65 / 70 -53 -58 -62 / 41 53 -70 / 65 -41 -53 / 41 53 62 77 / 65 -41 -53 <END> 
<S> 41 53 70 / 74 -41 -53 / 56 58 62 -74 / 72 -56 -58 -62 / 46 58 / 67 -46 / 56 58 62 68 / 74 -56 -58 -62 / 46 58 -74 / 79 -46 / 56 58 62 82 / 74 80 -58 -62 -68 / 39 51 75 79 / 77 80 -39 -51 / 55 58 63 79 82 / 75 79 -55 -58 -63 <END> 
<S> 46 58 67 75 79 / 70 82 -46 -58 -67 / 39 51 72 84 / 74 -39 -51 / 39 51 72 / 74 -39 -51 / 51 55 61 73 / 70 82 -51 -55 -61 / 39 51 70 82 / 72 -39 -51 / 51 55 61 73 / 70 -51 -55 -61 / 39 51 72 / 73 -39 -51 / 51 55 61 67 / 70 -51 -55 -61 <END> 
<S> 39 51 75 / 67 79 -39 -51 / 55 58 63 -79 -67 / 67 70 -55 -58 -63 / 43 -67 -70 / 72 -43 / 55 58 63 67 / 67 -55 -58 -63 / 46 67 / 53 58 62 70 / 46 70 74 / 53 58 62 70 / 79 -53 -58 -62 <END> 
<S> 46 58 70 74 / 72 -46 -58 / 53 58 62 74 / 73 -53 -58 -62 / 41 74 / 77 -41 / 53 58 62 70 / 74 -53 -58 -62 / 46 70 / 82 -46 / 53 58 62 77 / 74 -53 -58 -62 / 50 62 77 / 49 61 70 82 <END> 
<S> 46 58 74 / 73 -46 -58 / 44 56 61 77 / 75 -44 -56 -61 / 44 56 77 / 80 -44 -56 / 39 51 -77 / 75 -39 -51 / 39 51 68 72 75 / 39 51 68 72 / 51 56 60 68 72 / 39 51 -72 -75 / 48 60 -72 -75 / 68 -48 -60 -75 / 51 56 60 70 82 / 72 84 -56 -60 -63 <END> 
<S> 39 51 67 72 75 / 51 56 60 -72 -75 / 71 -51 -56 -60 -72 / 39 51 72 / 72 -39 -51 / 51 56 60 70 / 72 -51 -56 -60 / 44 56 68 72 / 75 -44 -56 / 51 56 60 72 / 70 73 -51 -56 -60 / 39 51 68 72 / 72 75 -39 -51 / 51 56 60 -72 -75 / 72 78 -51 -56 -60 <END> 
<S> 44 56 72 75 / 80 -44 -56 -72 / 51 56 60 68 72 / 70 73 -51 -56 -60 / 39 51 72 75 / 72 77 80 / 56 60 65 68 72 / 70 73 77 82 -56 -60 -65 / 46 68 72 / 76 -46 / 56 58 62 77 / 68 -56 -58 -62 / 34 46 -68 / 70 -34 -46 / 56 58 62 68 / 74 -56 -58 -62 <END> 
<S> 53 68 72 80 / 56 58 65 68 73 77 / 68 74 80 -56 -58 -62 / 46 -68 -70 -77 / 72 75 -46 / 56 58 63 68 72 / 41 53 74 77 / 56 58 62 74 / 77 -56 -58 -62 / 46 -68 -77 / 72 -46 / 56 58 62 68 / 74 -56 -58 -62 <END> 
<S> 50 53 -65 -70 -74 -77 / 74 -50 -53 -70 -74 / 53 58 62 77 -70 -74 / 65 74 77 -53 -58 -62 / 46 58 -65 -70 -74 -77 / 68 72 -46 -58 / 44 56 70 74 / 72 75 84 -44 -56 / 39 51 -72 -75 / 72 -39 -51 / 51 56 60 68 80 / 68 -51 -56 -60 / 51 56 60 68 / 72 -51 -56 -60 / 39 51 -72 / 70 -39 -51 <END> 
<S> 44 56 72 75 / 80 -44 -56 -72 / 56 58 66 68 75 / 75 78 -56 -58 -63 / 51 72 84 / 80 -51 / 56 60 68 82 / 75 87 -60 -63 / 51 67 72 84 / 75 84 -51 / 58 63 67 75 -84 / 70 82 82 -55 -58 -63 / 39 51 -70 -82 / 72 -39 -51 -70 -75 / 40 52 70 73 / 41 53 70 73 80 <END> 
<S> 39 51 72 75 84 / 56 60 66 68 80 / 70 78 82 -56 -58 -60 -66 / 39 51 -70 -75 -78 / 44 56 77 80 / 43 55 70 73 82 / 42 54 72 84 / 41 53 73 85 / 80 -41 -53 / 56 58 62 82 / 80 82 -56 -58 -62 / 40 -80 -82 / 80 84 -40 / 56 58 62 73 80 82 / 74 82 -56 -58 -62 <END> 
<S> 41 53 70 74 82 / 56 58 -70 -70 -82 / 46 -70 -74 / 77 -46 / 56 58 62 74 / 77 -56 -58 -62 / 41 53 74 / 72 -41 -53 / 56 58 62 -72 / 74 -56 -58 -62 / 46 -74 / 79 -46 / 56 58 62 82 / 74 80 -58 -62 <END> 
<S> 50 62 65 77 / 70 74 -50 -62 / 48 60 63 75 79 / 69 81 -48 -60 -63 / 36 48 -69 -81 / 72 77 81 -36 -48 / 48 60 64 79 / 72 76 -36 -48 -60 / 58 60 64 67 79 / 76 -58 -60 -64 / 58 60 64 67 / 57 60 64 76 / 58 64 76 / 76 79 -58 -64 <END> 
<S> 48 60 72 76 84 / 46 -72 -76 -84 / 45 -72 -76 -84 / 41 53 -72 -76 -84 / 43 -72 -76 -81 / 48 60 -72 -76 -81 / 47 59 68 77 / 48 60 64 72 / 0 / 43 55 -64 67 / 0 36 48 64 67 72 / 0 64 67 70 -40 -55 / 0 64 67 72 -55 -60 -64 <END> 
<S> 0 60 69 72 81 / 0 70 82 -60 -65 / 0 50 62 -70 / 0 60 74 -38 -50 / 0 48 60 66 75 / 0 62 74 77 86 -48 / 43 55 72 76 84 / 60 64 70 76 82 / 52 64 70 / 76 -52 / 58 60 64 -52 <END> 
<S> 43 55 72 76 84 / 76 -43 -55 / 52 58 60 64 72 76 / 74 77 -58 -60 -64 / 48 76 79 / 60 72 77 84 / 79 -72 -76 / 55 60 64 72 81 / 79 -55 -60 -64 / 55 60 64 / 72 -55 -60 -64 / 55 60 64 67 / 68 -55 -60 -64 <END> 
<S> 48 60 72 76 84 / 71 -48 -60 / 72 72 76 84 / 0 69 72 76 81 / 0 67 72 79 -43 -55 / 0 39 51 -67 -72 -75 / 0 67 71 -39 -51 / 0 43 55 70 -67 / 0 67 -43 -55 / 0 41 53 65 69 72 77 / 0 56 60 -65 -69 -72 -77 / 0 72 75 84 -44 -56 -60 -65 <END> 
<S> 0 36 48 60 64 70 / 0 72 -36 -48 -58 -64 / 0 52 64 69 72 / 0 71 83 -52 -64 / 0 64 76 84 / 0 65 77 / 48 60 72 76 84 / 47 59 68 74 76 / 56 60 64 68 72 76 <END> 
<S> 0 48 60 / 67 -48 -60 / 47 59 68 / 76 -47 -59 / 46 58 67 / 77 -46 -58 / 52 55 61 67 / 70 73 -52 -55 -61 / 39 51 67 70 / 38 50 70 / 39 51 70 / 41 53 65 / 39 51 67 <END> 
<S> 39 51 70 / 72 -39 -51 / 38 50 70 / 70 -38 -50 / 39 51 67 / 72 -39 -51 / 43 55 70 / 67 -43 -55 / 39 51 -67 / 66 -39 -51 / 38 50 65 / 70 -38 -50 -65 / 39 51 61 67 / 67 -39 -51 / 51 56 60 68 / 72 -51 -56 -60 <END> 
<S> 39 51 -67 -70 / 67 -39 -51 / 55 58 63 67 70 / 75 -55 -58 -63 -67 / 46 67 79 / 70 -46 / 55 58 63 67 / 65 -55 -58 -63 / 50 62 65 77 / 49 61 77 / 50 62 77 / 48 60 75 / 47 59 68 / 72 -47 -59 <END> 
<S> 46 58 62 70 / 65 74 -46 -58 -62 / 53 58 62 -65 -74 / 70 -53 -58 -62 / 43 55 67 / 70 -43 -55 / 41 53 62 74 / 67 -41 -53 -62 / 50 62 65 69 / 74 -50 -62 -65 / 48 60 64 69 / 67 70 -48 -60 / 46 58 64 -67 / 70 -46 -58 / 53 58 62 74 / 65 77 -53 -58 -62 / 41 53 -65 -77 / 70 -41 -53 <END> 
<S> 50 62 65 / 70 -50 -62 / 53 58 62 74 / 65 70 74 77 -53 -58 -62 / 46 58 -65 -70 -74 -77 / 48 60 -65 -70 -74 -77 / 50 62 -65 -70 -74 -77 / 48 60 -65 -70 -74 -77 / 46 58 -65 -70 -74 -77 / 45 57 -65 -70 -74 -77 / 46 58 -65 -70 -74 -77 / 41 53 -65 -70 -74 -77 / 43 55 -65 -70 -74 -77 / 41 53 -65 -74 -77 / 46 
<S> 65 77 -41 / 53 58 62 -65 -77 / 65 74 -53 -58 -62 -65 / 41 53 -65 -74 / 70 -41 -53 -65 / 53 58 62 65 77 / 70 74 77 -53 -58 -62 / 0 50 53 70 79 / 0 65 -53 -50 / 0 58 62 65 70 / 0 64 -58 -62 -65 / 0 63 65 69 / 0 -63 -65 -69 / 0 66 -65 -69 / 0 51 -66 -69 / 0 54 -65 -69 <END> 
<S> 0 60 65 / 0 63 -60 / 0 58 61 64 70 / 0 55 58 61 67 79 / 0 55 58 62 -67 / 0 55 58 62 / 67 -55 -58 -62 / 46 58 -62 / 67 -46 -58 / 51 55 61 -67 / 70 82 -51 -55 -61 / 39 51 75 79 / 67 77 -39 -51 / 43 55 -67 -71 / 75 -43 -55 -67 <END> 
<S> 0 46 58 / 67 70 -46 -58 / 51 55 61 -67 -70 / 67 70 -55 -61 / 46 58 -67 -70 / 75 -46 -58 / 51 55 61 67 / 70 -51 -55 -61 / 39 51 73 / 65 77 -39 -51 / 51 55 61 -65 -77 / 75 -51 -55 -61 / 39 51 75 / 67 -39 -51 / 39 51 63 69 / 72 -39 -51 -63 <END> 
<S> 39 51 70 / 72 -39 -51 / 51 56 60 70 / 72 -51 -56 -60 / 44 56 72 / 77 -44 -56 / 51 56 60 75 / 72 -51 -56 -60 / 39 51 68 / 72 -39 -51 / 51 56 60 75 / 72 -51 -56 -60 / 39 51 69 / 70 73 -39 -51 / 51 56 61 -70 -73 / 70 -51 -56 -61 / 39 51 73 / 61 67 73 <END> 
<S> 39 51 72 75 / 51 56 60 68 72 / 39 51 -72 -75 / 44 56 -72 -75 / 34 46 70 82 / 70 82 -34 -46 / 39 51 72 84 / 74 -39 -51 / 51 58 61 73 / 67 -51 -58 -61 / 39 51 -67 -73 / 68 -39 -51 / 51 55 61 70 / 82 -51 -55 -61 <END> 
<S> 39 51 67 75 / 67 75 -39 -51 / 55 58 63 -67 -75 / 67 75 -55 -58 -63 / 46 -67 -75 / 67 -46 / 55 58 63 70 / 46 70 / 51 55 58 63 / 72 -51 -55 -58 / 46 70 / 73 -46 / 55 58 63 75 / 75 -55 -58 -63 <END> 
<S> 39 51 70 / 72 -39 -51 / 41 53 70 / 67 -41 -53 / 43 55 70 / 72 -43 -55 / 45 57 70 / 67 -45 -57 / 46 58 70 / 65 74 -46 -58 / 53 58 62 -65 -74 / 70 -53 -58 -62 / 43 65 74 / 53 55 59 -65 -74 <END> 
<S> 46 58 70 / 65 74 -46 -58 / 53 58 62 -65 -74 / 70 -53 -58 -62 / 43 65 67 / 74 -43 -67 / 55 59 62 -67 -74 / 71 -55 -59 -62 / 48 67 / 72 -48 / 55 60 64 -72 / 67 -55 -60 -64 / 43 67 / 69 -43 / 55 58 63 67 / 75 -55 -58 -63 <END> 
<S> 48 60 64 72 / 67 -48 -60 -64 / 52 55 60 -64 -67 / 64 72 -52 -55 -60 / 48 60 -64 -67 / 67 -48 -60 -64 / 52 55 60 -63 -67 / 67 -52 -55 -60 / 48 60 65 / 67 -48 -60 / 53 57 60 68 / 69 72 77 -57 -60 -63 / 48 60 -72 -77 -81 / 67 -48 -60 / 56 60 65 69 72 77 <END> 
<S> 48 60 65 / 67 -48 -60 / 53 57 63 72 / 69 72 77 -53 -57 -63 / 41 53 -72 -75 / 74 -41 -53 / 53 57 63 67 72 / 69 -53 -57 -63 / 46 58 70 / 41 53 65 74 / 43 55 -65 -70 -74 / 45 57 -65 -70 -74 <END> 
<S> 46 58 70 74 / 53 58 62 73 / 70 74 -53 -58 -62 / 41 53 -70 -74 / 70 -41 -53 / 53 58 62 72 / 74 -53 -58 -62 / 39 51 75 / 78 -39 -51 / 55 58 63 79 / 75 -55 -58 -63 / 43 55 70 / 72 -43 -55 / 42 54 70 / 73 -42 -54 <END> 
<S> 39 51 70 / 72 -39 -51 / 41 53 70 / 67 -41 -53 / 43 55 70 / 72 -43 -55 / 45 57 70 / 67 -45 -57 / 46 58 70 / 65 74 -46 -58 / 53 58 62 -65 -74 / 70 -53 -58 -62 / 43 65 74 / 53 55 59 -65 -74 <END> 
<S> 46 58 70 / 65 74 -46 -58 / 53 58 62 -65 -74 / 70 -53 -58 -62 / 43 65 67 / 74 -43 -67 / 55 59 62 -67 -74 / 71 -55 -59 -62 / 48 67 / 72 -48 / 55 60 64 -72 / 67 -55 -60 -64 / 43 67 / 69 -43 / 55 58 63 67 / 75 -55 -58 -63 <END> 
<S> 48 60 64 72 / 67 -48 -60 -64 / 52 55 60 -64 -67 / 64 72 -52 -55 -60 / 48 60 -64 -67 / 67 -48 -60 -64 / 52 55 60 -63 -67 / 67 -52 -55 -60 / 48 60 65 / 67 -48 -60 / 53 57 60 68 / 69 72 77 -57 -60 -63 / 48 60 -72 -77 -81 / 67 -48 -60 / 56 60 65 69 72 77 <END> 
<S> 48 60 65 / 67 -48 -60 / 53 57 63 72 / 69 72 77 -53 -57 -63 / 41 53 -72 -75 / 74 -41 -53 / 53 57 63 67 72 / 69 -53 -57 -63 / 46 58 70 / 41 53 65 74 / 43 55 -65 -70 -74 / 45 57 -65 -70 -74 <END> 
<S> 46 58 70 74 / 53 58 62 73 / 70 74 -53 -58 -62 / 41 53 -70 -74 / 70 -41 -53 / 53 58 62 72 / 74 -53 -58 -62 / 39 51 75 / 78 -39 -51 / 55 58 63 79 / 75 -55 -58 -63 / 43 55 70 / 72 -43 -55 / 42 54 70 / 73 -42 -54 <END> 
<S> 39 51 70 / 72 -39 -51 / 41 53 70 / 67 -41 -53 / 43 55 70 / 72 -43 -55 / 45 57 70 / 67 -45 -57 / 46 58 70 / 65 74 -46 -58 / 53 58 62 -65 -74 / 70 -53 -58 -62 / 43 65 74 / 53 55 59 -65 -74 <END> 
<S> 46 58 70 / 65 74 -46 -58 / 53 58 62 -65 -74 / 70 -53 -58 -62 / 43 65 67 / 74 -43 -67 / 55 59 62 -67 -74 / 71 -55 -59 -62 / 48 67 / 72 -48 / 55 60 64 -72 / 67 -55 -60 -64 / 43 67 / 69 -43 / 55 58 63 67 / 75 -55 -58 -63 <END> 
<S> 48 60 64 72 / 67 -48 -60 -64 / 52 55 60 -64 -67 / 64 72 -52 -55 -60 / 48 60 -64 -67 / 67 -48 -60 -64 / 52 55 60 -63 -67 / 67 -52 -55 -60 / 48 60 65 / 67 -48 -60 / 53 57 60 68 / 69 72 77 -57 -60 -63 / 48 60 -72 -77 -81 / 67 -48 -60 / 56 60 65 69 72 77 <END> 
<S> 48 60 65 / 67 -48 -60 / 53 57 63 72 / 69 72 77 -53 -57 -63 / 41 53 -72 -75 / 74 -41 -53 / 53 57 63 67 72 / 69 -53 -57 -63 / 46 58 70 / 41 53 65 74 / 43 55 -65 -70 -74 / 45 57 -65 -70 -74 <END> 
<S> 46 58 70 74 / 53 58 62 73 / 70 74 -53 -58 -62 / 41 53 -70 -74 / 70 -41 -53 / 53 58 62 72 / 74 -53 -58 -62 / 39 51 75 / 78 -39 -51 / 55 58 63 79 / 75 -55 -58 -63 / 43 55 70 / 72 -43 -55 / 42 54 70 / 73 -42 -54 <END> 
<S> 39 51 70 / 72 -39 -51 / 41 53 70 / 67 -41 -53 / 43 55 70 / 72 -43 -55 / 45 57 70 / 67 -45 -57 / 46 58 70 / 65 74 -46 -58 / 53 58 62 -65 -74 / 70 -53 -58 -62 / 43 65 74 / 53 55 59 -65 -74 <END> 
<S> 46 58 70 / 65 74 -46 -58 / 53 58 62 -65 -74 / 70 -53 -58 -62 / 43 65 67 / 74 -43 -67 / 55 59 62 -67 -74 / 71 -55 -59 -62 / 48 67 / 72 -48 / 55 60 64 -72 / 67 -55 -60 -64 / 43 67 / 69 -43 / 55 58 63 67 / 75 -55 -58 -63 <END> 
<S> 48 60 64 72 / 67 -48 -60 -64 / 52 55 60 -64 -67 / 64 72 -52 -55 -60 / 48 60 -64 -67 / 67 -48 -60 -64 / 52 55 60 -63 -67 / 67 -52 -55 -60 / 48 60 65 / 67 -48 -60 / 53 57 60 68 / 69 72 77 -57 -60 -63 / 48 60 -72 -77 -81 / 67 -48 -60 / 56 60 65 69 72 77 <END> 
<S> 48 60 65 / 67 -48 -60 / 53 57 63 72 / 69 72 77 -53 -57 -63 / 41 53 -72 -75 / 74 -41 -53 / 53 57 63 67 72 / 69 -53 -57 -63 / 46 58 70 / 41 53 65 74 / 43 55 -65 -70 -74 / 45 57 -65 -70 -74 <END> 
<S> 46 58 70 74 / 53 58 62 73 / 70 74 -53 -58 -62 / 41 53 -70 -74 / 70 -41 -53 / 53 58 62 72 / 74 -53 -58 -62 / 39 51 75 / 78 -39 -51 / 55 58 63 79 / 75 -55 -58 -63 / 43 55 70 / 72 -43 -55 / 42 54 70 / 73 -42 -54 <END> 
<S> 39 51 70 / 72 -39 -51 / 41 53 70 / 67 -41 -53 / 43 55 70 / 72 -43 -55 / 45 57 70 / 67 -45 -57 / 46 58 70 / 65 74 -46 -58 / 53 58 62 -65 -74 / 70 -53 -58 -62 / 43 65 74 / 53 55 59 -65 -74 <END> 
<S> 46 58 70 / 65 74 -46 -58 / 53 58 62 -65 -74 / 70 -53 -58 -62 / 43 65 67 / 74 -43 -67 / 55 59 62 -67 -74 / 71 -55 -59 -62 / 48 67 / 72 -48 / 55 60 64 -72 / 67 -55 -60 -64 / 43 67 / 69 -43 / 55 58 63 67 / 75 -55 -58 -63 <END> 
<S> 48 60 64 72 / 67 -48 -60 -64 / 52 55 60 -64 -67 / 64 72 -52 -55 -60 / 48 60 -64 -67 / 67 -48 -60 -64 / 52 55 60 -63 -67 / 67 -52 -55 -60 / 48 60 65 / 67 -48 -60 / 53 57 60 68 / 69 72 77 -57 -60 -63 / 48 60 -72 -77 -81 / 67 -48 -60 / 56 60 65 69 72 77 <END> 
<S> 48 60 65 / 67 -48 -60 / 53 57 63 72 / 69 72 77 -53 -57 -63 / 41 53 -72 -75 / 74 -41 -53 / 53 57 63 67 72 / 69 -53 -57 -63 / 46 58 70 / 41 53 65 74 / 43 55 -65 -70 -74 / 45 57 -65 -70 -74 <END> 
<S> 46 58 70 74 / 53 58 62 73 / 70 74 -53 -58 -62 / 41 53 -70 -74 / 70 -41 -53 / 53 58 62 72 / 74 -53 -58 -62 / 39 51 75 / 78 -39 -51 / 55 58 63 79 / 75 -55 -58 -63 / 43 55 70 / 72 -43 -55 / 42 54 70 / 73 -42 -54 <END> 
<S> 39 51 70 / 72 -39 -51 / 41 53 70 / 67 -41 -53 / 43 55 70 / 72 -43 -55 / 45 57 70 / 67 -45 -57 / 46 58 70 / 65 74 -46 -58 / 53 58 62 -65 -74 / 70 -53 -58 -62 / 43 65 74 / 53 55 59 -65 -74 <END> 
<S> 46 58 70 / 65 74 -46 -58 / 53 58 62 -65 -74 / 70 -53 -58 -62 / 43 65 67 / 74 -43 -67 / 55 59 62 -67 -74 / 71 -55 -59 -62 / 48 67 / 72 -48 / 55 60 64 -72 / 67 -55 -60 -64 / 43 67 / 69 -43 / 55 58 63 67 / 75 -55 -58 -63 <END> 
<S> 48 60 64 72 / 67 -48 -60 -64 / 52 55 60 -64 -67 / 64 72 -52 -55 -60 / 48 60 -64 -67 / 67 -48 -60 -64 / 52 55 60 -63 -67 / 67 -52 -55 -60 / 48 60 65 / 67 -48 -60 / 53 57 60 68 / 69 72 77 -57 -60 -63 / 48 60 -72 -77 -81 / 67 -48 -60 / 56 60 65 69 72 77 <END> 
<S> 48 60 65 / 67 -48 -60 / 53 57 63 72 / 69 72 77 -53 -57 -63 / 41 53 -72 -75 / 74 -41 -53 / 53 57 63 67 72 / 69 -53 -57 -63 / 46 58 70 / 41 53 65 74 / 43 55 -65 -70 -74 / 45 57 -65 -70 -74 <END> 
<S> 46 58 70 74 / 53 58 62 73 / 70 74 -53 -58 -62 / 41 53 -70 -74 / 70 -41 -53 / 53 58 62 72 / 74 -53 -58 -62 / 39 51 75 / 78 -39 -51 / 55 58 63 79 / 75 -55 -58 -63 / 43 55 70 / 72 -43 -55 / 42 54 70 / 73 -42 -54 <END> 
<S> 39 51 70 / 72 -39 -51 / 41 53 70 / 67 -41 -53 / 43 55 70 / 72 -43 -55 / 45 57 70 / 67 -45 -57 / 46 58 70 / 65 74 -46 -58 / 53 58 62 -65 -74 / 70 -53 -58 -62 / 43 65 74 / 53 55 59 -65 -74 <END> 
<S> 46 58 70 / 65 74 -46 -58 / 53 58 62 -65 -74 / 70 -53 -58 -62 / 43 65 67 / 74 -43 -67 / 55 59 62 -67 -74 / 71 -55 -59 -62 / 48 67 / 72 -48 / 55 60 64 -72 / 67 -55 -60 -64 / 43 67 / 69 -43 / 55 58 63 67 / 75 -55 -58 -63 <END> 
<S> 48 60 64 72 / 67 -48 -60 -64 / 52 55 60 -64 -67 / 64 72 -52 -55 -60 / 48 60 -64 -67 / 67 -48 -60 -64 / 52 55 60 -63 -67 / 67 -52 -55 -60 / 48 60 65 / 67 -48 -60 / 53 57 60 68 / 69 72 77 -57 -60 -63 / 48 60 -72 -77 -81 / 67 -48 -60 / 56 60 65 69 72 77 <END> 
<S> 48 60 65 / 67 -48 -60 / 53 57 63 72 / 69 72 77 -53 -57 -63 / 41 53 -72 -75 / 74 -41 -53 / 53 57 63 67 72 / 69 -53 -57 -63 / 46 58 70 / 41 53 65 74 / 43 55 -65 -70 -74 / 45 57 -65 -70 -74 <END> 
