<S> 55 67 / 54 66 / 53 65 / 58 70 / -58 -70 / 57 69 / 58 70 / 60 72 / 59 71 / 58 70 / 62 74 / -62 -74 / 61 73 / 62 74 <END> 
<S> 55 70 / 54 71 / 57 62 74 / 50 62 / 64 70 74 / 48 60 62 72 / 62 70 74 -45 / 33 -62 -62 -67 -74 / 72 81 -62 -62 / 57 60 62 67 78 <END> 
<S> 50 62 -74 -77 / 74 -50 -62 / 56 60 65 77 / 72 -56 -60 -65 / 0 47 / 72 84 / 54 56 60 63 -72 -84 / 75 -54 -56 -60 -63 / 44 56 68 72 / 72 75 -44 -56 / 51 56 60 -72 -75 / 72 75 -51 -56 -60 <END> 
<S> 0 44 56 / 72 84 -44 -56 / 51 56 60 68 80 / 72 80 -51 -56 -60 / 39 51 75 / 77 -39 -51 / 51 56 60 70 / 72 -51 -56 -60 / 46 65 68 / 70 -46 / 53 58 62 68 / 65 -53 -58 -62 / 43 55 70 / 82 -43 -55 / 44 58 62 70 / 74 -43 -58 -62 <END> 
<S> 46 58 -65 -70 / 65 68 -46 -58 / 41 53 -65 -70 / 67 -41 -53 -65 / 37 49 65 76 / 67 -37 -49 / 0 46 58 / 61 62 65 / -46 -58 -62 / 51 63 72 / 51 56 60 63 -72 / 68 -51 -56 -60 -63 / 39 51 68 / 70 72 -39 -51 / 56 56 60 -72 / 70 -56 -60 <END> 
<S> 42 54 -63 -68 -73 / 70 -42 -54 -70 / 41 53 68 80 / 70 -41 -53 / 38 50 65 77 / 77 -38 -50 -65 / 53 56 60 75 79 / 77 -53 -56 -60 / 41 53 72 / 72 77 -41 -53 / 51 56 60 -72 -77 / 72 77 -56 -60 -60 / 45 -72 -77 / 80 56 60 63 -77 / 0 43 65 <END> 
<S> 53 56 61 -65 -73 / 68 -53 -56 -61 -65 / 37 49 77 / 77 -37 -49 / 44 56 70 75 82 / 72 77 84 -44 -56 / 41 53 -72 -84 / 77 80 -53 -72 / 41 53 65 72 77 / 73 81 -41 -53 -65 / 48 60 76 -80 / 77 -48 -60 -65 / 36 48 76 79 / 74 -36 -48 -36 / 57 60 64 -70 -74 / 77 81 -58 -60 -64 -70 <END> 
<S> 41 53 69 75 77 81 / 53 60 65 69 75 77 <END> 
<S> -70 42 -81 / 54 60 72 81 -42 / 54 60 62 -72 -78 -84 / 81 -54 -58 -62 -62 / 38 50 79 / 77 81 86 -38 -50 / 54 60 62 -78 -78 / 71 77 81 -54 -60 -62 <END> 
<S> 62 65 74 / 77 -62 -65 / 56 62 65 74 / 76 -56 -62 -65 / 39 51 72 / 80 -39 -51 / 56 60 66 75 / 72 75 80 -56 -60 -66 / 32 44 -72 -75 -84 / 72 75 -44 -56 / 45 57 -72 -75 / 72 78 -45 -57 <END> 
<S> 39 51 68 72 / 56 60 66 -68 -72 / 34 46 70 72 / 77 -34 -46 / 56 58 62 -82 / 75 -56 -58 -62 / 39 51 72 / 75 -39 -51 / 56 58 63 -72 / 75 -56 -58 -63 / 46 -75 / 80 -46 / 56 58 82 / 75 -56 -58 -63 <END> 
<S> 0 47 59 / 75 -47 -68 / 51 56 60 68 72 / 75 -51 -56 -60 / 39 51 72 75 / 44 56 -72 -75 / 38 50 -72 -75 / 70 82 -38 -50 -54 / 36 48 70 76 79 / 77 -36 -48 -70 / 38 50 69 77 81 / 70 82 -38 -50 / 0 48 -70 / 72 -48 -60 -70 / 0 52 70 / 79 -40 -52 / <END> 
<S> 39 51 72 75 / 74 86 -39 -51 / 51 56 60 72 84 / 72 80 -51 -56 -60 / 39 51 -72 -75 / 80 -39 -51 -75 / 37 49 70 75 / 44 56 68 72 / 0 34 46 74 / 0 70 82 -34 -46 / 53 58 62 68 / 72 -53 -58 -62 / 41 62 65 / 68 -41 -62 -65 / 39 51 -62 -65 -67 / 61 61 65 69 -51 -61 <END> 
<S> 46 58 67 75 / 48 60 75 / 82 -48 -60 -67 / 55 60 88 -82 -67 / 51 61 67 80 / 49 61 68 75 / 51 56 60 72 / 82 -51 -56 -60 -72 / 44 56 68 80 / 72 84 -44 -56 / 51 56 60 73 -80 / 68 80 -51 -56 -60 <END> 
<S> 44 56 72 75 / 71 -44 -56 / 51 56 60 72 / 72 77 80 -51 -56 -60 / 45 57 -72 -77 / 77 -45 -57 / 56 60 65 72 / 0 53 57 60 65 68 77 / 68 72 75 79 -48 -60 -65 / 0 69 72 75 81 / 55 57 60 66 74 77 81 / 72 75 81 -55 -60 -64 <END> 
<S> 0 53 57 60 65 / 0 72 77 -53 -57 -60 / 0 56 65 75 -65 -72 -77 / 72 80 -60 -65 -65 -72 / 44 56 60 65 72 84 / 41 53 68 80 / 72 75 80 -41 -53 / 41 53 -68 -72 -77 -80 / 39 51 72 75 80 82 / 39 51 72 75 84 / 39 51 70 82 78 / 34 46 68 -70 -82 <END> 
<S> 50 53 56 58 62 77 / 65 80 -53 -56 -58 -61 / 53 56 61 -65 -68 / 67 -53 -56 -61 -65 / 39 51 56 77 / 80 -39 -51 / 51 56 60 75 / 82 -51 -56 -60 / 44 56 72 84 / 57 60 65 -72 -75 -84 / 45 57 72 77 77 84 42 / 44 56 73 77 80 <END> 
<S> 37 49 76 / 75 -37 -49 / 53 56 61 73 / 75 -53 -58 -61 / 44 56 77 / 72 -44 -56 / 56 60 65 70 / 72 -56 -60 -65 / 46 58 68 / 70 -46 -58 / 51 55 61 70 / 65 82 -51 -55 -61 / 39 51 63 82 / 67 75 -51 -39 / 51 55 61 -63 -67 / 70 63 -51 -55 <END> 
<S> 46 58 67 / 70 -46 -58 / 51 55 58 61 77 / 67 75 -39 -51 -55 / 39 51 -67 -70 / 70 -39 -51 / 43 55 70 73 / 42 54 70 73 / 51 63 -70 -73 / 41 53 70 / 42 54 70 82 / 43 55 -70 -74 <END> 
<S> 39 51 70 82 / 67 -39 -51 / 55 58 63 72 / 70 82 -55 -58 -63 / 46 58 -70 / 67 -46 -58 / 39 51 70 / 63 75 -39 -51 / 39 51 -63 -67 -75 / 32 44 56 -67 -72 -75 / 44 56 72 / 72 -44 -56 / 42 54 75 / 72 -42 -54 <END> 
<S> 39 51 61 70 / 67 -39 -51 / 51 55 58 61 70 / 67 72 -55 -58 -61 / 46 -43 -67 / 72 75 -46 / 39 51 74 79 / 0 77 -32 -80 / 0 50 53 / 0 80 -50 -53 / 0 49 61 68 80 / 0 56 61 62 68 80 / 39 51 84 87 89 / 0 68 78 83 -87 -56 44 56 62 68 71 80 -52 / 44 56 68 72 80 80 <END> 
<S> 0 42 54 75 81 / 82 -42 -54 -72 -75 / 0 56 60 66 -72 -78 -84 / 0 39 51 -72 -84 / 0 48 60 -72 -75 / 0 47 -68 / 0 75 -47 / 48 55 70 76 82 / 79 -48 -55 -67 -76 / 58 64 -48 -76 -79 / 81 -48 -58 -60 -76 / 36 48 76 81 / 79 86 -36 -48 / 41 53 70 81 / 77 81 86 -41 -53 <END> 
<S> 48 60 -64 -72 / 46 62 -72 / 45 56 60 72 / 41 53 -72 -75 / 80 -72 -44 / 51 56 60 72 77 / 77 80 -51 -56 -60 / 39 51 -77 -80 / 75 79 -39 -51 / 51 56 60 -75 -79 / 72 75 -51 -55 -60 / 39 51 -72 -75 / 68 -39 -51 / 51 56 60 70 / 68 72 -51 -56 -60 <END> 
<S> 44 56 72 75 84 / 51 63 68 72 80 84 / 66 75 78 82 -56 -60 -65 / 48 60 -75 -81 -66 -72 -77 / 72 84 81 -36 -48 / 45 57 -72 -84 -84 / 42 54 82 / 88 -42 -54 -82 / 55 58 63 78 87 / 80 85 -55 -58 -63 / 46 58 82 / 76 82 -46 -58 / 58 62 64 -76 -82 / 76 -58 -60 -64 / 36 48 76 80 85 / 82 -36 -48 -76 / 58 60 64 
<S> 43 55 70 82 82 / 42 -43 70 74 82 -82 / 58 62 70 74 79 82 / 77 -40 -70 -74 -77 -82 / 58 62 70 74 77 -82 / 76 82 -58 -62 -70 / 40 72 74 77 82 / 76 79 82 -40 -52 / 58 62 68 74 77 80 / 69 74 77 83 -46 -58 -62 / 46 -68 -74 -77 -82 / 68 -46 -77 / 58 62 70 82 / 77 80 -58 -62 -70 <END> 
<S> 37 76 74 82 / 80 77 -37 53 82 / 53 61 -70 -80 -82 / 41 53 -70 -74 -82 / 46 58 -70 -74 -82 / 45 57 -70 -74 -82 / 43 55 70 74 82 / 41 53 69 72 81 / 70 -41 -53 / 53 58 62 72 / 74 -53 -58 -62 / 45 57 72 / 65 -45 -57 / 53 58 61 -65 -73 / 73 -53 -58 -61 <END> 
<S> 62 65 77 / 70 82 -62 -65 / 49 61 65 70 / 74 82 -61 -65 / 35 47 68 77 80 / 51 56 66 78 / 70 73 78 -51 -56 -56 -60 / 44 56 -72 -76 / 72 -44 -56 / 51 56 60 72 84 / 87 -51 -56 -60 / 51 72 75 84 / 68 72 75 80 84 / 84 -51 -68 -71 / 82 72 82 / 84 -72 / 63 68 71 83 <END> 
<S> 44 56 -68 -72 / 71 -44 -56 / 42 54 72 75 / 72 -42 -54 / 0 54 58 / 62 -54 -58 / 0 52 / 61 64 -52 / 0 54 56 62 / 68 -56 -54 -62 -62 / 0 57 61 65 -68 / 0 77 57 -61 -68 <END> 
<S> 60 69 / 63 66 / 0 66 / 56 66 -66 -66 / 63 69 72 78 / 63 66 -66 -75 / 0 63 -66 / 0 46 58 -63 / 0 48 55 58 -65 / 0 47 59 74 / 63 -47 -59 <END> 
<S> 0 62 67 / 0 70 82 -62 / 0 50 62 68 77 / 0 70 -50 -62 / 38 50 70 68 77 / 41 53 68 72 77 / 40 52 71 69 72 77 <END> 
<S> 51 63 67 75 / 49 -67 -75 / 48 63 75 78 / 46 58 -75 -75 74 / 39 51 70 75 79 82 / 55 58 63 -70 -75 -79 / 43 55 70 82 / 72 -43 -55 / 0 42 54 / 0 41 41 <END> 
<S> 39 51 72 84 / 51 63 -72 / 87 -39 -51 -63 / 42 54 72 84 / 75 -42 -54 / 0 41 53 80 / 68 82 -41 -53 / 56 58 62 -82 / 80 -56 -58 -62 / 34 46 84 / 82 -34 -46 / 56 58 62 82 / 74 77 -56 -58 -62 <END> 
<S> 53 56 61 -65 / 82 -53 -56 -61 / 52 56 61 77 / 80 -49 -56 / 51 56 61 82 / 77 80 -51 -56 -61 / 39 51 74 80 / 75 -39 -51 / 51 56 61 -75 / 70 -51 -51 -56 / 39 51 70 / 75 -39 -51 / 51 55 61 -75 / 77 -51 -55 -61 <END> 
<S> 46 58 73 / 74 -46 -58 / 51 55 61 73 / 75 -51 -55 -61 / 51 55 61 82 / 75 -51 -55 -61 / 39 51 72 / 75 -39 -51 / 42 54 70 82 / 72 -42 -54 / 42 54 70 75 81 / 41 53 68 70 80 / 36 48 70 76 82 <END> 
<S> 39 51 -72 -75 / 75 -39 -51 / -75 -39 -51 / 70 -39 -51 / 39 51 72 / 70 -39 -51 / 50 55 -70 -70 / 65 70 -55 -70 / 48 55 58 -70 / 65 -48 -55 -58 / 37 49 65 70 / 68 -37 -49 -68 / 0 46 70 / 75 -46 -58 <END> 
<S> 0 57 65 / 70 73 -41 -57 -65 / 51 53 61 -65 -70 / 75 -53 -61 -65 / 37 49 77 / 49 61 -69 -77 / 53 56 68 80 / 73 -53 -56 -61 / 51 55 61 / 52 56 60 63 / 39 51 67 75 / 64 75 -39 -51 <END> 
<S> 52 56 61 68 / 73 -39 -51 -56 -61 / 39 51 67 77 / 68 80 -39 -51 / 51 56 61 -68 -77 / 79 -51 -56 -61 / 37 49 77 / 80 92 -37 -49 / 56 61 65 77 80 / 77 -56 -61 -65 / 41 53 80 82 / 77 -41 -53 -41 / 42 54 70 75 / 72 78 -42 -54 <END> 
<S> 0 44 56 / 84 -44 -56 / 51 56 60 84 / 80 -51 -56 -60 / 39 51 75 / 77 80 -51 / 51 56 60 75 / 72 -51 -56 -60 / 39 51 68 72 / 51 56 60 68 72 / 39 71 74 / 51 56 60 72 75 / 43 55 72 75 / 51 55 60 63 75 / 0 <END> 
<S> 44 56 72 / 71 -44 -56 / 51 56 60 72 / 77 -51 -56 -60 / 39 51 -72 / 72 -39 -39 / 51 56 60 70 / 44 71 72 77 / 55 59 65 71 74 / 48 60 64 72 / 67 -48 -60 -64 / 55 58 64 -64 / 56 -55 -58 -64 <END> 
<S> 52 72 / 76 -52 / 55 60 64 72 / 81 -55 -60 -64 / 48 -72 -81 / 67 -48 / 55 60 64 68 / 72 -55 -60 -64 / 43 67 71 76 / 75 -43 -67 / 55 59 65 71 74 / 75 -55 -59 -65 / 47 74 / 77 -47 / 56 62 65 68 / 76 -56 -62 -65 <END> 
<S> 43 55 -67 -71 -74 / 62 -43 -55 / 55 59 65 86 / 80 -55 -59 -65 / 31 43 76 / 79 -31 -43 / 55 59 65 74 / 76 79 -55 -59 -65 / 0 -79 / 77 81 / 55 59 65 79 / 78 -55 -59 -65 / 43 77 / 72 79 / 55 59 65 69 / 74 -55 <END> 
<S> 50 62 77 / 72 -50 -62 / 55 59 65 79 / 71 77 81 -55 -59 -65 / 41 53 -71 -77 -81 / 77 89 -41 -53 / 53 58 62 65 -77 -79 / 69 74 77 -53 -58 -62 47 / 46 70 74 / 76 -46 / 53 58 62 77 / 79 -53 -58 -62 / 41 -79 / 77 -41 / 53 58 62 70 / 74 -53 -58 -62 <END> 
<S> 62 65 77 / 70 74 -62 -65 / 44 -32 82 / 68 72 77 80 / 43 77 -68 -72 / 74 77 -43 -68 / 39 51 74 -68 80 / 36 68 68 80 / 56 58 -68 -68 -80 / 68 73 77 -56 -58 -68 / 51 -68 -73 -77 -80 / 68 73 -51 -80 / 56 58 61 70 73 77 <END> 
<S> 0 47 59 / 77 -47 -59 / 56 61 65 77 / 80 -56 -61 -65 / 37 49 77 / 81 -37 -49 / 56 61 65 70 82 / 73 77 82 -56 -61 -65 / 44 56 77 83 89 / 56 60 65 80 84 / 77 -56 -60 -65 -77 / 42 54 75 / 78 -42 -54 / 56 60 63 66 75 / 72 78 -35 -60 -66 <END> 
<S> 44 56 72 77 80 84 / 56 60 66 72 80 83 / 72 78 84 -44 -56 -60 -65 / 44 56 -72 -75 -84 / 56 60 66 78 80 / 84 -56 -60 -65 -72 -78 -84 / 48 53 -72 -75 / 69 -48 -72 -75 / 40 52 -72 -75 -81 / 68 77 -48 -52 / 52 -77 69 / 72 76 -52 <END> 
<S> 0 60 69 / 63 81 -60 -63 / 0 -60 -75 -81 / 0 72 75 81 -48 / 0 55 60 64 79 / 0 76 81 86 -60 -65 / 52 58 60 -76 -82 -88 / 79 82 84 -51 -58 -60 / 36 48 76 83 84 / 72 76 84 -36 -36 -48 / 58 60 64 72 -76 -84 / 74 82 86 -58 -60 -64 -64 <END> 
<S> 0 44 76 84 / 72 82 -41 -53 / 42 54 60 -84 87 / 72 84 -42 -54 -60 / 43 55 76 / 86 87 -43 -55 / 44 56 65 77 / 82 -56 -62 -65 / 41 53 -82 / 80 -41 -53 / 56 61 65 68 / 77 -56 -61 -65 / 46 58 73 / 82 -46 -68 / 51 56 61 -87 / 84 -51 -56 -61 <END> 
<S> 46 58 65 72 75 / 77 -46 -58 -70 / 51 63 67 78 / 70 -51 -63 / 52 51 -70 / 67 82 -51 / 58 61 -67 -70 -74 / 72 -58 -62 / 47 62 68 / 56 58 62 68 / 64 -56 -58 -62 / 0 80 / 0 / 63 75 / 56 58 -63 -75 / 55 62 68 80 / 70 82 -56 -62 <END> 
<S> 39 51 -68 / 70 -39 -51 / 41 53 73 / 70 -41 -53 / 39 51 72 84 / 70 -39 -51 / 41 53 -70 / 75 79 -41 -53 / 43 55 77 / 81 -41 / 48 60 79 / 77 82 -48 -60 / 52 61 -74 -79 -82 / 76 82 -46 / 53 58 62 77 -82 / 41 74 79 82 86 / 53 58 62 73 -82 -79 / 74 77 82 86 -58 -62 / 50 58 62 -74 -77 -82 -86 / 76 82 88 -46 
<S> 41 53 70 74 77 82 / 72 75 -53 -70 -82 / 58 63 65 70 74 77 / 41 53 68 77 / 75 79 -38 -50 / 43 55 77 80 / 75 82 -43 -55 / 44 56 77 82 / 56 58 62 77 / 80 -56 -58 -62 / 46 -80 / 85 -46 / 56 58 62 82 / 68 80 -56 -58 -62 <END> 
<S> 53 55 59 74 79 / 77 80 -53 -55 / 56 58 62 -77 -84 / 70 82 -56 -58 -62 / 46 -70 -82 / 79 82 -46 / 58 58 64 -79 -79 -82 / 70 -58 -58 -78 / 48 -70 -82 / 82 -48 / 58 60 64 -82 / 72 -55 -58 -60 / 48 72 / 76 -48 / 60 -48 -72 -76 <END> 
<S> 56 58 62 77 / 81 -56 -62 -58 / 42 54 84 / 80 -42 -54 / 58 62 78 82 / 75 79 -58 -62 / 46 58 -79 / 75 78 84 -46 / 55 58 63 72 78 82 / 74 75 -55 -58 -63 / 43 55 70 72 74 / 71 -43 -55 / 55 58 63 67 79 / 70 75 82 -58 -63 -67 / 39 51 -70 -75 -79 / 72 -39 -51 / 40 58 73 85 / 42 54 72 75 78 <END> 
<S> 46 58 75 79 82 / 75 79 -46 -58 / 55 58 63 72 84 / 70 82 -55 -58 -63 / 43 -70 -82 / 72 76 -43 / 58 63 66 72 74 / 75 -58 -62 -66 / 0 39 51 / 67 75 79 -39 -51 / 55 61 64 67 -79 -82 / 70 76 82 -55 -58 -61 -64 / 39 51 -70 -75 / 66 72 -39 -51 / 43 55 70 72 / 42 54 70 74 <END> 
<S> 39 51 -67 -72 -79 / 72 -39 -51 / 51 55 60 70 82 / 82 -51 -55 -60 / 51 -70 -82 / 75 87 -51 / 51 56 61 -82 85 / 46 58 73 77 / 51 55 61 75 79 / 82 -51 -55 -61 / 39 51 82 / 82 -39 -51 / 44 56 85 / 82 86 -44 -56 -60 <END> 
<S> 37 49 82 / 77 -37 -49 / 51 56 61 77 / 75 87 -51 -56 -61 / 39 51 -87 / 74 -39 -51 / 51 56 72 75 / 72 -51 -56 -58 / 51 56 61 73 / 77 -51 -56 -61 / 39 51 75 / 72 -39 -51 / 51 56 60 70 / 68 -51 -56 -60 <END> 
<S> 39 51 72 / 75 -39 -51 / 56 60 66 70 / 72 -56 -60 -66 / 44 56 68 72 80 / 56 60 66 68 -72 / 39 51 72 / 51 56 60 -72 / 44 56 72 / 45 57 72 / 44 56 -72 / 43 55 -72 / 67 -43 -55 / 0 <END> 
<S> 39 51 72 78 / 56 60 66 -72 / -75 -56 -60 -66 -72 / 39 51 -72 -75 / 32 -39 -72 / 0 40 52 / 72 84 -52 / 53 57 60 65 69 / 73 77 -57 -53 -57 / 44 56 -77 -82 / 72 -44 -56 / 56 60 65 72 / 75 -56 -60 -65 <END> 
<S> 0 41 53 / 0 77 / 0 39 51 / 48 60 -68 / 77 -48 -60 / 39 51 75 / 79 -39 -51 / 51 63 69 / 75 -51 -63 / 0 / 68 71 75 80 / 0 68 72 73 80 -34 / 0 39 51 -68 / 0 46 68 77 80 <END> 
<S> 0 39 51 / 75 87 -39 -51 / 51 55 60 70 76 / 72 75 84 -55 -60 -64 / 39 51 -72 -75 -84 / 72 84 -39 -51 / 37 49 65 70 73 77 / 53 -65 -70 -73 -80 / 56 -65 -70 -73 -77 / 56 61 65 77 80 / 80 -56 -61 -65 / 49 61 -80 -84 / 80 -49 -61 / 56 61 65 77 <END> 
<S> 37 49 65 73 77 / 53 56 61 -68 -73 / 50 53 56 -68 -80 / 68 80 -50 -53 -56 / 51 56 61 -68 / 65 77 -51 -56 -61 / 44 56 68 / 72 -44 -56 / 51 56 60 75 / 68 77 -51 -56 -60 / 39 51 -67 -72 / 70 -39 -51 / 51 56 60 63 / 75 -51 -56 -60 <END> 
<S> 52 56 60 68 72 / 71 80 -56 -60 -66 / 44 56 72 72 84 / 44 56 72 77 -44 -72 / 43 55 74 77 / 56 44 56 -74 -77 / 45 57 72 78 84 / 44 56 -72 -75 -84 / 43 55 -72 -75 -84 / 44 56 -72 -75 -84 / 42 54 -72 -75 -84 / 41 53 -72 -75 -84 / 43 55 -72 -75 / 45 57 -72 -75 / 47 59 65 74 <END> 
<S> 66 75 78 90 / 72 84 -75 -78 -81 / 62 74 -66 -69 -72 -78 / 72 78 84 / 0 78 78 84 / 0 78 85 / 0 72 78 84 / 0 75 87 / 0 78 87 / 0 71 80 83 <END> 
<S> 0 38 50 / 66 74 78 -38 -50 / 54 60 62 72 78 / 72 81 -50 -54 -60 -62 / 38 50 79 -70 / 82 -38 -50 -78 / 54 60 62 81 -78 / 82 -54 -60 -62 -78 / 0 45 85 / 72 78 -45 -57 / 54 60 62 78 / 72 -54 -60 -62 38 50 38 -72 / 69 -38 -50 / 39 51 67 70 / 72 -39 -51 -67 / 43 55 58 -62 -67 / 70 -43 -55 -58 <END> 
<S> 0 62 71 74 78 / 0 38 50 62 -74 -77 / 39 51 -62 -68 -77 -80 / 36 48 63 75 79 / 81 -48 -36 -48 / 39 51 70 82 / 72 81 -39 -51 / 43 55 70 72 / 75 -43 -55 / 44 56 72 / 80 -44 -56 / 51 55 60 -80 / 75 -51 -56 -61 / 39 51 75 / 68 -39 -51 <END> 
<S> 44 56 72 75 84 / 72 75 -44 -56 / -72 -75 / 56 72 80 / 70 74 79 82 -55 / 61 65 -70 -74 -79 / 52 -70 -74 -79 / 78 -70 -74 / 58 62 78 -70 -74 / 46 -62 -70 -74 / 53 58 62 -70 / 41 -53 -58 -70 / 41 53 70 / 74 -41 -53 <END> 
<S> 46 58 74 78 / 73 82 -46 -58 / 58 62 66 74 77 -82 / 72 -58 -58 -62 -68 / 36 48 -70 -74 / 82 -36 -52 -70 / 58 63 68 72 / 41 53 80 / 65 73 -53 -57 / 56 61 -65 -73 / 80 -56 -61 -65 / 56 61 82 / 77 80 -56 -61 / <END> 
