<S> 50 74 / 52 76 / 53 77 / 52 76 / -52 -76 / 43 67 <END> 
<S> 62 65 74 / 50 62 67 -50 / 65 -50 -62 -67 / 53 65 59 74 <END> 
<S> 76 88 / 65 77 86 / 62 -65 -77 -80 / 63 72 77 89 / 57 60 65 -72 -77 -81 <END> 
<S> 55 60 64 67 / 51 63 66 75 78 / 45 57 66 75 78 / 44 56 68 77 80 <END> 
<S> 31 43 65 74 / 69 77 -38 -50 / 35 47 -69 68 74 / 77 -35 -47 -68 / 36 48 68 72 77 / 68 80 -36 -48 -68 -72 <END> 
<S> 62 65 71 74 / 77 -62 -65 -71 / 62 65 71 -77 -81 / 77 89 -62 -65 -71 / 44 56 -77 -77 / 65 77 -44 -56 / 48 60 -77 -65 -77 / 81 -48 -60 -77 / 48 60 79 / 72 77 -48 -60 <END> 
<S> 0 41 53 / 72 -41 -53 / 57 60 65 79 / 81 -57 -60 -65 / 41 53 -81 / 79 -41 / 53 56 62 68 / 74 -53 -58 -62 / 46 -74 / 79 -46 / 55 58 62 -79 / 77 -55 -58 -62 / 50 74 / 79 -50 / 55 58 62 77 / 76 -55 -58 -62 <END> 
<S> 46 58 74 / 73 -46 -58 / 53 58 62 -73 / 70 -53 -58 -62 / 50 65 77 / 74 -50 -65 / 53 58 62 -65 -77 / 67 -53 -58 -62 / 51 -67 / 70 -51 / 53 58 63 72 / 74 -53 -58 -63 / 41 75 / 77 -41 / 53 58 62 70 / 70 -53 -58 -62 <END> 
<S> 39 51 -70 -77 / 55 58 63 -72 / / 56 -63 -58 / 58 61 67 79 / 77 89 -58 -63 / 46 58 82 / 88 -46 / 52 58 61 84 / 80 -52 -58 -61 / 45 -80 / 80 -45 -57 / 56 61 65 80 / 77 82 -56 -61 -65 <END> 
<S> 37 49 76 80 / 80 -37 -49 / 53 56 61 77 -80 / 75 87 -53 -56 -61 / 44 56 77 80 86 / 72 84 -44 -56 / 37 49 77 85 / 73 80 -49 -37 / 53 56 61 77 82 / 76 82 -53 -56 -61 / 44 56 77 80 / 77 -44 -56 -77 / 41 53 70 73 77 82 / 68 -41 -53 -70 -82 <END> 
<S> 53 44 56 77 84 / 56 -44 65 68 77 / 80 77 -56 -61 -65 / 39 51 72 80 84 / 80 56 82 82 / 56 58 63 -82 80 / 46 70 77 80 / 81 -46 -58 -71 / 52 55 58 -70 -73 / 76 79 -52 -55 -58 -70 / 52 -70 -76 / 58 -52 -64 -70 -74 / 53 57 69 77 / 41 -69 -77 / 77 -41 -69 -77 <END> 
<S> 46 58 75 79 82 / 82 -46 -58 / 55 58 63 -82 / 82 -55 -58 -63 / 46 82 / 82 -46 / 55 58 62 86 / 41 53 70 74 82 / 58 62 68 77 / 69 81 -58 -62 / 41 53 -69 -72 / 77 -41 -53 / 43 55 70 76 / 72 -43 -55 / 45 57 60 72 <END> 
<S> 46 58 80 / 77 -46 -58 / 53 58 62 77 / 82 -53 -58 -62 / 41 81 / 79 -41 / 53 59 62 / 74 -53 -58 -62 / 50 62 / 70 -50 -62 / 47 59 68 71 / 74 -47 -59 -65 -68 / 39 51 72 76 / 70 -39 -51 -72 / 39 51 70 82 / 0 40 -39 -51 <END> 
<S> 0 43 55 / 70 82 -55 -62 / 55 58 61 67 79 / 75 -55 -58 -61 -64 / 38 75 74 -46 -58 / 55 58 62 67 79 / 70 82 -55 -58 -62 / 43 55 -70 -82 / 79 84 -43 -55 / 58 62 65 70 82 / 79 82 -58 -62 -68 / 46 73 77 / 79 -46 / 58 61 68 77 / 82 -58 -61 -68 <END> 
<S> 43 55 70 82 / 74 82 -43 -55 / 44 56 71 83 / 56 59 71 77 / 83 -56 -59 -71 / 44 56 82 / 56 -44 -56 / 45 57 75 / 77 80 -57 -60 / 48 75 / 87 -48 / 75 79 -48 / 0 67 -75 <END> 
<S> 0 46 / 74 84 / 0 56 82 / 0 80 / 0 75 / 0 75 / 0 81 / 0 63 75 / 0 69 / 0 54 57 60 63 / 0 57 63 / 65 60 64 76 <END> 
<S> 39 51 -67 -72 -77 / 0 46 58 -72 -75 / 0 46 58 / 70 -46 / 51 55 58 63 72 / 75 87 -55 -58 -63 / 0 55 67 72 75 75 / 0 67 72 76 79 / 0 52 -67 -72 / 72 -52 -67 -72 / 71 -52 -68 -72 <END> 
<S> 0 / 46 -75 / 58 73 -46 / 0 55 74 / 0 70 73 / 0 40 52 72 / 0 56 58 62 64 70 -40 -52 / 41 53 62 62 74 / 40 52 68 80 / 69 74 77 -46 / 48 53 68 80 72 77 / 74 80 -41 -53 -53 <END> 
<S> 41 53 62 65 69 / 41 53 -62 -65 -69 / 43 55 64 76 70 74 / 45 57 69 72 76 81 / 60 65 -69 -72 -81 / 70 72 77 -60 -65 / 45 57 72 76 78 / 60 65 77 -45 -57 -60 / 57 61 65 -66 -72 -77 <END> 
<S> 52 -72 -76 / -84 -52 -72 -76 / 52 57 60 -72 -76 -79 / 40 52 -72 -76 -81 / 79 -40 -52 / 41 53 76 / 74 86 -41 -53 / 44 56 75 83 / 87 -44 -56 -75 / 43 55 63 75 84 / 77 85 -55 -63 -64 <END> 
<S> 53 56 60 -65 -77 / 77 -53 -56 -60 / 41 53 75 / 72 -41 -53 / 42 54 75 / 68 -42 -54 / 43 55 69 / 72 75 -43 -55 / 45 57 -72 -75 / 72 75 -45 -57 / 46 58 73 / 74 -46 -58 / 44 56 -74 / 72 -44 -56 <END> 
<S> 39 51 -67 -72 / 72 -39 -51 / 51 56 60 70 / 75 -51 -56 -60 / 51 56 60 -82 / 68 80 -51 -56 -60 / 39 51 -72 -77 / 68 72 -39 -51 / 56 60 65 -68 -72 / 70 -56 -60 -65 / 44 56 68 72 / 51 56 60 68 72 / 39 51 56 60 72 / 46 44 -72 / 44 56 65 <END> 
<S> 51 56 61 -68 / 70 82 -51 -56 -56 -61 / 39 51 68 77 / 72 -39 -51 -68 / 51 56 60 -72 -80 / 67 71 -51 -56 -60 / 39 51 72 / 71 -39 -51 / 51 56 60 72 / 75 -51 -56 -60 / 43 55 -75 / 77 -43 -55 / 45 57 75 / 72 -45 -57 <END> 
<S> 39 51 72 / 51 63 72 -39 -51 / 38 50 -66 -72 / 66 -38 -50 / 0 -38 -50 / 0 40 52 / 64 -40 -52 / 48 60 64 69 / 74 -48 -60 -64 / 52 64 67 <END> 
<S> 0 / 60 64 69 / 0 57 63 / 0 62 64 74 / 0 63 72 76 84 / 0 64 67 72 76 / 31 43 65 -67 -72 / 66 75 -43 -43 / 67 71 74 -48 / 72 75 -43 -55 -60 <END> 
<S> 0 62 65 71 74 / 0 69 77 -34 -65 / 0 50 -69 -77 / 0 77 -50 / 0 52 76 / 0 48 60 75 / 0 45 57 72 / 57 60 63 -72 -84 / 81 -57 -60 -63 -70 / 64 67 72 76 / 69 77 -65 -64 / 33 45 -69 -76 / 67 71 -45 / 71 -33 -45 / 38 69 72 76 <END> 
<S> 0 / 72 84 / 84 88 / 61 65 69 72 77 81 / 70 82 81 / -54 -72 -81 -82 / 68 74 86 84 / 80 -45 -68 / 50 62 73 80 / 74 84 -50 -62 / 53 56 58 80 / 70 79 -53 -56 -58 / 41 53 -70 -82 / 75 -36 -41 -53 / 53 58 62 73 77 / 70 74 -53 -58 -62 <END> 
<S> 0 46 74 / 82 -46 / 53 58 62 -74 / 77 89 -53 -58 -62 / 41 53 -77 -89 / 77 89 -41 -53 / 53 58 62 -77 -77 / 70 82 -53 -58 -62 / 46 58 79 / 77 -46 -58 / 53 58 62 -77 / 79 -53 -58 -62 / 41 77 / 74 80 / 53 58 62 70 / 42 77 -53 -58 -63 <END> 
<S> 46 74 77 / 56 58 62 82 / 63 -74 -77 / 41 53 80 / 72 77 -41 -53 / 70 74 82 75 / 80 79 -41 -63 / 0 65 68 77 82 / 72 77 82 -65 -68 / 56 60 68 71 80 83 / 72 75 84 -56 -60 -65 / 44 -72 -75 -84 / 72 75 84 -44 / 53 56 60 68 72 <END> 
<S> 44 56 72 77 80 89 / 56 -44 68 74 80 56 72 77 80 -56 34 37 74 80 82 -56 -56 -65 -68 34 46 -80 -80 -70 / 0 82 -46 / 56 58 62 77 80 <END> 
<S> 54 66 72 75 78 / 55 -66 -72 -75 / 54 57 60 63 -72 -75 / 46 71 76 79 / 67 71 76 79 / 52 64 -67 -76 -79 / 0 68 -52 / 0 83 -52 / 0 45 57 72 76 84 / 0 56 -72 -76 -84 <END> 
<S> 0 52 67 72 79 / 0 55 60 69 72 76 79 / 55 59 64 67 71 74 / 79 -55 -59 -64 -67 -71 / 45 57 72 76 81 / 71 -45 -57 -72 -76 / 50 55 60 76 -69 -72 / 40 52 67 72 76 79 / 0 <END> 
<S> 47 71 / 72 84 / 57 60 64 72 / 74 -57 -60 -64 / 50 76 / 74 -50 / 57 60 65 76 / 74 86 -60 -65 / 43 55 -76 -81 / 77 87 / -43 -55 / 69 81 -41 / 36 48 -69 / 79 -36 -48 / 0 67 / 67 -36 -48 <END> 
<S> 43 71 80 83 / 74 82 -43 / 55 59 62 83 / 83 -55 -59 -62 / 50 -74 / -83 81 / 55 59 62 83 / 83 86 -55 -59 -62 / 0 83 / 55 59 65 83 / 80 84 -55 -59 -65 / 55 60 86 / 83 -48 -55 -60 / 55 88 -51 91 / 83 86 -55 -59 -62 / 0 83 86 86 / 0 79 83 <END> 
<S> 43 55 71 83 / 67 79 -43 -55 / 55 59 65 77 -67 -79 / 69 78 81 -53 -55 -59 -65 / 50 62 -69 -77 -83 / 76 82 -50 / 55 59 65 76 83 / 74 86 -55 -59 -65 / 43 55 83 88 / 55 59 62 88 83 86 / 86 83 88 88 -43 -62 / 86 88 86 -86 -86 / -86 88 -86 / -86 88 84 / 84 86 88 -86 / 88 86 88 <END> 
<S> 29 29 41 71 77 81 / 0 / 0 / 43 55 65 67 70 / 0 / 29 44 68 77 / 0 56 60 62 / 64 72 -56 -62 -62 / 63 72 -56 -60 -65 / 62 65 71 / 44 -62 -65 <END> 
<S> 63 69 / 68 71 -48 / 60 63 72 75 / 87 -60 -63 -72 / 44 56 72 72 74 / 56 60 65 -72 -72 -78 / 66 72 -56 -60 -65 / 0 45 -66 -69 / 0 44 56 65 / 68 -38 -50 / 0 53 69 <END> 
<S> 66 69 72 75 81 / 63 -69 -72 -78 -81 / 60 -69 -72 -75 -81 / 57 60 -69 -75 -81 / 56 60 63 -75 -81 / 55 60 63 75 79 / 43 55 67 79 / 78 -43 -55 -67 / 58 60 64 -67 -70 / 75 -43 -58 -64 -67 / 48 55 58 -64 -67 / 67 70 -55 -61 -64 / 50 69 73 / 54 57 60 72 75 <END> 
<S> 43 55 70 76 / 71 82 -43 -55 / 44 56 74 77 / 76 82 84 / -40 -52 / 55 59 80 / 72 76 79 -55 -59 / 48 67 77 / 76 79 / 55 60 64 -76 -79 / 45 78 82 / 57 60 66 76 81 <END> 
<S> 36 48 76 79 84 / 84 -36 -48 -76 -79 / 58 60 64 88 -76 -79 / 76 81 -58 -60 -64 / 40 52 -82 / 72 79 -40 -52 / 55 58 61 73 / 76 -55 -58 -61 / 0 39 51 / 68 -39 -51 / 51 56 60 72 / 68 -51 -56 -60 / 44 56 68 / 72 -44 -56 / 45 56 75 / 72 -45 <END> 
<S> 39 51 -67 -72 -75 / 83 -39 -51 / 51 55 60 82 86 / 72 84 -51 -55 -60 / 42 54 -72 -78 -84 / 81 -42 -54 / 54 60 63 84 87 / 41 53 68 80 / 68 80 -47 -53 / 56 60 -68 -80 / 77 80 89 -56 -60 / 39 51 -77 -80 -84 / 75 87 -39 -51 / 51 56 60 80 <END> 
<S> 56 61 68 80 / 70 82 -56 -61 -65 / 44 56 68 72 77 80 / 56 68 73 77 -68 -72 / 74 -56 -56 -65 -68 / 53 72 75 / 84 -44 / 56 60 63 67 / 70 -56 -58 -60 / 48 72 / 70 -48 / 60 -48 63 / 67 -48 -60 / 51 57 60 63 / 63 -51 -57 -63 <END> 
<S> 0 52 / 60 -40 -52 / 55 58 61 64 / 76 -55 -58 -61 / 45 57 70 / 57 60 65 69 / 41 -57 -60 -65 / 74 -41 -53 -57 / 42 54 70 / 75 -42 -54 <END> 
<S> 57 60 65 -69 / 68 -57 -60 -65 / 69 -41 -53 / 68 72 -53 -57 -60 / 0 67 70 -60 / 0 69 72 -54 -58 / 0 47 71 74 77 / 0 73 68 76 -41 / 0 50 62 71 -68 / 0 70 78 -50 -62 / 0 48 60 68 72 / 0 36 48 70 74 <END> 
<S> 0 / 62 74 / 44 56 60 64 / 43 55 62 67 71 / 63 66 -43 / 50 62 66 70 / 69 74 -50 -62 / 50 69 78 / 60 62 70 -78 <END> 
<S> 38 50 66 69 72 / 0 43 55 67 71 76 / 0 67 71 74 / 0 50 69 -67 -71 -74 / 0 38 50 67 70 77 / 0 65 71 74 -38 -50 <END> 
<S> 0 32 44 / 72 77 81 -44 -56 -62 / 56 60 65 -68 -72 -77 / 72 -56 -60 -65 / 41 53 77 -72 / 80 -41 -53 / 53 57 62 77 / 75 -53 -57 -62 <END> 
<S> 53 55 60 70 / 65 -53 -55 -60 / 53 58 62 -53 / 60 -53 -58 -62 / 53 57 65 / -53 -57 -65 / 50 62 65 / 68 -50 -62 -65 / 53 58 -65 -65 -68 / 64 72 -55 -65 / 53 56 61 65 77 / 70 82 -53 -56 -61 -65 <END> 
<S> 41 53 65 / 72 -41 -53 / 53 57 62 77 / 65 77 -53 -57 -62 / 48 -65 -69 / 76 -48 / 57 61 65 72 / 73 -57 -61 -65 / 53 65 / 52 -65 / 50 62 77 / 68 77 -50 -62 / 50 62 65 -77 -81 / 68 80 -38 -50 -62 / 36 48 79 65 81 / 77 84 -36 -48 -48 / 53 57 61 -77 -86 / 76 81 -53 -57 -61 <END> 
<S> 0 41 53 / 65 -41 -53 -65 / 0 49 61 64 67 / 70 73 -49 -61 -64 / 46 58 65 73 / 65 77 -46 -58 / 51 55 61 -65 -77 / 60 70 -51 -61 / 46 58 70 / 73 82 -46 -58 / 51 55 61 87 85 / 75 79 -51 -55 -61 / 39 51 79 82 / 77 80 89 -39 -51 / 58 62 75 -77 -82 -86 <END> 
<S> 0 34 46 82 / 0 84 -34 -46 / 39 51 63 75 83 / 56 60 68 80 / 72 84 -56 -60 -65 / 0 75 -80 / 0 80 82 / 0 46 58 83 / 68 75 82 -46 -58 / 44 56 68 80 / 75 -44 -56 / 43 55 75 / 63 75 -43 -55 / 39 51 63 75 / 75 -39 -51 <END> 
<S> 40 52 75 79 82 / 78 80 87 -55 / 56 58 63 72 84 / 75 46 -58 -63 / 55 58 63 79 / 78 81 -55 -58 -63 / 48 58 -79 -82 / 75 79 -48 -58 / 46 58 -75 -79 / 73 77 82 -46 -58 / 58 62 76 74 86 -82 / 72 84 -58 -58 -62 / 53 58 62 -72 -84 / 70 74 82 -53 -58 -62 / 41 -70 -74 -77 / 70 82 -46 / 53 58 62 72 77 -70 / 74 
<S> 46 58 70 74 82 / 72 84 -46 -58 / 53 58 62 70 / 77 -53 -58 -62 / 41 74 / 77 89 / 58 62 65 -77 / 82 -58 -62 -65 / 0 45 / 80 -45 / 57 60 65 81 / 77 -57 -60 -65 / 50 -58 -77 / 81 -50 86 / 54 60 75 -78 / 78 81 -54 -60 -63 <END> 
<S> 42 54 69 / 81 -42 -54 / 54 57 60 78 / 81 -54 -60 -57 / 49 61 79 / 82 -49 -61 / 48 58 61 -87 / 82 -48 -58 -61 / 45 85 / 0 86 / 43 55 75 / 79 -43 -55 / 55 58 63 -79 / 75 -55 -58 -63 / 46 58 72 / 48 55 58 60 82 / 0 55 58 63 67 79 / 0 57 63 65 69 <END> 
<S> 43 55 75 79 / 74 77 -43 -55 / 55 60 62 72 / 71 74 79 -55 -62 -64 / 41 -71 -74 -79 / 69 77 81 / 55 59 65 77 79 / 43 55 65 77 / 67 70 -43 -55 / 55 -43 -65 -70 / 72 79 / -55 -70 / 53 65 74 / 77 -53 -65 / 43 55 65 74 77 / 53 55 59 65 77 / 67 74 76 -55 -59 <END> 
<S> 43 55 65 70 74 / 45 -43 / 67 73 -45 / 55 -67 -72 / 66 74 -67 / 64 67 72 / 65 68 70 / 92 -68 -68 / 51 68 72 / 51 56 60 -68 / 68 -51 -56 -60 / 51 56 60 -68 / 72 -51 -56 -60 / 39 51 68 / 70 -39 -51 <END> 
<S> 0 42 54 / 68 72 -42 -54 / 54 60 62 69 72 75 / 71 74 78 -60 -62 -66 / 42 54 72 77 / 60 54 60 71 83 / 81 -54 -60 -62 -72 / 55 60 65 81 / 0 57 60 64 67 72 / 0 / 45 57 66 72 75 / 78 -45 -57 -66 -72 -75 / 54 60 62 66 72 72 74 80 <END> 
<S> 64 69 72 75 81 / 77 -69 -72 -75 / 60 -69 -72 -75 -78 -81 / 59 -69 -72 -75 -81 / 57 60 63 -69 -81 -75 -81 / 43 55 65 76 79 / 71 77 -43 -55 / 50 55 59 -71 -77 / / 71 -50 -53 -59 / 50 55 59 71 / 65 69 -50 -55 -59 / 51 55 59 65 -67 / 67 72 -51 -55 -55 / 45 57 -67 -72 / 72 -45 -57 / 46 58 73 / 74 -58 <END> 
<S> 43 55 71 76 / 67 -43 -55 / 55 58 62 -67 / -79 -55 -58 -62 / 55 61 64 / 76 -55 -58 -61 / 0 73 85 / 55 58 62 74 78 83 / 72 75 84 -55 -58 -62 / 46 -72 -74 -81 / 72 76 77 -46 / 58 60 64 72 74 79 <END> 
<S> 0 / 70 74 82 / 81 -45 / 58 62 67 79 / 70 74 -58 -62 -68 / 46 -70 -74 / 77 -46 / 53 58 62 77 / 70 82 -53 -58 -62 / 51 63 67 79 / 46 58 -67 -79 / 45 57 63 -75 / 43 55 61 64 70 <END> 
<S> 51 70 77 / 79 -51 -70 / 55 58 63 -70 -79 / 75 -55 -58 -63 -70 / 43 55 70 / 72 -43 -55 / 42 54 70 73 / 73 -42 -54 -70 / 41 53 70 74 77 / 56 58 62 70 74 77 / 39 74 77 84 / 56 58 62 74 77 86 / 72 75 84 -56 -58 -62 <END> 
<S> 41 53 70 74 77 / 72 -41 -53 -70 / 53 58 62 73 -70 / 70 74 79 -53 -58 -62 / 41 -70 -74 -82 / 75 79 / 53 58 62 74 77 / 73 -53 -58 -62 -67 / 51 70 79 / 50 55 59 -70 / 36 -50 -55 -59 / 70 -50 -55 -59 / 38 50 72 74 / 54 58 62 74 <END> 
<S> 46 58 74 / 75 79 -46 -58 / 58 62 67 74 79 / 70 82 -58 -62 / 43 -70 -82 / 79 82 / 58 62 81 -70 -74 / 74 82 -58 -62 -70 / 42 54 75 87 / 78 -42 -54 / 42 54 81 82 / 75 81 -42 -54 / 43 55 -75 -82 / 73 76 85 -43 -55 / 44 56 -76 -82 / 72 84 -44 -56 / 45 60 72 84 / 41 53 80 / 43 75 79 <END> 
<S> 39 51 72 75 84 / 68 72 75 80 -53 / 63 -68 -72 -75 -80 / 67 72 75 79 / 63 66 75 / 0 67 / 0 75 79 / 0 78 87 / 0 81 / 0 82 86 / 0 80 83 / 0 82 86 / 0 80 86 / 0 80 87 / 0 82 <END> 
<S> 0 53 -67 / 81 -53 -60 -62 / 57 63 72 / 84 -51 -63 / 41 60 67 / 53 62 65 -41 / 48 64 70 74 / 58 62 64 70 -40 / 41 53 69 77 / 79 -41 -53 / 53 58 62 77 / 74 -53 -58 -62 / 43 -74 / 72 -43 / 53 55 59 71 / 74 -53 -55 -59 <END> 
<S> 41 53 62 65 / 70 -41 -62 -65 / 39 51 72 76 / 70 73 -42 -51 / 41 53 65 74 / 70 73 -41 -53 / 53 58 62 73 74 / 72 -53 -58 -62 / 51 63 65 / 72 -51 -63 / 41 53 68 / 72 75 -41 -53 / 39 51 -68 -72 -75 / 70 73 -39 -51 <END> 
