<S> 55 67 / 57 69 / 54 66 / 55 67 / -55 -67 / 60 72 / 59 71 / 57 69 / 55 67 / 57 69 / 54 66 / 55 67 / -55 -67 / 64 76 / 62 74 / 60 72 <END> 
<S> 55 67 / 55 67 / 66 69 / 57 69 / 59 -69 -74 / 69 81 / 55 59 -69 -75 -79 / 77 -55 -59 / 59 74 / 75 -47 -59 / 55 60 76 / 75 -55 -60 / 54 60 63 69 75 78 <END> 
<S> 50 62 79 / 70 82 -50 -62 / 49 61 67 79 / 77 -49 -61 -67 / 46 58 85 / 82 -46 / 55 58 62 -82 / 78 82 86 -55 -58 -62 / 38 50 77 89 / 80 -38 -38 -50 / 53 58 62 77 82 / 86 -53 -58 -62 -70 / 46 79 82 / -46 82 / 58 62 68 77 <END> 
<S> 55 58 62 70 / 79 82 -55 -58 -62 / 55 58 62 -82 / 75 -55 -58 -62 / 50 54 93 / 79 -50 / 54 58 62 78 / 74 78 86 -58 -62 / 44 56 -74 -82 -86 / 75 87 -38 -50 / 54 58 62 74 86 78 / 72 78 82 -56 -58 -62 / 51 -69 -72 -78 -81 / 72 77 80 -51 / 54 58 73 75 79 82 <END> 
<S> 50 62 71 74 83 / 74 -50 -62 / 50 55 59 84 / 83 -50 -55 -59 / 47 59 74 / 83 -47 -59 / 55 59 65 86 / 81 -55 -59 -65 / 0 48 60 / 72 -48 -60 / 55 60 64 76 / 79 -55 -60 -64 / 52 -79 / 84 -52 / 55 58 64 70 / 76 -55 -58 -61 -64 <END> 
<S> 48 60 76 / 75 79 -48 -60 / 55 60 64 -76 -79 / 72 76 81 -55 -60 -64 / 46 58 -67 -76 / 76 -46 -58 / 55 58 64 70 / 0 57 65 / 0 65 77 / 0 77 -65 / 0 77 -41 / 0 41 53 / 77 -41 -53 <END> 
<S> 55 60 65 74 / 56 62 65 77 / 55 59 65 74 / 48 60 72 / 67 -48 -60 / 55 60 64 68 / 69 72 77 -60 -64 / 48 60 -69 -72 -76 / 72 76 -60 -69 / 36 48 72 76 81 / 56 60 64 70 76 <END> 
<S> 48 60 -66 -72 / 68 -48 -60 / 51 56 60 65 72 / 40 52 72 78 80 / 42 54 70 82 80 / 43 55 -70 -82 / 42 54 70 73 / 41 53 -70 -74 / 39 51 70 79 / 41 53 -70 -75 / 34 46 70 74 77 / 70 74 -34 -46 <END> 
<S> 34 46 70 82 / 74 77 82 -46 / 53 58 62 -74 -77 -82 / 72 74 79 -53 -58 -62 / 46 58 -74 -79 / 70 74 79 -46 -56 -58 / 36 48 65 70 77 / 48 63 75 / 70 82 -48 / 53 56 61 -75 / 77 -53 -56 / 41 53 80 / <END> 
<S> 48 60 75 / 65 -48 -60 / 56 60 63 -65 -72 / 68 -56 -60 -63 / 51 63 67 75 / 68 70 -51 -75 / 54 56 60 -68 -75 / 70 -56 -60 -63 / 67 70 -56 / 67 79 -43 -55 / 44 56 68 80 / 51 56 60 68 80 / 68 80 -56 -60 -68 / 39 51 70 82 / 72 84 -39 70 / 44 56 72 75 80 <END> 
<S> 44 56 68 72 / 74 -32 -44 -56 / 51 56 60 72 / 72 -51 -56 -60 / 39 51 68 / 72 75 -39 -51 / 40 52 70 73 / 72 -52 80 / 0 51 63 / 75 -51 -63 / 0 68 / 80 -51 -63 / 0 82 / 80 84 -51 / 52 59 83 88 / 80 84 -52 -59 <END> 
<S> 51 56 60 68 72 75 / 71 74 77 -44 -56 -60 / 43 55 72 -71 -77 / 60 72 -43 -71 -76 / 48 60 64 -72 -79 / 47 59 68 77 / 76 -47 -59 / 47 59 64 76 / 75 -59 -59 -68 / 0 76 / 0 77 / 0 76 79 / 0 80 / 0 76 83 <END> 
<S> 0 48 60 / 67 -48 -60 / 55 60 63 76 / 81 -55 -60 -63 / 41 53 69 81 / 72 77 -41 -53 / 48 60 -72 -65 -69 / 69 -48 -60 -69 / 41 53 -69 -69 / 72 -41 -53 -69 / 0 42 54 69 / 0 43 55 / 41 53 69 75 / 46 58 -69 -72 / 70 74 -46 -58 / 44 56 72 75 <END> 
<S> 41 53 69 -65 -69 -77 / 41 53 -69 -77 / 42 54 69 72 -41 / 43 55 70 76 / 72 76 -43 -55 / 42 54 70 72 / 69 81 -42 -54 / 41 53 65 70 / 77 -41 -53 -65 / 43 55 76 / 79 -43 -55 / 45 57 -79 / 74 -45 -57 / 46 58 -74 / 79 -46 -58 / -46 -58 -79 <END> 
<S> 45 57 65 72 77 / 51 63 72 75 79 / 57 60 -63 -67 -75 -79 -79 / 46 58 72 79 82 / 80 -46 -58 -73 / 36 48 84 82 / 82 -36 -48 / 58 60 64 70 82 / 72 76 -58 -60 -64 / 48 60 -72 -81 / 76 -48 / 58 61 64 79 / 82 -58 -60 -64 / 36 48 76 82 / 80 -36 -48 -76 / 81 -48 -56 -76 / <END> 
<S> 0 60 65 82 / 0 81 -60 -65 / 0 73 85 / 0 82 / 0 78 84 -57 / 0 48 72 75 / 77 81 -48 -63 -72 / 0 55 60 64 70 / 0 48 67 72 75 / 58 63 67 70 79 / 52 -67 -70 -79 / 55 60 63 -70 -79 <END> 
<S> 48 60 72 / 81 -48 -60 -72 / 55 60 63 -72 -76 -84 / 75 -55 -60 -63 / 0 52 / 0 76 79 -52 / 52 55 60 -76 -79 / -52 48 72 76 84 / 45 57 72 76 81 / 45 57 72 76 84 / 44 56 72 74 76 <END> 
<S> 45 57 72 76 84 / 76 -45 -57 -72 -76 / 57 60 65 69 77 81 / 71 77 83 -57 -60 -65 / 45 57 72 78 84 / 77 81 -45 -57 -66 / 51 54 60 72 78 83 / 72 78 81 -51 -57 -60 -64 / 38 50 72 78 78 / 70 82 -38 -50 / 54 60 60 66 72 78 / 74 78 86 -60 -66 / 38 50 -60 -74 -78 -86 / 60 62 72 78 / 77 -60 -60 -62 -78 <END> 
<S> 38 50 71 74 77 83 / 69 -38 -50 -78 -77 / 81 62 71 74 86 -48 / 59 65 -69 -74 -81 -86 / 83 -38 -50 -62 / 55 60 64 74 79 / 45 57 72 78 / 43 55 71 76 79 / 50 55 59 -67 -71 -79 / 76 -50 -55 -59 -67 / 50 55 59 71 / 71 74 -50 -55 -59 / 43 55 -71 -74 / 67 -43 -55 / 45 52 67 / 62 69 -45 -45 / 38 50 -45 -57 -69 
<S> 50 71 77 / 71 81 83 -50 / 55 59 65 -71 -79 -83 / 71 77 83 -55 -59 -65 / 43 55 -71 -77 -83 / 81 -43 -55 -71 / 55 59 65 71 77 79 / 83 -55 -59 -65 -71 -77 / 0 48 60 72 76 / 0 67 72 -48 -72 / 0 36 48 67 71 76 / 0 65 72 75 -36 -48 <END> 
<S> 48 60 72 76 84 / 71 -48 -60 -72 -76 / 55 59 76 74 86 / 79 -55 -59 -67 -71 -79 / 76 88 -49 -55 -59 -64 / 0 43 55 67 79 / 55 58 64 76 -67 -70 / 50 -48 55 -67 -70 -76 / 52 55 -67 -64 -67 -73 <END> 
<S> 43 55 71 77 81 / 59 62 65 -71 -77 -83 / 67 71 77 -59 -62 -65 / 50 53 65 77 / 74 79 -50 -53 / 53 77 -71 -53 / 79 -53 -71 -77 / 57 62 65 71 74 81 / 69 77 81 -50 -62 / 57 65 -69 -77 -81 / 77 81 86 -57 -65 <END> 
<S> 50 62 77 / 76 -50 -62 / 55 59 65 81 / 79 -55 -59 -65 / 43 55 77 / 81 -43 -55 / 55 59 65 79 / 77 -55 -59 -65 / 48 60 76 / 75 -48 -60 / 55 60 63 67 / 72 -55 -60 -63 / 43 55 70 / 71 -43 -55 / 39 51 67 72 / 0 <END> 
<S> 48 60 72 / 76 -48 -60 / 55 60 64 79 / 72 81 -55 -60 -64 / 43 55 -77 -81 / 79 -43 -55 / 55 60 64 81 / 48 -55 -60 -64 / 36 48 76 / 48 60 77 / 67 79 -48 -58 -60 <END> 
<S> 52 55 60 76 / 72 76 -52 -55 -60 / 52 57 60 -64 -72 -76 / 40 52 -72 -76 -79 / 41 53 69 81 / 40 52 67 72 76 / 48 60 -67 -72 -76 / 47 59 64 -67 -76 / 45 57 67 72 76 <END> 
<S> 41 53 69 72 74 / 71 -41 -53 / 57 60 69 72 / 69 81 -57 -60 -63 / 0 77 / 0 72 / 0 69 72 / 0 66 72 84 / 63 69 72 84 / 53 57 60 63 72 <END> 
<S> 0 53 69 / 81 -53 -57 / 57 60 65 81 / 77 -57 -60 -65 / 43 55 -77 / 82 -43 -55 / 42 54 69 / 72 -42 -54 / 43 55 70 / 75 -43 -55 / 39 51 72 / 84 -39 -51 / 39 51 63 / 87 -39 -51 <END> 
<S> 39 51 -70 / 72 -39 -51 / 51 54 60 70 82 / 72 -51 -54 -60 / 43 55 -70 / 75 -43 -55 / 45 57 63 / 67 -45 -57 / 46 58 65 / 70 -46 -58 / 51 55 58 67 / 79 -55 -58 -63 / 51 55 61 82 / 82 -51 -55 -61 / 39 51 82 / 82 -39 -51 / 43 55 -82 / 75 -43 -55 <END> 
<S> 46 58 70 / 74 -46 -58 / 44 56 75 79 / 77 -44 -56 -65 / 43 55 75 / 76 -43 -55 / 45 57 75 / 72 -45 -57 / 46 58 73 / 74 -46 -58 / 51 55 61 70 73 / 70 82 -51 -55 -61 / 39 51 -70 -73 / 73 -39 -51 / 51 55 61 -73 / 70 -51 -55 -61 <END> 
<S> 46 58 70 75 / 74 -46 -58 / 39 51 72 / 78 -39 -51 / 43 55 70 / 75 -43 -55 / 44 56 74 / 72 -44 -56 / 51 56 60 68 / 72 -51 -56 -60 / 39 51 75 / 70 77 -39 -51 / 51 56 60 63 70 / 67 72 -51 -56 -60 -63 / 39 51 -67 -72 / 70 -39 -51 / 39 51 56 70 / 72 -39 -51 -56 <END> 
<S> 44 56 72 75 / 72 75 80 -44 -56 -72 / 51 56 60 -72 -75 -75 -83 / 72 84 -51 -56 -60 / 39 51 -72 -84 / 73 77 82 -39 -51 / 55 58 61 -70 -73 -82 / 75 80 -58 -61 -70 / 41 53 70 82 / 77 -41 -53 -70 / 56 58 61 65 80 / 80 82 -56 -58 -65 / 37 49 77 89 / 80 -37 -49 / 53 56 61 77 85 / 72 84 -53 -56 -61 <END> 
<S> 46 58 65 77 / 70 73 77 -46 -58 / 53 58 62 73 -77 -82 / 70 74 79 -53 -58 -62 / 50 -70 -74 -77 / 73 -50 82 / 56 58 62 74 / 80 82 -56 -58 -62 / 0 50 85 / 54 75 80 80 / -51 -54 -72 -75 / 55 58 63 73 -75 / 43 55 70 72 79 / 55 58 63 -70 -72 -76 / 46 58 70 74 79 / 0 76 -46 <END> 
<S> 0 70 82 75 84 / 0 72 84 87 / 0 / 48 75 87 / 80 84 -48 / 51 56 60 -80 -84 / 75 78 -51 -56 -60 / 36 48 72 79 / 72 77 81 -36 -48 / 57 60 -72 -75 -81 / 72 78 84 -57 -60 -65 / 0 53 -72 -84 / 56 60 63 72 -53 / 77 -53 -56 -60 -63 / 55 75 87 / 79 -56 / 60 63 75 -76 -79 / 72 78 90 -60 -63 <END> 
<S> 48 72 75 84 / 53 60 63 68 80 -81 / 69 75 81 -53 -60 -63 / 45 -69 -75 -81 / 77 -69 -72 / 53 57 63 -69 -77 / 46 74 89 / 53 65 68 -74 / 62 -65 -68 -74 / 0 45 -65 -69 -74 -77 / 39 51 70 -65 -70 / 41 53 -65 -70 -74 / 39 51 -65 -69 -77 / 43 55 65 67 71 / 48 57 -65 -67 -75 / 46 58 -67 / 67 70 -58 <END> 
<S> 58 62 65 70 74 / 57 -62 -65 -70 -74 / 43 55 -62 -65 -70 -74 / 43 55 70 -65 -70 / 48 -62 -65 -70 / 36 -62 -65 -70 / 38 50 -62 -65 / 67 -38 -50 / 0 55 58 64 / 0 65 -55 -58 -64 / 63 67 72 -55 / -63 -67 -55 -67 / 66 69 79 -45 / 0 67 <END> 
<S> 0 50 62 / 67 71 -50 -62 / 53 60 63 69 69 / 71 -53 -57 -63 / 59 65 72 / 69 78 -65 / 51 63 72 / 75 -51 -63 / 0 50 62 68 77 / 0 53 56 59 -68 -74 / 0 53 56 68 / 0 56 -44 -56 <END> 
<S> 42 54 70 / 78 -42 -54 -70 / 46 58 -70 -78 / 75 -46 -58 / 51 63 66 78 / 69 -51 -63 -66 / 0 -51 -66 / 0 60 63 75 / 0 53 56 68 / 46 -53 / 56 68 80 / 80 -53 -56 / 51 54 57 63 72 / 0 54 75 <END> 
<S> 48 60 -68 / 75 -48 -60 / 56 61 67 70 / 75 -56 -61 -66 / 39 51 68 77 / 75 80 -39 -51 / 51 56 60 68 80 / 72 -51 -56 -60 / 32 44 68 / 72 75 -44 -56 / 56 60 63 -72 -75 / 72 75 84 -56 -60 -63 / 39 67 -75 -84 / 70 73 -39 -51 / 42 54 72 / 72 -42 -54 / 41 56 70 / 75 -42 -54 <END> 
<S> 39 51 -70 -75 -80 / 38 50 -70 -75 / 40 52 70 82 / 39 51 -70 -82 / 40 52 -70 -82 / 41 53 -70 -73 / 40 52 -70 -72 / 36 48 72 76 84 / 0 41 53 68 72 77 / 0 57 60 65 69 72 77 / 70 74 77 -57 -60 -65 / 41 53 70 -65 -71 -77 / 81 -41 -53 -65 -70 / 43 60 65 69 77 / 70 74 77 -36 -48 -60 / 48 60 -69 -72 -77 / 68 
<S> 41 53 68 80 / 70 -41 -53 81 / 40 52 72 77 84 / 68 72 80 -40 -52 / 49 -68 -72 -80 / 70 73 77 82 -36 / 53 58 61 -70 -73 -80 / 41 53 -70 -74 -82 / 40 52 -70 -82 / 41 53 -70 -74 -80 / 39 51 -70 -74 -80 / 41 53 70 74 80 82 / 34 46 70 74 77 80 <END> 
<S> 34 46 70 82 / 74 -34 -46 / 53 58 62 77 / 69 81 -53 -58 -62 / 41 -69 -81 / 67 79 -41 / 53 58 62 -67 -79 / 70 74 -53 -58 -62 / 46 65 77 / 70 82 -46 / 53 58 62 67 79 / 65 77 -53 -58 -62 / 50 -65 -77 / 63 -50 / 53 62 65 / 67 -53 -50 -62 <END> 
<S> 46 58 70 74 / 65 70 -46 -58 / 53 58 62 67 74 / 65 70 -53 -58 -62 / 41 -65 -65 -70 / 72 -41 -62 -65 / 56 65 74 77 / 77 -56 -60 -65 / 43 55 65 72 / 81 -43 -55 / 55 60 64 79 / 72 -55 -60 -64 / 48 60 64 67 / 72 -48 -60 -64 / 45 57 66 72 / 65 71 -45 -57 / <END> 
<S> 44 -72 / 72 84 / 51 56 60 84 / 68 -51 -56 -60 / 39 51 72 / 70 -39 -51 / 51 56 60 68 / 68 -51 -56 -60 / 44 56 68 / 72 -44 -56 / 51 56 60 75 / 72 77 -51 -56 -60 / 45 57 -72 -75 / 75 -45 -57 / 46 58 77 / 69 73 -58 -61 <END> 
<S> 44 56 72 / 80 -44 -56 / 51 56 60 66 75 / 72 44 -56 -60 / 39 51 72 / 80 -39 -51 / 51 56 60 -80 / 82 -51 -56 -60 / 44 56 72 / 71 -44 -56 / 51 56 60 72 / 72 77 -51 -56 -60 / 45 57 75 / 72 75 -45 -57 / 42 54 63 73 75 <END> 
<S> 44 56 72 75 84 / 80 -44 -72 -75 / 51 56 60 80 -72 -75 / 72 75 84 -51 -56 -60 / 39 51 -72 -75 -84 / 72 84 -39 -51 / 51 56 60 70 82 / 68 80 -51 -56 -60 / 39 51 68 72 75 80 / 56 60 66 -68 -72 -75 -80 / 70 72 78 82 -56 -60 -66 / 42 -68 -72 -78 / 72 84 -42 / 51 60 66 78 / 82 78 -60 -66 <END> 
<S> 44 56 68 72 80 / 56 68 71 -68 -72 -80 / 71 74 80 -38 -50 / 41 53 68 80 / 79 82 -41 -53 / 40 52 68 80 -82 / 42 39 70 82 / 42 54 -42 -70 / 43 55 58 -70 -82 / 41 53 82 / 80 -41 -53 / 43 55 75 / 75 79 -43 -55 / 39 51 -75 -79 / 78 -39 -51 -75 <END> 
<S> 46 58 -70 -72 -82 / 75 -46 -58 / 51 55 61 75 / 79 -51 -55 -61 / 39 51 75 / 77 -51 -51 / 51 54 63 75 / 72 75 -51 -55 -58 / 44 56 -72 -75 / 66 75 -44 -56 / 51 56 60 68 72 80 / 68 71 -51 -56 -60 / 51 56 60 72 75 / 71 -51 -56 -60 / 72 75 -43 -56 -60 / 44 56 -72 -75 / 77 -44 -56 -72 <END> 
<S> 44 56 71 75 83 / 72 75 84 -44 -56 / 51 56 60 -72 -75 -84 / 72 76 84 -51 -56 -60 / 39 51 -72 -75 -84 / 72 84 -39 -51 / 51 56 60 70 82 / 75 87 -51 -56 -60 / 39 51 78 -70 -72 -75 / 80 -39 -51 -70 -75 / 51 56 60 63 -70 -75 -79 / 0 39 51 -70 -75 -79 -82 / 0 46 58 70 75 82 <END> 
<S> 39 51 72 75 78 84 / 56 60 66 -68 -72 -75 -84 / 70 72 82 -56 -60 -66 / 39 51 -70 -72 -82 / 72 75 -39 -51 / 51 56 60 70 72 / 44 68 72 / 51 63 56 72 75 / 68 80 -56 -60 -63 / 39 51 67 84 / 70 82 -39 -51 / 51 56 61 80 89 / 72 87 -51 -56 -61 / 44 56 60 80 / 65 72 -44 -56 <END> 
<S> 0 39 51 / 75 -39 -51 / 51 56 60 70 82 / 72 -51 -56 -60 / 39 51 75 / 72 -39 -51 / 51 56 60 68 / 70 -51 -56 -60 / 41 53 68 / 75 -41 -53 / 56 58 62 77 / 68 -56 -58 -62 / 46 -68 / 68 -46 / 56 58 68 -68 / 74 -56 -58 -62 <END> 
<S> 53 60 63 68 / 65 -53 -60 -63 / 0 58 61 64 68 / 0 65 52 55 58 64 -64 -67 68 -76 -52 / 0 57 60 64 67 72 76 / 0 72 84 / 31 43 71 74 77 82 / 55 59 65 68 76 77 77 <END> 
<S> 0 32 68 / 0 83 / 0 56 60 64 / 0 -56 -60 / 0 56 68 / 71 -44 -56 / 59 60 62 -71 / 68 -59 -59 -65 / 41 -68 / 71 -41 / 56 60 62 72 / 68 -56 -60 -62 / <END> 
<S> 52 59 68 / 71 -52 -52 / 56 61 62 -68 / 68 -56 -59 -62 / 51 56 60 -68 / 72 -51 -56 -60 / 0 39 51 / 75 -39 -51 / 48 60 -75 -79 / 45 72 75 80 / 51 56 60 -68 -75 / 72 75 -51 -56 -60 <END> 
<S> 42 54 -70 -75 / 78 -42 -54 -70 -75 / 58 61 66 76 -70 -78 / 41 53 -70 -75 -79 / 40 52 -70 -76 -82 / 41 53 70 81 / 77 -41 -53 / 42 54 75 81 / 72 84 -42 -54 / 43 55 76 82 86 / 73 85 85 -43 -55 / 41 53 -79 -82 -86 / 73 81 -41 -53 -57 -82 / 46 58 81 -82 / 74 79 82 -46 -58 / 53 58 62 82 -82 / 74 81 -53 -58 
<S> 41 53 75 84 / 82 -41 -53 -75 / 60 62 68 80 / 76 89 -60 -64 -68 / 36 48 -68 -76 / 79 -36 -48 -68 / 56 60 68 80 / 66 -56 -60 -64 / 53 56 60 68 / 68 -53 -56 -60 / 42 54 -68 / 72 -42 -54 / 0 54 66 / 0 55 59 <END> 
<S> 0 53 65 / 77 -32 -53 -65 / 53 56 61 -65 -73 / 70 82 -56 -61 -65 / 85 -41 -70 / 52 68 80 / 56 61 66 -68 / 0 73 / 39 51 72 78 / 84 -72 -75 / 44 56 -72 -75 -84 / 71 82 -72 -75 -84 / 80 -43 -55 -72 -76 -84 <END> 
<S> 0 56 61 64 71 / 73 82 -56 -61 -64 / 44 56 68 80 89 / 56 61 65 68 80 / 40 52 68 77 / 53 56 68 80 / 62 77 -68 -53 -56 -62 / 34 46 68 80 / 70 73 77 -34 -46 -68 / 51 56 61 68 72 80 / 70 73 78 82 -56 -61 -68 / 39 51 -70 -77 -80 / 72 75 -39 -51 / 51 56 60 70 72 <END> 
<S> 0 46 67 79 / 77 -34 -46 -68 -74 / 47 59 68 80 84 / 34 46 70 75 77 89 / 68 80 -34 -46 -68 -77 / 56 61 65 68 77 80 / 80 82 -56 -61 -65 / 0 39 -80 -80 / 80 56 58 65 70 82 <END> 
<S> 44 68 72 77 / 80 56 -68 -72 -77 / -68 -68 -72 -77 / 80 -68 -72 / 70 82 / 68 72 / 68 80 / 58 62 68 / 70 74 / 0 -62 / 0 68 / 0 68 77 / 0 56 -68 -68 / 0 39 51 -68 / 0 75 -39 -68 / 0 80 56 -68 / 0 44 56 / 68 72 80 -44 -56 -56 <END> 
<S> 0 53 65 / 84 -53 -65 / 53 56 61 82 / 77 80 -53 -56 -61 / 49 61 80 / 73 -49 -61 / 56 61 77 / 73 -56 -61 / 41 53 73 / 68 80 -41 -53 / 53 56 61 -68 -80 / 70 77 -53 -56 -61 / 39 51 70 / 75 -39 -51 / 41 56 75 -75 / 34 46 70 77 80 <END> 
<S> 49 61 65 68 / 73 77 -61 -65 -68 / 53 56 61 -65 -68 -73 / 68 -53 -56 -53 -61 / 37 49 -68 77 / 68 80 -37 -49 / 53 56 61 80 83 / 65 77 82 -56 -55 -59 -77 / 48 55 61 73 80 / 82 -48 -55 -61 / 39 51 68 77 / 72 -39 -51 -68 / 39 51 70 72 / 37 49 65 70 77 <END> 
<S> 39 51 75 78 / 72 77 80 -51 / 56 60 63 75 79 / 72 75 84 -56 -60 -63 / 39 51 -72 -75 -84 / 72 84 -39 -51 / 51 54 60 70 82 / 75 87 -51 -56 -60 / 44 56 72 84 / 72 80 -44 -56 / 51 56 60 -72 -84 / 72 84 -51 -56 -60 / 39 51 -72 -84 / 68 80 -39 -51 / 51 56 60 70 72 / 72 75 -51 -56 -60 <END> 
<S> 44 56 -72 -76 -84 / 72 84 -44 -56 / 53 56 60 72 84 / 72 84 -53 -56 -60 / 44 56 -72 -84 / 72 84 -44 / 51 56 60 72 84 / 70 82 -56 -56 -58 / 44 56 72 77 80 84 / 39 51 72 75 78 84 / 41 53 72 75 80 80 / 44 56 68 72 75 80 <END> 
<S> 44 56 72 75 84 / 51 56 60 -72 -75 -84 / 39 51 -72 -75 -84 / 75 -39 -51 / 51 55 75 79 / 72 75 -51 -55 / 39 51 72 75 84 / 0 77 80 / 0 50 54 82 / 0 82 -50 / 0 39 51 <END> 
<S> 0 44 56 / 84 -44 -56 / 51 56 60 80 / 77 -51 -56 -60 / 39 51 75 / 72 75 -39 -51 / 51 56 60 -72 -75 / 70 -51 -56 -60 / 41 53 73 / 80 -41 -53 / 53 56 61 -80 / 74 -56 -61 / 39 51 72 / 51 56 60 75 <END> 
<S> 44 56 -70 -82 / 46 58 -70 -74 -82 / 45 57 -70 -74 -79 / 46 58 -70 -74 -82 / 38 50 74 77 / 70 82 -38 -50 / 36 48 72 76 81 / 84 -36 -48 -73 / 57 60 64 72 84 / 88 -48 -60 -64 -76 / 38 50 69 72 77 / 60 71 69 -38 -50 / 77 -38 -50 -60 -66 -69 / 45 57 60 -66 -69 <END> 
