<S> 58 70 / 55 67 / -55 -67 / 50 62 / 55 67 / 53 65 / 50 62 / -50 -62 / 46 58 / 50 62 <END> 
<S> 58 67 / 51 / 60 66 / 69 -39 -51 / 58 66 / 60 69 / 0 66 / 55 67 / 63 68 / 0 65 / 0 60 65 / 0 60 64 <END> 
<S> 62 67 71 / 65 68 71 -62 / 62 68 -68 -73 / 69 80 -46 -62 / 53 56 62 67 77 / 70 80 -53 -56 -58 -62 / 37 49 -85 75 / 82 -68 -37 -49 / 51 56 61 70 73 77 <END> 
<S> 50 62 65 / 70 74 -50 -62 / 53 58 62 67 79 / 65 77 -53 -58 -62 / 43 -65 -77 / 70 74 -43 / 41 53 65 72 -74 / 0 67 / 64 69 -46 / 70 55 70 -64 / 0 65 69 74 -55 -58 -65 / 0 41 -65 -65 -71 / 0 65 72 -41 -65 / 0 47 59 -65 67 / 68 65 71 74 -50 / -65 -68 -71 -74 / 68 80 -65 / 61 64 68 76 <END> 
<S> 0 52 67 / 0 68 -52 / 69 -46 -58 -67 / 70 82 -46 -58 -67 / 44 56 72 84 / 80 -44 -56 -72 / 56 60 66 84 / 78 -56 -60 -66 / 45 57 69 78 / 81 86 87 -45 -57 / 54 60 66 72 78 81 / 67 71 79 -50 -54 -60 -62 / 43 55 -74 -71 -83 / 69 76 81 -43 -55 / 55 59 65 74 77 83 <END> 
<S> 0 38 50 71 79 / 0 78 82 -38 -50 / 0 48 60 -81 / 0 77 -48 -60 / 46 58 74 76 82 / 41 53 -74 -77 -86 / 77 -41 -53 -74 -77 / 58 62 65 -74 -77 -82 / 74 77 -58 -62 -65 / 43 55 70 82 / 74 82 -43 -55 / 55 58 62 77 / 75 81 -55 -58 -62 <END> 
<S> 46 58 70 74 / 44 56 74 77 / 43 55 -71 -74 -77 / 74 -43 -55 / 0 45 / 71 -45 / 44 56 72 / 74 -44 -56 / 45 57 72 / 71 -45 -57 / 41 53 72 / 73 85 -41 -53 / 40 52 73 -73 / 72 73 80 84 -52 <END> 
<S> 39 51 72 / 75 -39 -51 / 51 56 60 70 72 / 72 75 -51 -56 -60 / 39 51 -75 -80 / 72 84 -39 -51 / 51 56 60 70 82 / 72 84 -51 -56 -60 / 46 58 73 85 / 81 -46 -58 -73 / 52 58 61 68 80 / 73 82 -52 -56 -61 -64 <END> 
<S> 39 51 72 77 84 / 56 82 -68 -72 -75 / 83 -56 -60 -72 -75 / 42 54 70 78 / 78 -42 -54 -70 -78 / 46 58 -70 -78 -82 / 0 53 58 62 74 / 0 50 62 70 77 / 46 58 -62 -70 -73 -77 / 43 55 70 77 82 / 41 53 -70 -74 -77 -82 <END> 
<S> 46 58 -62 -67 / 45 57 -62 -70 / 46 58 -62 -70 / 53 58 62 -70 / 65 70 74 77 / 50 62 -65 -70 -74 / 48 -65 -70 -74 / 37 49 -65 -70 -73 / 36 48 -65 -70 -77 / 37 49 65 70 82 / 41 53 70 73 77 82 <END> 
<S> 0 53 65 / 73 -53 -65 -65 / 41 53 -65 -73 / 87 -41 -65 -68 / 41 53 68 75 80 / 77 80 -41 -53 -58 / 49 61 -73 -77 -80 / 73 85 -49 -61 / 44 56 72 76 80 / 56 60 66 72 80 / 70 73 78 82 -56 -60 -66 / 44 56 72 78 80 / 56 60 66 68 80 <END> 
<S> 52 67 72 84 / 51 60 63 -72 -84 / 68 71 -51 -55 -60 / 36 48 72 / 70 74 -36 -48 / 37 58 60 68 72 / 68 73 80 -40 -60 -68 / 38 50 -68 -77 -80 / 68 80 -38 -50 / 38 50 68 77 / 70 82 -38 -50 / 39 51 71 79 83 / 37 49 -73 -79 / 80 -37 -49 -70 / 44 56 68 72 / 73 56 85 -44 <END> 
<S> 0 46 -67 / 79 -46 / 0 53 58 62 77 / 82 -53 -58 -62 -70 / 39 -58 -62 -70 / 81 89 -58 -62 -68 / 46 58 77 81 / 82 -46 -58 / 53 58 62 77 / 75 -53 -58 -62 / 41 74 / 77 -41 / 53 58 62 70 / 74 -53 -58 -62 / 46 -74 / 79 -46 / 53 58 62 77 / 79 -53 -58 -62 <END> 
<S> 46 58 74 77 / 70 74 82 -46 -58 / 53 58 62 -74 -82 / 65 77 -53 -58 -62 / 41 -65 -77 / 65 77 / 49 -65 -77 / 48 58 64 76 / 41 53 65 77 / 42 54 74 / 75 -42 -54 / 43 55 -75 -79 / 77 -43 -55 / 45 57 75 / 77 -45 -57 <END> 
<S> 41 53 69 72 77 / 45 -69 -72 -77 / 43 55 -69 -72 -77 / 48 60 72 76 -69 / 45 57 72 76 -39 / 43 55 67 72 75 / 67 76 79 -43 -55 / 46 58 -67 -76 -79 / 73 76 79 -46 -58 <END> 
<S> 0 43 55 67 70 75 79 / 0 55 60 64 70 76 81 / -79 64 67 71 76 79 / 49 61 -67 -71 -79 / 47 62 71 74 83 / 59 62 67 -71 -74 -83 / 40 66 71 74 78 / 0 65 71 74 77 <END> 
<S> 50 62 71 77 83 / 55 59 65 71 77 83 / 89 -55 -59 -65 -71 / 51 55 61 65 77 / 82 -55 -61 -65 -71 / 56 82 86 / 64 83 / 84 88 / 45 -76 -84 / 76 88 86 / 54 84 88 -54 / 58 -74 -83 -80 / 76 79 87 <END> 
<S> 0 <END> 
<S> 85 -47 / 57 60 65 69 72 76 81 / 64 71 77 83 -57 -60 -65 / 57 60 65 -69 -77 -81 / 71 81 -57 -60 -65 <END> 
<S> 57 60 65 69 / 81 -57 -60 -65 / 57 60 65 81 / 77 -57 -60 -65 / 55 59 65 74 / 79 -55 -59 -65 / 55 59 65 77 / 58 62 70 78 / 48 60 74 / 75 -48 -60 <END> 
<S> 50 62 77 / 81 -50 -62 / 55 59 65 69 81 / 71 77 -55 -59 -65 / 43 -71 -77 -83 / 76 79 -43 / 55 59 65 74 77 / 50 62 65 67 71 -50 / 0 48 55 59 -65 -71 / 0 65 67 74 -55 -59 -63 / 0 63 -67 -71 / 65 67 70 74 <END> 
<S> 43 55 70 76 79 / 71 -43 -55 -70 -79 / 55 59 62 -70 -70 -74 / 79 -55 -62 -70 -70 / 47 59 67 74 79 / 50 71 77 89 / 50 55 59 71 74 77 / 76 88 -50 -55 -59 -67 / 55 60 64 -67 -76 -79 -88 / 43 55 60 64 67 76 <END> 
<S> 47 59 71 74 77 83 / 43 55 59 67 74 77 / 53 68 71 -67 83 / 56 58 62 -67 -71 -77 / 78 -39 -56 -58 / 38 50 77 79 82 -93 / 53 58 62 82 -77 -82 / 40 52 74 80 82 86 / 56 58 62 64 80 80 84 <END> 
<S> 50 62 70 82 / 74 77 -50 -62 / 56 58 62 -74 -80 / 72 74 78 -58 -62 / 46 74 79 / 58 73 79 / 60 62 77 -70 / 46 58 -70 / 73 -46 -58 -70 / 51 55 61 -70 -73 / 41 53 70 75 82 / 34 46 -70 -73 -82 <END> 
<S> 43 55 70 82 / 74 -43 -55 -70 -82 / 39 51 -70 -74 -82 / 72 -39 -51 / 43 55 58 70 82 / 72 -43 -55 -58 -82 / 55 58 62 70 / 64 76 -55 -58 -64 / 48 58 -64 -67 / 72 -48 -58 -64 / 41 69 -72 / 48 57 69 / 72 76 / -57 -60 -69 / 36 48 67 / 70 79 -36 <END> 
<S> 36 48 72 76 / 57 60 65 -72 / 70 -57 -60 -65 / 58 -70 65 / 67 70 79 / 54 58 60 -65 -70 -74 / 72 -58 -60 -70 / 53 58 60 70 / 58 60 70 74 / 57 -70 -74 / -82 -65 / 58 62 68 / 74 -58 -62 <END> 
<S> 42 54 70 82 / 74 -42 -54 -70 / 41 53 -70 -82 / 70 82 -41 -53 -82 / 39 51 -70 -74 -82 / 77 -39 -51 -70 / 43 55 70 75 79 / 42 54 70 73 78 / 41 53 -70 75 79 / 40 52 -70 -74 -80 -82 / 0 39 51 / 63 75 87 -39 -51 / 0 43 55 -75 -81 / 44 56 72 76 80 / 56 60 63 -72 -75 -82 <END> 
<S> 46 58 70 75 78 / 44 56 70 74 77 82 / 46 58 70 74 77 / 44 56 70 74 77 82 / 0 50 68 77 80 89 / 0 53 56 58 -68 -77 -80 / 46 58 74 77 82 / 56 61 65 77 -74 -77 / 41 53 72 77 74 80 / 53 58 62 77 -70 -74 -77 / 46 79 82 / 56 58 62 -82 80 <END> 
<S> 41 53 73 77 82 / 81 -41 -53 / 53 56 61 80 / 77 82 -53 -56 -61 / 44 56 -77 -80 / 77 -44 -56 / 44 56 77 84 / 43 55 71 77 79 / 44 77 / 83 -71 -77 / 41 53 -71 -77 -79 / 77 -41 -53 -77 / 41 53 75 80 / 77 -41 -53 -77 <END> 
<S> 44 56 72 77 80 / 72 77 -44 -56 / 51 56 60 -72 -75 / 72 77 -51 -56 -60 / 39 51 -72 -75 / 72 -39 -51 / 51 56 60 70 82 / 72 84 -51 -56 -60 / 0 51 56 60 63 84 / 0 46 68 / 73 75 -46 -61 / 0 56 61 65 -73 -80 / 70 82 -56 -61 -65 / 44 56 68 80 / 72 77 -44 -56 <END> 
<S> 44 56 68 72 / 74 80 -44 -56 / 56 60 66 72 75 / 71 78 82 -56 -60 -66 / 39 51 72 -75 -78 / 72 -39 -51 / 51 56 60 70 82 / 72 78 80 -56 -60 / 39 51 -72 -75 -82 / 72 -39 -51 / 51 56 60 70 82 / 72 84 -51 -56 -60 / 39 51 -72 -77 -82 / 72 84 -39 -51 / 51 56 60 70 82 / 72 75 84 -51 -56 -60 <END> 
<S> 44 56 72 75 84 / 51 56 60 71 75 80 / 72 75 84 -51 -56 -60 / 39 51 -72 -75 -84 / 71 75 87 -39 / 51 56 60 72 75 80 84 / 0 70 82 -56 -58 / 68 71 80 83 / 83 -68 -71 -74 / 63 75 87 87 / 84 87 -63 -67 -75 / 84 86 -63 -75 / 81 87 / -75 84 / 62 -65 -75 -84 / 63 70 79 / 64 67 63 -79 <END> 
<S> 44 72 75 84 / 51 63 71 75 83 / 51 63 75 78 87 / 60 68 75 80 92 / 0 63 75 87 / 0 / 0 72 73 84 / 0 72 84 / 0 69 75 84 -46 / 0 67 72 75 84 / 0 82 / 0 75 87 / 0 71 80 83 <END> 
<S> 0 44 56 / 68 72 -44 -56 / 51 56 60 68 80 / 70 82 -51 -56 -60 / 44 56 72 80 / 72 77 -44 -56 / 51 56 60 68 72 / 70 73 -51 -56 -60 / 39 51 72 75 84 / 80 56 60 -72 -75 -84 / 42 54 69 75 81 / 43 55 67 75 79 / 37 -67 -67 -75 / 45 -67 -75 / 46 58 -67 -72 -76 / 44 56 -67 -72 / 43 55 74 <END> 
<S> 51 56 58 -75 -82 / 77 -51 -56 -58 / 51 56 75 82 / 72 75 -51 -56 -58 / 51 56 60 -68 -75 / 75 80 -51 -56 -60 / 39 51 68 -80 / 72 -39 -51 / 51 56 60 75 / 39 51 72 / 51 56 60 -68 / 68 -51 -56 -60 / 44 56 73 / 72 -44 -56 / 42 54 72 75 / 72 -42 -54 <END> 
<S> 39 51 -68 -72 / 68 -39 -51 / 51 56 60 68 / 87 -51 -56 -60 / 44 56 74 80 / 56 60 68 77 / 70 -56 -60 -64 / 48 -70 / 78 -48 -60 / 56 60 63 68 / 72 -56 -60 -63 / 39 51 68 / 82 -39 -51 / 56 58 63 68 / 75 -56 -58 -63 <END> 
<S> 48 60 -72 -75 / 75 -48 -60 / 56 60 63 67 72 / 75 -45 -60 -66 / 0 44 68 / 0 45 -32 / 0 53 56 60 63 72 / 68 72 -53 -56 -60 / 51 63 72 75 / 68 72 -51 -63 / 39 51 -72 61 70 72 / 41 53 -72 -75 / 46 34 70 74 82 / 70 74 -34 <END> 
<S> 0 50 65 / 73 76 -50 / 51 56 61 77 / 80 84 -51 -56 -61 / 39 51 82 / 72 77 80 -39 -51 / 39 51 -72 -75 -80 / 72 75 -39 -51 / 51 55 60 70 75 / 72 78 -51 -55 -60 / 45 57 -72 -75 / 77 -45 -57 / 42 54 60 72 <END> 
<S> 39 51 75 / 79 -39 -51 / 55 58 63 -79 / 75 -55 -58 -63 / 46 58 72 / 74 -46 / 0 55 58 63 / 72 -55 -58 -63 / 0 53 65 / 0 70 -53 -65 / 0 56 68 / 0 65 / 0 56 68 / 0 80 / 0 75 <END> 
<S> 41 53 -62 -65 / 74 -41 -62 / 53 57 63 72 / 69 72 77 -53 -57 -63 / 41 -69 -72 -75 / 78 -69 -72 / 48 60 69 72 -69 / 69 -48 -60 -69 / 0 41 69 72 77 / 0 77 -41 -69 -72 -77 / 0 53 57 60 72 84 / 0 40 72 84 -53 -57 -60 / 41 53 72 81 84 / 85 -41 -53 <END> 
<S> 41 53 69 72 77 / 68 71 74 -41 -53 / 42 54 69 72 75 81 / 60 65 69 74 79 / 57 60 67 78 / 54 60 62 66 78 / 50 62 78 83 / 57 60 66 78 84 <END> 
<S> 38 50 72 78 84 / 0 60 62 65 -38 -50 / 50 71 -62 -65 / 47 59 65 68 / 47 59 65 68 / 48 60 69 / 68 71 -48 -60 / 51 72 87 -60 / 74 72 75 -48 / 0 <END> 
<S> 0 66 / 69 72 / 57 74 -66 / 63 72 / 60 62 66 / 61 64 / 58 62 64 / 63 62 64 / 58 62 64 <END> 
<S> 54 66 74 / 75 -54 -66 -70 / 0 45 57 69 72 74 78 / 0 42 54 72 75 78 / 0 43 55 67 70 76 / 0 55 67 71 74 / 0 71 86 / 0 83 / 0 55 59 67 <END> 
<S> 0 43 55 67 70 / 0 65 71 74 -43 -55 / 0 70 74 -43 -55 -65 -71 / 0 63 67 71 75 / 0 66 -67 -75 / 57 60 59 -67 -75 / 68 -54 -60 -63 / 69 -54 -57 -60 -63 / 67 -54 -57 -60 -63 / 0 -54 -57 -60 -63 / 46 58 68 / 51 55 60 63 / 75 -55 -60 -63 <END> 
<S> 0 54 60 63 / 71 -54 -60 -63 / 0 72 -51 / 0 75 78 / 0 71 75 / 0 72 / 0 75 / 0 68 / 0 78 / 0 56 60 63 / 0 63 -56 -60 / 0 63 56 68 / 0 63 68 80 -44 -56 <END> 
<S> 44 56 72 / 74 -44 -56 / 56 60 66 72 / 75 78 -56 -60 -66 / 39 51 -75 -78 / 77 -39 -51 / 36 48 75 / 82 -36 -48 / 52 58 61 -82 / 80 -52 -58 -61 / 41 53 80 / 77 -41 -53 / 42 54 75 / 80 -42 -54 <END> 
<S> 37 49 67 77 / 75 -37 -49 / 53 56 61 77 80 / 72 75 -53 -56 -61 / 44 56 65 77 / 72 75 -44 -56 / 51 56 60 -72 -75 / 72 75 -56 -54 -60 / 39 51 68 72 77 / 56 60 66 -68 -72 -80 / 70 -56 -56 -60 -65 / 39 51 -70 / 72 -39 -51 / 56 56 60 68 / 70 -56 -60 <END> 
<S> 44 56 72 84 / 80 -44 -56 / 51 56 60 75 / 77 -51 -56 -60 / 39 51 -77 / 75 -39 -51 / 51 56 60 75 / 39 -51 -56 -60 / 44 56 65 / 68 -44 -56 / 51 56 60 72 / 70 -51 -56 -60 / 39 51 72 / 72 -39 -51 / 51 56 60 70 / 71 -51 -56 -60 <END> 
<S> 44 56 56 72 / 80 -44 -56 / 51 56 60 75 / 77 -51 -56 -60 / 39 51 -72 -77 / 72 -39 -51 / 51 56 60 70 / 80 -51 -56 -60 / 41 53 72 77 84 / 53 56 -77 82 / 86 -53 -56 -53 -86 / 41 53 80 / 81 -41 -53 / 49 61 80 / 82 -49 -61 <END> 
<S> 0 53 58 62 82 / 0 70 -53 -58 -62 / 0 65 -53 -58 -62 / 0 63 -53 -57 -65 / 41 53 65 68 74 / 53 56 62 65 77 / -74 -77 / -62 -65 -68 / / 62 65 69 71 / 48 64 70 -65 / 58 61 64 69 -48 / 60 64 69 -48 -60 -64 / 48 -69 -81 / 67 -48 -69 / 48 60 64 69 / 72 -48 -60 -64 <END> 
<S> 36 48 64 67 / 65 -36 -48 / 64 57 60 64 72 / 65 75 69 -55 -60 -64 / 33 45 57 -69 -75 -81 / 77 -45 -57 / 78 81 -45 -57 / 0 46 58 74 / 73 -46 -58 / 52 58 61 67 / 72 -52 -58 -61 / 41 73 77 / 53 57 63 75 <END> 
<S> 52 67 / 74 -52 / 55 58 62 73 / 76 -55 -58 -62 / 50 72 / 81 -50 / 57 62 65 70 / 78 -57 -62 -65 / 0 -81 / 77 80 / 57 61 76 81 / 77 81 -57 -61 -65 / 44 77 83 86 / 47 59 80 85 / 44 -80 -80 -89 / 76 -44 -56 / 0 56 -76 / 77 80 -56 -60 <END> 
<S> 52 56 61 77 / 80 -52 -56 -61 / 39 51 68 / 75 -39 -51 / 51 56 60 70 / 39 -51 -56 -60 / 51 56 60 68 / 44 56 72 / 39 51 72 75 84 / 0 68 80 / 0 70 82 / 0 80 <END> 
<S> 0 53 60 / 69 82 -53 -58 -60 / 44 56 68 71 / 77 80 -44 -56 / 39 51 72 77 81 / 80 92 65 -72 / 48 56 68 80 -72 / 68 80 -56 -60 -65 -68 / 53 -68 -80 -68 / 68 80 -53 -68 / 56 68 65 68 80 / 68 77 -47 -56 -68 / 34 -68 70 80 80 / 70 82 -32 53 56 58 58 62 -82 -70 / 0 46 68 / 0 70 -46 / 0 51 55 61 -70 / 0 82 -48 
<S> 53 68 72 80 / 56 58 62 68 72 77 / 68 74 80 -58 -56 -62 / 34 46 -74 -77 -84 / 70 -34 -46 -74 / 56 58 62 68 -74 / 39 51 70 77 / 41 53 75 / 70 75 -41 -53 / 40 52 -70 -75 / 72 -40 -52 / 39 51 67 72 / 75 -39 -51 / 0 39 51 / 63 75 -39 -51 <END> 
<S> 39 51 61 70 / 72 -39 -51 / 41 53 63 71 / 67 -41 -53 -63 / 39 51 -67 -70 / 72 -39 -51 / 51 55 60 70 / 72 -51 -55 -60 / 46 58 74 / 73 -46 -58 / 45 57 72 / 74 -45 -57 / 50 54 72 / 74 -50 -54 -74 <END> 
<S> 39 51 -67 -70 / 70 -39 -51 / 39 51 55 -70 / 66 -39 -51 / 51 55 60 68 / 70 -51 -55 -60 / 40 52 73 / 68 71 -40 -52 / 50 55 59 -71 -74 / 67 76 -50 -55 -59 / 50 65 -67 -71 / 64 67 71 -38 -50 / 46 58 -67 -67 -71 / 71 74 -43 -55 -67 / 46 58 -43 -67 -74 <END> 
<S> 0 47 59 71 74 / 0 46 58 67 73 79 / 0 55 61 -73 -76 -81 / 0 76 -55 -61 -64 / 49 61 76 / 69 73 76 -49 / 45 57 -69 -72 -77 / 52 76 -45 -73 / 57 61 67 -73 -83 / 38 50 -57 -61 -65 38 <END> 
<S> 52 57 60 72 76 / 46 74 77 / 76 -46 / 76 -46 / 74 77 82 / 44 77 80 83 / 77 81 -44 -56 -77 / 62 77 -77 -81 -89 / 65 69 -77 -81 / 36 48 -69 -69 -81 <END> 
<S> 53 75 / 77 -53 / 56 62 74 / 77 -56 -58 -62 / 41 -77 -81 / 77 -41 / 56 62 65 74 / 72 84 -53 -62 / 46 58 -72 -84 / 79 -46 -58 / 55 58 63 67 / 75 -55 -58 -63 / 51 67 70 / 66 72 -51 / 55 58 63 67 / 65 70 -55 -58 -63 <END> 
<S> 51 72 79 / 55 58 63 67 75 / 67 75 -55 -58 -63 / 46 -67 -75 / 72 -46 / 55 58 63 70 / 67 70 -55 -58 / 51 67 72 / 68 80 -51 / 56 58 63 68 -84 / 67 70 -56 -58 -62 / 51 63 -67 -70 / 72 -63 -67 -75 / 45 57 -63 -72 -75 / 44 56 65 70 74 <END> 
<S> 39 51 -67 -70 / 75 -39 -51 / 55 58 63 67 70 / 75 -54 -58 -63 -67 / 39 51 75 / 79 -39 -51 / 58 63 67 82 / 75 -58 -63 -67 / 43 75 79 / 72 75 -43 / 55 58 63 -72 -75 / 70 75 79 -58 -63 / 46 -70 / 77 -46 / 55 58 63 79 / 82 -55 -58 -63 <END> 
<S> 39 51 -70 -75 / 75 -39 -51 / 55 58 63 72 / 72 -55 -58 -63 / 43 55 65 / 67 -43 -55 / 48 60 64 / 67 -48 -60 / 48 67 / 69 -48 / 53 57 60 63 / 69 -53 -57 -60 / 41 -69 / 67 -41 / 53 57 60 63 69 / 65 -53 -53 -57 <END> 
<S> 48 60 65 69 / 53 57 63 67 75 / 69 75 -53 -57 -63 / 41 53 -75 -69 / 69 -41 -53 -69 / 42 54 -69 -69 / 74 -42 / 54 57 61 -66 -69 / 75 -54 -57 -61 -66 / 0 67 / 0 66 / 54 60 62 69 / 72 -54 -60 -62 -66 / 66 69 72 / 0 69 <END> 
<S> 0 66 69 74 / 0 68 72 75 -41 / 0 69 72 75 81 / 0 72 74 84 -41 / 0 72 75 84 -41 / 0 66 75 78 84 / 0 72 78 80 84 / 0 78 82 -72 -55 -60 / 0 70 76 80 -60 / 0 70 73 79 82 -56 / 0 44 56 72 80 82 / 72 75 84 -44 -56 -60 / 44 56 -68 -72 -75 -84 / 72 75 80 -39 -51 / 45 57 72 78 / 72 84 -45 -57 <END> 
