<S> 53 65 / 65 77 / 61 73 / 62 74 / 60 72 / 58 70 / 50 62 / 51 63 / 52 64 <END> 
<S> 55 67 / 31 48 -67 / 0 67 / 39 51 72 / 70 -39 -51 / 41 53 70 / 67 75 -41 -53 / 43 -67 -75 / 72 77 / 46 58 67 70 <END> 
<S> 42 54 70 / 54 58 62 -70 / 66 -58 -62 / 0 67 / 0 66 / 50 62 68 / 70 -50 -62 / 46 58 / 70 74 -46 -58 / 44 56 62 72 / 77 -44 -56 <END> 
<S> 46 58 70 / 74 82 -46 -58 -70 / 44 56 78 -82 / 71 77 80 -44 -56 / 43 55 70 72 76 / 71 -41 -53 / 56 58 63 72 / 75 -56 -58 -63 / 51 -75 -82 / 72 75 -51 / 55 58 63 70 73 / 75 -55 -58 -63 / 51 55 61 -87 / 70 82 -51 -55 -61 / 39 51 67 82 / 0 50 53 / 46 58 82 / 73 85 -46 -58 <END> 
<S> 39 51 70 75 / 72 75 -39 -51 / 51 55 61 70 73 / 72 75 -55 -58 -61 / 46 58 74 / 77 -46 -58 / 51 58 61 75 / 79 -49 -61 / 51 56 61 82 / 80 82 -51 -53 -58 / 49 61 -80 -82 / 80 -49 -61 / 56 61 70 82 / 80 82 -56 -61 -66 <END> 
<S> 39 51 72 75 84 / 51 56 60 68 80 / 68 80 -51 -56 -60 / 39 51 68 72 / 67 75 87 -37 -39 / 51 56 60 -75 -75 / 72 75 84 -56 -60 / 39 51 -72 -75 -84 / 72 84 -51 -55 / 51 54 60 70 82 / 72 78 -51 -54 -60 / 44 56 -72 -78 / 72 78 84 -44 -56 / 51 56 60 -72 -75 -84 / 72 -51 -56 -60 / 39 51 75 / 72 77 -39 -51 <END> 
<S> 51 72 75 84 / 72 75 82 -39 -51 / 53 56 60 -75 -79 / 72 75 79 -53 -56 -60 / 51 -72 -75 -79 / 72 84 -51 / 51 56 60 70 82 / 74 82 -56 -54 -58 -60 / 46 58 79 82 / 75 79 -46 -58 / 55 58 63 -75 -79 -82 / 72 81 -55 -58 -63 / 43 55 70 82 / 72 76 -43 -55 / 55 58 60 64 72 / 70 82 81 -58 -60 -64 <END> 
<S> 46 58 70 82 / 75 82 -46 -58 / 55 58 63 67 72 75 / 70 74 82 -39 -58 -63 / 43 55 -70 -82 / 76 79 82 / -43 -55 -76 / 58 60 64 67 79 / 70 82 -58 -62 -64 -67 -70 / 36 48 76 -70 -82 / 77 -36 -48 -76 / 60 64 70 76 / 79 -58 -60 -64 / 41 53 77 / 86 -41 -53 / 43 55 76 84 / 77 81 84 -43 -55 / 45 57 -72 -81 -86 
<S> 0 46 58 / 74 -46 -58 / 53 58 62 -74 -77 / 70 -53 -58 -62 / 46 74 / 79 -46 / 53 58 62 -79 / 77 -53 -58 -62 / 41 74 / 53 58 62 -74 / 48 69 / 75 -48 / 53 57 63 75 / 74 -53 -57 -63 / 41 69 72 75 / 53 -69 -72 -75 / 74 -41 -69 / 53 69 72 75 74 <END> 
<S> 48 69 75 / 53 57 63 75 -48 / 53 75 -53 -57 -63 / 72 -53 -57 -63 / 57 69 -48 / 65 69 -48 -57 / 53 57 -63 -65 -69 / 68 -48 -53 -57 / 42 54 69 / 43 55 64 70 / 42 54 63 69 <END> 
<S> 54 69 / 75 -54 -57 / 58 60 63 -54 / 75 -45 -57 -60 / 46 58 74 / 82 -46 -74 / 44 56 68 76 / 74 -44 -56 / 43 55 72 / 79 -43 -55 / 55 60 64 77 / 75 -55 -60 -64 / 43 76 79 / 75 87 -43 / 55 60 64 74 77 83 / 72 76 84 -55 -60 -64 <END> 
<S> 43 55 70 76 / 79 -43 -55 -70 -76 / 36 48 58 -79 -64 -70 / 0 67 70 -36 -48 / 39 64 -62 -67 -70 / 63 65 -46 / 46 58 67 70 / 0 67 -46 / 0 50 65 / 53 -46 / 53 58 62 68 / 70 -53 -58 -62 / 39 51 72 / 70 -46 -51 / 53 56 58 61 73 / 70 -56 -58 -61 <END> 
<S> 46 58 62 70 / 65 74 -58 -62 / 53 58 62 -65 -74 / 70 -53 -58 -62 / 43 55 67 74 / 55 59 62 -67 -71 -67 / 48 75 79 / 55 60 64 -75 -79 / 76 -48 -55 -58 / 36 48 -70 -81 / 76 -36 -48 / 58 60 70 79 / 82 -58 -60 -64 <END> 
<S> 0 / 56 65 74 / 77 -56 -65 / 74 76 / 47 68 77 / 65 68 71 / 69 77 -68 / 51 68 -69 -77 / 76 -51 -68 / 72 75 78 82 -46 / 0 62 67 79 -75 -79 / 63 73 77 85 / 58 62 68 72 80 80 / -58 -62 -68 -72 -77 <END> 
<S> 44 56 72 77 80 / 82 -44 -71 -72 -75 / 51 56 60 66 72 -75 80 / 72 84 -56 -60 -63 / 44 56 -72 -75 -84 / 72 77 -44 -56 / 51 56 60 80 -72 / 72 84 -51 -56 -60 / 39 51 -72 -75 / 71 77 83 / 52 56 72 75 78 <END> 
<S> 44 56 68 72 / 80 56 60 -68 -72 / 43 55 -68 -71 / 75 -43 -55 / 42 54 75 / 82 -42 -54 / 58 61 66 75 / 75 78 -58 -61 -66 / 58 63 67 78 / 75 87 -58 -63 -67 / 39 51 72 / 78 -42 -63 / 58 63 66 68 82 / 75 80 -58 -63 -68 / 46 -68 -72 -80 / 77 89 / 73 85 -46 / 58 62 68 73 <END> 
<S> 44 56 68 80 / 65 77 -44 -56 / 51 56 61 66 75 / 65 70 73 -56 -51 -55 / 39 51 68 72 / 73 80 -39 -51 / 51 56 61 -80 / 75 87 -51 -56 -61 / 39 51 72 84 / 51 53 60 -72 / 72 84 -51 -56 -60 / 39 -72 -75 -84 / 72 -39 -51 / 51 56 60 70 / 75 -51 -56 -61 <END> 
<S> 44 56 -68 -72 / 75 -44 -56 / 51 56 60 66 77 / 72 75 -51 -56 -60 / 39 51 -75 -75 / 72 -39 -51 / 51 56 60 68 / 70 -51 -56 -60 / 44 56 68 / 72 -44 -56 / 51 56 60 75 / 72 77 -51 -56 -60 / 39 51 -72 -75 / 70 -39 -51 / 37 49 68 73 / 70 73 -37 -49 <END> 
<S> 44 56 68 77 / 75 -44 -56 / 51 56 60 75 77 / 72 -51 -56 -60 / 39 51 75 / 80 -39 -51 / 51 56 60 -80 / 77 -51 -56 -60 / 39 51 75 / 80 -39 -51 / 51 56 60 75 / 77 -51 -56 -60 / 39 51 -77 / 70 82 -39 -51 / 51 55 60 70 75 / 72 76 -51 -55 -60 <END> 
<S> 39 51 72 75 / 51 56 60 -75 / 71 77 -51 -56 -60 / 39 51 72 75 / 72 77 -39 -51 / 51 56 60 70 75 / 39 51 78 / 72 77 80 / 52 55 60 68 72 / 76 79 -52 -60 / 39 51 66 -79 -82 / 72 -39 -51 / 55 58 63 75 / 73 -55 -58 -63 <END> 
<S> 39 51 72 75 78 84 / 56 60 66 71 -72 -78 / 72 80 84 -56 -60 -66 / 44 56 -72 -78 -82 / 56 60 66 -66 -72 -78 / 44 56 72 78 82 / 39 51 72 78 84 / 56 60 66 -72 -75 -84 / 70 -51 -56 -60 80 / 39 51 -70 -78 / 56 60 63 68 80 <END> 
<S> 44 56 72 74 84 / 51 56 60 -72 -75 / 80 -51 -56 -60 -72 -75 / 0 39 -75 / 0 68 71 39 51 / 0 80 -40 -68 / 0 82 -38 -50 / 0 69 82 / 51 68 80 / 61 73 78 82 / 62 71 77 80 / 61 66 73 85 85 / 45 61 -73 -73 -85 / 60 61 64 67 73 76 <END> 
<S> 0 73 / 0 70 74 82 / 53 -68 -73 -70 -80 / 68 72 75 80 / 51 56 60 -68 -72 -75 / 70 82 -56 -58 -60 / 44 56 68 72 80 / 56 60 68 -68 -72 -80 / 0 44 56 72 / 0 68 80 -44 -56 / 0 56 68 80 / 0 70 72 80 -56 -62 / 0 56 68 72 80 / 0 73 56 74 80 <END> 
<S> 44 56 72 80 / 72 84 -44 -56 -72 / 56 60 -72 -72 -84 / 72 84 84 -60 / -60 -72 -75 -84 / 84 -72 -75 -84 / 70 72 79 82 / 34 46 -70 -72 -79 / 74 -34 -46 / 53 58 62 73 / 82 -53 -58 -62 / 52 58 61 80 82 / 81 82 -46 -58 -58 / 42 54 -80 -82 / 75 84 -42 -54 <END> 
<S> 34 46 70 82 / 74 -34 -46 / 53 58 62 73 / 74 -53 -58 -62 / 41 -74 / 73 -41 / 53 58 62 70 / 70 -53 -58 -62 / 48 69 / 70 -48 / 53 57 63 67 / 72 -53 -57 -63 / 41 75 / 53 57 63 75 <END> 
<S> 50 53 57 / 65 77 -50 -53 -57 / 53 57 62 69 72 / 67 -53 -57 -62 -63 / 0 48 65 / 70 -48 -65 / 0 53 -65 -70 / 70 -53 -65 -70 / 49 61 70 73 / 77 -49 -61 -70 / 58 61 65 73 73 / 76 -65 -61 -65 / 61 77 -73 / 61 -61 -65 -73 <END> 
<S> 34 46 67 -65 / 65 -34 -46 -65 / 53 58 62 64 67 / 68 72 -53 -58 -62 / 46 58 -68 -72 / 70 -46 -58 / 56 58 62 68 / 44 -56 -58 -62 / 0 39 51 / 70 -39 -51 / 36 48 70 / 72 -36 -48 / 48 60 -72 / 72 -48 -60 -64 <END> 
<S> 36 48 60 67 70 / 46 58 68 73 / 76 -46 -58 -67 -73 / 45 60 64 72 76 / 62 64 71 -45 / 61 64 71 76 / 62 64 68 71 -64 / 44 56 -64 -68 -71 / 62 64 68 71 -46 / 71 -46 -62 -68 -68 / 44 56 72 -68 -68 / 46 -68 -68 -72 -77 / 34 46 -68 <END> 
<S> 64 67 71 76 / 66 66 72 / 55 60 64 67 / 62 65 / 58 64 67 / 50 62 / 52 55 59 65 / 43 -55 -59 / 36 48 72 76 / 48 60 70 74 <END> 
<S> 60 64 69 / 59 65 68 / 64 67 69 / 50 62 65 71 / 53 65 69 77 / 51 -65 -77 / 71 -51 / 51 72 / 72 -51 <END> 
<S> 0 50 / 0 57 62 65 74 / 0 65 77 / 0 65 74 84 / 0 62 65 68 74 77 / 0 0 / 68 77 -34 -46 -68 / 77 -34 -46 -68 -68 / 47 68 80 -68 <END> 
<S> 0 53 65 / 0 74 -53 -65 / 0 53 56 61 73 85 / 72 80 -53 -56 -61 / 44 56 75 80 / 77 80 -44 -56 / 51 56 60 -77 -80 / 72 -51 -56 -60 / 44 56 72 80 / 72 77 -44 -56 / 51 56 60 -72 -77 / 71 77 -51 -56 -60 <END> 
<S> 44 56 72 77 / 80 -44 -56 / 51 56 60 66 82 / 72 77 -51 -56 -60 / 46 75 -68 / 77 -46 / 56 58 62 68 80 / 46 53 67 77 / 68 71 -53 -50 / 50 56 60 -68 / 66 72 75 -56 -60 -66 / 32 44 -68 -72 / 72 -32 -44 -66 / 56 60 65 68 72 <END> 
<S> 0 46 / 74 77 -46 / 56 58 62 68 72 75 / 80 -56 -58 -62 -72 / 39 51 75 80 / 77 -39 -51 / 56 58 63 75 / 79 87 -55 -58 -63 / 32 44 77 89 / 72 80 -44 / 51 56 60 -80 / 72 75 -56 -60 -51 / 39 -75 / 71 -39 / 37 49 68 / 73 -39 -51 <END> 
<S> 44 56 72 75 84 / 51 56 60 68 72 77 / 68 72 80 -56 -60 -66 / 51 56 -72 -75 / 71 77 -39 -51 / 51 56 60 70 72 / 39 51 74 / 56 75 82 / 51 75 -75 / 77 80 -51 -75 / 36 48 75 79 / 77 82 -36 -48 / 38 50 50 -82 / 75 79 -38 -50 <END> 
<S> 39 51 -70 -77 -82 / 46 58 -70 -77 -82 / 0 39 51 -70 -82 / 0 46 70 74 77 / 0 70 82 -36 / 0 56 -76 -82 / 0 72 76 84 / 58 63 70 82 / 75 82 -58 -63 / 46 58 -75 -79 -82 / 75 84 -58 -46 / 58 63 70 82 -84 <END> 
<S> 39 51 72 84 / 51 56 60 -72 / 84 -51 -56 -60 -72 / 39 51 72 / 72 -39 -51 / 51 56 60 70 / 68 -51 -56 -60 / 41 53 71 / 67 71 -41 -53 / 40 52 68 72 / 69 -40 -52 / 39 51 -68 / 69 -39 -51 / 0 49 / 0 45 / 0 40 52 / 44 64 74 <END> 
<S> 0 46 65 / 73 -46 -58 -62 / 51 55 61 67 / 79 -51 -55 -61 / 58 61 65 77 / 82 -58 -61 -65 / 44 56 82 / 80 -44 -56 / 56 60 65 77 / 75 -56 -60 -66 / 39 51 72 / 77 -39 -51 / 56 61 73 / 82 -56 -58 -61 <END> 
<S> 0 44 56 / 84 -44 -56 / 51 56 60 80 / 77 -51 -56 -60 / 44 56 74 / 72 -44 -56 / 39 51 75 / 72 -39 -51 / 51 56 60 70 / 72 -51 -56 -60 / 39 51 -72 / 68 -39 -51 / 51 56 60 70 / -51 -51 -56 -60 <END> 
<S> 39 51 -67 -72 / 72 -39 -51 / 51 55 60 70 / 72 -51 -55 -60 / 39 51 -72 / 66 -39 -51 / 51 56 60 70 / 72 -51 -56 -60 / 44 56 70 / 72 -44 -56 / 56 60 66 75 / 72 78 -56 -60 -66 / 32 44 -72 -78 / 77 -32 -44 / 56 60 66 78 80 <END> 
<S> 44 68 72 / 51 56 60 68 72 / 39 51 -72 / 51 56 60 72 / 44 71 74 / 72 75 / 51 63 75 / 67 70 -51 -51 / 39 51 -67 -70 / 72 -39 -51 / 51 55 60 70 / 72 -51 -55 -60 <END> 
<S> 43 55 70 73 / 71 -43 -55 / 44 56 72 74 / 73 77 -45 -57 / 51 55 61 73 / 75 -51 -55 -61 / 39 51 -70 -73 / 38 -39 -51 / 38 50 65 82 / 80 -38 -50 -65 / 36 48 85 / 75 -36 -48 / 53 58 63 75 / 79 -53 -58 -63 / 41 75 / 77 -41 / 53 57 63 -77 / 69 -53 -57 -63 <END> 
<S> 0 53 / 60 63 -39 -51 / 51 54 60 70 69 / 72 -51 -54 -60 / 39 51 67 72 / 67 79 -39 -51 / 38 50 -66 -66 / 70 60 -38 -50 / 36 48 68 / 70 -36 -48 / -40 -52 -61 / 67 72 76 -36 / 0 38 50 76 / 74 82 -38 -50 / 54 60 62 72 84 / 70 74 78 -54 -58 -62 / 38 -66 -75 -78 / 73 -38 -50 / 54 60 62 74 78 / 72 78 78 -60 
<S> 42 54 -62 -66 / 74 -42 -54 -62 / 87 -54 -57 -60 -62 / 72 78 81 -54 -57 -60 -63 / 42 54 -69 -72 -78 / 81 -42 -54 -70 -75 / 54 60 63 68 78 -78 / 43 55 67 72 76 79 / 64 71 -43 -55 -76 / 55 59 62 67 -76 / 70 76 -55 -59 -62 / 46 58 -67 -70 / 76 -46 -58 -67 / 45 -58 67 / 66 -45 -57 <END> 
<S> 43 55 71 76 81 / 79 -43 -55 -71 / 55 59 65 77 -71 -79 / 71 79 -55 -59 -65 / 43 -71 -79 / 55 59 65 -71 -79 / 67 71 -50 -55 -59 / 47 59 71 74 / 67 79 -47 -47 / 48 55 59 -62 -67 / 74 81 -55 -59 -62 / 55 62 65 74 / 74 -55 -62 -65 / 55 62 65 69 / 74 -55 -62 -65 <END> 
<S> 50 62 71 77 / 74 -50 -62 -71 / 55 60 65 78 81 / 71 77 79 -55 -60 -65 / 38 50 -71 -77 -79 / 69 -38 -50 -77 / 55 59 65 74 77 83 / 40 52 72 76 78 / 55 60 64 72 76 / 74 -55 -60 -64 / 45 68 71 / 69 81 -45 / 55 59 65 77 / 69 -55 -59 -65 <END> 
<S> 52 55 60 72 76 79 / 71 -52 -55 -60 -64 / 52 55 60 -64 -67 / 79 -52 -55 -64 / 52 57 60 69 / 71 -52 -57 -60 / 55 76 -57 -60 / 61 64 -81 / 0 53 57 62 64 / 72 -53 -57 -62 / 55 57 62 74 / 72 -55 -62 -65 / 55 59 62 74 / 67 -55 -59 -62 <END> 
<S> 60 62 65 74 / -69 -72 -60 -62 / 57 60 65 -69 -72 / 0 53 65 69 / 0 70 74 -53 / 0 / 0 -65 -70 / 0 65 / 48 60 65 / 69 -48 -60 / 41 53 74 / 72 77 80 -41 -53 / 43 55 -72 -77 / 76 79 -43 -55 / 45 57 63 77 <END> 
<S> 0 41 53 69 77 / 0 46 58 -69 -77 / 0 48 55 58 61 / 0 45 57 63 72 75 -45 / 0 46 58 72 / 67 -46 -58 / 51 55 58 70 / 72 -51 -55 -58 / 42 54 73 / 85 -42 -54 <END> 
<S> 39 51 70 / 72 -39 -51 / 41 53 70 75 / 67 -41 -53 / 43 55 70 / 72 -43 -55 / 41 53 74 / 75 -41 -53 / 42 54 70 / 75 -42 -54 / 0 54 66 / 0 54 57 60 -66 / 0 / 60 65 68 72 / 71 82 -66 -66 -72 / 51 55 60 72 78 / 42 71 74 81 86 / 78 87 -71 -74 / 55 59 -65 -75 -78 / 71 78 81 -55 -59 -65 / 52 -71 -71 -79 / 78 
<S> 0 45 57 / 0 78 -45 -57 / 0 51 69 / 0 50 -51 -65 / 0 60 65 69 / 0 68 -60 -65 -69 / 0 53 -65 / 87 -53 -65 / 44 -53 -65 / 68 -44 -56 -65 / 48 60 64 / 68 -48 -60 -64 / 52 64 60 -64 / -76 -52 -60 -64 / 43 55 64 / 71 -43 -55 / 0 55 60 64 72 / 0 76 -55 -60 -64 <END> 
<S> 0 41 65 69 / 68 -41 -41 -65 -69 / 53 63 69 75 -41 / 51 65 77 -69 / 36 48 -69 -77 / 45 57 -69 -77 / 44 56 65 / 69 72 75 -44 -56 / 0 44 56 72 77 / 70 74 -44 -56 / 39 51 56 68 72 / 72 74 80 -39 -51 / <END> 
<S> 53 56 68 -65 -68 / 68 -53 -56 -65 -68 / 51 63 69 72 / 68 70 74 79 / 54 -63 -68 -74 / 62 72 -42 -54 / 42 54 68 -62 / 74 -42 -54 -63 / 41 62 68 77 / 80 89 92 -68 / 51 61 66 -89 / 77 89 -51 -66 / 68 71 80 -78 -82 / 51 56 -68 -71 -80 / 73 -68 -68 -77 / 44 56 68 72 75 <END> 
<S> 50 62 71 77 83 / 82 -50 -62 -71 / 55 59 65 86 / 81 -55 -59 -65 / 43 55 -81 / 83 -43 -55 / 55 59 65 86 / 83 -55 -59 -65 / 48 60 75 78 87 / 67 76 79 -48 -60 / 52 64 -67 -76 -79 / 76 88 -52 -58 <END> 
<S> 60 69 / 76 81 / 59 62 77 / 38 50 76 / 45 57 74 83 / 44 76 74 / 56 62 65 68 74 / 51 67 72 / 51 -67 -72 -75 / 40 -67 -72 -75 / 46 -67 -72 / 45 57 -67 -72 <END> 
<S> 0 67 71 74 79 / 0 65 -67 -71 -74 -79 / 0 53 -67 -71 -74 -80 / 0 67 71 77 -50 -55 / 50 53 55 59 -67 -77 / 62 71 79 -50 -55 -59 -67 / 43 55 -71 -77 -79 / 67 71 75 -43 -55 / 55 58 63 67 70 75 / 69 74 -55 -58 -63 -68 <END> 
<S> 43 71 76 / 74 -43 / 55 59 67 75 / 78 -55 -59 / 47 -75 / 79 -47 / 55 59 -75 -79 / 78 -55 -59 -65 / 48 64 72 76 / 55 -64 -67 -72 / 58 -64 -67 -72 / 64 72 -55 -58 -64 <END> 
<S> -59 -69 -72 -76 / 80 -45 / 57 60 63 76 / 72 -57 -60 -67 / 45 57 -66 / 67 -45 -57 / 38 50 67 / 70 76 -38 -50 -67 / 48 60 75 / 67 -48 -60 / 45 57 68 / 69 -45 -57 / 48 60 70 / 69 74 -48 / 54 60 63 -74 / 72 -54 -60 -63 <END> 
<S> 0 36 48 64 / 67 -36 -48 -64 / 52 56 61 64 -64 / 68 -40 -52 -64 / 41 69 -68 / 68 -41 -41 / 0 60 69 -41 / 0 67 70 -41 / 0 41 53 -67 / 0 68 -41 -53 / 0 65 69 77 / 0 67 74 -65 -77 <END> 
<S> 0 41 53 68 / 65 -41 -53 73 / 42 54 70 73 / 51 -42 -54 -70 / 41 53 65 77 / 39 51 67 79 / 36 48 69 77 81 / 0 46 65 / 74 73 -46 / 53 58 62 73 77 / 70 -53 -58 -62 / 41 -70 / 53 58 62 70 <END> 
<S> 41 53 -65 -70 -74 -77 / 77 -41 -53 -70 -77 / 53 58 61 65 70 -77 -82 / 70 74 77 -53 -58 -62 / 46 58 -70 -74 -77 / 70 75 -46 -58 -58 / 44 56 77 70 82 / 43 55 75 87 / 76 -43 -55 / 44 56 74 / 77 -44 -56 / 45 57 72 / 77 -45 -57 -66 / 41 53 -77 / 72 -41 -53 <END> 
<S> 46 58 74 79 82 / 82 -46 -58 / 53 58 62 -82 / 77 89 -53 -58 -62 / 41 -77 -80 -82 / 72 75 -41 -53 / 56 58 62 74 80 / 72 84 -56 -58 -62 / 41 -72 -75 / 77 85 -41 / 56 58 61 76 / 77 -56 -58 -61 / 46 58 77 / 82 -46 -58 / 52 55 61 -82 / 73 85 -52 -55 -61 <END> 
<S> 0 39 51 / 75 79 -39 -51 / 58 63 67 70 82 / 75 -58 -63 -67 / 39 51 72 84 / 80 -39 -51 / 56 58 63 68 / 73 -56 -58 -63 -65 / 46 68 80 / 56 58 -68 -73 / 46 -68 -80 / 76 -46 / 56 58 62 68 80 / 0 39 51 84 / 0 75 87 -39 <END> 
<S> 0 45 57 / 0 56 47 -75 / 50 56 60 68 / 51 56 -59 -68 / 39 51 -68 -68 -77 / 38 50 -68 / 70 82 -38 -50 / 39 51 68 77 / 72 -39 -51 / -37 56 60 63 / 70 -56 -60 / 41 53 70 / 72 84 -53 -56 / 56 58 65 -72 / 75 -56 -58 -65 / 46 77 / 68 -46 / 58 63 84 / 84 -58 -61 <END> 
<S> 39 51 63 67 75 / 34 46 68 75 / 39 51 63 -75 / 40 -68 -68 / 36 48 68 75 / 0 34 46 / 0 39 51 / 0 36 48 / 0 -36 -48 / 0 0 51 / 61 69 -51 / -68 -51 -57 -61 / 0 52 56 60 / 68 -52 -56 -60 / 41 53 69 71 / 71 -41 -53 <END> 
<S> 0 40 52 / 68 -40 -52 / 71 -40 -52 / 64 76 -40 -52 / 0 39 51 / 63 75 -39 -51 / 0 52 64 / 0 63 -52 / 0 54 66 / 0 57 / 0 -66 / 0 66 / 54 57 60 63 -66 <END> 
