<S> 54 57 60 63 72 / 0 57 69 / 0 56 68 / 0 57 69 / 0 59 71 / 55 60 64 72 / -55 -60 -64 -72 / 55 67 / 52 64 / 51 63 / 52 64 / 53 65 / 55 67 <END> 
<S> 48 60 64 72 / 63 67 / 64 69 / 64 67 / 66 69 / 64 67 / 65 68 / 64 67 / 47 67 / 68 71 / 49 67 70 / 77 -68 <END> 
<S> 62 65 68 71 / 70 74 -62 -65 -68 / 35 47 65 68 74 75 / 77 -47 -65 -68 -71 / 63 72 75 78 84 / -63 -72 -75 / 56 60 64 -72 -78 / 80 -67 -72 -76 / 48 60 63 68 -72 -84 / 39 51 -60 -63 -70 -75 / 44 56 68 71 75 <END> 
<S> 44 -72 -75 -84 / 51 63 -72 -75 -84 / 54 -63 -72 -75 / 51 55 60 72 75 82 / 55 68 74 76 / 75 78 / 60 72 75 -78 / 74 86 -60 -65 -70 / 50 68 82 / 70 82 -50 / 56 58 68 71 / 72 75 78 -58 -61 -68 <END> 
<S> 0 44 / 71 74 77 83 / 0 56 60 66 72 72 84 / 70 74 78 82 -56 -60 -65 / 44 56 70 72 80 84 / 56 60 65 68 71 77 80 83 / 41 53 72 77 80 84 / 56 60 65 -68 -72 -77 -80 / 41 53 72 77 80 84 / 39 51 71 77 83 <END> 
<S> 41 53 72 77 81 / 57 60 65 -72 -77 -81 / 72 77 84 -57 -60 -65 / 44 -72 -77 -81 -84 / 56 60 63 72 84 87 / 70 74 82 91 -51 -56 -58 -65 / 46 58 -70 -74 -77 / 76 -46 -58 / 58 62 77 / 82 -58 -62 <END> 
<S> 46 58 74 79 82 / 75 81 -46 -58 / 55 58 63 72 84 / 75 81 -55 -58 -63 / 43 55 70 82 / 72 75 -43 -55 / 55 58 63 67 -72 / 70 74 82 -55 -58 -63 / 43 55 -70 -74 / 79 -43 -55 -70 / 41 53 67 74 / 39 51 67 79 <END> 
<S> 39 51 70 82 / 72 -39 -51 / 41 53 70 73 / 82 -41 -53 / 40 52 73 85 / 72 84 -40 -52 / 41 53 -72 -84 / 70 73 -41 -53 / 41 53 68 / 69 -41 -53 / 56 60 65 77 / 72 -56 -60 -65 / 38 50 68 / 72 -38 -50 / 39 51 66 -72 / 70 73 -39 -51 <END> 
<S> 41 53 68 72 75 80 / 56 61 65 68 73 77 80 / 70 73 78 82 -37 -37 -49 / 44 56 -70 -73 -77 -80 / 56 61 65 -68 -73 -77 -80 / 39 51 70 73 77 82 / 72 84 -39 -51 / 56 58 -72 -82 / 70 82 82 -55 -58 -60 / 46 -70 -82 / 75 -46 -58 / 53 58 63 68 / 69 -53 -58 -63 <END> 
<S> 39 51 72 75 79 84 / 39 51 68 72 77 / 70 73 82 -39 -51 / 51 55 61 -70 -82 / 75 79 -51 -55 -61 / 37 49 77 89 / 75 82 -37 -49 / 53 56 58 77 85 / 75 -53 -56 -58 -61 / 41 53 74 / 72 77 -41 -53 / 53 58 62 74 -77 / 72 74 79 -53 -58 -62 / 46 -72 -75 -79 / 74 77 -46 / 55 58 72 76 <END> 
<S> 53 65 77 / 75 -53 -65 / 56 61 65 70 / 68 80 -56 -61 -65 / 39 51 -70 -80 / 77 -39 -51 / 51 56 61 82 / 82 -51 -56 -61 / 44 56 82 / 80 -44 -56 / 51 56 60 -80 / 77 -51 -56 -60 / 39 51 72 / 75 -39 -51 / 51 56 60 68 / 75 -51 -56 -60 <END> 
<S> 51 56 60 72 75 / 77 80 -51 -56 -60 / 51 56 60 80 / 72 84 -51 -56 -60 / 39 51 -72 -84 / 70 -39 -51 / 51 56 60 68 / 72 -51 -56 -60 / 44 56 68 / 72 -44 -56 / 51 56 60 75 / 68 72 -51 -56 -60 / 39 51 69 / 68 72 -39 -51 / 51 56 60 -68 -72 / 70 -51 -56 -60 <END> 
<S> 44 56 72 75 / 80 -44 -56 / 51 56 60 75 / 77 -51 -56 -60 / 39 51 -77 / 70 82 -39 -51 / 51 56 61 70 73 / 82 -51 -56 -61 / 39 51 82 / 85 -39 -51 / 51 58 61 -82 / 72 79 -51 -58 -63 / 46 58 73 85 / 75 82 -46 -58 / 55 58 63 -82 -82 / 70 75 79 -55 -58 -63 / 46 58 -70 -75 -79 / 75 81 -46 -58 / 51 55 70 82 / 
<S> 39 51 72 89 / 51 56 60 77 / 80 -51 -56 -60 / 39 51 72 / 82 -39 -51 -75 / 51 56 60 70 82 / 72 -51 -56 -60 / 41 53 68 / 72 -41 -53 / 56 60 65 77 / 68 -56 -60 -65 / 48 58 -65 -68 / 75 -48 / 56 58 62 74 <END> 
<S> 53 56 60 68 80 / 65 72 77 -56 -56 -60 / 44 56 -72 -65 -72 -77 / 73 77 -44 -56 -65 / 44 56 65 77 -80 / 73 -44 -56 -65 -77 / 44 56 -65 -68 -73 / 68 80 -44 -56 / 51 56 61 82 / 68 80 -51 -56 -61 / 39 51 68 / 82 -39 -51 / 51 56 61 -80 / 77 -51 -56 -61 <END> 
<S> 52 56 61 68 80 / 73 80 -53 -56 -61 / 44 56 77 73 80 / 56 60 65 68 80 -77 -80 / 0 39 51 / 68 80 -39 -51 / 51 56 60 80 / 70 -51 -56 -60 / 39 51 72 / 74 -39 -51 / 51 56 60 72 / 70 -51 -56 -60 / 39 51 72 / 70 73 -39 -51 / 51 56 60 68 72 / 72 75 -51 -56 -60 <END> 
<S> 39 51 -70 -82 / 67 75 -39 -51 / 55 58 63 70 73 / 75 -55 -58 -63 / 39 51 74 / 77 -39 -51 / 58 63 67 79 / 75 -58 -63 -67 / 51 63 75 87 / 75 -51 -63 -75 / 55 58 63 -75 -81 / 75 -55 -58 -63 -75 / 0 46 67 / 70 82 -46 / 55 58 63 67 70 / 67 70 74 -43 -55 / 46 58 -67 -70 -74 / 72 -46 -58 / 44 56 65 / 65 -44 
<S> 39 51 75 / 79 -39 -51 -75 / 55 58 63 75 -75 / 74 79 -55 -58 -63 / 43 55 72 75 79 / 72 75 84 -43 -55 / 55 -72 63 -72 -81 -84 / 75 82 -55 -41 -63 / 53 60 63 79 89 / 77 81 -53 -58 -63 / 46 58 73 79 / 70 74 77 -46 / 53 58 62 72 79 84 / 70 74 -53 -53 -58 -62 / 34 46 -70 -74 -82 / 74 77 -46 / 56 58 62 74 80 
<S> 41 53 70 74 82 / 77 -41 -53 -70 -74 / 50 62 65 77 -77 / 74 77 -50 -62 -65 / 43 55 -71 -74 -77 / 79 -43 -55 -71 / 47 59 65 74 / 70 73 -47 -59 / 48 74 77 / 72 -48 / 57 60 65 79 / 72 -57 -60 -65 / 48 -72 / 78 -48 / 57 60 65 70 / 72 -57 -60 -65 <END> 
<S> 48 72 75 / 77 -48 -60 / 55 60 63 79 / 72 84 -55 -60 -63 / 41 53 -72 -84 / 70 -41 -53 / 53 57 63 69 / 77 -53 -57 -63 / 41 69 72 75 / 53 60 63 -69 -72 / 46 70 / 67 70 / 53 65 72 74 / 50 77 -65 / 79 -50 / 41 77 81 / 81 -41 <END> 
<S> 41 53 62 65 74 / 45 57 60 63 69 / 75 82 -53 -57 -63 / 41 53 -75 -79 / 77 81 84 -41 -53 / 53 58 61 73 79 82 / 70 82 81 -53 -58 -61 / 46 58 -70 -82 -82 / 75 81 82 -46 -58 / 58 58 64 72 -82 / 73 82 -58 -58 -64 <END> 
<S> 58 70 82 / 41 53 -70 -82 / 46 58 -70 -82 / 70 -46 -58 / 53 58 62 -70 / 65 -53 -58 -62 / 41 53 / 65 -41 -53 / 53 58 62 77 / 67 -53 -58 -62 / 39 51 -67 / 66 75 -39 -51 / 54 60 60 -66 -75 / 72 -54 -60 -63 / 48 60 69 / 68 -48 -60 / 51 56 61 69 / 70 -51 -56 -61 <END> 
<S> 0 53 / 62 65 / 53 58 62 67 / 65 77 -58 -62 / 46 -65 -77 / 70 73 -46 / 56 58 65 68 77 / 73 77 -53 -58 -62 -65 / 33 45 -73 -77 / 73 85 -61 / 56 61 65 73 77 / 77 -56 -61 -65 <END> 
<S> 39 51 -70 -82 / 70 -39 -51 / 55 58 63 72 / 75 -55 -58 -63 / 43 55 70 / 82 -43 -55 / 39 51 -82 / 69 -39 -51 / 50 54 70 82 / 72 -50 -54 -70 / 38 50 -70 -74 / 72 -38 -50 / 39 51 67 79 / 37 49 68 77 80 <END> 
<S> 39 51 -67 -70 / 75 -39 -51 / 51 55 60 70 82 / 72 -51 -55 -60 / 39 51 70 / 72 -39 -51 / 41 53 70 / 72 -41 -53 / 43 55 70 / 82 -43 -55 / 42 54 70 / 75 -42 -54 / 41 53 -75 / 80 -41 -53 <END> 
<S> 39 51 70 75 / 72 -39 -51 / 55 58 63 70 / 75 -55 -58 -63 / 43 55 70 / 72 -43 -55 / 39 51 67 / 72 -39 -51 / 41 53 69 / 70 -41 -53 / 53 58 62 72 / 74 -53 -58 -62 / 41 -72 / 65 -41 / 53 57 63 67 / 69 -53 -57 -63 <END> 
<S> 38 50 65 70 / 70 -38 -50 -65 / 53 58 62 -65 -70 / 65 -53 -58 -62 -65 / 43 70 -65 / 72 -43 -62 / 55 58 62 74 / 74 -58 -62 / 41 -74 / 77 -41 / 53 58 62 70 / 74 -53 -58 -62 / 46 74 / 77 -46 / 56 58 62 68 / 74 -56 -58 -62 <END> 
<S> 34 46 70 74 / 65 74 77 -46 / 53 58 62 -65 -74 -77 / 72 74 -53 -58 -62 / 43 -65 -70 / 70 74 -43 / 41 53 -70 -74 / 42 54 70 74 / 43 55 70 73 / 51 55 58 61 -70 / 39 51 55 -70 / 75 -39 -51 / 39 51 72 / 70 73 -39 -51 <END> 
<S> 39 51 -67 -70 / 72 -39 -51 / 41 53 70 / 72 -41 -53 / 43 55 70 / 72 -43 -55 / 45 57 70 / 67 -45 -57 / 46 58 70 / 65 74 -46 -58 / 53 58 62 -65 -74 / 70 -53 -58 -62 / 43 65 67 / 70 -43 -67 / 53 58 62 -67 -70 / 65 68 70 -53 -58 -62 <END> 
<S> 46 58 70 / 65 74 -46 -58 / 53 58 62 -65 -74 / 70 -53 -58 -62 / 43 65 74 / 53 55 59 -65 -74 / 48 64 79 / 64 74 -55 -64 / 53 58 62 -74 / 64 76 -53 -58 -62 / 43 55 70 / 48 55 58 72 / 45 57 <END> 
<S> 43 55 70 / 72 -43 -55 / 41 53 74 / 67 -41 -53 / 38 50 69 / 69 -36 -48 -69 / 0 52 55 -69 / 0 / 0 71 / 48 70 / 76 -48 / 58 60 64 70 / 72 -58 -60 -64 / 48 58 70 / 76 -48 -58 -70 / 58 60 64 -58 -70 / 67 -58 -60 -64 <END> 
<S> 52 55 60 64 / 67 -52 -55 -60 / 52 69 -52 / 55 60 64 -52 / 67 -52 -55 -60 -64 / 53 57 60 69 / 50 54 57 60 72 / 74 -50 -54 -57 -60 -62 / 38 50 -57 -74 / 50 54 57 60 72 / 43 55 70 82 / 55 58 62 -67 -70 / 0 55 58 62 70 / 0 82 -55 -58 -62 <END> 
<S> 0 50 62 / 74 -50 -62 / 0 53 58 62 67 / 0 50 53 57 60 63 / 65 69 -53 -56 -60 / 41 53 -65 -69 / 67 -41 -53 -65 / 44 56 65 69 / 71 -44 -56 -65 / 43 -44 -65 / 72 -43 -55 / 45 52 70 / 72 -45 <END> 
<S> 0 41 53 / 65 -41 -53 / 53 57 62 74 / 69 72 -53 -57 -62 / 48 -69 -72 / 70 -48 / 53 57 63 69 72 / 41 69 75 77 / 51 68 -69 -75 / 69 77 -69 -75 / 55 -69 -69 -75 -81 / 42 54 -69 -75 / 43 55 70 75 82 / 42 54 69 72 81 <END> 
<S> 0 53 65 / 0 75 -53 -65 / 0 49 61 76 / 80 -49 -61 -65 / 56 61 65 72 / 75 -56 -61 -65 / 56 60 65 77 / 80 -56 -60 -65 / 0 53 86 / 80 -53 -58 -63 / 56 62 65 80 86 / 80 -56 -58 -62 -65 / 36 48 -84 / 80 -36 -48 / 56 61 65 82 / 82 -56 -58 -61 <END> 
<S> 0 44 56 / 84 -44 -56 / 0 56 60 80 / 0 -56 -60 / 0 39 51 / 56 60 68 80 / 51 56 60 80 / 67 -51 -56 -60 / 44 56 68 / 72 -44 -56 / 56 60 75 -72 / 72 -56 -60 -63 / 39 51 67 / 70 -39 -51 / 41 53 56 68 / 70 -41 -53 <END> 
<S> 44 56 72 75 80 / 72 75 80 -44 -56 / 51 56 60 66 72 80 / 72 75 84 -51 -56 -60 / 39 51 -72 -75 -84 / 72 84 -39 -51 / 51 56 60 70 82 / 68 80 -51 -56 -60 / 44 56 68 80 / 72 75 -44 -56 / 51 56 60 -72 -75 / 72 77 -51 -56 -60 / 39 51 75 / 68 80 -39 -51 / 51 56 60 68 72 / 72 -51 -56 -60 <END> 
<S> 44 56 -72 -75 / 72 77 -44 -56 / 51 56 60 72 75 / 70 73 -51 -56 -60 / 39 51 72 75 / 72 80 -39 -51 / 51 56 60 -72 -75 / 72 77 -51 -56 -60 / 45 75 / 72 -45 / 54 57 60 63 72 / 75 -54 -57 -60 -63 / 46 58 74 / 76 -46 -46 / 55 58 60 64 72 / 70 81 -55 -58 -64 / 48 60 76 -70 / 75 -48 -60 -64 <END> 
<S> 39 51 -72 -75 / 78 -39 -51 -72 -75 / 40 52 72 79 / 70 82 -40 -52 / -70 -82 -66 -70 / 72 84 -46 -58 / 44 56 -72 -84 / 82 -44 -56 -72 / 43 55 72 76 / 75 87 -43 -55 / 55 58 64 -75 / 72 75 84 -46 -58 / 41 53 -72 -75 / 80 87 -41 -53 / 42 54 72 81 / 73 -42 -54 -61 <END> 
<S> 32 44 76 84 / 77 -44 -56 -72 / 42 54 -68 -72 / 75 78 -42 -66 / 54 66 -78 75 / 78 -66 -66 / 60 68 -66 / 72 -42 -60 -66 / 46 58 68 / 51 56 60 -68 / 68 -51 -56 -60 / 51 54 60 63 / 75 -51 -56 -60 / 51 55 60 70 / 72 -51 -51 -55 <END> 
<S> 0 46 58 / 67 -46 -58 / 55 58 63 75 / 84 -55 -58 -63 / 34 46 82 / 89 -46 / 54 58 62 72 / 75 -54 -58 -62 / 46 74 / 77 -46 / 58 62 68 74 / 70 -58 -62 -65 / 39 51 72 / 74 -39 -51 / 55 58 63 -73 / 70 -55 -58 -63 <END> 
<S> 46 58 67 79 / 70 73 -46 -58 / 39 51 67 72 / 73 -39 -51 / 43 55 58 73 / 82 -51 -55 -58 / 44 56 85 / 82 -44 -56 / 43 55 73 85 / 76 -43 -55 / 46 58 82 / 82 -46 -58 / 45 57 -82 / 80 84 87 -36 -45 / 44 56 74 80 82 / 72 75 80 -44 -56 -61 <END> 
<S> 43 55 70 82 82 / 76 84 -43 -55 / 58 63 64 72 -84 / 70 82 -58 -62 -64 / 46 -70 -82 / 76 -46 / 58 58 66 72 / 70 -58 -58 -60 -67 / 39 51 72 / 51 56 60 63 -72 / 71 -51 -56 -60 -63 / 39 51 72 / 70 -39 -51 / 51 56 60 68 / 70 -51 -56 -60 <END> 
<S> 39 51 -68 -72 / 70 -39 -51 / 38 50 63 68 / 70 -38 -50 -68 / 36 48 72 75 / 84 -36 -48 -69 -72 / 53 56 60 68 80 / 72 84 -53 -56 -60 / 43 -72 -84 / 76 82 -43 / 52 55 60 80 83 / 72 75 84 -55 -60 -64 / 48 -72 -75 / 87 -48 -72 / 56 60 64 74 / 72 76 -55 -60 -64 <END> 
<S> 0 44 / 72 84 84 / 51 56 60 -72 -84 / 77 80 84 -56 -60 -65 / 44 56 -72 -84 / 80 82 -44 -56 / 42 54 60 72 84 / 72 -42 -54 -60 / 39 51 68 80 / 80 -39 -51 / 51 56 60 -80 / 77 -51 -56 -60 / 39 51 75 / 70 82 -39 -51 / 51 56 61 68 80 / 70 82 -51 -56 -58 -61 <END> 
<S> 39 51 72 75 78 84 / 56 60 66 68 80 / 70 78 82 -56 -60 -66 / 39 51 -70 -78 -82 / 44 56 68 80 / 43 55 70 82 / 42 54 72 84 / 41 53 73 77 85 / 56 61 65 68 77 80 / 70 77 82 -56 -61 -65 / 49 61 -70 -77 -82 / 56 61 -70 -70 -82 -82 <END> 
<S> 39 51 63 75 / 77 -39 -51 -55 / 39 51 -77 / 70 75 -39 -51 / 43 55 -70 -75 / 44 56 68 / 72 -44 -56 -62 / 46 58 73 / 44 56 68 74 / 39 51 -68 -72 / 70 -39 -51 / 39 51 68 72 / 70 73 -39 -51 / 39 51 72 78 / 72 74 80 / 56 58 68 73 / 70 75 80 -58 -61 / 46 -70 -70 -75 / 79 -46 / 58 63 68 70 / 77 -58 -63 -67 <END> 
<S> 39 51 72 / 51 56 60 75 79 / 68 80 -51 -56 -60 / 39 51 72 / 70 82 -39 -51 / 39 51 -70 -72 / 72 -39 -51 / 51 56 60 68 / 72 -51 -56 -60 / 39 51 75 / 68 77 -39 -51 / 51 56 60 70 75 / 71 77 -51 -56 -60 <END> 
<S> 44 56 60 65 72 / 39 51 -72 -77 -84 / 42 54 -72 -75 / 41 53 -72 -75 / 80 -41 -53 -72 / 56 60 65 68 80 / 72 78 -60 -65 -68 / 48 60 72 -72 -75 / 80 -48 -60 -72 -75 / 56 60 63 -72 -75 -80 / 75 -54 -56 -60 -63 <END> 
<S> 0 53 65 / 68 -53 -65 / 54 56 60 65 72 / 72 75 -56 -60 -65 / 44 56 -72 -75 / 77 -44 -56 / 42 54 75 / 68 -42 -42 / 0 54 56 60 63 / 68 -53 -56 -60 / 74 -54 -56 -60 / 44 56 68 / 72 75 -44 -56 <END> 
<S> 0 53 56 61 / 0 70 -53 -56 -61 / 56 60 65 68 / 72 -56 -60 -65 / 51 56 60 -72 / 70 82 -51 -56 -60 / 39 51 -70 -82 / 75 -39 -51 / 51 55 61 70 / 72 -51 -55 -61 / 39 51 70 / 82 -39 -51 / 41 53 -70 -82 / 77 -41 -53 -70 / 46 58 -70 -82 / 79 -46 -58 / 46 58 -79 / 82 -46 -58 -70 <END> 
<S> 0 39 51 / 75 79 -39 -51 / 58 63 67 70 -79 / 75 -58 -63 -67 / 39 51 72 / 74 -39 -51 / 56 58 63 68 / 70 -56 -58 -63 / 53 68 / 80 -53 / 58 62 68 / 77 -58 -62 / 46 -74 / 79 -46 / 56 58 62 84 / 82 -39 -58 <END> 
<S> 0 53 65 / 68 -53 -65 / 56 61 65 70 / 77 -56 -61 -65 / 41 53 -77 / 68 -41 -53 / 56 58 62 65 / 70 -56 -58 -62 / 51 55 60 / 63 -51 -55 / 0 54 56 60 66 / 0 53 57 61 63 / 68 70 -56 -57 -63 <END> 
<S> 39 51 72 / 74 -39 -51 / 54 58 60 72 75 / 75 78 -54 -58 -60 / 46 -75 -79 / 78 -46 / 56 58 62 68 / 72 -53 -58 -62 / 39 51 -72 / 78 -39 -51 / 56 60 63 75 / 72 -56 -60 -63 / 39 51 70 / 72 -39 -51 / 58 63 67 70 / 75 -58 -63 -67 / 46 58 -67 / 70 -46 -58 / 45 57 72 / 70 -45 -57 <END> 
<S> 39 51 72 / 70 82 -39 -51 / 58 63 67 72 / 70 82 -58 -63 / 44 56 82 / 72 -44 -56 / 42 54 60 -72 -84 / 81 -42 -54 -60 / 41 53 76 80 / 80 -41 -53 / 42 54 75 81 / 72 84 -42 -54 / 43 55 70 73 82 / 76 82 -43 / 52 58 60 -82 / 72 81 -58 -60 / 48 60 -72 -81 / 46 79 / 72 76 81 <END> 
<S> 41 53 75 81 / 82 -41 -53 -75 / 60 63 69 75 81 / 45 57 -60 -69 -75 / 45 57 -69 -75 / 46 58 -66 -69 / 48 55 60 -65 -69 / 68 -48 -60 -65 / 55 69 72 76 / 75 -55 -58 -64 <END> 
<S> 0 65 69 77 / 0 -65 -69 -77 / 0 75 -65 -69 / 0 72 76 / 42 54 72 75 84 / 54 60 63 69 75 / 41 53 69 75 81 / 57 60 65 -69 -81 -81 / 45 57 -65 -75 -81 / 47 59 77 80 <END> 
<S> 41 53 69 77 81 / 77 -41 -53 / 53 57 69 81 / 72 77 81 -53 -57 -63 / 48 60 -72 -77 -81 / 76 79 -48 -60 / 53 57 60 77 80 / 72 75 78 -53 -57 -60 / 48 -67 -72 -75 / 72 75 -48 -48 / 55 60 63 -72 -75 / 72 75 81 -55 -60 -63 <END> 
<S> 0 48 60 / 75 -48 -60 / 56 60 63 68 80 / 72 75 -56 -60 -63 -68 / 44 56 -72 -75 / 72 -44 -56 / 44 56 56 -72 / 72 -44 -56 -60 / 41 53 75 / 67 -41 -53 / 39 51 -67 / 69 -39 -51 / 40 52 68 / 72 -40 -52 / 39 51 67 / 36 48 67 <END> 
<S> 39 51 70 / 72 -39 -51 / 41 53 70 / 70 -41 -53 / 43 55 70 / 72 -43 -55 / 45 57 70 / 72 -45 -57 / 46 58 70 / 74 -46 -58 / 47 53 68 77 / 80 -53 -59 -65 / 52 55 61 -68 / 79 -52 -55 -61 / 39 51 84 / 68 -39 -51 <END> 
<S> 46 58 -67 -70 / 75 -46 -58 / 51 55 61 67 / 70 82 -51 -55 -61 / 39 51 67 89 / 61 67 70 -39 -51 / 43 55 61 65 67 70 / 0 63 67 75 84 / 0 34 46 -67 -72 / 39 51 55 58 63 87 / 46 -72 89 / 51 55 61 82 / 75 85 -51 -55 -61 <END> 
<S> 39 51 -67 -70 / 46 58 -67 / 39 51 -67 / 66 -39 -51 / 55 58 63 67 / 67 -55 -58 -63 / 43 55 70 / 74 -43 -55 / 42 54 72 / 70 73 81 -42 / 42 54 70 72 / 41 53 69 72 75 / 39 51 67 79 <END> 
<S> 39 51 -67 -70 / 72 -39 -51 / 41 53 70 / 67 -41 -53 / 43 55 67 / 72 -43 -55 / 39 51 67 / 72 -39 -51 / 51 55 60 70 / 67 72 -51 -55 -60 / 39 51 -67 -72 / 66 -39 -51 / 51 55 60 70 / 67 -51 -55 -60 <END> 
<S> 0 43 55 / 64 70 -43 -55 / 42 54 58 62 70 / 72 -54 -58 -62 -70 / 46 67 74 / 68 -46 -68 / 50 62 65 68 / 74 77 -50 -62 -65 / 51 63 75 / 87 -51 -63 / 55 58 -63 -51 / 68 72 -51 -55 -61 / 39 51 67 70 / 0 52 58 63 68 <END> 
<S> 39 51 68 / 72 -39 -51 / 56 58 63 77 / 75 -56 -58 -63 / 34 46 70 / 72 -34 -46 / 56 58 62 68 / 74 -56 -58 -62 / 41 75 / 77 -41 / 56 58 62 70 / 68 -56 -58 -62 / 46 68 80 / 56 58 62 -68 -68 <END> 
<S> 50 53 65 77 / 74 -50 -53 -65 / 58 62 65 77 / 67 74 -58 -62 -65 / 51 63 -67 -70 / 72 -51 -63 -67 / 65 67 -51 -56 -60 / 66 75 -56 -58 -65 / 44 56 68 80 / 80 56 60 -68 / 39 51 78 / 72 -39 -51 / 51 56 60 68 / 68 72 -51 -56 -60 / 39 51 -68 -72 / 70 73 -39 -51 / 37 49 65 68 73 / 73 77 -37 -49 <END> 
