<S> 0 72 84 / 0 69 81 / 0 67 79 / 0 65 77 / 0 -65 -77 / 0 69 81 / 0 67 79 / 0 65 77 / 0 67 79 / 0 65 77 / 0 62 74 / 0 60 72 / 0 -60 -72 / 0 53 65 / 0 55 67 / 0 57 69 <END> 
<S> 42 54 60 69 / 50 54 57 60 72 / 66 78 -50 -54 -60 / 38 50 -66 -78 / 66 78 -38 -50 / 50 54 57 60 69 78 / 50 54 60 70 72 78 / 43 55 67 71 79 / 50 55 59 -67 -71 -74 -79 / 76 -50 -55 -59 -67 -71 / 47 67 76 / 67 71 79 -47 / 50 55 59 -67 -71 -79 / 76 -50 -55 -59 -67 / 38 50 71 74 / 71 -38 -50 / 40 52 71 / 71 
<S> 50 62 71 77 / 62 74 -50 -62 / 50 62 67 -71 -83 / 76 -50 -62 -67 -71 / 47 59 74 77 86 / 55 59 65 67 77 79 / 48 60 78 / 78 -48 -60 / 56 60 63 75 / 75 78 -56 -60 -63 / 40 52 -75 -78 -82 / 76 -40 -40 / 55 58 64 70 72 76 <END> 
<S> 48 60 75 / 72 -48 -60 / 56 60 63 68 80 / 75 -56 -60 -63 / 51 56 58 68 / 72 -51 -56 -58 / 39 51 75 / 68 73 -39 -51 / 51 56 61 -68 -71 / 70 82 -51 -56 -61 / 44 56 68 72 / 73 -44 -56 / 51 56 60 75 / 72 76 -51 -56 -60 / 39 51 -72 -75 / 68 72 -39 -51 / 51 56 60 68 -72 / 70 -51 -56 -60 <END> 
<S> 39 51 -68 -72 / 77 -39 -51 / 51 56 60 75 / 72 -51 -56 -60 / 39 51 68 / 72 -39 -51 / 51 56 60 70 / 68 -51 -56 -60 / 39 51 70 / 72 -39 -51 / 51 56 60 70 / 68 -51 -56 -60 / 44 56 68 / 72 -44 -56 -60 / 39 51 -72 -77 / 72 -39 -51 / 51 55 61 70 / 82 -51 -55 -61 <END> 
<S> 39 51 -70 -73 / 75 -39 -51 / 55 58 63 81 / 82 -55 -58 -63 / 39 51 79 82 / 80 -39 -51 / 55 58 63 75 / 79 -55 -58 -63 / 39 51 72 84 / 42 54 70 82 / 81 -42 -54 -70 / 42 54 70 82 / 72 84 -42 -54 <END> 
<S> 39 51 72 84 / 51 63 -72 -75 / 83 -51 -63 -75 / 0 60 72 75 84 / 0 63 75 / 0 60 63 -75 -78 / 0 63 69 75 87 / 0 -63 -69 -75 / 0 63 68 72 75 80 <END> 
<S> 0 68 / 56 68 / 62 65 / 0 -56 / 0 / 50 56 68 / 70 -50 -56 / 51 75 / 68 72 75 80 / 51 -68 -72 -75 / 73 75 -51 -55 / 51 54 61 72 75 / 73 77 -51 -56 -61 <END> 
<S> 0 53 56 / 82 -53 -56 / 56 61 73 82 / 80 -56 -58 -61 / 37 49 77 82 / 80 82 -37 -49 / 56 61 65 70 75 82 / 41 53 69 72 77 80 / 46 68 77 / 56 58 62 -68 -73 -77 / 46 74 77 / 76 -46 -68 / 47 59 68 80 <END> 
<S> 53 68 72 80 / 56 65 68 74 77 / 56 -65 -68 -72 -77 / 44 56 72 77 / 56 -44 -68 -72 -77 / 51 56 60 72 -77 / 70 74 80 -56 -60 -56 / 39 51 -70 -73 -77 / 72 -39 -51 / 51 56 60 70 82 / 72 -51 -56 -60 / 39 51 -72 -84 / 70 82 -39 -51 / 39 51 -70 -82 / 72 -39 -39 -51 <END> 
<S> 39 51 70 75 78 / 42 54 -70 -75 -78 / 40 52 -70 -75 -82 / 41 53 -70 -75 -82 / 40 52 -70 -82 / 41 53 -70 -82 / 41 53 -70 -74 -82 / 46 58 70 74 82 / 70 74 82 -46 / 53 58 62 -70 -74 -82 / 70 74 77 -53 -58 -62 / 50 62 -70 -74 -77 / 76 -50 -62 -70 / 53 58 62 74 77 79 <END> 
<S> 46 58 62 70 / 70 74 82 -46 -58 / 39 51 -70 -74 -82 / 72 75 -39 -51 / 55 58 63 70 73 82 / 68 74 -55 -58 -63 / 46 58 73 / 73 85 -46 -58 / 51 55 61 -73 -80 / 73 85 -55 -61 -61 / 39 51 73 85 / 73 -39 -51 / 51 55 61 75 / 72 -51 -55 -61 / 39 51 73 / 65 77 -39 -51 / 43 55 -65 -77 / 73 -43 -55 <END> 
<S> 39 51 61 67 75 / 46 58 75 82 / 39 51 -75 -79 / 40 52 58 -75 -79 / 41 53 -70 -74 -79 / 46 58 -70 -74 -82 / 45 57 -70 -74 -82 / 46 58 -70 -74 -82 / 38 50 -70 -74 -82 / 0 36 48 72 / 0 41 53 65 77 -41 / 0 53 65 72 75 / 0 72 75 -53 -65 / 0 36 48 72 76 84 / 0 70 -36 -48 <END> 
<S> 41 53 58 62 70 / 46 58 68 / 36 48 60 75 / 77 -48 -60 / 41 53 80 / 82 -41 -53 / 39 51 74 / 77 -39 -51 / 39 51 67 / 70 -39 -51 / 43 55 -70 / 67 -43 -55 -67 / 39 51 -67 / 66 75 -39 -39 -51 / 43 55 67 70 / 72 -43 -55 -67 / 70 -43 -55 -67 / 71 -43 -55 -58 / 44 56 62 72 <END> 
<S> 39 51 70 75 / 72 -39 -51 -70 / 55 58 63 70 70 / 67 70 -55 -58 -63 / 39 51 -67 -70 / 72 -39 -51 / 51 55 60 70 / 73 -51 -55 -60 / 44 56 72 / 74 -44 -56 / 56 60 65 72 / 72 -56 -60 -65 / 48 60 70 / 67 -48 -60 / 47 56 68 / 72 -47 -56 <END> 
<S> 44 56 -72 / 71 74 -44 -56 / 51 56 60 72 72 / 70 73 -51 -56 -60 / 39 51 78 -70 / 72 84 -39 -51 / 51 56 60 70 82 / 80 -51 -56 -60 -65 / 44 56 68 80 / 72 -44 -56 / 51 56 60 75 / 68 77 -51 -56 -60 / 39 51 -66 -72 / 70 -39 -51 / 51 56 60 68 / 70 -51 -56 -60 <END> 
<S> 44 56 72 75 80 / 72 75 80 -44 -56 / 51 56 60 -72 -75 -80 / 72 84 -51 -56 -60 / 39 51 -72 -84 / 70 82 -39 -51 / 39 51 -70 -75 / 72 -39 -51 / 43 55 70 82 / 75 -43 -55 / 42 54 75 82 / 80 84 -42 -54 / 58 58 70 82 / 76 81 -58 -63 -67 / 46 58 82 / 82 -46 -58 <END> 
<S> 39 51 72 84 / 51 56 60 66 / 77 -51 -56 -60 / 44 56 72 / 72 -44 -56 / 45 57 -72 / 72 -45 -57 / 46 70 / 73 -46 / 53 58 61 / 70 -53 -58 -61 / 41 65 / 53 65 / 53 -65 / 73 -53 -65 / 43 55 -65 / 44 -43 / 41 53 65 <END> 
<S> 46 58 74 / 70 -46 -58 / 53 58 62 72 / 74 -53 -58 -62 / 41 53 -74 / 70 -41 -53 / 53 58 62 72 / 74 -53 -58 -62 / 46 58 70 / 74 -46 -58 / 53 58 62 72 / 75 -53 -58 -62 / 43 77 / 70 82 / 50 62 -70 -82 / 74 77 -50 -62 / 46 58 70 74 82 / 77 81 -46 -58 / 53 58 62 -77 -81 / 82 -53 -58 -62 / 50 77 80 / 53 56 58 
<S> 34 46 70 74 82 / 65 74 77 -46 / 53 58 62 67 -74 -77 / 65 68 74 77 -53 -58 -62 / 46 58 -65 -70 -74 -77 / 68 -46 -58 / 53 58 62 65 / 73 -53 -58 -62 / 41 53 75 / 77 -41 -53 / 42 54 75 / 78 -42 -54 / 40 52 -70 / 78 -40 -52 / 39 51 67 79 / 72 -39 -51 <END> 
<S> 0 53 57 63 65 / 73 -53 -57 -63 / 50 62 65 74 / 70 -50 -62 -65 / 48 61 64 / 67 -48 -61 / 0 60 65 / 0 64 / 0 69 / 56 68 / 57 69 / 57 60 64 72 / 57 63 65 72 / 60 64 72 -48 <END> 
<S> 0 52 57 61 64 / 0 53 57 61 69 / 62 -53 -57 -61 / 63 72 -55 -57 -63 / 69 -54 -57 -63 / 51 55 60 72 / 75 -51 -55 -60 / 47 67 79 / 67 76 / 50 62 66 / 77 / 55 67 78 / 54 66 75 78 / 55 67 79 -75 / 55 58 63 -67 -75 -79 / 43 55 70 74 82 / 39 51 70 82 / 0 <END> 
<S> 0 67 / 0 75 / 0 66 72 74 84 / 0 72 75 84 / 0 84 / 0 84 / 0 82 / 80 86 / 84 -46 / 87 -46 82 / 82 84 86 88 / 88 <END> 
<S> 0 46 68 / 0 77 -46 -68 / 0 53 56 -68 -80 / 0 72 -41 -53 -56 0 -80 / 0 0 / 0 41 53 56 80 56 68 80 -41 -53 -84 / 0 56 68 80 -68 / 80 -44 -56 -62 -68 / 41 53 68 80 80 / 68 80 -41 -53 -68 / 40 52 68 72 / 80 -40 -52 -68 -72 / 39 51 -68 -68 -72 / 36 48 -68 -69 -72 / 34 46 70 70 82 / 68 80 -38 -70 <END> 
<S> 53 68 72 80 / 56 60 65 68 77 -72 / 71 80 -56 -60 -65 -71 / 36 48 72 72 76 / 68 80 -36 -48 -72 / 52 56 60 72 84 / 76 -52 -56 -60 / 43 71 74 77 / 72 76 -43 / 52 55 60 72 79 / 72 75 79 -55 -60 -64 / 48 -72 -75 -79 / 67 -48 60 -75 / 72 -48 -60 -67 -75 / 36 48 67 76 75 <END> 
<S> 0 / 60 72 / 63 72 / 0 66 / 64 68 / 60 69 / 63 66 / 64 67 / 65 69 / 57 63 / 58 63 / 60 66 / 57 69 / 60 69 <END> 
<S> 46 67 / 67 70 -46 / -67 58 -67 -70 / 41 53 53 -67 / 40 52 58 -62 / 41 53 57 -62 / 0 34 46 -62 -65 / 0 70 / 0 78 <END> 
<S> 38 50 65 77 / 70 74 -38 -50 -65 / 39 51 70 72 / 74 80 -39 -51 / 51 55 61 87 / 70 -51 -55 -61 / 39 51 70 / 63 72 -51 / 58 63 68 / 66 -58 -63 / 44 56 / 68 72 / -56 68 / 73 68 80 / 78 82 -46 / 68 75 79 <END> 
<S> 0 46 58 / 67 -46 -58 / 51 55 61 75 / 87 -51 -55 -61 / 39 51 75 / 67 79 -39 -51 / 39 51 -67 -79 / 69 72 -39 -51 / 51 55 60 70 / 72 -51 -55 -60 / 46 58 72 / 67 -46 -58 / 39 51 61 -67 / 67 70 -51 -55 -61 <END> 
<S> 39 51 67 75 / 70 75 -39 -51 / 39 51 -70 -75 / 72 -39 -51 / 51 55 58 70 / 72 -51 -55 -61 / 39 51 72 / 75 -39 -51 / 41 53 70 / 70 -41 -53 / 43 55 -70 / 72 -43 -55 / 45 57 70 / 72 -45 -57 <END> 
<S> 39 51 70 / 75 -39 -51 / 55 58 63 70 / 72 -55 -58 -63 / 46 58 74 / 75 -46 -58 / 58 62 67 72 / 70 -58 -62 / 51 63 72 / 77 -51 -63 / 55 58 63 79 / 75 -55 -58 -63 / 39 51 -75 / 78 -39 -51 / 40 52 70 82 <END> 
<S> 0 34 46 / 70 74 -34 -46 / 53 58 62 67 79 / 77 -53 -58 -62 / 41 81 / 77 -41 / 53 58 62 72 / 70 -53 -58 -62 / 48 67 / 75 -48 / 53 58 63 75 / 70 74 79 -63 / 46 70 / 72 -46 / 70 82 -46 / 58 68 72 79 <END> 
<S> 48 60 70 / 72 -48 -60 / 68 -48 -60 -72 / 75 -48 -60 -72 / 0 67 70 -48 / 0 42 54 70 / 41 53 -42 -70 / 43 55 70 / 42 54 70 / 41 53 70 / 72 -41 -53 / 41 53 74 / 77 -41 -53 / 43 55 -74 / 72 -43 -55 / 45 57 70 / 67 -45 -57 <END> 
<S> 41 53 62 70 / 67 -41 -53 -62 / 39 51 -62 -67 / 61 67 -39 -51 / 44 56 61 65 / 67 73 -56 -61 / 51 56 61 68 80 / 72 80 -51 -56 -61 / 39 51 -72 -75 / 68 77 -39 -51 / 51 56 60 70 82 / 72 -51 -56 -60 -63 / 39 51 68 80 / 72 80 -39 -51 <END> 
<S> 39 51 67 72 / 51 56 60 66 72 / 71 74 80 -56 -60 -65 / 43 55 -71 -74 / 72 -43 -55 / 41 53 68 / 71 -41 -53 / 40 52 72 / 71 -40 -52 / 41 53 72 / 77 80 -53 / 56 60 65 -72 -84 / 72 -56 -60 -65 / 51 72 / 75 -39 -51 / 56 60 63 75 / 72 -56 -60 -63 <END> 
<S> 36 48 60 -64 -69 / 63 -36 -48 -60 -64 / 48 64 57 65 -63 / 62 65 -48 -57 -63 / 41 53 -57 -65 -69 / 48 -57 -65 -69 / 48 -57 -65 -69 / 48 64 67 -48 / 53 57 63 65 69 / 65 69 77 -53 -57 -65 / 43 55 -65 -69 -77 / 76 -43 -55 / 52 55 61 70 / 72 -55 -58 -62 <END> 
<S> 41 60 65 69 / 68 -41 -60 -65 / 48 60 65 69 / 72 -48 -60 -65 / 36 48 70 74 / 79 -36 -48 -70 / 58 60 64 69 -70 / 41 53 67 / 65 70 -41 -53 / 53 58 -65 -70 -74 / 70 -53 -58 -62 / 43 65 70 / 74 -43 -65 / 44 56 74 -65 / 75 -44 -56 -65 <END> 
<S> 46 58 62 70 / 65 74 -46 -58 -62 / 41 53 -65 -74 -77 / 62 65 -41 -53 -53 / 41 53 -65 -74 / 59 65 -41 -53 / 41 53 -65 -74 / 73 -41 -53 / 42 54 72 75 / 72 -42 -54 -63 -75 / 0 43 55 64 70 76 / 58 60 64 72 76 -70 / 74 -58 -60 -64 -70 <END> 
<S> 41 53 65 / 72 -41 -53 / 53 57 62 77 / 65 74 -53 -57 -62 / 46 -65 / 70 -46 / 53 58 62 74 / 65 -53 -58 -62 / 51 63 / 70 -51 / 52 55 58 -70 / 67 -52 -55 -58 / 39 51 -67 / 70 -39 -51 / 43 55 70 / 72 -43 -55 <END> 
<S> 46 58 70 / 74 -46 -58 / -70 -46 -58 / 51 -58 -62 / 46 58 / 45 -46 / 46 58 62 65 / 48 60 65 77 / 69 72 77 -48 -60 / 51 55 60 -65 -69 -72 / 72 76 -53 -57 -60 / 36 48 69 / 77 81 -36 -48 / 48 60 70 72 76 77 / 69 72 76 -36 -48 <END> 
<S> 48 60 65 69 / 72 -48 -60 -65 / 47 59 68 74 / 77 -47 -59 -68 / 46 58 67 72 76 / 74 -46 -58 -67 -74 / 36 48 67 76 -74 / 0 65 46 74 77 / 68 70 -46 -65 / 0 48 58 -65 -70 / 0 34 46 -62 -65 -70 / 31 43 55 70 -62 <END> 
<S> 50 62 77 / 70 74 -50 -62 / 51 63 75 79 / 67 77 -51 -63 / 43 67 76 79 / 72 76 -43 / 55 60 64 71 74 / 72 -55 -60 -64 / 45 57 -72 / 69 -45 -57 / 55 60 64 67 / 72 -55 -60 -64 / 45 57 72 / 69 -45 -57 / 55 60 64 72 / 74 -55 -60 -64 <END> 
<S> 0 52 64 / 69 81 -52 -64 / 52 57 61 -69 -76 -81 / 64 76 -81 -57 -61 / 45 57 72 76 / 73 77 -45 -57 / 57 60 64 72 76 / 74 -45 -57 -60 -64 / 44 56 68 / 72 -44 -56 / 56 60 66 71 -56 / 72 -44 -56 -60 / 43 55 71 77 / 72 75 -43 -55 / 45 57 -72 / 72 -45 -57 <END> 
<S> 0 45 57 72 84 / 0 81 -45 -57 -72 -74 -77 / 0 69 73 76 81 / 0 50 74 77 86 / 0 72 76 81 / 0 43 55 74 79 / 0 76 / 0 77 / 0 77 / 0 70 / 0 69 / 41 70 / 53 65 <END> 
<S> 55 70 73 / 76 82 / 58 -70 -73 -76 / 73 82 -58 -58 / 44 74 86 / 72 84 -44 / 56 60 65 -72 -84 / 78 82 -56 -60 -65 / 51 55 -78 -82 / 72 84 -42 -54 / 55 58 61 73 / 73 85 -55 -58 -61 <END> 
<S> 0 39 51 / 75 79 87 -39 -51 / 55 58 63 70 74 72 75 84 / 70 74 79 82 -55 -58 -63 / 46 58 -70 -74 -79 -82 / 67 70 75 79 -46 -58 / 53 58 62 64 70 74 79 / 69 72 77 86 / 65 77 -69 -72 -77 / 53 68 72 77 80 -53 / 56 65 65 68 74 77 -80 -65 <END> 
<S> 37 49 77 / 82 -37 -49 / 53 56 61 77 80 / 73 82 -53 -56 -61 / 44 56 77 80 89 / 77 -44 -56 -77 / 41 53 60 75 79 / 77 84 -41 -53 -57 -60 / 0 46 82 / 84 -46 -46 / 53 58 62 82 86 / 79 -53 -58 -62 / 41 -79 -82 / 77 -41 / 53 58 62 82 / 70 74 -53 -58 -62 <END> 
<S> 53 74 86 / 82 -53 / 58 62 68 77 / 74 -58 -62 -68 / 46 -74 -77 / 72 75 -46 / 56 58 62 68 74 80 / 68 74 -56 -58 -62 / 51 -68 -67 / 72 75 -51 / 56 58 63 75 / 67 75 -56 -58 -63 / 46 -75 / 72 -46 / 56 58 63 68 / 75 -56 -58 -63 <END> 
<S> 51 56 60 87 / 68 -51 -56 -60 / 51 56 61 75 / 75 78 -51 -56 -61 / 51 56 60 -75 -80 / 72 75 -51 -56 -60 / 39 51 -72 -75 / 70 -39 -51 / 39 51 70 / 72 -39 -51 / 51 56 60 70 / 75 -51 -56 -60 / 39 51 -75 / 77 -39 -51 / 51 56 60 75 / 82 -51 -56 -60 <END> 
<S> 39 51 70 / 67 -39 -51 / 51 55 58 63 70 / 67 70 -51 -55 -58 / 43 55 -67 -70 / 72 -43 -55 / 55 58 63 73 / 75 -55 -58 -63 / 55 58 63 70 / 75 -55 -58 -63 / 56 58 63 68 79 / 73 80 -56 -58 -63 / 51 63 75 / 78 87 -51 / 54 56 60 -87 <END> 
<S> 39 51 72 / 75 -39 -51 / 54 56 60 72 75 / 72 75 84 -56 -60 / 51 55 -72 -75 / 70 72 76 82 -39 / 39 51 -70 -73 / 72 -39 -51 / 51 56 60 70 / 72 -51 -56 -60 / 39 51 70 / 72 -39 -51 / 39 51 -72 / 70 -39 -51 / 43 55 67 / 42 -43 -67 <END> 
<S> 39 51 70 75 / 72 -39 -51 / 51 55 61 70 / 82 -51 -55 -61 / 39 51 73 / 77 -39 -51 / 51 55 61 75 / 72 -51 -55 -58 / 39 51 67 75 / 65 75 -39 -51 / 51 55 61 -65 -70 / 70 -51 -55 -61 / 39 51 72 / 0 73 <END> 
<S> 39 51 -67 -72 / 70 -39 -51 / 41 53 70 73 / 67 -41 -53 / 43 55 69 / 72 84 -43 -55 / 45 57 -72 -76 / 75 78 84 / 42 54 74 78 / 72 75 78 -54 / 55 58 63 79 -67 -72 / 34 46 74 79 82 / 55 58 62 73 85 / 74 80 82 -58 -62 / 50 -74 -80 -82 / 76 80 -50 / 56 58 62 80 82 / 78 82 84 -56 -58 -62 <END> 
<S> 0 44 56 74 77 86 / 0 72 75 -44 -56 / 0 43 55 63 70 72 / 0 44 56 70 72 76 80 -44 -56 / 0 41 53 72 77 80 / 56 60 65 68 72 77 / 70 74 77 -56 -60 -65 / 46 -70 -72 -76 / 70 -46 -58 / 56 58 62 72 / 74 -56 -58 -62 <END> 
<S> 53 68 72 80 / 56 65 68 71 74 / 56 68 77 -56 -65 / 61 65 75 80 / 87 -61 -65 -68 / 0 82 / 0 86 / 0 -86 / 0 84 / 0 / 56 68 / 80 -56 / 59 65 / 68 -59 / 0 68 / 0 69 <END> 
<S> 44 56 72 / 74 -44 -56 / 56 60 65 72 / 75 -56 -60 -65 / 54 56 60 -66 / 72 -54 -56 -60 / 39 51 75 / 68 -39 -51 / 51 56 60 68 / 70 -51 -56 -60 / 44 56 68 / 72 -44 -56 / 51 56 60 75 / 72 77 -51 -56 -60 / 39 51 -72 -77 / 70 73 -39 -51 / 51 56 61 70 73 / 70 73 -51 -56 -61 <END> 
<S> 0 46 58 75 / 0 82 -46 / 0 52 58 61 -82 / 0 82 -40 -52 / 39 51 80 82 / 72 -39 -51 / 53 56 58 68 80 / 70 82 -56 -58 -62 / 49 68 80 / 80 -49 -61 / 56 61 65 77 / 80 -44 -56 -65 / 37 49 77 80 / 82 -37 -49 / 56 61 65 70 77 82 / 72 84 -56 -61 -65 / 44 56 -72 -76 -84 / 77 84 -44 -56 / 48 60 -77 -80 / 75 87 -48 
<S> 41 53 72 77 80 / 56 60 66 72 77 80 / 73 78 82 -56 -60 -65 / 44 56 -73 -78 -82 / 56 60 66 78 -78 / 45 57 72 78 78 84 / 42 54 75 78 81 84 / 43 55 71 79 83 82 / 55 60 64 -76 -79 / 45 57 72 77 80 / 76 -45 -57 -66 -77 <END> 
<S> 43 55 70 76 82 / 74 86 -43 -55 / 55 58 62 76 79 / 70 81 -55 -58 -62 / 46 58 -70 -74 / 76 79 -46 -58 / 46 58 67 77 / 76 -46 -58 -67 / 41 53 65 77 / 67 70 -41 -53 / 43 55 -70 -70 / 77 -43 -55 / 48 60 70 79 / 67 77 -48 -60 <END> 
<S> 46 58 65 70 74 / 53 58 62 -65 -74 / 70 -53 -58 -62 -65 / 43 55 70 / 72 -43 -55 / 41 53 74 / 77 -41 -53 / 51 74 79 / 75 -51 -63 / 55 58 63 79 / 67 70 -55 -58 / 46 -67 -70 / 72 -46 55 55 58 63 67 / 70 -55 -58 -63 <END> 
<S> 39 51 70 79 82 / 75 -39 -51 / 55 58 63 81 / 75 79 -55 -58 -63 / 46 58 -79 -82 / 75 81 -46 -58 / 55 58 63 -75 -79 -82 / 51 63 67 75 79 / 55 -63 -67 -67 -75 / 63 -67 -75 -79 / 51 -63 -67 -70 -75 / 46 58 -67 -70 -75 / 44 56 70 82 / 72 -44 -56 / 74 56 -44 -56 / 72 -44 -56 <END> 
<S> 39 51 -67 -75 -79 / 79 -39 -51 / 55 58 63 -79 / 77 -55 -58 -63 / 43 55 75 / 79 -43 -55 / 39 51 55 82 / 75 -39 -51 -55 / 42 54 70 72 75 / 43 55 70 73 82 / 42 54 70 82 / 39 51 -70 -82 / 41 53 70 74 82 <END> 
<S> 39 51 75 79 82 / 34 46 74 77 82 / 42 54 75 82 / 87 -42 -54 -75 / 41 53 58 -74 -82 / 46 58 70 74 82 / 53 58 62 -70 -74 -82 / 41 53 -70 -74 / 40 52 -70 -74 / 46 58 70 76 81 / 82 -46 -58 -70 -74 / 48 58 70 82 / 82 -48 -70 -82 / 58 61 64 -70 -82 / 76 -58 -62 -64 -70 <END> 
<S> 42 54 70 82 / 75 -42 -54 -70 / 58 61 66 -70 -75 -78 / 75 78 -58 -61 -70 -75 / 43 55 78 82 / 85 85 -43 -55 -78 58 60 63 67 70 -77 -89 / 46 58 70 73 76 / 40 52 -70 -73 -82 / 0 41 53 / 58 61 63 70 / 57 60 63 72 / 46 58 62 70 / 45 -58 -62 -70 / 46 58 -62 -70 / 0 77 / 0 77 <END> 
<S> 46 58 75 / 48 60 82 / 45 57 -60 -82 / 72 75 -45 -57 / 58 63 -72 -72 / 73 74 -58 -63 -67 / 0 67 70 75 / 0 70 82 / 0 72 82 -81 / 0 58 63 67 70 -82 / 34 46 65 -70 -72 / 74 -34 -46 -65 -68 / 0 47 59 68 80 <END> 
<S> 0 46 58 70 74 82 / 0 70 -46 -58 / 0 53 58 62 65 77 / 65 70 74 77 -53 -58 -65 / 41 53 -65 -70 -74 -77 / 68 -65 -53 -70 / 41 53 68 80 / 69 72 77 -41 -53 -56 / 42 54 -65 -69 -72 / 68 74 -42 -54 / 53 56 61 68 73 76 / 77 -53 -56 -61 -65 <END> 
