<S> 53 65 / 58 70 / 60 72 / 58 70 / -58 -70 / 50 62 / 51 63 / 47 59 / 48 60 / 53 65 / 55 67 / 53 65 / -53 -65 / 45 57 / 46 58 / 43 55 <END> 
<S> 53 65 / 53 65 / -53 -65 / 50 62 -65 / 49 61 / 50 65 68 / 53 55 59 -65 -68 / 50 62 / 49 61 68 / 49 61 -65 -68 <END> 
<S> 45 57 63 66 72 / 44 56 -63 -72 -75 / 43 55 65 70 74 / 76 55 60 64 67 76 / 47 67 77 / 76 -47 / 55 59 64 67 / 64 74 -55 -59 -64 / 47 76 88 / 59 62 68 74 <END> 
<S> 50 65 71 77 / 74 -50 -65 -71 / 55 62 65 71 81 / 79 -55 -59 -65 -71 / 0 48 55 76 / 0 65 -48 -55 / 0 52 55 64 72 / 0 76 81 / 0 77 -55 <END> 
<S> 41 53 60 65 69 / 42 54 -60 -63 -69 / 43 55 70 75 / 45 57 72 75 78 81 / 46 58 67 79 / 70 82 -46 -58 -67 / 39 51 72 84 / 84 -39 -51 / 42 54 70 82 / 72 84 -42 -54 / 46 58 -70 -72 -82 / 75 81 -46 -58 / 54 58 61 78 78 / 75 79 -58 -61 -63 <END> 
<S> 39 51 72 75 79 / 56 60 63 -72 -75 -79 / 55 72 75 79 / 82 79 -72 -75 / 58 63 -72 -75 -78 -82 / 72 80 84 -58 -63 / 74 86 -46 -54 / 75 87 87 -43 / 55 58 63 72 84 / 75 81 84 -58 -63 / 39 51 -75 -79 -87 / 80 -39 -51 / 40 52 72 82 / 42 54 75 81 <END> 
<S> 44 56 72 84 / 80 82 -44 -56 -72 / 56 60 68 80 -80 / 72 75 -56 -60 -63 / 39 51 -72 -75 -82 / 72 -39 -51 / 40 52 70 82 / 72 -44 -56 / 42 54 73 / 73 -42 -54 / 41 53 68 / 80 -41 -53 / 58 62 77 -80 / 68 80 -58 -62 -68 / 46 58 -68 -80 / 76 -46 -68 / 56 58 68 80 / 39 51 67 75 <END> 
<S> 53 65 68 73 / 70 -53 -65 -68 / 56 61 65 68 71 / 70 -56 -61 -65 -68 / 44 56 68 74 80 / 56 61 -68 -68 -73 -80 / 73 -56 -61 -65 / 74 77 -46 -58 / 44 56 68 72 / 74 80 -44 -56 / 0 39 51 / 78 -39 -51 / 51 56 61 75 / 80 -51 -56 -58 <END> 
<S> 39 51 67 75 / 51 56 60 75 / 77 -51 -56 -60 / 39 51 75 / 72 -39 -51 / 51 56 60 70 / 68 -51 -56 -60 / 39 51 70 / 72 -39 -51 / 51 56 60 70 / 71 -51 -56 -60 / 43 55 70 / 71 -43 -55 / 39 51 70 72 / 75 -39 -51 -63 <END> 
<S> 39 51 67 70 / 72 -39 -51 / 39 51 56 -72 / 70 -39 -51 / 41 53 72 / 80 -41 -53 / 56 61 65 68 / 77 -56 -61 -65 / 46 58 72 / 82 -46 -58 / 51 55 61 -82 / 87 -51 -55 -61 <END> 
<S> 52 53 61 68 / 70 -52 -53 -61 / 56 61 65 72 / 57 60 65 / 51 -57 -60 / 72 -51 -56 -60 / 47 59 68 / 75 -47 -59 / 39 51 68 72 / 80 -39 -51 -72 / 56 60 65 68 -72 / 70 77 -56 -60 -65 / 48 -70 -75 / 72 -48 -60 / 47 59 68 / 74 -47 <END> 
<S> 0 44 56 / 87 -44 -56 / 51 56 60 84 / 80 -51 -56 -60 / 39 51 75 / 77 -39 -51 / 51 56 60 75 / 72 -51 -56 -60 / 39 51 68 80 / 72 75 80 -39 -51 / 51 56 60 -72 -75 / 72 75 -51 -56 -60 / 39 51 68 -72 / 70 -39 -51 / 56 58 63 67 / 68 70 -36 -48 <END> 
<S> 44 56 72 75 80 84 / 51 63 -72 -75 -84 / 45 -72 -75 / 53 56 60 72 / 70 -53 -56 -60 / 41 53 70 / 72 84 -53 -46 / 39 51 -72 -84 / 72 84 -39 -51 / 40 52 -72 -82 / 78 82 -39 / 48 58 80 84 / 75 87 -58 -48 <END> 
<S> 0 44 56 / 72 -44 -56 -62 / 56 60 68 80 / 75 -56 -60 -66 / 39 51 72 / 75 -39 -51 / 39 51 56 68 72 / 39 51 72 / 51 56 60 66 72 / 45 -66 -72 / 66 -45 -66 / 54 56 60 -66 -72 <END> 
<S> 0 67 72 84 / 0 74 86 / 0 72 75 84 / 0 / 72 75 78 84 / 84 87 -72 -75 / 81 82 82 86 / 85 88 -63 / 55 62 86 88 / 72 84 -55 -58 -63 / 41 -72 -84 / 82 86 -41 / 53 58 62 81 / 82 -53 -58 -62 <END> 
<S> 43 55 76 82 88 / 74 86 -43 -55 / 55 58 62 72 76 / 70 74 82 -55 -58 -64 / 44 56 -70 -74 -82 / 74 77 -44 -56 / 56 60 63 68 72 / 39 51 -60 -68 -70 / 32 44 68 77 80 / 0 45 57 -65 -72 / 0 46 58 73 / 0 55 -46 -58 / 0 55 -46 / 76 -46 / 48 75 -48 / 72 -48 -48 <END> 
<S> 39 51 68 / 72 -39 -51 -68 / 56 58 60 -68 -72 / 70 -56 -58 -62 / 39 51 68 / 80 -39 -51 / 56 58 63 68 / 75 -56 -58 -63 / 39 51 68 77 / 44 56 68 75 / 39 51 -68 -72 / 0 39 51 / 0 44 56 / 0 45 57 / 0 44 56 / 0 47 / 0 56 60 / 0 59 <END> 
<S> 0 46 58 / 67 -46 -58 / 51 55 61 75 / 70 -51 -55 -61 / 39 51 69 / 67 70 -39 -51 / 38 50 -66 -70 / 65 70 -38 -50 / 43 55 65 70 / 72 75 -43 -55 -65 / 46 58 73 -72 / 74 -46 -58 / 70 73 77 -58 -60 <END> 
<S> 43 55 65 70 / 71 -43 -55 -65 / 41 53 74 -65 / 70 -41 -53 -65 / 38 50 65 77 / 70 -38 -50 -65 / 39 51 75 79 / 67 77 -51 / 41 67 75 / 69 75 -41 / 46 58 70 74 / 44 56 70 74 <END> 
<S> 39 51 70 75 79 / 41 53 -70 -75 -82 / 46 58 -70 -75 -82 / 51 -70 -82 / 41 53 70 82 / 34 46 -70 -82 / 0 70 -34 -46 / 0 70 82 / 0 70 82 / 48 70 82 / 80 -36 -48 / 58 58 67 79 / 81 -58 -58 -63 -67 / 43 -75 / 75 -43 / 54 58 63 75 87 / 70 82 -54 -58 -63 <END> 
<S> 39 51 70 82 / 75 -39 -51 -70 / 55 58 63 -70 -75 / 72 -55 -58 -63 / 43 55 72 / 72 -43 -55 / 42 54 -72 / 75 -42 -54 / 41 53 70 80 / 70 82 -41 / 53 58 61 -70 -82 / 79 -53 -58 -70 / 41 69 72 / 75 79 -41 / 53 57 63 77 / 75 79 -53 <END> 
<S> 46 58 70 77 / 81 -46 -58 / 53 58 63 82 / 84 -53 -58 -63 / 41 81 / 77 -41 / 53 58 62 -77 / 72 -53 -58 -62 / 46 74 / 71 -46 / 53 58 62 / 77 -53 -58 -62 / 50 -74 / 82 -50 / 53 58 62 77 / 82 -53 -58 -62 <END> 
<S> 46 58 74 / 79 -46 -58 / 53 58 62 77 / 75 -53 -58 -62 / 41 74 / 72 -41 / 53 58 62 70 / 67 -53 -58 -62 / 51 67 / 70 -51 / 54 58 63 72 / 75 -54 -58 -63 / 46 67 / 70 -46 / 55 58 63 67 / 65 -55 -58 -63 <END> 
<S> 39 51 -70 / 79 -39 -51 / 41 53 77 / 80 -41 -53 / 43 55 75 79 / 77 84 -43 -55 / 45 57 -72 -82 / 73 77 82 -45 / 46 58 73 85 / 74 82 -46 -58 / 53 58 62 -74 -82 / 72 79 -53 -58 -62 / 41 -74 -79 / 77 -41 79 / 53 58 62 77 / 70 74 -53 -58 -62 <END> 
<S> 53 74 82 86 / 56 58 62 68 72 80 84 / 68 77 80 -58 -62 / 46 -68 -68 -77 -80 / 68 73 -46 / 56 58 62 68 72 / 0 68 80 / 0 56 68 80 / 0 68 80 -56 -59 / 0 39 51 -68 -80 / 0 56 60 68 80 -39 <END> 
<S> 0 44 56 / 68 80 -44 -56 / 51 56 60 -80 / 77 -51 -56 -60 / 48 60 75 / 68 -48 -60 / 47 59 68 / 72 -47 -59 / 48 60 69 / 75 -48 -60 / 53 57 63 68 75 / 72 -53 -57 -63 / 48 60 70 / 69 -48 -60 / 53 57 63 67 / 69 -53 -57 -63 / 41 -69 -69 / 68 -41 -69 / 53 57 63 69 -69 <END> 
<S> 48 69 75 / 68 74 -48 / 53 55 63 75 79 / 74 77 -53 -55 -63 / 43 55 -65 -77 / 72 75 -43 -55 / 41 53 70 74 / 75 -41 -53 -65 / 39 51 72 / 77 -39 -51 / 51 56 60 70 / 72 -51 -56 -60 / 44 56 68 72 / 39 51 -68 -72 -77 / 44 56 -68 -72 -75 / 39 51 -72 -75 / 32 44 -72 -75 / 67 71 -44 -56 <END> 
<S> 0 / 0 63 75 / 0 63 68 75 / 0 -63 -68 -75 / 0 68 72 75 80 / 47 -68 -72 -75 / 83 -68 -72 -75 / 56 68 72 77 / 80 56 -68 -72 / 56 68 72 80 / 61 73 79 / 77 -56 -61 -65 / 55 61 64 -73 / 79 -55 -61 / 56 61 82 / 77 -53 -56 -61 / 46 58 -77 / 82 -46 -58 / 51 56 61 -82 / 82 -51 -56 -61 <END> 
<S> 44 56 72 75 80 / 72 75 80 -44 -72 / 51 56 60 -72 -75 -78 / 72 75 84 -51 -56 -60 / 39 51 -72 -75 -84 / 72 75 84 -39 -51 / 40 52 -72 -75 -82 / 72 84 -42 -53 / 41 53 68 -72 -84 / 80 -41 -53 -72 / 56 60 65 72 75 / 77 -56 -60 -65 -72 / 44 56 72 / 72 -44 -56 / 56 60 66 -72 / 72 -56 -60 -66 <END> 
<S> 56 61 -65 -77 -73 / 80 -56 -61 -65 -70 -73 / 44 56 65 72 77 80 / 41 53 68 72 77 80 / 39 51 68 72 78 / 51 56 60 68 72 / 39 51 72 75 78 / 37 49 68 72 75 80 / 56 58 65 68 73 76 / 73 77 -56 -61 -65 -70 / 46 58 -73 -77 / 68 80 -46 -58 / 58 60 -68 -74 -79 / 72 -58 -56 -58 <END> 
<S> 0 39 51 67 75 79 / 0 51 56 61 -75 / 0 39 51 -75 / 75 -39 -51 / 51 55 61 70 82 / 72 -51 -55 -61 / 39 51 73 / 77 -39 -51 / 51 56 61 75 / 70 -51 -56 -61 / 39 51 74 / 80 -39 -51 / 51 56 61 -80 / 82 -51 -56 -58 -61 <END> 
<S> 39 51 -68 -77 / 75 -39 -51 / 51 56 60 -80 / 75 -51 -56 -60 / 44 56 68 80 / 72 -44 -56 / 51 56 60 75 / 68 77 -51 -56 -60 / 39 51 -68 -72 / 70 73 -39 -51 / 51 56 60 68 72 / 70 -51 -56 -60 / 41 53 70 / 67 -41 -53 / 53 58 61 69 / 73 -53 -58 -63 / 46 53 -65 / 68 -53 -56 / 49 61 73 / 77 -49 -61 <END> 
<S> 39 51 70 / 67 -39 -51 / 55 58 63 70 / 75 -55 -58 -63 / 46 58 70 / 82 -46 -58 / 55 58 63 84 / 41 53 75 79 / 77 -41 -53 / 43 55 75 / 72 -43 -55 / 45 57 61 / 67 -45 -57 -61 / 46 58 61 65 / 67 -46 -58 / 51 58 61 67 / 62 65 77 -51 -55 -58 <END> 
<S> 41 53 70 74 82 / 77 -41 -53 -70 / 58 62 64 -70 -82 / 76 -58 -62 -70 / 36 48 -70 -82 / 79 -36 -48 -70 / 58 60 64 -70 -74 / 72 -58 -60 -64 -70 / 41 53 69 77 / 79 -41 -53 -69 / 53 65 69 74 77 / 69 81 -53 -65 -69 / 51 -69 -69 -81 / 72 -69 -51 / 51 55 60 65 / 67 -51 -57 -60 <END> 
<S> 41 53 69 72 77 / 68 71 -41 -53 / 57 60 65 69 72 77 81 / 67 70 74 79 -41 -53 / 46 58 -70 -70 -74 -79 / 70 74 77 81 -58 -70 / 53 58 62 78 -70 -82 / 70 74 77 -53 -58 -62 / 46 -67 -70 -77 / 79 -46 / 58 62 77 82 / 74 77 -58 -62 -68 <END> 
<S> 46 58 74 77 / 81 -46 -58 -77 / 58 62 67 70 77 / 79 -58 -62 -70 / 46 -70 -79 / 74 -46 / 58 58 62 70 / 41 53 74 / 56 58 62 68 80 / 67 70 74 82 -58 -62 / 46 58 -67 -74 -77 -82 / 68 74 -46 -58 / 53 58 62 72 -65 / 74 -53 -58 -62 -65 <END> 
<S> 46 58 67 74 79 / 53 58 62 -65 -70 -74 / 50 62 70 77 / 63 -50 -62 -70 / 48 -62 -65 -70 / 46 -62 -65 -70 / 43 55 -62 -65 -70 / 45 57 63 72 / 46 58 61 65 70 / 39 51 61 67 79 / 36 48 78 82 / 75 81 -36 -48 / 42 54 75 81 / 72 75 78 -42 -54 <END> 
<S> 39 51 61 67 70 / 39 51 61 67 70 / 39 51 61 67 70 / 39 51 61 65 67 / 0 39 51 61 67 / 0 44 56 / 0 44 / 0 68 / 0 68 / 0 68 / 0 69 / 0 68 / 0 68 / 0 69 / 0 68 71 <END> 
<S> 0 38 50 / 66 74 -38 -50 / 54 57 62 -66 -74 / 66 -54 -57 -62 -66 / 38 -66 -66 / 69 -38 / 54 60 62 74 -66 / 43 55 67 / 50 55 58 62 70 / 74 -50 -55 -58 -62 / 67 71 -55 -59 -62 / 46 67 -67 -71 / 50 55 59 -67 -67 <END> 
<S> 55 62 -67 -70 / 55 58 -62 -70 / 55 58 62 -70 / 0 55 58 62 / 70 -55 -58 -62 / 55 58 62 -70 / 67 -55 -58 -62 / 39 51 70 / 72 -39 -51 / 41 55 70 / 67 -41 -55 / 43 55 70 / 72 -43 -55 / 45 57 70 / 67 -45 -57 <END> 
<S> 39 51 70 / 72 -39 -51 / 51 55 60 70 / 72 -51 -55 -60 / 43 55 58 63 / 67 -43 -55 / 46 58 -67 / 66 -46 -58 / 51 55 60 -51 / 63 -51 -55 -60 / 39 51 69 / 75 -39 -51 / 38 50 68 / 70 -38 -50 <END> 
<S> 39 51 -67 -70 / 79 -39 -51 / 55 58 63 -79 / 75 -55 -58 -63 / 46 58 70 / 67 -46 -58 / 55 58 63 67 / 70 -55 -58 -63 / 43 55 70 / 72 -43 -55 / 39 51 -72 / 70 -39 -51 / 43 55 67 / 70 -43 -55 <END> 
<S> 39 51 70 / 72 -39 -51 / 41 55 70 / 67 -41 -55 / 43 55 70 / 72 -43 -55 / 45 57 70 / 72 -45 -57 / 46 58 73 / 65 74 77 -46 -58 / 53 58 62 -65 -74 -77 / 70 -53 -58 -62 / 41 -70 / 70 -41 / 53 58 62 72 / 65 -53 -58 -62 <END> 
<S> 53 65 70 74 / 69 -53 -65 -70 / 51 63 67 70 / 61 65 69 73 -51 -57 -61 / 53 56 62 65 -69 / 67 70 -53 -56 -61 / 41 53 60 68 72 / 67 -41 -53 -60 -68 / 39 51 67 72 / 69 -39 -51 / 41 53 70 / 72 -41 -53 / 43 55 70 / 72 -43 -55 / 42 54 70 / 73 -42 -54 <END> 
<S> 37 49 65 68 71 / 50 53 56 59 -65 -68 / 38 50 53 70 82 / 74 -38 -50 -53 / 39 51 -70 -82 / 75 -39 -51 / 55 58 63 72 / 75 82 -55 -58 -63 / 39 51 -75 -79 / 77 -39 -51 / 40 52 82 / 73 85 -40 -52 <END> 
<S> 51 63 75 87 / 75 -51 -63 -75 / 55 58 63 -70 -75 / 51 63 70 79 / 39 51 -70 -75 / 41 53 -70 -75 / 40 52 -70 -75 / 41 53 65 77 81 / 53 58 62 -65 -70 / 65 77 -53 -58 -62 / 46 58 -65 -70 / 64 72 -46 -58 / 58 -46 -58 -70 / 53 58 62 65 / 72 -53 -58 -62 <END> 
<S> 41 53 70 74 / 70 -41 -53 / 56 58 62 74 / -70 -74 / 53 58 62 -70 / 46 -62 -70 / 53 55 59 -62 / 50 -53 / 53 -50 / 55 62 65 -53 / 0 <END> 
<S> 50 62 70 / 65 -50 -62 / 53 58 62 74 / 70 74 79 -53 -58 -62 / 39 51 -70 -74 -79 / 72 81 -39 -51 / 39 51 72 75 / 70 73 77 82 -51 -55 -58 / 39 51 -70 -72 -82 / 72 75 84 -39 -51 / 51 56 60 70 82 / 72 75 84 -51 -56 -60 / 39 51 -72 -75 -84 / 72 84 -39 -51 / 51 56 60 70 82 / 72 75 -51 -56 -60 <END> 
<S> 0 44 56 / 72 84 -44 -56 / 51 56 60 68 80 / 72 75 -51 -56 -60 / 39 51 75 / 78 -39 -51 / 51 56 60 75 / 72 -51 -56 -60 / 39 51 68 75 / 80 -39 -51 / 51 56 60 68 / 72 -51 -51 -56 -60 / 39 51 68 -72 / 70 -39 -51 / 39 51 56 60 72 / 0 44 56 / 68 -44 -56 <END> 
<S> 39 51 72 75 84 / 56 60 65 -72 -84 -84 / 70 -56 -60 -65 / 44 56 65 72 77 / 56 61 65 68 -72 -77 / 44 56 68 72 77 / 51 56 61 -68 -77 / 39 51 -68 -72 -77 / 38 50 68 70 77 / 39 51 68 -68 / 40 56 68 73 <END> 
<S> 0 44 56 / 0 56 60 63 / 68 -56 -60 -62 / 0 80 -56 -60 / 0 48 75 / 0 80 -48 / 0 53 56 60 80 / 0 72 -53 -56 -60 / 0 44 56 / 68 -44 -56 / 51 56 60 80 / 72 -51 -56 -60 / 44 56 75 / 77 -44 -56 / 45 57 75 / 72 -45 -57 <END> 
<S> 0 60 -68 / 0 82 -60 / 0 56 68 / 0 56 60 / 0 -56 -60 / 0 55 56 / 0 56 / 53 56 60 80 / 72 -53 -56 -60 / 39 51 -72 / 80 -39 -51 / 51 56 60 68 / 71 -51 -56 -60 <END> 
<S> 0 53 57 60 / 0 72 -53 -57 -60 / 0 56 60 68 -65 -72 / 0 72 -56 -60 -65 -68 / 0 44 56 70 -68 -73 -80 / 80 56 61 65 -68 -72 -77 / 56 62 65 68 70 74 / 77 -56 -62 -65 -68 -71 / 63 68 72 84 / 80 89 -63 -68 -72 / 65 68 72 -77 -89 / 76 84 -64 -68 -72 / 63 68 72 -76 -84 / 82 -63 -68 -72 / 64 67 72 76 84 / 88 
<S> 66 72 -45 -57 -65 -69 -72 / 63 66 72 -36 -48 -57 -63 / 33 67 60 64 67 / 69 72 76 84 -60 / 0 <END> 
<S> 0 67 / 0 69 / 0 70 / 0 69 / 0 73 / 0 70 / 0 69 / 0 70 / 0 72 / 0 71 <END> 
<S> 0 / 0 / 56 65 74 / 57 59 65 -74 / 62 74 / 56 62 64 67 / 45 57 63 69 / 44 56 68 71 74 / 69 72 75 -44 -56 <END> 
<S> 69 72 -57 -69 / 69 71 74 -57 -54 / 42 54 -69 -74 -78 / 72 -42 -54 / 54 57 61 73 73 / 74 -42 -54 -61 / 49 61 73 85 / -61 -73 85 / 61 73 85 / 80 82 -61 -65 / 61 64 73 85 / 78 -61 -64 -73 / 63 73 85 / 85 -63 -73 / 58 63 68 72 75 <END> 
<S> 40 52 76 88 / 72 84 -40 -52 / 58 60 64 -76 -84 / 72 76 -58 -60 -64 / 43 -72 -76 -81 / 76 79 82 / 52 64 72 / 74 -52 / 48 60 72 / 67 79 -48 -60 / 52 55 60 -67 -72 -79 / 72 -52 -55 -60 -60 / 53 57 60 63 -72 / 50 57 60 65 / 70 -50 -57 -60 <END> 
<S> 48 60 72 / 75 -48 -60 / 56 60 64 68 74 / 72 76 84 -60 -64 / -68 -72 -76 / 72 84 / 57 60 64 72 / 41 53 -60 / 72 77 84 -53 -58 / 0 48 -72 -77 -84 / 72 -48 -48 / 56 60 -48 -72 -84 / 72 75 81 -56 -60 -60 <END> 
<S> 0 53 57 60 65 77 / 72 79 -53 -57 -60 -65 / 53 60 72 77 81 / 69 72 81 -48 -60 / 41 53 -72 -69 -81 / 68 71 79 -53 / 56 60 68 72 84 / 74 75 87 -56 -60 -65 / 41 53 -74 -81 / 70 82 -41 -53 / 56 58 62 68 80 / 70 74 77 82 -56 -58 -62 <END> 
<S> 56 60 -68 -73 -77 / 70 75 -56 -60 / 51 56 -70 -80 / 72 84 -42 / 39 51 -70 -84 / 75 -39 -51 / 55 58 63 79 / 75 -55 -58 -63 / 39 51 79 / 82 -39 -51 / 55 58 63 -82 / 82 -55 -58 -63 / 55 58 63 -82 / 75 -55 -58 -63 / 0 39 51 / 70 82 -39 -51 / 40 52 58 -70 -82 / 70 82 -39 -51 -58 <END> 
<S> 43 55 70 82 / 75 82 -43 -55 / 55 58 63 79 / 75 -55 -58 -63 / 46 81 / 82 -46 / 58 62 68 / 77 -58 -62 / 46 74 / 79 -46 / 56 58 62 77 / 80 -56 -58 -62 / 39 51 75 79 82 / 58 63 67 75 87 / 70 82 -51 -55 -58 / 42 54 70 82 / 72 84 -42 -54 / 42 54 70 73 85 / 82 -42 -54 -70 <END> 
<S> 39 51 70 75 / 79 87 -70 -75 / 55 58 63 -70 -79 / 34 46 -70 -79 -82 / 39 51 63 75 78 / 0 39 51 / 0 44 56 / 0 -44 -56 / 0 43 55 / 0 75 / 0 71 / 0 70 / 0 69 <END> 
<S> 39 51 -67 -70 / 75 -39 -51 / 0 44 56 / 0 39 51 / 0 44 56 / 0 -44 -56 / 0 51 56 60 63 / 68 -51 -56 -60 / 51 56 60 -68 / 68 -51 -56 -60 / 39 51 56 -68 / 70 -39 -51 / 51 56 60 68 / 70 -51 -56 -60 <END> 
<S> 0 44 56 / 68 72 -44 -56 / 51 56 60 68 80 / 72 75 -51 -56 -60 / 39 51 72 / 77 -39 -51 / 51 56 60 70 / 72 -51 -56 -60 / 44 56 68 / 72 -44 -56 / 56 60 65 75 / 68 -56 -60 -65 / 39 51 -66 / 72 -39 -51 / 56 60 65 70 / 75 -56 -60 -65 <END> 
<S> 44 56 -68 -72 / 70 73 -44 -56 / 51 56 60 68 72 / 72 73 -51 -56 -60 / 44 56 -72 -75 / 71 72 -44 -56 / 51 56 60 68 72 / 39 51 72 / 51 56 60 68 72 75 / 45 57 72 75 / 44 56 72 75 80 <END> 
