<S> 43 55 / 42 54 / 43 55 / 44 56 / 45 57 / 45 57 / 44 56 / 45 57 / 46 58 / 47 59 <END> 
<S> 58 62 70 / 41 53 -62 -70 / 43 55 -62 -70 / 45 57 72 / 46 58 62 70 / 65 74 77 / 61 77 -65 / 0 77 / 0 82 / 0 77 / 0 49 <END> 
<S> 46 58 65 70 / 41 53 65 77 / 43 55 62 65 / 48 55 60 64 / 46 58 62 74 / 48 60 -62 -74 / 46 58 62 74 / 44 56 -62 -74 <END> 
<S> 38 50 65 69 / 70 -38 -50 / 53 57 60 65 69 / 67 70 -50 -53 -57 -60 / 53 58 62 -65 -70 / 65 74 -62 -46 / 53 65 62 -65 -74 -77 / 0 65 69 / -62 -65 -69 / 68 -57 -62 -65 / 61 64 67 -48 <END> 
<S> 0 50 / 65 -50 / 53 57 62 67 / 69 -53 -57 -62 / 53 57 65 / 64 -53 -57 / 53 65 77 / 65 -53 -65 -77 / 48 53 -65 -77 / 75 -48 -53 -60 / 42 54 75 75 / 78 -42 -54 -75 <END> 
<S> 41 53 65 69 / 65 68 -41 -53 / 50 62 -65 -67 / 65 69 77 -50 -62 / 41 53 -65 -69 -77 / 79 -41 -53 -69 / 53 58 62 69 77 / 70 74 -53 -58 -62 / 46 58 -65 -70 / 70 82 -46 -58 / 44 56 77 77 / 80 -44 -56 -77 <END> 
<S> 46 58 65 77 / 70 -46 -58 / 53 58 62 67 79 / 70 -53 -58 -62 / 41 53 74 / 65 77 -41 -53 / 53 58 62 -65 -70 -77 / 72 -53 -58 -62 / 53 65 / 70 -53 / 53 56 58 62 77 / 65 68 -53 -58 -62 / 46 58 -65 -68 / 67 -46 -58 / 47 59 65 / 68 -47 -59 <END> 
<S> 53 65 70 74 / 73 -53 -65 -70 / 58 62 65 68 / 61 64 70 / 0 -61 / 0 56 61 82 / 0 82 -56 -53 -58 0 / 0 46 74 77 / 76 -46 -68 / 53 58 62 68 80 / 70 74 -53 -58 -62 / 48 -70 -74 / 72 -48 / 58 58 63 84 / 75 -58 -63 <END> 
<S> 0 53 65 / 74 -53 -65 / 56 61 65 82 / 68 77 -56 -61 -65 / 46 -68 -77 / 71 -46 / 56 58 68 72 / 73 -56 -58 -62 -67 / 0 39 51 / 0 82 -39 -51 / 0 49 61 85 / 0 70 82 -49 -61 <END> 
<S> 0 46 58 / 79 -46 -58 / 51 55 61 75 / 82 -51 -55 -61 / 39 51 85 / 82 -39 -51 / 43 55 61 -82 / 75 87 -43 -55 / 45 57 73 85 / 42 54 -73 -78 / 87 -42 -54 -70 / 58 61 66 78 -70 -82 / 81 -57 -61 -70 -70 / 46 58 74 77 / 76 -46 -58 / 51 55 61 82 / 75 -51 -55 -61 / 39 51 75 / 77 -39 -51 / 51 54 58 70 82 <END> 
<S> 39 51 72 84 / 75 82 -39 -51 / 55 58 63 70 79 / 75 81 -55 -58 -63 / 43 55 -75 -79 / 72 84 -43 -55 / 42 54 70 74 82 / 43 55 70 75 / 46 58 -70 -82 / 55 58 63 / 79 -55 -58 -63 / 46 58 62 / 70 -46 -58 -62 / 46 58 65 / 74 -46 -58 <END> 
<S> 43 55 70 82 / 75 -43 -55 / 42 54 70 74 / 72 -42 -54 -70 / 46 58 73 85 / 73 85 -46 -58 / 42 58 -73 -85 / 82 -42 -54 -58 / 44 56 85 / 80 -44 -56 / 59 56 68 80 / 72 -56 -59 -65 / 41 53 75 / 80 -41 -53 / 39 51 75 84 / 77 -39 -51 <END> 
<S> 0 53 56 60 84 / 0 70 82 -53 -56 -60 / 53 56 63 68 72 / 65 77 -53 -56 -63 / 49 61 -65 -73 / 70 -49 -61 -65 / 37 49 67 77 / 68 71 -49 / 51 56 61 70 73 / 65 70 73 77 -56 -61 / 46 58 -65 -73 -77 / 73 -46 -58 -73 / 44 56 65 72 77 / 41 53 65 72 77 / 70 72 77 -41 -53 -65 <END> 
<S> 37 49 65 68 77 / 73 -37 -49 -65 -68 / 38 50 72 77 -65 / 70 -38 -50 -68 -71 / 32 44 65 68 77 / 34 46 68 74 77 / 56 68 70 77 / 56 68 74 77 / 68 80 -37 -49 / 51 63 67 72 / 70 75 -51 -68 / 49 68 -70 -75 / 68 80 70 -40 -52 / 68 39 51 -70 -75 / 79 -39 -51 -70 -75 / 58 67 70 75 / 46 -70 -75 / 51 63 -70 -75 
<S> 39 51 67 79 / 75 -39 -51 / 55 58 63 72 / 70 82 -55 -58 -63 / 39 51 72 / 70 82 -39 -51 / 55 58 63 -70 / 67 -55 -58 -63 / 46 67 / 65 -46 / 53 58 63 67 / 70 -53 -58 -63 / 46 58 72 / 70 -46 -58 / 47 58 68 74 / 73 -53 -58 -62 <END> 
<S> 46 58 -62 / 70 -46 -58 / 41 53 -70 / 65 -41 -53 / 43 55 70 / 72 -43 -55 / 46 58 70 / 73 -46 -58 / 41 53 74 / 80 -41 -53 / 43 55 70 72 / 75 -43 -55 -70 / 39 51 -75 -79 / 44 56 60 -72 -75 / 44 56 65 72 / 74 -44 -56 -65 / 43 55 76 / 72 -43 -55 / 55 59 65 71 / 75 -56 -59 -65 <END> 
<S> 0 46 58 / 74 -46 -58 / 53 58 62 75 / 79 -53 -58 -62 / 41 -79 / 77 -41 / 53 58 62 70 / 72 -53 -58 -62 / 46 74 / 75 -46 / 53 58 62 74 / 75 -53 -58 -63 / 41 68 / 77 -41 / 53 58 63 70 / 74 77 -53 -58 -62 <END> 
<S> 46 70 74 / 79 -46 / 53 58 62 77 / 74 -53 -58 -62 / 41 -74 / 72 -41 / 53 58 62 70 / 67 -53 -58 -62 / 51 69 / 70 -51 / 54 56 61 68 / 73 -54 -56 -61 / 41 53 80 / 82 -41 -53 / 56 58 68 80 / 72 -56 -58 -61 <END> 
<S> 39 51 -70 / 79 -39 -51 / 58 63 67 77 / 75 -58 -63 -67 / 0 70 / 0 82 / 0 54 56 60 63 / 46 68 / 73 68 73 -46 / 0 -68 -73 / 0 70 73 / 0 70 74 80 / 0 70 82 / 0 68 80 / 0 70 82 <END> 
<S> 39 51 67 75 / 65 75 -39 -51 / 51 55 61 -67 -73 / 70 75 -51 -55 -61 / 39 51 72 / 73 -39 -51 / 51 55 61 73 / 70 -51 -55 -61 / 41 53 74 / 65 77 -41 -53 / 53 58 62 77 -65 / 67 74 79 -53 -58 -62 / 43 55 -67 -74 -79 / 78 -43 / 0 53 60 62 74 <END> 
<S> 46 58 65 77 / 65 73 77 -46 -58 / 53 58 62 -65 -77 -80 / 68 72 -53 -58 -62 / 46 58 -70 -72 / 70 -46 -58 / 41 53 -70 / 65 -41 -53 / 39 51 66 72 / 57 65 69 -66 / 48 70 / 77 -48 / 58 60 79 / 82 -58 -60 / 41 53 80 / 77 -41 -53 / 42 54 75 / 72 -42 -54 <END> 
<S> 0 43 55 / 64 -43 -55 / 44 56 60 72 / 64 72 -44 -56 -60 / 44 56 -72 -76 / 65 -44 -56 / 45 57 72 / 72 -45 -57 / 44 56 60 72 / 43 55 70 72 / 42 54 70 72 / 46 58 70 / 38 -58 70 / 40 52 68 <END> 
<S> -68 -72 / 70 73 / 56 58 62 73 / 74 77 -58 -62 / 51 -74 -77 / 82 -51 / 58 63 75 84 / 70 82 -58 -63 / 53 68 72 / 80 -53 -68 / 56 61 65 73 / 77 -56 -61 -65 / 44 56 82 / 80 -44 -56 / 49 61 -80 / 87 -49 -61 <END> 
<S> 37 49 77 80 / 80 92 -37 -49 / 53 56 61 77 89 / 75 87 -53 -56 -61 / 41 53 70 73 77 82 / 69 -41 -53 / 53 58 62 68 / 68 -53 -58 -62 / 41 -68 / 75 -41 / 53 56 63 75 / 75 -53 -56 -63 / 51 72 -75 / 72 -39 -51 / 51 63 68 75 / 67 70 -51 -63 <END> 
<S> 53 60 63 68 / 70 -53 -60 -63 / 58 62 70 / 68 70 -58 -62 / 50 -70 -82 / 75 -38 -50 / 51 58 61 73 / 67 -51 -58 -61 / 39 51 72 / 63 75 -39 -51 / 0 39 51 -75 / 66 75 -39 -51 / 0 51 63 / 72 75 -51 -63 <END> 
<S> 39 51 -67 -70 / 75 -39 -51 / 51 55 60 70 82 / 72 -51 -55 -60 / 39 51 70 82 / 72 84 -51 / 54 58 63 73 / 75 -54 -58 -63 / 44 56 68 77 / 80 -44 -56 / 51 56 60 -80 / 77 -51 -56 -60 / 39 51 72 / 75 -39 -51 / 51 56 60 75 / 72 -51 -56 -60 <END> 
<S> 0 53 56 61 82 / 65 68 71 -53 -56 -61 / 42 54 63 68 72 / 70 -42 -54 -63 / 43 55 70 -63 / 75 -43 -55 -61 -70 / 42 54 63 72 / 75 -42 -54 -63 -75 / 0 -63 66 / 75 -39 -51 -66 / 51 56 60 68 80 / 72 75 -51 -56 -60 / 39 51 -72 -75 / 75 -39 -51 / 51 56 60 68 72 / 39 -51 -56 -60 <END> 
<S> 0 39 51 / 75 79 87 -39 -51 / 55 58 63 70 72 75 / 70 74 79 82 -55 -58 -63 / 39 51 -70 -74 -82 / 75 79 87 -39 -51 / 43 55 70 75 79 / 72 84 -43 -55 / 58 63 -72 -84 / 70 82 -58 -63 / 46 58 67 79 / 77 -46 -58 / 53 55 62 82 / 77 -53 -55 -62 / 41 81 / 79 -41 / 53 58 62 77 / 74 -53 -58 -62 <END> 
<S> 39 51 75 78 / 79 82 -39 -51 -75 / 58 63 67 72 84 / 70 82 -58 -63 / 48 55 -70 -82 / 75 79 -48 -55 / 58 63 67 73 / 75 -58 -63 -67 / 0 47 59 / 68 -47 -59 / 49 61 69 / 68 -49 -61 / 48 61 76 / 60 64 77 -48 / 45 57 73 76 / 76 -45 -57 -73 <END> 
<S> 39 51 68 / 72 -39 -51 -68 / 56 60 66 70 / 72 -56 -60 -66 / 0 63 -32 -44 / 65 56 60 65 74 / 80 -56 -60 -65 / 47 59 68 / 77 -47 -59 / 56 65 65 77 / 76 -44 -56 -65 / 43 55 -76 -84 / 71 -43 -55 / 55 59 65 74 / 75 -55 -59 -65 <END> 
<S> 0 43 55 / 0 70 / 0 52 55 58 64 / 0 -52 -55 -58 / 71 83 -55 -58 -64 / 51 55 60 -62 -64 / 75 -51 -55 -60 -64 / 55 57 60 -63 -75 / 67 -55 -60 -63 / 55 61 67 76 / 75 -55 -61 -67 / 55 60 64 -67 -79 / 75 -55 -60 -64 -70 / 55 60 64 67 / 67 -55 -60 -64 / 55 60 64 67 / 67 79 -55 -60 -64 / 52 64 -67 -79 / 79 -52 
<S> 48 60 64 68 72 / 67 72 -48 -60 -64 / 52 55 60 70 -64 -67 -72 / 67 79 -52 -55 -60 -67 / 52 64 -67 -70 -79 / 67 79 -48 -52 / 52 57 60 -67 -79 / 72 76 -60 -52 / -60 -72 -76 / 66 76 81 / 52 64 79 / 78 -52 -64 / 81 84 86 -52 -57 / 58 62 -76 -81 -84 / 72 84 86 -58 -62 <END> 
<S> 48 60 76 / 72 -48 -60 / 47 59 74 76 / 76 -47 -59 / 52 55 64 -76 -88 / 76 -52 -55 -60 / 39 51 72 / 76 -39 -51 / 40 52 72 / 69 72 76 -40 -52 / 41 53 -72 -76 / 70 73 77 -41 -53 <END> 
<S> 32 44 71 / 72 80 -44 -56 / 56 60 66 72 / 75 78 -56 -60 -63 / 39 51 -75 -78 / 72 -39 -51 / 40 52 73 / 70 -40 -52 / 41 53 68 / 72 -41 -53 / 56 60 65 75 / 77 -56 -60 -65 / 44 56 -77 / 72 -44 -56 / 56 60 65 75 / 72 -56 -60 -65 <END> 
<S> 41 53 68 / 72 -41 -53 / 56 60 65 77 / 68 -56 -60 -65 / 44 56 -68 / 72 -44 -56 / 51 56 60 75 / 72 -56 -60 -63 / 39 51 68 / 51 56 60 68 / 39 -51 -56 -60 / 51 56 61 77 / 80 -51 -56 -61 / 37 49 73 77 80 / 76 80 -37 -49 / 53 56 61 77 80 / 70 82 -53 -56 -61 <END> 
<S> 44 56 60 68 72 / 51 56 60 68 72 / 39 51 72 78 51 56 60 68 80 -72 39 51 72 84 37 71 80 82 / 53 72 82 86 / 56 61 65 68 80 / 77 82 -56 -58 -65 / 49 61 82 / 80 -49 -61 / 56 61 77 82 / 73 85 -56 -61 <END> 
<S> 37 49 77 89 / 80 92 -37 -49 / 53 56 61 77 80 89 / 87 -53 -56 -61 -82 / 41 53 80 85 / 77 -41 -53 -77 / 49 61 77 80 / 73 82 85 -49 / 53 56 61 -73 -73 / 73 85 -53 -56 -61 / 49 61 73 85 / 77 80 -49 -61 / 44 56 82 82 / 56 60 62 80 -82 <END> 
<S> 37 49 76 / 77 80 -37 -49 / 56 61 65 73 77 82 / 75 78 -61 -65 / 0 77 85 / 0 80 84 / 82 -46 -68 / 51 82 82 / 87 -51 -68 / 83 -59 -62 -68 / 68 80 84 -68 / 84 -68 -68 / 66 72 -84 / 71 74 -66 / 63 65 72 / 64 67 72 <END> 
<S> 44 72 75 84 / 80 56 68 71 83 / 72 84 84 88 / 88 / 44 -72 -84 / 77 80 -32 -44 / 56 62 65 68 80 -78 / 64 78 80 90 -60 / 62 -64 -68 -78 -80 / 76 61 56 -68 -73 / 54 61 -68 -73 -73 / 73 -54 -56 -61 -73 / 61 73 76 82 / 61 73 80 85 <END> 
<S> 45 57 73 76 / 74 -45 -57 -66 -74 / 47 69 76 81 / 81 86 -45 -69 -74 / 55 60 64 76 -67 81 / 72 76 88 -45 -57 -64 / 43 55 -76 -79 / 72 76 -43 -55 / 55 60 64 74 77 / 81 -55 -60 -64 <END> 
<S> 43 55 76 88 / 72 76 84 -43 -55 / 55 60 64 -72 -76 -79 / 76 -55 -60 -64 / 40 52 72 78 79 / 76 -40 -52 / 55 60 64 79 / 72 -55 -60 -64 / 45 57 -72 / 66 -45 -57 / 55 60 65 -45 / 72 -55 -60 -65 <END> 
<S> 0 / 69 72 84 / 55 57 63 71 74 83 / 72 75 -55 -57 -63 / 48 72 76 / 57 60 65 -72 -75 / 74 -57 -60 -65 / 48 72 75 / 57 60 65 74 86 / 72 84 -57 -60 -65 <END> 
<S> 43 65 71 74 / 69 72 77 -43 / 47 71 74 77 / 69 77 81 / 55 65 -69 -77 -81 / 71 77 83 -50 -65 / 48 60 72 -77 -81 / 69 77 81 -53 -57 -60 / 41 53 -69 -81 -77 / 42 77 81 -45 -57 <END> 
<S> 53 -72 / 81 -53 / 57 60 65 77 / 79 -57 -60 -65 / 41 77 / 81 -41 / 53 57 62 79 / 69 81 -53 -57 -62 / 45 57 -69 -72 / 77 -45 -57 -66 -69 -77 / 38 50 72 76 / 42 54 72 78 <END> 
<S> 50 54 60 72 / 81 -50 -54 -60 -72 / 38 50 86 -72 / 74 -38 -50 -72 / 0 54 60 62 / 0 / 0 -78 / 62 69 72 / 63 68 72 / 62 65 68 -72 / 61 65 69 73 / 62 65 68 71 77 <END> 
<S> 32 44 68 71 77 / 56 65 68 71 77 / 56 -44 -56 -65 -71 -77 / 36 48 -56 -65 -77 / 70 72 -36 -48 -57 / 41 53 68 72 / 74 -41 -53 -68 / 43 55 -68 -74 / 77 -43 -55 / 42 54 70 / 42 54 72 <END> 
<S> 50 62 65 70 74 / 77 -50 -62 -65 / 58 62 77 81 / 79 82 -62 -65 -70 / 58 62 -81 -70 -79 / 70 82 -58 -62 / 43 55 -70 -82 / 74 77 82 -46 / 55 58 62 77 79 / 77 81 84 -56 -58 -62 / 41 53 70 82 82 / 74 81 -41 -53 / 56 58 62 74 80 / 70 82 -56 -58 -62 / 34 46 -70 -80 / 77 -34 -46 -68 / 56 58 68 77 82 <END> 
<S> 41 53 74 82 / 77 81 -41 -53 / 42 54 75 81 / 84 -42 41 41 53 75 80 / 0 54 75 / 0 55 58 63 75 / 0 55 63 / 0 55 58 63 67 / 0 63 66 / 0 70 <END> 
<S> 39 51 72 / 74 -39 -51 / 56 58 62 72 / 70 -56 -58 -62 / 46 58 77 / 79 -46 -58 / 51 63 75 84 / 75 -51 -63 / 0 39 51 / 75 -39 -51 / 58 63 -75 -79 / 75 -58 -63 -67 / 39 51 70 / 82 -39 -51 / 58 63 67 82 / 75 -58 -63 -67 <END> 
<S> 0 39 51 / 78 82 -39 -51 / 58 63 67 70 79 / 75 -58 -63 -67 / 39 51 72 / 74 80 82 -39 -51 / 55 58 61 -73 -78 -82 / 0 68 -80 / 0 68 80 / 0 68 80 / 0 56 68 / 0 39 51 / 56 60 68 / 50 62 / 68 80 -56 -62 / 53 68 80 / 70 82 -68 <END> 
<S> 0 44 56 / 68 72 -44 -56 / 51 56 60 68 72 / 70 73 -51 -56 -60 / 39 51 72 75 / 72 -39 -51 / 51 56 60 70 / 68 -51 -56 -60 / 41 53 68 / 70 -41 -53 / 56 58 62 68 / 72 -56 -58 -62 / 46 58 -72 / 68 -46 -58 / 41 53 68 / 77 -41 <END> 
<S> 53 68 -65 / 70 -53 -56 / 49 56 68 77 / 65 68 73 77 80 -58 -61 / 44 56 -68 -73 -77 -80 / 56 61 65 68 80 -78 / 80 -56 -60 -65 -70 / 49 61 70 73 79 / 44 56 68 72 77 / 56 62 65 68 77 -40 -56 / 74 80 86 -56 -65 -65 / 44 56 65 68 80 / 80 -44 -56 -65 / 39 51 -80 / 68 -39 -51 <END> 
<S> 0 44 56 / 68 72 -44 -56 / 51 56 60 80 / 68 -51 -56 -60 / 39 51 72 / 77 -39 -51 / 51 56 60 75 / 72 -51 -56 -60 / 39 51 69 75 77 / 68 80 -39 -51 / 51 56 60 -68 -80 / 72 75 -51 -56 -60 / 39 51 -72 -75 / 75 -39 -51 / 51 56 60 70 82 / 72 80 -51 -56 -60 <END> 
<S> 44 56 72 75 / 77 80 -44 -56 / 51 56 60 80 / 70 82 -51 -56 -60 / 39 51 80 / 72 77 80 -39 -51 / 51 56 60 80 / 72 84 -51 -56 -60 / 41 53 68 80 / 75 87 -41 -53 / 53 58 62 77 89 / 72 84 -53 -58 -62 / 41 53 -72 -84 / 77 82 -41 -53 / 42 54 68 73 / 72 78 80 -42 -58 <END> 
<S> 41 53 73 / 68 80 -41 -53 / 56 58 61 68 80 / 72 77 80 -56 -58 -61 / 36 48 -72 -75 -84 / 76 79 87 -48 / 54 58 73 82 / 70 74 82 / -58 -68 -70 -74 / 46 58 70 74 82 / 44 56 -70 -74 -80 -82 / 0 62 70 / 41 53 -62 -70 / 34 46 -62 -70 / 70 -34 -46 / 56 58 62 68 / 77 -58 -58 -62 <END> 
<S> 46 58 74 82 / 70 82 -46 -58 / 53 58 62 72 77 / 73 77 -53 -58 -62 / 41 -73 -77 / 74 86 86 / 53 58 62 -74 -77 / 46 58 70 74 79 82 / 69 81 -46 -58 / 53 58 62 70 74 77 / 69 81 -58 -62 -69 / 41 -69 -75 -81 / 77 -41 / 53 56 63 75 / 72 -53 -53 -63 <END> 
<S> 46 58 74 82 / 81 -46 -58 -74 / 53 58 62 68 -74 / 77 -53 -58 -62 -70 / 41 81 -70 / 79 -41 -53 / 53 58 62 77 / 74 -53 -58 -62 / 46 74 / 77 -46 / 56 58 62 74 / 74 -56 -58 -62 / 51 -75 -79 / 72 -51 -75 / 54 60 63 72 75 / 67 73 -51 -60 -63 <END> 
<S> 46 58 74 / 73 -46 -58 / 44 56 68 72 / 44 56 74 80 / 77 -44 -56 / 51 56 60 -80 / 70 77 -51 -56 -60 / 46 58 68 / 73 77 -46 -58 -68 / 44 56 65 77 / 72 -44 -56 -65 / 39 51 -72 / 36 48 58 70 34 46 46 82 / 0 70 82 <END> 
<S> 39 51 68 80 / 56 58 65 80 / 77 -56 -58 -62 / 40 52 72 / 80 -40 -52 / 56 61 61 73 / 76 -56 -61 -65 / 41 77 / 80 -41 / 53 60 63 79 / 77 -53 -58 -63 / 41 75 79 / 82 -41 / 53 58 63 82 / 75 -53 -58 -63 / 48 70 / 72 -48 / 58 60 64 70 / 72 -58 -60 -64 <END> 
<S> 41 53 70 75 81 / 80 -41 -53 -70 / 39 51 72 78 / 74 82 86 -39 -51 / 38 50 -74 -79 / 38 50 74 -38 -38 / 0 -80 / 50 62 / 68 80 / -62 -68 / 68 80 / 62 65 68 74 / 61 63 69 -68 / 62 68 61 69 / 62 69 -38 -50 -62 / 45 57 69 -66 / 81 -45 -66 -69 / 54 60 62 69 -66 <END> 
<S> 38 50 -66 -72 / 74 -38 -50 -66 / 39 51 72 / 78 -39 -51 / 40 52 61 / 69 -40 -52 / 47 59 68 / 77 -47 -59 / 48 60 69 72 / 67 -48 -60 / 55 60 64 68 / 76 -55 -60 -64 / 40 52 67 72 / 55 60 64 70 -40 -52 <END> 
<S> 48 60 64 72 / 67 -48 -60 -64 / 52 58 64 -64 -67 / 67 -52 -58 -64 / 43 55 -64 -67 / 63 -43 -55 -55 / 0 43 55 / 64 -43 -55 / 44 56 60 71 / 72 75 -44 -56 -60 / 51 56 60 -72 -75 / 72 -51 -56 -60 / 39 51 -72 / 68 72 -39 -51 / 51 56 60 70 75 / 39 51 67 72 75 <END> 
<S> 0 48 60 / 64 -48 -60 / 56 60 66 68 / 72 -56 -60 -68 / 44 56 -72 / 72 -44 -56 / 39 51 72 75 / 70 73 80 -39 -51 / 39 51 72 84 / 70 73 82 -39 -51 / 51 56 61 68 80 / 70 73 -51 -56 -61 / 39 51 68 72 / 72 -39 -51 / 51 56 60 -72 / 68 -51 -56 -60 <END> 
<S> 39 51 72 75 84 / 51 56 60 -75 / 71 -51 -56 -60 / 39 51 72 / 72 -39 -51 / 54 56 60 -72 / 71 -51 -56 -60 / 39 51 72 / 71 -39 -51 / 51 56 60 72 / 75 -51 -56 -60 / 39 51 72 / 75 -39 -51 / 51 56 60 68 77 / 72 75 -51 -56 -60 <END> 
<S> 44 56 72 / 71 -44 -56 / 51 56 60 72 / 72 84 -51 -56 -60 / 39 51 -72 -84 / 71 77 -39 -51 / 51 56 60 72 75 / 70 73 82 -56 -56 -60 / 44 56 72 80 / 56 60 65 68 80 / 73 77 80 -56 -65 -65 / 46 -73 -77 -80 / 56 58 -73 -80 -80 / 64 -70 -73 -82 -82 <END> 
<S> 44 56 68 72 80 / 56 68 73 80 -44 -72 / 51 56 60 72 77 80 / 61 70 73 77 82 -56 -61 / 34 46 -70 -73 -77 / 74 80 -46 / 56 58 62 68 74 80 / 39 51 67 75 79 / 77 80 -51 -67 -75 / 55 58 63 75 81 / 67 70 79 -55 -58 -63 / 39 51 -67 -79 / 72 75 -39 -51 / 43 55 70 73 79 <END> 
