<S> 62 74 / 65 77 / 58 70 / 62 74 / 55 67 / 57 69 / 58 70 / 50 62 / -50 -62 <END> 
<S> 43 55 67 / 54 66 / 55 67 / 57 69 / 62 71 / 63 67 / 62 66 / 61 67 / 62 66 / 58 62 67 <END> 
<S> 66 75 78 84 / 65 69 78 -78 -81 / 77 81 -65 -69 / 0 63 79 / 81 -42 -63 -69 / 62 65 68 71 80 / 69 -62 -65 -71 -77 / 62 68 71 83 / 61 62 70 63 <END> 
<S> 50 62 71 77 / 65 74 -50 -62 / 49 61 65 68 76 / 62 65 68 74 77 / 48 -62 -65 -68 / 63 72 75 / 62 65 74 / 63 68 72 / 51 63 -72 / 66 71 -39 -51 / 0 <END> 
<S> 0 53 65 / 0 70 74 -53 -65 / 0 49 61 70 82 / 0 70 -49 -61 / 46 58 65 70 / 65 73 -46 -58 / 51 53 61 -65 -73 / 70 -53 -56 -61 -65 / 73 77 -53 -56 -61 -65 / 72 -53 -58 -61 -65 / 73 77 -55 -58 -61 -65 <END> 
<S> 46 58 62 65 77 / 70 -46 -58 -62 / 53 58 62 68 / 70 -53 -58 -62 / 41 74 / 77 -41 / 43 55 -74 -77 / 42 54 72 / 70 82 -42 -54 / 58 61 66 73 / 78 -58 -61 -66 / 51 63 81 / 82 -51 -63 / 52 55 61 -82 / 75 -52 -55 -61 <END> 
<S> 39 51 67 70 / 75 -39 -51 -67 / 55 58 63 -67 -75 / 72 -55 -58 -63 / 43 55 70 / 72 -43 -55 / 42 54 70 / 72 -42 -54 / 41 53 70 / 68 -41 -53 / 53 58 62 77 / 69 -53 -58 -62 / 43 55 70 / 72 -43 -55 / 45 57 70 74 / 75 -45 -57 <END> 
<S> 41 53 70 / 65 -41 -53 / 53 58 62 77 / 70 -53 -58 -62 / 41 -65 / 71 -41 / 53 57 63 72 / 73 -53 -57 -63 / 46 74 / 73 -46 / 53 58 62 73 / 70 -53 -58 -62 / 41 72 / 77 -41 / 53 58 62 70 / 73 -53 -58 -62 <END> 
<S> 46 58 70 74 / 82 -46 -58 / 53 58 62 82 / 77 -53 -58 -62 / 41 81 / 77 -41 / 53 58 62 70 / 74 -53 -58 -62 / 46 77 / 79 -46 / 53 58 62 -79 / 77 -53 -58 -62 / 41 74 / 53 -41 <END> 
<S> 50 70 74 79 / 75 -50 -70 / 55 58 62 -70 -74 / 70 74 79 -55 -58 -62 / 50 62 -70 -74 -79 / 70 -50 -62 -70 / 53 58 62 74 77 / 70 78 82 -53 -58 -62 / 42 54 -70 -72 -82 / 74 -42 -54 -70 -82 / 58 62 64 78 -70 / 45 57 -70 -78 / 75 -45 -57 -70 58 58 60 64 66 79 <END> 
<S> 0 39 51 84 / 82 -39 -51 / 55 58 63 79 / 72 75 -55 -58 -63 / 46 58 -72 -75 / 75 -46 -58 / 51 55 61 -75 / 63 72 -51 -55 -61 / 39 51 63 75 / 67 70 -39 -51 / 39 51 55 70 72 / 72 84 -39 -51 / 43 55 -72 / -84 -43 / 42 54 84 / -42 -54 <END> 
<S> 39 51 -67 -70 / 38 50 -67 -70 / 36 48 58 -67 -70 / 46 58 62 70 / 39 51 -62 -70 / 39 51 -62 -70 / 39 51 61 67 / 39 51 63 / 32 44 56 68 / 39 51 -68 / 32 44 56 68 77 <END> 
<S> 39 51 61 67 70 / 46 58 67 73 / 51 55 61 -67 / 70 -51 -55 -61 / 46 58 73 / 74 -46 -58 / 51 55 61 73 / 75 87 -55 -61 / 39 51 74 77 / 75 -39 -51 / 51 55 61 79 / 70 -51 -55 -61 / 39 51 73 / 66 -39 -51 / 51 55 61 70 / 72 -51 -55 -61 <END> 
<S> 39 51 67 75 / 79 -39 -51 / 55 58 63 -79 / 67 -55 -58 -63 / 43 -67 / 72 -43 / 55 58 63 67 / 65 -55 -58 -63 / 46 67 / 68 -46 / 58 62 68 / 67 77 -58 -62 / 46 -68 -77 / 70 -46 / 56 58 62 68 / 74 -56 -58 -62 <END> 
<S> 50 62 70 / 65 70 74 -50 -62 / 0 68 77 / 0 65 70 74 77 / 0 67 70 74 77 / 0 70 74 77 / 0 70 74 77 / 0 68 70 72 77 <END> 
<S> 0 46 74 / 0 73 -46 -58 / 0 55 58 64 67 72 / 0 70 76 -55 -58 -64 -67 / 36 48 70 72 79 / 57 60 65 69 72 -36 / 41 53 67 / 79 -41 / 53 57 63 77 / 69 -53 -57 -63 / 48 -69 / 68 -48 / 53 57 63 69 / 72 -53 -57 -63 <END> 
<S> 41 53 69 / 72 -41 -53 / 53 57 60 77 / 65 -53 -57 -60 / 48 69 / 72 76 / 57 60 65 77 / 72 -57 -60 -65 / 41 69 72 / 70 -41 / 53 57 63 69 / 65 -53 -57 -63 / 41 53 -65 / 69 72 -41 -53 / 53 57 63 77 -69 / 75 -53 -57 -63 <END> 
<S> 41 69 77 / 53 65 71 74 / 43 55 67 72 / 76 -43 / 66 72 75 / 67 71 74 -43 / 0 46 58 67 79 / 67 76 -46 -58 / 45 57 64 67 72 / 69 76 -45 -57 -66 / 38 50 66 72 74 / 69 -38 -50 -66 / 43 55 67 74 / 76 -43 -55 -67 / 47 59 74 -67 / 77 -47 -59 -68 <END> 
<S> 38 50 -66 -69 / 71 -38 -50 -66 / 47 59 62 67 / 69 -47 -59 / 46 71 74 / 81 -46 / 62 74 86 / 48 64 76 / 72 84 -48 -64 / 52 55 60 -64 / 72 76 81 -52 / 76 84 -52 -55 -60 <END> 
<S> 36 48 72 76 / 81 -36 -48 -72 / 55 60 64 76 -72 / 72 76 -55 -64 -64 / 43 55 67 72 76 / 55 60 64 -67 -72 -76 / 48 60 64 67 72 76 / 0 67 / 0 76 / 0 67 76 79 <END> 
<S> 0 / 0 57 60 65 72 77 / 72 -57 -60 -65 -72 -77 / 56 55 60 64 74 / 72 84 -55 -60 -64 / 53 69 72 / 68 71 -53 / 57 60 72 -71 / 84 -53 -57 -60 / 45 -84 / 75 80 / 53 56 60 63 75 <END> 
<S> 44 56 68 72 / 77 -44 -56 -68 / 51 56 60 72 80 / 68 72 -51 -56 -60 / 39 51 -68 -72 / 72 75 -39 -51 / 51 56 60 70 73 / 72 -51 -56 -60 / 41 53 73 / 68 77 -41 -53 / 56 61 65 -68 -80 / 70 73 -56 -61 -65 / 37 49 68 77 / 65 68 70 73 / 51 -65 -70 -73 / 52 -65 -70 -73 / 70 -37 -49 <END> 
<S> 0 53 65 / 68 70 -53 -65 / 49 61 65 70 / 63 68 72 / 34 46 68 / 72 -34 -46 / 46 58 70 / 68 -46 -58 / 51 55 61 / 67 -51 -55 / 39 51 61 -63 / 67 -39 -51 / 51 55 61 -63 / 70 -51 -55 -61 / 43 55 70 / 72 -43 -55 <END> 
<S> 0 46 58 / 67 70 -46 -58 / 51 55 61 -67 -70 / 67 70 -55 -61 / 39 51 -67 -73 / 66 -39 -51 / 55 58 63 67 70 / 72 -55 -58 -63 / 39 51 70 / 72 -39 -51 / 39 51 63 72 / 70 -39 -51 / 36 48 63 68 / 72 -36 -48 -63 / 46 58 -72 -72 / 70 -46 -58 <END> 
<S> 39 51 67 70 72 / 51 55 70 72 75 / 55 63 70 73 / 70 74 82 -55 -58 -70 / 39 51 -70 -75 -79 / 72 75 84 -51 -58 / 39 51 -72 -75 -84 / 73 77 82 -51 / 55 58 61 73 85 / 72 75 82 -55 -58 -61 / 39 51 -72 -75 -82 / 74 -39 -39 -51 -75 / 42 54 70 75 78 <END> 
<S> 39 51 72 75 84 / 51 56 60 68 72 / 39 51 -72 -75 / 32 44 66 72 77 / 68 71 80 -32 -44 / 53 56 60 -68 -80 -80 / 68 72 79 -50 -53 -56 -60 / 51 56 60 -72 -75 / 72 75 -51 -56 -60 / 39 51 -72 -75 / 72 -39 -51 / 51 56 60 70 / 68 -51 -56 -60 <END> 
<S> 44 56 72 75 80 / 56 60 68 80 -72 -77 / 72 78 84 -56 -60 -68 / 44 56 -72 -75 -84 / 71 77 -42 -54 / 43 55 71 74 / 42 54 75 / 0 53 58 62 68 / 70 -53 -58 -62 / 41 53 -70 / 67 -41 -53 / 53 58 62 -67 / 70 -53 -62 -62 <END> 
<S> 55 58 62 70 / 74 -55 -58 -62 / 43 55 -74 / 72 -43 -55 / 0 52 55 70 / 0 48 55 58 64 / 0 -48 -55 -58 -64 / 0 64 -55 -58 -64 / 0 -55 -58 -64 / 41 53 -55 / 59 -41 / 48 60 / 69 -48 -60 / 39 51 -60 -68 / 32 44 66 75 <END> 
<S> 0 48 60 65 / 69 -48 -60 -65 / 57 -48 -60 -65 / 72 -57 -60 -65 / 41 53 65 72 / 74 -41 -53 -65 / 56 58 62 72 / 70 74 -56 -58 -62 / 46 -70 -75 / 79 -46 / 58 58 63 82 / 82 -58 -58 -63 / 50 62 80 / 51 58 61 82 / 45 -51 -73 <END> 
<S> 46 58 -70 / 74 -46 -58 / 44 56 68 75 / 43 55 70 74 / 44 56 72 / 74 -44 -56 / 0 75 / 0 75 / 51 56 60 63 72 75 / 39 51 -72 -75 / 51 56 60 -72 -75 / 44 71 77 / 72 75 -44 <END> 
<S> 39 51 61 67 75 / 72 75 -51 -39 -51 / 39 51 -72 -75 / 73 -39 -51 / 51 55 61 73 / 67 70 -51 -55 -61 / 39 51 -70 -73 / 46 58 -67 -75 / 45 57 61 73 46 46 58 82 / 0 41 53 65 77 / 0 43 55 -65 -77 / 0 41 53 -65 / 0 -41 -53 <END> 
<S> 46 58 -65 -70 -74 / 53 58 62 -65 / 72 -53 -58 -62 / 41 53 70 / 74 -41 -53 / 39 51 72 / 70 74 -39 -51 / 39 51 72 75 / 70 74 -39 -51 / 39 51 72 -70 / 72 -39 -51 / 41 53 -72 / 70 -41 -53 / 40 52 70 / 72 -40 -52 / 39 51 -72 / 70 -39 -51 <END> 
<S> 39 51 -67 -70 / 75 -39 -51 / 55 58 63 70 / 75 -55 -58 -63 / 39 51 72 / 77 -39 -51 / 39 51 -77 / 70 82 -51 / 0 41 53 74 / 77 -41 -53 / 53 58 62 73 / 74 -53 -58 -62 / 46 77 / 65 77 / 53 58 62 -77 / 41 53 -74 -77 / 65 -41 -53 / 53 56 62 74 / 65 -53 -56 -62 <END> 
<S> 34 46 70 82 / 74 80 -46 -58 / 53 58 62 -74 -80 / 70 74 -53 -58 -62 / 43 -70 -74 / 70 82 / 41 53 74 77 / 43 55 70 74 / 42 54 70 72 / 41 53 70 74 / 41 53 68 75 <END> 
<S> 39 51 -67 -75 / 72 75 -39 -51 / 39 51 -72 -75 / 70 73 -39 -51 / 43 55 70 / 72 -43 -55 / 42 54 70 / 72 -42 -54 / 41 53 70 / 68 -41 -53 / 53 58 62 69 / 74 -53 -58 -62 / 36 70 / 72 82 / 58 62 -70 -70 / 34 -58 -62 -70 <END> 
<S> 41 53 70 74 / 77 -41 -53 -70 / 53 58 62 -70 -74 / 70 -53 -58 -62 / 41 -70 / 53 58 62 74 / 53 65 77 / 52 55 59 67 / 67 79 -52 -55 -59 / 41 53 -67 -71 / 69 -41 -53 / 53 57 61 67 / 69 -53 -57 -63 <END> 
<S> 45 69 / 73 -45 / 53 57 61 73 / 70 -53 -57 -61 / 41 72 / 65 77 / 53 57 63 67 / 69 -53 -57 -63 / 41 70 / 69 -41 / 53 57 63 75 / 69 77 -53 -57 -63 / 45 -69 -77 / 79 -45 / 53 57 63 75 / 74 -53 -57 -63 <END> 
<S> 53 65 / 68 -53 / 57 60 63 72 / 65 77 -57 -63 / 46 -65 -72 -77 / 74 -46 -58 / 52 58 62 82 / 48 53 74 / 82 -48 -53 / 58 62 67 80 / 74 -58 -58 -62 / 46 -74 / 79 -46 / 58 62 68 77 / 74 -58 -58 -62 <END> 
<S> 50 62 77 / 74 79 -50 -62 / 55 59 65 80 / 76 -55 -59 -65 / 43 77 / 81 -43 / 55 59 65 -77 / 83 -55 -59 -65 / 36 48 72 76 81 / 55 60 64 -72 -76 -81 / 43 55 72 76 81 / 55 60 64 72 76 81 <END> 
<S> 0 48 60 76 / 75 -48 -60 -64 / 55 60 64 76 81 / 81 -55 -60 -64 / 52 64 76 / 79 -52 -64 / 52 64 -52 / 74 -52 -64 / 47 -68 / 84 -47 / 50 62 71 82 / 76 88 -50 -62 / 44 56 -76 -88 / 77 86 -56 -60 / 45 57 76 84 / 86 -45 -57 -61 / 44 56 84 / 45 57 60 65 47 47 <END> 
<S> 45 57 78 / 81 84 91 -45 -57 / 54 60 62 76 / 78 -54 -60 -62 / 38 50 -60 78 78 / 60 62 66 -78 -38 -50 / 39 51 78 90 / 56 60 63 -66 -75 / 73 78 -51 -56 -60 / 39 51 72 84 / 75 80 -39 -51 / 51 56 60 68 80 / 72 75 -51 -56 -60 <END> 
<S> 39 51 -68 -75 / 72 -39 -51 / 51 56 60 70 82 / 75 -51 -56 -60 / 39 51 77 89 / 72 75 -39 -51 / 39 51 -72 -75 / 70 73 -39 -51 / 43 55 67 72 / 70 75 -43 -55 / 41 53 -70 -72 / 70 74 -41 -53 / 42 54 68 72 75 / 43 55 65 70 74 <END> 
<S> 39 51 -70 / 67 -39 -51 / 55 58 63 70 / 75 -55 -58 -63 / 43 55 70 / 79 -43 -55 / 42 54 75 / 82 -42 -54 / 40 52 68 80 / 41 53 68 80 / 39 51 68 80 / 40 -39 -68 / 36 48 68 / 38 68 70 / 0 <END> 
<S> 0 44 56 / 68 72 -44 -56 -74 / 56 60 68 80 -56 / 72 -56 -60 -65 / 44 56 72 77 80 84 -44 -56 / 39 51 -72 -77 -84 / 72 -39 -51 -72 / 41 53 -72 / 72 -41 -53 / 42 54 70 73 / 75 -42 -54 -66 / 39 51 -70 -75 -87 / 41 53 68 80 / 70 82 -41 -53 / 40 52 70 82 / 72 84 -40 -52 / 41 53 68 / 72 -41 -53 <END> 
<S> 53 65 68 73 77 / 56 -65 -68 -73 -77 / 44 56 -65 -68 -77 / 44 56 -65 -68 -77 / 43 55 -68 / 74 -43 / 0 68 / 68 77 80 / 65 76 -68 / 63 -65 -77 -77 / 64 68 72 / 0 70 73 0 / 0 68 80 <END> 
<S> 0 48 60 / 75 -48 -60 / 56 60 63 68 72 / 75 -56 -60 -63 -72 / 44 56 68 77 / 65 68 74 -46 / 47 53 -68 -74 / 46 68 72 / 51 55 58 70 / 43 55 72 / 76 -43 -55 / 41 53 74 / 75 -41 -53 / 40 52 73 77 / 76 -40 -52 / 41 53 73 / 75 -41 -53 <END> 
<S> 39 51 67 75 / 51 63 -67 -75 / 67 -51 -63 -75 / 43 55 70 -63 / 74 -43 -55 / 42 54 72 / 75 -42 -54 / 41 53 75 / 80 -41 -53 / 53 57 61 77 / 72 -53 -57 -61 / 41 53 73 / 53 -41 -53 <END> 
<S> 42 54 75 / 78 -42 -54 -75 / 58 60 66 78 -78 / 75 78 81 -60 -66 / 0 78 87 / 0 73 82 / 0 82 / 51 72 75 / 0 72 75 84 -51 <END> 
<S> 46 58 67 73 76 / 74 -46 -58 -67 / 66 75 -46 -58 / 67 72 76 84 / 66 74 78 / -47 -68 -74 / 72 -42 -54 / 74 -38 -50 / 55 58 62 74 / 70 -55 -58 -62 / 46 58 62 / 68 74 -46 -58 -62 / 46 58 -68 -74 / 75 -46 -58 / 47 59 68 / 39 51 68 -68 <END> 
<S> 46 74 -67 / 75 -46 / 53 58 62 77 / 70 -53 -58 -62 / 50 72 / 74 -50 / 53 58 62 70 / 65 -53 -58 -62 / 51 63 / 70 -51 / 52 55 58 70 / 67 -55 -58 -61 / 48 -55 -67 / 67 -48 / 55 58 62 -67 / 66 -55 -58 -62 <END> 
<S> 39 51 70 / 72 -39 -51 / 41 53 70 / 72 -41 -53 / 43 55 70 / 72 -43 -55 / 46 58 70 / 67 -46 -58 / 41 53 58 62 70 / 41 53 -62 -70 / 43 55 -62 -70 / -43 -55 -62 -70 / 41 53 -62 -70 / 65 70 -53 -62 / 46 58 62 65 / 65 77 -46 -58 -62 / 53 58 62 -65 -70 -77 / 41 53 -62 -70 / 43 55 -62 -65 / 41 53 -62 -65 / 70 
<S> 46 58 62 70 / 41 53 -62 -70 / 43 55 -62 -70 / -43 -55 -62 -70 / 41 53 -62 -70 / 38 50 -62 -70 / 36 48 -62 -70 / 34 46 70 -62 / 0 / 58 62 70 / 41 53 -62 -70 / 0 34 46 70 74 82 <END> 
<S> 34 46 70 -62 / 74 -34 -46 -62 / 53 58 62 73 / 79 -53 -58 -62 / 41 -79 / 74 -41 / 53 58 62 72 / 70 -53 -58 -62 / 48 67 / 53 65 / 55 67 / 52 64 / 49 65 <END> 
<S> 52 70 / 78 -52 / 58 62 64 / 70 -58 -62 / 48 67 / 64 70 -48 / 52 58 60 -64 -67 / 68 -52 -58 -60 / 41 69 / 53 57 63 69 / 46 70 / 53 55 58 72 / 73 -53 -55 -58 <END> 
<S> 46 58 70 74 / 53 58 62 -70 -74 / 41 53 65 -70 / 62 -41 -53 -65 / 0 43 55 64 67 / 0 63 65 / 52 64 67 70 / 50 69 / 68 -50 / 55 67 70 / 59 67 79 <END> 
<S> 0 62 65 / 0 65 69 45 -62 / 0 52 64 / 0 62 74 / 0 64 69 / 0 57 60 63 72 / 0 66 69 72 75 81 / 84 -63 -69 -72 -75 / 67 72 79 86 / 88 -63 -67 -72 / 67 72 84 -67 / 84 88 -67 -72 <END> 
<S> 0 63 / 84 -36 -63 -68 / 0 60 72 87 / 80 92 -60 -65 -68 -72 / 63 68 72 80 89 / 84 -48 -63 -68 / 56 60 65 87 -84 / 80 84 -56 -60 -65 / 48 60 -80 -84 / 70 82 -48 -60 / 55 60 63 79 / 72 75 78 -55 -60 -63 / 46 58 -72 -75 / 74 77 -46 -58 / 75 -46 -58 / 70 72 82 <END> 
<S> 56 -72 -75 -84 / 72 84 -56 -72 / 57 60 65 -72 -84 / 73 81 -57 -60 -65 / 36 48 70 / 76 82 -36 -48 / 58 60 64 70 72 79 / 41 53 69 72 77 / 57 60 65 72 -69 -77 / 41 53 72 77 80 84 / 39 51 72 75 78 84 <END> 
<S> 41 53 60 65 69 72 77 / 42 54 60 63 69 72 75 / 43 55 64 67 72 / 55 60 64 69 -67 -72 / 67 -55 -60 -64 -67 / 48 -60 -64 -67 / 67 79 -48 -60 / 55 60 64 67 / 72 -55 -60 -64 <END> 
<S> 0 43 55 64 70 / 0 55 58 60 64 72 / 0 67 -55 -58 -60 -64 / 0 41 53 69 72 77 / 0 -41 -53 / 53 57 60 65 69 / 72 77 -53 -57 -60 -65 / 41 53 -72 -77 / 74 79 -41 -53 / 42 54 60 69 81 / 72 76 81 -42 -54 -60 <END> 
<S> 41 53 65 / 72 -41 -53 / 53 57 62 77 / 72 84 -53 -57 -62 / 41 74 / 77 -41 / 53 57 63 72 / 69 -53 -57 -63 / 46 70 / 74 -46 / 53 58 62 73 / 70 -53 -58 -62 / 50 67 / 66 -50 / 53 58 62 70 / 74 -53 -58 -62 / 46 71 / 77 -46 / 56 58 62 74 / 77 -56 -58 -62 <END> 
<S> 46 58 70 74 / 53 58 62 74 / 79 -53 -58 -62 / 41 -79 / 77 -41 / 53 58 62 70 / 70 -53 -58 -62 / 48 69 / 70 -48 / 53 57 63 67 / 69 -53 -57 -63 / 41 65 / 53 57 63 75 / 46 70 74 77 / 82 -46 -67 -70 -74 / 0 69 73 -46 -58 <END> 
<S> 48 60 65 69 / 53 68 62 -65 -68 / 50 62 65 68 / 60 68 76 / 62 65 68 71 / 56 62 65 68 71 74 / 62 65 68 71 77 / 61 65 70 73 77 -61 / 49 61 68 73 80 85 <END> 
<S> 0 47 59 67 75 / 67 -47 -59 -75 / 55 59 65 67 71 74 / 74 -55 -59 -65 -67 -71 / 43 55 67 71 74 79 / 0 55 59 65 67 71 76 / 0 67 71 74 77 -43 -55 / 0 50 71 -67 -71 / 0 65 71 74 -50 / 0 51 56 60 -65 -67 -72 <END> 
<S> 0 43 67 71 79 / 0 67 70 76 -43 / 0 50 67 71 / 74 77 -50 / 69 75 76 -50 / 59 65 71 74 77 / 72 77 -44 -56 / 43 55 -77 -77 / 65 77 -39 -51 / 41 -65 -77 / 79 -41 <END> 
<S> 52 70 79 / 81 -48 / 55 58 64 79 / 76 -55 -58 -63 / 46 -70 -76 / 75 -46 / 55 58 63 75 79 / 51 66 75 / 55 58 63 67 75 / 43 55 70 / 72 -43 -55 / 39 51 55 61 67 / 70 -39 -51 -55 <END> 
