<S> 0 62 74 / 0 61 73 / 0 62 74 / 0 64 76 / 0 66 78 / 0 67 79 / 0 62 74 / 0 62 74 / 0 -62 -74 / 0 64 76 / 0 60 72 / 0 57 69 <END> 
<S> 45 57 66 72 74 / 45 57 72 76 78 84 / 38 66 72 76 78 84 / 0 87 / 0 78 / 0 71 79 83 / 0 66 72 75 84 / 0 / 41 72 76 84 -72 -72 / 80 -41 -72 -65 -72 -76 / 60 64 67 -72 -76 -79 / 72 76 84 -60 -64 / 43 -72 -76 -84 / 76 -43 -55 / 41 53 72 84 / 69 75 81 -53 <END> 
<S> 0 69 72 84 -81 / 0 82 86 90 / 0 84 87 90 / 0 84 88 87 -84 / 0 82 84 88 / 0 87 86 -84 / 0 84 87 90 / 0 85 / 0 83 / 84 86 -90 / 58 62 68 80 / 78 82 -58 -63 -68 / 52 56 61 80 / 73 85 -52 -56 -61 / 44 56 74 77 / 72 -44 -56 / 51 56 60 66 72 / 68 80 -51 -56 -60 <END> 
<S> 44 56 72 80 84 / 73 -44 -56 -72 -80 / 48 56 -72 -76 -84 / 72 -48 -56 -60 / 41 53 80 / 72 81 -41 -53 / 40 52 73 79 / 72 76 80 -40 -52 / 41 53 73 77 80 / 72 75 79 -41 -53 / 49 61 -73 -75 -80 / 72 77 80 84 -51 / 54 58 62 70 75 82 / 72 78 84 -56 -58 -62 <END> 
<S> 53 69 72 / 68 71 -53 / 57 60 65 69 72 -53 / 65 69 -53 -57 -60 -65 / 0 53 -65 -69 / 0 52 -65 -69 / 0 50 -65 -69 / 48 53 -65 -69 -77 / 36 48 -65 -69 -72 / 0 38 50 -65 -69 / 0 52 -65 -69 / 50 57 62 65 74 / 69 81 -57 -62 -65 / 53 57 62 65 74 -69 / 67 79 -41 -53 -57 -65 / 36 48 64 76 / 67 -36 -36 -48 / 48 
<S> 41 65 69 / 67 -41 / 53 57 63 69 / 46 58 70 / 45 57 72 / 46 58 74 / 73 -46 -58 / 44 56 65 72 / 32 44 56 68 72 77 / 38 50 -68 -72 -77 / 39 51 -65 -68 -72 -77 / 37 49 68 80 / 70 -37 -49 <END> 
<S> 0 46 58 82 / 0 55 58 63 82 -46 / 0 70 82 -55 -58 -63 / 46 58 67 70 76 / 74 -46 -58 -67 -70 / 52 58 64 67 -70 -82 / 68 70 -55 -58 -64 / 48 52 64 -70 / 67 -48 -64 / 36 48 -67 -70 / 58 -36 -48 -67 -76 / 0 38 50 57 62 66 / 0 40 52 64 76 / 0 57 60 64 76 / 0 72 76 -57 -60 -64 / 0 45 57 -72 -76 / 72 84 -45 
<S> 0 64 67 / 0 63 69 / 0 52 64 / 0 63 -52 / 0 / 43 55 -64 -67 / 0 45 57 / 0 47 59 / 0 -83 / 56 59 65 / 59 62 -56 -59 <END> 
<S> 0 42 54 / 0 54 60 / 0 43 55 64 70 / 0 71 -52 / 0 71 / 0 76 / 0 77 / 48 76 / 79 -48 / 58 60 64 -79 / 77 81 -58 -60 -64 / 45 57 -72 -77 / 72 79 84 / 41 53 -72 -77 / 40 52 72 79 <END> 
<S> 48 -72 -76 / 82 -48 / 60 60 76 82 88 / 48 76 81 / 76 79 86 / 58 60 64 -79 -86 / 81 82 86 -60 -64 / 43 76 -81 -82 / 77 82 86 -43 / 55 58 62 74 86 -86 / 81 84 86 -55 -58 -62 / 50 62 -81 -83 -86 / 79 82 86 -50 -62 / 49 61 80 83 89 <END> 
<S> 43 55 70 82 / 74 82 -43 -55 / 44 56 83 -71 / 83 82 -56 84 / 51 56 61 83 / 80 -51 -56 -61 / 44 56 77 / 84 -44 -56 / 45 57 75 / 82 -45 -57 / 44 56 72 / 77 -44 -56 / 56 60 65 -77 / 72 -56 -60 -65 / 41 53 71 / 80 -41 -53 <END> 
<S> 53 56 60 80 / 72 77 84 -53 -56 -60 / / 44 -72 -77 -80 / 68 72 77 80 / 51 56 60 -68 -72 -75 / 39 51 -72 -75 / 51 56 60 75 80 / 46 -51 -75 -78 / 75 87 -39 / 51 -75 -79 -82 / 72 75 84 -51 / 54 58 63 73 -72 -82 / 68 74 80 -58 -56 -68 / 51 63 72 84 / 72 75 -51 -63 / 56 60 -72 -72 / 72 78 82 -60 -60 <END> 
<S> 44 56 72 75 84 / 72 75 80 -44 -72 / 51 56 60 -72 -75 -78 / 72 75 84 -51 -56 -60 / 39 51 -72 -75 -84 / 72 84 -39 -51 / 51 56 60 70 82 / 75 87 -51 -56 -60 / 46 58 73 85 / 70 82 -46 -58 / 58 61 68 72 80 / 73 82 -58 -61 -68 / 51 72 75 84 / 84 -51 / 56 60 82 -84 / 70 82 -51 -56 -60 / 55 67 80 79 / 70 79 -55 
<S> 39 51 72 75 78 82 / 56 60 66 80 -72 -75 / 70 82 -56 -60 -66 / 39 51 -70 -78 -82 / 72 -39 -51 / 40 52 70 73 72 72 39 51 70 82 / 0 72 84 / 0 / 0 41 / 0 77 -41 / 0 54 57 60 63 / 0 69 81 -54 -57 -60 -63 / 41 53 -69 -81 / 77 81 -41 -53 / 42 54 -69 -77 / 69 81 -42 -54 <END> 
<S> 38 50 65 69 77 / 70 -38 -50 -50 / 53 60 62 69 71 79 / 70 74 79 -53 -59 -62 / 43 55 70 -71 -77 -79 / / 71 74 -43 -55 / 55 59 65 67 71 77 / 60 64 67 72 76 / 50 60 -64 -67 -72 / 0 43 55 / 64 67 -43 -55 / 0 55 58 64 65 / 0 69 -55 -58 -64 / 0 53 57 63 65 / 0 45 -57 -65 <END> 
<S> 31 43 71 77 81 / 55 59 65 67 71 77 / 79 / 55 59 65 77 / 50 62 77 -50 / 49 61 79 91 / 48 60 82 / 47 81 84 / 0 <END> 
<S> 41 53 69 72 77 / 40 52 68 72 76 / 0 / 0 38 50 / 77 -38 -50 -62 / 74 -38 -50 / 65 74 -38 -50 / 67 74 79 -45 / 43 55 -67 -74 -79 / 79 -43 -55 / 41 53 74 / 75 79 -41 -53 <END> 
<S> 43 55 70 73 / 71 -43 -55 -70 / 47 59 74 77 / 75 -47 -59 -74 / 48 60 67 76 / 75 -48 -60 -64 / 47 59 67 76 / 81 -47 -59 -64 / 52 64 76 83 / 88 -64 -52 / 64 76 88 / 84 -64 -64 / 83 88 64 -64 <END> 
<S> 0 / 43 64 71 / 0 52 59 -64 / 0 / 64 69 -52 -64 / 71 -43 -64 -67 -71 / 62 65 69 71 74 / 48 60 -65 -69 -71 / 0 63 67 -48 / 46 64 68 / 51 56 61 -68 / 70 -56 -56 -61 <END> 
<S> 0 50 59 65 68 74 77 / 68 73 -49 -50 -65 / 48 60 -65 -68 -72 -77 / 67 72 79 -48 -60 / 46 58 -67 -76 -79 / 44 56 77 80 86 / 41 53 77 80 89 / 40 52 -77 -82 -82 / 80 82 -46 -58 -62 / 53 58 61 -82 / 77 80 -53 -58 -61 <END> 
<S> 53 74 80 86 / 56 58 62 72 80 84 / 68 77 80 -56 -58 -62 / 46 -68 -77 -80 / 68 73 77 -46 / 58 62 68 72 77 82 / 47 -68 77 80 / 56 60 65 -68 -77 -80 / 80 -56 -61 -65 / 37 49 77 80 / 80 92 -37 -49 / 37 49 77 80 89 / 44 56 77 83 -77 89 <END> 
<S> 44 56 68 77 80 / 72 77 -44 -56 -68 / 44 56 -72 -75 -80 / 72 75 -44 -56 / 0 57 60 65 72 84 / 0 70 82 82 -41 -53 / 0 50 -70 -74 -82 -82 / 70 77 81 -50 -53 / 56 58 62 74 80 82 / 34 46 74 77 86 / 82 -34 -46 -74 -74 / 53 68 77 -74 80 / 56 58 62 70 74 77 80 <END> 
<S> 41 53 70 74 86 / 82 -41 -53 -70 -74 / 39 51 72 78 84 / 56 60 66 68 -72 -76 / 72 78 80 -56 -60 -66 -72 / 44 56 -68 -72 -80 / 56 -44 -68 -71 -77 / 43 55 -68 -71 -77 / 76 -65 -68 -71 -76 / 47 59 68 71 77 / 83 -47 -59 -68 -71 -77 / 64 76 -56 -59 -64 / 62 70 71 83 -64 / 71 83 -62 -64 -71 / 72 84 -43 -55 / 
<S> 64 67 71 -82 / 91 -64 -67 -71 / 64 67 71 83 / 88 -64 -67 -71 / 64 67 72 84 / 79 -52 -64 -67 / 63 67 72 78 / 82 -63 -67 -72 / 64 67 72 83 / 79 91 -64 -67 / 62 65 72 -76 -79 / 84 -66 -69 -72 / 63 71 83 87 / 87 -63 -71 / 62 67 71 -83 / 69 78 -43 -62 / 46 67 71 77 / 82 -47 -68 -71 / 51 63 67 75 78 / 76 79 
<S> 62 67 71 89 -91 / 69 78 90 -62 / 62 67 68 -81 -84 / 84 91 -62 -68 / 56 62 65 86 / 80 -56 -62 -65 / 0 39 51 / 79 -39 -51 / 58 63 67 77 / 75 -58 -63 -67 / 46 58 72 / 74 82 -46 / 58 58 63 68 72 77 <END> 
<S> 39 51 70 82 / 75 -39 -51 / 58 58 63 70 82 / 72 -58 -58 -63 / 51 75 79 / 72 75 -51 / 55 58 63 67 75 -55 / 67 75 -55 -58 -63 / 39 51 -67 -75 / 72 -39 -51 / 43 55 70 75 / 72 -43 -55 / 44 56 65 72 / 72 75 84 -44 -56 <END> 
<S> 39 51 -67 -70 / 75 -39 -51 / 51 55 60 70 75 / 72 -51 -55 -60 -63 / 39 51 70 / 69 -39 -51 / 38 50 -66 / 70 -38 -50 / 39 51 67 / 72 -39 -51 -67 / 43 55 65 71 / 67 70 -43 -55 / 41 53 65 -67 -71 / 67 -41 -53 -65 / 43 55 65 69 / 67 70 -43 -55 / 39 51 -67 -70 / 72 -39 -39 -51 / 38 50 67 79 / 70 79 -38 -50 
<S> 0 43 55 70 / 71 -43 -55 / 55 58 62 67 / 75 -55 -58 -62 / 47 74 / 75 -47 / 48 67 75 / 75 -48 / 0 51 -75 / 69 77 -51 / 55 58 63 67 75 / 72 75 -55 -58 -63 / 43 55 -72 -75 / 72 75 -43 -55 / 0 55 60 64 70 72 <END> 
<S> 0 48 / 75 -48 / 53 56 60 74 80 / 72 -53 -56 -60 / 51 67 72 / 76 -51 / 51 56 60 77 / 72 75 -51 -56 -60 / 44 56 -72 -75 / 71 77 -44 -56 / 45 57 72 75 / 77 -45 -57 / 46 58 73 / 77 -46 -58 / 51 55 61 75 / 79 82 -51 -55 -58 -61 <END> 
<S> 0 53 69 75 81 / 56 60 -69 -75 -81 / 68 80 -51 -56 -60 / 51 56 60 72 / 72 75 84 -51 -60 / 45 57 -72 -75 / 72 78 -45 -57 / 46 58 73 79 / 70 74 77 82 -58 / 50 -70 -74 -77 -82 / 68 74 -50 -74 -77 / 0 -74 / 0 -74 / 0 70 / 0 68 <END> 
<S> 34 46 74 82 / 74 -34 -46 -74 / 53 58 62 -74 -74 / 40 52 70 -74 / 76 -40 -52 / 55 58 61 -76 / 73 -55 -58 -61 / 39 51 72 / 75 -39 -51 / 51 55 61 70 / 72 -51 -55 -61 / 39 51 73 / 65 75 -39 -51 / 51 55 61 -65 -73 / 70 -51 -55 -61 <END> 
<S> 39 51 -68 -77 / 75 -39 -51 / 51 55 60 70 / 72 -51 -55 -60 / 45 67 72 / 69 81 -45 / 53 57 61 77 79 / 65 77 81 -53 -57 -61 / 53 57 60 63 -69 -77 / 48 69 77 / 53 57 60 63 74 <END> 
<S> 48 75 / 72 -48 / 53 57 63 75 / 72 -53 -57 -63 / 41 75 / 53 57 63 75 / 46 70 / 74 -46 / 53 58 62 74 / 75 -53 -58 -62 / 41 74 / 72 -41 / 53 58 62 70 / 67 -53 -58 -62 <END> 
<S> 46 70 74 / 76 -46 / 53 58 62 77 / 79 -53 -58 -62 / 41 -79 / 77 -41 / 53 58 62 70 / 74 -53 -58 -62 / 48 75 / 77 -48 / 53 57 63 72 / 72 -53 -57 -63 / 41 74 / 53 57 63 75 <END> 
<S> 48 75 / 77 -48 / 57 60 63 79 / 72 -57 -60 -63 / 41 -69 -72 / 65 70 / 53 58 62 67 / 57 65 69 / 53 70 74 / 69 72 75 79 / 53 65 72 74 77 / 73 75 -53 -53 / <END> 
<S> 46 58 65 70 / 53 58 62 -65 -70 / 72 -53 -58 -62 -65 / 43 55 70 -65 / 72 -43 -55 / 41 53 74 / 72 -41 -53 / 39 51 70 / 72 -39 -51 / 41 53 70 / 72 -41 -53 / 43 55 70 / 74 -43 -55 / 41 53 72 / 75 -41 -53 <END> 
<S> 39 51 70 82 / 72 -39 -51 / 39 51 63 70 / 72 -39 -51 -63 / 43 55 67 / 75 -43 -55 / 0 44 56 / 68 72 -44 -56 / 51 56 60 -68 -72 / 68 -51 -56 -60 / 39 51 -72 / 77 -39 -51 / 51 56 60 70 / 71 -51 -56 -60 <END> 
<S> 56 -44 -56 -65 -68 / 75 -56 -56 -61 -65 / 39 51 70 75 / 34 46 70 82 / 75 -34 -46 / 39 51 72 84 / 51 56 60 -72 / 71 -39 -51 -56 -60 / 44 56 72 / 71 -44 -56 / 56 60 72 / 71 -56 -60 / 41 53 72 / 71 77 -41 -53 / 50 54 57 60 72 75 / 73 -54 -57 -60 <END> 
<S> 44 56 72 / 75 -44 -56 / 51 56 60 72 / 68 80 -51 -56 -60 / 39 51 68 / 72 75 -39 -51 / 56 60 66 70 75 / 72 75 78 80 -56 -60 / 63 72 75 84 -60 / 51 56 60 66 72 77 / 39 51 72 78 / 44 56 72 80 84 <END> 
<S> 44 56 68 72 75 / 80 56 60 -72 -75 / 63 72 -56 -60 -63 / 51 56 60 68 72 / 51 56 60 63 72 / 68 72 -56 -54 -58 / 39 51 -72 -75 / 70 -39 -51 / 51 56 60 72 / 70 -51 -56 -60 / 44 56 72 / 72 -44 -56 / 51 56 60 70 / 72 -51 -56 -60 <END> 
<S> 39 51 -67 -70 / 75 -39 -51 / 51 55 60 70 75 / 72 -51 -55 -60 / 39 51 70 / 72 -39 -51 / 43 55 58 63 / 41 53 65 / 46 58 62 70 / 65 77 -46 -58 / 41 53 74 -65 / 70 -41 -53 / 40 52 70 / 72 -40 -52 / 39 51 61 67 / 70 -39 -51 <END> 
<S> 46 58 65 70 / 41 53 -65 -70 / 43 55 -65 -69 / 45 57 70 -65 / 46 58 70 / 41 53 65 -70 / 39 51 -65 -70 / 36 -51 -65 -70 / 0 34 46 70 / 0 34 46 <END> 
<S> 46 58 62 70 / 65 77 -46 -58 -62 / 46 58 -65 -70 -74 / 65 77 -46 -58 / 44 56 -65 -77 / 77 -44 -56 -65 / 41 53 75 80 / 77 -41 -53 -56 / 39 51 75 / 82 -39 -51 / 51 63 75 87 / 77 -51 -51 -63 / 39 51 75 79 / 82 -39 -51 / 55 58 63 82 / 84 -55 -58 -63 <END> 
<S> 39 51 68 / 72 -39 -51 / 56 58 63 -72 / 75 -54 -56 -58 / 45 -75 / 77 -39 -51 / 54 56 60 75 / 72 -54 -56 -60 / 39 51 68 / 77 -39 -51 / 56 58 61 75 / 39 51 67 75 / 39 51 -75 / 82 -39 -51 -75 / 39 51 -75 -79 / 87 -39 -51 -75 / 40 52 70 82 / 42 54 70 82 <END> 
<S> 39 51 -67 -72 / 75 -39 -51 / 43 55 70 82 / 75 -43 -55 / 42 54 72 84 / 70 82 -42 -54 / 41 53 -70 -82 / 70 82 -41 -53 / 56 58 62 -70 -82 / 74 77 80 -56 -58 -62 / 46 58 79 -72 -77 / 81 -46 -58 -72 -77 / 58 60 84 -70 -74 / 72 76 84 -58 -60 / 58 60 64 -72 -84 / 82 -58 -60 -64 -70 <END> 
<S> 41 53 70 82 / 74 -41 -53 -70 / 42 54 -70 -74 -82 / 43 55 -70 -74 -79 / 42 54 70 73 81 / 41 53 -70 -82 / 40 52 70 / 73 -34 -46 / 41 53 75 / 77 -41 -53 / 43 55 75 / 72 -43 -55 / 45 57 -72 / 67 -45 -57 / 46 58 70 / 65 77 -46 -58 / 53 58 62 79 -77 / 41 53 70 74 82 / 34 46 70 74 77 82 <END> 
<S> 41 53 70 82 / 74 -41 -53 / 56 58 62 73 / 77 -56 -58 -62 / 34 46 74 / 77 -34 -46 / 56 58 62 68 74 / 75 -56 -58 -62 / 51 63 67 75 / 34 46 -67 -75 / 70 75 -34 -46 / 46 58 67 72 / 73 -46 -58 / 51 55 61 -73 / 70 -51 -55 -61 / 39 51 61 73 / 67 -39 -51 <END> 
<S> 0 46 58 / 67 70 -46 -58 / 51 55 61 -67 -70 / 67 70 -51 -55 -61 / 39 51 -67 -73 / 66 75 -39 -51 / 51 55 61 70 73 / 67 70 -51 -55 -61 / 39 51 -67 -70 / 68 -39 -51 / 51 55 61 70 / 71 -51 -55 -61 / 43 55 74 / 75 -43 -55 / 42 54 75 / 72 -42 -54 <END> 
<S> 39 51 -67 -70 / 75 -39 -51 / 55 58 63 79 / 75 -55 -58 -63 / 39 51 79 / 82 -39 -51 / 40 52 -82 / 82 -40 -52 / 42 54 75 81 / 82 -42 -54 -75 / 0 39 51 / 82 -39 -51 / 55 58 63 75 / 75 -55 -58 -63 / 43 55 70 / 79 -43 -55 / 44 56 77 / 75 -44 -56 <END> 
<S> 39 51 -70 -82 / 75 79 -39 -51 / 51 55 61 70 82 / 72 84 -51 -55 -61 / 39 51 -72 -84 / 70 82 -39 -51 / 55 58 63 -70 -82 / 75 -55 -58 -63 / 43 55 70 75 / 75 -43 -55 -70 / 39 51 70 75 / 41 53 -70 -82 / 46 58 -70 -82 / 46 58 77 / 45 -58 -62 <END> 
<S> 39 51 75 79 / 55 58 63 -75 -79 / 77 81 -55 -58 -63 / 39 51 72 79 / 72 77 80 89 / 55 58 61 -72 -78 -81 / 79 82 -55 -58 -61 / 39 51 -76 -79 / 72 -39 -51 / 55 58 63 75 / 82 -55 -58 -63 / 43 55 70 / 75 -43 -55 / 42 54 70 / 73 -42 -54 <END> 
<S> 39 51 -72 -75 / 78 -39 -51 / 51 56 60 72 / 75 -51 -56 -60 / 55 56 60 72 / 75 -55 -60 / 39 51 -75 / 69 72 -39 -51 / 51 54 70 / 72 -51 -51 / 43 55 73 / 67 73 -43 -55 / 55 58 62 -67 -73 / 70 -55 -58 -62 / 41 53 74 / 72 -41 -53 / 56 60 62 -72 / 72 -56 -60 -62 <END> 
<S> 39 51 70 -67 / 72 -39 -51 -67 / 39 51 70 72 / 73 -39 -51 -67 / 34 46 70 74 / 71 83 -34 -46 / 73 -40 -46 / 75 82 -46 / 0 44 74 77 80 / 0 75 78 / 0 72 75 / 0 55 58 63 75 79 / 0 75 -55 -58 -63 / 39 51 75 79 / 77 -39 -51 / 55 58 63 75 / 73 -55 -58 -63 <END> 
<S> 39 51 67 75 / 55 58 63 75 / 34 46 75 / 67 79 -46 / 55 58 63 67 75 / 75 -55 -58 -63 / 51 67 70 / 67 70 -51 / 55 58 63 -67 -70 / 67 -55 -58 -63 / 46 58 70 / 82 -46 / 55 58 63 79 / 41 -55 -58 -63 <END> 
<S> 51 67 79 / 55 58 63 67 75 / 77 -55 -58 -63 / 46 67 72 / 73 -46 / 55 58 63 75 / 67 70 -55 -58 -63 / 46 -67 -75 / 72 -46 / 54 58 63 70 / 75 -54 -58 -63 <END> 
<S> 39 51 67 / 75 -39 -51 / 58 63 66 75 / 75 -58 -63 -66 / 44 56 68 / 72 80 -44 -56 / 56 58 62 73 / 68 -56 -58 -62 / 39 51 68 / 72 -39 -51 / 56 60 -72 / 70 -56 -60 / 39 51 67 / 70 -39 -51 / 51 56 61 68 / 70 73 -51 -56 -61 <END> 
<S> 39 51 -67 -72 / 75 -39 -51 / 51 55 60 70 82 / 72 -51 -55 -60 / 39 51 70 / 72 -39 -51 / 39 51 66 / 70 -39 -51 / 51 55 60 72 / 67 -51 -55 -60 / 52 55 60 65 / 67 -52 -55 -60 / 39 51 -60 -67 / 69 -39 -51 / 41 53 70 / 72 -41 -53 / 39 51 75 / 72 -39 -51 <END> 
<S> 39 51 -67 -72 / 70 -39 -51 / 39 51 70 72 / 0 70 82 / 0 67 -82 / 0 63 65 / 0 64 / 0 63 65 / 0 60 64 / 0 63 / 0 63 / 0 63 / 0 60 66 / 0 63 66 / 0 63 67 / 0 63 66 75 / 0 66 78 <END> 
<S> 0 65 69 / 0 65 77 / 47 59 62 68 / 63 66 -59 -62 / 0 60 -66 / 0 -60 / 0 48 / 0 45 / 0 57 60 / 0 65 / 52 64 / 64 -52 / 53 65 / 55 64 <END> 
<S> 52 60 64 69 / 43 55 -60 -64 / 55 -60 -64 / 0 64 / 0 66 / 67 71 / 67 71 / 66 69 / 64 67 / 66 69 / 60 64 67 <END> 
<S> 67 71 / 68 75 / 62 69 75 / 46 74 86 / 45 57 -74 -77 / 47 62 -74 -77 / 45 57 63 72 78 81 <END> 
<S> 53 69 72 81 / 57 60 65 -69 -72 -77 / 45 57 72 / 77 -45 -57 / 57 60 65 81 / 86 -57 -60 -65 <END> 
<S> 41 53 69 74 77 / 45 -69 -74 -77 / 48 -69 -74 -77 / 68 74 -48 / 53 57 63 69 72 74 / 69 75 -53 -57 -63 -63 / 41 53 -69 -72 / 70 -41 -53 / 41 53 -70 -75 / 77 -41 -53 -69 <END> 
<S> 48 69 75 / 68 70 -48 / 53 57 63 69 72 / 69 72 -53 -57 -63 / 34 -69 -72 / 70 70 / 52 58 -70 -70 / 46 -70 / 53 58 62 70 74 / 70 74 -48 -58 -62 / 46 58 -70 -74 / 70 -46 -58 / 41 53 74 / 73 -41 -53 <END> 
<S> 43 55 70 / 74 -43 -55 / 44 56 71 / 74 -44 -56 / 45 57 72 77 / 81 -45 -57 -66 / 51 56 60 72 78 / 40 52 72 79 / 80 -40 -52 / 55 60 64 79 / 67 -55 -60 -64 / 39 -67 / 66 72 / 55 60 64 68 / 72 -55 -60 -64 <END> 
<S> 43 55 70 76 / 71 75 -43 -55 / 42 54 -71 -77 / 73 -42 -54 / 39 51 72 78 / 74 -39 -51 / 38 50 72 80 / 70 -38 -50 / 39 51 68 / 72 -39 -51 / 51 56 60 72 / 70 -51 -56 -60 / 44 56 68 72 / 72 -44 -56 / 51 56 60 75 / 77 -51 -56 -60 <END> 
