(0, 0, 1, 0.5, [60, 64, 67])
(1, 0.5, 1, 0.5, [60, 54, 57, 72, 63, 72])
(1, 1, 1.5, 0.25, [57, 0, 69, 0])
(1, 1.25, 1.75, 0.25, [56, 0, 68, 0])
(1, 1.5, 2, 0.25, [57, 0, 69, 0])
(1, 1.75, 2.25, 0.25, [59, 0, 71, 0])
(1, 2, 2.5, 0.5, [60, 55, 72, 64])
(2, 2.5, 1, 0.25, [-55, -60, -64, -72])
(2, 2.75, 1.25, 0.25, [55, 67])
(2, 3, 1.5, 0.25, [52, 64])
(2, 3.25, 1.75, 0.25, [51, 63])
(2, 3.5, 2, 0.25, [52, 64])
(2, 3.75, 2.25, 0.25, [53, 65])
(2, 4, 2.5, 0.5, [55, 67])
(3, 4.5, 1, 0.25, [-55, -67])
(3, 4.75, 1.25, 0.25, [53, 65])
(3, 5, 1.5, 0.25, [50, 62])
(3, 5.25, 1.75, 0.25, [49, 61])
(3, 5.5, 2, 0.25, [52, 64])
(3, 5.75, 2.25, 0.25, [50, 62])
(3, 6, 2.5, 0.25, [47, 59])
(3, 6.25, 2.75, 0.25, [45, 57])
(4, 6.5, 1, 0.5, [43, 55])
(4, 7, 1.5, 0.5, [0, 0])
(4, 7.5, 2, 0.5, [31, 43, 67, 71, 74, 79])
(4, 8, 2.5, 0.5, [0, 67])
(5, 8.5, 1, 0.25, [48, 67, 76])
(5, 8.75, 1.25, 0.25, [-48, 66, 75])
(5, 9, 1.5, 0.25, [55, 60, 64, 67, 76])
(5, 9.25, 1.75, 0.25, [-55, -60, -64, 64, 72])
(5, 9.5, 2, 0.25, [43, -64, -72])
(5, 9.75, 2.25, 0.25, [-43, 64])
(5, 10, 2.5, 0.25, [55, 60, 64, 65])
(5, 10.25, 2.75, 0.25, [-55, -60, -64, 66])
(6, 10.5, 1, 0.25, [48, 67])
(6, 10.75, 1.25, 0.25, [-48, 72])
(6, 11, 1.5, 0.25, [55, 60, 64, 76])
(6, 11.25, 1.75, 0.25, [-55, -60, -64, 67, 76, 79])
(6, 11.5, 2, 0.25, [43, -67, -76, -79])
(6, 11.75, 2.25, 0.25, [-43, 66, 75, 78])
(6, 12, 2.5, 0.5, [55, 60, 64, 67, 76, 79])
(7, 12.5, 1, 0.25, [48, 67, 76])
(7, 12.75, 1.25, 0.25, [-48, 66, 75])
(7, 13, 1.5, 0.25, [55, 60, 64, 67, 76])
(7, 13.25, 1.75, 0.25, [-55, -60, -64, 64, 72])
(7, 13.5, 2, 0.25, [43, -64, -72])
(7, 13.75, 2.25, 0.25, [-43, 64])
(7, 14, 2.5, 0.25, [55, 60, 64, 65])
(7, 14.25, 2.75, 0.25, [-55, -60, -64, 66])
(8, 14.5, 1, 0.25, [48, 67])
(8, 14.75, 1.25, 0.25, [-48, 72])
(8, 15, 1.5, 0.25, [55, 60, 64, 76])
(8, 15.25, 1.75, 0.25, [-55, -60, -64, 67, 76, 79])
(8, 15.5, 2, 0.25, [43, -67, -76, -79])
(8, 15.75, 2.25, 0.25, [-43, 66, 75, 78])
(8, 16, 2.5, 0.5, [55, 60, 64, 67, 76, 79])
(9, 16.5, 1, 0.25, [50, 67, 79])
(9, 16.75, 1.25, 0.25, [-50, 68, 77, 80])
(9, 17, 1.5, 0.25, [55, 59, 65, 69, 77, 81])
(9, 17.25, 1.75, 0.25, [-55, -59, -65, 71, 77, 83])
(9, 17.5, 2, 0.25, [43, -71, -77, -83])
(9, 17.75, 2.25, 0.25, [-43, 67, 77, 79])
(9, 18, 2.5, 0.25, [55, 59, 65, 69, 77, 81])
(9, 18.25, 2.75, 0.25, [-55, -59, -65, 71, 77, 83])
(10, 18.5, 1, 0.25, [48, 72, 76, 84])
(10, 18.75, 1.25, 0.25, [-48, 71, 76, 83])
(10, 19, 1.5, 0.25, [55, 60, 64, 72, 76, 84])
(10, 19.25, 1.75, 0.25, [-55, -60, -64, 76, 79, 88])
(10, 19.5, 2, 0.25, [49, -76, -79, -88])
(10, 19.75, 2.25, 0.25, [-49, 75, 87])
(10, 20, 2.5, 0.5, [58, 67, 76, 88])
(11, 20.5, 1, 0.25, [50, 88])
(11, 20.75, 1.25, 0.25, [-50, 86])
(11, 21, 1.5, 0.25, [59, 62, 67, 85])
(11, 21.25, 1.75, 0.25, [-59, -62, -67, 86])
(11, 21.5, 2, 0.25, [50, -86])
(11, 21.75, 2.25, 0.25, [-50, 76, 85])
(11, 22, 2.5, 0.25, [60, 62, 66, 74, 83])
(11, 22.25, 2.75, 0.25, [-60, -62, -66, 72, 81])
(12, 22.5, 1, 0.5, [62, 67, 55, 71, 79])
(12, 23, 1.5, 0.25, [-62, -67, 53, -71, -79])
(12, 23.25, 1.75, 0.25, [-62, -67, 50, -71, -79])
(12, 23.5, 2, 0.25, [-62, -67, -50, -71, -79])
(12, 23.75, 2.25, 0.25, [-62, -67, 47, -71, -79])
(12, 24, 2.5, 0.5, [0, 43, 67, 71, 74, 77])
(13, 24.5, 1, 0.25, [48, 67, 72, 76])
(13, 24.75, 1.25, 0.25, [-48, 66, 75])
(13, 25, 1.5, 0.25, [55, 60, 64, 67, 76])
(13, 25.25, 1.75, 0.25, [-55, -60, -64, 64, 72])
(13, 25.5, 2, 0.25, [43, -64, -72])
(13, 25.75, 2.25, 0.25, [-43, 64])
(13, 26, 2.5, 0.25, [55, 60, 64, 65])
(13, 26.25, 2.75, 0.25, [-55, -60, -64, 66])
(14, 26.5, 1, 0.25, [48, 67])
(14, 26.75, 1.25, 0.25, [-48, 72])
(14, 27, 1.5, 0.25, [55, 60, 64, 76])
(14, 27.25, 1.75, 0.25, [-55, -60, -64, 67, 76, 79])
(14, 27.5, 2, 0.25, [43, -67, -76, -79])
(14, 27.75, 2.25, 0.25, [-43, 66, 75, 78])
(14, 28, 2.5, 0.5, [55, 60, 64, 67, 76, 79])
(15, 28.5, 1, 0.25, [48, 67, 76])
(15, 28.75, 1.25, 0.25, [-48, 65, 74])
(15, 29, 1.5, 0.25, [55, 60, 64, 67, 76])
(15, 29.25, 1.75, 0.25, [-55, -60, -64, 67])
(15, 29.5, 2, 0.25, [49, 67])
(15, 29.75, 2.25, 0.25, [-49, 70])
(15, 30, 2.5, 0.25, [55, 57, 64, 69])
(15, 30.25, 2.75, 0.25, [-55, -57, -64, 68])
(16, 30.5, 1, 0.25, [50, 69])
(16, 30.75, 1.25, 0.25, [-50, 74])
(16, 31, 1.5, 0.25, [53, 57, 62, 77])
(16, 31.25, 1.75, 0.25, [-53, -57, -62, 69, 77, 81])
(16, 31.5, 2, 0.25, [53, -69, -77, -81])
(16, 31.75, 2.25, 0.25, [-53, 77])
(16, 32, 2.5, 0.25, [57, 62, 74])
(16, 32.25, 2.75, 0.25, [-57, -62, 69])
(17, 32.5, 1, 0.5, [60, 54, 57, 72, 63, 72])
(17, 33, 1.5, 0.25, [57, 0, 69, 0])
(17, 33.25, 1.75, 0.25, [56, 0, 68, 0])
(17, 33.5, 2, 0.25, [57, 0, 69, 0])
(17, 33.75, 2.25, 0.25, [59, 0, 71, 0])
(17, 34, 2.5, 0.5, [60, 55, 72, 64])
(18, 34.5, 1, 0.25, [-55, -60, -64, -72])
(18, 34.75, 1.25, 0.25, [55, 67])
(18, 35, 1.5, 0.25, [52, 64])
(18, 35.25, 1.75, 0.25, [51, 63])
(18, 35.5, 2, 0.25, [52, 64])
(18, 35.75, 2.25, 0.25, [53, 65])
(18, 36, 2.5, 0.5, [55, 67])
(19, 36.5, 1, 0.25, [-55, -67])
(19, 36.75, 1.25, 0.25, [53, 65])
(19, 37, 1.5, 0.25, [50, 62])
(19, 37.25, 1.75, 0.25, [49, 61])
(19, 37.5, 2, 0.25, [52, 64])
(19, 37.75, 2.25, 0.25, [50, 62])
(19, 38, 2.5, 0.25, [47, 59])
(19, 38.25, 2.75, 0.25, [45, 57])
(20, 38.5, 1, 0.5, [43, 55])
(20, 39, 1.5, 0.5, [0, 0])
(20, 39.5, 2, 0.5, [31, 43, 67, 71, 74, 79])
(20, 40, 2.5, 0.5, [0, 67])
(21, 40.5, 1, 0.25, [54, 57, 60, 63, 69])
(21, 40.75, 1.25, 0.25, [-54, -57, -60, -63, 68])
(21, 41, 1.5, 0.25, [0, 69])
(21, 41.25, 1.75, 0.25, [0, 71])
(21, 41.5, 2, 0.25, [54, 57, 60, 63, 72])
(21, 41.75, 2.25, 0.25, [-54, -57, -60, -63, 71])
(21, 42, 2.5, 0.25, [0, 72])
(21, 42.25, 2.75, 0.25, [0, 74])
(22, 42.5, 1, 0.5, [55, 60, 64, 76])
(22, 43, 1.5, 0.5, [45, 57, 67, 73, 77])
(22, 43.5, 2, 0.5, [33, 45, -67, -73, -77])
(22, 44, 2.5, 0.5, [-33, -45, 67, 73, 76])
(23, 44.5, 1, 0.5, [38, 50, 66, 72, 76])
(23, 45, 1.5, 0.5, [43, 55, 65, 71, 76])
(23, 45.5, 2, 0.5, [31, 43, -65, -71, -76])
(23, 46, 2.5, 0.5, [-31, -43, 65, 71, 74])
(24, 46.5, 1, 0.5, [36, 48, 64, 72])
(24, 47, 1.5, 0.5, [0, 0])
(24, 47.5, 2, 0.5, [36, 48, 76, 84])
(24, 48, 2.5, 0.5, [0, 0])
(25, 48.5, 1, 0.5, [41, 69, 77, 81])
(25, 49, 1.5, 0.5, [57, 60, 65, 72, 81, 84])
(25, 49.5, 2, 0.5, [45, -72, -81, -84])
(25, 50, 2.5, 0.5, [57, 60, 65, 69, 77, 81])
(26, 50.5, 1, 0.5, [48, 69, 77, 81])
(26, 51, 1.5, 0.5, [55, 60, 64, 67, 76, 79])
(26, 51.5, 2, 0.5, [52, -67, -76, -79])
(26, 52, 2.5, 0.5, [55, 60, 64, -67, -76, -79])
(27, 52.5, 1, 0.25, [43, 74, 77])
(27, 52.75, 1.25, 0.25, [-43, 72, 76])
(27, 53, 1.5, 0.25, [55, 59, 65, 71, 74])
(27, 53.25, 1.75, 0.25, [-55, -59, -65, 72, 76])
(27, 53.5, 2, 0.25, [47, 74, 77])
(27, 53.75, 2.25, 0.25, [-47, 77, 81])
(27, 54, 2.5, 0.25, [55, 59, 65, -77, -81])
(27, 54.25, 2.75, 0.25, [-55, -59, -65, 77, 81])
(28, 54.5, 1, 0.25, [48, 76, 79])
(28, 54.75, 1.25, 0.25, [-48, 74, 77])
(28, 55, 1.5, 0.25, [55, 60, 64, 72, 76])
(28, 55.25, 1.75, 0.25, [-55, -60, -64, 74, 77])
(28, 55.5, 2, 0.25, [48, 76, 79])
(28, 55.75, 2.25, 0.25, [-48, 76, 84])
(28, 56, 2.5, 0.25, [55, 60, 64, -76, -84])
(28, 56.25, 2.75, 0.25, [-55, -60, -64, 76, 84])
(29, 56.5, 1, 0.5, [41, 69, 77, 81])
(29, 57, 1.5, 0.5, [57, 60, 65, 72, 81, 84])
(29, 57.5, 2, 0.5, [45, -72, -81, -84])
(29, 58, 2.5, 0.5, [57, 60, 65, 69, 77, 81])
(30, 58.5, 1, 0.5, [48, 69, 77, 81])
(30, 59, 1.5, 0.5, [55, 60, 64, 67, 76, 79])
(30, 59.5, 2, 0.5, [52, -67, -76, -79])
(30, 60, 2.5, 0.5, [55, 60, 64, -67, -76, -79])
(31, 60.5, 1, 0.25, [45, 57, 72, 76, 84])
(31, 60.75, 1.25, 0.25, [-45, -57, 71, 76, 83])
(31, 61, 1.5, 0.25, [57, 60, 64, 69, 76, 81])
(31, 61.25, 1.75, 0.25, [-57, -60, -64, 71, 76, 83])
(31, 61.5, 2, 0.25, [41, 53, 72, 81, 84])
(31, 61.75, 2.25, 0.25, [-41, -53, 73, 81, 85])
(31, 62, 2.5, 0.25, [41, 53, 74, 81, 83, 86])
(31, 62.25, 2.75, 0.25, [-41, -53, 75, 81, 83, 87])
(32, 62.5, 1, 0.5, [40, 52, 76, 80, 83, 88])
(32, 63, 1.5, 0.5, [0, 0])
(32, 63.5, 2, 1, [48, 60, 70, 76, 79])
(33, 64.5, 1, 0.5, [41, 69, 77, 81])
(33, 65, 1.5, 0.5, [57, 60, 65, 72, 81, 84])
(33, 65.5, 2, 0.5, [45, -72, -81, -84])
(33, 66, 2.5, 0.5, [57, 60, 65, 69, 77, 81])
(34, 66.5, 1, 0.5, [48, 69, 77, 81])
(34, 67, 1.5, 0.5, [55, 60, 64, 67, 76, 79])
(34, 67.5, 2, 0.5, [52, -67, -76, -79])
(34, 68, 2.5, 0.5, [55, 60, 64, -67, -76, -79])
(35, 68.5, 1, 0.25, [43, 74, 77])
(35, 68.75, 1.25, 0.25, [-43, 72, 76])
(35, 69, 1.5, 0.25, [55, 59, 65, 71, 74])
(35, 69.25, 1.75, 0.25, [-55, -59, -65, 72, 76])
(35, 69.5, 2, 0.25, [47, 74, 77])
(35, 69.75, 2.25, 0.25, [-47, 77, 81])
(35, 70, 2.5, 0.25, [55, 59, 65, -77, -81])
(35, 70.25, 2.75, 0.25, [-55, -59, -65, 77, 81])
(36, 70.5, 1, 0.25, [48, 76, 79])
(36, 70.75, 1.25, 0.25, [-48, 74, 77])
(36, 71, 1.5, 0.25, [55, 60, 64, 72, 76])
(36, 71.25, 1.75, 0.25, [-55, -60, -64, 74, 77])
(36, 71.5, 2, 0.25, [52, 76, 79])
(36, 71.75, 2.25, 0.25, [-52, 76, 84])
(36, 72, 2.5, 0.25, [55, 60, 64, -76, -84])
(36, 72.25, 2.75, 0.25, [-55, -60, -64, 76, 84])
(37, 72.5, 1, 0.5, [53, 74, 86])
(37, 73, 1.5, 0.5, [57, 60, 62, 74, 86])
(37, 73.5, 2, 0.25, [54, -74, -86])
(37, 73.75, 2.25, 0.25, [-54, 84])
(37, 74, 2.5, 0.25, [57, 60, 63, 83])
(37, 74.25, 2.75, 0.25, [-57, -60, -63, 81])
(38, 74.5, 1, 0.5, [55, 76, 81])
(38, 75, 1.5, 0.5, [60, 64, 76, 79])
(38, 75.5, 2, 0.25, [52, -76, -79])
(38, 75.75, 2.25, 0.25, [-52, 72])
(38, 76, 2.5, 0.25, [55, 60, 64, 74])
(38, 76.25, 2.75, 0.25, [-55, -60, -64, 76])
(39, 76.5, 1, 0.5, [50, 71, 79])
(39, 77, 1.5, 0.5, [55, 62, 71, 77])
(39, 77.5, 2, 0.5, [43, 55, -71, -77])
(39, 78, 2.5, 0.5, [-43, -55, 65, 67, 71])
(40, 78.5, 1, 0.5, [36, 48, 64, 67, 72])
(40, 79, 1.5, 0.25, [0, 67, 79])
(40, 79.25, 1.75, 0.25, [0, 67, 79])
(40, 79.5, 2, 0.5, [0, 67, 79])
(40, 80, 2.5, 0.5, [0, 67, 79])
(41, 80.5, 1, 0.5, [36, 48, 64, 67, 72])
(41, 81, 1.5, 0.5, [0, 0])
(41, 81.5, 2, 0.5, [36, 48, 76, 84])
(41, 82, 2.5, 0.5, [0, 0])
(42, 82.5, 1, 0.5, [44, 56, 72, 75, 84])
(42, 83, 1.5, 0.5, [51, 56, 60, 72, 75, 84])
(42, 83.5, 2, 0.25, [39, 51, -72, -75, -84])
(42, 83.75, 2.25, 0.25, [-39, -51, 75])
(42, 84, 2.5, 0.25, [51, 56, 60, 80])
(42, 84.25, 2.75, 0.25, [-51, -56, -60, 82])
(43, 84.5, 1, 0.25, [44, 56, 72, 75, 84])
(43, 84.75, 1.25, 0.25, [-44, -56, 72, 75, 84])
(43, 85, 1.5, 0.25, [51, 56, 60, -72, -75, -84])
(43, 85.25, 1.75, 0.25, [-51, -56, -60, 72, 75, 84])
(43, 85.5, 2, 0.25, [39, 51, -72, -75, -84])
(43, 85.75, 2.25, 0.25, [-39, -51, 72, 84])
(43, 86, 2.5, 0.25, [51, 56, 60, 73, 85])
(43, 86.25, 2.75, 0.25, [-51, -56, -60, 75, 87])
(44, 86.5, 1, 0.5, [37, 49, 77, 80, 89])
(44, 87, 1.5, 0.5, [53, 56, 61, 77, 80, 89])
(44, 87.5, 2, 0.25, [37, 49, -77, -80, -89])
(44, 87.75, 2.25, 0.25, [-37, -49, 77, 80, 89])
(44, 88, 2.5, 0.25, [53, 56, 61, 75, 79, 87])
(44, 88.25, 2.75, 0.25, [-53, -56, -61, 73, 77, 85])
(45, 88.5, 1, 0.25, [44, 56, 72, 75, 84])
(45, 88.75, 1.25, 0.25, [-44, -56, 72, 75, 84])
(45, 89, 1.5, 0.25, [51, 56, 60, -72, -75, -84])
(45, 89.25, 1.75, 0.25, [-51, -56, -60, 72, 75, 84])
(45, 89.5, 2, 0.25, [39, 51, -72, -75, -84])
(45, 89.75, 2.25, 0.25, [-39, -51, 72, 84])
(45, 90, 2.5, 0.25, [51, 56, 60, 70, 82])
(45, 90.25, 2.75, 0.25, [-51, -56, -60, 68, 80])
(46, 90.5, 1, 0.5, [46, 58, 67, 73, 79])
(46, 91, 1.5, 0.5, [51, 58, 61, 67, 73, 79])
(46, 91.5, 2, 0.25, [39, 51, -67, -73, -79])
(46, 91.75, 2.25, 0.25, [-39, -51, 63, 75])
(46, 92, 2.5, 0.25, [51, 58, 61, 65, 77])
(46, 92.25, 2.75, 0.25, [-51, -58, -61, 67, 79])
(47, 92.5, 1, 0.25, [44, 56, 68, 72, 80])
(47, 92.75, 1.25, 0.25, [-44, -56, 68, 72, 80])
(47, 93, 1.5, 0.25, [51, 56, 60, -68, -72, -80])
(47, 93.25, 1.75, 0.25, [-51, -56, -60, 68, 72, 80])
(47, 93.5, 2, 0.25, [39, 51, -68, -72, -80])
(47, 93.75, 2.25, 0.25, [-39, -51, 72, 84])
(47, 94, 2.5, 0.25, [51, 56, 60, 70, 82])
(47, 94.25, 2.75, 0.25, [-51, -56, -60, 68, 80])
(48, 94.5, 1, 0.5, [37, 49, 65, 70, 77])
(48, 95, 1.5, 0.5, [34, 46, 73, 77, 85])
(48, 95.5, 2, 0.25, [39, 51, -73, -77, -85])
(48, 95.75, 2.25, 0.25, [-39, -51, 73, 85])
(48, 96, 2.5, 0.25, [51, 55, 61, 72, 84])
(48, 96.25, 2.75, 0.25, [-51, -55, -61, 70, 82])
(49, 96.5, 1, 0.5, [56, 60, 68, 80])
(49, 97, 1.5, 0.25, [0, 68, 80])
(49, 97.25, 1.75, 0.25, [0, 68, 80])
(49, 97.5, 2, 0.5, [0, 68, 80])
(49, 98, 2.5, 0.5, [0, 70, 82])
(50, 98.5, 1, 0.5, [52, 71, 83])
(50, 99, 1.5, 0.5, [56, 59, 71, 83])
(50, 99.5, 2, 0.25, [52, -71, -83])
(50, 99.75, 2.25, 0.25, [-52, 64, 76])
(50, 100, 2.5, 0.25, [56, 59, 68, 80])
(50, 100.25, 2.75, 0.25, [-56, -59, 71, 83])
(51, 100.5, 1, 0.25, [51, 66, 71, 75, 78])
(51, 100.75, 1.25, 0.25, [-51, 66, 71, 75, 78])
(51, 101, 1.5, 0.25, [54, 59, -66, -71, -75, -78])
(51, 101.25, 1.75, 0.25, [-54, -59, 66, 71, 75, 78])
(51, 101.5, 2, 0.25, [46, -66, 71, -75, -78])
(51, 101.75, 2.25, 0.25, [-46, 66, 78])
(51, 102, 2.5, 0.25, [51, 54, 59, 71, 83])
(51, 102.25, 2.75, 0.25, [-51, -54, -59, 75, 87])
(52, 102.5, 1, 0.5, [42, 73, 85])
(52, 103, 1.5, 0.5, [52, 54, 58, 73, 85])
(52, 103.5, 2, 0.25, [42, -73, -85])
(52, 103.75, 2.25, 0.25, [-42, 66, 78])
(52, 104, 2.5, 0.25, [52, 54, 58, 68, 80])
(52, 104.25, 2.75, 0.25, [-52, -54, -58, 70, 82])
(53, 104.5, 1, 0.5, [47, 51, 54, 59, 71, 83])
(53, 105, 1.5, 0.25, [0, 71, 83])
(53, 105.25, 1.75, 0.25, [0, 71, 83])
(53, 105.5, 2, 0.5, [0, 71, 83])
(53, 106, 2.5, 0.5, [0, 71, 83])
(54, 106.5, 1, 0.5, [51, 71, 83])
(54, 107, 1.5, 0.5, [56, 59, 71, 83])
(54, 107.5, 2, 0.25, [51, -71, -83])
(54, 107.75, 2.25, 0.25, [-51, 64, 76])
(54, 108, 2.5, 0.25, [56, 59, 68, 80])
(54, 108.25, 2.75, 0.25, [-56, -59, 71, 83])
(55, 108.5, 1, 0.25, [51, 72, 75, 84])
(55, 108.75, 1.25, 0.25, [-51, 72, 75, 84])
(55, 109, 1.5, 0.25, [51, 56, 60, -72, -75, -84])
(55, 109.25, 1.75, 0.25, [-51, -56, -60, 72, 75, 84])
(55, 109.5, 2, 0.25, [51, -72, -75, -84])
(55, 109.75, 2.25, 0.25, [-51, 72, 84])
(55, 110, 2.5, 0.25, [56, 60, 70, 82])
(55, 110.25, 2.75, 0.25, [-56, -60, 68, 80])
(56, 110.5, 1, 0.5, [39, 51, 67, 73, 79])
(56, 111, 1.5, 0.5, [51, 55, 61, 75, 87])
(56, 111.5, 2, 0.25, [39, 51, -75, -87])
(56, 111.75, 2.25, 0.25, [-39, -51, 73, 85])
(56, 112, 2.5, 0.25, [51, 55, 61, 72, 84])
(56, 112.25, 2.75, 0.25, [-51, -55, -61, 70, 82])
(57, 112.5, 1, 0.5, [56, 60, 68, 80])
(57, 113, 1.5, 0.25, [0, 75])
(57, 113.25, 1.75, 0.25, [0, 75])
(57, 113.5, 2, 0.5, [0, 75])
(57, 114, 2.5, 0.5, [0, 75])
(58, 114.5, 1, 0.5, [56, 60, 68, 80])
(58, 115, 1.5, 0.25, [0, 68, 80])
(58, 115.25, 1.75, 0.25, [0, 68, 80])
(58, 115.5, 2, 0.5, [49, 53, 56, 61, 68, 80])
(58, 116, 2.5, 0.5, [-49, -53, -56, -61, 68, 80])
(59, 116.5, 1, 0.5, [48, 53, 57, 69, 81])
(59, 117, 1.5, 0.5, [53, 65, 77, 89])
(59, 117.5, 2, 0.25, [-53, -65, -77, -89])
(59, 117.75, 2.25, 0.25, [52, 64, 76, 88])
(59, 118, 2.5, 0.25, [50, 62, 74, 86])
(59, 118.25, 2.75, 0.25, [48, 60, 72, 84])
(60, 118.5, 1, 0.25, [40, 52, 67, 79])
(60, 118.75, 1.25, 0.25, [41, 53, 69, 81])
(60, 119, 1.5, 0.5, [43, 55, 70, 82])
(60, 119.5, 2, 0.25, [-43, -55, -70, -82])
(60, 119.75, 2.25, 0.25, [36, 48, 70, 74, 82])
(60, 120, 2.5, 0.25, [38, 50, 69, 72, 81])
(60, 120.25, 2.75, 0.25, [40, 52, 67, 70, 79])
(61, 120.5, 1, 0.5, [41, 53, 65, 69, 77])
(61, 121, 1.5, 1, [37, 49, 65, 68, 73, 77])
(61, 122, 2.5, 0.5, [37, 49, 65, 68, 73, 77])
(62, 122.5, 1, 0.5, [41, 53, 65, 69, 72, 77])
(62, 123, 1.5, 0.5, [0, 0])
(62, 123.5, 2, 0.5, [29, 41, 77, 80, 84, 89])
(62, 124, 2.5, 0.5, [0, 0])
(63, 124.5, 1, 0.5, [52, 67, 70])
(63, 125, 1.5, 0.25, [55, 58, 60, -67, -70])
(63, 125.25, 1.75, 0.25, [-55, -58, -60, 72])
(63, 125.5, 2, 0.5, [48, 67, 70])
(63, 126, 2.5, 0.25, [55, 58, 60, -67, -70])
(63, 126.25, 2.75, 0.25, [-55, -58, -60, 72])
(64, 126.5, 1, 0.25, [52, 0])
(64, 126.75, 1.25, 0.25, [-52, 76])
(64, 127, 1.5, 0.25, [55, 58, 60, 74])
(64, 127.25, 1.75, 0.25, [-55, -58, -60, 72])
(64, 127.5, 2, 0.25, [48, 70])
(64, 127.75, 2.25, 0.25, [-48, 69])
(64, 128, 2.5, 0.25, [55, 58, 60, 70])
(64, 128.25, 2.75, 0.25, [-55, -58, -60, 67])
(65, 128.5, 1, 0.5, [53, 65, 69])
(65, 129, 1.5, 0.25, [57, 60, -65, -69])
(65, 129.25, 1.75, 0.25, [-57, -60, 72])
(65, 129.5, 2, 0.75, [48, 65, 69])
(65, 130.25, 2.75, 0.25, [-48, 72])
(66, 130.5, 1, 0.25, [53, 0])
(66, 130.75, 1.25, 0.25, [-53, 77])
(66, 131, 1.5, 0.25, [57, 60, 76])
(66, 131.25, 1.75, 0.25, [-57, -60, 74])
(66, 131.5, 2, 0.25, [48, 72])
(66, 131.75, 2.25, 0.25, [-48, 71])
(66, 132, 2.5, 0.25, [57, 60, 72])
(66, 132.25, 2.75, 0.25, [-57, -60, 69])
(67, 132.5, 1, 0.5, [55, 70, 81])
(67, 133, 1.5, 0.25, [58, 60, 64, -70, -81])
(67, 133.25, 1.75, 0.25, [-58, -60, -64, 79])
(67, 133.5, 2, 0.5, [48, 70])
(67, 134, 2.5, 0.5, [58, 60, 64, -70])
(68, 134.5, 1, 0.25, [55, -70])
(68, 134.75, 1.25, 0.25, [-55, 72])
(68, 135, 1.5, 0.25, [-55, 70, 76])
(68, 135.25, 1.75, 0.25, [-55, 72])
(68, 135.5, 2, 0.25, [48, 74])
(68, 135.75, 2.25, 0.25, [-48, 76])
(68, 136, 2.5, 0.25, [-48, 74])
(68, 136.25, 2.75, 0.25, [-48, 72])
(69, 136.5, 1, 0.5, [53, 69, 79])
(69, 137, 1.5, 0.25, [57, 65, -69, -79])
(69, 137.25, 1.75, 0.25, [-57, -65, 77])
(69, 137.5, 2, 0.5, [48, 69])
(69, 138, 2.5, 0.5, [57, 60, 65, -69])
(70, 138.5, 1, 0.25, [53, -69])
(70, 138.75, 1.25, 0.25, [-53, 69])
(70, 139, 1.5, 0.25, [57, 60, 65, 74])
(70, 139.25, 1.75, 0.25, [-57, -60, -65, 69])
(70, 139.5, 2, 0.25, [48, 72])
(70, 139.75, 2.25, 0.25, [-48, 74])
(70, 140, 2.5, 0.25, [57, 60, 65, 72])
(70, 140.25, 2.75, 0.25, [-57, -60, -65, 69])
(71, 140.5, 1, 0.5, [52, 67, 70])
(71, 141, 1.5, 0.25, [55, 58, 60, -67, -70])
(71, 141.25, 1.75, 0.25, [-55, -58, -60, 72])
(71, 141.5, 2, 0.5, [48, 67, 70])
(71, 142, 2.5, 0.25, [55, 58, 60, -67, -70])
(71, 142.25, 2.75, 0.25, [-55, -58, -60, 72])
(72, 142.5, 1, 0.25, [52, 0])
(72, 142.75, 1.25, 0.25, [-52, 76])
(72, 143, 1.5, 0.25, [55, 58, 60, 74])
(72, 143.25, 1.75, 0.25, [-55, -58, -60, 72])
(72, 143.5, 2, 0.25, [48, 70])
(72, 143.75, 2.25, 0.25, [-48, 69])
(72, 144, 2.5, 0.25, [55, 58, 60, 70])
(72, 144.25, 2.75, 0.25, [-55, -58, -60, 67])
(73, 144.5, 1, 0.5, [53, 65, 69])
(73, 145, 1.5, 0.25, [57, 60, -65, -69])
(73, 145.25, 1.75, 0.25, [-57, -60, 72])
(73, 145.5, 2, 0.5, [48, 65, 69])
(73, 146, 2.5, 0.25, [57, -65, -69])
(73, 146.25, 2.75, 0.25, [-57, 72])
(74, 146.5, 1, 0.25, [53, 0])
(74, 146.75, 1.25, 0.25, [-53, 77])
(74, 147, 1.5, 0.25, [57, 60, 76])
(74, 147.25, 1.75, 0.25, [-57, -60, 74])
(74, 147.5, 2, 0.25, [48, 72])
(74, 147.75, 2.25, 0.25, [-48, 71])
(74, 148, 2.5, 0.25, [57, 60, 72])
(74, 148.25, 2.75, 0.25, [-57, -60, 69])
(75, 148.5, 1, 0.5, [49, 65, 77])
(75, 149, 1.5, 0.25, [53, 56, 59, -65, -77])
(75, 149.25, 1.75, 0.25, [-53, -56, -59, 67, 79])
(75, 149.5, 2, 0.5, [49, 68, 80])
(75, 150, 2.5, 0.5, [53, 56, 59, -68, -80])
(76, 150.5, 1, 0.25, [48, 0])
(76, 150.75, 1.25, 0.25, [-48, 77])
(76, 151, 1.5, 0.25, [53, 57, 60, 72, 81])
(76, 151.25, 1.75, 0.25, [-53, -57, -60, 77])
(76, 151.5, 2, 0.25, [48, 79])
(76, 151.75, 2.25, 0.25, [-48, 81])
(76, 152, 2.5, 0.25, [57, 60, 65, 79])
(76, 152.25, 2.75, 0.25, [-57, -60, -65, 77])
(77, 152.5, 1, 0.25, [55, 82])
(77, 152.75, 1.25, 0.25, [-55, 81])
(77, 153, 1.5, 0.5, [58, 60, 64, 79])
(77, 153.5, 2, 0.25, [48, -79])
(77, 153.75, 2.25, 0.25, [-48, 82])
(77, 154, 2.5, 0.25, [58, 60, 64, 81])
(77, 154.25, 2.75, 0.25, [-58, -60, -64, 79])
(78, 154.5, 1, 0.5, [53, 57, 60, 65, 77])
(78, 155, 1.5, 0.25, [0, 72])
(78, 155.25, 1.75, 0.25, [0, 72])
(78, 155.5, 2, 0.5, [0, 72])
(78, 156, 2.5, 0.5, [0, 72])
(79, 156.5, 1, 0.5, [53, 57, 60, 65, 77])
(79, 157, 1.5, 0.5, [0, 0])
(79, 157.5, 2, 0.5, [41, 53])
(79, 158, 2.5, 0.5, [42, 54])
(80, 158.5, 1, 0.5, [55, 43, 0])
(80, 159, 1.5, 0.5, [57, 45, 0])
(80, 159.5, 2, 0.25, [-57, -45, 0])
(80, 159.75, 2.25, 0.25, [55, 43, 0])
(80, 160, 2.5, 0.25, [54, 42, 0])
(80, 160.25, 2.75, 0.25, [55, 43, 0])
(81, 160.5, 1, 0.5, [60, 48, 0])
(81, 161, 1.5, 0.5, [62, 50, 0])
(81, 161.5, 2, 0.25, [-62, -50, 0])
(81, 161.75, 2.25, 0.25, [60, 48, 0])
(81, 162, 2.5, 0.25, [59, 47, 0])
(81, 162.25, 2.75, 0.25, [60, 48, 0])
(82, 162.5, 1, 0.25, [55, 59, 65, 69])
(82, 162.75, 1.25, 0.25, [-55, -59, -65, 67])
(82, 163, 1.5, 0.25, [-55, -59, -65, 66])
(82, 163.25, 1.75, 0.25, [-55, -59, -65, 67])
(82, 163.5, 2, 0.25, [55, 59, 65, 68])
(82, 163.75, 2.25, 0.25, [-55, -59, -65, 69])
(82, 164, 2.5, 0.25, [-55, -59, -65, 70])
(82, 164.25, 2.75, 0.25, [-55, -59, -65, 71])
(83, 164.5, 1, 0.5, [60, 64, 72])
(83, 165, 1.5, 0.5, [0, 0])
(83, 165.5, 2, 0.5, [36, 48, 76, 84])
(83, 166, 2.5, 0.5, [0, 0])
(84, 166.5, 1, 0.5, [41, 69, 77, 81])
(84, 167, 1.5, 0.5, [57, 60, 65, 72, 81, 84])
(84, 167.5, 2, 0.5, [45, -72, -81, -84])
(84, 168, 2.5, 0.5, [57, 60, 65, 69, 77, 81])
(85, 168.5, 1, 0.5, [48, 69, 77, 81])
(85, 169, 1.5, 0.5, [55, 60, 64, 67, 76, 79])
(85, 169.5, 2, 0.5, [52, -67, -76, -79])
(85, 170, 2.5, 0.5, [55, 60, 64, -67, -76, -79])
(86, 170.5, 1, 0.25, [43, 74, 77])
(86, 170.75, 1.25, 0.25, [-43, 72, 76])
(86, 171, 1.5, 0.25, [55, 59, 65, 71, 74])
(86, 171.25, 1.75, 0.25, [-55, -59, -65, 72, 76])
(86, 171.5, 2, 0.25, [47, 74, 77])
(86, 171.75, 2.25, 0.25, [-47, 77, 81])
(86, 172, 2.5, 0.25, [55, 59, 65, -77, -81])
(86, 172.25, 2.75, 0.25, [-55, -59, -65, 77, 81])
(87, 172.5, 1, 0.25, [48, 76, 79])
(87, 172.75, 1.25, 0.25, [-48, 74, 77])
(87, 173, 1.5, 0.25, [55, 60, 64, 72, 76])
(87, 173.25, 1.75, 0.25, [-55, -60, -64, 74, 77])
(87, 173.5, 2, 0.25, [48, 76, 79])
(87, 173.75, 2.25, 0.25, [-48, 76, 84])
(87, 174, 2.5, 0.25, [57, 60, 65, -76, -84])
(87, 174.25, 2.75, 0.25, [-57, -60, -65, 76, 84])
(88, 174.5, 1, 0.5, [41, 69, 77, 81])
(88, 175, 1.5, 0.5, [57, 60, 65, 72, 81, 84])
(88, 175.5, 2, 0.5, [45, -72, -81, -84])
(88, 176, 2.5, 0.5, [57, 60, 65, 69, 77, 81])
(89, 176.5, 1, 0.5, [48, 69, 77, 81])
(89, 177, 1.5, 0.5, [55, 60, 64, 67, 76, 79])
(89, 177.5, 2, 0.5, [52, -67, -76, -79])
(89, 178, 2.5, 0.5, [57, 60, 64, -67, -76, -79])
(90, 178.5, 1, 0.25, [45, 57, 72, 76, 84])
(90, 178.75, 1.25, 0.25, [-45, -57, 71, 76, 83])
(90, 179, 1.5, 0.25, [-45, -57, 69, 76, 81])
(90, 179.25, 1.75, 0.25, [-45, -57, 71, 76, 83])
(90, 179.5, 2, 0.25, [41, 53, 72, 81, 84])
(90, 179.75, 2.25, 0.25, [-41, -53, 73, 81, 85])
(90, 180, 2.5, 0.25, [41, 53, 74, 81, 83, 86])
(90, 180.25, 2.75, 0.25, [-41, -53, 75, 81, 83, 87])
(91, 180.5, 1, 0.5, [40, 52, 76, 80, 83, 88])
(91, 181, 1.5, 0.5, [0, 0])
(91, 181.5, 2, 1, [48, 60, 70, 76, 79])
(92, 182.5, 1, 0.5, [41, 69, 77, 81])
(92, 183, 1.5, 0.5, [57, 60, 65, 72, 81, 84])
(92, 183.5, 2, 0.5, [45, -72, -81, -84])
(92, 184, 2.5, 0.5, [57, 60, 65, 69, 77, 81])
(93, 184.5, 1, 0.5, [48, 69, 77, 81])
(93, 185, 1.5, 0.5, [55, 60, 64, 67, 76, 79])
(93, 185.5, 2, 0.5, [52, -67, -76, -79])
(93, 186, 2.5, 0.5, [55, 60, 64, -67, -76, -79])
(94, 186.5, 1, 0.25, [43, 74, 77])
(94, 186.75, 1.25, 0.25, [-43, 72, 76])
(94, 187, 1.5, 0.25, [55, 59, 65, 71, 74])
(94, 187.25, 1.75, 0.25, [-55, -59, -65, 72, 76])
(94, 187.5, 2, 0.25, [47, 74, 77])
(94, 187.75, 2.25, 0.25, [-47, 77, 81])
(94, 188, 2.5, 0.25, [55, 59, 65, -77, -81])
(94, 188.25, 2.75, 0.25, [-55, -59, -65, 77, 81])
(95, 188.5, 1, 0.25, [48, 76, 79])
(95, 188.75, 1.25, 0.25, [-48, 74, 77])
(95, 189, 1.5, 0.25, [55, 60, 64, 72, 76])
(95, 189.25, 1.75, 0.25, [-55, -60, -64, 74, 77])
(95, 189.5, 2, 0.25, [52, 76, 79])
(95, 189.75, 2.25, 0.25, [-52, 76, 84])
(95, 190, 2.5, 0.25, [55, 60, 64, -76, -84])
(95, 190.25, 2.75, 0.25, [-55, -60, -64, 76, 84])
(96, 190.5, 1, 0.5, [53, 74, 86])
(96, 191, 1.5, 0.5, [57, 60, 62, 74, 86])
(96, 191.5, 2, 0.25, [54, -74, -86])
(96, 191.75, 2.25, 0.25, [-54, 84])
(96, 192, 2.5, 0.25, [57, 60, 63, 83])
(96, 192.25, 2.75, 0.25, [-57, -60, -63, 81])
(97, 192.5, 1, 0.5, [55, 76, 81])
(97, 193, 1.5, 0.5, [60, 64, 76, 79])
(97, 193.5, 2, 0.25, [52, -76, -79])
(97, 193.75, 2.25, 0.25, [-52, 72])
(97, 194, 2.5, 0.25, [55, 60, 64, 74])
(97, 194.25, 2.75, 0.25, [-55, -60, -64, 76])
(98, 194.5, 1, 0.5, [50, 71, 79])
(98, 195, 1.5, 0.5, [55, 62, 71, 77])
(98, 195.5, 2, 0.5, [43, 55, -71, -77])
(98, 196, 2.5, 0.5, [-43, -55, 65, 67, 71])
(99, 196.5, 1, 0.5, [36, 48, 64, 67, 72])
(99, 197, 1.5, 0.25, [0, 67, 79])
(99, 197.25, 1.75, 0.25, [0, 67, 79])
(99, 197.5, 2, 0.5, [0, 67, 79])
(99, 198, 2.5, 0.5, [0, 67, 79])
(100, 198.5, 1, 0.5, [36, 48, 64, 67, 72])
(100, 199, 1.5, 0.5, [0, 0])
(100, 199.5, 2, 0.5, [36, 48, 76, 84])
