(1, 0, 1, 0.25, [0, 79, 67])
(1, 0.25, 1.25, 0.25, [0, 78, 66])
(1, 0.5, 1.5, 0.25, [0, 77, 65])
(1, 0.75, 1.75, 0.25, [0, 76, 64])
(1, 1, 2, 1, [0, 74, 62])
(2, 2, 1, 0.25, [53, 65])
(2, 2.25, 1.25, 0.25, [52, 64])
(2, 2.5, 1.5, 0.25, [50, 62])
(2, 2.75, 1.75, 0.25, [49, 61])
(2, 3, 2, 1, [48, 60])
(3, 4, 1, 0.25, [41, 53, 69])
(3, 4.25, 1.25, 0.25, [-41, -53, 68])
(3, 4.5, 1.5, 0.25, [57, 62, 65, 69])
(3, 4.75, 1.75, 0.25, [-57, -62, -65, 77])
(3, 5, 2, 0.25, [43, 55, 76])
(3, 5.25, 2.25, 0.25, [-43, -55, 67])
(3, 5.5, 2.5, 0.5, [55, 59, 65, 74])
(4, 6, 1, 0.5, [48, 72])
(4, 6.5, 1.5, 0.5, [55, 60, 64, 0])
(4, 7, 2, 0.5, [43, 0])
(4, 7.5, 2.5, 0.5, [55, 60, 64, 76])
(5, 8, 1, 0.25, [50, 62, 77])
(5, 8.25, 1.25, 0.25, [-50, -62, 79])
(5, 8.5, 1.5, 0.25, [55, 59, 65, 81])
(5, 8.75, 1.75, 0.25, [-55, -59, -65, 71])
(5, 9, 2, 0.25, [43, 74])
(5, 9.25, 2.25, 0.25, [-43, 76])
(5, 9.5, 2.5, 0.25, [55, 59, 65, 77])
(5, 9.75, 2.75, 0.25, [-55, -59, -65, 69])
(6, 10, 1, 0.25, [48, 72])
(6, 10.25, 1.25, 0.25, [-48, 74])
(6, 10.5, 1.5, 0.25, [55, 60, 64, 76])
(6, 10.75, 1.75, 0.25, [-55, -60, -64, 67])
(6, 11, 2, 0.25, [43, -67])
(6, 11.25, 2.25, 0.25, [-43, 72])
(6, 11.5, 2.5, 0.5, [55, 60, 64, 67])
(7, 12, 1, 0.25, [47, 67])
(7, 12.25, 1.25, 0.25, [-47, 68])
(7, 12.5, 1.5, 0.25, [55, 59, 65, 69])
(7, 12.75, 1.75, 0.25, [-55, -59, -65, 77])
(7, 13, 2, 0.25, [43, 69])
(7, 13.25, 2.25, 0.25, [-43, 70])
(7, 13.5, 2.5, 0.25, [55, 62, 65, 71])
(7, 13.75, 2.75, 0.25, [-55, -62, -65, 77])
(8, 14, 1, 0.25, [48, 76])
(8, 14.25, 1.25, 0.25, [-48, 72])
(8, 14.5, 1.5, 0.25, [55, 60, 64, 76])
(8, 14.75, 1.75, 0.25, [-55, -60, -64, 79])
(8, 15, 2, 0.5, [52, 64, -79])
(8, 15.5, 2.5, 0.5, [49, 61, 76])
(9, 16, 1, 0.25, [50, 62, 77])
(9, 16.25, 1.25, 0.25, [-50, -62, 79])
(9, 16.5, 1.5, 0.25, [55, 59, 65, 81])
(9, 16.75, 1.75, 0.25, [-55, -59, -65, 71])
(9, 17, 2, 0.25, [43, 74])
(9, 17.25, 2.25, 0.25, [-43, 76])
(9, 17.5, 2.5, 0.25, [55, 59, 65, 77])
(9, 17.75, 2.75, 0.25, [-55, -59, -65, 69])
(10, 18, 1, 0.25, [48, 72])
(10, 18.25, 1.25, 0.25, [-48, 74])
(10, 18.5, 1.5, 0.25, [55, 60, 64, 76])
(10, 18.75, 1.75, 0.25, [-55, -60, -64, 67])
(10, 19, 2, 0.25, [49, -67])
(10, 19.25, 2.25, 0.25, [-49, 66])
(10, 19.5, 2.5, 0.25, [55, 58, 64, 67])
(10, 19.75, 2.75, 0.25, [-55, -58, -64, 69])
(11, 20, 1, 0.25, [50, 71])
(11, 20.25, 1.25, 0.25, [-50, 72])
(11, 20.5, 1.5, 0.25, [55, 59, 62, 73])
(11, 20.75, 1.75, 0.25, [-55, -59, -62, 74])
(11, 21, 2, 0.25, [50, 76])
(11, 21.25, 2.25, 0.25, [-50, 74])
(11, 21.5, 2.5, 0.25, [60, 62, 66, 72])
(11, 21.75, 2.75, 0.25, [-60, -62, -66, 81])
(12, 22, 1, 0.5, [59, 62, 67, 55, 79])
(12, 22.5, 1.5, 0, [-59, -62, -67, 48, -79])
(12, 22.5, 1.5, 0.5, [-59, -62, -67, 50, -79])
(12, 23, 2, 0.5, [-59, -62, -67, 43, -79])
(12, 23.5, 2.5, 0.5, [0, 0, 76])
(13, 24, 1, 0.25, [50, 77])
(13, 24.25, 1.25, 0.25, [-50, 79])
(13, 24.5, 1.5, 0.25, [55, 59, 65, 81])
(13, 24.75, 1.75, 0.25, [-55, -59, -65, 71])
(13, 25, 2, 0.25, [43, 74])
(13, 25.25, 2.25, 0.25, [-43, 76])
(13, 25.5, 2.5, 0.25, [55, 59, 65, 77])
(13, 25.75, 2.75, 0.25, [-55, -59, -65, 69])
(14, 26, 1, 0.25, [48, 72])
(14, 26.25, 1.25, 0.25, [-48, 74])
(14, 26.5, 1.5, 0.25, [55, 60, 64, 76])
(14, 26.75, 1.75, 0.25, [-55, -60, -64, 67])
(14, 27, 2, 0.25, [43, -67])
(14, 27.25, 2.25, 0.25, [-43, 72])
(14, 27.5, 2.5, 0.5, [55, 60, 64, 67])
(15, 28, 1, 0.25, [47, 67])
(15, 28.25, 1.25, 0.25, [-47, 68])
(15, 28.5, 1.5, 0.25, [55, 59, 65, 69])
(15, 28.75, 1.75, 0.25, [-55, -59, -65, 77])
(15, 29, 2, 0.25, [43, 69])
(15, 29.25, 2.25, 0.25, [-43, 70])
(15, 29.5, 2.5, 0.25, [55, 62, 65, 71])
(15, 29.75, 2.75, 0.25, [-55, -62, -65, 77])
(16, 30, 1, 0.25, [48, 76])
(16, 30.25, 1.25, 0.25, [-48, 72])
(16, 30.5, 1.5, 0.25, [55, 60, 64, 76])
(16, 30.75, 1.75, 0.25, [-55, -60, -64, 79])
(16, 31, 2, 0.5, [52, -79])
(16, 31.5, 2.5, 0.5, [55, 60, 64, -79])
(17, 32, 1, 0.25, [57, 57, 76])
(17, 32.25, 1.25, 0.25, [-57, -57, 77])
(17, 32.5, 1.5, 0.25, [61, 64, -57, 79])
(17, 32.75, 1.75, 0.25, [-61, -64, -57, 69])
(17, 33, 2, 0.25, [55, 55, 73])
(17, 33.25, 2.25, 0.25, [-55, -55, 74])
(17, 33.5, 2.5, 0.25, [57, 61, 64, -55, 76])
(17, 33.75, 2.75, 0.25, [-57, -61, -64, -55, 69])
(18, 34, 1, 0.25, [53, 53, 74])
(18, 34.25, 1.25, 0.25, [-53, -53, 73])
(18, 34.5, 1.5, 0.25, [57, 62, -53, 74])
(18, 34.75, 1.75, 0.25, [-57, -62, -53, 76])
(18, 35, 2, 0.5, [45, 57, 74, 77])
(18, 35.5, 2.5, 0.5, [44, 56, 72, 75, 78])
(19, 36, 1, 0.25, [43, 55, 79, 72, 76])
(19, 36.25, 1.25, 0.25, [-43, -55, 84, -72, -76])
(19, 36.5, 1.5, 0.25, [55, 60, 64, 79, -72, -76])
(19, 36.75, 1.75, 0.25, [-55, -60, -64, 76, -72, -76])
(19, 37, 2, 0.25, [43, 55, 74])
(19, 37.25, 2.25, 0.25, [-43, -55, 67])
(19, 37.5, 2.5, 0.25, [55, 59, 62, 65, 71])
(19, 37.75, 2.75, 0.25, [-55, -59, -62, -65, 79])
(20, 38, 1, 0.5, [48, 72])
(20, 38.5, 1.5, 0.5, [55, 60, 64, -72])
(20, 39, 2, 0.5, [52, 64, -72])
(20, 39.5, 2.5, 0.5, [49, 61, 76])
(21, 40, 1, 0.5, [60, 64, 72])
(21, 40.5, 1.5, 0.5, [55, -64, -72])
(21, 41, 2, 0.5, [0, 48, 72, 76, 79, 84])
(21, 41.5, 2.5, 0.5, [0, 0, 0])
(22, 42, 1, 0.5, [43, 55, 71, 79, 83])
(22, 42.5, 1.5, 0.5, [59, 62, 67, 74, 83, 86])
(22, 43, 2, 0.5, [50, -74, -83, -86])
(22, 43.5, 2.5, 0.5, [59, 62, 67, -74, -83, -86])
(23, 44, 1, 0.5, [48, 76, 84, 88])
(23, 44.5, 1.5, 0.5, [60, 64, 67, 79, 88, 91])
(23, 45, 2, 0.5, [52, 64, -79, -88, -91])
(23, 45.5, 2.5, 0.25, [48, 60, 91])
(23, 45.75, 2.75, 0.25, [-48, -60, 88])
(24, 46, 1, 0.5, [47, 59, 86])
(24, 46.5, 1.5, 0.25, [59, 62, 67, 83])
(24, 46.75, 1.75, 0.25, [-59, -62, -67, 84])
(24, 47, 2, 0.25, [45, 57, -84])
(24, 47.25, 2.25, 0.25, [-45, -57, 86])
(24, 47.5, 2.5, 0.5, [38, 50, 78, 81])
(25, 48, 1, 0.25, [43, 55, 79])
(25, 48.25, 1.25, 0.25, [-43, -55, 78])
(25, 48.5, 1.5, 0.25, [59, 67, 79])
(25, 48.75, 1.75, 0.25, [-59, -67, 83])
(25, 49, 2, 0.5, [50, -83])
(25, 49.5, 2.5, 0.5, [59, 62, 67, -83])
(26, 50, 1, 0.5, [43, 55, 71, 79, 83])
(26, 50.5, 1.5, 0.5, [59, 62, 67, 74, 83, 86])
(26, 51, 2, 0.5, [50, -74, -83, -86])
(26, 51.5, 2.5, 0.5, [59, 62, 67, -74, -83, -86])
(27, 52, 1, 0.5, [48, 48, 76, 84, 88])
(27, 52.5, 1.5, 0.5, [60, 64, 67, -48, 79, 88, 91])
(27, 53, 2, 0.5, [52, 52, -79, -88, -91])
(27, 53.5, 2.5, 0.5, [59, 64, -52, 79, 88, 91])
(28, 54, 1, 0.5, [54, 54, 78, 90])
(28, 54.5, 1.5, 0.25, [59, 62, -54, 77, 89])
(28, 54.75, 1.75, 0.25, [-59, -62, -54, 78, 90])
(28, 55, 2, 0.25, [54, 54, -78, -90])
(28, 55.25, 2.25, 0.25, [-54, -54, 79, 91])
(28, 55.5, 2.5, 0.5, [58, 61, 64, -54, 78, 90])
(29, 56, 1, 1, [59, 62, 78, 83, 86, 90])
(29, 57, 2, 0.5, [38, 50, 88, 78, 84])
(29, 57.5, 2.5, 0.5, [-38, -50, 86, -78, -84])
(30, 58, 1, 0.5, [43, 55, 71, 79, 83])
(30, 58.5, 1.5, 0.5, [59, 62, 67, 74, 83, 86])
(30, 59, 2, 0.5, [50, -74, -83, -86])
(30, 59.5, 2.5, 0.5, [59, 62, 67, -74, -83, -86])
(31, 60, 1, 0.5, [48, 76, 84, 88])
(31, 60.5, 1.5, 0.5, [60, 64, 67, 79, 88, 91])
(31, 61, 2, 0.25, [52, -79, -88, -91])
(31, 61.25, 2.25, 0.25, [-52, 88])
(31, 61.5, 2.5, 0.25, [60, 64, 67, 84])
(31, 61.75, 2.75, 0.25, [-60, -64, -67, 79])
(32, 62, 1, 0.25, [55, 55, 83])
(32, 62.25, 1.25, 0.25, [-55, -55, 82])
(32, 62.5, 1.5, 0.25, [59, 62, -55, 83])
(32, 62.75, 1.75, 0.25, [-59, -62, -55, 86])
(32, 63, 2, 0.25, [56, 56, 88])
(32, 63.25, 2.25, 0.25, [-56, -56, 89])
(32, 63.5, 2.5, 0.25, [59, 62, 64, -56, 88])
(32, 63.75, 2.75, 0.25, [-59, -62, -64, -56, 86])
(33, 64, 1, 0.5, [57, 57, 84])
(33, 64.5, 1.5, 0.5, [60, 64, -57, -84])
(33, 65, 2, 0.5, [60, 64, -57, -84])
(33, 65.5, 2.5, 0.25, [0, 76])
(33, 65.75, 2.75, 0.25, [0, 78])
(34, 66, 1, 0.25, [48, 48, 79])
(34, 66.25, 1.25, 0.25, [-48, -48, 81])
(34, 66.5, 1.5, 0.25, [60, 64, 67, -48, 79])
(34, 66.75, 1.75, 0.25, [-60, -64, -67, -48, 78])
(34, 67, 2, 0.5, [49, 49, 79])
(34, 67.5, 2.5, 0.5, [58, 64, 67, -49, 76])
(35, 68, 1, 0.5, [50, 50, 74])
(35, 68.5, 1.5, 0.5, [59, 62, 67, -50, 74, 83])
(35, 69, 2, 0.5, [52, 52, -74, -83])
(35, 69.5, 2.5, 0.25, [59, 62, 68, -52, 84])
(35, 69.75, 2.75, 0.25, [-59, -62, -68, -52, 83])
(36, 70, 1, 0.25, [45, 57, 79, 73])
(36, 70.25, 1.25, 0.25, [-45, -57, 76, -73])
(36, 70.5, 1.5, 0.25, [57, 61, 67, 78, -73])
(36, 70.75, 1.75, 0.25, [-57, -61, -67, 79, -73])
(36, 71, 2, 0.5, [50, 72, 81])
(36, 71.5, 2.5, 0.5, [60, 62, 66, 72, 78, 83])
(37, 72, 1, 0.5, [55, 59, 62, 67, 71, 79])
(37, 72.5, 1.5, 0.25, [0, 73])
(37, 72.75, 1.75, 0.25, [0, 74])
(37, 73, 2, 0.25, [0, 76])
(37, 73.25, 2.25, 0.25, [0, 78])
(37, 73.5, 2.5, 0.25, [0, 79])
(37, 73.75, 2.75, 0.25, [0, 81])
(38, 74, 1, 0.5, [59, 62, 67, 55, 71, 79])
(38, 74.5, 1.5, 0.5, [-59, -62, -67, 50, -71, -79])
(38, 75, 2, 0.5, [-59, -62, -67, 43, 71, 79])
(38, 75.5, 2.5, 0.5, [0, 76])
(39, 76, 1, 0.25, [50, 77])
(39, 76.25, 1.25, 0.25, [-50, 79])
(39, 76.5, 1.5, 0.25, [55, 59, 65, 81])
(39, 76.75, 1.75, 0.25, [-55, -59, -65, 71])
(39, 77, 2, 0.25, [43, 74])
(39, 77.25, 2.25, 0.25, [-43, 76])
(39, 77.5, 2.5, 0.25, [55, 59, 65, 77])
(39, 77.75, 2.75, 0.25, [-55, -59, -65, 69])
(40, 78, 1, 0.25, [48, 72])
(40, 78.25, 1.25, 0.25, [-48, 74])
(40, 78.5, 1.5, 0.25, [55, 60, 64, 76])
(40, 78.75, 1.75, 0.25, [-55, -60, -64, 67])
(40, 79, 2, 0.25, [43, -67])
(40, 79.25, 2.25, 0.25, [-43, 72])
(40, 79.5, 2.5, 0.5, [55, 60, 64, 67])
(41, 80, 1, 0.25, [47, 67])
(41, 80.25, 1.25, 0.25, [-47, 68])
(41, 80.5, 1.5, 0.25, [55, 59, 65, 69])
(41, 80.75, 1.75, 0.25, [-55, -59, -65, 77])
(41, 81, 2, 0.25, [43, 69])
(41, 81.25, 2.25, 0.25, [-43, 70])
(41, 81.5, 2.5, 0.25, [55, 62, 65, 71])
(41, 81.75, 2.75, 0.25, [-55, -62, -65, 77])
(42, 82, 1, 0.25, [48, 76])
(42, 82.25, 1.25, 0.25, [-48, 72])
(42, 82.5, 1.5, 0.25, [55, 60, 64, 76])
(42, 82.75, 1.75, 0.25, [-55, -60, -64, 79])
(42, 83, 2, 0.5, [52, 64, -79])
(42, 83.5, 2.5, 0.5, [49, 61, 76])
(43, 84, 1, 0.25, [50, 62, 77])
(43, 84.25, 1.25, 0.25, [-50, -62, 79])
(43, 84.5, 1.5, 0.25, [55, 59, 65, 81])
(43, 84.75, 1.75, 0.25, [-55, -59, -65, 71])
(43, 85, 2, 0.25, [43, 74])
(43, 85.25, 2.25, 0.25, [-43, 76])
(43, 85.5, 2.5, 0.25, [55, 59, 65, 77])
(43, 85.75, 2.75, 0.25, [-55, -59, -65, 69])
(44, 86, 1, 0.25, [48, 72])
(44, 86.25, 1.25, 0.25, [-48, 74])
(44, 86.5, 1.5, 0.25, [55, 60, 64, 76])
(44, 86.75, 1.75, 0.25, [-55, -60, -64, 67])
(44, 87, 2, 0.25, [49, -67])
(44, 87.25, 2.25, 0.25, [-49, 66])
(44, 87.5, 2.5, 0.25, [55, 58, 64, 67])
(44, 87.75, 2.75, 0.25, [-55, -58, -64, 69])
(45, 88, 1, 0.25, [50, 71])
(45, 88.25, 1.25, 0.25, [-50, 72])
(45, 88.5, 1.5, 0.25, [55, 59, 62, 73])
(45, 88.75, 1.75, 0.25, [-55, -59, -62, 74])
(45, 89, 2, 0.25, [50, 76])
(45, 89.25, 2.25, 0.25, [-50, 74])
(45, 89.5, 2.5, 0.25, [60, 62, 65, 72])
(45, 89.75, 2.75, 0.25, [-60, -62, -65, 81])
(46, 90, 1, 0.5, [59, 62, 67, 55, 79])
(46, 90.5, 1.5, 0, [-59, -62, -67, 49, -79])
(46, 90.5, 1.5, 0.5, [-59, -62, -67, 50, -79])
(46, 91, 2, 0.5, [-59, -62, -67, 43, -79])
(46, 91.5, 2.5, 0.5, [0, 0, 76])
(47, 92, 1, 0.25, [50, 77])
(47, 92.25, 1.25, 0.25, [-50, 79])
(47, 92.5, 1.5, 0.25, [55, 59, 65, 81])
(47, 92.75, 1.75, 0.25, [-55, -59, -65, 71])
(47, 93, 2, 0.25, [43, 74])
(47, 93.25, 2.25, 0.25, [-43, 76])
(47, 93.5, 2.5, 0.25, [55, 59, 65, 77])
(47, 93.75, 2.75, 0.25, [-55, -59, -65, 69])
(48, 94, 1, 0.25, [48, 72])
(48, 94.25, 1.25, 0.25, [-48, 74])
(48, 94.5, 1.5, 0.25, [55, 60, 64, 76])
(48, 94.75, 1.75, 0.25, [-55, -60, -64, 67])
(48, 95, 2, 0.25, [43, -67])
(48, 95.25, 2.25, 0.25, [-43, 72])
(48, 95.5, 2.5, 0.5, [55, 60, 64, 67])
(49, 96, 1, 0.25, [47, 67])
(49, 96.25, 1.25, 0.25, [-47, 68])
(49, 96.5, 1.5, 0.25, [55, 59, 65, 69])
(49, 96.75, 1.75, 0.25, [-55, -59, -65, 77])
(49, 97, 2, 0.25, [43, 69])
(49, 97.25, 2.25, 0.25, [-43, 70])
(49, 97.5, 2.5, 0.25, [55, 62, 65, 71])
(49, 97.75, 2.75, 0.25, [-55, -62, -65, 77])
(50, 98, 1, 0.25, [48, 76])
(50, 98.25, 1.25, 0.25, [-48, 72])
(50, 98.5, 1.5, 0.25, [55, 60, 64, 76])
(50, 98.75, 1.75, 0.25, [-55, -60, -64, 79])
(50, 99, 2, 0.5, [52, -79])
(50, 99.5, 2.5, 0.5, [55, 60, 64, -79])
(51, 100, 1, 0.25, [57, 57, 76])
(51, 100.25, 1.25, 0.25, [-57, -57, 77])
(51, 100.5, 1.5, 0.25, [61, 64, -57, 79])
(51, 100.75, 1.75, 0.25, [-61, -64, -57, 69])
(51, 101, 2, 0.25, [55, 55, 73])
(51, 101.25, 2.25, 0.25, [-55, -55, 74])
(51, 101.5, 2.5, 0.25, [57, 61, 64, -55, 76])
(51, 101.75, 2.75, 0.25, [-57, -61, -64, -55, 69])
(52, 102, 1, 0.25, [53, 53, 74])
(52, 102.25, 1.25, 0.25, [-53, -53, 73])
(52, 102.5, 1.5, 0.25, [57, 62, -53, 74])
(52, 102.75, 1.75, 0.25, [-57, -62, -53, 76])
(52, 103, 2, 0.5, [45, 57, 74, 77])
(52, 103.5, 2.5, 0.5, [44, 56, 72, 75, 78])
(53, 104, 1, 0.25, [43, 55, 79, 72, 76])
(53, 104.25, 1.25, 0.25, [-43, -55, 84, -72, -76])
(53, 104.5, 1.5, 0.25, [55, 60, 64, 79, -72, -76])
(53, 104.75, 1.75, 0.25, [-55, -60, -64, 76, -72, -76])
(53, 105, 2, 0.25, [43, 55, 74])
(53, 105.25, 2.25, 0.25, [-43, -55, 67])
(53, 105.5, 2.5, 0.25, [55, 59, 62, 65, 71])
(53, 105.75, 2.75, 0.25, [-55, -59, -62, -65, 79])
(54, 106, 1, 0.5, [60, 64, 72])
(54, 106.5, 1.5, 0.5, [55, -72])
(54, 107, 2, 0.5, [48, 72, 76, 79, 84])
(54, 107.5, 2.5, 0.5, [0, 0])
(55, 108, 1, 0.5, [53, 69, 72])
(55, 108.5, 1.5, 0.25, [50, -69, -72])
(55, 108.75, 1.75, 0.25, [-50, 68, 71])
(55, 109, 2, 0.5, [52, 67, 70])
(55, 109.5, 2.5, 0.5, [48, 70, 76, 79])
(56, 110, 1, 0.5, [53, 69, 77])
(56, 110.5, 1.5, 0.25, [57, 60, -69, -77])
(56, 110.75, 1.75, 0.25, [-57, -60, 65, 69])
(56, 111, 2, 0.5, [48, 74, 69])
(56, 111.5, 2.5, 0.5, [57, 60, 65, 72, -69])
(57, 112, 1, 0.25, [52, 79, 70])
(57, 112.25, 1.25, 0.25, [-52, 78, -70])
(57, 112.5, 1.5, 0.25, [60, 64, 79, -70])
(57, 112.75, 1.75, 0.25, [-60, -64, 78, -70])
(57, 113, 2, 0.5, [48, 79, -70])
(57, 113.5, 2.5, 0.5, [60, 64, 82, 74])
(58, 114, 1, 0.25, [0, 53, 72, 81])
(58, 114.25, 1.25, 0.25, [60, -53, -72, -81])
(58, 114.5, 1.5, 0.25, [62, -53, -72, -81])
(58, 114.75, 1.75, 0.25, [64, -53, -72, -81])
(58, 115, 2, 0.25, [65, -53, -72, -81])
(58, 115.25, 2.25, 0.25, [64, -53, -72, -81])
(58, 115.5, 2.5, 0.25, [62, -53, -72, -81])
(58, 115.75, 2.75, 0.25, [60, -53, -72, -81])
(59, 116, 1, 0.5, [53, 69, 72])
(59, 116.5, 1.5, 0.25, [50, -69, -72])
(59, 116.75, 1.75, 0.25, [-50, 68, 71])
(59, 117, 2, 0.5, [52, 67, 70])
(59, 117.5, 2.5, 0.5, [48, 70, 76, 79])
(60, 118, 1, 0.5, [53, 69, 77])
(60, 118.5, 1.5, 0.25, [57, 60, -69, -77])
(60, 118.75, 1.75, 0.25, [-57, -60, 65, 69])
(60, 119, 2, 0.5, [53, 69, 74])
(60, 119.5, 2.5, 0.5, [54, 68, 75])
(61, 120, 1, 0.25, [55, 76, 67])
(61, 120.25, 1.25, 0.25, [-55, 75, -67])
(61, 120.5, 1.5, 0.25, [60, 64, 76, -67])
(61, 120.75, 1.75, 0.25, [-60, -64, 79, -67])
(61, 121, 2, 0.5, [45, 57, 66, 72])
(61, 121.5, 2.5, 0.5, [43, 55, 65, 71, 74])
(62, 122, 1, 0.5, [48, 60, 64, 72])
(62, 122.5, 1.5, 0, [54, -64, -72])
(62, 122.5, 1.5, 0.5, [55, -64, -72])
(62, 123, 2, 0.5, [48, -64, -72])
(62, 123.5, 2.5, 0.5, [0, 72])
(63, 124, 1, 0.5, [53, 69, 72])
(63, 124.5, 1.5, 0.25, [50, -69, -72])
(63, 124.75, 1.75, 0.25, [-50, 68, 71])
(63, 125, 2, 0.5, [52, 67, 70])
(63, 125.5, 2.5, 0.5, [48, 70, 76, 79])
(64, 126, 1, 0.5, [53, 69, 77])
(64, 126.5, 1.5, 0.25, [57, 60, -69, -77])
(64, 126.75, 1.75, 0.25, [-57, -60, 65, 69])
(64, 127, 2, 0.5, [48, 74, 69])
(64, 127.5, 2.5, 0.5, [57, 60, 65, 72, -69])
(65, 128, 1, 0.25, [52, 79, 70])
(65, 128.25, 1.25, 0.25, [-52, 78, -70])
(65, 128.5, 1.5, 0.25, [64, 79, -70])
(65, 128.75, 1.75, 0.25, [-64, 78, -70])
(65, 129, 2, 0.5, [48, 60, 79, -70])
(65, 129.5, 2.5, 0.5, [46, 58, 80, 74, 76])
(66, 130, 1, 0.5, [45, 57, 73, 76, 81])
(66, 130.5, 1.5, 0, [51, -73, -76, -81])
(66, 130.5, 1.5, 0.5, [52, -73, -76, -81])
(66, 131, 2, 0.5, [45, -73, -76, -81])
(66, 131.5, 2.5, 0.5, [0, 81])
(67, 132, 1, 0.5, [46, 81, 74])
(67, 132.5, 1.5, 0.25, [58, 62, -81, -74])
(67, 132.75, 1.75, 0.25, [-58, -62, 79, -74])
(67, 133, 2, 0.5, [47, 88, 77, 80])
(67, 133.5, 2.5, 0.5, [56, 62, 65, 86, -77, -80])
(68, 134, 1, 0.5, [48, 86, 77, 81])
(68, 134.5, 1.5, 0.5, [57, 60, 65, 84, -77, -81])
(68, 135, 2, 0.25, [53, -84, 0])
(68, 135.25, 2.25, 0.25, [-53, 81, 0])
(68, 135.5, 2.5, 0.25, [57, 65, 77, 0])
(68, 135.75, 2.75, 0.25, [-57, -65, 72, 0])
(69, 136, 1, 0.25, [52, 52, 74])
(69, 136.25, 1.25, 0.25, [-52, -52, 75])
(69, 136.5, 1.5, 0.25, [58, 60, -52, 76])
(69, 136.75, 1.75, 0.25, [-58, -60, -52, 79])
(69, 137, 2, 0.25, [48, 48, 76])
(69, 137.25, 2.25, 0.25, [-48, -48, 77])
(69, 137.5, 2.5, 0.25, [58, 60, 64, -48, 79])
(69, 137.75, 2.75, 0.25, [-58, -60, -64, -48, 84])
(70, 138, 1, 0.5, [57, 60, 65, 53, 77])
(70, 138.5, 1.5, 0.5, [-57, -60, -65, 48, -77])
(70, 139, 2, 0.5, [-57, -60, -65, 50, -77])
(70, 139.5, 2.5, 0.5, [0, 52, 70, 72])
(71, 140, 1, 0.5, [57, 60, 65, 53, 77])
(71, 140.5, 1.5, 0, [-57, -60, -65, 47, -77])
(71, 140.5, 1.5, 0.5, [-57, -60, -65, 48, -77])
(71, 141, 2, 0.5, [57, -60, -65, 41, 77, 81, 89])
(71, 141.5, 2.5, 0.5, [0, 0, 0])
(72, 142, 1, 0.25, [50, 74])
(72, 142.25, 1.25, 0.25, [-50, 77])
(72, 142.5, 1.5, 0.25, [57, 62, 65, 76])
(72, 142.75, 1.75, 0.25, [-57, -62, -65, 77])
(72, 143, 2, 0.25, [50, -77])
(72, 143.25, 2.25, 0.25, [-50, 80])
(72, 143.5, 2.5, 0.25, [57, 62, 65, 81])
(72, 143.75, 2.75, 0.25, [-57, -62, -65, 86])
(73, 144, 1, 0.5, [0, 45, 85])
(73, 144.5, 1.5, 0.25, [57, 61, 67, -45, 81])
(73, 144.75, 1.75, 0.25, [-57, -61, -67, -45, 79])
(73, 145, 2, 0.25, [57, 61, 67, -45, 77])
(73, 145.25, 2.25, 0.25, [-57, -61, -67, -45, 76])
(73, 145.5, 2.5, 0.25, [57, 61, 67, -45, -76])
(73, 145.75, 2.75, 0.25, [-57, -61, -67, -45, 73])
(74, 146, 1, 0.25, [50, 74])
(74, 146.25, 1.25, 0.25, [-50, 77])
(74, 146.5, 1.5, 0.25, [57, 62, 65, 76])
(74, 146.75, 1.75, 0.25, [-57, -62, -65, 77])
(74, 147, 2, 0.25, [50, -77])
(74, 147.25, 2.25, 0.25, [-50, 80])
(74, 147.5, 2.5, 0.25, [57, 62, 65, 81])
(74, 147.75, 2.75, 0.25, [-57, -62, -65, 86])
(75, 148, 1, 0.5, [0, 45, 85])
(75, 148.5, 1.5, 0.25, [57, 61, 67, -45, 81])
(75, 148.75, 1.75, 0.25, [-57, -61, -67, -45, 79])
(75, 149, 2, 0.25, [57, 61, 67, -45, 77])
(75, 149.25, 2.25, 0.25, [-57, -61, -67, -45, 76])
(75, 149.5, 2.5, 0.25, [57, 61, 67, -45, -76])
(75, 149.75, 2.75, 0.25, [-57, -61, -67, -45, 73])
(76, 150, 1, 0.25, [43, 43, 74, 70])
(76, 150.25, 1.25, 0.25, [-43, -43, 73, -70])
(76, 150.5, 1.5, 0.25, [58, 62, 64, 67, -43, 74, -70])
(76, 150.75, 1.75, 0.25, [-58, -62, -64, -67, -43, 73, -70])
(76, 151, 2, 0.5, [58, 62, 64, 67, -43, 74, -70])
(76, 151.5, 2.5, 0.5, [43, 55, 67, 70, 62, 64])
(77, 152, 1, 0.5, [45, 57, 69, 61, 64, 67])
(77, 152.5, 1.5, 0.25, [-45, -57, 81, -61, -64, -67])
(77, 152.75, 1.75, 0.25, [-45, -57, 80, -61, -64, -67])
(77, 153, 2, 0.5, [-45, -57, 81, -61, -64, -67])
(77, 153.5, 2.5, 0.5, [45, 57, 81, 69, 73, 76])
(78, 154, 1, 0.25, [46, 58, 74, 67])
(78, 154.25, 1.25, 0.25, [-46, -58, 73, -67])
(78, 154.5, 1.5, 0.25, [58, 62, 64, 74, 67])
(78, 154.75, 1.75, 0.25, [-58, -62, -64, 73, -67])
(78, 155, 2, 0.5, [58, 62, 64, 74, 67])
(78, 155.5, 2.5, 0.5, [43, 55, 70, 62, 64, 67])
(79, 156, 1, 0.5, [45, 57, 61, 64, 67, 69])
(79, 156.5, 1.5, 0.5, [0, 0])
(79, 157, 2, 0.5, [33, 45, 69, 73, 76, 81])
(79, 157.5, 2.5, 0.5, [0, 0])
(80, 158, 1, 0.25, [50, 74])
(80, 158.25, 1.25, 0.25, [-50, 77])
(80, 158.5, 1.5, 0.25, [57, 62, 65, 76])
(80, 158.75, 1.75, 0.25, [-57, -62, -65, 77])
(80, 159, 2, 0.25, [50, -77])
(80, 159.25, 2.25, 0.25, [-50, 80])
(80, 159.5, 2.5, 0.25, [57, 62, 65, 81])
(80, 159.75, 2.75, 0.25, [-57, -62, -65, 86])
(81, 160, 1, 0.5, [0, 45, 85])
(81, 160.5, 1.5, 0.25, [57, 61, 67, -45, 81])
(81, 160.75, 1.75, 0.25, [-57, -61, -67, -45, 79])
(81, 161, 2, 0.25, [57, 61, 67, -45, 77])
(81, 161.25, 2.25, 0.25, [-57, -61, -67, -45, 76])
(81, 161.5, 2.5, 0.25, [57, 61, 67, -45, -76])
(81, 161.75, 2.75, 0.25, [-57, -61, -67, -45, 73])
(82, 162, 1, 0.25, [50, 74])
(82, 162.25, 1.25, 0.25, [-50, 77])
(82, 162.5, 1.5, 0.25, [57, 62, 65, 76])
(82, 162.75, 1.75, 0.25, [-57, -62, -65, 77])
(82, 163, 2, 0.25, [50, -77])
(82, 163.25, 2.25, 0.25, [-50, 80])
(82, 163.5, 2.5, 0.25, [57, 62, 65, 81])
(82, 163.75, 2.75, 0.25, [-57, -62, -65, 86])
(83, 164, 1, 0.5, [0, 45, 85])
(83, 164.5, 1.5, 0.25, [57, 61, 67, -45, 81])
(83, 164.75, 1.75, 0.25, [-57, -61, -67, -45, 79])
(83, 165, 2, 0.25, [57, 61, 67, -45, 77])
(83, 165.25, 2.25, 0.25, [-57, -61, -67, -45, 76])
(83, 165.5, 2.5, 0.25, [57, 61, 67, -45, -76])
(83, 165.75, 2.75, 0.25, [-57, -61, -67, -45, 73])
(84, 166, 1, 0.25, [50, 74])
(84, 166.25, 1.25, 0.25, [-50, 81])
(84, 166.5, 1.5, 0.25, [57, 62, 65, 80])
(84, 166.75, 1.75, 0.25, [-57, -62, -65, 81])
(84, 167, 2, 0.25, [50, 86])
(84, 167.25, 2.25, 0.25, [-50, 81])
(84, 167.5, 2.5, 0.25, [57, 62, 65, 80])
(84, 167.75, 2.75, 0.25, [-57, -62, -65, 81])
(85, 168, 1, 0.5, [43, 43, 82])
(85, 168.5, 1.5, 0.5, [58, 62, 67, -43, -82])
(85, 169, 2, 0.5, [58, 62, 67, -43, -82])
(85, 169.5, 2.5, 0.5, [0, 82])
(86, 170, 1, 0.25, [45, 81])
(86, 170.25, 1.25, 0.25, [-45, 82])
(86, 170.5, 1.5, 0.25, [57, 61, 67, 81])
(86, 170.75, 1.75, 0.25, [-57, -61, -67, 79])
(86, 171, 2, 0.25, [45, 76])
(86, 171.25, 2.25, 0.25, [-45, 79])
(86, 171.5, 2.5, 0.25, [57, 61, 67, 77])
(86, 171.75, 2.75, 0.25, [-57, -61, -67, 76])
(87, 172, 1, 1, [62, 65, 74])
(87, 173, 2, 1, [45, 57, 69, 73, 76, 81])
(88, 174, 1, 1, [62, 65, 74])
(88, 175, 2, 1, [52, 67, 70, 72])
(89, 176, 1, 0.5, [53, 69, 72])
(89, 176.5, 1.5, 0.25, [50, -69, -72])
(89, 176.75, 1.75, 0.25, [-50, 68, 71])
(89, 177, 2, 0.5, [52, 67, 70])
(89, 177.5, 2.5, 0.5, [48, 70, 76, 79])
(90, 178, 1, 0.5, [53, 69, 77])
(90, 178.5, 1.5, 0.25, [57, 60, -69, -77])
(90, 178.75, 1.75, 0.25, [-57, -60, 65, 69])
(90, 179, 2, 0.5, [48, 74, 69])
(90, 179.5, 2.5, 0.5, [57, 60, 65, 72, -69])
(91, 180, 1, 0.25, [52, 79, 70])
(91, 180.25, 1.25, 0.25, [-52, 78, -70])
(91, 180.5, 1.5, 0.25, [60, 64, 79, -70])
(91, 180.75, 1.75, 0.25, [-60, -64, 78, -70])
(91, 181, 2, 0.5, [48, 79, -70])
(91, 181.5, 2.5, 0.5, [60, 64, 82, 74])
(92, 182, 1, 0.25, [0, 53, 72, 81])
(92, 182.25, 1.25, 0.25, [60, -53, -72, -81])
(92, 182.5, 1.5, 0.25, [62, -53, -72, -81])
(92, 182.75, 1.75, 0.25, [64, -53, -72, -81])
(92, 183, 2, 0.25, [65, -53, -72, -81])
(92, 183.25, 2.25, 0.25, [64, -53, -72, -81])
(92, 183.5, 2.5, 0.25, [62, -53, -72, -81])
(92, 183.75, 2.75, 0.25, [60, -53, -72, -81])
(93, 184, 1, 0.5, [53, 69, 72])
(93, 184.5, 1.5, 0.25, [50, -69, -72])
(93, 184.75, 1.75, 0.25, [-50, 68, 71])
(93, 185, 2, 0.5, [52, 67, 70])
(93, 185.5, 2.5, 0.5, [48, 70, 76, 79])
(94, 186, 1, 0.5, [53, 69, 77])
(94, 186.5, 1.5, 0.25, [57, 60, -69, -77])
(94, 186.75, 1.75, 0.25, [-57, -60, 65, 69])
(94, 187, 2, 0.5, [53, 69, 74])
(94, 187.5, 2.5, 0.5, [54, 68, 75])
(95, 188, 1, 0.25, [55, 76, 67])
(95, 188.25, 1.25, 0.25, [-55, 75, -67])
(95, 188.5, 1.5, 0.25, [60, 64, 76, -67])
(95, 188.75, 1.75, 0.25, [-60, -64, 79, -67])
(95, 189, 2, 0.5, [45, 57, 66, 72])
(95, 189.5, 2.5, 0.5, [43, 55, 65, 71, 74])
(96, 190, 1, 0.5, [48, 60, 64, 72])
(96, 190.5, 1.5, 0, [54, -64, -72])
(96, 190.5, 1.5, 0.5, [55, -64, -72])
(96, 191, 2, 0.5, [48, -64, -72])
(96, 191.5, 2.5, 0.5, [0, 72])
(97, 192, 1, 0.5, [53, 69, 72])
(97, 192.5, 1.5, 0.25, [50, -69, -72])
(97, 192.75, 1.75, 0.25, [-50, 68, 71])
(97, 193, 2, 0.5, [52, 67, 70])
(97, 193.5, 2.5, 0.5, [48, 70, 76, 79])
(98, 194, 1, 0.5, [53, 69, 77])
(98, 194.5, 1.5, 0.25, [57, 60, -69, -77])
(98, 194.75, 1.75, 0.25, [-57, -60, 65, 69])
(98, 195, 2, 0.5, [48, 74, 69])
(98, 195.5, 2.5, 0.5, [57, 60, 65, 72, -69])
(99, 196, 1, 0.25, [52, 79, 70])
(99, 196.25, 1.25, 0.25, [-52, 78, -70])
(99, 196.5, 1.5, 0.25, [60, 64, 79, -70])
(99, 196.75, 1.75, 0.25, [-60, -64, 78, -70])
(99, 197, 2, 0.5, [48, 60, 79, -70])
(99, 197.5, 2.5, 0.5, [46, 58, 80, 74, 76])
(100, 198, 1, 0.5, [45, 57, 73, 76, 81])
(100, 198.5, 1.5, 0, [51, -73, -76, -81])
(100, 198.5, 1.5, 0.5, [52, -73, -76, -81])
(100, 199, 2, 0.5, [45, -73, -76, -81])
(100, 199.5, 2.5, 0.5, [0, 81])
(101, 200, 1, 0.5, [46, 81, 74])
(101, 200.5, 1.5, 0.25, [58, 62, -81, -74])
(101, 200.75, 1.75, 0.25, [-58, -62, 79, -74])
(101, 201, 2, 0.5, [47, 88, 80])
(101, 201.5, 2.5, 0.5, [56, 62, 65, 86, -80])
(102, 202, 1, 0.5, [48, 86, 77, 81])
(102, 202.5, 1.5, 0.5, [57, 60, 65, 84, -77, -81])
(102, 203, 2, 0.25, [53, -84, 0])
(102, 203.25, 2.25, 0.25, [-53, 81, 0])
(102, 203.5, 2.5, 0.25, [57, 60, 65, 77, 0])
(102, 203.75, 2.75, 0.25, [-57, -60, -65, 72, 0])
(103, 204, 1, 0.25, [52, 74])
(103, 204.25, 1.25, 0.25, [-52, 75])
(103, 204.5, 1.5, 0.25, [58, 60, 76])
(103, 204.75, 1.75, 0.25, [-58, -60, 79])
(103, 205, 2, 0.25, [48, 76])
(103, 205.25, 2.25, 0.25, [-48, 77])
(103, 205.5, 2.5, 0.25, [58, 60, 64, 79])
(103, 205.75, 2.75, 0.25, [-58, -60, -64, 84])
(104, 206, 1, 0.5, [57, 60, 65, 53, 77])
(104, 206.5, 1.5, 0, [-57, -60, -65, 47, -77])
(104, 206.5, 1.5, 0.5, [-57, -60, -65, 48, -77])
(104, 207, 2, 0.5, [-57, -60, -65, 41, 77, 81, 89])
(104, 207.5, 2.5, 0.5, [0, 0, 0])
