(0, 0, 1, 1, [0, 65])
(1, 1, 1, 1, [46, 58, 70, 0])
(1, 2, 2, 1, [-46, -58, -70, 62, 65])
(1, 3, 3, 1, [44, 56, 74, 0])
(1, 4, 4, 1, [-44, -56, -74, 62, 65, 70])
(2, 5, 1, 1, [43, 55, 75, 0])
(2, 6, 2, 1, [-43, -55, -75, 63, 67, 70])
(2, 7, 3, 1, [42, 54, 76, 0])
(2, 8, 4, 1, [-42, -54, -76, 64, 70, 73])
(3, 9, 1, 1, [41, 53, 77, 0])
(3, 10, 2, 1, [-41, -53, -77, 65, 70, 74])
(3, 11, 3, 0.5, [57, 60, 63, 69, 0, 77])
(3, 11.5, 3.5, 0.5, [-57, -60, -63, -69, 0, 75])
(3, 12, 4, 1, [-57, -60, -63, -69, 0, 69])
(4, 13, 1, 1, [46, 70])
(4, 14, 2, 1, [53, 58, 62, 0])
(4, 15, 3, 1, [41, 0])
(4, 16, 4, 1, [53, 58, 62, 74])
(5, 17, 1, 1, [48, 75])
(5, 18, 2, 0.5, [53, 57, 63, -75])
(5, 18.5, 2.5, 0.5, [-53, -57, -63, 74])
(5, 19, 3, 1, [41, 72])
(5, 20, 4, 0.5, [53, 57, 63, -72])
(5, 20.5, 4.5, 0.5, [-53, -57, -63, 74])
(6, 21, 1, 1, [48, 75])
(6, 22, 2, 1, [53, 57, 63, 77])
(6, 23, 3, 1, [41, 72])
(6, 24, 4, 1, [53, 57, 63, -72])
(7, 25, 1, 1, [46, 74])
(7, 26, 2, 0.5, [53, 58, 62, -74])
(7, 26.5, 2.5, 0.5, [-53, -58, -62, 72])
(7, 27, 3, 1, [41, 70])
(7, 28, 4, 0.5, [53, 58, 62, -70])
(7, 28.5, 4.5, 0.5, [-53, -58, -62, 72])
(8, 29, 1, 1, [46, 74])
(8, 30, 2, 1, [53, 58, 62, 77])
(8, 31, 3, 1, [50, 65])
(8, 32, 4, 1, [53, 58, 62, 68])
(9, 33, 1, 1, [51, 67])
(9, 34, 2, 0.5, [55, 58, 63, -67])
(9, 34.5, 2.5, 0.5, [-55, -58, -63, 70])
(9, 35, 3, 1, [51, 75])
(9, 36, 4, 1, [55, 58, 63, 67])
(10, 37, 1, 1, [50, 70])
(10, 38, 2, 0.5, [53, 58, 62, -70])
(10, 38.5, 2.5, 0.5, [-53, -58, -62, 74])
(10, 39, 3, 1, [50, 77])
(10, 40, 4, 1, [53, 58, 62, 65])
(11, 41, 1, 0.5, [41, 53, 77])
(11, 41.5, 1.5, 0.5, [-41, -53, 75])
(11, 42, 2, 1, [53, 58, 62, 74])
(11, 43, 3, 0.5, [41, 53, 75])
(11, 43.5, 3.5, 0.5, [-41, -53, 74])
(11, 44, 4, 1, [53, 57, 63, 72])
(12, 45, 1, 0.5, [46, 70])
(12, 45.5, 1.5, 0.5, [-46, 65])
(12, 46, 2, 0.5, [53, 58, 62, 66])
(12, 46.5, 2.5, 0.5, [-53, -58, -62, 67])
(12, 47, 3, 0.5, [41, 69])
(12, 47.5, 3.5, 0.5, [-41, 70])
(12, 48, 4, 0.5, [53, 58, 62, 72])
(12, 48.5, 4.5, 0.5, [-53, -58, -62, 74])
(13, 49, 1, 1, [48, 75])
(13, 50, 2, 0.5, [53, 57, 63, -75])
(13, 50.5, 2.5, 0.5, [-53, -57, -63, 74])
(13, 51, 3, 1, [41, 72])
(13, 52, 4, 0.5, [53, 57, 63, -72])
(13, 52.5, 4.5, 0.5, [-53, -57, -63, 74])
(14, 53, 1, 1, [48, 75])
(14, 54, 2, 1, [53, 57, 63, 77])
(14, 55, 3, 1, [41, 72])
(14, 56, 4, 1, [53, 57, 63, -72])
(15, 57, 1, 1, [46, 74])
(15, 58, 2, 0.5, [53, 58, 62, -74])
(15, 58.5, 2.5, 0.5, [-53, -58, -62, 72])
(15, 59, 3, 1, [41, 70])
(15, 60, 4, 0.5, [53, 58, 62, -70])
(15, 60.5, 4.5, 0.5, [-53, -58, -62, 72])
(16, 61, 1, 1, [46, 74])
(16, 62, 2, 1, [53, 58, 62, 77])
(16, 63, 3, 1, [50, 65])
(16, 64, 4, 1, [53, 58, 62, 68])
(17, 65, 1, 1, [51, 67])
(17, 66, 2, 0.5, [55, 58, 63, -67])
(17, 66.5, 2.5, 0.5, [-55, -58, -63, 70])
(17, 67, 3, 1, [51, 75])
(17, 68, 4, 1, [55, 58, 63, 67])
(18, 69, 1, 1, [50, 70])
(18, 70, 2, 0.5, [53, 58, 62, -70])
(18, 70.5, 2.5, 0.5, [-53, -58, -62, 74])
(18, 71, 3, 1, [50, 77])
(18, 72, 4, 1, [53, 58, 62, 65])
(19, 73, 1, 0.5, [41, 53, 77])
(19, 73.5, 1.5, 0.5, [-41, -53, 75])
(19, 74, 2, 1, [53, 58, 62, 74])
(19, 75, 3, 0.5, [41, 53, 75])
(19, 75.5, 3.5, 0.5, [-41, -53, 74])
(19, 76, 4, 1, [53, 57, 63, 72])
(20, 77, 1, 1, [46, 58, 62, 65, 70])
(20, 78, 2, 1, [53, 62, 65, 70])
(20, 79, 3, 1, [46, 58, 62, 65, 70])
(20, 80, 4, 1, [0, 74])
(21, 81, 1, 1, [46, 58, 62, 65, 70])
(21, 82, 2, 0.5, [53, 62, 65, 70])
(21, 82.5, 2.5, 0.5, [-53, 62, 65, 70])
(21, 83, 3, 1, [46, 58, 62, 65, 70])
(21, 84, 4, 1, [0, 0])
(22, 85, 1, 0.5, [43, 70, 74])
(22, 85.5, 1.5, 0.5, [42, -70, -74])
(22, 86, 2, 1, [43, 70, 74])
(22, 87, 3, 1, [38, 50, 69, 72])
(22, 88, 4, 1, [-38, -50, 69, 72])
(23, 89, 1, 0.5, [67, 70, 79])
(23, 89.5, 1.5, 0.5, [-67, -70, 78])
(23, 90, 2, 1, [67, 70, 79])
(23, 91, 3, 1, [66, 69, 74, 86])
(23, 92, 4, 0.5, [66, 69, -74, -86])
(23, 92.5, 4.5, 0.5, [-66, -69, 73, 85])
(24, 93, 1, 1, [0, 74, 86])
(24, 94, 2, 1, [38, 50, 0])
(24, 95, 3, 1, [39, 51, 0])
(24, 96, 4, 1, [40, 52, 0])
(25, 97, 1, 1, [41, 53, 0])
(25, 98, 2, 1, [42, 54, 74, 78, 81, 86])
(25, 99, 3, 1, [43, 55, 79, 82, 86, 91])
(25, 100, 4, 1, [0, 0])
(26, 101, 1, 0.5, [41, 69, 72])
(26, 101.5, 1.5, 0.5, [40, -69, -72])
(26, 102, 2, 1, [41, 69, 72])
(26, 103, 3, 1, [36, 48, 67, 70])
(26, 104, 4, 1, [-36, -48, 67, 70])
(27, 105, 1, 0.5, [65, 69, 77])
(27, 105.5, 1.5, 0.5, [-65, -69, 76])
(27, 106, 2, 1, [65, 69, 77])
(27, 107, 3, 1, [64, 67, 72, 84])
(27, 108, 4, 0.5, [64, 67, -72, -84])
(27, 108.5, 4.5, 0.5, [-64, -67, 71, 83])
(28, 109, 1, 1, [0, 72, 84])
(28, 110, 2, 1, [36, 48, 0])
(28, 111, 3, 1, [37, 49, 0])
(28, 112, 4, 1, [38, 50, 0])
(29, 113, 1, 1, [39, 51, 0])
(29, 114, 2, 1, [40, 52, 72, 76, 79, 84])
(29, 115, 3, 1, [41, 53, 77, 81, 84, 89])
(29, 116, 4, 1, [0, 65])
(30, 117, 1, 1, [53, 58, 70, 74])
(30, 118, 2, 1, [-53, -58, 65])
(30, 119, 3, 1, [53, 58, 70, 74])
(30, 120, 4, 1, [-53, -58, 65])
(31, 121, 1, 1, [53, 57, 72, 75])
(31, 122, 2, 1, [-53, -57, 65])
(31, 123, 3, 1, [53, 57, 72, 75])
(31, 124, 4, 1, [-53, -57, 65])
(32, 125, 1, 1.5, [41, 53])
(32, 126.5, 2.5, 0.5, [46, 58])
(32, 127, 3, 1, [43, 55])
(32, 128, 4, 1, [44, 56])
(33, 129, 1, 1, [45, 57])
(33, 130, 2, 1, [43, 55])
(33, 131, 3, 1, [41, 53])
(33, 132, 4, 1, [0, 65])
(34, 133, 1, 1, [53, 58, 70, 74])
(34, 134, 2, 1, [-53, -58, 65])
(34, 135, 3, 1, [53, 58, 70, 74])
(34, 136, 4, 1, [-53, -58, 65])
(35, 137, 1, 1, [56, 59, 62, 74, 77])
(35, 138, 2, 1, [-56, -59, -62, 65])
(35, 139, 3, 1, [56, 59, 62, 74, 77])
(35, 140, 4, 1, [-56, -59, -62, 65])
(36, 141, 1, 0.5, [45, 57])
(36, 141.5, 1.5, 0.5, [46, 58])
(36, 142, 2, 0.5, [47, 59])
(36, 142.5, 2.5, 0.5, [48, 60])
(36, 143, 3, 0.5, [49, 61])
(36, 143.5, 3.5, 0.5, [50, 62])
(36, 144, 4, 0.5, [51, 63])
(36, 144.5, 4.5, 0.5, [52, 64])
(37, 145, 1, 1, [53, 65])
(37, 146, 2, 1, [40, 52, 73, 76, 79, 85])
(37, 147, 3, 1, [38, 50, 74, 77, 81, 86])
(37, 148, 4, 1, [0, 65])
(38, 149, 1, 1, [53, 58, 70, 74])
(38, 150, 2, 1, [-53, -58, 65])
(38, 151, 3, 1, [53, 58, 70, 74])
(38, 152, 4, 1, [-53, -58, 65])
(39, 153, 1, 1, [53, 57, 72, 75])
(39, 154, 2, 1, [-53, -57, 65])
(39, 155, 3, 1, [53, 57, 72, 75])
(39, 156, 4, 1, [-53, -57, 65])
(40, 157, 1, 1.5, [41, 53])
(40, 158.5, 2.5, 0.5, [46, 58])
(40, 159, 3, 1, [43, 55])
(40, 160, 4, 1, [44, 56])
(41, 161, 1, 1, [45, 57])
(41, 162, 2, 1, [43, 55])
(41, 163, 3, 1, [41, 53])
(41, 164, 4, 1, [38, 50, 65, 70, 77])
(42, 165, 1, 1, [39, 51, 67, 70, 79])
(42, 166, 2, 1, [55, 58, 63, -67, -70, -79])
(42, 167, 3, 1, [43, 55, 70, 75, 82])
(42, 168, 4, 1, [42, 54, 72, 75, 84])
(43, 169, 1, 1, [41, 53, 74, 82, 86])
(43, 170, 2, 1, [53, 58, 62, -74, -82, -86])
(43, 171, 3, 1, [41, 53, 77, 86, 89])
(43, 172, 4, 1, [43, 55, 76, 85, 88])
(44, 173, 1, 1, [45, 57, 75, 84, 87])
(44, 174, 2, 1, [53, 57, 60, 63, -75, -84, -87])
(44, 175, 3, 1, [41, 53, 67, 75, 79])
(44, 176, 4, 1, [53, 57, 60, 63, 69, 75, 81])
(45, 177, 1, 1, [46, 58, 70, 74, 77, 82])
(45, 178, 2, 1, [53, 70, 74, 77, 82])
(45, 179, 3, 1, [46, 58, 70, 74, 77, 82])
(45, 180, 4, 1, [0, 65])
(46, 181, 1, 1, [46, 58, 70, 74, 77, 82])
(46, 182, 2, 1, [53, 70, 74, 77, 82])
(46, 183, 3, 1, [46, 58, 70, 74, 77, 82])
(46, 184, 4, 1, [0, 58])
(47, 185, 1, 0.5, [0, 70])
(47, 185.5, 1.5, 0.5, [0, 58])
(47, 186, 2, 0.5, [0, 62])
(47, 186.5, 2.5, 0.5, [0, 65])
(47, 187, 3, 1, [0, 70])
(47, 188, 4, 1, [0, 58])
(48, 189, 1, 0.5, [0, 70])
(48, 189.5, 1.5, 0.5, [0, 58])
(48, 190, 2, 0.5, [0, 63])
(48, 190.5, 2.5, 0.5, [0, 67])
(48, 191, 3, 1, [0, 70])
(48, 192, 4, 0.5, [0, 70, 82])
(48, 192.5, 4.5, 0.5, [0, 70, 82])
(49, 193, 1, 1, [62, 65, 70, 82])
(49, 194, 2, 0.5, [-62, -65, 70, 82])
(49, 194.5, 2.5, 0.5, [-62, -65, 70, 82])
(49, 195, 3, 1, [63, 67, 70, 82])
(49, 196, 4, 0.5, [-63, -67, 70, 82])
(49, 196.5, 4.5, 0.5, [-63, -67, 70, 82])
(50, 197, 1, 2, [65, 68, 70, 82])
(50, 199, 3, 0.5, [0, 0])
(50, 199.5, 3.5, 0.5, [0, 70])
(50, 200, 4, 0.5, [0, 75])
(50, 200.5, 4.5, 0.5, [0, 79])
(51, 201, 1, 1, [39, 51, 70, 79, 82])
(51, 202, 2, 1, [55, 58, 63, -70, -79, -82])
(51, 203, 3, 1, [34, 46, 72, 79, 84])
(51, 204, 4, 1, [55, 58, 63, -72, -79, -84])
(52, 205, 1, 1, [39, 51, 70, 79, 82])
(52, 206, 2, 0.5, [55, 58, 63, 70, 79, 82])
(52, 206.5, 2.5, 0.5, [-55, -58, -63, 70, 79, 82])
(52, 207, 3, 0.5, [34, 46, 70, 79, 82])
(52, 207.5, 3.5, 0.5, [-34, -46, 70])
(52, 208, 4, 0.5, [55, 58, 63, 75])
(52, 208.5, 4.5, 0.5, [-55, -58, -63, 79])
(53, 209, 1, 1, [39, 51, 70, 79, 82])
(53, 210, 2, 1, [55, 58, 63, -70, -79, -82])
(53, 211, 3, 1, [34, 46, 72, 79, 84])
(53, 212, 4, 1, [55, 58, 63, -72, -79, -84])
(54, 213, 1, 1, [41, 53, 70, 74, 80, 82])
(54, 214, 2, 0.5, [56, 58, 62, 70, 74, 80, 82])
(54, 214.5, 2.5, 0.5, [-56, -58, -62, 70, 74, 80, 82])
(54, 215, 3, 0.5, [34, 46, 70, 74, 80, 82])
(54, 215.5, 3.5, 0.5, [-34, -46, 70])
(54, 216, 4, 0.5, [56, 58, 62, 74])
(54, 216.5, 4.5, 0.5, [-56, -58, -62, 77])
(55, 217, 1, 1, [41, 53, 70, 74, 80, 82])
(55, 218, 2, 1, [56, 58, 62, -70, -74, -80, -82])
(55, 219, 3, 1, [34, 46, 72, 80, 84])
(55, 220, 4, 1, [56, 58, 62, -72, -80, -84])
(56, 221, 1, 1, [41, 53, 70, 74, 80, 82])
(56, 222, 2, 0.5, [56, 58, 62, 70, 74, 80, 82])
(56, 222.5, 2.5, 0.5, [-56, -58, -62, 70, 74, 80, 82])
(56, 223, 3, 0.5, [34, 46, 70, 74, 80, 82])
(56, 223.5, 3.5, 0.5, [-34, -46, 70, 82])
(56, 224, 4, 0.5, [56, 58, 62, 72, 84])
(56, 224.5, 4.5, 0.5, [-56, -58, -62, 73, 85])
(57, 225, 1, 1, [41, 53, 74, 82, 86])
(57, 226, 2, 1, [56, 58, 62, -74, -82, -86])
(57, 227, 3, 1, [38, 50, 72, 80, 84])
(57, 228, 4, 1, [56, 58, 62, -72, -80, -84])
(58, 229, 1, 1, [39, 51, 70, 79, 82])
(58, 230, 2, 0.5, [55, 58, 63, 70, 79, 82])
(58, 230.5, 2.5, 0.5, [-55, -58, -63, 70, 79, 82])
(58, 231, 3, 0.5, [34, 46, 70, 79, 82])
(58, 231.5, 3.5, 0.5, [-34, -46, 70])
(58, 232, 4, 0.5, [55, 58, 63, 75])
(58, 232.5, 4.5, 0.5, [-55, -58, -63, 79])
(59, 233, 1, 1, [39, 51, 70, 79, 82])
(59, 234, 2, 1, [55, 58, 63, -70, -79, -82])
(59, 235, 3, 1, [34, 46, 72, 79, 84])
(59, 236, 4, 1, [55, 58, 63, -72, -79, -84])
(60, 237, 1, 1, [39, 51, 70, 79, 82])
(60, 238, 2, 0.5, [55, 58, 63, 70, 79, 82])
(60, 238.5, 2.5, 0.5, [-55, -58, -63, 70, 79, 82])
(60, 239, 3, 0.5, [39, 51, 70, 79, 82])
(60, 239.5, 3.5, 0.5, [-39, -51, 70])
(60, 240, 4, 0.5, [55, 58, 63, 75])
(60, 240.5, 4.5, 0.5, [-55, -58, -63, 79])
(61, 241, 1, 1, [43, 55, 70, 79, 82])
(61, 242, 2, 1, [55, 58, 63, -70, -79, -82])
(61, 243, 3, 1, [42, 54, 72, 78, 84])
(61, 244, 4, 1, [54, 58, 63, -72, -78, -84])
(62, 245, 1, 1, [41, 53, 74, 82, 86])
(62, 246, 2, 0.5, [53, 58, 62, 74, 82, 86])
(62, 246.5, 2.5, 0.5, [-53, -58, -62, 74, 82, 86])
(62, 247, 3, 1, [53, 58, 62, 74, 82, 86])
(62, 248, 4, 0.5, [53, 58, 62, 74])
(62, 248.5, 4.5, 0.5, [-53, -58, -62, 75])
(63, 249, 1, 1, [45, 77])
(63, 250, 2, 0.5, [53, 57, 60, 63, 75])
(63, 250.5, 2.5, 0.5, [-53, -57, -60, -63, 72])
(63, 251, 3, 1, [41, 69])
(63, 252, 4, 1, [53, 57, 60, 63, 65])
(64, 253, 1, 1, [46, 79])
(64, 254, 2, 0.5, [53, 58, 62, 77])
(64, 254.5, 2.5, 0.5, [-53, -58, -62, 74])
(64, 255, 3, 1, [50, 70])
(64, 256, 4, 1, [53, 58, 62, 65])
(65, 257, 1, 1, [45, 77])
(65, 258, 2, 0.5, [53, 57, 60, 63, 75])
(65, 258.5, 2.5, 0.5, [-53, -57, -60, -63, 72])
(65, 259, 3, 1, [41, 69])
(65, 260, 4, 1, [53, 57, 60, 63, 65])
(66, 261, 1, 1, [46, 58, 70])
(66, 262, 2, 0.5, [53, 62, 65, 70])
(66, 262.5, 2.5, 0.5, [-53, 62, 65, 70])
(66, 263, 3, 0.5, [46, 58, 62, 65, 70])
(66, 263.5, 3.5, 0.5, [-46, -58, 70])
(66, 264, 4, 0.5, [0, 75])
(66, 264.5, 4.5, 0.5, [0, 79])
(67, 265, 1, 1, [46, 58, 70])
(67, 266, 2, 0.5, [50, 62, 65, 70])
(67, 266.5, 2.5, 0.5, [-50, 62, 65, 70])
(67, 267, 3, 1, [46, 58, 62, 65, 70])
(67, 268, 4, 1, [0, 70])
(68, 269, 1, 1, [38, 50, 65])
(68, 270, 2, 0.5, [56, 58, 62, -65])
(68, 270.5, 2.5, 0.5, [-56, -58, -62, 67])
(68, 271, 3, 1, [34, 46, 65, 68])
(68, 272, 4, 1, [56, 58, 62, 65, 68, 74])
(69, 273, 1, 1, [38, 50, 65, 68, 72])
(69, 274, 2, 1, [56, 58, 62, -65, -68, -72])
(69, 275, 3, 1, [34, 46, -65, -68, -72])
(69, 276, 4, 1, [56, 58, 62, 0])
(70, 277, 1, 1, [39, 51, 67])
(70, 278, 2, 0.5, [55, 58, 63, -67])
(70, 278.5, 2.5, 0.5, [-55, -58, -63, 68])
(70, 279, 3, 1, [34, 46, 67, 70])
(70, 280, 4, 1, [55, 58, 63, 67, 75])
(71, 281, 1, 1, [39, 51, 67, 72])
(71, 282, 2, 1, [55, 58, 63, -67, -72])
(71, 283, 3, 1, [34, 46, -67, -72])
(71, 284, 4, 1, [55, 58, 63, 0])
(72, 285, 1, 0.5, [41, 53, 68, 74, 80])
(72, 285.5, 1.5, 0.5, [-41, -53, 68, 74, 80])
(72, 286, 2, 1, [56, 58, 62, 68, 74, 80])
(72, 287, 3, 1, [34, 46, 68, 74, 80])
(72, 288, 4, 0.5, [56, 58, 62, -68, -74, -80])
(72, 288.5, 4.5, 0.5, [-56, -58, -62, 65, 77])
(73, 289, 1, 1, [39, 51, 63, 75])
(73, 290, 2, 1, [55, 58, 63, 67, 79])
(73, 291, 3, 1, [39, 51, 70, 82])
(73, 292, 4, 1, [55, 58, 63, -70, -82])
(74, 293, 1, 0.5, [41, 53, 68, 74, 80])
(74, 293.5, 1.5, 0.5, [-41, -53, 68, 74, 80])
(74, 294, 2, 1, [56, 58, 62, 68, 74, 80])
(74, 295, 3, 1, [34, 46, 68, 74, 80])
(74, 296, 4, 0.5, [56, 58, 62, -68, -74, -80])
(74, 296.5, 4.5, 0.5, [-56, -58, -62, 66, 78])
(75, 297, 1, 0.5, [39, 51, 67, 79])
(75, 297.5, 1.5, 0.5, [-39, -51, 75, 87])
(75, 298, 2, 0.5, [55, 58, 63, 74, 86])
(75, 298.5, 2.5, 0.5, [-55, -58, -63, 72, 84])
(75, 299, 3, 1, [39, 51, 70, 82])
(75, 300, 4, 1, [55, 58, 63, 70])
(76, 301, 1, 1, [38, 50, 65])
(76, 302, 2, 0.5, [56, 58, 62, -65])
(76, 302.5, 2.5, 0.5, [-56, -58, -62, 67])
(76, 303, 3, 1, [34, 46, 65, 68])
(76, 304, 4, 1, [56, 58, 62, 65, 68, 74])
(77, 305, 1, 1, [38, 50, 65, 68, 72])
(77, 306, 2, 1, [56, 58, 62, -65, -68, -72])
(77, 307, 3, 1, [34, 46, -65, -68, -72])
(77, 308, 4, 1, [56, 58, 62, 0])
(78, 309, 1, 1, [39, 51, 67])
(78, 310, 2, 0.5, [55, 58, 63, -67])
(78, 310.5, 2.5, 0.5, [-55, -58, -63, 68])
(78, 311, 3, 1, [34, 46, 67, 70])
(78, 312, 4, 1, [55, 58, 63, 67, 75])
(79, 313, 1, 1, [39, 51, 67, 72])
(79, 314, 2, 1, [55, 58, 63, -67, -72])
(79, 315, 3, 1, [39, 51, -67, -72])
(79, 316, 4, 1, [55, 58, 63, 0])
(80, 317, 1, 0.5, [35, 47, 75, 87])
(80, 317.5, 1.5, 0.5, [-35, -47, 75, 87])
(80, 318, 2, 1, [54, 57, 63, 75, 87])
(80, 319, 3, 1, [35, 47, 75, 87])
(80, 320, 4, 0.5, [54, 57, 63, -75, -87])
(80, 320.5, 4.5, 0.5, [-54, -57, -63, 69, 81])
(81, 321, 1, 1, [34, 46, 70, 82])
(81, 322, 2, 1, [55, 58, 63, 72, 84])
(81, 323, 3, 1, [31, 43, 70, 82])
(81, 324, 4, 1, [55, 58, 63, -70, -82])
(82, 325, 1, 0.5, [34, 46, 68, 74, 80])
(82, 325.5, 1.5, 0.5, [-34, -46, 68, 74, 80])
(82, 326, 2, 1, [56, 58, 62, 68, 74, 80])
(82, 327, 3, 1, [34, 46, 68, 74, 80])
(82, 328, 4, 0.5, [56, 58, 62, -68, -74, -80])
(82, 328.5, 4.5, 0.5, [-56, -58, -62, 65, 77])
(83, 329, 1, 0.5, [39, 51, 63, 75])
(83, 329.5, 1.5, 0.5, [-39, -51, 58])
(83, 330, 2, 0.5, [0, 59])
(83, 330.5, 2.5, 0.5, [0, 60])
(83, 331, 3, 0.5, [0, 61])
(83, 331.5, 3.5, 0.5, [0, 62])
(83, 332, 4, 0.5, [0, 63])
(83, 332.5, 4.5, 0.5, [0, 64])
(84, 333, 1, 1, [39, 51, 63, 67, 70, 75])
(84, 334, 2, 1, [0, 0])
(84, 335, 3, 1, [39, 51, 75, 79, 82, 87])
