(1, 0, 1, 0.5, [62, 74])
(1, 0.5, 1.5, 0.5, [57, 69])
(1, 1, 2, 0.5, [59, 71])
(1, 1.5, 2.5, 1.5, [60, 72])
(2, 3, 1, 0.5, [62, 74])
(2, 3.5, 1.5, 0.5, [55, 67])
(2, 4, 2, 0.5, [57, 69])
(2, 4.5, 2.5, 1.5, [59, 71])
(3, 6, 1, 1, [58, 67])
(3, 7, 2, 0.5, [55, 70])
(3, 7.5, 2.5, 1, [52, 73])
(3, 8.5, 3.5, 0.5, [39, 51, 61, 67, 69, 73])
(4, 9, 1, 0.5, [38, 50, 62, 66, 69, 74])
(4, 9.5, 1.5, 0.5, [0, 0])
(4, 10, 2, 0.5, [0, 0])
(4, 10.5, 2.5, 0.5, [43, 55, 59, 71])
(4, 11, 3, 0.5, [45, 57, 60, 72])
(4, 11.5, 3.5, 0.5, [46, 58, 61, 73])
(5, 12, 1, 1, [47, 59, 62, 74, 0])
(5, 13, 2, 0.5, [-47, -59, -62, -74, 67, 71])
(5, 13.5, 2.5, 1, [46, 58, 61, 73, 0])
(5, 14.5, 3.5, 0.5, [-46, -58, -61, -73, 67, 70])
(6, 15, 1, 0.5, [47, 59, 62, 67, 71, 74])
(6, 15.5, 1.5, 0.5, [0, 0])
(6, 16, 2, 0.5, [50, 55, 59, 74, 86])
(6, 16.5, 2.5, 0.5, [43, 71, 83])
(6, 17, 3, 0.5, [0, 69, 81])
(6, 17.5, 3.5, 0.5, [50, 55, 59, 67, 79])
(7, 18, 1, 1, [48, 60, 64, 76, 0])
(7, 19, 2, 0.5, [-48, -60, -64, -76, 67, 72])
(7, 19.5, 2.5, 1, [48, 60, 63, 75, 0])
(7, 20.5, 3.5, 0.5, [-48, -60, -63, -75, 67, 72])
(8, 21, 1, 1, [47, 59, 62, 74, 0])
(8, 22, 2, 0.5, [-47, -59, -62, -74, 67, 71])
(8, 22.5, 2.5, 0.5, [43, 0, 71])
(8, 23, 3, 0.5, [0, 0, 74])
(8, 23.5, 3.5, 0.5, [50, 55, 59, 0, 79])
(9, 24, 1, 0.5, [45, 72, 74, 78, 83])
(9, 24.5, 1.5, 0.5, [0, 0])
(9, 25, 2, 0.5, [50, 54, 60, 72, 74, 78, 81])
(9, 25.5, 2.5, 0.5, [38, 72, 74, 78, 81])
(9, 26, 3, 0.5, [0, 0])
(9, 26.5, 3.5, 0.5, [50, 54, 60, 72, 74, 78, 80])
(10, 27, 1, 0.5, [42, 72, 74, 78, 81])
(10, 27.5, 1.5, 0.5, [0, -72, -74, -78, -81])
(10, 28, 2, 0.5, [50, 54, 60, -72, -74, -78, -81])
(10, 28.5, 2.5, 0.5, [38, 72])
(10, 29, 3, 0.5, [0, 74])
(10, 29.5, 3.5, 0.5, [50, 54, 60, 78])
(11, 30, 1, 0.5, [43, 71, 74, 81])
(11, 30.5, 1.5, 0.5, [0, 0])
(11, 31, 2, 0.5, [50, 55, 59, 71, 74, 79])
(11, 31.5, 2.5, 0.5, [38, 71, 74, 79])
(11, 32, 3, 0.5, [0, 0])
(11, 32.5, 3.5, 0.5, [50, 55, 59, 71, 74, 81])
(12, 33, 1, 0.5, [43, 71, 74, 83])
(12, 33.5, 1.5, 0.5, [0, -71, -74, -83])
(12, 34, 2, 0.5, [50, 55, 59, -71, -74, -83])
(12, 34.5, 2.5, 0.5, [43, 55, 59, 71])
(12, 35, 3, 0.5, [45, 57, 60, 72])
(12, 35.5, 3.5, 0.5, [46, 58, 61, 73])
(13, 36, 1, 1, [47, 59, 62, 74, 0])
(13, 37, 2, 0.5, [-47, -59, -62, -74, 67, 71])
(13, 37.5, 2.5, 1, [46, 58, 61, 73, 0])
(13, 38.5, 3.5, 0.5, [-46, -58, -61, -73, 67, 70])
(14, 39, 1, 0.5, [47, 59, 62, 67, 71, 74])
(14, 39.5, 1.5, 0.5, [0, 0])
(14, 40, 2, 0.5, [50, 55, 59, 74, 86])
(14, 40.5, 2.5, 0.5, [43, 71, 83])
(14, 41, 3, 0.5, [0, 69, 81])
(14, 41.5, 3.5, 0.5, [50, 55, 59, 67, 79])
(15, 42, 1, 1, [48, 60, 64, 76, 0])
(15, 43, 2, 0.5, [-48, -60, -64, -76, 67, 72])
(15, 43.5, 2.5, 1, [48, 60, 63, 75, 0])
(15, 44.5, 3.5, 0.5, [-48, -60, -63, -75, 67, 72])
(16, 45, 1, 1, [47, 59, 62, 74, 0])
(16, 46, 2, 0.5, [-47, -59, -62, -74, 67, 71])
(16, 46.5, 2.5, 0.5, [43, 0, 71])
(16, 47, 3, 0.5, [0, 0, 74])
(16, 47.5, 3.5, 0.5, [50, 55, 59, 0, 79])
(17, 48, 1, 0.5, [44, 71, 83])
(17, 48.5, 1.5, 0.5, [0, 0])
(17, 49, 2, 0.5, [53, 59, 62, 70, 82])
(17, 49.5, 2.5, 0.5, [53, 59, 62, 71, 83])
(17, 50, 3, 0.5, [0, 0])
(17, 50.5, 3.5, 0.5, [53, 59, 62, 74, 86])
(18, 51, 1, 0.5, [45, 69, 81])
(18, 51.5, 1.5, 0.5, [0, -69, -81])
(18, 52, 2, 0.5, [54, 57, 62, -69, -81])
(18, 52.5, 2.5, 0.5, [54, 57, 62, 81])
(18, 53, 3, 0.5, [0, 79])
(18, 53.5, 3.5, 0.5, [54, 57, 62, 78])
(19, 54, 1, 0.5, [40, 73, 83])
(19, 54.5, 1.5, 0.5, [0, -73, -83])
(19, 55, 2, 0.5, [55, 57, 61, -73, -83])
(19, 55.5, 2.5, 0.5, [45, 79])
(19, 56, 3, 0.5, [0, 78])
(19, 56.5, 3.5, 0.5, [55, 57, 61, 76])
(20, 57, 1, 1, [50, 54, 57, 62, 74])
(20, 58, 2, 0.5, [0, 0])
(20, 58.5, 2.5, 0.5, [43, 55, 59, 71])
(20, 59, 3, 0.5, [45, 57, 60, 72])
(20, 59.5, 3.5, 0.5, [46, 58, 61, 73])
(21, 60, 1, 1, [50, 54, 57, 62, 74])
(21, 61, 2, 0.5, [0, 74, 86])
(21, 61.5, 2.5, 0.5, [0, 74, 86])
(21, 62, 3, 0.5, [0, 73, 85])
(21, 62.5, 3.5, 0.5, [0, 74, 86])
(22, 63, 1, 1, [45, 78, 84, 90])
(22, 64, 2, 0.5, [50, 54, 60, 79, 84, 91])
(22, 64.5, 2.5, 1, [38, 81, 84, 93])
(22, 65.5, 3.5, 0.5, [50, 54, 60, -81, -84, -93])
(23, 66, 1, 1, [42, 76, 84, 88])
(23, 67, 2, 0.5, [50, 54, 60, 78, 84, 90])
(23, 67.5, 2.5, 0.5, [38, 79, 84, 91])
(23, 68, 3, 0.5, [0, 0])
(23, 68.5, 3.5, 0.5, [50, 54, 60, 72, 81, 84])
(24, 69, 1, 1, [43, 71, 79, 83])
(24, 70, 2, 0.5, [50, 55, 59, 70, 79, 82])
(24, 70.5, 2.5, 1, [38, 71, 79, 83])
(24, 71.5, 3.5, 0.5, [50, 55, 59, -71, -79, -83])
(25, 72, 1, 1, [43, -71, -79, -83])
(25, 73, 2, 0.5, [50, 55, 59, 71, 83])
(25, 73.5, 2.5, 1, [50, 55, 59, 69, 81])
(25, 74.5, 3.5, 0.5, [50, 55, 59, 67, 79])
(26, 75, 1, 1, [45, 66, 78])
(26, 76, 2, 0.5, [50, 54, 60, 67, 79])
(26, 76.5, 2.5, 1, [38, 69, 81])
(26, 77.5, 3.5, 0.5, [50, 54, 60, 71, 83])
(27, 78, 1, 1, [42, 72, 84])
(27, 79, 2, 0.5, [50, 54, 60, 74, 86])
(27, 79.5, 2.5, 1, [38, 76, 88])
(27, 80.5, 3.5, 0.5, [50, 57, 60, 78, 90])
(28, 81, 1, 1, [43, 79, 83, 91])
(28, 82, 2, 0.5, [50, 55, 59, -79, -83, -91])
(28, 82.5, 2.5, 1, [49, 55, 58, 76, 79, 82, 88])
(28, 83.5, 3.5, 0.5, [49, 55, 58, -76, -79, -82, -88])
(29, 84, 1, 0.5, [50, 55, 59, 74, 79, 83, 86])
(29, 84.5, 1.5, 0.5, [0, 0])
(29, 85, 2, 0.5, [0, 74, 86])
(29, 85.5, 2.5, 0.5, [0, 74, 86])
(29, 86, 3, 0.5, [0, 73, 85])
(29, 86.5, 3.5, 0.5, [0, 74, 86])
(30, 87, 1, 1, [45, 78, 84, 90])
(30, 88, 2, 0.5, [50, 54, 60, 79, 84, 91])
(30, 88.5, 2.5, 1, [38, 81, 84, 93])
(30, 89.5, 3.5, 0.5, [50, 54, 60, -81, -84, -93])
(31, 90, 1, 1, [42, 76, 84, 88])
(31, 91, 2, 0.5, [50, 54, 60, 78, 84, 90])
(31, 91.5, 2.5, 0.5, [38, 79, 84, 91])
(31, 92, 3, 0.5, [0, 0])
(31, 92.5, 3.5, 0.5, [50, 54, 60, 72, 84])
(32, 93, 1, 1, [43, 55, 71, 74, 79, 83])
(32, 94, 2, 0.5, [41, 53, -71, -74, -79, -83])
(32, 94.5, 2.5, 1, [40, 52, 71, 74, 79, 83])
(32, 95.5, 3.5, 0.5, [38, 50, -71, -74, -79, -83])
(33, 96, 1, 1.5, [36, 48, 72, 76, 79, 84])
(33, 97.5, 2.5, 1.5, [37, 49, 76, 79, 82, 88])
(34, 99, 1, 1, [38, 50, 74, 79, 83, 86])
(34, 100, 2, 0.5, [50, 55, 59, 71, 83])
(34, 100.5, 2.5, 1, [50, 55, 59, 69, 81])
(34, 101.5, 3.5, 0.5, [50, 55, 59, 67, 79])
(35, 102, 1, 1, [45, 66, 78])
(35, 103, 2, 0.5, [50, 54, 60, -66, -78])
(35, 103.5, 2.5, 1, [38, 74, 86])
(35, 104.5, 3.5, 0.5, [50, 54, 60, -74, -86])
(36, 105, 1, 0.5, [59, 55, 67, 79])
(36, 105.5, 1.5, 0.5, [-59, 47, -67, -79])
(36, 106, 2, 0.5, [-59, 52, -67, -79])
(36, 106.5, 2.5, 0.5, [-59, 49, -67, -79])
(36, 107, 3, 0.5, [-59, 50, -67, -79])
(36, 107.5, 3.5, 0.5, [-59, 47, -67, -79])
(37, 108, 1, 0.5, [-59, 43, -67, -79])
(37, 108.5, 1.5, 0.5, [0, 0, 0])
(37, 109, 2, 0.5, [0, 0, 74, 86])
(37, 109.5, 2.5, 0.5, [0, 0, 74, 86])
(37, 110, 3, 0.5, [0, 0, 73, 85])
(37, 110.5, 3.5, 0.5, [0, 0, 74, 86])
(38, 111, 1, 0.5, [59, 55, 67, 79])
(38, 111.5, 1.5, 0.5, [-59, 47, -67, -79])
(38, 112, 2, 0.5, [-59, 52, -67, -79])
(38, 112.5, 2.5, 0.5, [-59, 49, -67, -79])
(38, 113, 3, 0.5, [-59, 50, -67, -79])
(38, 113.5, 3.5, 0.5, [-59, 47, -67, -79])
(39, 114, 1, 0.5, [-59, 43, -67, -79])
(39, 114.5, 1.5, 0.5, [0, 0, 0])
(39, 115, 2, 0.5, [0, 0, 0])
(39, 115.5, 2.5, 0.5, [31, 43, 0, 79, 83, 86, 91])
(39, 116, 3, 0.5, [0, 0, 0])
(39, 116.5, 3.5, 0.5, [0, 0, 0])
(40, 117, 1, 0.5, [36, 48, 72, 76, 84])
(40, 117.5, 1.5, 0.5, [0, -72, -76, -84])
(40, 118, 2, 0.5, [55, 60, 64, -72, -76, -84])
(40, 118.5, 2.5, 0.5, [43, -72, -76, -84])
(40, 119, 3, 0.5, [0, 78])
(40, 119.5, 3.5, 0.5, [55, 60, 64, 79])
(41, 120, 1, 1, [47, 81])
(41, 121, 2, 0.5, [55, 59, 65, 77])
(41, 121.5, 2.5, 1, [43, 74])
(41, 122.5, 3.5, 0.5, [55, 59, 65, 79])
(42, 123, 1, 0.5, [48, 72, 76, 84])
(42, 123.5, 1.5, 0.5, [0, -72, -76, -84])
(42, 124, 2, 0.5, [55, 60, 64, -72, -76, -84])
(42, 124.5, 2.5, 0.5, [43, -72, -76, -84])
(42, 125, 3, 0.5, [0, 78])
(42, 125.5, 3.5, 0.5, [55, 60, 64, 79])
(43, 126, 1, 1, [47, 81])
(43, 127, 2, 0.5, [55, 59, 65, 77])
(43, 127.5, 2.5, 1, [43, 74])
(43, 128.5, 3.5, 0.5, [55, 59, 65, 79])
(44, 129, 1, 0.5, [50, 77, 83, 89])
(44, 129.5, 1.5, 0.5, [0, -77, -83, -89])
(44, 130, 2, 0.5, [55, 59, 65, -77, -83, -89])
(44, 130.5, 2.5, 0.5, [55, -77, -83, -89])
(44, 131, 3, 0.5, [-55, 76, 88])
(44, 131.5, 3.5, 0.5, [53, 74, 86])
(45, 132, 1, 1, [52, 79, 84, 91])
(45, 133, 2, 0.5, [55, 60, -79, -84, -91])
(45, 133.5, 2.5, 1, [51, 72, 79, 84])
(45, 134.5, 3.5, 0.5, [55, 60, -72, -79, -84])
(46, 135, 1, 1, [50, 71, 79, 83])
(46, 136, 2, 0.5, [55, 59, -71, -79, -83])
(46, 136.5, 2.5, 0.5, [50, -71, -79, -83])
(46, 137, 3, 0.5, [-50, 72, 84])
(46, 137.5, 3.5, 0.5, [54, 60, 69, 81])
(47, 138, 1, 0.5, [55, 59, 67, 79])
(47, 138.5, 1.5, 0.5, [0, 0])
(47, 139, 2, 0.5, [0, 0])
(47, 139.5, 2.5, 0.5, [31, 43, 79, 83, 91])
(47, 140, 3, 0.5, [0, 0])
(47, 140.5, 3.5, 0.5, [0, 0])
(48, 141, 1, 0.5, [36, 48, 72, 76, 84])
(48, 141.5, 1.5, 0.5, [0, -72, -76, -84])
(48, 142, 2, 0.5, [55, 60, 64, -72, -76, -84])
(48, 142.5, 2.5, 0.5, [43, -72, -76, -84])
(48, 143, 3, 0.5, [0, 78])
(48, 143.5, 3.5, 0.5, [55, 60, 64, 79])
(49, 144, 1, 1, [47, 81])
(49, 145, 2, 0.5, [55, 59, 65, 77])
(49, 145.5, 2.5, 1, [43, 74])
(49, 146.5, 3.5, 0.5, [55, 59, 65, 79])
(50, 147, 1, 0.5, [48, 72, 76, 84])
(50, 147.5, 1.5, 0.5, [0, -72, -76, -84])
(50, 148, 2, 0.5, [55, 60, 64, -72, -76, -84])
(50, 148.5, 2.5, 0.5, [43, -72, -76, -84])
(50, 149, 3, 0.5, [0, 78])
(50, 149.5, 3.5, 0.5, [55, 60, 64, 79])
(51, 150, 1, 1, [47, 81])
(51, 151, 2, 0.5, [55, 59, 65, 77])
(51, 151.5, 2.5, 1, [43, 74])
(51, 152.5, 3.5, 0.5, [55, 59, 65, 79])
(52, 153, 1, 1, [43, 77, 83, 89])
(52, 154, 2, 0.5, [55, 59, 65, -77, -83, -89])
(52, 154.5, 2.5, 0.5, [44, -77, -83, -89])
(52, 155, 3, 0.5, [-44, 76, 88])
(52, 155.5, 3.5, 0.5, [59, 62, 64, 74, 86])
(53, 156, 1, 1, [45, 72, 84])
(53, 157, 2, 0.5, [57, 60, 64, -72, -84])
(53, 157.5, 2.5, 0.5, [42, -72, -84])
(53, 158, 3, 0.5, [-42, 71, 83])
(53, 158.5, 3.5, 0.5, [57, 60, 63, 69, 81])
(54, 159, 1, 0.5, [43, 67, 76, 79])
(54, 159.5, 1.5, 0.5, [0, -67, -76, -79])
(54, 160, 2, 0.5, [55, 60, 64, -67, -76, -79])
(54, 160.5, 2.5, 0.5, [43, 74, 77, 86])
(54, 161, 3, 0.5, [0, -74, -77, -86])
(54, 161.5, 3.5, 0.5, [55, 59, 65, -74, -77, -86])
(55, 162, 1, 1, [60, 64, 72, 84])
(55, 163, 2, 0.5, [42, 54, 66, 78])
(55, 163.5, 2.5, 0.5, [43, 55, 67, 79])
(55, 164, 3, 0.5, [41, 53, 69, 81])
(55, 164.5, 3.5, 0.5, [38, 50, 71, 83])
(56, 165, 1, 1, [60, 64, 72, 84])
(56, 166, 2, 0.5, [0, 0])
(56, 166.5, 2.5, 1, [48, 60, 0])
(56, 167.5, 3.5, 0.5, [47, 59, 0])
(57, 168, 1, 1.5, [45, 57, 0])
(57, 169.5, 2.5, 0.5, [-45, -57, 0])
(57, 170, 3, 0.5, [47, 59, 0])
(57, 170.5, 3.5, 0.5, [48, 60, 0])
(58, 171, 1, 1, [40, 52, 0])
(58, 172, 2, 0.5, [0, 0])
(58, 172.5, 2.5, 1, [40, 52, 0])
(58, 173.5, 3.5, 0.5, [40, 52, 0])
(59, 174, 1, 1.5, [41, 53, 71, 74, 80])
(59, 175.5, 2.5, 1.5, [40, 52, 71, 74, 80])
(60, 177, 1, 1, [45, 57, 69, 72, 81])
(60, 178, 2, 0.5, [0, 0])
(60, 178.5, 2.5, 1, [47, 59, 0])
(60, 179.5, 3.5, 0.5, [45, 57, 0])
(61, 180, 1, 1.5, [43, 55, 0])
(61, 181.5, 2.5, 0.5, [-43, -55, 0])
(61, 182, 3, 0.5, [45, 57, 0])
(61, 182.5, 3.5, 0.5, [47, 59, 0])
(62, 183, 1, 1, [38, 50, 0])
(62, 184, 2, 0.5, [0, 0])
(62, 184.5, 2.5, 1, [38, 50, 0])
(62, 185.5, 3.5, 0.5, [38, 50, 0])
(63, 186, 1, 1.5, [39, 51, 69, 72, 78])
(63, 187.5, 2.5, 1.5, [38, 50, 69, 72, 78])
(64, 189, 1, 1, [43, 55, 67, 71, 79])
(64, 190, 2, 0.5, [0, 0])
(64, 190.5, 2.5, 1, [43, 0])
(64, 191.5, 3.5, 0.5, [43, 0])
(65, 192, 1, 0.5, [44, 71, 74, 77])
(65, 192.5, 1.5, 0.5, [47, -71, -74, -77])
(65, 193, 2, 0.5, [50, -71, -74, -77])
(65, 193.5, 2.5, 1.5, [53, 68, 71, 74])
(66, 195, 1, 0.5, [52, 69, 72])
(66, 195.5, 1.5, 0.5, [48, -69, -72])
(66, 196, 2, 0.5, [47, -69, -72])
(66, 196.5, 2.5, 0.5, [45, 72, 76, 81])
(66, 197, 3, 0.5, [47, -72, -76, -81])
(66, 197.5, 3.5, 0.5, [48, -72, -76, -81])
(67, 198, 1, 0.5, [49, 76, 79, 82])
(67, 198.5, 1.5, 0.5, [52, -76, -79, -82])
(67, 199, 2, 0.5, [55, -76, -79, -82])
(67, 199.5, 2.5, 1.5, [58, 73, 76, 79])
(68, 201, 1, 0.5, [57, 74, 77])
(68, 201.5, 1.5, 0.5, [53, -74, -77])
(68, 202, 2, 0.5, [52, -74, -77])
(68, 202.5, 2.5, 0.5, [50, 74, 77, 86])
(68, 203, 3, 0.5, [52, -74, -77, -86])
(68, 203.5, 3.5, 0.5, [53, -74, -77, -86])
(69, 204, 1, 0.5, [54, 72, 75, 81])
(69, 204.5, 1.5, 0.5, [57, -72, -75, -81])
(69, 205, 2, 0.5, [60, -72, -75, -81])
(69, 205.5, 2.5, 1.5, [63, 72, 78, 81])
(70, 207, 1, 0.5, [64, 72, 79])
(70, 207.5, 1.5, 0.5, [60, 0])
(70, 208, 2, 0.5, [55, 0])
(70, 208.5, 2.5, 1, [52, 0])
(70, 209.5, 3.5, 0.5, [43, 55, 0])
(71, 210, 1, 1, [47, 59, 74, 77, 79])
(71, 211, 2, 0.5, [46, 58, 74, 77, 80])
(71, 211.5, 2.5, 1, [45, 57, 74, 77, 81])
(71, 212.5, 3.5, 0.5, [44, 56, 74, 77, 82])
(72, 213, 1, 0.5, [43, 55, 74, 77, 83])
(72, 213.5, 1.5, 0.5, [0, 0])
(72, 214, 2, 0.5, [0, 0])
(72, 214.5, 2.5, 0.5, [31, 43, 79, 83, 86, 91])
(72, 215, 3, 0.5, [0, 0])
(72, 215.5, 3.5, 0.5, [0, 0])
(73, 216, 1, 0.5, [36, 48, 72, 76, 84])
(73, 216.5, 1.5, 0.5, [0, -72, -76, -84])
(73, 217, 2, 0.5, [55, 60, 64, -72, -76, -84])
(73, 217.5, 2.5, 0.5, [43, -72, -76, -84])
(73, 218, 3, 0.5, [0, 78])
(73, 218.5, 3.5, 0.5, [55, 60, 64, 79])
(74, 219, 1, 1, [47, 81])
(74, 220, 2, 0.5, [55, 59, 65, 77])
(74, 220.5, 2.5, 1, [43, 74])
(74, 221.5, 3.5, 0.5, [55, 59, 65, 79])
(75, 222, 1, 0.5, [48, 72, 76, 84])
(75, 222.5, 1.5, 0.5, [0, -72, -76, -84])
(75, 223, 2, 0.5, [55, 60, 64, -72, -76, -84])
(75, 223.5, 2.5, 0.5, [43, -72, -76, -84])
(75, 224, 3, 0.5, [0, 78])
(75, 224.5, 3.5, 0.5, [55, 60, 64, 79])
(76, 225, 1, 1, [47, 81])
(76, 226, 2, 0.5, [55, 59, 65, 77])
(76, 226.5, 2.5, 1, [43, 74])
(76, 227.5, 3.5, 0.5, [55, 59, 65, 79])
(77, 228, 1, 0.5, [50, 77, 83, 89])
(77, 228.5, 1.5, 0.5, [0, -77, -83, -89])
(77, 229, 2, 0.5, [55, 59, 65, -77, -83, -89])
(77, 229.5, 2.5, 0.5, [55, -77, -83, -89])
(77, 230, 3, 0.5, [-55, 76, 88])
(77, 230.5, 3.5, 0.5, [53, 74, 86])
(78, 231, 1, 1, [52, 79, 84, 95])
(78, 232, 2, 0.5, [55, 60, -79, -84, -95])
(78, 232.5, 2.5, 1, [51, 72, 79, 84])
(78, 233.5, 3.5, 0.5, [55, 60, -72, -79, -84])
(79, 234, 1, 1, [50, 71, 79, 83])
(79, 235, 2, 0.5, [55, 59, -71, -79, -83])
(79, 235.5, 2.5, 0.5, [50, -71, -79, -83])
(79, 236, 3, 0.5, [-50, 72, 84])
(79, 236.5, 3.5, 0.5, [54, 60, 69, 81])
(80, 237, 1, 0.5, [55, 59, 67, 79])
(80, 237.5, 1.5, 0.5, [0, 0])
(80, 238, 2, 0.5, [0, 0])
(80, 238.5, 2.5, 0.5, [31, 43, 79, 83, 91])
(80, 239, 3, 0.5, [0, 0])
(80, 239.5, 3.5, 0.5, [0, 0])
(81, 240, 1, 0.5, [36, 48, 72, 76, 84])
(81, 240.5, 1.5, 0.5, [0, -72, -76, -84])
(81, 241, 2, 0.5, [55, 60, 64, -72, -76, -84])
(81, 241.5, 2.5, 0.5, [43, -72, -76, -84])
(81, 242, 3, 0.5, [0, 78])
(81, 242.5, 3.5, 0.5, [55, 60, 64, 79])
(82, 243, 1, 1, [47, 81])
(82, 244, 2, 0.5, [55, 59, 65, 77])
(82, 244.5, 2.5, 1, [43, 74])
(82, 245.5, 3.5, 0.5, [55, 59, 65, 79])
(83, 246, 1, 0.5, [48, 72, 76, 84])
(83, 246.5, 1.5, 0.5, [0, -72, -76, -84])
(83, 247, 2, 0.5, [55, 60, 64, -72, -76, -84])
(83, 247.5, 2.5, 0.5, [43, -72, -76, -84])
(83, 248, 3, 0.5, [0, 78])
(83, 248.5, 3.5, 0.5, [55, 60, 64, 79])
(84, 249, 1, 1, [47, 81])
(84, 250, 2, 0.5, [55, 59, 65, 77])
(84, 250.5, 2.5, 1, [43, 74])
(84, 251.5, 3.5, 0.5, [55, 59, 65, 79])
(85, 252, 1, 1, [43, 77, 83, 89])
(85, 253, 2, 0.5, [55, 59, 65, -77, -83, -89])
(85, 253.5, 2.5, 0.5, [44, -77, -83, -89])
(85, 254, 3, 0.5, [-44, 76, 88])
(85, 254.5, 3.5, 0.5, [59, 62, 64, 74, 86])
(86, 255, 1, 0.5, [45, 72, 84])
(86, 255.5, 1.5, 0.5, [0, -72, -84])
(86, 256, 2, 0.5, [57, 60, 64, -72, -84])
(86, 256.5, 2.5, 0.5, [42, -72, -84])
(86, 257, 3, 0.5, [0, 71, 83])
(86, 257.5, 3.5, 0.5, [57, 60, 63, 69, 81])
(87, 258, 1, 0.5, [43, 67, 76, 79])
(87, 258.5, 1.5, 0.5, [0, -67, -76, -79])
(87, 259, 2, 0.5, [55, 60, 64, -67, -76, -79])
(87, 259.5, 2.5, 0.5, [43, 74, 77, 86])
(87, 260, 3, 0.5, [0, -74, -77, -86])
(87, 260.5, 3.5, 0.5, [55, 59, 65, -74, -77, -86])
(88, 261, 1, 1, [60, 64, 72, 84])
(88, 262, 2, 0.5, [0, 0])
(88, 262.5, 2.5, 1, [48, 60, 0])
(88, 263.5, 3.5, 0.5, [47, 59, 0])
(89, 264, 1, 1, [60, 64, 72, 84])
(89, 265, 2, 0.5, [0, 0])
(89, 265.5, 2.5, 0.5, [36, 48, 72, 76, 79, 84])
(89, 266, 3, 0.5, [0, 0])
(89, 266.5, 3.5, 0.5, [0, 0])
