(1, 0, 1, 0.25, [52, 60])
(1, 0.25, 1.25, 0.25, [53, 62])
(1, 0.5, 1.5, 0.25, [55, 64])
(1, 0.75, 1.75, 0.25, [57, 65])
(1, 1, 2, 0.25, [-57, -65])
(1, 1.25, 2.25, 0.25, [59, 67])
(1, 1.5, 2.5, 0.25, [60, 69])
(1, 1.75, 2.75, 0.25, [62, 71])
(2, 2, 1, 0.25, [64, 72])
(2, 2.25, 1.25, 0.25, [62, 71])
(2, 2.5, 1.5, 0.25, [60, 69])
(2, 2.75, 1.75, 0.25, [59, 67])
(2, 3, 2, 0.25, [-59, -67])
(2, 3.25, 2.25, 0.25, [57, 65])
(2, 3.5, 2.5, 0.5, [55, 64])
(3, 4, 1, 0.25, [64, 67])
(3, 4.25, 1.25, 0.25, [65, 69])
(3, 4.5, 1.5, 0.25, [64, 67])
(3, 4.75, 1.75, 0.25, [63, 66])
(3, 5, 2, 0.25, [64, 67])
(3, 5.25, 2.25, 0.25, [65, 69])
(3, 5.5, 2.5, 0.25, [64, 67])
(3, 5.75, 2.75, 0.25, [63, 66])
(4, 6, 1, 0.5, [64, 67])
(4, 6.5, 1.5, 0.5, [52, 64, 67, 79])
(4, 7, 2, 0.5, [51, 63, 69, 78])
(4, 7.5, 2.5, 0.5, [50, 62, 71, 77])
(5, 8, 1, 0.25, [55, 48, 72, 76])
(5, 8.25, 1.25, 0.25, [57, -48, -72, -76])
(5, 8.5, 1.5, 0.25, [55, -48, -72, -76])
(5, 8.75, 1.75, 0.25, [-55, -48, 76])
(5, 9, 2, 0.25, [0, 43, 55, 72, 75])
(5, 9.25, 2.25, 0.25, [0, -43, -55, 76])
(5, 9.5, 2.5, 0.25, [0, 52, 55, 60, 79])
(5, 9.75, 2.75, 0.25, [0, -52, -55, -60, 76, 84])
(6, 10, 1, 0.25, [48, -76, -84])
(6, 10.25, 1.25, 0.25, [-48, 83])
(6, 10.5, 1.5, 0.5, [55, 60, 64, 76, 81])
(6, 11, 2, 0.25, [48, 75, 81])
(6, 11.25, 2.25, 0.25, [-48, 76, 79])
(6, 11.5, 2.5, 0.5, [55, 60, 64, -76, -79])
(7, 12, 1, 0.25, [55, 48, 72, 76])
(7, 12.25, 1.25, 0.25, [57, -48, -72, -76])
(7, 12.5, 1.5, 0.25, [55, -48, -72, -76])
(7, 12.75, 1.75, 0.25, [-55, -48, 72, 76])
(7, 13, 2, 0.25, [0, 49, 61, 70, 75])
(7, 13.25, 2.25, 0.25, [0, -49, -61, 76])
(7, 13.5, 2.5, 0.25, [0, 55, 61, 64, 70, 79])
(7, 13.75, 2.75, 0.25, [0, -55, -61, -64, 76])
(8, 14, 1, 0.5, [50, 62, 71, 77])
(8, 14.5, 1.5, 0.25, [55, 59, 65, 77])
(8, 14.75, 1.75, 0.25, [-55, -59, -65, 76])
(8, 15, 2, 0.25, [43, 55, 74])
(8, 15.25, 2.25, 0.25, [-43, -55, 86])
(8, 15.5, 2.5, 0.25, [55, 59, 65, 74])
(8, 15.75, 2.75, 0.25, [-55, -59, -65, 75])
(9, 16, 1, 0.25, [55, 48, 72, 76])
(9, 16.25, 1.25, 0.25, [57, -48, -72, -76])
(9, 16.5, 1.5, 0.25, [55, -48, -72, -76])
(9, 16.75, 1.75, 0.25, [-55, -48, 76])
(9, 17, 2, 0.25, [0, 43, 72, 75])
(9, 17.25, 2.25, 0.25, [0, -43, 76])
(9, 17.5, 2.5, 0.25, [0, 55, 60, 64, 79])
(9, 17.75, 2.75, 0.25, [0, -55, -60, -64, 76, 84])
(10, 18, 1, 0.25, [36, 48, -76, -84])
(10, 18.25, 1.25, 0.25, [-36, -48, 83])
(10, 18.5, 1.5, 0.5, [55, 60, 64, 76, 81])
(10, 19, 2, 0.25, [43, 75, 81])
(10, 19.25, 2.25, 0.25, [-43, 76, 79])
(10, 19.5, 2.5, 0.5, [52, 55, 60, -76, -79])
(11, 20, 1, 0.25, [42, 54, 75, 81, 84])
(11, 20.25, 1.25, 0.25, [-42, -54, 78])
(11, 20.5, 1.5, 0.25, [57, 59, 66, 81])
(11, 20.75, 1.75, 0.25, [-57, -59, -66, 75, 81, 83])
(11, 21, 2, 0.25, [35, 47, -75, -81, -83])
(11, 21.25, 2.25, 0.25, [-35, -47, 84])
(11, 21.5, 2.5, 0.5, [57, 63, 66, 75, 81, 83])
(12, 22, 1, 0.5, [40, 52, 76, 79, 83, 88])
(12, 22.5, 1.5, 0.5, [52, 64, 67, 79])
(12, 23, 2, 0.5, [51, 63, 69, 78])
(12, 23.5, 2.5, 0.5, [50, 62, 71, 78])
(13, 24, 1, 0.25, [55, 48, 72, 76])
(13, 24.25, 1.25, 0.25, [57, -48, -72, -76])
(13, 24.5, 1.5, 0.25, [55, -48, -72, -76])
(13, 24.75, 1.75, 0.25, [-55, -48, 76])
(13, 25, 2, 0.25, [0, 43, 55, 72, 75])
(13, 25.25, 2.25, 0.25, [0, -43, -55, 76])
(13, 25.5, 2.5, 0.25, [0, 52, 55, 60, 79])
(13, 25.75, 2.75, 0.25, [0, -52, -55, -60, 76, 84])
(14, 26, 1, 0.25, [48, -76, -84])
(14, 26.25, 1.25, 0.25, [-48, 83])
(14, 26.5, 1.5, 0.5, [52, 55, 60, 76, 81])
(14, 27, 2, 0.25, [48, 75, 81])
(14, 27.25, 2.25, 0.25, [-48, 76, 79])
(14, 27.5, 2.5, 0.5, [52, 55, 60, -76, -79])
(15, 28, 1, 0.5, [47, 59, 76, 80, 86])
(15, 28.5, 1.5, 0.25, [40, 52, 76, 88])
(15, 28.75, 1.75, 0.25, [-40, -52, 76, 80, 86])
(15, 29, 2, 0.25, [42, 54, -76, -80, -86])
(15, 29.25, 2.25, 0.25, [-42, -54, 88])
(15, 29.5, 2.5, 0.5, [44, 56, 76, 80, 86])
(16, 30, 1, 0.25, [45, 57, 81, 84])
(16, 30.25, 1.25, 0.25, [-45, -57, 88])
(16, 30.5, 1.5, 0.25, [0, 84])
(16, 30.75, 1.75, 0.25, [0, 81])
(16, 31, 2, 0.25, [0, 76])
(16, 31.25, 2.25, 0.25, [0, 72])
(16, 31.5, 2.5, 0.25, [0, 69])
(16, 31.75, 2.75, 0.25, [0, 64])
(17, 32, 1, 0.5, [38, 50, 65])
(17, 32.5, 1.5, 0.25, [53, 57, 62, 67])
(17, 32.75, 1.75, 0.25, [-53, -57, -62, 69])
(17, 33, 2, 0.25, [41, 53, -69])
(17, 33.25, 2.25, 0.25, [-41, -53, 71])
(17, 33.5, 2.5, 0.5, [53, 57, 62, 72])
(18, 34, 1, 0.5, [42, 54, 69, 75, 81])
(18, 34.5, 1.5, 0.5, [54, 57, 63, -69, -75, -81])
(18, 35, 2, 0.5, [43, 55, 67, 76, 79])
(18, 35.5, 2.5, 0.5, [55, 60, 64, -67, -76, -79])
(19, 36, 1, 0.25, [43, 55, 71, 77, 81])
(19, 36.25, 1.25, 0.25, [-43, -55, 71, 77, 79])
(19, 36.5, 1.5, 0.25, [45, 57, -71, -77, -79])
(19, 36.75, 1.75, 0.25, [-45, -57, 71, 77, 79])
(19, 37, 2, 0.25, [47, 59, -71, -77, -79])
(19, 37.25, 2.25, 0.25, [-47, -59, 81])
(19, 37.5, 2.5, 0.5, [43, 55, 79])
(20, 38, 1, 0.5, [48, 60, 72, 76, 84])
(20, 38.5, 1.5, 0.5, [52, 64, 67, 79])
(20, 39, 2, 0.5, [51, 63, 69, 78])
(20, 39.5, 2.5, 0.5, [50, 62, 71, 77])
(21, 40, 1, 0.5, [36, 48, 72, 76, 84])
(21, 40.5, 1.5, 0.25, [64, 76])
(21, 40.75, 1.75, 0.25, [65, 77])
(21, 41, 2, 0.25, [-65, -77])
(21, 41.25, 2.25, 0.25, [63, 75])
(21, 41.5, 2.5, 0.5, [64, 76])
(22, 42, 1, 0.25, [52, 64, 76])
(22, 42.25, 1.25, 0.25, [-52, -64, 78])
(22, 42.5, 1.5, 0.25, [50, 62, 80])
(22, 42.75, 1.75, 0.25, [-50, -62, 81])
(22, 43, 2, 0.25, [48, 60, 83])
(22, 43.25, 2.25, 0.25, [-48, -60, 84])
(22, 43.5, 2.5, 0.25, [47, 59, 86])
(22, 43.75, 2.75, 0.25, [-47, -59, 88])
(23, 44, 1, 0.25, [45, 57, 76, 81, 86])
(23, 44.25, 1.25, 0.25, [-45, -57, 84])
(23, 44.5, 1.5, 0.25, [52, 57, 60, 83])
(23, 44.75, 1.75, 0.25, [-52, -57, -60, 76, 81, 84])
(23, 45, 2, 0.25, [40, 52, -76, -81, -84])
(23, 45.25, 2.25, 0.25, [-40, -52, 83])
(23, 45.5, 2.5, 0.5, [52, 57, 60, 81])
(24, 46, 1, 0.25, [47, 74, 80, 84])
(24, 46.25, 1.25, 0.25, [-47, 83])
(24, 46.5, 1.5, 0.25, [52, 56, 62, 82])
(24, 46.75, 1.75, 0.25, [-52, -56, -62, 74, 80, 83])
(24, 47, 2, 0.25, [40, -74, -80, -83])
(24, 47.25, 2.25, 0.25, [-40, 81])
(24, 47.5, 2.5, 0.5, [52, 56, 62, 80])
(25, 48, 1, 0.25, [45, 72, 76, 83])
(25, 48.25, 1.25, 0.25, [-45, 81])
(25, 48.5, 1.5, 0.25, [52, 57, 60, 80])
(25, 48.75, 1.75, 0.25, [-52, -57, -60, 72, 76, 81])
(25, 49, 2, 0.25, [48, -72, -76, -81])
(25, 49.25, 2.25, 0.25, [-48, 75])
(25, 49.5, 2.5, 0.5, [52, 57, 60, 76])
(26, 50, 1, 0.25, [52, 64, 76])
(26, 50.25, 1.25, 0.25, [-52, -64, 78])
(26, 50.5, 1.5, 0.25, [50, 62, 80])
(26, 50.75, 1.75, 0.25, [-50, -62, 81])
(26, 51, 2, 0.25, [48, 60, 83])
(26, 51.25, 2.25, 0.25, [-48, -60, 84])
(26, 51.5, 2.5, 0.25, [47, 59, 86])
(26, 51.75, 2.75, 0.25, [-47, -59, 88])
(27, 52, 1, 0.25, [45, 57, 76, 81, 86])
(27, 52.25, 1.25, 0.25, [-45, -57, 84])
(27, 52.5, 1.5, 0.25, [52, 57, 60, 83])
(27, 52.75, 1.75, 0.25, [-52, -57, -60, 76, 81, 84])
(27, 53, 2, 0.25, [40, 52, -76, -81, -84])
(27, 53.25, 2.25, 0.25, [-40, -52, 83])
(27, 53.5, 2.5, 0.5, [52, 57, 60, 81])
(28, 54, 1, 0.25, [41, 53, 81, 75])
(28, 54.25, 1.25, 0.25, [-41, -53, 84, -75])
(28, 54.5, 1.5, 0.25, [59, 63, 69, 83, 75])
(28, 54.75, 1.75, 0.25, [-59, -63, -69, 81, -75])
(28, 55, 2, 0.25, [-59, -63, -69, -81, -75])
(28, 55.25, 2.25, 0.25, [-59, -63, -69, 83, -75])
(28, 55.5, 2.5, 0.5, [41, 53, 81, 75])
(29, 56, 1, 0.5, [40, 52, 76, 80])
(29, 56.5, 1.5, 0.25, [64, 76])
(29, 56.75, 1.75, 0.25, [65, 77])
(29, 57, 2, 0.25, [-65, -77])
(29, 57.25, 2.25, 0.25, [63, 75])
(29, 57.5, 2.5, 0.5, [64, 76])
(30, 58, 1, 0.25, [52, 64, 76])
(30, 58.25, 1.25, 0.25, [-52, -64, 78])
(30, 58.5, 1.5, 0.25, [50, 62, 80])
(30, 58.75, 1.75, 0.25, [-50, -62, 81])
(30, 59, 2, 0.25, [48, 60, 83])
(30, 59.25, 2.25, 0.25, [-48, -60, 84])
(30, 59.5, 2.5, 0.25, [47, 59, 86])
(30, 59.75, 2.75, 0.25, [-47, -59, 88])
(31, 60, 1, 0.25, [45, 57, 76, 81, 86])
(31, 60.25, 1.25, 0.25, [-45, -57, 84])
(31, 60.5, 1.5, 0.25, [52, 57, 60, 83])
(31, 60.75, 1.75, 0.25, [-52, -57, -60, 76, 81, 84])
(31, 61, 2, 0.25, [40, 52, -76, -81, -84])
(31, 61.25, 2.25, 0.25, [-40, -52, 83])
(31, 61.5, 2.5, 0.5, [52, 57, 60, 81])
(32, 62, 1, 0.25, [47, 74, 80, 84])
(32, 62.25, 1.25, 0.25, [-47, 83])
(32, 62.5, 1.5, 0.25, [52, 56, 62, 82])
(32, 62.75, 1.75, 0.25, [-52, -56, -62, 74, 80, 83])
(32, 63, 2, 0.25, [40, -74, -80, -83])
(32, 63.25, 2.25, 0.25, [-40, 81])
(32, 63.5, 2.5, 0.5, [52, 56, 62, 80])
(33, 64, 1, 0.25, [45, 57, 83])
(33, 64.25, 1.25, 0.25, [-45, -57, 81])
(33, 64.5, 1.5, 0.25, [57, 60, 64, 80])
(33, 64.75, 1.75, 0.25, [-57, -60, -64, 81])
(33, 65, 2, 0.25, [48, 60, -81])
(33, 65.25, 2.25, 0.25, [-48, -60, 81])
(33, 65.5, 2.5, 0.5, [52, 64, 72, 76, 81])
(34, 66, 1, 0.25, [53, 65, 69, 74, 81])
(34, 66.25, 1.25, 0.25, [-53, -65, 77])
(34, 66.5, 1.5, 0.25, [57, 62, 65, 74])
(34, 66.75, 1.75, 0.25, [-57, -62, -65, 69])
(34, 67, 2, 0.25, [52, 64, -69])
(34, 67.25, 2.25, 0.25, [-52, -64, 74])
(34, 67.5, 2.5, 0.5, [50, 62, 69, 77])
(35, 68, 1, 0.25, [52, 64, 76])
(35, 68.25, 1.25, 0.25, [-52, -64, 72])
(35, 68.5, 1.5, 0.25, [52, 57, 60, 69])
(35, 68.75, 1.75, 0.25, [-52, -57, -60, 64])
(35, 69, 2, 0.25, [50, 62, -64])
(35, 69.25, 2.25, 0.25, [-50, -62, 65])
(35, 69.5, 2.5, 0.5, [48, 60, 64])
(36, 70, 1, 0.25, [47, 59, 74])
(36, 70.25, 1.25, 0.25, [-47, -59, 72])
(36, 70.5, 1.5, 0.25, [56, 62, 64, 71])
(36, 70.75, 1.75, 0.25, [-56, -62, -64, 76])
(36, 71, 2, 0.25, [40, 52, -76])
(36, 71.25, 2.25, 0.25, [-40, -52, 74])
(36, 71.5, 2.5, 0.25, [56, 62, 64, 72])
(36, 71.75, 2.75, 0.25, [-56, -62, -64, 71])
(37, 72, 1, 0.5, [57, 60, 64, 69])
(37, 72.5, 1.5, 0.25, [64, 76])
(37, 72.75, 1.75, 0.25, [65, 77])
(37, 73, 2, 0.25, [-65, -77])
(37, 73.25, 2.25, 0.25, [63, 75])
(37, 73.5, 2.5, 0.5, [64, 76])
(38, 74, 1, 0.5, [0, 57, 60, 64, 0, 69])
(38, 74.5, 1.5, 0.5, [0, -57, -60, -64, 0, 72])
(38, 75, 2, 0.5, [62, 55, 65, 71, 71])
(38, 75.5, 2.5, 0.25, [59, -55, -65, 74, -71])
(38, 75.75, 2.75, 0.25, [-59, -55, -65, 75, -71])
(39, 76, 1, 0.25, [55, 48, 72, 76])
(39, 76.25, 1.25, 0.25, [57, -48, -72, -76])
(39, 76.5, 1.5, 0.25, [55, -48, -72, -76])
(39, 76.75, 1.75, 0.25, [-55, -48, 76])
(39, 77, 2, 0.25, [0, 43, 55, 72, 75])
(39, 77.25, 2.25, 0.25, [0, -43, -55, 76])
(39, 77.5, 2.5, 0.25, [0, 52, 55, 60, 79])
(39, 77.75, 2.75, 0.25, [0, -52, -55, -60, 76, 84])
(40, 78, 1, 0.25, [48, -76, -84])
(40, 78.25, 1.25, 0.25, [-48, 83])
(40, 78.5, 1.5, 0.5, [52, 55, 60, 76, 81])
(40, 79, 2, 0.25, [43, 75, 81])
(40, 79.25, 2.25, 0.25, [-43, 76, 79])
(40, 79.5, 2.5, 0.5, [52, 55, 60, -76, -79])
(41, 80, 1, 0.25, [55, 48, 72, 76])
(41, 80.25, 1.25, 0.25, [57, -48, -72, -76])
(41, 80.5, 1.5, 0.25, [55, -48, -72, -76])
(41, 80.75, 1.75, 0.25, [-55, -48, 72, 76])
(41, 81, 2, 0.25, [0, 49, 61, 70, 75])
(41, 81.25, 2.25, 0.25, [0, -49, -61, 76])
(41, 81.5, 2.5, 0.25, [0, 55, 61, 64, 70, 79])
(41, 81.75, 2.75, 0.25, [0, -55, -61, -64, 76])
(42, 82, 1, 0.5, [50, 62, 71, 77])
(42, 82.5, 1.5, 0.25, [55, 59, 65, 77])
(42, 82.75, 1.75, 0.25, [-55, -59, -65, 76])
(42, 83, 2, 0.25, [43, 55, 74])
(42, 83.25, 2.25, 0.25, [-43, -55, 86])
(42, 83.5, 2.5, 0.25, [55, 59, 65, 74])
(42, 83.75, 2.75, 0.25, [-55, -59, -65, 75])
(43, 84, 1, 0.25, [55, 48, 72, 76])
(43, 84.25, 1.25, 0.25, [57, -48, -72, -76])
(43, 84.5, 1.5, 0.25, [55, -48, -72, -76])
(43, 84.75, 1.75, 0.25, [-55, -48, 76])
(43, 85, 2, 0.25, [0, 43, 55, 72, 75])
(43, 85.25, 2.25, 0.25, [0, -43, -55, 76])
(43, 85.5, 2.5, 0.25, [0, 52, 55, 60, 79])
(43, 85.75, 2.75, 0.25, [0, -52, -55, -60, 76, 84])
(44, 86, 1, 0.25, [48, -76, -84])
(44, 86.25, 1.25, 0.25, [-48, 83])
(44, 86.5, 1.5, 0.5, [52, 55, 60, 76, 81])
(44, 87, 2, 0.25, [43, 75, 81])
(44, 87.25, 2.25, 0.25, [-43, 76, 79])
(44, 87.5, 2.5, 0.5, [52, 55, 60, -76, -79])
(45, 88, 1, 0.25, [42, 54, 75, 81, 84])
(45, 88.25, 1.25, 0.25, [-42, -54, 78])
(45, 88.5, 1.5, 0.25, [57, 59, 66, 81])
(45, 88.75, 1.75, 0.25, [-57, -59, -66, 75, 81, 83])
(45, 89, 2, 0.25, [47, -75, -81, -83])
(45, 89.25, 2.25, 0.25, [-47, 84])
(45, 89.5, 2.5, 0.5, [57, 63, 66, 75, 81, 83])
(46, 90, 1, 0.5, [40, 52, 76, 79, 83, 88])
(46, 90.5, 1.5, 0.5, [52, 64, 67, 79])
(46, 91, 2, 0.5, [51, 63, 69, 78])
(46, 91.5, 2.5, 0.5, [50, 62, 71, 77])
(47, 92, 1, 0.25, [55, 48, 72, 76])
(47, 92.25, 1.25, 0.25, [57, -48, -72, -76])
(47, 92.5, 1.5, 0.25, [55, -48, -72, -76])
(47, 92.75, 1.75, 0.25, [-55, -48, 76])
(47, 93, 2, 0.25, [0, 43, 55, 72, 75])
(47, 93.25, 2.25, 0.25, [0, -43, -55, 76])
(47, 93.5, 2.5, 0.25, [0, 52, 55, 60, 79])
(47, 93.75, 2.75, 0.25, [0, -52, -55, -60, 76, 84])
(48, 94, 1, 0.25, [48, -76, -84])
(48, 94.25, 1.25, 0.25, [-48, 83])
(48, 94.5, 1.5, 0.5, [52, 55, 60, 76, 81])
(48, 95, 2, 0.25, [43, 75, 81])
(48, 95.25, 2.25, 0.25, [-43, 76, 79])
(48, 95.5, 2.5, 0.5, [52, 55, 60, -76, -79])
(49, 96, 1, 0.5, [47, 59, 76, 80, 86])
(49, 96.5, 1.5, 0.25, [40, 52, 76, 80, 88])
(49, 96.75, 1.75, 0.25, [-40, -52, 76, 80, 86])
(49, 97, 2, 0.25, [42, 54, -76, -80, -86])
(49, 97.25, 2.25, 0.25, [-42, -54, 88])
(49, 97.5, 2.5, 0.5, [44, 56, 76, 80, 86])
(50, 98, 1, 0.25, [45, 57, 81, 84])
(50, 98.25, 1.25, 0.25, [-45, -57, 88])
(50, 98.5, 1.5, 0.25, [57, 60, 64, 84])
(50, 98.75, 1.75, 0.25, [-57, -60, -64, 81])
(50, 99, 2, 0.25, [0, 76])
(50, 99.25, 2.25, 0.25, [0, 72])
(50, 99.5, 2.5, 0.25, [0, 69])
(50, 99.75, 2.75, 0.25, [0, 64])
(51, 100, 1, 0.5, [38, 50, 65])
(51, 100.5, 1.5, 0.25, [53, 57, 62, 67])
(51, 100.75, 1.75, 0.25, [-53, -57, -62, 69])
(51, 101, 2, 0.25, [41, 53, -69])
(51, 101.25, 2.25, 0.25, [-41, -53, 71])
(51, 101.5, 2.5, 0.5, [53, 57, 62, 72])
(52, 102, 1, 0.5, [42, 54, 69, 75, 81])
(52, 102.5, 1.5, 0.5, [54, 57, 63, -69, -75, -81])
(52, 103, 2, 0.5, [43, 55, 67, 76, 79])
(52, 103.5, 2.5, 0.5, [55, 60, 64, -67, -76, -79])
(53, 104, 1, 0.25, [43, 55, 71, 77, 81])
(53, 104.25, 1.25, 0.25, [-43, -55, 71, 77, 79])
(53, 104.5, 1.5, 0.25, [45, 57, -71, -77, -79])
(53, 104.75, 1.75, 0.25, [-45, -57, 71, 77, 79])
(53, 105, 2, 0.25, [47, 59, -71, -77, -79])
(53, 105.25, 2.25, 0.25, [-47, -59, 81])
(53, 105.5, 2.5, 0.5, [43, 55, 71, 77, 79])
(54, 106, 1, 0.5, [48, 60, 72, 76, 84])
(54, 106.5, 1.5, 0.25, [0, 67, 79])
(54, 106.75, 1.75, 0.25, [0, 67, 79])
(54, 107, 2, 0.5, [0, 67, 79])
(54, 107.5, 2.5, 0.5, [46, 58, 67, 73, 76, 79])
(55, 108, 1, 0.5, [47, 59, 67, 74, 77, 79])
(55, 108.5, 1.5, 0.5, [55, 59, 65, -67, -74, -77, -79])
(55, 109, 2, 0.25, [43, 55, -67, -74, -77, -79])
(55, 109.25, 2.25, 0.25, [-43, -55, 79])
(55, 109.5, 2.5, 0.5, [41, 53, 67, 71, 74])
(56, 110, 1, 0.25, [40, 52, 67, 72])
(56, 110.25, 1.25, 0.25, [-40, -52, 79])
(56, 110.5, 1.5, 0.25, [55, 60, 64, -79])
(56, 110.75, 1.75, 0.25, [-55, -60, -64, 67, 76, 79])
(56, 111, 2, 0.5, [52, 64, -67, -76, -79])
(56, 111.5, 2.5, 0.5, [50, 62, 68, 74, 76, 80])
(57, 112, 1, 0.5, [49, 61, 69, 73, 76, 81])
(57, 112.5, 1.5, 0.5, [52, 55, 57, 61, -69, -73, -76, -81])
(57, 113, 2, 0.25, [45, 57, -69, -73, -76, -81])
(57, 113.25, 2.25, 0.25, [-45, -57, 81])
(57, 113.5, 2.5, 0.5, [43, 55, 69, 73, 76])
(58, 114, 1, 0.25, [41, 53, 69, 74])
(58, 114.25, 1.25, 0.25, [-41, -53, 81])
(58, 114.5, 1.5, 0.25, [53, 57, 62, -81])
(58, 114.75, 1.75, 0.25, [-53, -57, -62, 69, 77, 81])
(58, 115, 2, 0.5, [50, 62, -69, -77, -81])
(58, 115.5, 2.5, 0.5, [49, 61, 70, 76, 81])
(59, 116, 1, 0.5, [50, 62, 71, 77, 81])
(59, 116.5, 1.5, 0.25, [55, 59, 65, -71, -77, -81])
(59, 116.75, 1.75, 0.25, [-55, -59, -65, 70])
(59, 117, 2, 0.25, [43, 55, 71])
(59, 117.25, 2.25, 0.25, [-43, -55, 71, 77, 79])
(59, 117.5, 2.5, 0.25, [55, 59, 65, -71, -77, -79])
(59, 117.75, 2.75, 0.25, [-55, -59, -65, 71])
(60, 118, 1, 0.25, [50, 62, 77, 81])
(60, 118.25, 1.25, 0.25, [-50, -62, 70])
(60, 118.5, 1.5, 0.25, [55, 59, 65, 71])
(60, 118.75, 1.75, 0.25, [-55, -59, -65, 76, 79])
(60, 119, 2, 0.25, [43, 55, -76, -79])
(60, 119.25, 2.25, 0.25, [-43, -55, 71])
(60, 119.5, 2.5, 0.5, [47, 59, 74, 77, 79])
(61, 120, 1, 0.5, [48, 60, 72, 76, 81])
(61, 120.5, 1.5, 0.25, [55, 60, 64, -72, -76, -81])
(61, 120.75, 1.75, 0.25, [-55, -60, -64, 71])
(61, 121, 2, 0.25, [40, 52, 72])
(61, 121.25, 2.25, 0.25, [-40, -52, 76, 79])
(61, 121.5, 2.5, 0.25, [55, 60, 64, -76, -79])
(61, 121.75, 2.75, 0.25, [-55, -60, -64, 72])
(62, 122, 1, 0.25, [43, 55, 72, 76, 81])
(62, 122.25, 1.25, 0.25, [-43, -55, 71])
(62, 122.5, 1.5, 0.25, [52, 55, 60, 72])
(62, 122.75, 1.75, 0.25, [-52, -55, -60, 72, 76, 79])
(62, 123, 2, 0.5, [48, 60, -72, -76, -79])
(62, 123.5, 2.5, 0.5, [46, 58, 67, 73, 76, 79])
(63, 124, 1, 0.5, [47, 59, 67, 74, 77, 79])
(63, 124.5, 1.5, 0.5, [50, 53, 55, 59, -67, -74, -77, -79])
(63, 125, 2, 0.25, [43, 55, -67, -74, -77, -79])
(63, 125.25, 2.25, 0.25, [-43, -55, 79])
(63, 125.5, 2.5, 0.5, [41, 53, 67, 71, 74])
(64, 126, 1, 0.25, [40, 52, 67, 72])
(64, 126.25, 1.25, 0.25, [-40, -52, 79])
(64, 126.5, 1.5, 0.25, [55, 60, 64, -79])
(64, 126.75, 1.75, 0.25, [-55, -60, -64, 67, 76, 79])
(64, 127, 2, 0.5, [52, 64, -67, -76, -79])
(64, 127.5, 2.5, 0.5, [50, 62, 68, 74, 76, 80])
(65, 128, 1, 0.5, [49, 61, 69, 73, 76, 81])
(65, 128.5, 1.5, 0.5, [55, 61, 64, -69, -73, -76, -81])
(65, 129, 2, 0.25, [45, 57, -69, -73, -76, -81])
(65, 129.25, 2.25, 0.25, [-45, -57, 81])
(65, 129.5, 2.5, 0.5, [43, 55, 69, 73, 76])
(66, 130, 1, 0.25, [41, 53, 69, 74])
(66, 130.25, 1.25, 0.25, [-41, -53, 81])
(66, 130.5, 1.5, 0.25, [53, 57, 62, -81])
(66, 130.75, 1.75, 0.25, [-53, -57, -62, 69, 77, 81])
(66, 131, 2, 0.25, [38, 50, -69, -77, -81])
(66, 131.25, 2.25, 0.25, [-38, -50, 77])
(66, 131.5, 2.5, 0.5, [41, 53, 69, 74, 81])
(67, 132, 1, 0.5, [42, 54, 72, 75, 81])
(67, 132.5, 1.5, 0.25, [43, 55, -72, -75, -81])
(67, 132.75, 1.75, 0.25, [-43, -55, 78])
(67, 133, 2, 0.25, [45, 57, 75])
(67, 133.25, 2.25, 0.25, [-45, -57, 78])
(67, 133.5, 2.5, 0.5, [42, 54, 72, 75, 81])
(68, 134, 1, 0.5, [43, 55, 72, 76, 79])
(68, 134.5, 1.5, 0.25, [55, 60, 64, 72, 76, 81])
(68, 134.75, 1.75, 0.25, [-55, -60, -64, 72, 76, 79])
(68, 135, 2, 0.25, [40, 52, -72, -76, -79])
(68, 135.25, 2.25, 0.25, [-40, -52, 67])
(68, 135.5, 2.5, 0.5, [37, 49, 67, 70, 76])
(69, 136, 1, 0.5, [38, 50, 65, 69, 77])
(69, 136.5, 1.5, 0.25, [53, 57, 62, 74])
(69, 136.75, 1.75, 0.25, [-53, -57, -62, 72])
(69, 137, 2, 0.25, [43, 55, 71])
(69, 137.25, 2.25, 0.25, [-43, -55, 74])
(69, 137.5, 2.5, 0.25, [53, 55, 59, 69])
(69, 137.75, 2.75, 0.25, [-53, -55, -59, 71])
(70, 138, 1, 0.5, [48, 52, 55, 60, 64, 72])
(70, 138.5, 1.5, 0.25, [0, 67, 79])
(70, 138.75, 1.75, 0.25, [0, 67, 79])
(70, 139, 2, 0.5, [0, 67, 79])
(70, 139.5, 2.5, 0.5, [46, 58, 67, 73, 76, 79])
(71, 140, 1, 0.5, [48, 52, 55, 60, 64, 72])
(71, 140.5, 1.5, 0.25, [0, 76])
(71, 140.75, 1.75, 0.25, [0, 77])
(71, 141, 2, 0.25, [0, 78])
(71, 141.25, 2.25, 0.25, [0, 79])
(71, 141.5, 2.5, 0.25, [0, 81])
(71, 141.75, 2.75, 0.25, [0, 83])
(72, 142, 1, 0.5, [45, 57, 72, 76, 78, 84])
(72, 142.5, 1.5, 1, [45, 57, 72, 76, 78, 84])
(72, 143.5, 2.5, 0.5, [48, 60, 69, 76, 78, 81])
(73, 144, 1, 0.5, [47, 59, 0, 71, 75, 78, 83])
(73, 144.5, 1.5, 0.25, [54, 0, 66])
(73, 144.75, 1.75, 0.25, [59, 0, 71])
(73, 145, 2, 0.25, [-59, -71, 0])
(73, 145.25, 2.25, 0.25, [0, 78, 66])
(73, 145.5, 2.5, 0.5, [0, 83, 71])
(74, 146, 1, 0.5, [48, 60, 69, 76, 78, 81])
(74, 146.5, 1.5, 1, [45, 57, 72, 76, 78, 84])
(74, 147.5, 2.5, 0.5, [45, 57, 72, 76, 78, 84])
(75, 148, 1, 0.5, [47, 59, 71, 75, 78, 83])
(75, 148.5, 1.5, 0.25, [59, 71])
(75, 148.75, 1.75, 0.25, [58, 70])
(75, 149, 2, 0.5, [59, 71])
(75, 149.5, 1, 0.25, [0, 76])
(75, 149.75, 1.25, 0.25, [0, 78])
(76, 150, 1, 0.25, [52, 55, 59, 79])
(76, 150.25, 1.25, 0.25, [-52, -55, -59, 78])
(76, 150.5, 1.5, 0.25, [52, 55, 59, 77])
(76, 150.75, 1.75, 0.25, [-52, -55, -59, 76])
(76, 151, 2, 0.25, [52, 55, 58, 61, -76])
(76, 151.25, 2.25, 0.25, [-52, -55, -58, -61, 73])
(76, 151.5, 2.5, 0.25, [-52, -55, -58, -61, 71])
(76, 151.75, 2.75, 0.25, [-52, -55, -58, -61, 70])
(77, 152, 1, 0.25, [52, 55, 57, 60, 69])
(77, 152.25, 1.25, 0.25, [-52, -55, -57, -60, 71])
(77, 152.5, 1.5, 0.25, [-52, -55, -57, -60, 72])
(77, 152.75, 1.75, 0.25, [-52, -55, -57, -60, 69])
(77, 153, 2, 0.25, [51, 54, 57, 60, 72])
(77, 153.25, 2.25, 0.25, [-51, -54, -57, -60, 75])
(77, 153.5, 2.5, 0.5, [-51, -54, -57, -60, 78])
(78, 154, 1, 0.25, [52, 55, 59, 79])
(78, 154.25, 1.25, 0.25, [-52, -55, -59, 78])
(78, 154.5, 1.5, 0.25, [52, 55, 59, 77])
(78, 154.75, 1.75, 0.25, [-52, -55, -59, 76])
(78, 155, 2, 0.25, [52, 55, 58, 61, -76])
(78, 155.25, 2.25, 0.25, [-52, -55, -58, -61, 73])
(78, 155.5, 2.5, 0.25, [-52, -55, -58, -61, 71])
(78, 155.75, 2.75, 0.25, [-52, -55, -58, -61, 70])
(79, 156, 1, 0.25, [52, 57, 60, 69])
(79, 156.25, 1.25, 0.25, [-52, -57, -60, 71])
(79, 156.5, 1.5, 0.25, [-52, -57, -60, 72])
(79, 156.75, 1.75, 0.25, [-52, -57, -60, 69])
(79, 157, 2, 0.5, [51, 57, 60, 66])
(79, 157.5, 2.5, 0.25, [66, 69])
(79, 157.75, 2.75, 0.25, [67, 71])
(80, 158, 1, 0.5, [69, 72])
(80, 158.5, 1.5, 0.25, [63, 66])
(80, 158.75, 1.75, 0.25, [64, 67])
(80, 159, 2, 0.5, [66, 69])
(80, 159.5, 2.5, 0.25, [60, 63])
(80, 159.75, 2.75, 0.25, [61, 64])
(81, 160, 1, 0.5, [63, 66])
(81, 160.5, 1.5, 0.25, [57, 60])
(81, 160.75, 1.75, 0.25, [59, 62])
(81, 161, 2, 0.5, [60, 63])
(81, 161.5, 2.5, 0.25, [54, 57])
(81, 161.75, 2.75, 0.25, [55, 59])
(82, 162, 1, 0.5, [57, 0, 60])
(82, 162.5, 1.5, 0.25, [54, 0, 57])
(82, 162.75, 1.75, 0.25, [55, 0, 59])
(82, 163, 2, 0.5, [57, 60, 60])
(82, 163.5, 2.5, 0.5, [45, 57, -60, 72, 76, 78, 84])
(83, 164, 1, 0.5, [47, 59, 71, 75, 78, 83])
(83, 164.5, 1.5, 0.25, [59, 71])
(83, 164.75, 1.75, 0.25, [58, 70])
(83, 165, 2, 0.5, [59, 71])
(83, 165.5, 2.5, 0.25, [0, 76])
(83, 165.75, 2.75, 0.25, [0, 78])
(84, 166, 1, 0.25, [52, 55, 59, 79])
(84, 166.25, 1.25, 0.25, [-52, -55, -59, 78])
(84, 166.5, 1.5, 0.25, [52, 55, 59, 77])
(84, 166.75, 1.75, 0.25, [-52, -55, -59, 76])
(84, 167, 2, 0.25, [52, 55, 58, 61, -76])
(84, 167.25, 2.25, 0.25, [-52, -55, -58, -61, 73])
(84, 167.5, 2.5, 0.25, [-52, -55, -58, -61, 71])
(84, 167.75, 2.75, 0.25, [-52, -55, -58, -61, 70])
(85, 168, 1, 0.25, [52, 55, 57, 60, 69])
(85, 168.25, 1.25, 0.25, [-52, -55, -57, -60, 71])
(85, 168.5, 1.5, 0.25, [-52, -55, -57, -60, 72])
(85, 168.75, 1.75, 0.25, [-52, -55, -57, -60, 69])
(85, 169, 2, 0.25, [51, 54, 57, 60, 72])
(85, 169.25, 2.25, 0.25, [-51, -54, -57, -60, 75])
(85, 169.5, 2.5, 0.5, [-51, -54, -57, -60, 78])
(86, 170, 1, 0.25, [52, 55, 59, 79])
(86, 170.25, 1.25, 0.25, [-52, -55, -59, 78])
(86, 170.5, 1.5, 0.25, [52, 55, 59, 77])
(86, 170.75, 1.75, 0.25, [-52, -55, -59, 76])
(86, 171, 2, 0.25, [52, 55, 58, 61, -76])
(86, 171.25, 2.25, 0.25, [-52, -55, -58, -61, 73])
(86, 171.5, 2.5, 0.25, [-52, -55, -58, -61, 71])
(86, 171.75, 2.75, 0.25, [-52, -55, -58, -61, 70])
(87, 172, 1, 0.25, [52, 57, 60, 69])
(87, 172.25, 1.25, 0.25, [-52, -57, -60, 71])
(87, 172.5, 1.5, 0.25, [-52, -57, -60, 72])
(87, 172.75, 1.75, 0.25, [-52, -57, -60, 69])
(87, 173, 2, 0.5, [51, 57, 60, 66])
(87, 173.5, 2.5, 0.5, [0, 0])
(88, 174, 1, 0.25, [66, 81])
(88, 174.25, 1.25, 0.25, [65, 80])
(88, 174.5, 1.5, 0.25, [64, 79])
(88, 174.75, 1.75, 0.25, [63, 78])
(88, 175, 2, 0.25, [-63, -78])
(88, 175.25, 2.25, 0.25, [62, 77])
(88, 175.5, 2.5, 0.25, [61, 76])
(88, 175.75, 2.75, 0.25, [60, 75])
(89, 176, 1, 0.25, [62, 74])
(89, 176.25, 1.25, 0.25, [61, 73])
(89, 176.5, 1.5, 0.25, [60, 72])
(89, 176.75, 1.75, 0.25, [59, 71])
(89, 177, 2, 0.25, [-59, -71])
(89, 177.25, 2.25, 0.25, [58, 70])
(89, 177.5, 2.5, 0.25, [57, 69])
(89, 177.75, 2.75, 0.25, [56, 68])
(90, 178, 1, 0.5, [55, 67])
(90, 178.5, 1.5, 0.25, [67, 79])
(90, 178.75, 1.75, 0.25, [66, 78])
(90, 179, 2, 0.5, [67, 79])
(90, 179.5, 2.5, 0.25, [67, 79])
(90, 179.75, 2.75, 0.25, [69, 81])
(91, 180, 1, 0.5, [67, 79])
(91, 180.5, 1.5, 0.5, [52, 64, 67, 79])
(91, 181, 2, 0.5, [51, 63, 69, 78])
(91, 181.5, 2.5, 0.5, [50, 62, 71, 77])
(92, 182, 1, 0.25, [55, 48, 72, 76])
(92, 182.25, 1.25, 0.25, [57, -48, -72, -76])
(92, 182.5, 1.5, 0.25, [55, -48, -72, -76])
(92, 182.75, 1.75, 0.25, [-55, -48, 76])
(92, 183, 2, 0.25, [0, 43, 55, 72, 75])
(92, 183.25, 2.25, 0.25, [0, -43, -55, 76])
(92, 183.5, 2.5, 0.25, [0, 52, 55, 60, 79])
(92, 183.75, 2.75, 0.25, [0, -52, -55, -60, 76, 84])
(93, 184, 1, 0.25, [48, -76, -84])
(93, 184.25, 1.25, 0.25, [-48, 83])
(93, 184.5, 1.5, 0.5, [55, 60, 64, 76, 81])
(93, 185, 2, 0.25, [48, 75, 81])
(93, 185.25, 2.25, 0.25, [-48, 76, 79])
(93, 185.5, 2.5, 0.5, [55, 60, 64, -76, -79])
(94, 186, 1, 0.25, [55, 48, 72, 76])
(94, 186.25, 1.25, 0.25, [57, -48, -72, -76])
(94, 186.5, 1.5, 0.25, [55, -48, -72, -76])
(94, 186.75, 1.75, 0.25, [-55, -48, 72, 76])
(94, 187, 2, 0.25, [0, 49, 61, 70, 75])
(94, 187.25, 2.25, 0.25, [0, -49, -61, 76])
(94, 187.5, 2.5, 0.25, [0, 55, 61, 64, 70, 79])
(94, 187.75, 2.75, 0.25, [0, -55, -61, -64, 76])
(95, 188, 1, 0.5, [50, 62, 71, 77])
(95, 188.5, 1.5, 0.25, [55, 59, 65, 77])
(95, 188.75, 1.75, 0.25, [-55, -59, -65, 76])
(95, 189, 2, 0.25, [43, 55, 74])
(95, 189.25, 2.25, 0.25, [-43, -55, 86])
(95, 189.5, 2.5, 0.25, [55, 59, 65, 74])
(95, 189.75, 2.75, 0.25, [-55, -59, -65, 75])
(96, 190, 1, 0.25, [55, 48, 72, 76])
(96, 190.25, 1.25, 0.25, [57, -48, -72, -76])
(96, 190.5, 1.5, 0.25, [55, -48, -72, -76])
(96, 190.75, 1.75, 0.25, [-55, -48, 76])
(96, 191, 2, 0.25, [0, 43, 72, 75])
(96, 191.25, 2.25, 0.25, [0, -43, 76])
(96, 191.5, 2.5, 0.25, [0, 55, 60, 64, 79])
(96, 191.75, 2.75, 0.25, [0, -55, -60, -64, 76, 84])
(97, 192, 1, 0.25, [36, 48, -76, -84])
(97, 192.25, 1.25, 0.25, [-36, -48, 83])
(97, 192.5, 1.5, 0.5, [55, 60, 64, 76, 81])
(97, 193, 2, 0.25, [43, 75, 81])
(97, 193.25, 2.25, 0.25, [-43, 76, 79])
(97, 193.5, 2.5, 0.5, [52, 55, 60, -76, -79])
(98, 194, 1, 0.25, [42, 54, 75, 81, 84])
(98, 194.25, 1.25, 0.25, [-42, -54, 78])
(98, 194.5, 1.5, 0.25, [57, 59, 66, 81])
(98, 194.75, 1.75, 0.25, [-57, -59, -66, 75, 81, 83])
(98, 195, 2, 0.25, [35, 47, -75, -81, -83])
(98, 195.25, 2.25, 0.25, [-35, -47, 84])
(98, 195.5, 2.5, 0.5, [57, 63, 66, 75, 81, 83])
(99, 196, 1, 0.5, [40, 52, 76, 79, 83, 88])
(99, 196.5, 1.5, 0.5, [52, 64, 67, 79])
(99, 197, 2, 0.5, [51, 63, 69, 78])
(99, 197.5, 2.5, 0.5, [50, 62, 71, 77])
(100, 198, 1, 0.25, [55, 48, 72, 76])
(100, 198.25, 1.25, 0.25, [57, -48, -72, -76])
(100, 198.5, 1.5, 0.25, [55, -48, -72, -76])
(100, 198.75, 1.75, 0.25, [-55, -48, 76])
(100, 199, 2, 0.25, [0, 43, 55, 72, 75])
(100, 199.25, 2.25, 0.25, [0, -43, -55, 76])
(100, 199.5, 2.5, 0.25, [0, 52, 55, 60, 79])
(100, 199.75, 2.75, 0.25, [0, -52, -55, -60, 76, 84])
(101, 200, 1, 0.25, [48, -76, -84])
(101, 200.25, 1.25, 0.25, [-48, 83])
(101, 200.5, 1.5, 0.5, [52, 55, 60, 76, 81])
(101, 201, 2, 0.25, [48, 75, 81])
(101, 201.25, 2.25, 0.25, [-48, 76, 79])
(101, 201.5, 2.5, 0.5, [52, 55, 60, -76, -79])
(102, 202, 1, 0.5, [47, 59, 76, 80, 86])
(102, 202.5, 1.5, 0.25, [40, 52, 76, 80, 88])
(102, 202.75, 1.75, 0.25, [-40, -52, 76, 80, 86])
(102, 203, 2, 0.25, [42, 54, -76, 80, -86])
(102, 203.25, 2.25, 0.25, [-42, -54, 88])
(102, 203.5, 2.5, 0.5, [44, 56, 76, 80, 86])
(103, 204, 1, 0.25, [45, 57, 81, 84])
(103, 204.25, 1.25, 0.25, [-45, -57, 88])
(103, 204.5, 1.5, 0.25, [0, 84])
(103, 204.75, 1.75, 0.25, [0, 81])
(103, 205, 2, 0.25, [0, 76])
(103, 205.25, 2.25, 0.25, [0, 72])
(103, 205.5, 2.5, 0.25, [0, 69])
(103, 205.75, 2.75, 0.25, [0, 64])
(104, 206, 1, 0.5, [38, 50, 65])
(104, 206.5, 1.5, 0.25, [53, 57, 62, 67])
(104, 206.75, 1.75, 0.25, [-53, -57, -62, 69])
(104, 207, 2, 0.25, [41, 53, -69])
(104, 207.25, 2.25, 0.25, [-41, -53, 71])
(104, 207.5, 2.5, 0.5, [53, 57, 62, 72])
(105, 208, 1, 0.5, [42, 54, 69, 75, 81])
(105, 208.5, 1.5, 0.5, [54, 57, 63, -69, -75, -81])
(105, 209, 2, 0.5, [43, 55, 67, 76, 79])
(105, 209.5, 2.5, 0.5, [55, 60, 64, -67, -76, -79])
(106, 210, 1, 0.25, [43, 55, 71, 77, 81])
(106, 210.25, 1.25, 0.25, [-43, -55, 71, 77, 79])
(106, 210.5, 1.5, 0.25, [45, 57, -71, -77, -79])
(106, 210.75, 1.75, 0.25, [-45, -57, 71, 77, 79])
(106, 211, 2, 0.25, [47, 59, -71, -77, -79])
(106, 211.25, 2.25, 0.25, [-47, -59, 81])
(106, 211.5, 2.5, 0.5, [43, 57, 79])
(107, 212, 1, 0.25, [48, 52, 55, 60, 84])
(107, 212.25, 1.25, 0.25, [-48, -52, -55, -60, 83])
(107, 212.5, 1.5, 0.25, [0, 82])
(107, 212.75, 1.75, 0.25, [0, 81])
(107, 213, 2, 0.25, [0, -81])
(107, 213.25, 2.25, 0.25, [0, 80])
(107, 213.5, 2.5, 0.25, [0, 79])
(107, 213.75, 2.75, 0.25, [0, 78])
(108, 214, 1, 0.25, [0, 77])
(108, 214.25, 1.25, 0.25, [0, 76])
(108, 214.5, 1.5, 0.25, [0, 75])
(108, 214.75, 1.75, 0.25, [0, 74])
(108, 215, 2, 0.25, [0, -74])
(108, 215.25, 2.25, 0.25, [0, 76])
(108, 215.5, 2.5, 0.5, [0, 77])
(109, 216, 1, 0.5, [50, 69, 74, 77, 81])
(109, 216.5, 1.5, 0.25, [52, 0])
(109, 216.75, 1.75, 0.25, [53, 0])
(109, 217, 2, 0.25, [-53, 0])
(109, 217.25, 2.25, 0.25, [50, 0])
(109, 217.5, 2.5, 0.5, [43, 55, 71, 74, 77, 83])
(110, 218, 1, 0.5, [36, 48, 72, 76, 79, 84])
(110, 218.5, 1.5, 0.5, [0, 0])
(110, 219, 2, 1, [0, 0])
