<S> 0 44 56 / 68 -44 -56 / 51 56 60 63 75 / 68 -51 -56 -60 / 51 56 60 72 / 63 75 -51 -56 -60 / 45 57 -63 -75 / 67 -45 -57 / 46 58 63 75 / 67 -46 -58 / 51 55 61 70 / 63 75 -51 -55 -61 / 51 55 61 -63 -75 / 39 51 -63 -75 <END> 
<S> 46 58 63 75 / 67 -46 -58 / 51 55 61 69 / 70 -51 -55 -61 / 39 51 -67 / 72 -39 -51 / 43 55 70 / 75 -43 -55 / 46 58 67 / 72 -46 -58 / 51 57 60 75 / 70 -51 -56 -60 / 50 62 / 79 -50 -62 / 51 54 61 -81 / 71 -51 -54 -60 <END> 
<S> 39 51 78 / 79 -39 -51 / 58 63 67 75 / 75 -58 -63 -67 / 43 55 70 / 71 -43 -55 / 42 54 72 / 73 -42 -54 / 41 53 74 / 80 84 -41 -53 / 58 62 68 -80 -84 / 74 -58 -62 -68 / 46 80 84 / 58 62 68 68 77 / 76 -58 -62 -68 <END> 
<S> 39 51 67 75 79 / 68 -39 -51 -75 / 55 58 63 67 82 / 67 75 79 -55 -58 -63 / 39 -67 -71 -79 / 66 69 75 78 -39 -51 / 39 51 -69 -72 -75 -79 / 67 71 -39 -51 / 38 50 68 77 / 75 -38 -50 -68 / 43 55 71 / 70 82 -43 -55 / 44 56 74 77 83 / 75 79 83 -44 -56 <END> 
<S> 37 -68 -65 -71 -77 / 75 79 -35 -49 / 53 56 61 77 80 / 70 82 -56 -61 / 37 49 65 77 / 70 82 -37 -49 / 53 56 61 -65 -80 / 65 75 -53 -56 -61 / 0 53 57 65 / 0 72 -53 -57 / 56 60 65 68 74 / 0 68 80 -56 -60 -65 / 44 56 -65 -68 -77 -80 / 65 -44 -56 -77 / 41 53 70 74 / 79 -41 -53 -70 <END> 
<S> 0 53 56 62 65 / 70 72 -53 -56 -62 -65 / 0 53 57 61 65 70 / 0 63 69 75 -53 -57 -63 / 0 44 56 64 68 76 / 0 63 70 72 76 -43 -56 / 48 52 58 -64 -70 -72 -76 / 62 70 -36 -48 -64 / 36 48 58 64 67 / 69 72 -36 -48 -48 / 36 48 58 70 76 / 67 72 76 -36 -48 -58 -67 / 36 48 -64 -70 -72 / 76 -36 -48 -64 / 79 -36 -48 -64 -67 <END> 
<S> 48 64 67 70 / 72 -48 -64 -70 / 58 60 64 -67 -70 / 68 -48 -58 -60 -64 / 41 53 69 / 68 -41 -53 / 57 60 65 69 / 72 -60 -65 / 48 60 74 / 67 79 -48 -60 / 53 65 69 81 / 76 -53 -65 -69 / 60 65 -69 -76 / 76 -60 -65 -69 / 48 58 64 74 / -48 -64 -70 / 57 60 65 -69 <END> 
<S> 36 48 67 / 72 -36 -48 / 79 -36 -48 / 65 69 -48 / 69 -48 -65 -69 / 60 64 69 72 / 57 -60 -64 -69 -72 / 48 -63 -69 -72 / 68 -48 -60 -64 / 41 69 72 77 / 69 72 77 81 -41 / 53 77 -69 -72 / 68 72 75 -41 / 43 55 -67 -72 -76 / 68 -43 -55 -70 <END> 
<S> 43 55 64 67 72 / 65 72 76 -43 -55 / 49 61 67 76 79 / 75 -49 -61 -67 -76 / 36 48 -67 -76 / 72 -36 -48 / 58 60 64 70 / 72 -58 -60 -64 / 41 53 69 / 71 -41 -53 / 42 54 72 / 69 -42 -54 / 42 54 60 72 / 75 -42 -54 -66 / 54 60 62 -66 -74 / 66 75 -54 -60 -62 / 38 50 -66 -78 / -38 -50 -66 -78 <END> 
<S> 39 51 -65 -68 -75 / 78 -39 -51 / 51 63 67 72 / 70 -51 -63 -67 / 39 51 -67 -70 / 68 -39 -51 -67 / 56 60 63 74 -68 / 75 -56 -60 -63 / 44 56 68 77 / 65 68 -44 -56 / 0 47 59 -68 / 39 51 -68 -71 / 75 -39 -51 -68 / 0 44 68 72 / 0 75 -44 -56 <END> 
<S> 44 56 60 68 72 75 / 39 51 -68 -72 -80 / 56 60 68 72 75 80 / 46 58 73 75 78 -46 / 39 51 -70 -75 -82 / 44 56 -70 -75 -82 / 44 56 71 75 83 / 68 72 75 80 -44 -56 / 44 56 -68 -72 -75 -80 / 72 80 -44 -56 / 51 56 61 75 / 70 -51 -56 -61 <END> 
<S> 44 56 68 72 75 / 65 71 77 -32 -44 / 51 56 60 -71 -75 -80 / 72 75 -51 -56 -60 / 39 51 -72 -75 / 67 -39 -51 -72 / 51 56 60 70 / 68 -51 -56 -60 / 43 55 63 70 / 72 -43 -55 -58 / 37 49 75 / 77 -37 -49 / 53 56 61 73 / 73 -53 -56 -61 / 37 49 73 / 65 73 -49 -61 <END> 
<S> 39 51 -77 / 75 -39 -51 / 51 55 61 70 / 71 -51 -55 -61 / 46 58 68 / 71 -46 -58 / 51 55 61 75 / 70 -51 -55 -61 / 39 51 72 / 61 61 79 / 0 49 / 61 70 / 50 53 68 / 70 74 -50 -62 <END> 
<S> 39 51 66 / 66 75 -39 -51 / 39 51 -69 -75 / 68 75 -39 -51 / 39 51 67 70 / 44 56 68 74 80 / 39 51 68 72 / 51 56 60 72 75 77 / 44 56 -72 -75 -84 / 72 75 -44 -56 / 45 57 -72 -75 / 70 -45 -57 <END> 
<S> 44 56 68 72 75 80 / 44 56 -72 -75 -80 / 76 85 -51 -56 -60 / 44 56 71 80 / 72 75 -44 -56 / 45 57 -72 -75 / 72 -45 -57 / 51 56 60 66 / 70 -51 -56 -60 / 47 59 68 77 / 51 56 61 78 / 70 -51 -56 -61 <END> 
<S> 52 57 61 78 / 73 -52 -55 -61 / 76 -52 -55 -61 / 70 -52 -55 -61 / 50 55 55 59 71 / 71 -50 -55 -55 -59 / 0 43 55 64 / 0 62 71 -43 -55 / 0 52 55 62 64 68 / 0 45 72 76 / 52 55 60 64 71 / 74 -52 -55 -60 -64 / 64 72 76 79 -55 -60 -64 <END> 
<S> 39 51 67 / 72 -39 -51 / 40 52 -72 / 68 -40 -52 -60 / 72 47 71 / 76 -47 / 52 55 60 77 / 76 -52 -55 -60 / 39 51 -75 / 72 -39 -51 / 40 52 73 / 73 -40 -52 / 39 51 72 / 70 73 -39 -51 <END> 
<S> 39 51 78 / 71 79 -51 / 52 57 60 72 / 68 72 -51 -56 -60 / 39 51 -72 / 70 75 -39 -51 / 51 58 61 -70 -70 / 67 70 -51 -61 / 39 51 -67 -70 / 63 66 -39 -51 / 0 67 70 / 0 70 / 0 68 / 0 70 / 0 70 <END> 
<S> 39 51 67 70 74 / 39 51 67 70 / 58 63 67 70 -39 -51 / 39 67 -67 / 66 69 -39 -51 / 39 51 -67 -72 / 67 70 -51 / 39 67 70 / 66 69 78 -39 -51 / 39 51 67 70 70 79 <END> 
<S> 47 71 / 68 71 -44 / 56 59 62 -68 -71 -71 / 75 -56 -62 -62 -67 / 43 67 71 / 71 -43 -67 / 55 58 62 -67 -74 / 68 -55 -58 -62 / 46 67 / 67 -46 / 55 58 62 70 / 75 -55 -58 -62 / 46 79 / 72 -46 / 55 58 63 75 / 75 -55 -58 -63 <END> 
<S> 39 51 / 78 -39 -51 / 55 58 63 67 / 70 -55 -58 -63 / 39 51 72 / 71 82 -39 -51 / 41 53 -71 -77 / 68 70 -41 / 53 56 59 68 / 74 77 -53 -56 -62 / 38 50 -68 -77 / 75 -38 -50 / 51 58 62 70 / 72 -51 -58 -62 <END> 
<S> 37 49 68 / 73 -37 -49 / 53 56 61 68 80 / 68 80 -49 -56 -61 / 37 49 77 80 / 34 46 65 77 / 70 74 -34 -46 / 41 53 68 77 / 80 -41 -53 -68 / 58 61 68 77 80 / 68 80 -58 -61 -68 / 44 56 68 72 75 80 / 68 46 68 / 65 68 72 / 65 68 71 74 / 0 65 70 74 77 <END> 
<S> 39 51 67 71 79 / 66 75 -39 -51 / 42 54 -63 -75 / 70 -42 -54 -61 / 39 51 73 / 71 -39 -51 / 51 72 / 71 -51 / 56 72 / 71 -56 / 57 68 / 69 -57 -60 / 67 70 / 0 66 <END> 
<S> 39 51 / 66 78 -51 / 39 67 -66 / 75 -39 -51 -68 / 0 51 66 / 71 -51 -63 / 52 55 60 -69 / 68 -52 -60 -55 / 39 51 72 / 63 75 -39 -51 / 0 40 52 / 68 -40 -52 / 71 -40 -52 -68 / 68 -40 -52 -68 / 0 66 69 75 <END> 
<S> 39 51 -65 / 72 -51 -63 / 51 63 75 / 72 -51 -63 / 56 60 68 -72 / 71 -56 -60 -68 / 56 60 68 -68 / 75 -56 -60 -68 / 44 56 68 72 75 / 39 51 68 72 / 51 56 60 72 -68 / 0 44 56 68 <END> 
<S> 44 68 72 / 51 56 60 68 / 68 71 -40 -56 -60 / 51 56 60 72 / 70 75 -51 -56 -60 / 44 56 68 72 / 71 74 -44 -56 / 51 56 60 72 75 / 72 77 -51 -56 -60 / 39 51 -72 -75 / 75 -51 -63 / 51 56 60 70 / 68 -51 -56 -60 <END> 
<S> 44 56 68 72 / 51 56 60 -68 -72 / 68 -51 -56 -60 -68 / 39 51 -68 -72 / 73 -39 -51 / 41 53 68 / 68 71 -41 -53 / 39 51 -68 -71 -74 / 75 -51 -68 / 38 50 68 77 80 / 0 43 55 71 77 / 0 70 74 -43 -55 / 0 55 70 82 / 0 79 -55 / 0 <END> 
<S> 39 51 67 70 75 / 68 74 -39 -51 / 39 51 67 73 / 70 -39 -51 -67 / 39 51 72 -70 / 73 -39 -51 / 61 63 75 -51 / 51 55 -63 -63 -75 / 39 51 -63 -75 / 39 51 -63 -70 -75 / 43 55 70 82 <END> 
<S> 39 51 67 75 / 55 58 63 -67 -72 / 39 -67 -75 / 39 -67 -75 / 55 58 63 -67 / 70 -55 -58 -63 / 39 51 72 / 70 -39 -51 / 55 58 63 -70 / 72 -55 -58 -63 / 43 55 75 / 74 -43 -55 / 42 54 75 / 72 -42 -54 <END> 
<S> 39 51 70 / 72 -39 -51 / 41 53 70 / 67 -41 -53 / 43 55 70 / 72 -43 -55 / 45 57 70 / 67 -45 -57 / 46 58 70 / 65 -46 -58 / 53 58 62 70 / 65 -53 -58 -62 / 43 55 67 / 69 -43 -55 / 51 55 61 67 / 73 -51 -55 -61 <END> 
<S> 46 70 / 65 74 -46 / 53 58 62 -65 -74 / 70 -53 -58 -62 / 43 67 74 / 79 -43 / 50 55 59 74 / 67 -50 -55 -59 / 39 51 72 / 67 -39 -51 / 52 57 60 69 / 69 -52 -57 -60 / 51 67 / 70 -51 <END> 
<S> 55 58 64 67 / 66 -55 -58 -61 -64 / 52 64 70 / 72 -52 -55 -64 / 55 58 61 76 / 79 -55 -58 -61 / 53 69 / 77 -53 / 57 62 65 -53 / 69 -57 -60 -65 / 53 -69 / 68 71 -53 / 57 62 65 71 / 63 65 69 -53 <END> 
<S> 50 65 / 67 -50 -62 / 53 62 65 / 69 -62 -53 -62 / 41 53 -69 -72 / 68 -41 -53 / 42 54 69 / 69 -42 -54 / 42 54 66 72 / 69 72 -42 -54 / 43 55 67 72 76 / 55 60 64 72 76 / 71 -55 -60 -64 -72 <END> 
<S> 0 45 / 66 75 78 -45 -57 -66 / 43 55 -69 -75 -81 / 72 76 -43 -55 / 0 / 55 64 / 65 -55 / 58 67 / 60 66 / 53 65 / 0 <END> 
<S> 60 66 69 / 67 -57 -60 -66 / 53 57 62 74 / 63 66 75 -53 -57 -63 / 0 54 57 60 63 69 / 0 67 71 / 0 72 76 79 -55 -60 / 48 60 -64 -70 -72 -75 -79 / 39 51 -64 -72 -76 -79 <END> 
<S> 0 55 64 / 64 72 -55 -64 / 58 60 -64 -72 / 68 -48 -58 -60 / 53 65 / 56 60 -65 / 56 60 65 / 56 60 65 77 / 77 -56 -60 -65 / 0 56 65 77 / 0 72 -65 -56 -65 <END> 
<S> 55 67 / 71 -55 / 58 60 64 72 / 74 -58 -60 -64 / 48 76 / 79 -48 / 58 60 64 79 / 84 -58 -60 -64 / 0 53 85 / 0 81 / 0 83 / 0 81 / 0 80 / 0 69 81 / 0 69 81 <END> 
<S> 86 -54 / 57 60 63 84 / 81 -57 -60 -63 / 48 60 72 / 75 -48 -60 / 45 57 72 / 76 -45 -57 / 47 59 74 / 76 -47 -59 / 52 55 64 76 / 81 -52 -55 -64 / 52 64 76 / 79 -52 -64 / 52 64 -76 -79 / 78 -52 -64 -71 / 52 60 64 76 -72 <END> 
<S> 48 72 / 76 -48 / 57 60 64 72 / 74 77 -57 -60 -65 / 56 72 76 / 74 77 81 / 56 84 / 77 -44 / 52 56 72 84 84 / 82 -52 -56 -60 -72 -81 / 44 56 77 84 / 56 60 63 66 75 78 <END> 
<S> 44 56 72 80 / 74 80 -44 -56 / 51 56 60 72 75 / 72 77 -51 -56 -60 / 44 56 -72 -75 / 72 77 -44 -56 / 51 56 60 72 / 71 77 -51 -56 -60 / 44 56 72 75 / 72 75 -44 -56 / 51 56 60 -72 -75 / 72 75 -51 -56 -60 / 39 51 69 75 / 51 57 60 63 72 -69 / 0 44 67 <END> 
<S> 44 56 72 / 71 75 -44 -56 / 51 56 60 72 75 / 72 75 -51 -56 -60 / 39 51 -72 -75 -84 / 72 -39 -51 / 51 56 60 70 / 71 -51 -60 -63 / 39 51 72 / 63 -51 -72 / 39 51 -68 / 68 -39 -51 -68 / 0 56 68 <END> 
<S> 39 51 -68 / 72 -39 -51 / 51 56 60 70 / 71 -51 -56 -60 / 44 56 68 72 / 56 60 68 / 51 -56 -60 / 51 56 60 / 67 -51 -56 -60 / 49 67 70 76 / 49 61 68 73 76 / 53 61 65 73 77 / <END> 
<S> 52 55 61 73 / 73 -43 -55 -61 / 49 61 73 / 73 -49 -61 / 44 56 82 / 72 -44 -56 / 41 53 / 71 81 / 56 61 65 77 / 77 -56 -61 -65 / 52 64 70 / 73 -52 -64 / 58 61 61 76 / 68 -52 -58 -61 <END> 
<S> 45 -72 / 71 -45 / 52 57 61 67 / 69 -52 -55 -61 / 43 -67 / 77 -43 / 52 55 61 76 / 78 -52 -55 / 41 53 79 / 86 -41 -53 / 48 60 65 -81 / 79 -48 -60 -65 / 47 59 77 / 74 77 -47 -59 <END> 
<S> 50 74 / 73 -50 / 52 56 62 77 / 76 -52 -56 -60 / 48 77 81 / 75 79 -48 / 52 55 60 -76 -79 -88 / 0 36 48 67 72 76 84 / 0 55 60 64 67 72 76 / 84 -55 -60 -64 -72 / 52 57 60 64 83 -72 / 76 79 -52 -57 -60 -64 <END> 
<S> 0 52 64 72 / 76 79 -48 -64 -72 / 52 55 60 -64 -71 -76 -79 / 69 76 -52 -55 -60 -64 / 36 48 -64 -72 / 67 -36 -48 / 36 48 58 64 67 / 65 69 -36 -58 -64 / 41 53 -65 -69 / 67 -41 -53 -65 / 48 53 65 69 72 77 / 36 48 -69 -72 -77 / 45 57 -69 -72 -77 <END> 
<S> 48 60 65 77 / 67 -48 -60 / 53 57 63 69 / 65 77 -53 -57 -63 / 41 53 -65 -77 / 75 -41 -53 -69 / 42 54 69 72 / 42 54 60 72 75 78 / 38 50 72 78 74 74 78 / 54 58 62 78 78 87 / 72 79 87 -50 -56 -60 -62 <END> 
<S> 0 45 57 / 72 78 -45 -57 / 41 53 -72 -74 / 72 -41 -54 / 42 54 63 69 / 69 -42 -54 -63 -66 / 43 55 64 -64 -67 / 71 -43 -52 -55 -64 / 42 54 -63 -62 / 60 62 66 -38 -50 -54 / 38 50 -60 -66 -62 / 60 66 69 -38 -50 / 38 50 -60 -66 -69 / 66 -38 -50 <END> 
<S> 38 50 62 62 65 / 67 -38 -50 -62 / 39 51 -62 -62 -67 / 0 60 62 69 71 -38 -50 / 0 40 52 -63 -64 -71 / 67 -40 -52 -61 -64 / 50 60 64 -40 -52 / 39 51 -60 -66 / 67 -39 -51 / 41 53 65 / 67 -41 -53 / 57 63 65 69 / 77 -57 -60 -65 / 41 53 -69 -77 / 69 -41 -53 / 55 60 65 72 / 76 -55 -60 -65 <END> 
<S> 52 67 -65 / 74 -48 / 52 55 60 -48 / 64 -52 -55 -60 / 49 67 / 53 57 60 65 / 72 -53 -57 -60 / 45 57 -72 / 65 -45 -57 / 48 60 64 76 / 62 77 -52 / 50 62 -74 / 62 -50 -62 / 39 51 -62 / 69 -51 -39 <END> 
<S> 55 59 62 65 / 65 -55 -59 -62 / 53 65 60 -53 / 60 65 -53 -57 / 50 62 / 62 65 -50 / 49 61 69 / 68 -49 -61 / 48 60 69 / 77 -48 -60 / 47 59 68 76 / 40 52 -68 / 72 -40 -52 -76 / 0 38 50 68 <END> 
<S> 0 / 41 53 62 69 / 68 -41 -53 -62 / 40 52 59 64 67 / 62 -40 -52 -61 -64 -71 / 39 51 -62 -67 -71 / 46 67 / 48 52 58 -67 / 68 -52 -52 -58 / 36 48 64 70 / 67 70 -36 -48 / 36 48 64 70 / 66 69 -36 -48 <END> 
<S> 53 65 / 67 -53 / 57 60 65 / 60 -57 -60 / 48 64 67 / 69 -48 -64 / 52 55 60 -64 -72 / 64 -52 -55 -60 / 43 55 -64 / 74 -43 -55 / 48 76 / 73 -48 / 53 57 60 69 72 / 65 69 72 -53 -57 -60 <END> 
<S> 48 67 / 72 -48 / 57 60 65 -48 / 69 -57 -60 -65 / 48 64 72 / 69 -48 / 58 60 64 72 / 74 -58 -60 -64 / 53 69 / 72 -53 / 57 60 63 72 / 69 -57 -60 / 48 79 / 74 77 -48 / 57 60 -74 -77 / 69 75 -57 -60 -63 <END> 
<S> 48 65 / 72 -48 / 57 60 65 -72 / 69 -57 -60 -65 / 48 72 / 69 -48 / 57 60 65 72 / 74 -57 -60 -65 / 48 72 / 76 -48 / 58 60 64 72 / 74 -58 -60 -64 / 53 57 65 72 / 67 -53 -57 / 51 69 72 / 74 86 <END> 
<S> 48 67 / 72 -48 / 58 60 64 -72 / 66 75 -58 -60 -64 / 41 -69 -69 / 77 -41 / 57 60 65 67 / 69 -57 -60 -65 / 48 70 / 72 -48 / 58 60 66 72 / 70 -58 -60 -64 / 53 65 69 / 68 72 -53 -65 / 53 63 69 72 / 68 77 -53 -63 <END> 
<S> 48 67 / 69 -48 / 53 57 60 63 72 / 69 -53 -60 -63 / 53 57 60 63 72 / 65 75 -53 -57 -60 / 41 53 -69 -77 / 67 -41 -53 / 42 54 69 / 69 -42 -54 / 42 54 60 72 / 60 66 72 -42 -54 / 0 38 50 / 60 69 -38 / 50 62 65 68 71 / 60 65 69 72 -38 -50 / 49 61 65 68 -65 <END> 
<S> 41 60 63 69 / 68 -41 -57 -60 / 65 65 69 72 -41 / -41 -62 -65 -69 -72 / 65 69 72 -41 / 44 56 62 65 68 72 / 43 65 71 74 / 67 72 76 -43 / 48 52 -64 -67 -72 / 64 67 72 -40 -52 / 49 61 67 70 76 <END> 
<S> 56 67 71 76 / 68 71 77 -47 / 59 62 68 -71 -68 -80 / 69 71 -59 -59 -62 -68 / 51 67 73 -63 / 51 63 66 72 75 81 / 56 60 66 -66 -75 -78 / 72 76 84 -57 -60 -66 / 44 56 71 74 83 / 55 59 62 68 71 77 83 / 74 86 86 -59 -62 -65 -71 <END> 
<S> 44 56 73 78 / 72 84 -44 -56 / 53 56 60 68 80 / 72 -56 -68 -72 / 32 44 71 77 / 72 75 -32 -44 -72 / 56 60 -68 -72 -75 / 80 -56 -60 -68 / 44 72 75 80 84 / 0 / 56 61 71 80 / 72 84 -56 -63 / 41 53 80 -84 / 72 80 -41 -53 / 56 60 63 66 72 77 / 70 82 -60 -63 -68 <END> 
<S> 44 56 71 77 / 72 75 -44 -56 / 53 56 60 68 -72 / 70 77 -53 -56 -60 -65 / 44 56 72 77 / 72 80 -44 -56 / 56 60 63 -72 -75 / 72 75 84 -56 -60 -66 / 39 51 72 84 -72 -75 / 70 82 -39 -51 / 51 56 61 70 73 / 71 80 -39 -51 -61 / 39 51 72 79 84 / 51 56 60 80 / 72 84 -51 -56 -60 <END> 
<S> 44 56 -72 -75 -80 / 73 77 -44 -56 / 51 56 60 72 75 / 70 73 -51 -56 -60 / 39 51 72 -70 / 72 84 -39 -51 / 51 56 60 70 -72 / 72 -51 -56 -60 / 39 51 75 / 72 -39 -51 / 51 55 60 70 / 72 -51 -55 -60 / 39 51 -72 / 67 -39 -51 / 43 55 70 <END> 
<S> 39 51 72 / 71 75 -51 -60 / 51 55 60 -69 -77 / 71 -51 -60 / 39 51 72 / 63 75 -39 -51 / 40 52 -68 -76 / 72 -40 -52 / 41 53 68 / 68 -41 -53 / 43 -68 -72 / 71 -43 -64 / 44 56 68 72 -72 / 65 71 72 75 -44 -56 -60 <END> 
<S> 62 71 / 68 -44 / 52 56 62 -74 / 68 72 -51 -56 -60 / 39 51 69 / 71 -39 -51 / 51 56 60 68 / 71 -51 -56 -60 / 44 56 72 / 71 -44 -56 / 47 59 75 / 71 77 83 -47 -59 / 52 56 -71 -80 -80 / 72 75 -52 -55 / 45 57 72 76 81 / 43 55 72 76 79 <END> 
<S> 44 56 72 84 / 80 -44 -56 / 60 60 64 -84 / 72 84 -60 -60 -64 / 32 44 -72 -87 / 70 -32 -44 / 56 60 72 84 / 41 53 68 80 / 69 -41 -53 / 42 54 69 72 / 65 68 -42 -54 / 43 55 67 / 64 -43 -55 -67 / 36 48 64 72 / 0 <END> 
<S> 41 53 69 / 71 -41 -53 / 42 54 72 / 69 -42 -54 / 43 54 72 / 81 -42 -54 / 43 55 76 / 78 81 -43 -55 / 55 60 79 82 / 72 84 -55 -60 -64 / 44 -75 -84 / 83 -44 / 52 56 60 80 / 74 80 83 -52 -56 -60 <END> 
