<S> 53 65 / 55 67 / 54 66 / 53 65 / 0 / 53 65 / 55 67 / 54 66 / 53 65 / 0 <END> 
<S> 53 65 / 51 63 / 56 -39 / 60 68 / 69 -52 / 50 62 68 71 74 77 / 46 58 -65 -68 -74 -77 / 73 -46 -56 / 53 56 61 73 / 65 77 -53 -56 -61 / 47 59 -65 -77 / 68 -47 -59 / 51 56 58 62 68 / 62 77 -56 -58 -62 <END> 
<S> 37 49 65 68 77 / 53 58 61 68 -65 -68 / 61 71 -53 -56 -65 -56 / 37 53 -65 -68 / 65 77 -41 -53 / 56 58 62 65 76 / 68 -56 -58 -62 / 34 46 74 / 80 -34 -46 / 56 58 62 82 / 79 -56 -58 -62 / 46 58 79 / 74 80 -46 -46 / 56 58 62 72 84 / 70 74 82 -56 -58 -62 <END> 
<S> 37 49 77 / 80 -37 -49 / 53 56 61 77 / 73 -53 -56 -61 / 44 56 68 77 / 80 -44 -56 -68 / 53 56 61 77 -68 / 77 -53 -56 -61 / 32 44 -77 / 77 -32 -44 / 56 60 65 70 74 / 41 53 68 69 77 / 65 71 74 -41 -53 / 53 53 56 59 -68 -71 / 65 67 71 -53 -56 -59 / 47 62 -65 -71 / 74 -47 -59 -65 / 64 76 -50 <END> 
<S> 49 67 79 / 65 77 80 -37 -49 / 53 56 61 -65 -77 -80 / 76 -53 -56 -61 -65 / 36 48 77 / 77 -36 -48 / 58 61 65 79 / 73 -58 -61 -65 / 44 56 77 / 80 -44 -56 / 49 61 76 / 77 -49 -61 / 47 59 80 / 77 -47 -59 / 46 58 67 / 72 -48 -58 <END> 
<S> 39 51 72 78 / 71 82 -51 / 72 -39 -51 / 56 60 75 -68 / 72 75 78 -56 -60 -66 / 39 51 -72 -75 -82 / 72 -39 -51 / 56 60 70 82 / 68 80 -56 -60 / 44 56 72 / 65 77 -44 -56 / 51 56 60 -68 -77 / 72 75 -51 -56 -60 / 44 56 68 72 / 65 68 -44 -56 <END> 
<S> 44 56 68 72 / 51 56 60 -72 -77 / 68 -51 -56 -60 / 39 51 70 / 72 -39 -51 / 41 53 73 / 70 -41 -53 / 41 53 68 73 77 / 68 71 80 -41 -53 / 34 46 -68 -71 -77 / 68 74 -34 -46 / 35 47 -71 -80 / 0 76 -35 -47 -68 / 0 39 51 62 68 72 / 0 70 73 -39 -51 -56 -66 <END> 
<S> 39 51 67 75 / 68 71 -51 -54 / 51 54 60 72 -68 / 68 -51 -54 -60 -63 / 28 -51 -60 -66 / 66 -51 -60 -66 / 38 50 60 66 -66 / 66 -38 -50 -60 -66 / 43 50 62 67 / 71 -43 -62 -59 / 47 59 74 -59 -62 -67 / 46 58 67 73 76 / 76 -46 -58 -67 -73 / 58 64 67 76 / 79 -58 -64 -67 <END> 
<S> 43 55 59 65 67 / 71 -43 -55 -59 -62 -65 / 67 -43 -55 -59 -62 / 67 -43 -55 -59 -62 / 0 47 59 62 67 / 0 82 -47 -59 -62 -67 / 0 55 58 62 64 67 71 / 0 74 -55 -58 -62 -65 -67 / 39 51 55 63 67 72 / 46 58 -67 -70 / 58 62 -67 -75 / 0 55 70 / 82 -55 -67 -70 / 58 63 68 77 -70 / 70 82 -58 -63 -67 <END> 
<S> 0 51 62 / 74 -39 -51 -65 / 0 49 61 / 69 -49 -61 -68 / 0 45 68 / 70 73 -45 -52 / 0 49 61 69 73 / 0 73 -37 -49 -61 / 38 50 -69 -73 / 68 72 -38 -50 / 41 53 69 / 71 -41 -53 / 40 52 72 / 74 -40 -52 / 41 53 72 / 74 -41 -53 / 43 55 75 / 77 -43 -55 / 45 57 72 / 77 -45 -57 <END> 
<S> 49 -65 -67 / 77 -48 / 53 57 62 77 / 69 81 -53 -57 -62 / 0 43 -69 -81 / 70 82 -43 / 53 55 59 62 79 / 65 77 -53 -55 -59 / 47 64 74 / 76 -47 / 55 59 65 77 / 79 -55 -59 -65 / 43 55 -79 / 81 -43 -55 / 55 59 65 79 / 77 -55 -59 -65 <END> 
<S> 43 55 74 / 81 -43 -55 / 55 59 62 79 93 / 83 -55 -59 -62 -65 / 43 55 79 88 / 86 -43 -55 / 55 59 62 83 / 88 -55 -59 -62 / 49 61 76 84 / 82 -49 -61 -76 / 55 58 64 81 -76 / 82 -55 -60 -64 -70 / 66 75 81 / 76 81 -69 / -71 -75 -81 / 68 72 76 80 / 80 84 -68 -72 <END> 
<S> 44 56 -72 -76 -88 / 72 84 -44 -56 / 45 57 -72 -84 / 77 84 -45 -57 -60 / 44 56 -72 -84 / 70 74 82 -44 -56 / 42 54 -74 -82 / 72 84 -42 -54 / 54 60 62 -72 -78 / 74 85 -60 -62 -66 / 38 50 78 -78 / 81 -38 -50 -78 / 60 62 66 -78 -78 / 66 78 84 -60 -62 -66 / 0 43 55 67 / 71 76 79 -43 -55 / 44 64 -71 -75 -79 / 72 76 79 -44 -56 <END> 
<S> 0 43 55 70 82 / 76 84 -43 -55 / 58 61 67 79 83 / 82 -58 -61 -64 / 55 58 62 -76 / 81 -55 -58 -62 / 44 56 83 / 72 84 -44 -56 / 56 60 -72 -80 -84 / 72 76 84 -56 -60 / 45 -72 -75 -81 / 53 57 63 69 75 <END> 
<S> 44 56 71 80 / 72 76 -44 -56 / 45 57 -72 -75 / 72 75 -45 -57 / 42 54 75 / 72 -42 -54 / 43 55 76 / 79 82 -43 -55 / 58 60 64 81 / 84 -58 -60 -64 -70 / -86 -36 -48 -58 / 64 76 -36 79 -43 -55 / 0 36 48 84 / 0 76 84 -36 -48 / 58 60 64 72 -84 / 70 82 -58 -60 -64 <END> 
<S> 48 60 -76 -79 / 72 -48 -60 / 53 57 63 72 75 / 69 75 -53 -57 -63 / 41 53 -69 -75 / 75 77 -41 -53 / 42 54 72 75 78 82 / 41 53 72 75 78 82 / 43 55 71 74 77 / 44 56 72 75 78 / 72 75 -44 -56 / 51 56 60 -72 -75 / 72 76 -51 -56 -60 <END> 
<S> 44 56 74 77 80 / 72 84 -44 -56 / 71 51 75 87 / 72 84 -43 -55 / 42 54 74 78 82 / 75 78 -42 -54 / 42 54 75 78 83 / 40 52 71 78 81 / 43 55 71 74 76 / 38 50 -71 -74 -77 / 50 54 60 72 76 78 <END> 
<S> 43 74 79 83 / 74 77 83 -43 / 73 50 74 77 83 / 53 56 62 71 74 77 86 / 74 77 81 -53 -57 -62 / 38 50 77 -74 / 86 -38 -50 -74 -81 / 0 50 57 60 74 / 0 81 -50 -57 -62 / 0 76 -50 / 0 74 86 <END> 
<S> 38 50 -71 -79 / 70 74 -38 -50 / 77 -38 -50 / 79 -38 -50 -54 / 43 55 59 74 / 74 -43 -55 -59 / 0 53 55 65 / 0 55 55 64 / 0 55 65 / 0 53 65 / 0 71 83 / 0 79 83 <END> 
<S> 56 60 65 / 55 68 -60 / 57 60 63 72 / 63 77 -57 -60 / 0 67 / 0 68 80 / 49 61 67 70 76 / 36 48 68 76 80 / 0 <END> 
<S> 78 -54 / 61 65 67 70 / 60 63 69 / 68 75 80 -60 -63 / -66 53 -68 -72 -78 / 70 74 82 82 -58 -62 / 39 51 -68 -74 -80 / 75 -39 -51 -70 / 39 51 66 72 / 75 -39 -51 / 51 63 79 / 70 -39 -51 <END> 
<S> 39 51 -67 -75 / 67 -39 -51 -67 / 39 51 -67 -75 / 75 -39 -51 -67 / 39 51 67 / 66 75 -39 -51 / 39 51 67 70 / 39 -67 -79 / 68 -39 -51 / 38 50 68 / 70 -38 -50 / 39 51 67 70 / 67 70 -51 -61 / 39 51 61 67 70 / 73 -39 -51 -61 / 44 56 61 68 / 51 56 60 -68 -68 <END> 
<S> 39 51 -67 -70 / 32 44 66 72 75 / 80 -32 -66 -72 / 65 68 75 -32 / 65 68 71 75 / 65 70 73 77 / 51 55 68 71 77 / 72 75 80 -55 -61 / 44 56 -72 -75 / 72 75 -44 -56 / 42 54 -72 -75 / 82 -42 -54 -72 / 43 55 70 <END> 
<S> 64 70 73 82 / 73 76 -40 -70 / 52 64 73 85 / 85 -73 -73 / 60 68 -70 -76 -84 / 53 72 78 -70 / 63 72 78 -72 / 53 68 -72 -75 / 68 71 75 -44 / 56 -44 -71 -74 -77 / 72 75 -47 -68 / 51 72 74 75 78 / 63 72 75 78 -63 -63 -75 <END> 
<S> 44 71 83 / 80 -44 -71 / 59 62 68 80 -71 / 71 83 -59 -62 -68 -71 / 63 67 72 -80 / 84 -63 -68 / 63 68 82 / 75 -63 -68 / 51 67 72 75 / 70 75 -63 -51 / 51 63 72 75 / 69 75 -51 -63 / 54 66 -69 -75 / 67 78 -66 -54 / 43 55 -67 -71 -79 / 68 -43 -55 / 46 64 70 72 <END> 
<S> 39 51 -72 -77 / 75 87 -39 -51 / 51 63 70 75 / 72 75 -51 -63 / 0 67 79 / 0 63 75 / 0 70 82 / 0 75 87 / 0 80 / 0 80 / 0 80 / 0 80 / 0 77 / 0 77 / 0 75 <END> 
<S> 66 78 / 66 75 78 -63 / 66 66 78 -75 / 83 -66 -69 -75 -78 / 63 69 72 78 -63 / 63 66 -69 -72 -81 / 63 -69 -72 -75 -81 / 60 -69 -72 -75 -81 / 52 -69 -72 -75 -81 / 39 -69 -72 -76 -81 / 63 69 72 75 81 / -69 -72 -75 -78 -81 / 66 -69 -72 -75 -81 / 63 -69 -72 -75 -81 / 54 -69 -72 -75 -81 / 63 69 72 75 -69 / 55 -69 -72 -75 -81 / 57 -69 -72 -75 -81 / 60 -69 -72 -75 -81 / 57 -69 -72 -75 -81 / 52 -69 -72 -75 -81 <END> 
<S> 68 72 76 84 -79 / 83 91 -64 -71 / 54 60 63 83 87 / 72 84 -51 -63 / 54 60 66 75 / 55 60 72 -66 / 72 76 -52 -60 / 52 72 78 / 81 -52 -72 / 55 60 64 76 / 78 -55 -60 -64 / 50 62 78 / 81 -50 -62 / 50 62 80 / 83 -50 -62 <END> 
<S> 44 74 / 72 83 -44 / 56 62 62 80 / 83 -56 -62 -62 -68 / 45 72 86 / 83 -45 -54 / 84 -45 -57 -72 -78 / 62 74 86 -54 -62 -62 / 42 54 69 81 89 / 60 63 66 79 87 / 83 -60 -63 -66 -75 / 0 79 / 0 66 75 <END> 
<S> 57 60 74 86 / 75 81 87 -57 -60 -62 / 45 -81 -81 / 77 79 -45 / 57 60 65 74 86 / 72 84 84 -57 -60 -65 / 0 43 55 75 84 / 74 82 86 -43 -55 / 58 62 64 74 76 86 / 74 86 -58 -62 -64 / 47 62 77 / 43 55 -74 <END> 
<S> 0 45 57 75 78 83 / 0 81 -45 -57 / 0 81 84 86 -45 / 0 79 87 87 87 91 / 0 79 88 91 -96 / 0 72 84 -88 -91 / 0 77 82 -32 -63 / 0 78 87 -87 / 0 79 91 / 0 81 / 0 77 / 0 78 <END> 
<S> 69 72 75 81 / 84 -66 -69 -72 -75 -81 / 66 69 72 75 78 84 -69 / 0 -69 -72 -75 -81 / 0 -69 -72 -75 -81 / -69 -72 -75 -81 / -69 -72 -75 -81 / -69 -75 -81 / 75 81 -69 / 52 64 70 82 / 76 82 -60 -64 -67 -70 / 48 60 72 -67 -72 / 67 79 -48 -60 -70 / 41 53 -67 -72 -79 / 70 74 -41 -53 / 41 53 72 75 / 73 -41 -53 / 73 77 -41 -53 / 42 53 -73 -73 <END> 
<S> 41 53 70 74 83 / 77 -41 -53 -70 -74 / 56 60 65 74 77 77 / 77 -56 -60 -65 / 44 56 -77 -77 / 72 77 -44 -56 -60 / 44 56 -72 -77 / 65 68 -44 -56 / 41 53 68 -65 / 75 -41 -53 -63 / 43 55 64 70 / 67 -43 -55 -61 -70 / 40 52 -61 -64 -70 / 71 -40 -52 -64 -64 / 41 53 65 69 / 69 -41 -53 -65 <END> 
<S> 53 57 60 65 69 / 68 72 -53 -57 -60 -65 / 53 57 60 69 -69 / 41 53 68 77 / 75 -41 -53 -69 / 43 55 76 -70 / 72 -43 -55 -70 / 44 74 / 77 -44 -56 / 39 51 -77 / 82 -39 -51 / 39 51 72 / 71 80 -51 -51 / 56 58 -68 -75 -78 / 75 -56 -58 -61 / 55 58 63 79 / 44 56 82 / 0 77 <END> 
<S> 44 56 -72 -77 / 72 75 -44 -56 / 56 60 65 -72 / 70 82 -56 -60 -68 / 44 56 72 75 / 80 -44 -56 -72 / 56 60 63 -72 -78 -84 / 82 -54 -60 -63 -75 / 41 53 72 77 80 82 / 73 81 -41 -53 / 53 56 60 68 80 -72 / 72 75 -53 -56 -60 -65 / 44 56 -72 -75 / 72 75 80 -44 -56 / 51 56 60 -72 -80 / 72 77 -51 -56 -60 <END> 
<S> 44 56 72 83 / 72 82 -44 -56 / 51 56 60 -72 -84 / 71 77 -51 -56 -60 / 39 51 72 / 71 77 -39 -51 / 51 56 60 -68 -77 / 68 71 -51 -56 -60 / 32 44 71 / 72 -32 -44 / 49 -68 -72 / 64 76 -51 / 36 48 64 72 / 70 -36 -48 / 41 53 69 / 72 77 -41 -53 <END> 
<S> 44 56 -72 / 74 -44 -56 / 51 56 60 72 / 68 72 -51 -56 -60 / 42 54 -68 -72 / 75 -42 -54 -66 / 43 55 71 / 71 -43 -55 / 0 50 62 77 / 0 76 -50 -65 / 0 48 60 76 / 0 78 -48 -60 / 0 48 60 76 / 0 76 84 -40 -52 <END> 
<S> 55 57 60 -65 / 74 -55 -55 -60 / 63 75 -55 / 67 -48 / 55 55 60 64 / 72 -55 -60 -64 / 0 53 57 63 84 / 0 53 57 60 65 69 81 -53 / 72 -53 -57 -60 -65 -69 / 0 52 55 60 64 <END> 
<S> 0 53 65 / 72 -48 -53 / 56 60 65 77 -72 / 82 -56 -60 -65 / 48 60 84 / 78 -48 -60 / 47 59 80 / 77 -47 -59 / 47 59 68 / 76 -47 -59 -68 / 47 59 68 80 -47 / 31 48 60 69 68 75 / 72 -36 -48 -60 -64 / 0 44 56 77 / 0 75 -44 -56 <END> 
<S> 44 56 71 83 / 72 -44 -56 / 56 60 66 75 / 72 76 82 -56 -60 -66 / 44 56 -72 -75 -80 / 72 -44 -56 / 56 60 63 68 82 / 71 82 -56 -60 -66 / 39 51 72 84 / 56 60 63 -72 -75 -84 / 71 83 -56 -60 -63 / 39 51 72 -75 / 70 82 -39 -51 / 41 53 68 80 / 68 80 -53 -53 <END> 
<S> 44 56 -72 -75 / 72 75 -44 -56 / 51 56 60 -72 -75 / 72 75 -51 -56 -60 / 44 56 68 72 / 70 73 -44 -56 / 51 56 60 72 75 / 70 73 -51 -56 -60 / 44 56 68 72 / 72 84 -44 -56 / 51 56 60 -72 -80 / 71 77 -51 -56 -60 / 36 48 72 75 77 80 / 53 56 60 72 76 79 84 / 72 -53 -57 -60 -72 -79 <END> 
<S> 44 56 -72 -75 / 74 77 -44 -56 / 51 56 60 72 75 / 72 77 -51 -56 -60 / 44 56 -72 -75 / 51 56 60 -72 -75 / 56 60 66 72 75 / 39 -66 -72 -75 / 51 -63 -68 -72 -75 / 51 63 70 73 / 56 60 -70 -75 / 56 68 71 77 / 51 -68 -72 -77 / 56 68 74 80 / 68 -68 -68 -80 / 65 68 -68 / 63 68 70 73 <END> 
<S> 44 71 83 / 72 75 -44 / 56 60 62 -72 -72 / 71 74 -56 -60 -62 / 71 72 75 -59 -65 / 41 53 -69 -72 -75 / 69 74 -42 -54 / 43 55 70 / 72 76 -43 -55 / / 41 53 67 74 / 69 72 77 -41 -53 / 48 55 60 -69 -72 -74 / 67 79 -52 -60 / 50 62 77 / 67 79 -50 -62 / 55 59 65 -67 -79 / 69 -55 -59 -65 <END> 
<S> 43 55 67 / 69 72 -43 -55 / 52 55 60 -67 -72 -76 / 40 52 67 / 72 -40 -52 -64 / 55 60 64 -52 -64 / 64 -55 -60 -64 / 50 65 / 77 -50 / 51 55 60 70 / 75 -51 -60 / 39 51 72 / 53 57 60 63 75 / 67 -53 -57 -63 / 34 46 70 / 72 -34 -46 / 53 58 62 73 / 74 -53 -58 -62 <END> 
<S> 0 53 / 65 -41 -53 / 65 -41 -53 / 63 68 72 -53 / 0 46 68 / 0 68 -34 -46 / 0 51 67 / 0 69 -39 -51 / 0 55 58 64 70 / 0 82 -55 -58 -61 / 39 51 79 / 82 -39 -51 / 58 60 64 -79 / 78 -58 -60 -64 <END> 
<S> 0 / 69 / 0 71 / 0 68 / 39 51 71 / 71 -39 -51 / 52 64 / 69 -52 / 52 64 68 / 68 -52 -64 / 56 62 70 / 61 -62 -68 / 50 62 71 <END> 
<S> 71 / 73 -52 / 57 62 65 69 / 64 72 76 -57 -62 / 41 -69 -72 / 57 60 65 -69 -72 / 48 69 74 / 81 -48 -69 / 57 60 65 77 -69 / 77 -57 -60 -65 -69 / 48 -69 -72 -77 / 74 -48 / 57 60 69 72 / 67 -57 -60 -65 <END> 
<S> 48 60 79 / 75 -48 -60 / 45 57 63 72 / 66 69 -45 -57 / 39 51 69 / 69 72 -51 / 43 55 -66 / 70 -43 -55 / 64 76 / 52 64 / 50 62 / 52 59 62 67 / 50 55 -59 -67 <END> 
<S> 39 51 / 67 -39 -51 / 52 55 60 69 / 68 -52 -55 -60 / 48 67 / 67 -48 / 52 55 60 -64 -72 / 64 -52 -55 -60 / 43 55 67 / 72 -43 -55 / 51 55 60 70 / 67 -52 -55 -60 / 46 67 / 67 -46 / 55 58 62 -67 / 70 -55 -58 -62 <END> 
<S> 52 67 / 67 -52 / 55 58 60 64 / 64 -55 -60 -64 / 50 53 57 60 65 / 72 -53 -57 -60 -62 / 41 53 68 / 69 -41 -53 / 52 56 62 68 / 68 71 -52 -56 -60 / 43 -68 -71 / 71 -43 / 47 59 68 76 / 45 68 69 72 <END> 
<S> 44 67 -65 / 72 -32 -44 -68 / 59 62 65 68 71 / 71 -59 -62 -68 -71 / 71 74 -59 -62 -65 / 31 43 71 -71 / 67 71 82 -43 / 50 55 59 -71 -79 / 68 71 -50 -55 -59 / 44 52 66 72 / 71 74 -43 -52 / 71 50 53 53 -71 / 68 71 -50 -53 <END> 
<S> 39 51 -67 -70 -75 / 67 72 -39 -51 / 39 51 67 / 66 69 -39 -51 -66 / 39 51 67 70 73 / 44 56 68 72 / 51 56 60 68 77 / 68 72 80 -51 -56 -60 / 44 56 -72 -75 -84 / 72 84 -44 -56 / 51 56 60 80 -72 / 77 -51 -56 -60 / 39 51 72 75 84 / 51 56 60 72 75 84 / 0 39 51 <END> 
<S> 44 56 68 80 / 72 75 -44 -56 / 51 63 -72 -75 / 72 75 84 -51 -63 / 39 51 -72 -75 -84 / 72 75 84 -39 -51 / 43 55 70 75 79 82 / 42 54 72 78 84 / 41 53 71 74 80 82 / 77 -41 -53 / 56 61 65 68 80 / 37 49 -65 -68 / 44 56 77 / 40 52 72 78 80 <END> 
<S> 38 50 72 77 81 / 70 74 82 -38 -50 / 53 56 -70 -74 -78 -82 / 77 -53 -58 -70 / 58 62 65 68 77 85 / 46 74 77 86 / 84 -65 -77 -77 / 58 62 68 -77 -82 -89 / 80 -58 -62 -68 / 44 56 82 / 74 77 -44 -56 / 56 60 63 72 75 / 75 -56 -60 -63 -75 / 56 60 68 80 -75 / 75 78 -56 -60 -63 / 39 51 72 78 84 / 75 80 87 -39 -51 -72 <END> 
<S> 44 56 71 83 / 72 75 84 -44 -56 / 51 56 60 -72 -75 -84 / 71 77 83 -51 -56 -60 / 44 -71 -75 -80 / 72 77 -44 / 56 60 65 -72 -80 / 72 85 -56 -60 -65 / 44 56 -72 -75 -84 / 56 60 65 -72 -77 -84 / 72 -56 -60 -65 / 56 60 66 80 / 75 78 -60 -60 -66 / 44 56 68 80 / 72 75 84 -44 -56 / 51 56 60 76 84 / 72 77 -51 -56 -60 <END> 
<S> 44 56 68 72 / 80 -44 -56 / 51 56 60 80 / 77 -51 -56 -60 / 44 56 -77 / 68 -44 -56 / 56 60 66 72 / 75 78 -56 -60 -66 / 44 56 -75 -78 / 68 71 80 -44 -56 / 44 56 -68 -71 -80 / 75 -44 -56 -68 / 46 58 68 74 80 / 68 -46 -58 -68 -74 -80 / 68 80 -40 -62 -68 / 87 -40 -56 -68 / 80 -40 44 -68 <END> 
<S> 44 71 75 83 / 75 87 -44 / 52 56 62 82 / 74 82 -52 -56 -62 / 39 51 75 79 / 40 52 74 82 / 75 -39 -51 / 38 50 68 77 / 78 -31 -38 -50 / 32 44 71 77 / 74 86 -40 -44 / 56 60 62 68 72 75 <END> 
<S> 39 51 70 82 / 75 -39 -51 / 55 58 63 72 / 70 82 -55 -58 -63 / 39 51 -70 -82 / 75 79 -39 -51 / 55 58 63 75 79 / 70 82 -55 -58 -63 / 43 55 -70 -82 / 75 79 -43 -55 / 44 56 65 77 / 75 -44 -56 -68 / 41 53 80 -74 / 80 -41 -53 -68 / 58 62 68 80 / 82 -58 -62 -68 <END> 
<S> 0 44 -77 -82 / 73 85 -32 -44 / 56 61 65 73 83 / 77 89 -56 -61 -65 / 49 -81 -82 / 79 -45 / 58 61 67 -73 -85 / 79 -58 -61 -61 -73 / 55 58 77 -70 / 79 -55 -70 / 57 63 65 77 / 75 -57 -63 -65 / 50 62 77 / 70 74 79 -50 -62 <END> 
<S> 43 55 -82 / 79 -43 -55 / 58 62 82 / 82 -58 -62 -67 / 41 53 69 81 / 74 -41 -53 -69 / 53 62 65 -41 -74 / 75 81 -53 -62 -65 / 43 55 -69 -81 / 42 54 -71 -77 -79 / 50 62 77 / 74 -50 -62 / 55 59 65 74 / 69 -55 -59 -65 <END> 
<S> 50 74 78 / 74 79 -50 / 57 60 62 -74 -74 / 72 -57 -62 -60 / 43 71 / 71 74 -43 / 50 53 -71 -74 / 78 -50 -62 / 43 67 79 / 74 -43 -67 / 55 59 65 78 / 71 -55 -59 -65 / 43 55 74 / 71 -43 -55 / 42 54 -71 / 69 -42 <END> 
<S> 55 62 65 74 / 76 -55 -62 -65 / 50 62 74 / 77 -50 -62 / 55 59 65 81 / 79 -55 -59 -65 / 43 55 81 / 79 -43 -55 / 55 59 65 74 / 78 -55 -59 -65 / 55 60 64 79 / 67 -55 -60 -64 / 55 67 / 69 -55 <END> 
<S> 55 60 64 69 / 74 -55 -60 -64 / 52 64 76 / 79 -52 -64 / 47 59 83 / 86 -47 -59 / 55 59 62 83 / 82 -55 -59 -62 / 55 59 62 79 / 83 -55 -59 -62 / 55 59 62 83 / 86 -55 -59 -62 / 50 57 62 83 / 81 -50 -62 -62 / 0 53 83 / 0 79 <END> 
<S> 55 58 62 73 / 79 -55 -58 -62 / 55 59 65 77 / 76 -55 -59 -65 / 55 58 61 -79 / 73 -55 -58 -61 / 50 62 71 / 49 61 76 / 48 62 77 / 76 -45 -57 / 45 57 72 78 <END> 
<S> 45 57 -72 / 74 -45 -57 / 42 54 60 72 / 69 -42 -54 -60 -66 / 43 55 64 67 / -43 -55 -64 -67 -72 / 52 64 67 -43 / 52 62 64 68 -64 / 69 -52 -64 -64 / 48 56 62 64 70 / 38 50 65 69 / 60 64 69 <END> 
<S> 52 64 67 / 71 -52 -52 -64 / 52 72 -52 / 50 62 65 / 61 -62 -65 / 48 60 -62 -69 / 0 47 / 45 57 69 / 44 56 62 65 72 / 43 59 65 71 / 65 71 -50 -62 <END> 
