<S> 57 69 / 65 77 / 64 76 / -64 -76 / 62 74 / 61 73 / 62 74 / 58 70 / -58 -70 <END> 
<S> 62 74 / -63 -74 / 62 74 / 0 / 58 62 / 55 63 / 58 70 / 69 -55 / 45 70 / 74 -45 <END> 
<S> 74 -62 / 62 62 68 71 / 65 -62 -62 -62 / 62 65 71 -62 -62 / 51 -62 -65 -69 / 61 61 70 -41 / 36 48 64 69 / 60 64 69 -36 <END> 
<S> 41 53 69 / 71 -41 -53 / 42 54 60 72 / 69 72 -42 -54 -54 / 42 54 -72 -78 / 82 -42 -54 / 57 60 66 -78 / 81 -57 -60 -66 / 0 -78 / 0 81 / 0 72 / 0 69 <END> 
<S> 55 60 63 75 / 78 -52 -55 -60 / 39 51 79 / 82 -39 -51 / 52 58 82 / 80 -51 -55 / 52 72 84 / 82 -52 / 56 60 64 80 / 56 72 -56 -60 / 68 -56 -60 / 69 -56 -60 / 61 76 / 70 -60 <END> 
<S> 91 91 / 57 60 64 -84 / 81 -57 -60 -64 / 48 72 76 / 72 76 84 -48 / 58 60 64 -72 -76 -79 / 69 77 81 -58 -60 -64 / 48 -69 -72 -76 -81 / 76 -48 -72 -76 / 55 60 64 76 80 -72 <END> 
<S> 48 60 75 -76 / 70 -48 -60 -75 / 46 58 77 76 82 / 76 84 -46 -58 -76 / 58 60 64 -76 -82 -86 / 76 82 84 -58 -60 -64 / 48 60 -76 -79 -84 / 76 -48 -60 -76 / 46 58 74 76 / 45 57 73 76 / 77 -45 -57 / 57 60 65 72 77 81 -53 -57 -60 -65 -77 -81 <END> 
<S> 43 74 77 -76 / 88 -48 -76 -76 / 57 60 65 76 -76 -81 / 76 79 -55 -60 -64 / 43 55 -76 -79 / 72 76 84 -43 -55 / 55 60 64 74 77 86 / 76 79 87 -55 -60 -64 / 43 -76 -79 -88 / 71 83 -43 / 55 59 65 74 77 86 / 43 55 74 78 83 / 55 59 65 -74 -83 / 77 81 -55 -59 -65 <END> 
<S> 43 71 77 83 / 76 -43 -71 -76 / 55 59 65 77 -71 -76 / 71 77 -55 -59 -65 / 43 55 72 -71 / 65 71 -43 -55 / 36 48 -71 -77 / 67 -43 -55 -64 / 36 48 72 -64 / 71 -36 -48 -64 / 38 50 -64 64 / 69 -38 -50 / 44 56 62 65 72 / 0 68 -44 -56 / 0 40 52 / 0 68 -40 -52 / 0 56 61 64 / 0 70 -55 -60 / 0 56 68 / 0 53 68 <END> 
<S> 48 60 69 / 74 -48 -60 / 57 60 65 -74 / 72 -57 -60 -65 / 43 55 70 / 67 -43 -55 / 58 61 66 72 / 70 -58 -64 / 51 57 60 69 / 72 -54 -57 -60 / 58 61 64 73 / 67 -52 -58 -64 / 58 62 65 -67 / 68 74 77 -46 -58 -62 / 0 51 63 75 / 0 60 64 68 80 <END> 
<S> 55 58 60 64 / 72 -55 -58 -60 / 57 60 65 -72 / 72 -56 -60 -65 / 53 56 60 -72 -75 / 68 -53 -56 -60 / 46 58 68 / 70 -46 -58 / 51 55 61 61 69 / 70 -51 -55 -58 -61 / 39 51 72 / 67 -39 -51 / 51 55 61 70 / 69 -51 -55 -61 / 46 58 67 / 67 -46 -58 <END> 
<S> 46 58 67 / 75 -46 -58 -67 / 51 55 61 77 / 79 -51 -55 -61 / 39 51 79 / 65 77 -39 -51 / 43 55 -65 -70 -77 / 73 -43 -55 -55 -65 / 44 56 65 74 / 68 -44 -56 -65 / 36 48 72 / 71 -36 -48 / 41 53 -74 / 68 80 -41 -53 <END> 
<S> 48 55 60 -65 -70 / 72 -48 -60 -64 / 53 57 63 -72 / 77 -53 -57 -63 -69 / 48 60 70 79 / 67 -48 -67 / 58 60 -67 -70 / 66 69 -58 -60 -64 / 53 57 60 65 -69 / 0 36 48 69 / 0 72 -36 -48 / 0 56 60 64 70 / 0 65 69 -56 -58 -62 <END> 
<S> 41 53 -67 / 69 -41 -53 / 48 60 -77 / 68 -48 -60 / 47 59 68 / 75 -47 -59 / 46 58 76 / 77 -46 -58 / 47 59 68 / 76 -47 -59 -68 / 46 58 67 76 / 45 57 66 / 65 -45 -57 / 0 47 59 / 65 75 -50 -55 <END> 
<S> 39 51 -62 -70 / 39 51 -61 -75 / 0 40 52 / 61 -40 61 / 39 -39 -51 / 0 44 56 62 68 / 39 51 60 63 70 / 63 -51 -60 -66 / 44 56 62 65 -72 / 0 51 56 60 / 0 39 51 <END> 
<S> 39 51 67 75 / 65 -39 -51 / 51 56 60 68 / 68 72 -51 -56 -60 / 44 56 -68 -72 / 71 75 -44 -56 / 51 56 60 -68 -71 / 72 -51 -56 -60 / 44 56 72 / 71 -44 -56 / 39 51 72 / 63 68 -51 / 51 71 -66 / 75 -39 -51 <END> 
<S> 39 51 -68 -75 / 71 -39 -51 / 51 68 72 / 70 73 -51 / 61 67 70 -40 / 68 -40 -52 -67 / 66 69 75 -45 / 0 42 54 -69 -72 -75 / 0 69 71 -42 -54 -66 -75 / 0 43 55 70 -64 / 64 76 -43 -55 -64 -70 / 0 42 54 69 / 0 54 60 62 <END> 
<S> 45 57 69 / 68 -45 -57 / 42 54 60 72 / 66 75 -42 -54 -60 -66 / 43 55 64 73 / 71 -43 -55 -64 -71 / 52 52 62 -64 -71 / 83 -43 -55 -59 -64 / 50 62 85 -64 -64 / 83 -50 -62 -62 / 81 -43 -62 -62 / 58 62 64 71 83 <END> 
<S> 43 55 62 79 -70 / 72 76 -43 -55 -62 / 46 58 79 -72 / 82 -46 -58 -62 / 55 59 64 84 -55 / 83 -55 -59 -64 / 43 55 83 / 87 -43 -55 / 55 59 65 83 / 84 -55 -59 -65 / 0 48 60 81 / 0 79 -48 -60 / 0 48 60 76 / 0 76 -48 -60 <END> 
<S> 48 55 60 64 / 75 -48 -55 -60 / 57 -48 -60 -64 / 65 -48 -55 -60 / 49 67 76 / 79 -48 -68 / 52 55 69 -52 -70 / 75 -48 -55 -60 / 51 67 72 79 / 67 75 -51 / 58 60 -67 -76 / 75 -58 -60 -67 / 51 69 / 78 -51 <END> 
<S> 39 51 -67 / 66 75 -39 -51 / 39 67 70 73 / 68 72 76 -40 -52 / 39 51 -68 -72 -75 -80 / 72 75 -51 -63 / 39 51 -72 -75 -84 / 72 75 -39 -51 / 51 56 60 70 73 / 39 51 -73 / 68 -39 -51 / 47 68 <END> 
<S> 39 51 66 72 / 44 56 68 72 76 80 / 39 51 -68 -72 -75 -80 / 75 -39 -51 -72 / 51 56 60 68 75 / 68 72 -56 -60 -56 / 36 48 68 / 80 -36 -48 / 56 60 64 76 / 72 -56 -60 -64 / 36 48 -72 / 70 -36 -48 / 38 50 65 70 / 69 -38 -50 <END> 
<S> 52 55 67 / 78 -52 -55 / 41 53 68 / 68 -41 -53 / 46 58 68 / 66 -46 -58 / 51 56 60 68 / 71 -51 -56 -60 / 44 72 75 / 72 75 -44 / 56 60 63 -72 -75 / 74 77 -56 -60 -56 / 39 51 72 75 / 55 60 63 -72 -75 / 87 -51 -55 -63 -72 <END> 
<S> 44 56 68 72 / 68 72 -44 -56 / 51 56 60 68 72 / 68 72 -51 -56 -60 / 44 56 -72 -75 / 65 75 -44 -56 / 51 56 60 -68 -68 -80 / 72 -51 -56 -60 / 39 51 68 / 72 -37 -39 -51 / 51 56 60 70 / 71 -51 -56 -60 / 44 56 72 / 71 -44 -56 / 51 56 60 72 / 75 -51 -56 -60 <END> 
<S> 39 51 -68 -72 / 72 -39 -51 / 51 56 60 68 / 71 -51 -56 -60 / 44 56 68 77 / 56 -44 -68 -72 / 51 56 60 -68 -80 / 75 -51 -56 -60 / 39 51 72 / 70 -39 -51 / 41 53 68 / 68 -41 -53 / 37 49 68 77 / 68 80 -49 -68 / 53 56 61 -68 -80 / 68 72 80 -56 -56 -61 <END> 
<S> 39 51 -68 -72 / 68 72 -39 -51 / 39 51 69 / 69 -39 -51 / 44 56 68 / 71 -44 -56 -60 / 44 56 71 75 / 72 75 -44 -56 / 51 56 60 -72 -75 / 72 77 -51 -56 -60 / 39 51 -72 -75 / 72 75 -51 -39 / 40 52 67 -72 / 79 -40 -52 / 41 53 68 / 39 51 67 <END> 
<S> 44 56 71 80 / 72 75 -44 -56 / 56 60 65 68 -72 / 70 -56 -60 -65 / 44 56 68 72 / 41 53 68 80 / 40 52 72 / 71 -40 -52 / 41 53 68 / 72 75 84 -53 -54 -69 / 41 53 -72 -84 / 75 87 85 -53 -57 / 57 60 64 74 / 77 -57 -60 -65 <END> 
<S> 39 51 70 / 75 -39 -51 / 58 63 67 75 / 70 -63 -63 -67 / 43 55 70 / 71 74 -43 -55 / 0 55 58 63 75 / 69 -55 -58 -63 / 46 58 67 / 67 -46 -58 / 50 62 66 / 66 -50 -62 / 50 62 71 / 69 -50 -62 <END> 
<S> 54 57 62 65 / 67 -54 -57 -62 / 62 70 / 65 -50 / 41 53 67 / 69 72 77 -41 -53 / 48 53 -69 -72 -77 / 67 70 74 -48 / 53 58 -65 -70 -74 / 62 65 70 74 77 / 56 -62 -65 -70 -74 / 68 71 -53 -65 -65 / 58 65 67 70 / 60 65 69 -48 / 57 60 65 68 -65 <END> 
<S> 60 65 69 74 / -63 -65 -69 / 53 65 69 / 69 72 -41 / -41 -69 -72 / 68 71 -41 / 52 67 72 76 / 48 -64 -67 -72 -76 / 63 -48 -72 -76 / 58 60 64 70 74 76 / 76 -58 -60 -64 -70 / 55 60 64 69 / 72 -55 -60 -64 / 40 52 -72 / 79 -40 -52 / 55 60 64 76 / 72 -55 -60 -64 <END> 
<S> 48 55 60 -64 -72 / 72 -48 -60 -64 / 41 53 74 / 81 -53 -65 / 43 55 76 / 75 -43 -55 / 45 57 72 75 / 46 58 74 / 67 -46 -58 / 53 58 62 -65 -70 / 76 -53 -58 -62 -70 / 43 55 -70 / 70 -43 -55 -70 / 41 53 69 72 / 71 -41 -53 -53 <END> 
<S> 46 74 86 / 70 -46 / 53 58 62 74 / 74 -53 -58 -62 / 46 -74 / 77 -46 / 56 58 62 74 / 75 -56 -58 -62 / 0 34 46 75 80 / 0 65 77 81 -46 / 0 51 58 61 67 82 / 79 -36 -48 -55 -61 -67 -75 / 36 48 71 77 / 75 80 -36 -48 -70 / 55 60 64 -70 -75 -82 / 0 48 53 57 60 66 72 / 46 58 60 64 76 <END> 
<S> 41 53 82 / 86 -41 -53 / 56 60 65 84 -41 / 77 81 -60 -60 -65 / 0 74 86 / 0 75 84 / 0 76 84 / 0 84 -72 / 0 80 84 / 0 84 -72 / 0 82 87 / 0 84 82 / 0 79 87 / 0 78 87 / 0 84 87 <END> 
<S> 0 -72 -84 / 0 83 83 / 0 84 87 / 0 84 87 / 0 81 90 / 0 81 84 / 0 84 87 / 0 77 81 81 87 / 0 / 0 79 82 86 -64 / 0 64 67 72 -84 -88 -91 / 84 -64 -67 -72 / 63 69 72 78 90 / 84 -66 -69 -72 <END> 
<S> 56 60 68 -72 -84 / 70 82 -56 -60 -63 / 32 44 -72 -75 -84 / 72 -32 -44 / 56 60 66 72 80 / 39 51 68 78 / 71 80 -39 -51 / 51 56 60 72 75 84 / 72 77 -51 -56 -60 / 44 56 -72 -75 / 65 77 -44 -56 / 51 56 60 68 72 / 67 72 -51 -56 -60 / 53 56 68 -68 / 65 68 75 -53 -56 / 41 53 -68 -71 -77 / 65 71 -41 -53 / 53 56 61 68 71 77 / 68 -53 -56 -61 -65 <END> 
<S> 37 49 65 68 75 / 68 73 -37 -49 / 53 56 61 -68 -73 / 65 68 71 -56 -58 -62 / 37 -65 -68 -71 / 51 68 73 / 49 61 65 73 / 73 -61 -61 -65 / 44 56 65 68 77 / 65 77 -44 -56 / 56 61 65 70 73 / 68 -61 -56 -65 -68 / 34 46 68 77 / 80 -34 -68 / 77 -41 -68 / 77 -34 -68 / 77 -34 -46 / 44 56 75 / 65 77 80 -77 <END> 
<S> 37 49 -65 -68 -77 / 68 80 -37 -49 / 53 56 61 65 71 / 65 68 71 -53 -56 -59 / 49 53 -65 -68 -70 / 52 54 60 -65 -70 / 61 61 67 71 -53 / 61 61 64 68 -40 -52 / 41 53 61 65 69 / 0 77 -41 -53 -56 / 0 53 56 61 65 84 / 69 81 -53 -56 -61 -65 / 44 56 72 84 / 80 -44 -56 -72 / 57 60 63 83 87 / 75 87 -57 -60 -63 <END> 
<S> 50 55 59 68 / 71 -50 -53 -55 -59 / 47 53 57 59 69 / 65 71 -50 -53 -57 / 52 52 57 61 69 69 / 62 -52 -52 -55 -64 / 64 76 -52 -52 / 52 64 76 -52 / 62 -52 -64 -76 / 0 53 62 65 69 72 / 0 62 77 -53 / 0 -62 -65 -68 / 0 60 64 68 <END> 
<S> 0 60 64 / 66 -55 -60 -64 / 48 -60 -60 -69 / -60 -60 -66 / 47 68 73 76 -52 / 0 48 60 64 72 / 0 50 62 65 67 71 / 0 65 74 -45 -57 / 46 58 -65 -74 -74 / 62 65 67 -46 -58 / 53 58 62 66 -65 / 62 70 -53 -58 -62 / 41 -65 -70 / 70 -41 / 53 58 62 67 <END> 
<S> 55 58 62 67 74 / 74 -50 -55 -58 -62 / 53 58 62 -62 -74 / 65 -53 -55 -58 -62 / 49 64 70 73 / 69 -49 / 55 58 61 67 70 / 65 70 -55 -58 -61 -64 / 46 58 -67 / 74 -46 -58 / 44 56 72 / 74 -44 -56 / 43 55 70 / 72 -43 -55 / 41 53 70 / 70 -41 -53 <END> 
<S> 55 58 62 70 / 74 -55 -58 -62 / 55 58 62 -74 / 70 -55 -58 -62 / 39 51 70 / 67 -39 -51 / 0 55 58 / 0 -55 -55 / 0 48 / 55 60 63 65 / 67 -55 -60 -64 / 53 65 69 / 57 60 -65 -69 / 72 -57 -60 -65 / 48 65 70 / 69 -48 -65 / 60 63 65 -48 / 67 70 -63 -60 <END> 
<S> 48 67 / 64 75 -48 / 58 60 64 -68 -74 / 66 69 -52 -58 -60 / 53 57 60 65 -69 -72 / 45 -57 -60 -65 -69 / 48 -57 -60 -65 -69 / 46 58 62 65 73 / -46 -58 -62 -70 / 44 65 77 -44 / 46 58 -68 / 74 77 -46 -58 / 0 49 61 / 69 -49 -61 <END> 
<S> 58 62 65 74 / 74 -58 -62 -65 / 57 60 65 -74 / 72 -57 -60 -65 / 41 53 65 / 67 -41 -53 / 0 53 65 / 69 -53 -65 / 0 42 54 75 / 0 81 -42 -54 / 0 54 57 60 63 75 / 69 -54 -57 -60 -63 / 54 -51 -54 -60 / 66 -51 -54 -57 / 66 -54 -57 -62 <END> 
<S> 0 57 69 / 0 60 64 / 0 62 65 62 68 / 0 65 68 74 -62 -65 / 0 48 58 64 67 76 / 0 / 45 57 68 72 76 84 / 69 73 76 -45 -57 / 52 57 61 69 73 76 81 / 76 -52 -57 -61 -64 -73 / 76 45 57 -61 -69 -73 / 0 45 57 69 73 81 <END> 
<S> 45 57 71 83 / 77 -45 -57 -69 / 38 50 78 81 / 86 -38 -50 -78 -78 / 40 52 72 78 81 / 79 -40 -52 -72 / 42 54 -72 -78 / 81 -42 -54 -72 / 43 55 -72 / 81 -43 -55 / 0 43 55 79 / 0 76 84 -43 -55 / 0 52 79 84 -84 <END> 
<S> 43 55 -72 -77 / 78 -43 -55 -60 -72 -76 / 53 57 77 81 / 74 81 86 -53 -57 -72 / 57 60 65 -77 -81 -86 / 84 -57 -60 -65 -77 -81 / 0 43 55 / 79 82 -43 -55 / 58 60 64 67 78 / 75 81 -58 -60 -64 / 40 52 -70 -76 -82 / 72 76 -40 -52 / 58 60 64 70 74 <END> 
<S> 0 43 55 76 / 0 84 -43 -55 / 0 55 60 64 84 / 0 76 -52 -55 -60 / 48 -76 -84 / 79 -48 / 52 55 60 76 / 76 -55 -60 -64 / 43 55 76 / 79 84 -43 -55 / 44 56 76 83 / 74 77 83 -56 -62 / 40 52 -74 -80 / 83 -40 -52 / 55 59 62 80 / 81 -52 -55 -59 <END> 
<S> 43 55 76 82 / 79 -43 -55 -76 / 55 60 64 81 / 76 82 -55 -60 -64 / 49 -76 -79 / 76 -45 / 58 60 64 79 / 72 84 -58 -60 -64 / 0 43 55 77 / 0 76 84 -46 / 0 60 63 79 / 0 77 -63 <END> 
<S> 48 55 60 72 / 75 -48 -60 -55 / 41 53 57 69 77 81 / 0 72 / 0 74 / 0 77 / 0 81 / 0 81 / 0 60 76 / 0 73 / 0 74 / 0 72 / 0 69 <END> 
<S> 0 60 / 0 54 60 62 / 0 55 -62 / 0 54 66 / 0 54 69 / 0 69 78 / 64 76 79 / 59 62 68 71 77 <END> 
<S> 62 65 / 61 -62 -65 / 61 65 67 / 61 64 70 / 0 65 69 / 62 68 74 -50 / 0 49 61 67 70 73 / 0 65 68 71 77 -58 / 48 68 69 72 76 / 68 68 74 -48 -68 / 68 71 75 -44 -68 -74 <END> 
<S> 44 65 71 / 72 75 -44 -65 / 52 62 64 -72 -76 / 71 74 77 83 -52 -64 / 42 -71 -74 -81 / 72 78 84 / 41 53 -72 -81 / 68 74 80 -41 -53 / 43 69 72 76 / 72 76 -43 -69 / 55 60 64 -72 -76 -79 / 70 76 79 -55 -60 -64 / 52 65 69 -76 -79 / 76 -43 -55 / 55 59 65 67 79 / 70 74 -55 -59 -65 <END> 
<S> 47 59 67 71 77 / 76 -47 -59 -65 -68 / 36 48 68 76 / 76 -36 -48 / 58 60 64 76 / 64 73 77 -58 -60 -64 / 41 53 -69 -77 / 69 -41 -53 / 57 60 65 72 / 69 -57 -60 -65 / 48 58 65 / 67 -48 -58 / 53 60 65 / 69 -53 -60 -65 / 55 72 -48 / 57 60 65 -72 / 72 -57 -60 -65 <END> 
<S> 41 53 69 / 68 -41 -53 / 48 53 57 69 / 68 -48 -53 -57 / 42 54 69 / 69 -42 -54 / 42 54 69 / 69 -42 -54 / 42 54 69 / 69 -42 -54 / 42 54 69 / 69 -42 -54 / 42 54 69 / 74 -42 -54 / 42 54 69 72 43 43 55 -71 -74 / 38 50 67 71 74 <END> 
<S> 45 62 66 / 66 78 -45 -66 / 38 50 -66 -69 -78 / 72 -38 -50 / 41 53 65 69 74 / 0 / 46 58 -65 / 58 62 68 / 74 -58 -62 / 55 58 73 / 77 -55 -58 / 39 51 70 / 77 -39 -51 / 58 61 67 73 / 70 -58 -61 -67 <END> 
<S> 46 58 73 / 67 -46 -58 / 44 56 68 / 39 51 61 67 / 63 77 -39 -51 / 44 56 60 -72 -75 / 71 82 -44 -56 -60 / 42 54 72 75 84 / 41 53 73 80 80 84 / 40 52 73 80 80 80 <END> 
<S> 44 56 72 80 / 72 75 -44 -56 / 45 57 -72 -75 / 70 74 -45 -57 -63 / 42 54 -70 -73 / 67 -42 -54 -70 / 34 46 -70 68 77 / 43 55 67 71 74 / 44 56 68 72 76 / 43 55 71 77 79 / 55 59 65 77 79 / 74 77 83 -55 -59 -65 / 43 55 -74 -77 -83 / 83 -43 -55 -71 / 55 59 62 74 77 -71 / 71 74 79 -55 -59 -62 <END> 
<S> 43 55 67 86 / 71 -43 -55 / 58 62 64 74 77 / 70 82 -58 -62 -67 / 58 62 64 -70 -78 / 69 74 77 -58 -62 / 49 -67 -73 -76 / 70 73 77 / 61 77 -70 -73 / 53 68 72 77 / 80 -53 -68 -72 / 68 73 77 -46 / 56 61 65 -68 -73 -80 / 72 -56 -58 -61 -65 / 44 56 68 / 65 71 -44 -56 / 51 56 60 68 72 / 51 68 -60 -68 <END> 
<S> 44 68 71 83 / 72 -32 -44 / 52 56 60 -68 -72 / 71 83 -56 -60 -64 / 39 -68 -75 / 72 -39 -51 / 51 55 60 70 / 71 -51 -55 -60 / 39 51 72 / 82 -39 -51 / 51 56 60 -80 / 72 -51 -56 -60 / 46 58 73 / 67 -46 -58 / 51 55 61 70 / 75 -51 -55 -61 / 39 51 72 / 51 56 60 70 / 67 -51 -56 -60 <END> 
<S> 52 55 61 73 / 82 -52 -55 -61 / 52 55 61 73 / 76 -52 -55 -61 / 39 51 61 77 / 51 57 60 63 75 / 77 -51 -57 -60 / 44 56 -77 / 72 -44 -56 / 45 57 72 / 68 71 -45 -57 / 33 49 67 73 / 67 76 -38 -61 -67 / 0 49 -67 -73 / 68 71 -49 -61 / 51 61 71 69 / 61 61 70 73 <END> 
<S> 0 45 / 68 -45 / 54 60 63 69 78 / 81 -54 -60 -63 / 0 76 / 0 -78 / 0 72 / 0 72 / 43 55 71 77 81 / 79 -43 -55 / 55 59 65 74 / 76 -55 -59 -65 / 49 61 76 / 50 53 55 59 67 / 65 -50 -53 -55 <END> 
<S> 45 57 66 72 / 43 54 60 71 74 / 60 76 / 65 72 78 -50 -60 / 41 53 -69 -72 -78 / 72 -41 -53 / 57 60 65 72 / 69 -57 -60 -65 / 53 65 / 69 -53 / 57 60 65 / 72 -57 -60 -65 <END> 
<S> 53 65 / 71 -53 -62 / 57 63 67 / 69 -51 -63 / 45 -66 -69 / 44 56 68 74 / 43 50 62 71 / 74 -43 -50 -62 / 47 59 67 79 / 0 47 59 / 0 45 57 63 / 0 45 57 <END> 
<S> 50 62 74 / 69 -50 -62 / 49 61 70 / 69 -49 -61 / 44 56 65 77 / 0 72 -44 -56 / 0 45 57 / 0 72 -45 -57 / 0 76 / 0 72 / 0 69 72 <END> 
<S> 56 62 65 / 68 -56 -62 -65 / 56 60 65 -68 / 66 -56 -56 -60 / 51 63 69 / 72 -51 -63 / -66 -72 -75 / 68 74 -63 / 53 56 68 -65 / 68 72 -53 -56 / 51 56 60 72 / 65 77 -51 -56 -60 / 39 51 -71 -77 / 72 -39 -51 <END> 
<S> 44 56 68 72 / 71 -44 -56 / 51 56 60 72 / 68 72 -51 -56 -60 / 46 -68 -72 / 75 -46 / 51 56 60 68 77 / 68 -51 -56 -60 / 0 69 72 / 53 57 60 63 72 / 69 75 -53 -57 -60 / 41 53 -69 -75 / 72 -41 -53 / 42 54 70 / 74 -42 -54 <END> 
