<S> 0 48 60 / 76 -48 -60 / 55 60 64 67 / 72 -55 -60 -64 / 55 67 76 / 79 -55 -67 / 52 64 84 / 88 -52 -64 / 50 62 91 / 93 -50 -62 / 55 59 65 91 / 89 -55 -59 -65 / 55 59 65 86 / 83 -55 -59 -65 / 43 55 81 / 79 -43 -55 <END> 
<S> 50 62 66 / 70 -50 -62 / 55 59 65 71 / 79 -55 -59 -65 / 43 55 -79 / 71 -43 -55 / 50 55 59 79 / 81 -50 -55 -59 / 0 52 55 60 64 79 / 0 76 / 0 76 -52 / 0 55 61 64 76 / 0 70 -55 -61 -64 / 67 72 76 79 84 -55 -61 / 51 55 61 -72 -72 -79 -81 / 70 -55 -60 -63 / 44 72 79 84 84 / 39 51 -72 -78 -80 <END> 
<S> 0 52 64 / 78 -48 -64 -72 / 52 55 60 83 -67 -72 / 71 -52 -55 -60 -64 -72 / 67 72 84 -52 -64 / 51 55 61 -72 -84 / 0 50 62 / 51 63 66 72 / 66 70 -54 -60 -63 / 39 67 71 -63 / 68 71 -40 -62 / 50 54 60 -71 -71 -75 / 72 75 78 -54 -60 -60 -66 <END> 
<S> 62 65 67 / 68 -62 -65 / 56 59 -62 -68 / 65 68 -56 -58 -62 / 46 67 -65 -68 / 68 -46 -68 / 56 58 62 68 70 / 41 53 68 79 / 65 77 -41 -53 / 42 54 60 63 69 / 65 69 -42 -54 -57 -60 / 38 50 -66 -66 / 66 69 -38 -50 <END> 
<S> 62 65 65 / 67 -62 -65 / 61 62 64 68 / 62 65 68 -62 / 53 -59 -62 -65 -68 / 61 65 68 -62 / 46 61 -65 -70 / 0 77 -46 -58 / 0 46 58 / 0 34 46 / 0 77 -34 -46 / 0 51 -74 -80 / 0 75 -51 -68 -75 / 0 75 -47 -68 / 0 75 87 -68 -75 / 0 72 75 87 -75 <END> 
<S> 0 65 / 0 68 / 0 68 71 / 0 70 71 75 82 / 0 70 74 77 81 / 0 65 70 74 77 / 0 70 74 77 -34 -46 / 0 77 -65 -65 -70 -74 / 74 77 -41 -65 -65 -70 / 77 -34 -46 -65 -70 -74 / 77 -46 -65 -70 -74 / 58 61 65 70 77 / 77 -58 -62 -65 -70 / 44 56 65 68 74 / 77 -44 -56 -65 -65 -72 / 43 55 64 71 -65 / 71 -43 -55 -62 -65 -71 / 61 65 68 71 -43 -55 <END> 
<S> 50 62 71 77 / 80 -62 -65 -71 / 56 59 65 68 83 / 83 -56 -59 -65 -71 / 44 56 68 80 / 56 60 68 72 80 / 39 51 -72 -80 / 70 -39 -51 / 41 53 68 / 71 -41 -53 / 39 51 72 / 63 66 75 -39 -51 / 39 51 67 70 79 / 39 51 67 79 / 39 67 70 75 -39 <END> 
<S> 39 51 67 / 72 -39 -51 / 51 56 60 70 / 39 51 -60 -68 / 39 51 68 72 75 -39 -51 / 44 56 68 72 / 63 68 72 / 51 68 -60 -68 / 0 60 70 / 0 68 80 <END> 
<S> 44 66 68 / 80 -51 -63 -68 / 38 50 -72 -78 / 39 -68 -76 / 75 -39 -51 -68 / 0 43 55 71 75 / 0 71 74 83 -43 -55 / 48 59 67 73 79 / 79 -52 -61 -67 -76 / 49 61 -76 -76 / 38 50 -76 -79 -82 / 0 76 82 / 0 52 56 62 82 / 74 77 83 -55 -59 -62 <END> 
<S> 43 55 67 79 91 / 79 -43 -55 -76 / 61 61 64 -76 -82 / 0 52 62 68 74 73 76 / 0 68 71 80 -40 -56 / 0 38 50 68 71 74 76 / 66 75 -38 -50 / 39 51 71 87 / 60 59 62 68 71 74 74 / 46 58 68 77 / 44 56 74 77 -68 <END> 
<S> 44 67 71 80 / 72 -32 -44 -68 / 56 62 68 80 -68 / 68 80 -56 -62 -68 -71 / 44 56 -68 -80 / 44 56 68 80 / 50 62 68 71 / 51 63 68 72 / 71 77 80 -51 -63 / 0 56 60 -75 -80 / 72 75 80 -56 -60 -68 / 44 56 -72 -75 -80 / 72 75 -44 -56 / 45 57 72 75 78 <END> 
<S> 44 56 68 72 75 80 / 44 56 -72 -75 / 41 53 -72 -75 / 39 51 -72 -75 / 44 56 68 72 75 80 / 43 55 67 70 74 79 / 53 55 59 -67 -71 -74 -79 / 55 59 65 -67 -71 -77 -79 / 52 55 -67 -71 -76 -79 / 47 59 -67 -73 -79 <END> 
<S> 46 58 67 75 79 / 75 81 -46 -58 -67 / 55 58 63 79 -70 -75 / 67 75 -55 -58 -63 / 55 67 75 -67 / 58 60 64 -67 -75 -79 / 67 72 76 -58 -60 -64 / 48 60 -67 -72 -76 / 46 58 -67 -72 -76 / 45 57 66 72 <END> 
<S> 57 60 65 -69 -77 -81 / 69 75 -57 -60 -65 -69 / 53 60 65 -69 -72 -77 / 70 74 82 -53 -57 -62 / 41 53 -70 -79 / 74 77 -41 -53 / 53 58 62 74 79 / 72 -53 -58 -62 / 41 53 70 74 / 69 -41 -53 -70 / 43 55 -65 -70 -74 / 70 -41 -55 -70 -70 / 53 -44 -70 -73 / 70 -43 -70 <END> 
<S> 41 53 70 74 / 73 -41 -53 -70 / 53 58 62 -70 -74 / 74 -53 -58 -62 -70 / 46 74 77 / 53 58 62 70 76 / 65 77 -53 -58 -62 / 41 -65 -77 / 74 -41 / 57 62 65 72 / 69 72 77 -57 -62 -65 <END> 
<S> 48 65 74 / 72 75 -48 / 53 57 63 72 / 65 77 -53 -57 -60 / 48 69 75 / 65 53 60 69 72 / 70 77 -53 -60 -65 / 41 53 -69 -77 / 69 77 -41 -53 / 42 54 -69 -72 -77 / 69 72 -42 -54 / 43 55 67 70 / 69 -43 -55 / 52 60 64 72 / 70 -52 -60 <END> 
<S> 39 51 67 79 / 66 75 -39 -51 / 39 51 -69 / 68 -39 -51 / 39 51 67 70 / 39 51 67 70 / 0 65 69 / 0 68 70 / 0 68 71 / 0 70 <END> 
<S> 65 69 / 68 68 71 / 71 -44 -68 -71 / 0 47 68 / 75 -44 -68 / 51 56 60 68 80 / 39 50 -72 -75 / 68 80 -51 / 51 55 60 68 72 / 68 72 -51 -56 -60 / 41 53 68 / 80 -41 -53 / 56 58 62 80 <END> 
<S> 39 -65 -68 / 72 75 -44 -56 / 51 56 60 68 75 / 72 -51 -56 -60 / 44 56 75 / 71 -44 -56 / 51 56 60 72 / 71 77 -51 -56 -60 / 39 51 -68 -77 / 72 -39 -51 / 51 56 60 70 / 71 -51 -56 -60 / 44 56 72 / 71 -44 -56 / 45 57 72 / 70 -45 -57 <END> 
<S> 44 56 68 72 / 65 53 68 71 / 51 63 70 / 68 71 -51 / 49 61 69 / 68 -49 -61 / 44 56 77 / 0 39 51 / 0 39 51 / 63 -39 -51 / 0 -51 -63 / 0 54 56 60 63 68 <END> 
<S> 39 51 67 / 75 -39 -51 / 39 51 67 / 39 -39 -51 / 40 52 82 / 71 -40 -52 / 58 61 64 76 / 73 -58 -61 -67 / 44 56 68 / 65 68 -44 -56 / 56 61 65 70 73 77 / 68 73 77 -56 -61 -65 / 44 56 71 -73 -77 / 65 68 71 80 -44 -56 / 0 51 56 61 -65 -68 -71 -80 / 0 71 83 -52 -56 -59 <END> 
<S> 44 56 65 68 71 / 68 71 -44 -56 -62 / 40 52 -68 -68 / 72 -40 -52 -61 -68 / 38 50 60 66 69 / 66 -38 -50 -60 -66 / 60 66 -50 -60 -66 / 38 50 -66 -66 / 66 -38 -50 -66 / 0 43 55 65 70 / 45 60 -65 -69 / 46 58 62 65 67 70 / 33 45 57 61 67 70 <END> 
<S> 38 50 65 69 / 67 71 -50 -62 / 53 57 62 -65 -69 / 67 71 -50 -53 -59 / 46 65 77 / 67 70 74 -46 / 53 58 62 -65 -70 -74 / 77 -53 -58 -62 / 41 65 70 74 / 53 58 62 -65 -70 -74 / 67 70 -53 -58 -62 <END> 
<S> 46 67 74 / 70 74 -46 / 53 58 62 -74 -82 / 77 -53 -58 -62 / 41 -79 / 77 -41 / 53 58 62 76 / 74 -53 -58 -62 / 46 -74 / 86 -46 / 53 58 62 81 / 77 -53 -58 -62 / 41 69 81 / 53 53 62 68 70 / 67 75 -53 -53 -62 <END> 
<S> 46 74 / 73 -46 / 53 58 62 70 / 65 -53 -58 -62 / 43 -65 / 67 -43 / 55 58 62 -67 / 65 -55 -58 -62 / 0 48 60 68 / 68 -48 -60 / 48 61 69 / 77 -48 -60 / 46 58 67 73 <END> 
<S> 41 53 69 / 68 -41 -53 / 48 60 69 / 68 -48 -60 / 46 58 68 / 69 -46 -58 / 51 63 72 / 79 -51 -63 / 46 58 67 / 70 -46 -58 / 44 56 72 / 68 -44 -56 / 51 56 60 -68 -80 / 72 -51 -56 -60 / 39 51 72 / 51 56 60 72 / 72 -51 -56 -60 <END> 
<S> 39 51 -68 -77 / 72 -39 -51 / 39 51 66 / 69 -39 -51 / 39 51 70 / 73 -39 -51 / 39 51 66 70 / 44 56 68 72 / 39 51 -68 -72 / 44 56 68 72 75 80 / 39 51 -68 -72 -75 / 68 -39 -51 / 41 53 68 80 / 39 51 67 75 <END> 
<S> 44 56 68 72 75 80 / 0 44 56 / 72 75 -44 -56 / 41 53 -72 -75 / 68 72 -45 -57 / 42 54 60 69 72 / 0 43 55 64 64 72 / 60 64 76 -52 -64 -70 / 0 41 53 65 69 74 / 0 65 69 -41 -53 -77 / 0 52 64 76 / 0 64 72 <END> 
<S> 42 54 60 60 72 / 69 72 -51 -60 / 41 53 -66 -69 / 75 -41 -66 -75 / 75 -41 -66 / 45 57 70 77 / 44 67 71 77 / 34 46 68 72 76 / 51 -68 -72 -76 / 58 63 -68 -72 -75 / 60 64 70 73 / 39 -64 -70 -72 <END> 
<S> 51 67 70 82 / 53 -63 -70 -75 / 57 -63 -70 -70 / 58 -63 -68 -70 / 56 65 -65 -70 / 56 68 -65 -70 -74 / 56 61 65 70 73 77 / 43 55 -67 -73 -77 / 41 53 -65 -70 -74 -77 / 40 52 -65 -70 -74 -77 / 41 53 74 77 80 -41 <END> 
<S> 45 -67 70 74 / 77 -45 -57 -70 / 46 58 65 70 / 41 53 -65 -70 / 43 55 -65 -70 / 45 63 -65 / 44 56 65 / 48 60 64 72 / 45 57 65 72 <END> 
<S> 41 53 -67 -70 / 70 -41 -53 / 42 54 69 72 / 43 55 -69 -72 / 44 56 62 65 70 / 39 51 62 67 72 / 0 31 43 55 / 0 55 58 62 / 55 58 62 67 / 55 58 62 67 / 67 -55 -58 -62 <END> 
<S> 55 58 62 74 / 67 -55 -58 -62 / 55 58 62 -67 / 69 -55 -58 -62 / 0 51 57 60 63 / 62 70 -51 -54 -57 / 41 53 -62 -70 / 40 52 -62 -69 / 41 53 62 71 / 43 63 71 77 -43 / 79 -43 -53 -67 -71 / 59 -43 -83 -67 -71 / 65 74 -43 -55 -67 <END> 
<S> 0 53 65 / 70 -53 -62 / 58 61 65 77 / 79 -58 -61 -65 / 39 51 82 / 87 -39 -51 / 38 50 78 / 70 82 -38 -50 / 39 51 -70 -82 / 72 -39 -51 / 58 63 68 -39 / 70 -51 -58 -63 / 40 52 -70 / 69 -40 -52 / 55 58 61 70 / 70 -55 -58 -70 <END> 
<S> 39 51 -72 -82 / 78 -39 -51 / 58 63 67 70 / 75 -58 -63 -67 / 46 58 68 / 68 -46 -58 / 39 51 67 / 67 -39 -51 / 51 55 60 72 / 70 -51 -55 -60 / 39 51 72 / 70 82 -39 -51 / 38 50 -70 -82 / 68 74 -50 <END> 
<S> 39 51 70 / 78 -39 -51 / 58 63 67 79 / 75 -58 -63 -67 / 43 55 70 / 71 -43 -55 / 42 54 72 / 73 -42 -54 / 41 53 74 / 80 80 -41 -53 / 56 58 62 -80 -80 / 80 -56 -58 -62 / 46 58 79 / 82 -46 -58 <END> 
<S> 37 49 65 77 / 53 61 61 73 / 73 73 78 -61 -61 -61 / 51 61 61 70 -73 / 73 -39 -51 -61 / 44 56 77 / 68 72 -44 -56 / 0 53 61 62 69 / 68 80 -51 -56 -60 / 44 56 68 80 / 72 87 -44 -56 / 51 56 60 80 84 / 72 -51 -56 -60 <END> 
<S> 0 42 54 / 69 -42 -54 / 54 60 62 69 78 / 72 78 -54 -60 -62 / 50 -72 -78 / 74 78 81 -45 / 50 54 60 -71 -74 -78 -83 / 69 78 -50 -54 -60 / 45 71 78 / 78 -45 -57 / 50 54 60 73 81 / 81 -50 -54 -60 42 / 39 51 71 79 83 / 75 87 84 -52 / 55 57 60 74 78 83 / 72 78 81 -55 -60 <END> 
<S> 39 51 67 75 / 77 79 87 -39 -51 / 55 58 63 72 79 84 / 70 82 -55 -58 -63 / 39 51 72 79 84 / 80 -39 -51 -72 / 51 55 70 82 / 75 79 -55 -58 -63 / 39 51 -70 -79 -82 / 75 -39 -51 / 43 55 70 82 / 75 79 -43 -55 / 58 63 67 70 79 / 70 82 -58 -63 -67 / 36 48 -70 -82 / 75 -36 -48 -67 / 58 60 64 68 76 / 69 -58 -60 -64 <END> 
<S> 46 58 70 82 / 75 82 -46 -58 / 55 58 63 72 79 / 70 82 -55 -58 -63 / 39 51 -70 -79 -82 / 75 79 -39 -51 / 39 51 72 -70 / 75 -39 -51 / 55 58 63 72 / 70 -55 -58 -63 / 46 58 / 69 -46 -58 / 51 58 61 70 / 77 -51 -61 <END> 
<S> 39 51 70 / 67 -39 -51 / 40 52 67 / 67 -40 -52 / 39 51 -67 / 70 -39 -51 -67 / 40 52 -70 / 68 -40 -52 / 41 53 68 / 68 73 -38 -50 -68 / 39 51 -68 -71 -77 / 75 -39 -51 / 51 56 60 70 / 72 -51 -56 -60 / 44 56 68 / 71 -44 -56 / 51 56 60 72 / 71 -51 -56 -60 <END> 
<S> 44 56 68 72 / 71 -44 -56 / 51 56 60 72 / 68 75 -51 -56 -60 / 44 56 -72 -75 / 75 -44 -56 / 51 56 60 68 77 / 39 51 -72 / 68 -39 -51 / 51 58 61 70 / 67 -51 -56 -61 / 39 51 69 / 70 -39 -51 / 51 55 61 -70 / 67 -51 -55 -61 <END> 
<S> 39 51 68 77 / 75 80 -39 -51 / 51 55 61 -75 -80 / 65 77 -51 -55 -61 / 39 51 72 84 / 73 -39 -51 / 51 56 61 -73 -80 / 77 -51 -56 -61 / 44 56 72 77 80 / 56 60 65 -72 -77 -80 / 73 77 80 -56 -60 -65 / 44 56 -72 -77 -73 -77 / 56 60 66 -72 -75 -80 -84 <END> 
<S> 44 56 72 76 / 72 75 -44 -56 / 45 57 -72 -75 / 72 75 -45 -57 / 46 58 -72 -75 / 74 -46 -58 / 51 55 58 63 72 / 70 82 -55 -58 -63 / 39 51 -70 -82 / 72 84 -39 -51 / 43 55 70 82 / 75 84 -43 -55 / 42 54 75 79 83 84 / 72 84 -42 -54 -79 -78 / 39 51 -72 -78 -82 -84 / 82 -42 -54 -70 -75 <END> 
<S> 45 57 75 / 72 78 84 -45 -57 / 44 56 -72 -75 -84 / 72 75 84 -44 -56 / 45 57 -72 -75 -84 / 72 75 84 -45 -57 / 43 55 -72 -75 -79 / 82 -43 -55 / 36 48 72 76 81 / 41 53 -72 -72 -84 / 0 56 -41 -72 / 0 57 -72 <END> 
<S> 41 53 71 83 / 69 72 77 -41 -53 / 42 54 57 69 72 75 / 69 72 75 -42 -54 -75 / 43 71 -72 -75 / 65 74 -43 -72 / 53 55 59 62 -65 -71 / 64 67 -53 -55 -59 -62 / 50 62 65 71 / 67 -50 -62 -65 / 52 55 59 65 67 <END> 
<S> 38 50 67 74 / 70 -38 -50 / 55 58 62 67 / 71 74 -55 -58 -62 / 39 51 -70 / 75 -39 -51 / 55 58 63 72 / 70 -55 -58 -63 / 43 55 -70 / 72 -43 -55 / 41 53 74 / 70 -41 -53 / 43 55 75 / 77 -43 -55 / 45 57 61 75 / 44 56 65 77 <END> 
<S> 39 51 79 / 82 -39 -51 / 58 63 72 / 78 -58 -63 / 46 58 / 73 -46 -58 / 58 62 65 72 / 70 -58 -62 -65 / 0 65 / 67 -46 / 53 58 62 70 / 65 -53 -58 -62 / 46 67 / 70 -46 / 55 58 62 72 / 74 -55 -58 -62 <END> 
<S> 58 70 / 79 -46 / 53 58 62 72 / 70 -53 -58 -62 / 41 -70 / 65 -41 / 53 58 62 70 / 65 -53 -58 -62 / 46 67 / 69 -46 / 55 58 63 72 / 70 -55 -58 -63 / 46 67 / 67 -43 / 55 58 62 68 / 70 -55 -58 -62 <END> 
<S> 51 67 / 67 72 -51 / 55 58 63 -67 -72 / 65 70 -55 -58 -63 / 50 62 -65 -70 / 70 -50 -62 / 53 49 61 69 / 70 -53 -58 -61 / 53 58 63 72 / 65 75 -53 -57 -63 / 41 53 -65 -77 / 75 -41 -53 -65 / 42 54 70 73 / 82 -42 -54 -70 -70 / 54 58 62 -70 -74 -82 / 75 -53 -58 -62 -70 <END> 
<S> 41 53 68 / 80 -41 -53 / 56 61 65 77 / 75 -56 -60 -65 / 40 52 82 / 80 -40 -52 / 58 61 67 79 / 76 82 -58 -61 -70 / 46 58 -76 -82 / 82 -46 -58 / 43 55 79 / 82 -43 -55 / 58 62 67 79 / 75 82 -58 -62 -67 / 46 58 -75 -79 / 75 -46 / 58 63 67 79 / 70 82 -58 -63 -67 <END> 
<S> 51 51 -75 -79 / 81 -51 -75 / 58 63 66 78 -75 / 78 -58 -63 -63 / 46 68 74 / 75 -46 -68 / 56 58 62 77 -68 / 75 -56 -58 -62 -68 / 32 44 75 / 77 -32 -44 / 54 60 62 -72 -75 / 72 -54 -60 -62 / 41 53 -72 -75 / 67 -41 -53 / 42 54 63 69 72 75 <END> 
<S> 44 71 / 72 76 -44 / 52 56 60 68 -72 / 71 -52 -60 -56 -66 / 44 56 68 72 / 51 56 60 -68 -72 / 68 -51 -56 -60 -68 / 44 56 -68 -72 / 75 -44 -56 -68 / 41 53 68 75 / 80 -41 -53 -68 / 38 50 72 77 / 80 -38 -50 -68 / 36 48 -78 -77 / 72 84 -36 -48 / 58 60 64 -84 / 72 -58 -60 -64 <END> 
<S> 44 56 68 80 / 72 75 -44 -56 / 51 56 60 -72 -75 / 72 75 -51 -56 -60 / 39 51 70 75 / 51 57 60 -67 -75 / 67 -51 -55 -60 / 39 51 70 / 72 -39 -51 / 51 55 60 70 / 67 75 -51 -55 -60 / 39 51 -70 -72 / 75 -39 -51 / 40 52 67 72 79 / 41 53 69 / 68 72 80 -41 -53 <END> 
<S> 39 51 70 / 75 -39 -51 / 51 55 60 70 / 72 -51 -55 -60 / 39 51 70 / 72 -39 -51 / 51 55 61 70 / 72 -51 -55 -60 / 46 58 73 / 82 -46 -58 / 51 55 61 -82 / 87 -51 -55 -61 / 39 51 73 / 75 -39 -51 / 51 56 61 77 / 79 -51 -56 -61 <END> 
<S> 39 51 -77 / 75 -39 -51 / 39 51 67 70 / 39 51 67 72 / 70 -39 -51 / 39 51 66 72 / 70 -39 -51 / 39 51 69 / 71 -39 -51 / 39 51 69 / 72 -39 -51 / 40 52 73 / 73 -40 -52 / 49 61 69 / 70 -49 -61 <END> 
<S> 39 51 70 / 72 -39 -51 / 39 51 70 / 72 -39 -51 / 41 53 73 / 80 -41 -53 / 43 55 75 / 77 -43 -55 / 45 57 78 / 75 -42 -54 / 43 76 79 / 74 86 -43 / 76 -43 -74 / 77 -43 -71 / -76 -43 -77 / 58 62 65 -72 -76 -79 / 75 79 -43 -58 -62 -70 <END> 
<S> 0 52 64 76 / 72 76 84 -52 -64 / 0 74 86 86 / 0 84 87 / 0 83 / 0 82 / 0 39 51 / 0 75 87 87 / 0 55 68 76 79 / 72 76 84 88 -67 / 0 <END> 
<S> 0 55 / 79 -55 -60 / 0 55 61 75 / 0 76 -55 -61 / 0 55 61 / 0 -55 -55 -63 / 0 50 55 59 / 77 -55 -59 -65 / 43 55 65 76 / 67 -43 -55 / 48 55 61 67 / 68 -48 -52 -64 <END> 
<S> 55 59 65 71 / 72 -55 -59 -65 / 55 59 65 -55 / 67 -55 -59 -65 / 0 55 60 64 / 0 57 60 65 / 0 60 64 / 0 63 66 / 0 63 66 / 0 66 69 72 / 0 69 72 / 0 69 72 76 84 / 0 69 72 77 81 / 0 <END> 
<S> 62 65 67 / 65 68 -41 / 61 65 69 / 68 -65 -65 / 0 77 / 0 77 / 0 73 / 0 72 / 0 76 / 0 81 / 0 81 13988 / 0 80 13988 / 0 79 13988 / 0 78 13988 / 0 84 13988 / 0 64 72 76 84 / 0 64 72 -84 -64 <END> 
<S> 0 66 78 83 / 66 83 -69 -69 / 72 76 84 -66 -66 / 0 65 71 74 86 / 0 53 65 71 74 86 / 0 65 68 74 77 80 -62 / 0 67 77 79 -62 -65 / 0 60 65 67 74 -48 / 36 48 64 67 72 <END> 
<S> 38 71 69 72 / 80 -66 -69 -72 / 62 66 71 74 / 36 47 -71 -74 / 62 68 71 -47 / 0 38 50 69 / 68 -38 -50 / 39 51 60 69 / 68 71 -51 -60 / 38 72 75 / 51 54 60 72 78 / 69 72 81 -54 -60 -51 / 40 52 -72 -78 -84 / 72 -40 -52 / 47 59 64 68 -40 <END> 
<S> 44 56 68 / 72 -68 -56 / 41 53 68 80 / 80 -41 -53 -68 / 37 49 65 75 77 / 68 80 -37 -49 / 0 48 60 72 76 84 / 0 / 53 57 63 77 81 / 72 75 -53 -57 -63 / 41 53 -72 -75 / 74 77 -41 -53 <END> 
<S> 57 60 65 / 69 -57 -60 -65 / 56 61 65 -65 / 70 -56 -65 / 56 61 65 77 / 75 -56 -61 -65 / 55 61 65 70 / 70 -55 -61 -65 / 55 58 65 -67 / 65 -55 -57 -65 / 0 60 64 / 0 64 <END> 
<S> 58 62 65 / 65 -46 -58 -62 / 56 60 64 -65 / 54 60 63 66 / 0 53 57 63 / 0 57 60 65 77 / 0 57 60 64 80 / 0 45 57 72 76 84 / 0 60 76 84 88 <END> 
