<S> 60 72 / 57 69 / 50 62 / 48 60 / 50 62 / 52 64 / 53 65 / 55 67 <END> 
<S> 50 62 / 43 55 / 43 67 / 50 62 / 45 69 / 44 68 / 45 69 / 47 71 / 45 57 67 75 <END> 
<S> 57 62 65 69 / 45 -57 -62 -65 -69 / 43 55 64 70 / 45 61 73 / -45 -57 -61 -69 / 44 56 65 / -44 -56 -65 / 48 53 58 69 / 77 -53 -57 -60 / 41 53 72 / 69 -41 -53 <END> 
<S> 53 55 74 / 73 -52 -53 / 53 58 62 -74 / 70 -53 -58 -62 / 41 53 62 65 / 39 53 -62 -65 / 43 55 65 67 / 45 -65 -65 / 46 58 65 / 65 -46 -58 / 53 60 63 67 / 69 -53 -60 -63 <END> 
<S> 31 43 55 67 70 / 50 53 55 59 62 67 / 62 65 -50 -53 -55 -59 / 49 67 70 -43 / 55 58 61 58 73 -70 / 0 65 69 / 0 65 69 / 41 53 -65 -69 / 0 43 55 / 45 57 72 75 <END> 
<S> 53 65 / 67 -53 -62 / 57 63 65 / 68 -57 -63 -65 / 47 59 68 / 69 -47 -59 / 51 56 60 68 / 72 -51 -56 -60 / 39 51 75 / 51 56 60 63 84 / 0 45 57 -75 / 0 72 -45 -57 / 0 63 75 / 0 63 75 <END> 
<S> 57 60 69 / 75 78 86 -57 -60 / 57 60 -69 -77 -81 / 72 75 -57 -60 -65 / 57 60 65 72 77 81 / 0 / 53 77 / 72 84 -53 / 57 65 -69 -72 -77 -84 / 65 71 77 -57 -65 -65 / 47 59 -65 -71 -74 -77 / 69 81 -47 -59 -65 / 0 43 55 70 77 79 <END> 
<S> 0 72 / 0 71 83 / 0 57 60 63 72 84 / 62 65 69 -57 -60 / 61 67 71 -59 -65 / 62 65 68 -43 -76 / 68 -59 -62 -68 -71 / 62 62 68 71 -62 / 43 -62 -62 -67 -71 / 69 -31 -43 -62 / 42 54 60 62 72 / 43 55 62 65 71 / 67 -43 -55 -62 -71 / 38 50 -62 -67 -62 -67 / 39 51 -62 -67 -71 / 51 63 66 72 <END> 
<S> 31 43 50 -67 -71 / 67 -50 -62 / 52 -59 64 / 62 -52 -52 / 52 59 62 67 / 47 59 62 67 71 / -47 -59 -62 -67 -71 / 74 -43 -59 -62 -67 / 46 58 67 74 -67 / 45 57 64 69 / 57 -45 -66 -76 / 57 60 64 -66 -76 / 69 -57 -61 -64 -69 <END> 
<S> 58 65 67 74 / 61 -65 -67 -73 / 57 61 65 77 / 77 -57 -61 -65 / 45 57 66 72 / 44 56 74 / 45 57 72 75 78 / 41 53 72 75 80 / 53 57 60 69 72 76 81 <END> 
<S> 45 57 88 / 88 -45 -57 -60 / 48 60 81 / 77 -48 -60 / 46 58 73 / 73 -46 -58 / 45 57 77 / 44 73 85 / 56 61 65 75 80 / 77 -56 -61 -65 / 46 68 80 / 79 -46 -68 / 58 62 64 -79 -82 / 76 -58 -62 -70 <END> 
<S> 44 72 83 / 74 80 -44 / 53 57 62 83 / 72 84 -53 -56 -62 / 45 -72 -81 -84 / 77 -45 / 57 61 67 78 / 75 79 -57 -61 -67 / 46 76 82 / 73 84 -46 / 58 62 68 76 -73 / 73 -58 -62 -68 / 37 49 77 / 69 81 -49 / 53 56 61 -73 -80 / 73 -53 -56 -61 <END> 
<S> 45 74 78 / 80 -41 -74 / 53 57 62 76 83 / 74 81 -53 -57 -62 / 42 -74 -85 / 72 -42 / 54 57 63 74 / 75 78 -54 -57 -63 / 46 58 73 75 81 / 49 -58 -70 -76 -82 / 39 51 -70 -70 -82 / 41 53 68 75 80 / 73 -41 -53 / 42 54 75 / 74 -42 -54 / 42 54 75 / 54 57 60 63 -74 <END> 
<S> 34 46 53 74 82 / 70 82 -34 -46 / 53 56 72 77 84 / 72 84 -53 -56 -63 / 41 53 -72 -84 / 72 77 84 -53 -41 / 41 53 -72 -84 / 70 82 -41 -53 / 43 55 72 / 77 -43 -55 / 44 56 74 / 72 -44 -56 / 41 53 76 / 77 -41 -53 / 56 60 65 76 / 72 -56 -60 -65 <END> 
<S> 41 53 69 81 / 71 -41 -53 / 53 57 62 69 / 77 -53 -57 -62 / 40 52 -69 -81 / 71 -40 -52 / 38 50 69 / 72 -38 -50 / 40 52 / 69 -40 -52 / 52 55 60 72 / 71 -52 -55 -60 / 41 53 67 / 69 -41 -53 / 42 54 69 / 65 69 -42 <END> 
<S> 42 54 69 / 77 -42 -54 / 54 60 62 -74 / 72 -54 -60 -62 / 54 60 62 69 / 54 57 62 66 75 / 66 75 78 -54 -60 -62 / 0 43 55 -75 -81 / 0 81 -43 -55 / 0 83 <END> 
<S> 0 48 60 / 67 72 -48 -60 / 63 69 -48 -60 / 0 51 60 62 -69 -72 / 0 62 65 69 -40 -52 / 47 59 -62 -68 -71 / 74 -47 -59 -62 -71 / 71 74 86 -47 / -47 -68 -71 -76 / 74 80 -47 -68 -71 / 59 62 68 71 76 -71 / 74 77 80 -59 -62 -68 -71 / 44 56 68 80 -71 / 71 83 -44 -56 / 56 59 -68 -71 -80 / 75 78 -47 -56 -59 <END> 
<S> 44 71 75 79 / 75 87 -44 / 52 56 60 -71 82 / 68 72 83 -56 -60 -64 / 46 -68 -72 -78 / 73 76 -46 / 52 56 61 68 76 / 68 73 -56 -58 -61 / 39 51 73 / 71 80 -39 -51 / 51 56 60 68 72 / 75 87 -51 -56 -60 / 51 53 75 87 / 72 79 -51 / 55 60 63 -72 -84 / 75 79 -55 -60 -63 <END> 
<S> 44 56 -72 / 74 -44 -56 / 51 56 60 72 75 / 72 77 -51 -56 -60 / 44 56 -72 -75 / 75 -44 -56 / 51 56 60 68 77 / 72 -51 -56 -60 / 44 56 75 / 65 77 -44 -56 / 52 56 60 68 72 / 70 72 -51 -56 -60 / 41 53 -68 -72 / 67 -41 -53 / 42 54 63 69 72 <END> 
<S> 39 51 -72 -77 / 72 -39 -51 / 51 56 60 70 / 73 -51 -56 -60 / 44 56 71 77 / 72 -44 -56 / 39 51 -72 / 71 75 -51 -66 / 39 51 72 -70 / 75 -39 -51 / 51 55 60 72 / 70 -51 -55 -60 / 39 51 69 / 69 -39 -51 -66 / 42 54 -63 -69 / 63 -42 -54 <END> 
<S> 39 51 67 73 / 55 58 63 75 / 79 -55 -58 -63 / 39 51 -79 / 82 -39 -51 / 54 63 72 / 70 -54 -63 / 42 54 69 / 75 -42 -54 / 58 61 66 72 / 70 -58 -61 -66 / 44 56 68 72 / 51 56 60 72 77 <END> 
<S> 39 67 / 66 75 -39 -51 / 39 51 67 70 / 67 70 -40 -61 / 39 51 -67 -70 / 66 72 -39 -51 / 32 -66 -69 / 67 73 -40 -52 / 39 51 -67 -70 / 60 72 -39 -51 / 39 51 70 / 41 53 60 69 / 39 51 67 72 <END> 
<S> 39 51 67 / 75 -39 -51 / 58 63 67 79 / 75 -58 -63 -67 / 44 68 80 / 80 -44 -68 / 56 60 63 -68 -80 / 75 87 -56 -60 -63 / 44 -75 -87 / 72 77 -44 / 56 60 63 -68 -72 -80 / 72 84 -56 -60 -63 -68 / 44 56 -72 -75 / 72 75 -44 -56 / 42 54 -72 -75 / 72 -42 -54 <END> 
<S> 44 72 83 / 80 84 87 / 0 56 60 68 82 / 72 -56 -63 -68 / 51 75 / 79 -51 / 52 55 61 63 / 67 -51 -55 -61 / 39 51 66 / 70 -39 -51 / 58 63 67 / 70 -58 -63 / 51 63 67 / 67 70 -51 / 58 63 67 70 / 70 -58 -63 -67 <END> 
<S> 51 67 79 / 79 -39 -51 / 58 63 67 77 / 75 -58 -63 -67 / 43 55 70 / 71 -43 -55 / 42 54 72 / 73 -42 -54 / 41 53 74 / 80 84 -41 -53 / 58 62 68 -80 -84 / 74 -58 -62 -68 / 46 80 84 / 58 62 68 -80 -84 / 70 82 -58 -62 <END> 
<S> 41 53 -72 -80 / 70 82 -41 -53 / 56 58 62 72 84 / 74 77 83 -56 -62 -56 / 43 55 -71 -77 -82 / 77 -43 -55 / 58 62 67 70 82 / 46 74 79 / 77 82 -46 / 55 58 62 -74 -79 -82 / 46 70 75 79 82 / 55 58 63 -70 -79 -82 <END> 
<S> 46 77 81 / 79 82 -46 -58 / 55 58 63 -79 -82 / 75 79 -55 -58 -63 / 43 55 -75 -79 / 75 79 -43 -55 / 42 54 -75 -75 -79 / 41 53 77 75 81 84 / 43 55 70 74 77 82 / 75 -43 -55 -82 / 55 58 63 70 75 79 82 / 69 81 -55 -58 -63 / 46 58 -70 -75 -79 / 67 70 -46 -58 / 51 55 58 62 -67 -82 / 0 70 -55 -58 -63 <END> 
<S> 46 58 70 75 79 82 / 75 81 -46 -58 / 55 58 63 72 84 / 70 82 -55 -58 -63 / 39 51 72 84 / 70 82 -39 -51 / 55 58 63 72 79 / 70 74 77 82 -55 -58 -63 / 43 55 -70 -74 -79 -82 / 72 76 79 -43 -55 / 55 58 63 -72 -75 -79 / 70 82 -55 -58 -63 / 39 51 72 84 / 82 -39 -51 -72 / 58 60 64 70 -72 / 76 -58 -60 -64 -70 <END> 
<S> 39 51 70 82 / 75 79 -39 -51 / 55 58 63 72 84 / 70 82 -55 -58 -63 / 34 46 -70 -79 / 75 -34 -46 / 55 58 63 68 77 / 75 -55 -58 -63 / 46 58 74 / 70 -46 -58 / 53 58 62 73 / 74 -53 -58 -62 / 50 62 -74 / 70 -50 -62 / 46 58 62 74 / 68 -46 -58 -62 <END> 
<S> 46 58 74 / 74 -46 -58 / 47 59 67 / 77 -47 -59 / 46 58 67 / 74 -46 -58 / 51 55 61 75 / 70 -51 -55 -61 / 39 51 72 / 67 -39 -51 / 51 55 61 69 / 70 -51 -55 -61 / 52 58 61 -74 / 69 -52 -58 -61 <END> 
<S> 39 51 67 / 72 -39 -51 / 55 58 63 67 / 70 -55 -58 -63 / 46 67 / 67 -46 / 55 58 63 68 / 65 -55 -58 -63 / 46 -65 / 70 -46 / 55 58 62 72 / 74 -55 -58 -62 / 51 63 72 / 69 -51 -63 / 55 58 -63 -67 / 70 -55 -58 -63 <END> 
<S> 51 67 / 70 -51 / 55 58 63 67 / 65 -55 -58 -63 / 50 63 67 / 62 65 46 58 / 53 61 -62 / 46 -62 / 0 53 58 62 67 / 0 74 / 0 77 / 0 77 86 <END> 
<S> 58 62 65 / 53 58 62 74 / 42 -58 -62 -70 / 0 45 57 / 0 46 58 / 0 45 57 / 46 58 73 / 74 -46 -58 / 53 58 62 77 / 65 77 -53 -58 -62 / 43 55 -65 -77 / 44 56 65 72 <END> 
<S> 0 53 / 65 -53 -53 / 0 58 61 65 73 / 76 -56 -61 -65 / 50 53 66 78 / 56 58 62 68 77 / 70 74 -56 -58 -62 / 46 58 -74 -74 / 73 77 -46 / 56 58 62 74 77 / 75 -56 -58 -62 <END> 
<S> 50 62 68 74 / 49 61 67 73 76 / 51 63 69 72 / 50 73 78 80 / 49 61 77 80 89 / 36 48 -76 -82 / 82 -36 -48 / 57 60 64 -84 / 82 -57 -60 -64 / 41 53 77 / 78 81 -41 -53 / 57 60 65 -79 -81 <END> 
<S> 45 57 74 86 / 75 81 86 -45 -57 / 41 53 74 81 / 73 79 83 -41 -53 / 40 52 76 -73 -82 / 73 86 -40 -52 -76 / 38 50 74 78 81 / 78 80 -38 -50 / 55 60 62 73 76 83 / 74 86 88 -55 -59 -62 / 38 50 -74 -83 / 76 79 88 -38 -50 / 55 58 62 74 86 / 79 82 -55 -58 -62 <END> 
<S> 38 50 67 71 74 / 76 78 -38 -50 -71 / 54 58 62 78 81 / 74 78 81 -54 -58 -62 / 50 62 -74 -80 / 70 74 79 83 -50 / 62 62 68 77 -71 -77 / 70 74 77 -62 -62 / 53 58 62 68 77 / 74 77 81 -56 -58 -62 / 41 53 -74 -77 -86 / 67 -41 -53 / 53 65 65 69 74 77 -50 / 0 46 -62 -65 -70 -74 -77 / 0 67 74 77 -34 -46 / 0 62 74 77 82 86 / 0 65 77 <END> 
<S> 34 38 74 79 / 74 86 -34 -68 / 73 -38 -50 -68 / 74 -38 -50 -68 / 39 51 72 84 / 74 79 -39 -51 / 58 63 72 78 / 70 82 -58 -63 / 56 60 65 72 / 75 87 -56 -60 / 44 56 68 80 / 72 75 84 -44 -56 / 0 53 -72 -84 / 0 70 82 -41 -53 / 0 64 76 72 84 -36 <END> 
<S> 44 56 71 77 / 72 75 -44 -56 / 51 56 60 -72 -75 / 72 75 -51 -56 -60 / 44 72 / 71 -44 / 52 56 60 72 -68 / 72 75 78 -52 -56 -60 / 39 51 -72 -75 -84 / 75 -51 -60 / 51 60 70 73 82 / 72 75 81 -39 -51 -60 / 39 51 -72 -76 -79 -82 / 72 75 84 -39 -51 / 43 55 70 75 79 82 / 42 54 63 69 72 78 <END> 
<S> 44 56 71 83 / 77 84 -44 -56 / 56 60 66 75 84 / 72 75 78 84 -56 -60 -66 / 44 56 -72 -75 -80 / 72 75 84 -51 -56 / 51 56 60 71 80 / 72 75 84 -51 -56 -60 / 39 51 -72 -75 -84 / 72 -39 -51 -72 / 51 56 60 70 82 / 68 80 -51 -56 -60 / 44 56 68 72 / 71 80 -44 -56 / 51 56 60 72 77 <END> 
<S> 44 56 72 80 / 72 75 84 -44 -56 / 51 56 60 -72 -75 -80 / 72 75 84 -51 -56 -60 / 44 56 -72 -75 -84 / 75 -44 -56 / 51 56 60 68 77 / 72 -51 -56 -60 / 39 51 70 75 / 53 60 63 72 75 / 42 54 -72 -75 / 70 82 -39 -51 / 51 58 61 -70 -79 / 72 75 79 -58 -61 / 46 58 -67 -75 -79 / 72 75 81 -46 -58 / 45 57 70 75 78 <END> 
<S> 36 48 -72 -82 / 75 79 -36 -48 / 55 60 63 72 75 79 / 70 75 79 82 -55 -60 -63 / 39 51 -70 -75 -79 -82 / 72 75 79 -39 -51 / 43 55 70 73 79 / 42 54 70 73 79 82 / 41 53 73 74 80 85 / 56 61 65 70 73 77 77 80 / 68 80 -56 -61 -65 / 37 49 68 77 80 / 49 61 65 69 73 77 <END> 
<S> 41 53 73 80 / 56 61 65 68 77 / 70 74 77 82 -56 -62 -65 / 53 56 61 -70 -73 -77 -82 / 73 -53 -56 -61 -65 / 53 58 62 68 80 / 46 77 80 89 / 56 58 62 68 77 80 / 70 74 77 -58 -62 / 46 58 -70 -74 -77 / 67 70 -46 -58 / 53 58 62 68 77 / -46 -58 -62 -68 <END> 
<S> 34 46 77 -72 -74 -77 / 74 -34 -46 53 56 58 62 68 71 73 / 77 -56 -62 -65 -68 -68 / 48 60 -65 -70 -77 / 77 -41 -65 -65 -70 -77 / 58 61 64 73 77 -43 / 82 -58 -62 -65 -70 -76 / 58 61 65 76 -33 85 / 85 -58 -62 -70 / 46 58 67 73 / 45 57 66 73 78 / 44 56 68 74 77 80 <END> 
<S> 46 58 -67 -70 -77 -82 / 45 57 -67 -70 -77 / 46 58 -70 -70 -77 / 45 57 72 75 / 68 77 -45 / 53 57 63 72 75 / 69 75 -53 -57 -63 / 41 53 -69 -75 / 72 75 -41 -53 / 42 54 75 / 77 -42 -54 / 41 53 75 / 77 -41 -53 / 42 54 75 / 78 -42 -54 <END> 
<S> 41 53 69 75 81 / 74 -41 -53 / 42 54 75 / 77 -42 -54 / 43 54 76 / 78 -42 -54 / 41 53 73 / 69 72 -41 -53 / 40 52 -68 -72 / 71 -40 -52 -60 / 44 72 71 77 80 / 40 52 -68 -72 -76 / 44 56 68 74 76 <END> 
<S> 44 67 72 / 72 -44 -68 / 56 60 68 -68 -72 / 66 75 -56 -60 -68 / 39 67 70 73 / 37 49 -67 -73 / 70 73 73 76 82 85 -37 / 39 51 -68 -73 -75 -80 -83 / 73 80 -39 -51 / 51 56 61 80 -80 / 73 79 -51 -56 -59 / 37 49 77 / 80 -37 -49 -77 / 53 56 61 -68 -77 / 76 -37 -49 -56 <END> 
<S> 44 68 72 80 / 80 -32 -44 -68 / 53 56 61 75 87 / 77 -53 -56 -61 / 44 56 68 77 / 72 -44 -56 / 43 55 73 / 67 72 -43 -55 / 44 56 60 68 72 / 75 -44 -56 -60 -66 / 41 53 62 68 75 / 71 -41 -53 -62 -65 / 39 51 66 66 72 / 43 55 65 67 74 / 0 70 -43 -55 / 39 51 67 72 / 67 70 -43 -55 -61 / 39 51 -67 -70 -73 / 60 72 -39 -51 -70 / 0 <END> 
<S> 39 51 67 70 / 55 58 63 -67 -70 / 72 -55 -58 -63 / 42 54 70 / 67 -42 -54 -70 / 52 58 61 -70 / 75 -51 -58 -61 / 0 53 / 39 51 / 61 73 / 69 -51 -63 / 0 53 65 / 0 73 -53 -65 / 0 49 61 77 / 0 65 77 80 -50 -61 / 0 49 61 65 77 -80 / 0 -77 -49 -61 -61 -73 <END> 
<S> 48 68 / 72 75 -48 / 60 -72 -75 / 68 72 -48 / 51 56 72 75 78 / 72 75 84 -52 -56 / 51 -72 -75 -78 -81 / 72 75 78 -51 / 52 70 82 / 71 76 -52 / 51 55 60 75 75 / 72 75 84 -51 -55 -60 / 39 51 -72 -75 -78 -84 / 72 75 -39 -51 / 40 52 70 73 79 82 / 41 53 -70 -74 -82 / 39 51 -70 -70 -82 / 61 64 70 79 -39 <END> 
<S> 34 46 70 82 -75 / 82 -46 -68 -75 / 51 63 67 75 -75 / 79 -51 -63 -67 -75 / 39 -67 -75 -79 / 51 -67 -75 -79 / 51 -67 -70 -75 -79 / 50 -67 -70 -75 -79 / 51 -67 -70 -75 -79 / 51 -67 -70 -75 -79 / 41 -67 -70 -75 -79 / 51 -67 -70 -75 -79 / 43 -67 -70 -79 / 51 67 70 77 / 51 63 67 70 / 67 70 -51 -58 <END> 
<S> 69 70 75 79 / 46 -67 -70 -75 -79 / 51 67 72 77 79 / 60 63 67 -72 -75 -79 / 51 67 70 -63 -75 / 39 51 -63 -67 -75 / 39 51 -63 -67 -75 / 38 50 -63 -75 / 40 52 70 82 / 41 53 69 81 / 84 -41 -53 / 42 54 -74 -82 / 72 78 -42 -54 <END> 
<S> 39 51 -65 -72 / 75 -39 -51 / 39 51 67 75 / 38 50 66 72 74 / 54 57 60 62 69 72 74 / 72 76 -50 -54 -60 -62 / 38 50 -72 -76 / 74 -38 -50 -72 / 50 54 60 72 76 / 43 55 64 71 74 / 55 59 62 -67 -71 -74 -79 / 38 50 71 79 83 / 55 59 62 67 71 77 <END> 
<S> 43 55 71 72 76 / 79 -43 -71 -74 / 52 55 59 -67 -76 -79 / 71 79 -43 -55 -60 / 38 50 67 78 / 60 62 69 -38 -50 -62 / 39 51 -62 -66 -76 / 38 50 60 66 69 / 43 50 59 64 67 / 64 -43 -59 -62 -67 / 52 55 59 62 65 68 -62 -67 / 0 <END> 
<S> 38 50 59 65 67 / 62 65 -38 -50 / 38 50 59 65 69 / 59 65 68 71 -50 / 50 -59 -65 -68 / 60 70 -50 -65 / 43 -59 -62 -67 / 62 -43 -59 -62 -67 / 31 43 65 71 74 / 67 -43 -55 / 36 48 70 67 72 / 0 58 60 64 70 / 41 53 69 72 77 / 36 48 -69 -72 -77 <END> 
<S> 41 53 65 69 / 65 -41 -53 / 48 60 63 67 / 65 69 -48 -57 -63 / 53 53 63 -65 -63 / 60 65 69 -41 -53 / 53 -62 -65 -69 / 60 69 -41 / 48 53 65 / 69 -48 -60 / 53 57 60 63 72 / 68 -53 -57 -60 -65 / 53 57 60 65 / 69 -53 -57 -60 / 55 58 60 70 / 72 -55 -58 -60 <END> 
<S> 53 65 / 69 -53 / 57 60 65 -69 / 72 -57 -60 -65 / 48 70 / 74 -48 / 58 60 64 72 / 69 -58 -60 -64 / 53 57 65 / 67 -53 -57 / 53 65 69 / 59 -65 -71 / 68 71 -50 -59 / 52 67 70 / 77 -40 -52 -67 <END> 
<S> 41 65 / 65 -41 / 53 58 62 67 / 65 -53 -58 -62 / 46 -65 / 65 -46 / 56 58 62 65 / 65 -56 -58 -62 / 0 / 39 51 / 63 -51 / 58 63 67 / 70 -39 -63 / 55 67 -67 -70 / 58 63 -67 -72 / 0 67 <END> 
<S> 51 63 / 79 -51 -63 / 58 63 67 / 70 -58 -63 / 43 55 -70 / 67 -43 -55 / 44 56 68 / 72 -44 -56 / 0 53 60 / 0 39 51 / 0 53 60 / 0 57 65 / 0 63 / 0 69 / 0 72 <END> 
<S> 57 60 62 -69 / 67 -48 -60 -62 / 42 54 69 / 54 60 63 69 / 43 55 67 72 / 42 54 69 72 / 43 55 70 73 / 42 54 69 72 / 44 56 71 77 <END> 
<S> 67 71 / 66 72 75 -67 / 54 66 69 75 78 / 52 67 72 -69 / 66 74 -43 -67 -71 / 50 55 59 64 71 79 / 71 74 79 -50 -55 -59 / 38 50 -71 -74 -83 / 76 -38 -50 -62 / 43 55 74 79 / 44 56 71 77 <END> 
<S> 50 71 78 83 / 71 79 -50 / 55 59 -71 -79 / 75 78 -55 -59 -65 / 43 67 72 79 / 74 77 -43 -55 / 55 59 62 -71 -77 / 67 79 -55 -59 -62 / 46 58 67 76 79 / 53 -46 -67 -73 -82 / 55 -46 -70 -74 / 45 57 -70 -73 / 52 61 70 77 / 73 -52 -70 -73 <END> 
<S> 43 55 70 82 / 71 82 -43 -55 / 46 58 -70 -79 / 69 72 78 81 -58 / 48 60 -69 -72 -75 -81 / 70 82 -45 -57 / 39 51 69 72 84 / 43 55 70 82 / 42 54 71 78 81 / 41 53 73 77 80 85 / 73 85 -41 -53 / 56 61 65 -73 -82 / 73 77 -61 -61 -65 <END> 
<S> 45 71 77 / 72 76 -41 / 53 57 63 71 76 / 65 77 -53 -57 -61 -65 / 36 48 77 / 77 81 -36 -48 / 57 60 65 -77 -84 / 77 -57 -60 -65 / 41 53 77 / 81 -41 -53 / 42 54 74 81 / 77 -42 -42 -54 / 43 55 76 / 79 -43 -55 / 58 60 64 79 / 76 82 -58 -60 -64 <END> 
<S> 44 56 74 77 / 72 75 -44 -56 / 56 60 63 74 / 72 -56 -60 -66 / 0 44 -75 / 68 72 -44 -56 / 56 60 66 75 -68 / 39 -60 -68 -75 / 32 44 68 75 77 / 38 50 59 68 80 / 0 39 51 / 36 48 69 / 75 -36 -48 <END> 
<S> 39 51 68 75 / 75 -39 -51 / 51 56 60 68 72 / 0 45 57 75 / 0 72 75 81 -45 -57 / 0 42 -72 -75 -81 / 82 -42 -71 -73 / 60 -42 63 66 78 / 43 55 70 73 / 71 -43 -55 -67 / 74 -43 -55 -67 / 71 79 -50 -59 <END> 
