<S> 54 57 60 63 72 / 0 57 69 / 0 56 68 / 0 57 69 / 0 59 71 / 55 60 64 72 / -55 -60 -64 -72 / 55 67 / 52 64 / 51 63 / 52 64 / 53 65 / 55 67 <END> 
<S> -55 -60 -64 -72 / 55 67 / 71 -55 / 64 67 / 0 67 / 0 69 / 0 57 62 66 / 0 45 57 / 0 38 50 / 0 / 39 51 67 / 66 -39 -51 / 45 57 68 / 69 -45 -57 <END> 
<S> 62 71 / 59 -62 -71 / 62 65 68 / -62 -62 -65 -68 / 61 65 68 -65 / 61 65 70 / 0 65 / 64 67 / 0 65 / 0 65 / 0 64 67 / 0 63 65 / 0 64 67 / 0 63 65 <END> 
<S> 64 71 / 62 64 68 -52 / 60 63 69 -62 -62 / 0 62 65 69 / 61 64 70 73 / 61 71 73 77 / 61 77 -69 -73 / 60 68 76 80 / 53 65 74 77 / 56 60 65 68 72 74 / 70 74 77 -56 -62 -65 / 53 -70 -74 / 74 -53 -70 / 56 58 62 -70 -74 / 77 -56 -58 -62 <END> 
<S> 67 70 70 82 / 80 -67 -70 / 63 67 72 75 78 / -67 -75 -79 / 68 72 75 80 / 51 -68 -75 -80 / 63 68 72 75 80 / 56 -63 -68 -72 -75 -78 / 56 68 70 75 78 82 / 69 72 78 81 -54 -65 / 63 -72 -75 -81 / 68 72 80 -51 -68 -72 / 63 68 72 75 87 / 65 68 72 75 80 <END> 
<S> 66 68 71 83 / 87 91 -71 / 63 68 72 84 / 60 68 71 80 / 75 78 87 -60 -63 / 63 72 78 82 -78 / 63 72 75 78 -63 / 66 72 75 80 / 49 -72 -75 -78 / 68 72 75 84 / 51 68 72 75 78 84 / 73 78 84 -52 -68 / 51 71 82 / 72 78 -51 -63 -72 <END> 
<S> 64 67 70 75 78 -76 / 76 88 -67 -71 / 64 67 72 76 -67 / 58 60 64 68 72 76 / 69 -58 -60 -64 -69 -72 / 48 60 76 / 72 -48 -64 / 58 60 64 -48 -72 / 70 -52 -58 -60 -64 / 41 69 / 67 -41 / 53 57 63 69 / 65 -53 -57 -60 <END> 
<S> 41 53 65 69 74 / 36 48 65 72 / 67 -41 -57 -63 / 48 65 69 72 -48 / 45 57 -65 -69 -72 / 61 -57 61 67 / 44 56 65 / 45 57 60 <END> 
<S> 58 62 -67 -70 -74 / 44 56 65 68 74 / 35 47 59 -65 -68 -75 / 36 48 -68 -74 / 72 -36 -48 / 51 56 60 70 / 72 -51 -56 -60 / 44 56 75 / 72 -44 -56 / 42 54 75 / 72 -42 -54 <END> 
<S> 44 56 68 / 72 -44 -56 / 51 56 60 68 72 / 72 75 -51 -56 -60 / 44 56 -72 -75 / 71 75 -44 -56 / 42 54 72 75 / 43 55 72 76 / 74 82 -43 -55 / 41 53 -74 -86 / 73 85 -41 -53 / 44 56 74 80 / 43 56 71 77 77 <END> 
<S> 39 51 74 / 72 77 -39 -51 / 54 56 60 72 75 78 / 72 75 78 -56 -60 -66 / 72 75 78 87 -39 -51 -72 / 55 60 63 -72 -75 -78 -82 / 0 70 82 / 0 70 82 -55 / 0 55 58 63 70 82 / 0 79 82 -55 -58 -63 / 39 51 72 79 84 / 55 58 63 -72 -75 -79 / 70 82 -55 -58 -63 / 39 51 72 79 / 70 82 -39 -51 / 55 58 63 72 -70 / 70 74 79 -55 -58 -63 <END> 
<S> 39 51 -75 -79 / 75 79 -39 -51 / 55 58 63 70 82 / 75 79 -55 -58 -63 / 39 51 -75 -79 / 78 -39 -51 -75 / 40 52 70 73 79 / 41 53 70 74 79 / 77 -41 -53 -70 -74 / 53 58 62 -70 -70 -74 / 72 74 -53 -58 -62 -65 / 43 55 -70 -74 -77 / 64 70 -43 -55 -70 / 52 52 52 62 -70 -71 / 64 72 -52 -55 -64 / 38 50 -64 -64 / 36 -62 -62 -66 <END> 
<S> 58 62 70 74 / 74 -58 -62 -70 / 74 -50 / 69 -74 / 67 70 74 / 66 75 78 / 55 58 67 79 -70 / 75 79 -46 -58 -67 / 46 58 84 / 75 79 -46 -58 / 44 55 68 72 77 / 44 56 65 68 72 75 / 66 75 72 -44 -56 / 44 56 -75 -72 / 65 77 -44 -56 / 51 56 60 66 75 / 72 75 -51 -56 -60 <END> 
<S> 44 56 68 72 / 76 -44 -56 -68 / 51 56 60 72 -68 / 70 -51 -56 -60 -75 / 44 56 68 72 / 51 56 60 68 72 / 39 -68 -72 / 51 56 60 72 75 / 46 71 75 / 51 55 59 72 / 71 77 -55 -60 -63 / 39 51 -70 -75 / 72 -39 -51 / 51 55 61 70 / 72 -51 -55 -61 <END> 
<S> 39 51 68 72 / 51 56 60 68 72 / 39 -68 -72 / 68 80 -39 -51 / 51 56 60 -68 72 / 70 82 -51 -56 -60 / 44 56 72 75 80 / 72 84 -44 -56 / 56 60 64 68 80 / 72 75 78 -56 -60 -64 / 44 56 -72 -75 -80 / 76 80 -45 -56 / 56 60 66 72 75 80 / 68 76 80 -56 -60 -66 <END> 
<S> 44 72 84 / 71 87 -44 / 52 56 60 82 / 80 82 -51 -56 -60 / 39 51 -76 -82 / 72 84 -39 -51 / 51 57 60 70 82 / 75 87 -51 -55 -61 / 39 51 84 / 72 84 -39 -51 / 51 56 61 70 82 / 73 85 -51 -56 -61 <END> 
<S> 44 56 -72 -75 / 73 77 -44 -56 / 51 56 60 68 72 / 70 73 -51 -56 -60 / 44 56 68 72 / 72 75 -44 -56 / 51 56 60 -72 -75 / 72 75 -51 -56 -60 / 39 51 -72 / 70 82 -39 -51 / 39 51 -70 -73 / 68 70 82 -39 -51 / 39 51 72 84 / 71 80 -39 -51 / 51 56 60 68 75 84 <END> 
<S> 44 71 77 / 72 75 -44 / 56 60 65 -72 -75 / 72 75 84 -56 -60 -66 / 41 -75 -78 -84 / 72 75 80 -41 / 53 57 63 71 83 / 75 87 -53 -57 -63 / 46 -75 -79 / 75 87 -46 / 58 63 67 72 84 / 79 -58 -63 -67 / 46 68 74 77 / 58 62 68 -74 -74 / 73 77 -58 -62 / 51 67 70 74 77 / 39 51 -67 -70 -75 -79 <END> 
<S> 34 46 74 77 83 / 70 82 -34 -46 / 56 58 62 -70 -82 / 74 79 82 -58 -62 / 46 -74 -80 -84 / 70 82 -46 / 58 62 68 -79 -84 / 74 86 -58 -62 -68 / 46 -74 -86 / 84 -46 / 58 62 68 84 / 80 -58 -62 -68 / 46 80 84 / 58 62 68 -80 -84 / 82 -58 -62 -68 <END> 
<S> -80 82 -68 / 68 77 83 / 74 80 86 / 0 39 51 72 / 68 73 -39 -51 -68 / 51 56 60 -68 -80 / 71 -51 -56 -60 / 44 56 68 / 72 -44 -56 / 42 54 -72 / 71 -42 -54 / 41 53 -72 / 68 -41 -53 / 43 55 72 / 70 -43 -55 / 52 58 72 / 75 -55 -58 -61 <END> 
<S> 39 51 / 78 -39 -51 / 55 58 63 67 / 67 -55 -58 -63 / 46 -67 / 75 -46 / 58 62 65 77 / 74 -58 -62 -65 / 48 53 60 69 / 65 -48 -53 -60 / 53 57 60 63 72 / 69 -53 -57 -60 -63 / 53 57 63 72 / 65 -53 -57 -63 <END> 
<S> 53 69 / 71 -53 / 57 60 68 72 / 69 72 -57 -60 -63 / 48 -69 -72 / 70 74 -48 / 58 60 64 69 / 65 -58 -60 -65 / 53 65 69 / 68 -53 -65 / 56 61 65 68 / 71 -56 -59 -65 / 44 56 68 72 / 65 72 75 -44 -56 / 42 54 -63 -72 -75 / 63 68 72 -42 -54 / 45 56 -63 -68 -72 / 68 -51 -63 -66 <END> 
<S> 39 51 -68 -75 / 70 75 -39 -51 / 41 53 68 80 / 34 46 71 80 / 80 -34 -46 / 39 51 67 79 / 75 -39 -51 -67 / 58 63 72 -70 / 70 82 -58 -63 / 41 53 -70 -82 / 70 73 -41 -41 / 56 61 65 68 77 / 70 74 77 82 -56 -61 -65 / 44 56 -70 -77 -82 / 72 75 -56 58 / 56 60 68 82 / 72 78 -56 -60 -63 <END> 
<S> 44 56 68 72 80 / 68 72 80 -44 -56 / 51 56 60 -68 -72 -80 / 72 75 84 -51 -56 -60 / 44 56 -72 -75 -84 / 72 75 -44 -56 / 51 56 60 68 80 / 72 -51 -56 -60 / 39 51 75 / 72 77 -39 -51 / 51 56 60 70 75 / 72 77 -51 -56 -60 / 39 51 -72 -75 / 75 -39 -51 / 51 55 60 70 / 72 -51 -55 -60 / 43 55 70 / 67 72 -43 -55 / 58 60 -67 -72 / 70 -58 -60 <END> 
<S> 39 51 70 75 / 51 55 60 -67 -75 / 39 51 -70 -75 / 67 -39 -51 / 43 55 63 67 / 63 75 -51 -55 -63 / 36 48 -63 -75 / 67 79 -36 -48 / 39 51 61 70 / 67 -39 -51 / 38 50 66 / 70 -38 -50 / 39 51 67 72 / 70 -39 -51 -67 / 39 51 67 -70 / 66 -39 -51 -67 <END> 
<S> 39 51 70 / 68 -39 -51 / 58 63 67 / 69 -58 -63 -67 / 43 55 -70 / 68 -43 -55 / 44 56 68 72 / 51 56 60 -68 / 39 -51 -68 / 51 72 -51 / 51 56 60 68 / 68 -51 -56 -60 / 51 56 60 70 / 72 -51 -56 -60 / 51 56 60 -75 / 77 -51 -56 -60 <END> 
<S> 52 55 58 73 / 73 -52 -55 -58 / 52 58 61 -70 -82 / 72 -52 -55 -61 / 52 55 61 73 / 71 -52 -55 -61 / 73 -52 -55 -58 / 76 -52 -55 -58 / 51 56 60 77 / 81 -51 -55 -57 / 51 56 60 84 / 72 -51 -56 -60 / 52 55 60 64 / 67 -52 -55 -60 / 52 -64 -67 / 79 -52 -64 / 49 61 77 <END> 
<S> 52 52 60 72 / 71 -52 -52 -60 / 52 70 82 / 79 -52 / 58 60 64 -79 / 79 -58 -60 -64 / 53 77 / 85 -53 / 57 60 81 84 / 77 -53 -57 -60 / 48 79 / 78 -48 / 52 57 60 81 / 75 79 -52 -60 -64 <END> 
<S> -88 / 81 / 57 84 / 81 -57 / 60 83 / 81 -57 -60 / 81 -54 -60 / 81 / 79 -42 / 78 81 87 / 81 84 87 / 60 64 72 80 -84 / 60 62 72 78 80 82 / 81 84 -60 -62 / 39 51 72 78 81 / 81 -39 -51 -72 -75 <END> 
<S> 44 -72 -76 -80 / 76 80 -44 -56 / 60 63 68 -84 / 83 -63 -68 -68 / 64 76 82 / 79 91 -64 / 64 68 79 -48 / 75 87 -64 -64 / 51 63 84 / 68 82 -51 -63 / 51 63 67 78 / 75 -51 -63 -67 / 40 52 68 80 / 68 -40 -52 -68 <END> 
<S> 44 68 72 / 80 -44 -68 / 51 60 68 80 / 72 75 -51 -60 -68 / 44 56 -72 -75 / 71 75 87 -56 / 56 60 63 68 72 75 / 68 70 80 -60 -63 -68 / 39 51 -70 -72 -75 / 63 69 75 -39 -51 / 58 -63 -67 -70 -75 / 51 -63 -67 -75 / 50 -67 -70 -75 / 51 67 70 74 / 42 54 69 72 <END> 
<S> 34 71 75 79 / 75 -34 -75 / 46 77 / 51 63 67 79 / 46 -67 -70 / 65 70 74 77 / 0 67 70 74 77 / 0 69 72 77 81 -46 / 53 65 77 -69 -72 -77 / 74 77 -53 -65 -65 / 41 53 -71 -77 / 69 77 -41 -53 <END> 
<S> 49 67 70 73 / 65 73 -34 -46 / 53 58 62 -65 -70 -74 / 76 -53 -58 -62 -65 / 41 65 71 77 / 67 -41 -65 -70 / 53 53 68 72 -65 / 68 -53 -53 -65 -68 / 65 68 77 -53 -56 -59 / 41 53 -68 -68 -74 / 46 58 68 77 / 51 63 67 70 <END> 
<S> 34 67 72 77 / 65 53 68 -68 / 64 70 73 / 48 68 77 / 49 61 65 77 / 67 79 -49 -61 / 53 65 69 72 77 / 69 72 74 -41 -53 / 57 63 65 77 -69 / 68 77 -53 -65 -65 -65 / 44 56 65 77 -65 -71 -77 / 68 74 80 -44 -56 -65 / 37 49 65 68 77 80 <END> 
<S> 48 67 69 79 / 65 77 -48 / 53 57 60 69 72 81 / 69 81 -53 -57 -60 -65 -69 / 36 48 72 76 / 58 60 64 -36 -48 -76 / 69 70 76 81 -55 -58 -60 -64 / 36 48 -70 -76 -81 / 69 -36 -48 / 58 60 64 79 / 82 -58 -60 -64 / 57 60 65 -72 / 81 -57 -60 -65 / 56 60 65 -72 / 70 -56 -60 -65 <END> 
<S> 45 57 -72 -76 / 78 -45 -57 -60 -69 -72 / 52 57 62 -69 -72 -76 / 73 76 81 -52 -57 -64 / 0 50 77 81 / 0 76 83 -50 / 0 57 60 63 72 / 66 72 -57 -60 -63 / 45 -66 -72 / 68 -45 -57 / 54 60 62 69 72 75 81 / 38 -66 -72 -78 -78 / 78 -38 -50 -66 -72 -78 / 39 51 78 -66 -72 <END> 
<S> 0 / 69 72 / 0 76 / 0 76 88 / 0 78 81 84 / 0 78 82 87 / 0 72 76 84 87 / 0 78 82 -72 -78 / 0 66 75 78 -75 / 0 67 72 76 84 / 0 51 66 / 0 56 68 / 0 64 -56 <END> 
<S> 66 66 72 75 / 66 72 75 -63 / 66 66 72 75 / 55 -63 -67 -72 -75 / 57 -63 -67 -72 -75 / 55 -63 -67 -72 -75 / 57 65 -67 -72 -75 / 50 65 -69 -72 -77 / 70 74 -50 -62 / 43 55 70 72 / 71 -43 -55 <END> 
<S> 43 55 -67 -75 -82 / 72 -43 -55 / 51 55 60 70 / 72 -51 -55 -60 / 39 51 70 / 67 -39 -51 / 58 63 67 / 65 70 -63 / 46 58 -65 -70 / 0 39 51 / 63 67 75 -39 -51 / 38 50 -67 -71 -76 / 74 -38 -50 -67 -71 / 76 -38 -50 -68 / 39 51 71 75 78 <END> 
<S> 43 55 -67 / 72 -55 -62 -67 / 39 51 73 / 66 -39 -51 / 0 39 51 / 63 75 -51 / 54 60 60 68 80 / 72 -54 -60 -63 / 32 75 78 82 / 66 72 75 81 / 65 72 78 82 / 85 -72 -78 / 60 65 68 80 -72 -78 / 81 -60 -62 -66 -72 / 65 69 72 -60 -65 / 56 60 65 65 74 / 72 -56 -60 -65 / 57 60 65 -72 / 68 -57 -60 -65 <END> 
<S> 34 46 -67 -75 / 72 -34 -46 -68 / 39 51 -68 -68 -80 / 0 39 51 / 63 67 -39 -51 / 39 51 66 / 69 -39 -51 -66 / -66 -51 -69 / 68 -39 -51 / 66 69 / 68 71 / 66 -68 / 68 -51 / 0 69 / 0 68 <END> 
<S> 64 69 / 68 -60 -63 / 61 66 69 / 61 69 73 76 / 61 61 71 73 76 85 / 0 76 / 0 78 / 0 71 83 / 0 69 72 76 81 / 0 69 72 76 81 / 0 69 72 75 81 <END> 
<S> 64 67 72 76 / 0 65 69 74 77 / 66 84 -63 -69 / 0 68 71 80 / 0 67 72 76 87 / 0 64 72 76 84 / 0 65 74 77 86 / 0 46 -65 -70 -77 / 0 58 62 68 68 80 / 0 49 61 / 48 60 68 77 80 / 78 82 -48 -60 -68 <END> 
<S> 62 65 71 74 / 74 86 -65 -70 / 53 58 62 74 77 / 77 -53 -58 -62 / 41 81 / 77 -41 / 53 57 62 67 / 67 -53 -57 -62 / 46 -67 / 74 -46 / 53 58 62 74 / 79 -53 -58 -62 / 50 62 77 / 70 74 -50 -62 / 53 55 59 -71 -74 / 65 67 -53 -55 -59 <END> 
<S> 46 65 77 / 70 -46 / 53 58 62 69 / 65 -53 -58 -62 / 47 64 67 / 74 -43 -55 / 58 62 64 -55 / 70 -55 -59 -62 / 50 -65 / 67 -50 / 57 62 65 / 67 -57 -62 / 51 69 / 71 -51 <END> 
<S> 62 71 / 66 -47 / 50 68 / 69 -50 -62 / 51 69 / 71 -54 -60 / 49 61 69 75 / 69 77 -49 -61 / 42 -69 -69 -81 / 73 76 -45 / 53 65 74 77 / 53 -65 -74 -81 / 77 -41 -53 / 0 <END> 
<S> 49 67 76 79 / 77 83 -52 / 58 -76 -76 / 73 77 -58 -64 / 53 68 72 / 61 73 / 61 73 / 62 77 / 63 75 / 58 70 / 60 63 / 61 67 / 0 65 / 32 66 / 70 -33 <END> 
<S> 62 71 / 66 72 / 55 -63 -69 / 57 68 72 75 / 75 79 -67 -65 / 50 72 77 81 84 / 84 -50 -69 -72 -81 / 74 82 82 -43 / 53 57 72 78 84 / 72 75 84 -53 -57 -63 <END> 
<S> 44 67 72 75 80 / 72 76 -44 -68 -72 / 71 77 -47 -68 -72 / 75 -47 -68 -75 / 63 68 72 75 / 80 -63 -68 -72 / 63 68 72 87 / 82 -63 -68 -72 / 63 68 72 82 / 82 -63 -68 -72 / 66 68 72 -68 / 83 -63 -69 -72 -75 / 63 68 72 -80 / 82 -63 -68 -72 <END> 
<S> 64 71 71 -76 / 76 88 -64 -68 / 64 68 76 -43 / 68 80 -64 -68 -72 / 65 68 71 80 / 80 -68 -71 -71 / 65 68 72 75 80 / 0 75 82 -68 -72 / 0 74 82 82 / 0 72 76 84 / 0 72 82 -68 / 51 68 72 80 -72 / 73 78 -51 -68 / 51 56 72 75 78 <END> 
<S> 44 68 71 77 / 76 -35 -44 -71 / 39 51 -72 -68 -75 / 75 -51 -60 -66 / 39 51 66 72 / 44 56 66 75 / 68 72 76 80 -44 -56 / 0 44 56 -72 -71 -80 / 75 -35 -44 -56 / 37 49 65 70 / 73 -37 -49 -65 / 37 49 65 77 / 34 46 -65 -68 / 36 48 -68 -80 / 38 50 71 77 / 75 79 -38 -50 <END> 
<S> 41 53 -68 -72 / 65 68 74 -41 -53 / 39 51 -65 -71 -74 / 75 -39 -51 -68 -71 / 32 44 68 72 77 / 80 -44 -68 -72 / 65 68 -44 68 / 70 74 -44 -56 -65 / 43 53 -68 -74 / 65 71 -43 -55 / 39 51 63 67 70 / 43 55 -61 -67 -70 / 44 63 67 / 46 58 -63 -67 <END> 
<S> 34 46 67 77 / 70 74 -34 -34 / 56 58 62 -68 -74 / 67 75 -58 -62 / 51 62 69 / 70 -51 -63 / 47 59 68 / 69 -47 -59 / 51 56 60 68 / 70 -51 -56 -60 / 72 -52 / 71 77 82 -42 / 53 57 60 72 -75 -78 / 72 75 84 -53 -57 -63 / 45 -72 -75 -84 / 73 85 -45 / 57 61 65 67 74 77 <END> 
<S> 44 56 68 72 / 68 71 -44 -56 / 51 56 60 -68 -68 -80 / 72 75 -51 -56 -60 / 39 51 70 75 / 51 57 60 -67 -75 / 67 70 82 -51 -55 -60 / 42 54 -75 -70 -82 / 72 84 -42 -54 / 51 58 61 73 80 / 82 -49 -58 / 53 56 72 77 / 56 61 65 77 / 75 -56 -61 -65 / 0 44 56 / 0 56 -44 <END> 
<S> 45 72 -67 -72 / 53 57 60 63 71 / 72 75 78 -53 -57 -60 -63 / 39 51 -72 -75 -82 / 72 -39 -51 -72 / 54 60 63 70 75 / 72 75 84 -56 -60 -63 / 39 51 -72 -75 -84 / 72 -39 -51 -72 / 43 55 70 73 / 39 51 70 73 / 67 70 -39 -51 / 0 55 61 64 70 / 0 70 82 -55 -58 -64 / 33 44 -70 -82 / 76 82 -34 -44 -73 / 58 60 64 76 82 -68 -82 <END> 
<S> 43 70 74 / 72 -43 -55 / 58 62 67 77 / 74 86 -58 -62 -68 / 46 58 -74 -78 / 81 -46 -58 / 58 62 68 79 / 82 -58 -62 -68 / 46 58 91 / 82 -46 -58 / 58 62 67 79 / 80 -58 -62 -67 / 46 58 -88 / 81 -46 -58 / 58 61 67 79 / 82 -58 -61 -67 <END> 
<S> 46 58 67 82 / 82 -46 -58 / 55 58 63 67 79 / 70 -55 -58 -63 / 0 49 69 / 75 80 -49 / 53 57 61 77 / 70 82 -53 -57 -63 / 46 58 65 79 / 53 58 62 82 / 79 -53 -58 -62 / 41 53 79 / 77 -41 -53 / 53 58 62 77 / 70 -53 -58 -62 <END> 
<S> 46 53 74 / 74 -41 -53 / 53 58 62 -74 -82 / 79 -53 -58 -62 / 41 -79 / 77 -41 / 53 58 62 74 / 70 -53 -58 -62 / 46 67 / 69 -46 / 55 58 62 70 / 70 -55 -58 -62 / 46 67 / 50 55 58 62 <END> 
<S> 46 58 / 75 79 82 -46 -58 / 45 57 -70 -77 -79 / 72 76 82 -45 -57 / 41 53 -72 -75 -84 / 74 82 -41 -53 / 53 57 75 84 / 73 77 -53 -58 -63 / 46 58 -73 -77 / 73 76 -58 -62 / 51 63 67 72 / 72 -51 -63 -67 / 58 62 65 68 74 / 34 46 -65 -68 -74 / 34 56 -65 -68 -74 -77 / 31 43 -68 -74 -77 / 31 43 65 71 77 <END> 
<S> 34 46 74 / 72 -34 -46 / 58 62 68 -74 / 70 -56 -58 -62 -68 / 39 51 67 -70 / 69 -39 -51 -67 / 55 60 64 -67 -67 / 75 -55 -60 -63 -67 / 39 51 -67 -75 / 69 -39 -51 -67 / 39 51 67 70 / 47 61 67 70 / 50 55 59 67 71 <END> 
<S> 63 67 70 / 61 65 69 -63 -70 / 61 67 70 -61 -65 / 46 68 68 80 / 56 68 -65 -68 -68 / 0 68 71 77 -34 -46 / 36 48 -68 -74 -77 / 72 -34 -36 -68 / 39 51 70 82 / 42 54 66 72 43 / 42 54 63 74 / 66 72 75 -42 -54 <END> 
<S> 39 51 -68 -72 -75 / 39 51 -63 -70 -72 / 32 44 56 68 72 / 51 56 60 72 / 51 -51 -68 / 51 67 / 84 -51 / 52 64 -52 / 68 -52 -64 / 49 -60 -64 / 70 -49 <END> 
<S> 39 51 78 / 78 -39 -51 / 39 51 69 72 / 61 67 70 -39 / 39 51 -61 -67 -70 / 67 -39 -51 / 51 63 72 / 75 -51 -63 / 46 58 67 / 67 -58 -58 <END> 
<S> 39 51 -68 -77 / 67 -39 -51 / 39 51 67 / 69 -39 -51 / 39 51 67 70 / 61 67 70 -39 / 39 51 67 70 72 / 51 -67 -67 -72 / 58 60 -67 -70 -76 <END> 
<S> 51 67 70 / 58 63 -67 -70 / 70 -58 -63 -67 / 43 55 -70 / 67 -43 -55 / 58 64 67 / 0 -58 -67 / 0 53 69 / 0 82 -53 / 0 53 58 62 / 0 -62 -53 -58 / 0 80 / 0 77 / 0 77 <END> 
<S> 0 65 / 0 65 / 0 69 / 0 70 / 0 71 / 0 74 81 / 0 77 / 0 76 83 / 0 57 75 / 0 84 / 0 80 / 0 81 / 0 80 <END> 
