<S> 43 55 67 / 43 55 67 / 45 57 69 / 47 59 71 / 47 59 71 / 53 65 77 <END> 
<S> 47 59 71 / 53 65 / 52 64 / 43 55 / 43 55 67 71 76 / 48 67 / 46 58 67 / 0 <END> 
<S> 78 / 81 -51 / 57 60 63 67 83 / 72 81 -57 -60 -63 / 42 -72 -81 / 70 82 / 51 57 60 72 78 / 81 -54 -57 -60 / 29 76 84 / 77 81 -45 / 57 60 62 -77 -81 / 72 81 84 -57 -60 -65 <END> 
<S> 48 60 72 / 74 77 -48 -60 / 53 57 61 69 75 81 / 72 -53 -57 -60 / 53 57 60 63 72 / 68 77 -53 -56 -60 -63 / 53 56 60 68 80 / 72 77 -53 -56 -60 / 53 56 60 -72 -77 / 72 -53 -56 -60 / 53 56 60 68 / 65 -53 -56 -60 <END> 
<S> 37 49 68 / 75 -37 -49 / 53 56 61 68 / 68 -53 -56 -61 -65 / 34 46 -68 / 77 -34 -46 / 56 58 62 70 / 74 -56 -58 -62 / 34 46 80 / 80 -34 / 56 58 62 82 / 72 -56 -58 -62 / 34 46 74 77 80 / 56 58 62 72 75 78 82 <END> 
<S> 39 51 67 75 / 77 -39 -51 / 55 58 63 67 70 77 / 46 -67 -70 / 68 70 -46 / 55 58 63 72 / 75 -55 -58 -63 / 39 51 72 / 55 60 63 -72 / 70 -55 -60 -63 / 40 52 -70 / 72 -40 -52 / 41 53 68 75 77 <END> 
<S> 39 51 -72 / 75 -39 -51 / 39 51 67 / 66 -39 -51 / 39 51 67 70 / 61 67 70 -51 / 39 51 -67 -70 / 68 -39 -51 / 36 48 68 / 67 72 75 79 -40 -52 / 38 50 -67 -71 -79 -79 / 68 74 -38 -50 / 39 51 67 72 77 / 38 50 60 68 74 <END> 
<S> 39 51 67 / 69 -39 -51 / 58 60 70 76 / 75 -58 -60 -63 -67 / 39 51 70 75 79 / 0 75 82 / 0 70 82 / 0 70 82 / 0 70 82 / 0 73 82 / 74 77 80 82 / 77 81 -68 -65 / 73 77 80 -65 -68 / 73 82 -44 -73 <END> 
<S> 55 70 82 / 79 -55 -63 -70 / 72 84 -55 -58 -70 / 73 77 79 -46 -58 / 41 53 -73 -77 -82 / 73 75 85 -53 / 41 53 74 80 89 / 73 85 -41 -53 -82 / 58 61 65 -73 -80 -82 / 73 76 -58 -61 -73 / -73 -85 / 55 57 63 72 / 57 70 73 82 / 84 -55 -69 -70 / 58 63 68 80 -84 / 78 -58 -63 -65 / 46 58 74 / 82 -46 -58 / 59 62 65 74 / 76 -59 -62 -65 <END> 
<S> 39 51 72 84 / 82 -39 -51 -72 / 58 63 67 82 / 85 -63 -63 -70 / -86 -58 -63 -70 / 72 84 -56 -58 -63 / 53 -68 -72 -82 / 74 85 -44 -56 / 56 61 65 77 / 75 -56 -60 -65 / 44 56 77 / 80 -44 -56 / 51 56 60 68 77 / 72 -51 -56 -60 / 39 51 75 / 65 77 -39 -51 / 51 55 60 -65 -77 / 72 -51 -55 -63 <END> 
<S> 39 51 -68 -72 / 75 -39 -51 / 51 56 60 68 / 70 -51 -56 -60 / 44 56 77 / 65 -44 -56 / 37 49 68 / 65 68 -49 / 53 61 65 68 / 73 -53 -61 -65 / 44 56 77 / 77 -44 -56 / 41 53 68 80 / 80 -41 -53 -68 <END> 
<S> 58 62 65 68 / 74 -56 -62 -65 / 49 61 69 73 77 / 44 56 -65 -73 -73 / 45 68 73 77 80 / 49 61 -68 -73 -77 -80 / 73 73 80 -49 -61 -61 / 44 77 80 80 / 56 61 65 73 77 82 / 76 80 -56 -61 -65 / 57 61 65 77 / 76 -57 -61 -65 / 55 58 61 71 / 72 -55 -58 -61 <END> 
<S> 44 66 72 77 / 80 -32 -44 -68 / 56 60 64 -69 -80 85 / 72 85 -56 -60 -64 / 44 56 -72 -84 / 72 84 -44 -56 / 41 53 -72 -84 / 87 -41 -53 / 42 54 75 / 78 -42 -54 / 46 58 78 / 75 79 -46 -58 -58 / 51 55 61 77 / 72 75 -51 -55 -58 -63 / 40 52 70 74 / 69 -40 -52 / 55 58 61 67 / 70 -55 -58 -61 <END> 
<S> 0 39 51 / 78 -39 -51 -72 / 55 58 63 70 82 / 75 -55 -58 -63 -67 / 34 80 82 84 / 39 51 79 -70 / 72 75 84 -54 -55 -58 / 43 55 -72 -75 -84 / 72 77 -43 -55 / 48 58 -72 -77 -82 / 72 -48 -57 -60 / 45 57 72 / 74 -45 -57 / 57 60 64 72 / 76 -57 -60 -64 <END> 
<S> 45 57 72 78 -72 / 77 81 -45 -57 / 57 60 65 74 86 / 72 84 -57 -60 -65 / 36 48 -72 -84 / 77 -36 -48 / 57 60 64 81 / 77 81 -57 -60 -65 / 48 -81 / 81 -48 / 57 60 63 79 / 81 -57 -60 -65 / 48 79 84 / 84 -48 -70 / 58 -48 -70 -79 / 82 -48 -58 -70 <END> 
<S> 45 57 74 84 / 77 -45 -57 / 60 62 65 74 -45 / 72 84 -57 -60 -65 / 48 60 -72 -84 / 76 -48 -60 / 57 60 65 72 74 -57 -60 / 69 78 81 -57 -60 -65 / 42 54 -72 -78 -84 / 82 -42 -54 -72 / 57 60 66 81 83 / 55 60 64 76 88 / 0 45 -76 -84 / 0 52 / 0 <END> 
<S> 45 57 72 75 78 81 / 0 / 46 58 76 / 65 74 77 -46 / 53 58 62 -74 -77 / 72 -53 -58 -62 / 55 73 / 73 -51 / 55 58 61 -73 / 70 -55 -58 -61 / 50 62 67 / 49 61 -61 -70 / 43 -61 -67 / 70 -43 -55 -67 / 38 50 67 <END> 
<S> 46 70 / 77 -46 / 53 58 62 72 / 70 -53 -58 -62 / 41 70 / 53 58 62 -70 / 53 -70 / 70 -53 / 58 62 65 72 / 77 -58 -62 -65 / 46 82 / 70 -46 / 53 58 62 74 / 77 -53 -58 -62 <END> 
<S> 46 74 / 70 -46 / 53 58 62 74 / 77 -53 -58 -62 / 41 -77 / 75 -41 / 53 57 63 72 / 73 -53 -57 -63 / 34 46 74 / 73 -34 -46 / 53 58 62 -74 / 79 -53 -58 -62 / 41 74 / 53 58 62 70 <END> 
<S> 46 74 82 / 70 82 -46 / 53 58 62 -82 / 74 79 -53 -58 -62 / 46 -74 -79 / 53 58 -74 -74 / 46 -74 -74 / 70 -46 / 53 58 62 68 / 68 -53 -58 -62 / 51 63 67 / 70 -51 -63 -67 <END> 
<S> 46 67 / 67 79 -46 / 55 58 63 -67 -79 / 65 77 -55 -58 -63 / 46 65 70 / 65 74 -41 -53 / 53 58 62 -65 -65 -70 / 65 -53 -58 -62 -65 / 53 65 71 -65 / 61 -65 61 -65 -77 / 48 61 -65 -69 <END> 
<S> 58 62 65 74 / 73 76 -62 -65 / 57 60 65 74 77 / 72 -57 -60 -65 / 48 60 65 / 72 -48 -60 -65 / 47 59 68 74 / 44 56 72 -68 / 75 -44 -56 / 45 57 66 72 / 68 -45 -57 / 46 49 65 / 67 -46 -58 / 51 55 61 77 / 75 -51 -55 -61 <END> 
<S> 39 51 -64 -72 / 39 51 61 -72 / 0 44 56 / 0 -44 -56 / 0 51 56 60 / 0 39 51 -60 / 41 53 62 68 / 39 51 63 67 / 36 48 68 80 / 46 58 67 77 / 70 -46 -58 <END> 
<S> 39 51 67 75 / 55 58 60 -67 -70 / 72 -55 -58 -63 / 39 51 70 / 75 -39 -51 / 55 58 63 72 / 70 -55 -58 -63 / 46 -70 / 69 -46 / 53 58 62 70 / 67 -53 -58 -62 / 48 67 / 64 75 -48 / 58 63 -48 -67 / 65 69 -48 -58 -63 <END> 
<S> 46 67 / 75 -46 / 55 58 63 75 / 70 -55 -58 -63 / 39 51 69 / 72 75 -39 -51 / 41 53 -72 -75 / 70 74 -41 -53 / 72 -34 72 / 74 77 -70 / 53 65 72 75 79 / 68 77 -53 -68 -72 / 51 68 77 -68 / 72 75 78 -44 -56 / 51 56 60 72 75 78 / 72 75 84 -51 -56 -60 -75 <END> 
<S> 42 54 70 75 87 / 72 75 -54 -54 / 51 56 60 -72 -75 -84 / 72 78 -56 -58 -63 / 39 51 -72 -80 / 75 -39 -51 / 40 52 73 79 / 41 53 68 80 / 39 51 67 79 / 37 49 65 68 75 / 35 47 62 68 72 <END> 
<S> 37 49 65 / 67 -37 -49 -65 / 53 56 62 68 -65 / 68 -53 -56 -62 -65 -68 / 41 53 60 68 / 70 -41 -53 -60 / 41 53 60 65 69 / 0 77 -41 -53 -60 -65 / 39 51 69 72 / 50 66 71 74 78 / 66 75 78 -51 -62 -69 / 43 55 67 71 79 / 69 72 -43 -55 <END> 
<S> 62 65 67 / 68 -62 -65 / 0 49 61 / 70 -49 -61 -65 / 38 50 68 77 / 0 67 70 82 / -46 -62 -67 -70 -82 / 74 -38 -50 -67 / 46 65 74 77 / 58 62 -65 -70 -74 / 72 -56 -58 -62 -65 / 43 55 70 -65 / 72 -43 -55 -65 / 41 53 74 -65 / 71 80 -41 -53 -65 <END> 
<S> 50 62 74 -65 / 70 74 -50 -62 / 53 58 62 -74 / 70 74 -53 -58 -62 / 43 55 -70 -74 / 72 -43 -55 / 41 53 67 74 / 40 52 64 72 / 41 53 65 69 77 / 72 75 -41 -53 / 57 60 63 72 84 / 72 75 84 -57 -60 -66 / 54 60 62 -72 -75 -84 / 72 78 -57 -60 / 57 60 66 75 78 / 69 72 78 -57 -60 <END> 
<S> 0 45 / 78 81 -45 / 57 60 64 79 82 / 72 81 -45 -57 -60 / 46 76 82 / 72 84 -46 / 58 60 68 79 82 / 72 82 84 -58 -60 -64 / 39 51 -72 -79 -84 / 72 84 / 70 82 82 / 85 -39 -73 / 54 75 87 / 58 72 82 82 / 72 82 84 -46 -58 / 53 -72 -76 -82 -84 / 77 82 -53 -57 -63 <END> 
<S> 91 -58 -68 -72 / 74 77 86 -46 -68 / 77 82 -41 -53 / 41 53 76 88 / 77 84 -53 -53 / 57 60 65 77 / 81 -57 -60 -65 / 36 48 -81 / 81 -48 / 57 60 65 79 / 72 -57 -60 -65 / 48 74 / 77 -48 / 53 57 60 75 79 / 72 -53 -57 -60 <END> 
<S> 48 67 79 / 72 -48 / 57 60 65 -48 / 81 -57 -60 -64 / 52 84 / 81 -43 / 55 60 64 81 / 81 -52 -60 -64 / 45 57 -84 / -45 -57 / 57 60 64 76 / 75 -57 -60 -64 / 0 76 / 0 78 / 0 76 / 0 76 <END> 
<S> 45 57 -72 / 67 -45 -57 / 42 54 69 / 72 -42 -54 / 42 54 75 / 73 -42 -54 / 43 55 76 / 71 79 83 -52 -55 / 0 43 55 -71 -81 / 0 76 -43 -55 / 0 50 62 77 / 0 0 76 -50 -62 / 0 55 62 65 / 0 36 -55 -62 <END> 
<S> 0 52 55 76 / 0 76 -52 -55 -55 / 0 55 76 79 -55 / 0 48 72 75 81 / 0 74 84 -48 / 0 76 84 -48 / 0 76 79 82 -36 -48 / 0 74 79 -48 -60 -68 / 0 72 84 90 / 0 84 88 / 0 80 -72 / 0 72 87 -84 13988 / 0 84 -61 -76 -84 / 0 64 67 72 -84 -88 / 0 67 72 79 88 -91 / 0 66 <END> 
<S> 48 60 70 72 / 72 76 79 -48 -55 / 58 60 64 -72 -76 / 72 76 81 -58 -60 -64 / 36 48 -72 -81 / 69 81 -48 / 58 60 64 -72 -84 / 0 48 60 65 / 72 -48 -60 -64 / 47 59 74 -64 / 69 -47 -59 <END> 
<S> 41 53 69 72 77 / 65 71 74 -41 -53 / 43 55 -65 -71 -74 / 72 76 -43 -55 / 48 60 64 72 / 43 55 -64 -72 / 36 48 -64 -72 / 0 62 74 / 0 69 69 / 0 71 / 0 72 76 <END> 
<S> 45 57 / 67 -45 -57 / 42 54 69 / 69 -42 -54 / 42 54 69 / 69 -42 -54 / 42 54 69 73 / 43 55 73 76 / 73 76 -43 -55 / 45 57 61 73 76 / 73 77 -45 -57 -61 / 51 63 75 79 / 77 -51 -63 / 55 61 65 67 79 / 67 76 -55 -59 -65 / 43 55 -67 -71 / 72 -43 -55 / 44 56 62 74 / 72 -44 -56 -62 <END> 
<S> 43 70 74 / 79 -43 -71 / 53 55 62 82 / 74 -53 -55 -62 / 43 55 75 / 79 -43 <END> 
<S> 0 71 / 0 71 83 / 0 71 83 / 0 72 76 83 / 0 78 -72 -78 -81 / 0 -72 -81 -75 / 0 67 72 / 0 72 <END> 
<S> 66 72 / 69 75 78 -63 / 66 66 72 75 80 / 63 75 78 -63 -71 -72 / 63 66 72 -75 -63 / 66 -63 -69 -72 -75 / 63 66 72 75 84 / 63 -66 -72 -75 -78 / 63 69 72 78 84 / 63 -63 -72 -78 -78 / 63 67 72 78 -63 -63 -72 -78 / 80 -63 -63 -69 -72 -75 <END> 
<S> 0 78 / 84 87 91 / 71 87 -63 -75 / 60 64 68 83 / 83 -60 -66 -67 / 44 68 80 / 72 78 -44 -63 / 75 78 83 90 / 0 79 82 / 0 64 76 82 / 0 72 76 84 / 0 84 -72 / 0 74 82 / 0 72 76 84 <END> 
<S> 66 72 78 81 / 66 76 78 83 / 0 82 / 0 72 84 / 0 71 74 83 / 42 54 72 75 78 84 / 43 71 74 83 / 51 54 60 72 75 78 / 72 78 84 -54 -60 -72 / 41 53 -72 -78 -84 / 72 75 -41 -53 -72 / 53 57 60 65 72 77 <END> 
<S> 44 72 77 / 75 -44 -72 / 56 60 64 68 71 / 72 -56 -60 -64 -68 / 46 68 70 / 67 -46 / 56 58 62 68 / 70 -56 -58 -62 / 51 55 58 63 72 / 70 82 -51 -55 -58 -63 / 39 51 -70 -82 / 75 79 -39 -51 / 55 58 63 70 82 <END> 
<S> 39 51 67 75 / 51 55 58 63 72 / 71 -55 -58 -63 / 39 51 75 79 / 82 -39 -51 / 58 63 67 77 / 75 -39 -61 -67 / 43 55 70 / 71 -43 -55 -70 / 42 54 72 / 71 -42 -54 / 41 53 70 / 72 -41 -53 / 40 52 73 79 / 82 -40 -52 / 61 61 77 -76 / 79 -61 -61 -70 <END> 
<S> 39 51 -72 / 70 82 -39 -51 / -70 -70 -75 / 75 -39 -70 / -67 -70 -75 / 73 75 78 81 -40 -52 / 51 -68 -71 -77 -80 / 87 -63 -71 -75 / 63 70 75 -63 / 71 -63 -63 -70 / -75 -63 -75 / 51 63 -75 -75 / 75 78 -63 -63 / 39 67 70 75 79 / 0 67 70 75 / 0 67 70 -46 / 0 63 67 70 -46 / 0 46 58 68 / 0 48 60 64 70 <END> 
<S> 51 66 69 70 / 65 70 74 -51 / 61 72 -65 -69 / 69 72 76 -63 -65 / 36 -65 -69 -72 -75 / 77 -36 -48 -72 / 65 69 72 / 65 70 74 / -65 -65 -70 -74 / 55 65 68 71 77 / 53 65 71 77 -65 / 69 77 -41 -53 -65 -69 / 0 43 55 -65 -69 -81 / 0 48 64 76 / 0 46 58 -64 <END> 
<S> 41 69 65 77 / 69 72 -41 -41 / 42 54 63 69 75 / 54 63 65 72 75 / 75 -54 -63 -69 -75 / 0 45 57 -63 -75 / 0 67 75 -45 -57 -63 / 43 55 65 -67 -73 / 76 -43 -55 -65 -71 / 36 48 72 76 84 / 0 <END> 
<S> 44 56 68 72 75 / 71 72 75 -44 -56 / 51 56 60 -72 -75 / 72 77 84 -51 -56 -60 / 39 51 66 72 / 71 77 -39 -51 / 39 51 -68 -77 / 72 -39 -51 / 39 51 70 / 41 53 65 / 39 51 67 / 36 48 68 / 34 46 68 <END> 
<S> 39 51 67 / 75 -39 -51 / 55 58 63 67 / 67 70 -55 -58 -63 / 46 -67 -70 / 75 -46 / 55 58 63 75 / 84 -55 -58 -63 / 36 48 81 / 79 -36 -48 / 58 60 64 82 / 76 79 -58 -60 -64 / 48 -70 -79 -81 / 79 -48 / 58 60 64 76 / 72 -58 -60 -64 <END> 
<S> 48 60 75 / 75 79 -48 -60 / 55 60 63 -75 -79 / 77 -55 -60 -63 / 36 48 69 79 / 75 79 -36 -48 / 55 60 64 76 79 / 75 78 -55 -60 -64 / 48 60 -79 -81 / 72 75 79 -36 -48 -60 / 55 60 63 72 75 78 / 69 75 81 83 -55 -60 -66 / 52 67 71 -72 -75 -84 / 0 55 60 64 72 76 84 <END> 
<S> 44 56 72 84 / 72 75 84 -44 -56 / 42 54 -72 -78 -84 / 72 75 -42 -54 / 43 55 -72 -84 / 75 -43 -55 / 53 57 60 77 / 72 -53 -57 -60 / 52 55 -80 / 72 -52 -55 / 52 55 60 -72 / 64 -52 -55 -60 / 0 52 55 60 64 / 0 57 60 64 / 0 54 57 60 65 / 56 66 -57 -60 -63 / 0 67 / 0 68 -38 / 50 56 59 68 <END> 
<S> 43 55 65 / 72 -43 -55 / 76 -43 -55 / 81 -43 -55 / 64 67 79 -43 / 79 -43 -55 -64 / 52 64 79 81 / 79 -52 -64 -72 / 52 64 84 / 78 -52 -64 / 50 53 60 66 69 77 / 43 55 71 78 / 55 59 65 71 79 / 78 -55 -59 -65 -71 <END> 
<S> 43 67 72 / 76 -43 -67 -72 / 58 60 64 76 -72 / 36 -58 -60 -64 -72 / 70 74 -36 -48 / 48 64 -70 -72 / 67 -48 -60 -64 / 41 53 65 69 / 67 -41 -53 / 48 60 64 69 / 0 69 / 45 57 72 -69 / 67 76 -45 -57 <END> 
<S> 41 53 69 / 69 -41 -53 / 42 54 60 72 / 69 72 -42 -54 -54 / 42 54 -72 -72 / 72 -42 -54 -66 / 43 50 59 71 / 67 71 -43 -55 -59 / 0 47 59 67 / 0 79 -49 -55 -59 / 0 55 59 62 65 71 / 0 67 -55 -59 -62 / 55 59 65 71 -67 / 74 -55 -59 -65 -67 / 48 55 60 -64 72 / 68 -48 -55 -60 -64 <END> 
<S> 0 55 60 64 / 69 -55 -60 -64 / 49 67 69 79 -48 / 61 64 70 76 -48 / 0 53 65 69 / 0 73 -53 / 0 77 / 0 74 / 0 64 / 0 65 / 0 69 / 0 69 / 0 57 68 / 0 59 / 0 65 / 0 59 <END> 
<S> 57 60 62 / 63 -54 -60 / 63 65 / 65 66 / 64 67 72 / 0 63 69 / 0 62 65 / 0 60 64 / 0 -60 -64 / 0 64 -60 / 0 52 56 62 / 64 -47 -52 -56 <END> 
<S> 0 64 / 64 64 72 / 0 61 71 / 0 63 71 / 0 71 83 / 0 68 71 75 / 0 66 75 78 82 / 0 72 75 84 -78 / 0 78 -72 -80 / 0 78 82 -72 <END> 
<S> 63 67 72 75 / -63 -67 -72 -75 / 66 78 -63 -67 -72 / 44 67 71 76 / 50 55 59 -67 -75 / 71 75 -50 -55 -59 / 39 51 67 75 / 67 71 -39 -51 / 39 51 -67 -71 / 66 68 71 -39 -51 / 31 43 -66 -69 / 67 -43 / 61 67 70 <END> 
<S> 39 51 67 70 / 61 67 70 -39 -51 / 39 51 61 69 -67 -70 / 0 68 -40 -52 / 0 71 -61 / 0 68 71 / 0 70 82 / 0 68 71 / 0 70 73 / 0 70 73 82 / 0 70 74 82 <END> 
<S> 65 71 / 66 72 -63 -65 / 0 65 65 70 74 / 0 64 67 72 / 0 63 66 72 -48 / 0 67 70 76 79 -45 -57 / 0 43 55 -67 -71 -79 / 69 72 76 -43 -55 / 44 56 65 74 / 44 56 74 -68 -71 / 75 -44 -56 -68 / 44 56 72 -68 -71 / 71 -44 -56 -68 <END> 
<S> 44 65 68 71 / 72 -32 -62 -68 / 62 71 -44 -68 / 68 71 -44 -62 -71 / 0 43 55 62 64 -71 / 0 72 -43 -55 -64 / 0 41 53 62 65 / 0 46 58 64 67 73 / 0 45 57 61 70 73 / 61 61 61 64 73 73 -45 / 76 -45 -57 -61 -64 -70 / 32 44 73 77 85 / 77 -32 65 73 <END> 
<S> 62 65 65 65 68 77 / 0 -62 -65 -65 -68 -74 / 40 52 -65 -68 -71 / 61 61 67 73 76 / 61 65 78 / 61 64 70 73 77 82 -40 / 0 39 51 67 70 72 / 53 60 62 74 / 80 -53 -60 -62 -70 / 58 62 64 91 / 74 77 80 -44 -56 -62 / 43 55 -71 -77 -82 / 76 -43 -55 / 56 59 65 83 / 83 -56 -59 -62 <END> 
<S> 67 72 82 / 52 58 62 67 72 76 83 / 69 72 81 -52 -58 -61 -64 / 52 -69 -69 -72 -81 / 67 79 -48 / 52 55 60 69 81 / 71 -55 -60 -64 / 45 72 / 74 -45 / 57 60 64 76 / 66 -57 -60 -64 / 48 67 / 72 76 -48 / 58 60 64 -72 / 66 -58 -60 -64 / 52 67 / 55 64 <END> 
<S> 45 57 66 69 / 77 -45 -57 -66 / 47 68 76 / 74 -35 -47 / 45 57 72 76 81 / 0 / 48 60 72 76 84 / 45 -72 -76 -84 / 57 57 61 69 81 / 76 -57 -57 -64 <END> 
<S> 45 -72 -76 -81 / 77 81 -48 / 57 60 64 76 81 / 47 -76 -81 / 82 -47 / 57 60 64 84 / 88 -57 -60 -64 / 48 84 / 76 79 -48 / 60 60 64 76 -76 / 72 84 -60 -64 -60 <END> 
<S> 44 -76 / 72 88 -44 / 56 60 64 82 / 80 -56 -60 -64 / 45 -82 / 72 -45 / 57 60 65 74 / 69 81 -57 -60 -65 / 48 60 -79 / 76 -48 -60 / 57 60 65 72 <END> 
