<S> 0 67 79 / 0 66 78 / 0 65 77 / 0 64 76 / 0 62 74 / 53 65 / 52 64 / 50 62 / 49 61 / 48 60 <END> 
<S> 55 67 / 57 65 / 55 67 / 53 65 / 52 67 / 52 65 / 48 64 67 72 / 48 64 70 72 / 53 63 69 72 <END> 
<S> 48 67 / 72 -48 / 51 57 60 -72 / 66 75 -55 -60 -63 / 42 -69 -72 / 68 75 -51 / 54 60 63 69 72 / 50 65 69 / 70 -50 -62 / 48 53 61 69 -69 / 69 -41 -53 -57 -63 / 42 54 -63 -69 / 69 -42 -54 -63 <END> 
<S> 50 62 67 71 / 65 -50 -62 / 48 60 64 / 71 -48 -60 -64 / 47 59 68 -64 / 50 -58 -62 -68 / 36 48 -62 -64 -69 / 34 46 -62 -69 -72 / 31 50 65 69 72 / 51 63 -65 -69 -72 / 39 51 -65 -69 -75 <END> 
<S> 41 56 60 65 68 / 65 69 -41 -53 -60 -65 / 53 56 -62 -65 -69 / 65 -53 -56 -65 / 49 65 69 / 68 -57 -65 / 48 65 69 77 / 69 77 -48 / 57 60 65 -69 -77 / 72 -57 -60 -65 -69 / 48 -69 -72 -81 / 75 -48 / 57 60 65 72 / 70 -53 -57 -60 <END> 
<S> 48 69 / 68 68 -48 / 53 57 60 -65 -74 / 69 -53 -57 -60 / 53 65 72 / 68 -53 -65 / 51 63 69 / 71 -51 -63 / 50 62 / 71 -50 / 49 61 76 / 76 -49 -61 / 48 60 72 / 71 77 -48 -60 / 57 60 63 72 75 / 69 77 -53 -57 -63 <END> 
<S> 43 55 67 / 72 -52 -55 -64 / 39 51 69 / 69 -39 -51 -66 / 38 50 -66 -75 / 68 -38 -50 / 36 48 -67 / 69 72 -36 -60 -66 / 39 51 66 -72 / 71 -39 -51 / 51 67 72 / 60 72 75 / 39 -72 -76 / 68 75 80 / -68 -76 / 68 72 75 87 <END> 
<S> 64 67 / 68 72 / 51 63 69 78 / 63 69 75 -51 / 54 -63 -69 -69 / 66 67 71 75 86 / 54 66 -63 -69 -75 -78 / 0 67 70 74 79 / 50 -74 -74 / 58 62 67 -70 -74 / 74 -50 -62 -67 -70 / 46 58 67 74 79 / 43 55 67 71 74 79 / 55 58 62 -67 -70 -74 -79 / 48 60 -67 -70 -74 / 50 62 67 70 / 41 53 74 77 -67 <END> 
<S> 58 67 70 74 / 58 62 -65 -70 -74 / 57 -62 -65 -70 -74 / 46 58 -65 -70 -74 / 48 60 -65 -70 -74 / 50 57 61 -65 -70 -74 -77 / 50 55 -65 -70 -74 -77 / 55 58 62 -65 -70 -74 -77 / 38 50 78 / 77 81 -38 -50 / 0 50 54 60 70 72 75 / 0 72 78 -54 -57 -60 -66 -71 -78 <END> 
<S> 50 62 65 77 / 70 76 -50 -62 / 53 61 65 69 77 / 44 -65 -71 -77 / 72 -41 -65 / 51 56 60 68 80 / 72 -51 -56 -60 / 44 56 72 / 71 -44 -56 / 45 57 72 / 65 72 75 -45 -57 / 46 58 -67 -71 -75 -79 / 78 -46 -58 -67 / 55 58 63 67 79 / 70 -55 -58 -63 -67 <END> 
<S> 45 57 -75 / 77 -45 -57 -66 / 56 60 65 74 -45 -76 / 75 -56 -60 -65 / 57 61 65 68 77 / 67 73 76 -57 -61 -67 / 57 61 65 68 77 80 / 83 -57 -61 -65 -69 / 56 61 65 68 80 / 76 -56 -61 -65 / 56 61 65 68 80 / 68 80 -56 -61 -65 / 37 49 65 68 80 / 0 48 60 63 68 <END> 
<S> 37 49 65 68 77 / 53 56 61 68 -65 -68 / 65 71 -53 -56 -56 -65 / 44 65 68 72 / 51 56 60 68 69 75 / 0 44 56 68 72 / 0 72 -44 -56 / 0 48 60 75 / 0 76 -48 -60 / 0 48 60 76 / 72 -36 -48 -64 <END> 
<S> 44 56 60 68 / 72 -44 -56 -60 / 51 56 60 63 72 / 66 75 -51 -56 -60 / 45 57 68 72 / 39 51 72 / 67 80 79 -51 / 0 38 50 -71 -79 -82 / 0 76 -38 -50 / 0 56 61 65 77 / 74 77 -56 -59 -65 / 48 60 -74 -77 / 79 -48 -60 -65 / 58 60 64 68 80 / 70 81 -58 -60 -64 <END> 
<S> 44 56 68 80 / 72 -44 -56 -68 / 59 62 68 71 77 / 80 -59 -62 -68 -71 / 80 80 84 -40 -56 -62 / 42 54 60 72 78 / 56 60 66 72 78 82 / -74 -78 -78 / 72 78 82 -68 / 72 78 78 87 / 0 63 78 82 / 39 51 72 78 84 / 60 72 82 -39 -51 <END> 
<S> 44 72 77 83 / 72 84 -44 -72 / 54 60 63 71 83 / 75 81 -51 -60 -63 / 39 51 -72 -81 -84 / 72 84 -39 -51 -72 / 51 56 60 -72 -78 -84 / 72 84 -51 -56 -60 / 51 56 60 80 / 72 84 -51 -56 -60 / 44 56 -72 -75 -84 / 72 -44 -56 / 53 56 60 80 / 68 80 -53 -56 -60 <END> 
<S> 44 56 -72 -76 -80 / 72 76 83 -44 -56 / 45 57 -72 -75 -84 / 72 84 -45 -57 / 51 57 60 63 75 / 72 75 -51 -60 -63 / 46 -72 -75 / 72 -46 / 51 56 60 70 82 / 68 77 -51 -56 -60 / 46 68 77 / 65 77 -37 -46 / 53 56 61 -68 -77 / 65 73 -56 -56 / 37 49 65 68 73 / 0 53 56 61 65 68 <END> 
<S> 44 56 68 72 / 72 75 -44 -56 / 51 56 60 -72 -77 / 68 71 -51 -56 -60 / 44 56 72 -68 / 71 -44 -56 / 51 56 60 75 / 65 77 -51 -56 -60 / 44 56 -65 -77 / 72 -44 -56 / 45 57 65 77 / 76 79 -45 -57 -61 / 37 49 77 85 / 0 75 87 -49 / 0 50 77 81 89 / 0 81 84 -50 <END> 
<S> 44 56 76 / 74 77 -44 -56 / 53 56 61 73 77 / 76 -53 -56 -61 / 46 77 / 75 81 -46 / 58 62 65 82 / 74 80 -58 -62 -65 / 46 58 -74 -84 / 81 -46 -58 / 58 62 68 80 / 80 -58 -62 -68 / 39 51 75 / 82 -39 -51 / 58 63 67 82 / 75 87 -58 -63 -67 <END> 
<S> 39 51 79 82 / 82 -39 -51 / 58 63 67 82 / 81 -58 -63 -67 / 46 -75 -82 / 79 82 -46 / 58 63 67 78 / 75 87 -58 -63 -67 / 51 -75 -79 / 79 82 -51 / 58 63 67 72 84 / 74 86 -60 -63 -67 / 46 70 79 / 72 77 -46 / 58 63 67 -72 -75 / 74 77 -58 -63 <END> 
<S> 55 70 82 / 75 79 -43 -55 / 58 63 67 72 75 / 74 -58 -63 -67 / 39 51 75 / 79 -39 -51 / 58 63 67 77 / 70 82 -58 -63 -67 / 43 55 -70 -82 / 75 -43 -55 / 58 63 67 79 / 70 82 -58 -63 -67 / 44 56 72 75 80 84 / 60 65 68 -72 -77 -80 -84 <END> 
<S> 0 51 63 75 / 72 84 -51 -63 / 0 52 -72 -75 -84 / 0 53 72 -84 / 0 48 60 72 76 84 / 0 36 48 / 67 72 76 79 -36 -48 / 58 60 64 -67 -72 -76 -79 / 66 72 76 81 -58 -60 -64 / 48 78 -72 -75 / 87 -72 / 57 60 84 -72 -84 / 79 82 -57 -60 <END> 
<S> 0 43 55 67 72 76 / 58 60 64 72 -64 -70 -72 -76 / 74 -58 -60 -64 -70 -72 -76 / 36 48 76 -64 -70 -72 -76 / 77 -36 -48 -64 -70 -72 -76 / 58 60 64 76 -64 -70 -72 -76 / 0 70 74 82 -58 -60 -64 -70 -74 / 46 58 73 76 84 / 82 -46 -58 -67 -73 / 45 52 58 73 76 / 61 73 -45 -52 -55 -58 -76 / 61 64 73 -45 -58 -67 -52 <END> 
<S> 46 58 70 82 / 73 81 -46 -58 / 45 57 61 73 77 / 44 56 61 68 73 77 / 68 -42 -53 -68 -73 / 77 -40 -61 / 44 56 68 72 75 80 / 39 51 -68 -72 -75 -80 / 46 56 -68 -72 -75 -80 / 48 60 -67 -72 -75 / 48 60 -66 -72 -75 / 39 51 70 72 <END> 
<S> 44 56 71 77 80 / 72 75 84 -44 -56 / 53 56 -72 -75 -84 / 72 75 -53 -56 -63 / 46 72 75 / 53 58 72 76 / 79 -53 -58 -63 / 41 53 70 / 72 -41 -53 / 43 55 70 / 77 -43 -55 / 45 57 -77 / 73 -45 -57 <END> 
<S> 46 74 / 73 -46 / 58 62 65 74 / 77 -53 -58 -62 / 50 -77 / 77 -50 / 53 62 65 72 / 74 -53 -62 -65 / 46 77 / 69 -46 / 56 58 62 70 / 65 -53 -58 -62 / 41 65 / 65 -41 / 53 58 62 67 / 70 -53 -58 -62 <END> 
<S> 46 74 / 73 -46 / 53 58 62 74 / 70 -53 -58 -62 / 41 67 / 53 58 62 -67 / 46 74 / 70 -46 / 56 58 62 74 / 72 -56 -58 -62 / 51 67 74 / 55 58 63 67 73 / 67 70 -55 -58 -63 / 46 -67 -70 / 67 -46 / 55 58 63 68 / 75 -55 -58 -63 <END> 
<S> 51 67 70 / 55 58 63 70 72 / 67 70 -55 -58 -63 / 46 -67 -70 / 63 72 / 55 58 63 67 / 63 -55 -58 -63 / 0 55 67 / 64 -55 -64 -70 / 53 65 69 / 50 71 / 68 -50 / 52 64 76 <END> 
<S> 39 51 67 / 67 -39 -51 / 58 63 69 / 70 -63 -63 / 0 70 / 65 68 74 77 / 58 62 68 74 / 70 -56 -62 / 51 63 67 / 65 69 -51 -63 / 53 63 -65 -69 / 67 70 -63 -53 / 44 65 74 77 <END> 
<S> 67 70 -62 / 67 70 -62 / 0 -67 / 68 70 -40 -52 / 62 67 71 77 / 0 70 74 82 -62 -67 / 0 51 67 72 75 79 / 0 62 74 77 86 -48 / 0 75 79 87 -61 -62 / 0 48 61 76 80 / 0 77 -48 -61 / 0 53 65 -77 / 76 87 -53 -65 <END> 
<S> 64 66 71 74 86 / 77 -60 -62 -66 -71 / 72 74 86 -66 -66 / 42 54 60 -74 -78 / 72 78 -42 -54 -60 / 41 53 69 81 / 65 72 77 -41 -53 / 0 48 60 69 72 77 / 57 69 72 77 -48 / 41 53 69 72 77 81 / 0 69 72 77 81 -41 -53 <END> 
<S> 38 50 65 72 77 / 36 53 -72 -77 / 40 52 -72 -77 / 41 53 -72 -76 / 43 55 -72 -77 / 36 48 -72 -77 / 38 50 72 / 53 57 62 78 / 79 -53 -57 -62 / 41 81 / 77 -41 / 53 57 62 77 / 81 -53 -57 -62 <END> 
<S> 45 74 / 74 86 -45 / 53 57 62 -74 -79 / 77 -53 -57 -62 / 43 71 / 77 -43 / 52 57 61 73 -69 / 74 -50 -57 -61 -67 / 45 72 -69 / 50 62 68 74 77 / 43 55 70 74 76 <END> 
<S> 41 53 74 / 69 -41 -53 / 42 54 60 69 72 / 75 -42 -54 -60 -66 / 38 50 66 72 81 / 43 55 65 71 76 / 76 -43 -55 -67 -71 / 47 59 62 74 -67 / 0 67 -47 -58 -62 -68 / 0 64 64 64 67 -40 -52 <END> 
<S> 55 60 64 -67 -72 / 68 76 -55 -60 -64 / 55 60 64 67 72 / 50 62 66 74 / 45 57 68 73 78 / 50 57 60 66 72 74 / 66 72 81 -50 -57 -60 -66 / 54 60 62 -45 -72 -76 / 74 -45 -57 -60 -64 / 57 60 65 -72 -78 / 0 53 57 62 65 77 / 0 77 -53 -57 -62 / 0 53 57 62 77 / 0 73 76 79 -53 -57 -65 / 42 54 70 74 77 / 69 81 -42 -54 / 42 54 74 82 / 75 -42 -54 <END> 
<S> 41 53 -65 -77 / 74 -41 -53 / 56 58 62 76 / 77 -56 -58 -62 / 0 39 51 / 0 75 -39 -51 / 55 57 60 63 70 82 / 75 -55 -58 -63 -63 / 50 62 77 86 / 80 89 -50 -62 / 51 58 61 -77 -82 / 76 79 82 -55 -61 -61 / 47 59 -76 -79 -82 / 50 62 74 80 -82 / 56 59 62 77 -68 80 <END> 
<S> 44 56 74 80 83 / 72 84 -44 -56 / 56 60 65 68 -72 -84 / 70 74 82 -56 -60 -65 / 53 56 -70 -73 -78 / 56 68 77 80 / 50 -68 -74 -80 / 56 68 72 80 / 51 -68 -72 -77 -80 / 68 68 80 -51 / 58 -68 -68 -76 -80 / 68 75 78 -56 -60 -68 / 44 56 72 68 80 84 / 68 80 -44 -56 <END> 
<S> 44 56 68 -72 / 75 -44 -56 -68 / 53 56 60 68 80 -72 / 72 -53 -56 -60 -65 -72 / 56 65 77 -72 / 68 70 76 82 / 68 80 -68 -71 / 65 68 77 -68 / 75 87 -68 -68 / 51 68 72 75 83 / 69 72 75 78 -51 / 48 -69 -72 -75 -78 / 69 69 72 78 -51 / 55 42 -69 -72 -78 -81 / 65 69 72 77 80 48 <END> 
<S> 44 67 71 83 / 72 76 84 87 -62 / 62 65 74 -44 -89 / 71 80 -62 -65 / 52 72 71 91 / 74 77 -48 -55 -72 / 59 64 71 76 / 72 76 -59 -62 -64 / 41 53 -72 -76 / 69 -41 -53 / 57 60 65 72 / 74 -57 -60 -65 / 36 48 -74 / 72 -36 -48 / 57 60 65 72 <END> 
<S> 53 79 / 86 -53 / 57 60 65 81 / 77 -57 -60 -65 / 48 75 / 72 -48 / 58 60 64 74 / 69 72 -58 -60 -64 / 53 57 60 65 69 72 / 41 53 69 72 77 / 46 -69 -72 -77 / 70 -41 -53 / 74 -41 -53 / 77 -41 -53 <END> 
<S> 53 65 74 / 73 -53 -65 / 49 61 76 / 77 -49 -61 / 49 61 76 / 73 -49 -61 / 50 61 70 / 73 77 -50 -61 / 53 58 61 73 85 / 41 53 80 / 39 51 79 / 72 -39 -51 / 40 52 -72 -75 / 73 -40 -52 / 37 49 70 <END> 
<S> 39 51 73 / 70 82 -39 -51 / 39 51 67 72 77 / 0 44 56 / 72 75 -44 -56 / 51 56 60 -72 -75 / 71 77 -51 -56 -60 / 39 72 75 / 51 56 60 72 75 84 / 45 57 72 75 78 84 / 42 54 72 75 84 / 34 46 72 80 84 <END> 
<S> 44 56 72 75 78 84 / 39 51 -72 -75 -84 / 71 80 -51 / 39 51 70 82 / 72 84 -39 -51 / 51 55 61 70 79 / 75 87 -55 -58 -61 / 39 51 79 82 / 77 80 -39 -51 / 51 55 61 75 79 / 77 81 -51 -55 -61 / 39 51 79 82 / 75 80 -39 -51 <END> 
<S> 39 51 75 79 / 77 80 -39 -51 / 55 58 63 75 79 / 77 81 -55 -58 -63 / 43 55 -75 -79 / 75 79 -43 -55 / 55 58 63 75 79 / 72 75 84 -55 -58 -63 / 39 51 -72 -75 -84 / 73 77 -39 -51 / 43 55 70 75 79 82 / 42 54 72 78 84 84 / 41 53 71 80 <END> 
<S> 44 56 71 77 / 72 76 -44 -56 / 56 60 65 68 80 / 72 -56 -60 -65 / 44 56 68 80 / 65 68 71 -44 -56 / 51 56 60 68 72 75 / 44 56 68 72 75 / 0 45 57 / 0 39 51 / 41 53 69 / 74 -41 -53 / 42 54 75 / 75 -42 -54 <END> 
<S> 39 51 -68 -75 / 39 47 -68 -72 / 75 -39 -51 / 51 56 60 68 / 72 -51 -56 -60 / 45 57 -72 / 70 -45 -57 / 46 58 67 / 77 -46 -58 / 51 55 61 75 / 72 -51 -55 -61 / 39 51 70 / 75 -39 -51 / 55 58 63 70 / 72 -55 -58 -63 <END> 
<S> 39 51 67 77 / 51 55 61 67 68 / 70 -51 -55 -61 -67 / 39 51 72 -67 / 71 -39 -51 / 55 58 63 67 / 70 -55 -58 -63 / 43 -55 -67 / 63 -43 / 55 58 62 / 55 58 60 -67 / 0 <END> 
<S> 51 56 60 68 / 67 -51 -56 -60 / 51 55 60 63 70 / 63 -51 -55 -63 / -63 -55 -63 -63 / 65 -48 -53 -63 / 36 48 -57 -60 -65 / 67 -36 -48 -56 -60 / 44 56 62 65 / 39 51 63 67 / 62 65 77 -51 <END> 
<S> 39 51 51 67 / 44 56 60 68 / 39 51 -60 -68 -68 / 0 44 56 68 72 / 51 -68 -72 / 51 67 77 / 52 64 68 76 / 0 39 51 <END> 
<S> 39 51 66 / 70 -39 -51 / 39 51 67 / 71 -39 -51 / 51 66 / 73 -39 -51 / 68 72 75 80 -68 / 0 -68 -75 -80 / 0 68 80 80 -68 / 0 56 61 -68 -68 -80 <END> 
<S> 44 65 68 72 77 80 / 63 65 72 -68 -72 / 63 75 -63 -68 -72 / 51 66 75 78 / 78 -63 -63 -69 / 66 75 78 83 / 72 76 84 / 72 78 80 / 84 -72 -78 / 60 68 -72 -75 -78 -83 / 52 64 67 72 76 79 / 48 63 81 / 88 -48 -63 -72 <END> 
<S> 64 67 72 76 82 / 76 88 -64 -67 -72 / 64 68 76 -79 / 89 -67 -72 / 63 67 72 75 -67 / 63 67 72 75 -63 / 54 -63 -69 -72 -75 / 60 -63 -69 -72 -72 -78 / 52 55 -69 -72 -78 -81 / 81 -60 -64 <END> 
<S> 52 67 72 -67 -72 / -52 -67 -72 -75 / 52 -64 -67 -72 -76 / 43 -64 -67 -72 / 50 -59 -67 -71 -76 / 52 -62 -67 -71 -76 / 52 -67 -67 -71 -79 / 48 -67 -67 -76 / 50 67 71 77 <END> 
<S> 64 67 72 / 71 74 -48 / 49 61 64 69 76 / 69 -49 -61 -67 / 51 67 -69 / 79 -43 -55 / -67 -67 -79 / 75 -67 -67 / 51 67 75 -67 / 71 83 -51 -67 / 52 64 72 78 81 / 84 -52 -64 -72 / 53 57 74 / 81 -53 -69 / 77 -41 -53 <END> 
<S> 55 79 82 / 74 86 -55 / 59 65 75 87 / 74 86 -59 -59 / 51 72 75 87 / 70 82 -51 / 55 58 63 72 75 / 74 77 82 -53 -58 -63 / 41 53 -74 -77 -82 / 73 -41 -53 / 53 56 74 77 80 84 -53 / 56 68 65 -80 -80 / 77 -58 -65 -68 / 56 61 77 -68 -78 / 80 -56 -61 -68 -73 <END> 
<S> 0 74 82 / 77 -41 -68 / 53 56 61 82 -65 / 72 75 -53 -56 -58 -65 / 39 51 -72 -75 / 72 -39 -51 -72 / 43 55 70 -72 / 67 -43 -55 -67 -70 / 36 48 72 -64 / 67 79 -48 -48 / 37 49 67 76 / 67 76 79 -61 -61 / 36 48 -69 -76 -81 / 79 -36 -48 -70 -76 / 41 53 69 72 77 / 69 72 77 -41 -53 <END> 
<S> 43 55 64 67 / 72 -48 -55 -64 / 55 60 62 74 -64 / 79 -55 -60 -64 -70 / 60 64 72 79 / 79 -60 -64 -72 / 65 69 77 -36 -48 / 60 65 65 70 74 / 41 53 65 69 72 77 / 44 56 74 77 / 72 77 84 -44 -56 / 51 65 -72 -75 -84 / 72 76 84 -51 -57 / 43 55 -72 -76 -84 / 42 54 75 78 83 <END> 
<S> 41 53 70 74 / 72 -41 -53 -70 / 56 58 62 77 -68 / 68 74 77 -46 -56 -58 -62 / 53 68 -68 -77 / 68 80 -41 -53 / 56 60 65 70 -73 / 75 -56 -60 -65 / 44 56 77 / 68 80 -44 -56 / 56 60 66 -68 -78 / 75 87 -60 -63 / 51 -75 -78 / 72 -51 / 51 54 60 72 / 69 -54 -54 -60 <END> 
<S> 44 56 68 72 / 51 56 60 -68 -72 / 68 -51 -56 -60 -68 / 39 -68 -68 / 72 -64 -68 / 51 56 60 68 75 / 0 44 71 / 72 -44 -56 / 44 56 60 68 72 / 66 72 75 -44 -56 -60 / 39 51 -69 -72 -75 / 75 -39 -51 / 39 51 69 / 39 45 68 <END> 
<S> 37 44 68 / 75 -32 -44 -68 / 39 51 -68 -72 -80 / 71 -39 -51 -68 / 39 51 70 73 / 39 51 70 73 / 40 52 70 73 / 67 71 76 -52 / 61 67 70 76 / 39 51 70 73 / 74 86 -61 -67 / 51 61 70 73 79 / 69 73 77 -51 -55 -58 <END> 
<S> 39 51 67 / 72 -39 -51 / 58 61 66 70 / 67 70 -58 -63 / 43 55 -67 -70 / 63 -43 -55 / 58 63 66 72 / 51 -63 -66 / 70 -51 -63 / 41 53 68 / 69 -41 -53 / 43 55 70 / 72 -43 -55 / 42 54 -72 / 73 -45 -54 <END> 
<S> 39 51 67 / 75 -51 -51 / 55 58 63 79 / 73 -55 -58 -63 / 46 58 73 / 74 -58 -62 / 55 58 63 68 79 / 69 81 -55 -58 -63 / 43 55 -69 -77 / 72 76 -43 -55 / 42 54 -72 -73 / 70 -42 -54 -70 / 41 53 65 77 / 39 51 67 79 / 36 48 69 81 <END> 
<S> 39 51 67 -75 / 67 71 -39 -51 / 39 51 -67 -70 / 60 69 72 -39 -51 / 39 51 61 70 / 67 -39 -51 / 39 51 69 / 66 -39 -51 / 39 51 67 70 / 50 60 68 70 74 / 46 58 70 74 / 77 -46 -58 / 58 62 65 67 74 / 70 -58 -62 -65 / 37 49 -65 / 65 -49 <END> 
<S> 50 62 65 68 70 / 53 58 62 64 68 76 / 0 77 / 46 77 89 / 58 61 65 70 79 82 / 39 51 78 / 72 80 -39 -51 / 41 53 73 80 / 68 72 80 -41 -53 / 56 68 -68 -68 -80 / 65 -68 -73 -80 -80 <END> 
<S> 41 53 68 80 / 68 72 80 -41 -53 / 39 51 -68 -72 -80 / 69 72 80 -51 -51 / 39 51 -72 -75 -84 / 72 75 -39 -51 / 51 56 60 68 75 / 70 73 82 -56 -58 -61 / 39 51 -70 -72 -82 / 72 84 -39 -51 / 43 55 70 73 <END> 
<S> 44 56 71 83 / 72 75 -44 -56 / 51 56 60 -72 -75 / 72 77 -51 -56 -60 / 39 51 70 75 / 72 -39 -51 / 51 58 61 70 / 71 -51 -56 -61 / 46 58 75 / 65 77 -46 -58 / 51 55 61 -65 -77 / 75 -51 -55 -61 / 46 58 73 / 67 -46 -58 / 51 55 61 -67 / 75 -51 -55 -61 / 0 53 56 / 0 63 -53 -56 <END> 
<S> 55 58 63 75 / 75 -55 -58 -63 / 39 51 72 82 / 79 82 -39 -51 / 43 55 75 79 / 78 82 -43 -55 / 41 53 -75 -79 -82 / 73 -41 -53 -82 / 80 -41 -53 / 44 56 77 80 / 56 65 68 75 80 / 77 -56 -61 -65 -68 / 46 58 68 77 / 67 73 77 -46 -58 <END> 
