<S> 55 67 / 54 66 / 53 65 / 58 70 / -58 -70 / 57 69 / 58 70 / 60 72 / 59 71 / 58 70 / 62 74 / -62 -74 / 61 73 / 62 74 <END> 
<S> 53 65 / 58 67 / 51 63 / 50 62 / 51 63 / 50 62 / 51 63 / 47 63 / 52 64 / 48 64 / 50 62 / 48 60 / 53 65 / 0 <END> 
<S> 39 51 66 / 38 50 -66 / 54 60 62 / 54 66 78 / 69 -54 -66 / 66 -54 -66 -69 / 0 66 69 72 / 52 57 60 66 69 74 / 65 69 72 81 -50 -57 -60 / 0 45 -69 -72 -81 / 84 -45 / 54 57 60 66 81 / 72 81 -50 -57 -60 <END> 
<S> 50 67 / 71 -50 -62 / 61 71 74 -50 / 71 -40 -52 -68 / 71 -40 -52 -71 / 71 -40 -52 -71 / 60 64 69 72 / 51 -72 -76 / 52 -64 -72 / 57 -60 -72 / 56 68 76 / 72 78 -56 -60 / 75 -68 -56 / 0 76 -40 <END> 
<S> 44 56 -72 / 72 75 -44 -56 / 51 56 60 -72 -75 / 72 75 -51 -56 -60 / 45 57 -72 -75 / 75 -45 -57 / 51 60 63 72 / 70 -39 -51 -60 / 39 51 -60 -70 / 44 56 68 72 75 84 / 0 / 44 56 74 / 0 72 -44 -56 / 0 45 57 / 0 72 -45 -57 <END> 
<S> 39 51 67 / 70 -39 -51 / 58 72 -39 -51 / 58 63 67 75 / 51 -63 -67 -75 / 46 58 -67 -70 / 65 68 77 -46 / 68 74 -41 -68 / 77 -34 -46 / 44 56 -71 -77 / 74 77 -44 -56 / 42 54 -74 -80 / 60 72 75 80 84 -40 40 -56 / 43 55 71 78 / 72 -43 -55 / 42 54 74 / 72 78 -51 -54 <END> 
<S> 39 51 71 78 82 / 72 84 -39 -51 / 58 60 66 72 78 82 / 72 78 82 84 -60 -63 -66 / 39 51 -72 -75 -81 -82 / 72 84 -39 -51 / 58 60 64 70 82 / 76 82 -60 -60 -64 / 36 48 -82 / 76 82 86 -36 -48 / 58 60 64 74 79 82 / 72 84 -58 -60 -64 / 44 56 76 84 / 72 84 -56 -44 -56 / 41 53 80 / 72 84 -41 -53 / 42 54 -72 -75 -84 / 77 -42 -54 -72 -75 <END> 
<S> 41 53 81 / 80 -41 -53 -77 / 60 65 69 -81 / 81 -60 -65 -69 / 36 48 74 86 / 69 81 -36 -48 / 42 54 69 81 / 75 78 81 86 -54 -57 / 42 54 -75 -79 -87 / 82 -42 -54 -75 / 57 60 63 81 -75 / 83 -57 -60 -63 -75 / 55 60 63 -72 -75 / 0 55 60 63 -72 -75 / 0 62 70 -55 -60 -63 / 36 48 68 72 76 79 / 58 60 64 70 -72 -76 <END> 
<S> 52 67 72 79 / 58 60 64 -67 -72 -79 / 74 -58 -60 -67 / 55 67 76 / 60 64 70 / 50 65 / 52 64 / 53 65 / -62 -69 / 57 69 / 62 71 / 57 69 <END> 
<S> 62 67 / 66 -50 / 61 67 / 62 65 / 62 71 / -59 -62 -68 / 0 47 59 / 0 44 59 / 36 48 -68 -76 / 45 57 72 75 78 <END> 
<S> 53 65 68 / 67 -53 -65 / 60 65 69 / 72 -60 -65 / 48 -72 / 70 -48 -60 / 48 65 69 / 68 -48 -65 / 53 56 62 69 / 71 -53 -56 -62 / 41 53 65 69 / 69 -41 -53 -65 / 48 53 -65 -69 / 69 -48 -63 <END> 
<S> 53 65 67 / 67 -41 -53 / 58 62 65 74 / 73 -58 -62 -65 / 44 56 65 68 72 / 41 53 65 71 77 / 43 55 -65 -69 -77 / -43 -53 -65 -70 -74 / 45 57 65 72 / 44 77 / 48 60 75 <END> 
<S> 41 53 67 71 74 / 77 -41 -53 -68 / 53 57 61 69 72 77 / 65 75 -53 -57 -60 -65 / 0 44 77 / 72 84 -44 -53 / 57 60 65 70 82 / 75 87 -57 -60 -63 / 48 60 -75 -79 / 79 -48 -60 / 48 60 81 / 72 84 -48 -60 / 47 59 -72 -84 / 74 -47 -59 <END> 
<S> 44 56 71 74 / 72 74 -44 -56 / 56 60 63 72 75 / 72 75 -44 -56 -60 / 51 -72 -75 / 72 75 -51 / 51 -72 -75 / 68 72 75 -51 / 43 55 -72 -75 -78 / 63 70 72 75 -43 / 41 53 68 74 80 / 70 -41 -53 -70 / 43 55 70 74 / -43 -55 -70 -70 / 64 -43 -55 -70 / 0 53 65 / 62 65 -53 -53 -65 / 0 65 69 -46 -53 -57 <END> 
<S> 46 70 74 / 65 70 74 -46 / 53 58 62 -65 -70 -74 / 77 -53 -58 -62 / 41 65 70 74 / 53 58 62 -65 -70 -74 / 64 67 -53 -58 -62 / 43 55 -67 / -67 -55 -67 / 58 64 67 <END> 
<S> 46 58 67 70 74 / 53 58 62 67 74 / 70 74 77 -53 -58 -62 / 46 58 -70 -74 -77 / 78 -46 -58 -70 -74 / 58 62 65 68 74 77 / 43 -59 -65 -76 -74 / 48 60 -67 -74 -77 / 62 58 62 68 74 77 / 38 50 -62 -74 -77 / 0 67 71 77 <END> 
<S> 43 55 -69 -74 -77 / 74 -43 -55 / 42 54 70 74 / 78 -42 -54 / 43 53 76 / 79 82 -43 -55 / 58 62 67 -82 / 74 -58 -62 -74 / 50 77 / 69 81 -50 / 60 62 -69 -71 -76 -81 / 72 74 -60 -62 / 43 55 -72 -76 / 77 -43 -55 / 42 54 72 / 42 54 74 <END> 
<S> 78 81 88 / 83 84 -52 / 57 60 62 -74 -86 / 72 78 83 -57 -60 -62 / 38 50 -69 -78 -83 / 72 78 -38 -50 / 50 60 71 74 78 83 / 43 55 71 77 / 74 77 -55 -62 / 43 55 -74 -77 / 67 79 -43 -55 / 36 48 67 74 79 / 0 69 72 76 84 -36 -48 / 44 56 60 66 72 -68 -76 / 72 74 77 -45 -56 -60 / 45 57 -72 -75 -78 / 72 81 -45 -57 / 42 54 -72 -84 / <END> 
<S> 0 52 65 / 76 79 84 -52 -64 / 0 50 65 -72 -83 / 0 81 -50 -62 / 0 53 57 62 65 77 / 69 77 81 -53 -57 -62 / 50 53 -65 -71 -77 -77 / 69 74 -50 -53 / 50 62 71 77 81 / 77 -50 -62 -71 -77 / 43 55 67 -71 -81 / 71 -43 -55 -67 -71 / 52 64 72 -43 / 48 60 65 74 <END> 
<S> 43 55 71 79 -71 / 71 -43 -55 -71 / 50 54 60 -71 -71 / 66 75 -50 -54 -60 / 41 53 -69 -72 -75 / 74 -41 -53 / 42 54 76 / 72 -42 -54 / 42 54 74 / 75 -42 -54 / 43 55 76 / 78 -43 -55 / 58 62 66 83 / 83 -58 -62 -65 -70 <END> 
<S> 43 55 / 78 -43 -55 / 58 61 67 79 / 82 -58 -61 -67 / 55 58 63 82 / 85 -55 -58 -63 / 43 55 82 / 82 -43 -55 / 55 58 63 79 / 75 -55 -58 -63 / 43 55 70 / 75 -43 -55 / 42 54 74 / 78 -42 -54 <END> 
<S> 55 58 -76 / 79 -55 -58 / 41 53 / 81 -41 -53 / 48 60 76 84 / 77 82 -60 -60 / 44 56 -72 -77 -84 / 72 76 84 -44 -56 -60 / 43 55 -72 -76 -84 / 72 -43 -55 / 42 54 74 81 / 87 -42 -54 <END> 
<S> 36 48 72 76 81 / 70 82 -36 -48 / 38 50 69 77 81 / 77 -50 -62 -71 -77 / 36 48 65 74 / 69 77 -36 -48 / 54 60 62 72 -66 / 72 -45 -60 -66 / 41 53 62 -72 / 74 -41 -53 -62 / 43 55 67 72 / 67 -43 -55 -61 / 44 56 65 68 74 / 51 68 72 / 80 -44 -56 -68 / 77 78 84 -56 -60 <END> 
<S> 0 54 -65 -69 / 70 -41 -63 -65 / 72 -48 -65 / 60 65 72 76 / 0 77 / 36 48 -76 / 82 -36 -48 / 76 80 84 / 41 53 80 / 80 -41 -53 / 58 62 68 72 84 / 70 82 -58 -62 -68 / 46 -70 -78 / 67 -46 / 63 -46 / 58 61 72 / 70 -58 -58 <END> 
<S> 39 51 -75 82 / 75 -39 -51 / 55 58 63 81 / 79 -55 -58 -63 / 39 51 79 / 82 -39 -51 / 55 58 63 75 / 70 -55 -58 -63 / 43 55 -70 / 72 -43 -55 / 42 54 74 / 75 -42 -54 / 41 53 -74 / 72 -41 -53 / 42 54 75 / 73 -42 -54 <END> 
<S> 39 51 -72 / 78 -39 -51 / 41 53 65 72 / 70 74 -41 -53 / 0 43 55 64 72 / 69 72 -48 -52 -55 / 36 48 -64 -72 / 67 -36 -48 -64 / 36 48 55 64 67 / 64 69 -48 -55 -64 / 36 48 63 67 / 64 67 -48 -64 <END> 
<S> 48 60 65 77 / 36 48 81 / 46 58 74 / 79 -46 -58 / 45 -52 / 77 -45 / 57 62 65 74 / 69 -57 -62 -65 / 43 55 -67 -71 / 50 60 -67 -71 -71 <END> 
<S> 0 69 / 71 74 / 53 57 63 -74 / 69 -53 -57 -63 / 41 -69 / 67 -41 / 53 57 63 69 / 68 -53 -57 -63 / 46 68 / 69 -46 / 53 58 62 70 / 67 -53 -58 -62 <END> 
<S> 46 67 / 65 74 -46 / 53 58 62 -65 -74 / 65 77 -53 -58 -62 / 46 65 70 74 / 53 -65 -70 -74 / 58 -65 -65 -70 -74 / 53 -65 -70 -70 / 58 61 -65 -70 -70 / 53 65 70 74 77 / 53 -70 -73 -77 / 58 -69 -70 -77 / 41 -70 -73 -77 / 51 -73 -73 -77 / 58 61 -70 -73 -77 <END> 
<S> 58 65 -65 -70 -77 / 57 -62 -65 -70 -74 / 58 61 -65 -70 -74 -77 / 53 65 77 -65 -70 -77 / 80 -53 -65 -65 -70 -77 / 58 61 65 77 -65 -68 -77 / 80 -58 -62 -65 -70 -77 / 58 62 65 68 72 85 / 79 -46 -58 -62 -65 / 36 48 64 67 72 / 70 -36 -48 -64 -70 / 60 64 72 -48 -64 -70 / 38 50 60 -69 -72 / 69 -48 -60 -62 -69 / 36 48 -60 -69 -72 / 67 70 -36 -48 <END> 
<S> 0 57 65 77 / 77 -53 -65 -65 / 56 61 65 68 80 / 70 -56 -61 -65 / 41 53 65 70 74 77 / 68 -41 -53 / 58 62 68 70 / 73 -56 -58 -62 / 46 58 82 / 74 86 -46 -58 / 58 62 65 -82 -91 / 76 82 -58 -62 -65 / 46 77 80 / 81 84 -46 / 58 62 65 79 / 77 86 -58 -62 -65 <END> 
<S> 50 62 77 / 68 76 -50 -62 / 53 65 68 74 / 69 77 -41 -65 -71 / 43 76 79 -43 / 62 84 -43 -71 -74 / 75 -43 -55 -65 -71 / 62 65 71 74 -43 -55 / -59 -62 -65 -71 / 74 -59 -62 -67 / 31 43 65 69 74 / 46 53 -65 -69 -74 / 46 58 62 -65 -70 -74 <END> 
<S> 38 50 67 74 77 / 65 -38 -50 -66 -74 / 36 48 -62 -65 -69 -74 / 46 58 -62 -65 -69 -74 -77 / 50 62 65 77 / 45 57 -65 -69 -81 / 43 -57 -65 -69 -76 / 36 48 -69 -72 -77 / -36 -48 -60 -69 -77 / 48 58 64 73 -48 / 53 57 63 65 72 <END> 
<S> 41 53 65 69 75 / 53 57 63 72 75 -41 / 45 57 72 79 -72 / 43 55 -72 -76 -84 / 45 57 -72 -77 -81 / 41 53 -72 -77 / 43 55 -72 -77 / 44 56 65 72 76 <END> 
<S> 44 56 72 80 / 72 -44 -56 -72 / 44 56 -72 -75 / 72 84 -44 -56 / 42 54 72 75 84 / 72 -42 -54 -72 / 43 55 -72 -72 / 70 82 -43 -55 / 42 54 72 78 84 / 43 55 74 81 / 76 81 -43 -55 / 55 59 65 79 / 75 81 -55 -59 -65 <END> 
<S> 43 55 76 79 88 / 75 81 -43 -55 / 55 60 64 76 81 / 76 88 -55 -60 -64 / 52 -76 -88 / 57 60 64 76 81 / 47 74 77 / 76 -47 / 55 59 65 74 / 77 -55 -59 -65 / 43 55 / 76 -43 -55 / 55 59 65 74 / 75 -55 -59 -65 <END> 
<S> 43 74 / 76 -43 / 50 55 59 77 / 76 -50 -55 -59 / 38 50 67 74 77 / 75 81 -38 -50 / 55 59 62 71 83 / 74 83 86 -55 -59 -62 / 38 50 -71 -79 -83 / 84 -38 -50 -74 / 54 60 62 74 78 83 86 / 81 47 -54 -81 -86 <END> 
<S> 43 71 74 83 / 74 -43 -71 -74 / 74 -43 -71 -74 / 77 -43 -71 -71 / 74 -43 -62 -71 -74 / 75 -43 -43 -71 -71 / 74 -43 -67 -71 / 62 65 -43 -81 / 79 -43 -71 / 59 65 68 77 -43 / 74 -59 -65 -67 / 36 48 72 76 / 74 77 -36 -48 / 75 78 -56 -60 -74 / 60 72 75 79 -44 -72 / 41 53 75 78 84 / 42 54 72 75 81 <END> 
<S> 0 71 / 78 78 -62 -65 / 60 62 65 70 74 / 71 77 -62 -62 -65 / 57 61 65 69 -65 -79 / 66 -57 -60 -65 -69 / 48 -60 -65 -69 / 61 64 68 -48 / 58 61 64 67 73 / 62 65 68 71 77 -62 / 0 65 69 74 77 / 0 77 -65 -69 -74 / 0 68 72 75 80 <END> 
<S> 62 65 65 / 65 68 -62 -65 / 0 -62 -65 -65 -68 / 0 65 69 74 -65 / 0 61 70 / 0 64 67 71 -76 / 0 46 58 67 / 45 57 61 73 / 46 77 89 / 51 -73 -77 / 79 -73 -73 / 65 77 80 / 84 -65 -68 <END> 
<S> 0 65 / 68 71 -41 / 52 55 61 -65 -71 / 75 -55 -60 -61 / 39 51 70 / 72 -39 -51 / 41 53 74 / 67 -41 -53 / 43 55 70 / 72 -43 -55 / 45 57 70 / 67 -45 -57 / 46 58 70 / 65 -46 -58 / 53 58 62 -65 -70 / 70 -53 -58 -62 <END> 
<S> 53 70 / 74 -53 -62 / 41 53 74 / 69 -41 -53 / 42 54 75 / 54 60 62 74 -74 / 42 54 -74 -78 / 70 -42 -54 / 41 53 72 / 74 -41 -53 / 42 54 75 / 69 -42 -54 <END> 
<S> 53 74 / 73 -53 / 58 62 72 / 74 -58 -62 / 53 -74 / 82 -53 / 58 62 77 / 82 -58 -62 / 46 79 / 77 -46 / 58 62 65 74 / 77 -58 -62 -65 / 45 -77 / 74 -45 / 57 62 65 72 / 74 -57 -62 -65 <END> 
<S> 50 74 / 73 -50 / 53 57 62 74 / 73 -53 -57 -62 / 50 71 / 74 -50 / 53 57 62 72 / 65 77 -53 -57 -62 / 43 55 64 67 76 / 79 -43 -55 -64 / 55 59 62 -64 79 / 69 81 -55 -59 -62 / 50 62 -69 / 67 71 -50 -62 <END> 
<S> 43 55 65 67 79 / 71 -43 -55 -62 / 36 48 70 72 / 51 72 76 -36 -48 / 58 60 64 68 72 80 / 39 -60 -68 -72 -78 / 50 68 / 80 -38 -50 / 51 59 -80 / 80 -52 -59 / 47 59 80 / 74 -47 -59 / 51 56 61 75 / 72 -51 -56 -63 <END> 
<S> 52 56 68 80 / 73 -52 -56 -61 / 52 55 73 / 73 -52 -56 -61 / 39 51 70 / 72 -39 -51 / 0 49 61 / 67 -61 -61 / 51 55 61 70 / 69 -51 -55 -61 / 39 51 70 / 72 -39 -51 / 51 55 61 70 / 67 -39 -51 -55 / 43 55 70 / 72 -43 -55 <END> 
<S> 39 51 79 / 79 -39 -51 / 58 63 67 75 / 75 -58 -63 -67 / 43 55 70 / 71 -43 -55 / 42 54 72 / 73 -42 -54 / 41 53 74 / 80 84 -41 -53 / 58 62 68 -80 -84 / 74 -58 -62 -68 / 46 68 80 / 74 -44 -56 / 61 67 72 -47 / 68 77 -46 -68 <END> 
<S> 0 49 61 / 51 61 75 79 / 80 -49 -61 -68 / 39 51 78 82 / 72 84 -39 -51 / 58 61 68 73 85 / 73 85 -61 -61 -73 / 53 -73 -73 -81 / 68 -73 -53 / 52 68 80 / 80 -40 -68 / 52 56 72 82 <END> 
<S> 55 59 65 71 80 / 71 77 83 -55 -59 -71 / 43 55 -71 -79 -83 / 72 76 79 -43 -55 / 42 54 74 78 81 / 41 53 72 75 81 / 43 55 -72 -77 -81 / 77 -43 -55 / 45 57 77 / 72 -45 -57 / 46 58 67 / 72 -46 -58 <END> 
<S> 39 51 -72 -75 -84 / 78 -39 -51 -72 / 39 51 67 70 75 / 39 51 67 70 75 / 67 -39 -51 / 39 51 67 72 / 70 -39 -51 -67 / 38 50 67 74 / 62 65 71 -38 -50 / 39 51 -62 -66 -70 / 63 66 -39 -51 / 38 50 60 66 / 60 66 69 72 81 -50 -60 / 57 -60 -66 -66 -72 / 76 -60 -64 / 45 57 60 64 72 <END> 
<S> 58 60 64 -67 / 68 -48 -60 68 / 51 63 69 72 / 57 -51 -69 -72 / 51 68 73 / 72 76 84 -45 / 44 68 80 / 72 75 87 / 51 -72 -76 -78 / 72 78 84 -63 / 42 -72 -75 -81 / 75 -42 / 51 71 74 82 <END> 
<S> 44 71 77 84 / 72 75 87 -44 / 53 56 60 68 -72 -84 / 72 75 -53 -56 -60 -65 / 44 56 -72 -75 / 72 84 -44 -56 / 32 44 -72 -84 / 84 -44 -72 / 43 55 73 83 / 42 54 75 78 83 / 40 52 72 76 80 / 39 51 -72 -76 -80 / 74 -39 -51 -72 -76 / 36 48 -68 -76 / 72 75 -40 -64 <END> 
<S> 44 72 87 / 83 -44 -75 / 57 60 63 80 89 / 72 84 -51 -57 -60 -63 / 39 51 -72 -84 / 82 -39 -51 / 51 63 84 / 79 -51 -60 / 43 55 -87 / 86 -43 -55 / 58 60 64 79 / 82 -58 -60 -64 / 76 82 / 76 79 86 / 58 64 -76 -79 -82 / 72 76 -58 -64 <END> 
<S> 43 55 75 / 79 84 -43 -55 / 58 60 64 76 / 74 77 86 -58 -60 -64 / 36 48 -69 -81 / 76 79 -36 -48 / 38 50 -72 -84 / 70 82 82 -38 -50 / 38 50 78 82 / 58 62 74 86 / 86 82 86 -50 -58 -62 / 50 62 -79 -82 -86 / 85 -50 -62 -65 / 49 61 79 91 91 / 85 -49 -61 -70 -78 <END> 
<S> 38 50 74 78 86 / 54 60 62 78 -74 / 74 78 83 -54 -60 -62 / 38 50 -74 -78 -81 / 78 -38 -50 / 54 60 62 78 / 78 -54 -60 -62 / 43 74 / 79 -43 / 55 58 62 77 / 74 -55 -58 -62 / 50 -74 / 72 -50 / 58 62 65 70 / 74 -52 -58 -62 -65 <END> 
<S> 43 74 / 76 -43 / -76 / 74 86 / 76 82 -52 / -74 -76 / 62 -74 -76 / 62 68 -74 -74 / 80 -62 -62 -74 / 62 71 80 91 / 62 65 68 71 83 / 91 -59 -62 -68 -71 / 63 68 72 80 -51 / 52 63 68 -69 -72 -81 / 68 71 80 -51 -68 / 39 51 -68 -72 -75 -80 / 72 75 -39 -51 -68 -75 <END> 
<S> 44 71 75 83 / 72 84 -44 / 52 54 60 -71 -75 / 72 76 83 -56 -60 -64 / 40 52 -72 -78 -84 / 72 78 -40 -52 / 40 56 73 82 / 40 52 73 76 79 / 37 49 77 81 / 79 -49 -61 / 77 -49 / 56 61 65 73 77 / 41 53 -65 -73 / 40 52 -65 -73 / 44 56 65 77 <END> 
<S> 46 58 74 77 / 75 -46 -58 / 58 62 67 82 / 79 -58 -62 -67 / 46 58 74 86 / 82 -46 -55 / 58 62 67 -81 / 81 -58 -62 -67 / 46 58 74 / 81 -46 -58 / 58 62 67 79 / 70 82 -58 -62 -67 / 48 -67 -81 / 79 -48 / 58 60 64 -79 / 76 -58 -60 -64 <END> 
<S> 50 62 78 91 / 82 -50 -62 / 55 58 62 81 / 86 -55 -58 -62 / 50 62 85 / 86 -50 -62 / 51 54 60 83 / 75 -51 -54 -60 / 40 52 78 / 79 -40 -52 / 52 64 76 / 73 -52 -64 / 50 62 65 77 / 0 <END> 
<S> 45 57 -72 / 68 -45 -57 -60 / 65 69 -50 / 50 54 60 72 / 69 -50 -54 -60 / 38 -66 -75 / 65 -38 -50 / 51 54 69 / 69 -42 -54 / 38 50 -66 -72 / 66 74 -38 -50 -66 / 36 48 -66 -74 / 72 -36 -48 -66 / 43 55 64 76 / 73 -43 -55 -58 -64 / 40 52 -61 -70 -76 / 76 -40 -52 -61 -64 -70 / 0 52 58 64 <END> 
<S> 0 55 64 60 64 / 72 -36 -48 -60 -64 / 53 57 60 63 72 -69 / 82 -57 -60 -63 -69 / 41 53 67 74 77 / 72 -41 -53 -69 / 55 60 64 -48 -64 -69 / 65 69 -48 -55 -60 -63 / 0 41 53 -69 -72 / 67 71 74 79 -41 -53 / 45 57 -67 -74 -79 / 72 -45 -57 -70 -74 / 41 53 69 74 / 67 -41 -53 -70 -74 / 68 72 -41 -53 -65 <END> 
<S> 41 57 65 77 / 68 -41 -65 -77 / 48 53 65 69 74 81 / 68 72 77 80 -53 -63 / 33 45 -69 -72 -77 -81 / 86 -33 -45 -45 -75 -81 / 62 85 -45 -33 -78 -81 / 50 62 66 78 83 89 / 43 55 71 78 83 / 47 59 71 74 83 / 47 59 71 77 <END> 
<S> 38 50 71 78 83 / 66 75 78 84 -54 / 54 60 62 -66 -75 -78 / 71 74 79 83 -50 -62 / 50 -66 -74 -78 -81 / 72 -50 / 60 62 74 80 83 / 0 38 50 / 74 -38 -50 / 79 -38 -50 / 39 51 75 87 / 79 -39 -51 -75 / 55 59 65 77 / 74 -55 -59 -65 <END> 
<S> 0 <END> 
<S> 58 62 67 / 66 66 74 -52 -60 / 42 54 -65 -69 -72 / 67 71 -42 -54 <END> 
<S> 0 65 / 0 62 68 / 0 65 71 / 0 70 -65 / 0 52 -65 / 0 62 65 <END> 
