<S> 0 44 56 / 87 -44 -56 / 51 56 60 84 / 80 -51 -56 -60 / 48 60 75 / 77 -48 -60 / 45 57 -77 / 72 -45 -57 / 46 58 73 / 67 -46 -58 / 51 55 61 77 / 75 -51 -55 -61 / 51 55 61 73 / 70 -51 -55 -61 / 39 51 67 / 63 -39 -51 <END> 
<S> 46 58 73 / 67 -46 -58 / 53 58 61 70 / 65 -53 -58 -62 / 51 63 72 / 70 -51 -63 / 51 55 61 -72 / 67 -51 -55 -63 / 46 53 68 / 46 58 62 68 / 50 65 77 / 49 61 76 79 / 47 77 82 / 79 82 91 <END> 
<S> 51 -65 -70 / 74 -41 -63 / 52 58 61 67 73 / 75 -52 -58 -61 -67 / 46 58 67 73 / 51 55 61 73 / 71 77 -51 -55 / 39 51 75 / 74 -39 -51 / 56 60 68 75 / 72 78 -56 -60 / 39 75 75 / 72 75 84 / 76 82 -39 <END> 
<S> 39 51 -65 / 75 87 -39 -51 / 39 51 -75 -78 / 75 -39 -51 / 39 51 70 73 77 / 34 46 -70 -75 / 74 -34 -46 / 39 51 67 72 / 69 -39 -51 -67 / 34 46 70 73 / 77 -34 -46 -70 / 39 51 75 -70 / 79 -39 -51 -70 / 58 63 67 75 / 70 82 -58 -63 -67 <END> 
<S> 39 51 67 70 / 68 75 -39 -51 / 51 55 61 -63 -67 -73 / 70 -51 -55 -61 / 53 65 72 / 70 -53 -53 / 58 62 68 72 / 65 74 77 -58 -62 / 53 -65 -69 -77 / 60 -65 -69 -72 -77 / -53 -65 -69 -72 -77 / 50 77 -69 / 70 -41 -53 / 53 58 62 69 77 / 65 69 74 -53 -58 -62 / 46 -65 -70 / 70 74 -46 / 58 62 65 70 74 / 77 -58 -62 -65 -70 <END> 
<S> 46 67 79 91 / 70 -46 / 53 58 62 74 / 65 70 74 -53 -58 -62 / 46 70 -65 -70 -74 / 70 -46 -65 -70 / 58 62 65 68 74 / 0 77 -58 -62 -65 / 53 58 63 70 75 79 / 41 53 65 69 77 / 42 54 63 69 75 <END> 
<S> 48 60 65 69 77 / 53 63 65 75 -69 / 69 75 -53 -57 -63 -69 / 41 -69 -75 -79 / 69 75 -41 -69 / 53 57 63 67 75 -69 / 67 70 75 -53 -57 -63 / 46 -67 -70 -75 / 66 75 -46 / 55 58 63 67 72 / 67 70 -55 -58 -63 / 43 -67 -70 / 66 -43 / 53 55 58 67 / 62 70 -53 -55 -58 <END> 
<S> 39 67 79 / 67 -39 -51 / 55 58 63 67 / 67 -55 -58 -63 / 46 -67 / 67 -46 / 55 58 63 / 75 -55 -60 / 70 -55 -60 / 67 72 -55 -58 / 76 -55 -58 -64 / 68 74 77 -52 53 -62 -68 / 68 75 -53 -68 -80 / 71 -68 -74 -74 / 72 73 80 -68 / 51 56 72 74 78 82 / 78 87 -54 -57 -63 <END> 
<S> 52 55 67 79 / 72 76 84 -52 -55 / 58 61 -72 -76 -84 / 76 79 -58 -61 / 55 58 62 79 / 70 82 -55 -58 -62 / 50 62 79 / 80 -50 -62 / 49 61 77 / 80 -49 -61 <END> 
<S> 55 58 61 73 82 / 85 -52 -55 -58 -61 / 53 58 61 77 85 / 44 56 74 82 / 48 60 75 80 / 44 56 82 80 / 44 56 72 75 80 <END> 
<S> 44 56 -72 -75 -80 / 74 77 -44 -56 / 42 54 75 / 72 -42 -54 / 41 53 -72 / 74 80 -44 -56 / 43 55 70 75 / 79 -43 -55 -70 / 40 52 -70 -82 / 76 49 -61 -70 / 36 48 -70 / 74 -36 -48 / 37 -48 -60 -64 / 64 71 <END> 
<S> 43 55 76 / 79 -43 -55 / 58 60 64 81 / 75 -58 -60 -64 / 48 60 69 76 / 0 67 / 0 69 / 55 60 64 76 / 74 -55 -60 -64 / 53 82 / 72 -53 / 57 60 62 -72 / 68 -56 -60 -62 <END> 
<S> 48 67 / 72 -48 / 52 55 60 -72 / 64 -52 -55 -60 / 43 55 72 / 79 -43 -55 / 52 55 59 81 / 75 -52 -55 -59 / 52 55 60 72 / 76 -52 -55 -60 / 55 58 60 72 / 70 -55 -58 -61 / 52 55 60 -70 / 64 -52 -55 / 49 52 55 62 / 62 -48 -52 -58 -64 <END> 
<S> 52 55 60 -64 -72 / 75 -52 -55 -60 -64 / 52 55 60 -64 -72 / 60 64 -52 -55 -60 / 0 43 55 / 63 75 -43 -55 / 51 55 60 -63 -67 / 72 -51 -55 -60 -63 / 62 71 / 67 79 / 51 55 60 -71 -79 / 67 71 -51 -55 -60 / 43 -67 -71 / 69 -43 / 52 55 61 67 <END> 
<S> 0 55 60 64 69 / 61 67 70 -52 / -61 -64 -67 / 67 -49 / 52 64 / 68 -52 / 48 60 69 / 72 -48 -60 / 53 57 65 77 / 69 72 81 -53 -57 / 41 53 -69 -72 -77 / 72 77 -41 -53 / 53 57 60 72 75 / 72 75 -53 -57 -60 <END> 
<S> 48 67 79 / 72 -48 / 53 60 63 69 79 / 81 -53 -60 -63 / 53 60 65 77 / 67 79 -53 -60 -62 / 53 60 -70 -79 / 75 79 -53 -60 / 49 61 69 79 / 77 -49 -61 / 51 63 72 75 79 / 70 82 -39 -51 / 58 63 66 72 78 82 / 70 82 -58 -63 -67 / 46 58 68 80 / 70 82 -46 -58 -85 <END> 
<S> 84 87 / 72 -44 / 56 58 63 72 82 / 74 77 82 -56 -58 -63 / 46 -68 -77 -80 / 73 84 -46 / 56 58 62 68 74 77 82 / 39 51 67 77 79 / 55 58 63 73 77 82 / 75 79 87 -55 -58 -61 / 43 55 -75 -79 / 72 75 -43 -55 / 42 54 -72 -75 / 70 -42 -54 -72 <END> 
<S> 39 51 75 79 / 77 80 -39 -51 / 55 58 63 75 79 / 77 79 -55 -58 -63 / 46 53 -75 -79 / 74 77 -41 -53 / 56 58 62 72 -68 / 70 74 -56 -58 -62 / 51 -70 -74 / 49 61 -70 -73 / 48 53 68 / 77 -48 -61 / 51 61 85 / 82 -51 -61 <END> 
<S> 39 51 -68 -76 / 39 51 -68 -75 / 40 52 70 / 67 -40 -52 / 42 54 69 / 65 -42 -54 / 42 54 73 / 75 -42 -54 / 41 53 74 / 80 82 -41 -53 / 58 62 68 -74 -84 / 72 84 -56 -58 -62 -68 / 46 80 84 / 58 62 68 -80 -84 / 46 58 68 80 / 73 77 -46 -58 / 51 63 72 75 / 70 82 -39 -51 / 58 63 67 72 -79 / 74 86 -58 -63 -67 <END> 
<S> 39 51 70 82 / 75 79 -39 -51 / 55 58 63 72 79 / 77 79 82 -55 -58 -63 / 39 51 -75 -79 -82 / 53 57 63 -79 / 77 81 -53 -54 -63 / 50 53 56 -74 -86 -86 / 81 -50 -53 -57 / 50 62 79 / 74 -50 -50 / 52 76 / 88 -52 / 55 59 64 -52 / 76 -55 -59 -64 / 50 57 62 66 71 / 50 53 57 60 66 <END> 
<S> 43 55 / 78 -43 / 79 82 -52 / 58 60 64 -79 -82 / 75 81 84 -58 -60 -64 / 36 48 -75 -81 / 76 79 -36 -48 / 58 60 64 72 76 81 / 70 76 82 -55 -60 -64 / 43 55 -67 -76 -79 / 76 -43 -55 / 55 60 64 67 79 / 0 36 48 67 72 / 0 50 65 / 55 59 64 68 71 / 69 72 -55 -59 -62 <END> 
<S> 43 55 72 / 74 -43 -55 / 57 60 64 79 -55 / 81 -55 -60 -64 / 52 57 60 66 80 / 0 40 52 72 76 84 / 0 55 60 64 -40 -72 -76 / 0 64 71 -76 / 0 55 60 64 67 72 / 0 43 -55 -64 -72 / 0 60 64 / 0 52 58 62 67 / 0 48 55 58 64 <END> 
<S> 57 60 64 69 / 68 -57 -60 -64 / 57 60 65 / 60 -57 -60 -65 / 56 62 65 68 / 61 73 77 / 56 59 65 68 80 / 68 80 -56 -61 -65 / -68 -80 -68 / 73 -49 -68 / 65 68 73 77 / 73 -37 -73 -73 <END> 
<S> 62 65 68 71 / 70 -62 -65 -71 / 53 58 62 74 -65 / 79 -53 -58 -62 -70 / 46 58 -70 -79 / 70 -46 -58 / 44 56 72 77 84 / 42 54 -72 -75 -84 / 72 84 -42 -54 / 43 55 -72 -84 / 75 81 -43 -55 / 45 57 72 75 78 84 <END> 
<S> 44 56 71 80 / 72 75 84 -44 -56 / 51 56 60 -72 -75 -84 / 72 75 84 -51 -56 -60 / 41 53 -72 -84 / 70 82 -41 -53 / 56 -41 -68 -73 / 68 72 80 92 / 51 56 60 -72 -75 -84 / 72 77 -51 -56 -60 / 39 51 -72 -75 -84 / 72 75 84 -39 -51 / 51 56 60 70 73 80 / 72 75 80 -51 -56 -60 <END> 
<S> 44 56 72 75 83 / 72 84 -44 -56 / 42 54 -72 -84 / 72 75 -42 -54 / 41 53 -72 -78 / 40 52 -72 -75 / 43 55 -72 -76 / 36 48 72 76 79 84 / 0 / 41 53 72 77 / 42 54 72 75 79 / 43 55 72 75 79 <END> 
<S> 41 53 77 81 / 86 -41 -53 -77 / 57 60 65 74 86 / 77 81 -57 -60 -65 / 53 72 84 / 74 86 -53 / 57 60 65 72 84 / 48 -81 -60 / 74 -48 -60 / 60 65 69 -60 / 67 -60 -65 / 48 60 65 69 / 67 70 -48 -60 / 48 60 68 69 / 72 -48 -60 -68 <END> 
<S> 50 67 71 / 68 71 -50 / 53 55 59 71 / 74 -53 -55 -59 / 43 77 / 76 -43 / 55 58 62 74 / 77 -55 -58 -62 / 50 -74 / 72 -50 / 55 58 62 74 / 75 -55 -58 -62 / 55 58 63 75 / 70 82 -55 -58 -63 <END> 
<S> 43 74 / 76 -43 / 58 62 77 / 86 -58 -62 / 53 62 80 / 84 -41 -53 / 53 58 61 -84 / 82 -53 -58 -61 / 49 69 77 / 53 58 61 68 70 82 / 73 -53 -56 -61 / 51 63 72 / 61 -51 -63 / 46 58 65 <END> 
<S> 51 67 72 / 73 -51 -63 / 58 63 68 77 / 68 80 -58 -63 / -68 -68 -78 / 68 80 -40 / 68 80 -40 / -68 -80 / 80 -68 -68 / 56 68 75 80 / 56 -68 -80 -80 / 59 -68 -80 / 51 -68 -78 / 56 68 80 -68 / 68 80 -68 / 65 -68 -71 -80 / 64 70 73 82 <END> 
<S> 44 71 83 83 / 72 84 -44 / 52 59 -72 -80 / 71 83 83 -52 -56 / 44 -71 -75 -80 / 72 -44 / 56 56 62 68 80 / 68 80 -56 -59 -68 / 51 -68 -72 -76 / 69 75 -51 -60 / 51 56 60 68 70 / 39 51 -60 -68 / 32 44 68 / 71 -44 -56 -60 <END> 
<S> 39 51 -68 -72 / 72 -39 -51 / 51 56 60 70 / 71 -51 -56 -60 / 37 49 77 / 65 73 -37 -49 / 31 49 61 -65 -70 / 36 48 -57 -61 -69 / 38 -66 73 / 76 -41 -66 / 53 57 61 76 -41 / 72 -53 -56 -61 / 42 54 73 / 68 -42 -54 / 54 58 61 73 73 <END> 
<S> 39 51 67 / 72 -39 -51 / 51 56 60 70 / 39 51 68 / 72 -39 -51 -68 / 73 -51 -60 -68 / 44 56 -68 -72 / 71 -44 -56 -60 / 71 47 75 / 51 75 / 63 75 -51 / 39 51 -75 / 67 -39 -51 / 39 51 66 / 66 69 -39 -51 <END> 
<S> 39 51 -63 / 78 -39 -51 / 51 63 72 / 71 -51 -63 / 39 51 72 / 63 47 -72 / 70 -51 -59 / 0 44 72 / 80 84 -44 -68 / 52 56 60 80 80 / 39 51 -72 -80 / 75 -39 -51 / 56 60 63 75 / 72 78 -39 -51 -66 <END> 
<S> 44 56 71 83 / 68 71 80 -44 / 52 59 61 -71 -71 -80 / 69 71 77 83 -52 -59 / 47 -71 -75 -80 / 71 77 80 -47 / 51 56 59 -68 -71 -80 / 74 80 -52 -56 -59 / 52 55 59 -71 -76 / 76 79 -51 -55 -59 / 52 56 59 80 / 76 -52 -56 -59 / 56 59 62 68 80 / 49 61 69 73 77 81 <END> 
<S> 44 -68 -71 -76 -80 / 72 -44 -56 -68 / 80 -44 -56 -68 / 36 48 58 64 68 / 45 57 60 64 69 / 68 -48 -57 -60 -64 / 58 60 64 67 -48 / 69 -52 -58 -60 -64 / 56 60 65 68 / 68 -58 -60 -68 / 48 60 69 / 68 -48 -60 / 57 60 64 -66 / 69 -57 -60 -64 <END> 
<S> 41 53 60 65 / 67 -41 -53 -60 / 48 56 60 65 / -48 -60 -64 / 48 52 64 / 67 -48 -55 -64 / 53 57 65 / 48 -57 -65 / 41 -57 -65 / 0 77 / 0 81 / 0 77 <END> 
<S> 41 53 69 / 74 -41 -53 / 53 57 62 -74 / 77 -53 -57 -62 / 43 55 76 / 77 -43 -55 / 55 59 65 74 / 75 -55 -59 -65 / 0 48 / 53 60 65 69 81 / 72 -53 -60 -63 -69 / 42 54 75 78 / 72 75 -42 -54 <END> 
<S> 48 64 67 / 72 -48 -60 / 51 56 60 68 72 / 0 72 / 0 77 / 0 72 / 41 53 65 69 77 / 0 60 64 69 / 0 38 50 62 / 62 65 -38 -50 / 41 53 -62 65 / 65 -41 -53 / 42 54 60 69 / 69 -42 -42 -54 <END> 
<S> 54 69 / 60 75 / 60 62 72 / 62 74 -60 -62 / 53 65 60 -65 -69 / 0 67 / 0 69 / 53 57 62 67 71 / 72 -53 -57 -62 -65 / 41 65 77 / 67 -41 -65 / 46 65 77 -65 / -62 -65 -69 -72 / 67 -41 -53 / 39 51 65 69 72 <END> 
<S> 62 65 65 / 67 -62 -62 / 53 63 -62 -67 / 62 65 69 -41 -53 / 46 -62 -65 -70 / 65 67 -46 / 50 -62 -62 -67 / 60 65 69 -50 -62 / 38 50 -60 -65 -69 / 61 65 69 -38 -50 <END> 
<S> 34 46 65 68 74 / 65 68 73 -34 -46 / 53 56 62 65 69 74 / 65 77 -53 -56 -61 -65 / 41 53 -65 -77 / 65 77 -41 -53 / 57 60 65 -65 -69 / 72 -57 -60 -65 / 58 62 65 74 / 67 74 79 / -62 -70 -74 -79 / 64 70 74 77 / 65 65 70 74 77 / 77 -41 -65 -70 -74 / 63 77 -65 -70 / 79 -65 -70 -73 <END> 
<S> 65 69 65 -46 / 74 -65 -65 / 56 65 76 -65 / 65 68 74 77 / 61 -65 -73 -77 / 61 -65 -73 -77 / 56 61 65 73 77 / 80 -57 -61 -65 -73 / 45 57 -73 -76 / 60 64 -69 -73 -76 -81 / 46 58 66 72 76 82 / 73 77 81 -52 -58 <END> 
<S> 45 67 76 / 73 77 -45 / 53 57 61 73 76 -53 / 77 -53 -57 -61 -65 / 44 56 77 / 80 -44 -56 / 51 56 60 80 / 77 -51 -56 -60 / 46 58 81 / 82 -46 -58 / 58 61 64 84 / 82 -58 -60 -64 / 0 85 / 0 85 / 0 84 / 0 82 <END> 
<S> 58 70 / 82 -58 -62 / 58 -48 -60 -82 / 81 -58 -58 -62 / 53 57 77 81 / 79 -53 -57 -63 / 41 -79 -57 -79 / 76 -41 -53 / 53 65 74 / 72 -41 -53 -65 / 0 77 / 0 77 / 0 77 / 0 73 / 0 70 <END> 
<S> 78 -54 / 57 60 62 74 / 66 75 -50 -57 -60 / 54 57 60 66 69 / 70 -54 -57 -60 / 50 54 60 72 / 69 -50 -54 -60 / 50 57 60 -66 -74 / 66 -50 -54 -57 -60 / 52 57 61 69 / 76 -45 -57 -61 / 50 62 77 / 76 -45 -61 / 57 61 65 77 / 73 -57 -61 -65 <END> 
<S> 55 62 65 74 / 76 -55 -59 -65 / 50 62 74 / 82 -50 -62 / 55 59 65 81 / 71 -55 -59 -65 / 43 55 74 / 81 -43 -55 / 55 59 62 -81 / 79 -55 -59 -62 / 49 61 79 / 81 -49 -61 / 55 59 64 81 / 76 -55 -59 -64 <END> 
<S> 43 55 74 / 78 -43 -55 / 52 62 81 / 79 -52 -62 / 47 59 83 / 84 -47 -59 -71 / 55 59 65 83 / 87 -55 -59 -74 / 56 84 / 80 -47 / 56 60 80 84 -89 / 72 81 84 -56 -60 -65 / 48 60 79 -81 -72 / 81 -48 -60 -72 / 48 60 72 81 84 <END> 
<S> 44 72 76 83 / 72 84 -40 -76 / 56 60 64 -72 -75 -84 / 71 82 -56 -60 -64 / 33 45 72 78 81 / 57 60 64 76 79 84 / 52 -72 -84 / 83 -52 / 57 60 64 72 84 / 81 -57 -60 -64 / 0 76 / 0 79 / 0 81 / 0 83 <END> 
<S> 55 60 64 76 / 72 76 84 -55 -60 -64 / 0 43 -72 -76 -79 / 0 55 60 64 84 -72 -76 / 0 43 55 76 / 67 72 76 -43 -55 / 52 55 60 -67 -72 -76 / 83 -52 -60 -67 / 55 60 64 72 / 76 -55 -60 -64 / 0 <END> 
<S> 55 60 64 67 / 72 76 81 -55 -60 -64 / 49 61 -72 -76 / 71 -61 -61 -64 / 50 62 67 71 76 / 65 70 74 -50 -62 / 39 51 -67 -70 -74 / 67 73 -39 -51 / 39 51 -67 -70 / 72 -39 -51 / 51 55 60 64 72 / 67 75 -51 -55 -60 / 39 51 -67 -72 -75 / 43 67 71 / 67 -43 / 50 55 59 -67 <END> 
<S> 56 60 -66 68 68 / 68 -56 -60 -68 / 39 51 72 / 51 -51 -72 / 58 67 70 / 51 69 / 68 -51 / 0 69 / 0 75 / 0 76 / 0 77 / 0 60 68 / 0 54 -60 / 0 39 <END> 
<S> 0 / 48 65 / 67 -48 / 52 55 60 69 / 64 -52 -55 -60 / 43 55 69 / 72 -43 -55 / 54 55 60 64 -72 / 67 -55 -60 -64 / 52 72 / 71 -52 / 71 -52 / 72 -52 <END> 
<S> 44 56 60 68 / 72 -44 -56 -60 / 44 56 71 75 / 72 -44 -56 / 0 47 59 / 0 75 87 -46 -56 / 0 48 60 76 79 / 0 77 -48 -60 -75 / 0 36 48 76 / 0 72 -48 -60 -63 / 36 56 70 76 / 72 78 -36 -48 <END> 
<S> 48 60 -64 / 75 -48 -60 / 48 60 72 / 70 82 -48 -60 / 48 60 -74 -76 / 68 -48 -60 / 49 61 69 76 / 70 -49 -61 / 44 56 76 / 68 -44 -56 / 41 53 68 / 72 -41 -53 / 45 57 77 / 84 -45 -57 / 43 51 79 / 87 -43 -55 / 44 56 83 / 72 -44 -56 <END> 
<S> 39 51 67 / 78 -39 -51 / 39 51 70 / 75 -39 -51 / 39 51 69 / 70 -39 -51 / 36 48 69 / 67 72 -36 -48 / 69 69 -36 -48 -63 / 42 45 -69 / 68 71 -45 -57 / 42 54 69 72 / 43 55 67 72 76 / 76 -43 -55 -67 / 0 52 65 72 / 0 71 74 -48 <END> 
<S> 55 60 64 69 / 67 72 76 -55 -60 -64 / 49 61 -67 -76 / 67 -49 / 55 60 64 76 / 68 73 76 -55 -60 -64 / 43 55 -67 -71 -76 / 69 72 76 -43 -55 / 55 60 64 67 76 79 -72 -76 / 0 67 72 76 -55 -60 -64 / 0 65 67 74 -55 -58 -64 / 65 76 -48 -55 -65 -68 / 65 69 71 71 -55 -59 -65 / 56 -65 -71 -74 -77 / 60 -65 -71 -74 -77 / 54 66 78 78 78 <END> 
<S> 43 55 67 72 / 71 -43 -64 -69 -72 / 60 64 69 -52 -64 -67 / 36 48 64 67 / 60 64 65 -48 -64 / 61 67 -48 -64 / 52 55 60 -64 -67 / 64 -52 -55 -60 / 64 67 -48 / 52 55 60 -64 69 / 64 -52 -55 -60 / 49 52 -64 -64 / 69 -52 -52 -64 / 40 52 73 76 <END> 
<S> 41 55 60 64 / 65 -53 -60 -55 / 64 -55 -55 -64 / 65 -55 -57 -63 / 69 -55 -55 -60 / 48 53 58 65 72 / 74 -48 -53 -58 -62 / 53 60 65 71 / 67 -53 -60 -65 / 53 65 69 / 68 -53 -65 / 49 61 67 73 / 69 -61 -61 -67 / 44 56 61 71 -72 / 0 73 45 -56 -61 <END> 
<S> 0 53 65 / 69 -41 -53 / 56 60 65 -77 / 67 -56 -60 -65 / 56 60 65 77 / 77 -56 -60 -65 / 56 60 65 -72 -77 / 74 -56 -60 -65 / 56 60 64 68 / 70 -56 -60 -64 / 57 60 66 78 / 81 -57 -60 -65 / 54 60 63 78 / 69 78 -54 -60 -63 <END> 
<S> 48 68 / 68 72 -48 / 56 60 64 -68 -72 / 66 75 -56 -60 -64 / 48 67 70 / 55 58 60 64 70 72 / 67 -55 -60 -64 / 53 57 60 65 72 / 65 77 -48 -57 -60 -65 / 72 -48 -57 -60 -65 -69 / 76 -53 -57 -60 -65 / 48 64 72 / 71 -48 -48 / 57 -48 -64 -70 / 65 69 -48 -48 <END> 
<S> 53 57 65 / 70 -53 -57 / 58 60 64 72 / 74 -58 -60 -64 / 53 57 60 69 / 77 -53 -57 -60 / 41 53 69 / 72 -41 -53 / 48 53 57 77 / 65 77 -41 -53 -57 / 48 69 72 77 -48 / 69 -48 75 / 53 57 63 65 72 -69 -75 / 67 70 77 82 -53 -57 -63 <END> 
<S> 48 65 67 / 68 -48 -65 / 53 65 69 -65 / 60 65 69 -48 / 57 65 69 77 / 48 -65 -69 -77 / 60 65 69 72 -41 / 53 -60 -65 -69 -69 / 48 70 / 74 -48 / 58 60 64 72 / 70 -58 -60 -64 <END> 
<S> 45 69 / 69 -45 / 55 57 61 67 74 / 69 70 -55 -58 -61 / 46 58 70 72 / 45 57 72 / 77 -45 -57 / 41 53 73 / 69 72 -53 -41 / 43 55 70 / 72 76 -43 -55 / 45 57 -72 -75 / 67 70 -45 -57 <END> 
<S> 48 67 / 74 -48 / 53 57 60 75 / 69 -53 -57 -60 / 41 -69 / 53 57 63 -69 / 67 -53 -57 -63 / 69 -41 -53 / 53 57 63 67 72 / 69 -53 -57 -63 / 46 58 67 70 74 77 / 45 57 72 76 74 / 53 57 63 74 / 75 -53 -57 -63 / 41 53 72 75 84 / 53 58 62 74 77 <END> 
<S> 41 53 -65 -74 / 74 -41 -53 / 53 58 62 71 / 67 -53 -58 -62 / 46 67 / 69 -46 / 55 58 62 70 / 65 -55 -58 -63 / 51 63 66 / 67 70 -51 -63 / 46 58 -67 -67 / 70 -46 -58 -62 / 39 51 67 / 72 -39 -51 / 51 55 61 70 / 67 -51 -55 -61 <END> 
