<S> 53 57 60 65 69 81 -69 -81 / 72 77 -53 -57 -60 -65 / 53 57 60 65 69 81 / 54 57 60 63 69 81 / 54 57 60 63 69 81 / 67 79 -54 -57 -60 -63 / 55 60 64 67 79 -67 -79 / 72 76 -55 -60 -64 / 55 60 64 67 79 / 55 60 64 67 79 / 55 60 64 67 79 / 67 79 -55 -60 -64 <END> 
<S> 55 60 64 67 79 -67 / 66 81 -55 -60 -63 / 55 60 64 67 79 / 47 59 68 / 49 61 76 / 50 62 68 74 77 83 / 0 40 52 / 56 61 -40 -52 -76 <END> 
<S> 44 65 68 72 / 68 71 -44 56 / 51 56 60 -68 -68 72 / 71 75 -51 -56 -60 -68 / 44 56 72 75 / 51 56 60 -72 -75 / 71 -51 -56 -60 / 39 51 72 / 70 82 -39 -51 / 51 55 61 -71 -80 / 68 71 -51 -55 -61 / 46 58 73 / 67 73 -46 -58 <END> 
<S> 39 51 70 75 / 65 77 -39 -51 / 51 55 61 -65 -77 / 79 -51 -55 -61 / 39 51 75 87 / 73 85 -39 -51 / 43 55 70 73 79 / 44 56 71 74 77 / 72 78 84 -44 -56 / 51 63 -72 -72 -75 / 72 78 81 84 -51 -75 / -51 -72 -78 -84 / 68 72 80 -51 <END> 
<S> 44 72 83 / 80 84 -44 / 59 62 68 -72 -89 / 71 83 -59 -62 -68 -68 / 47 68 80 -80 / 89 -47 -68 -71 / 63 68 72 75 83 / 74 -63 -68 -72 -75 / 68 68 72 75 -63 -68 / 63 65 -72 -75 -81 / 68 72 75 80 -51 / 39 51 -72 -75 -78 -83 / 63 72 75 78 84 -39 -51 -63 / 0 <END> 
<S> 62 71 83 91 / 86 -62 -68 -74 / 71 78 -63 -62 / 63 67 72 -79 / 71 83 -63 -63 -72 / 63 68 72 -75 / 68 80 -63 -68 -72 / 63 68 72 -80 / 84 -63 -68 -72 / 51 67 71 82 / 72 78 80 -68 -72 / 51 56 60 -72 -75 -80 / 71 82 -51 -56 -60 -72 / 44 56 72 84 / 71 82 -44 -56 <END> 
<S> 44 56 68 71 80 / 72 84 -44 -56 / 51 56 60 -72 -84 / 70 77 -51 -51 -60 / 39 51 72 84 / 71 82 -39 -51 / 41 53 68 80 / 77 80 -41 -53 / 56 58 62 -72 -80 / 70 73 -56 -58 -62 / 46 -70 -73 / 70 -46 / 56 58 62 68 / 77 -56 -58 -62 <END> 
<S> 39 51 72 / 80 -39 -51 / 58 60 64 70 / 72 -58 -60 -64 / 47 68 77 / 68 80 -51 / 52 55 59 82 / 76 82 -55 -59 -55 / 56 58 82 86 87 / 72 84 -46 -58 -63 / 57 60 63 -72 -84 / 70 82 -56 -60 -63 / 36 48 72 79 / 70 82 -36 -48 / 58 60 64 -40 -70 -82 / 72 74 77 81 -58 -60 -64 <END> 
<S> 52 55 70 74 / 82 -55 -70 / 58 60 64 -70 -82 / 72 74 -58 -60 -64 / 53 57 -72 -77 / 70 -53 -60 / 41 53 69 / 68 -41 -53 / 40 52 67 72 / 63 69 -40 -52 -69 / 39 51 -64 -69 -72 / 71 -40 -51 -63 / 0 43 71 / 71 -43 / 50 55 59 69 / 62 -50 -55 -59 <END> 
<S> 44 71 -65 -71 / 72 -44 -44 -71 / 52 56 60 68 80 / 71 77 -56 -60 -64 / 33 45 -68 -75 / 67 73 -33 -45 / 38 50 -66 -74 / 69 -38 -50 -66 / 0 43 55 65 67 / 0 62 65 -43 -55 / 39 51 60 65 69 / 67 -51 -51 -60 -63 / 47 59 67 71 / 50 55 59 68 / 67 71 -50 -55 -59 <END> 
<S> 43 55 59 67 71 / 71 -43 -59 -62 -67 / 67 -43 -59 -62 / 41 55 59 62 67 / 67 71 -47 -55 / 47 59 62 67 / 64 -47 -59 -62 / 53 55 59 65 67 / 67 -55 -59 -65 / 60 69 / 70 -60 / 56 68 / 63 72 / 71 77 83 <END> 
<S> 55 60 64 -67 / 67 -52 -55 -60 / 67 -55 -60 -64 / 69 -55 -60 -64 / 47 62 68 / 69 -47 -62 / 51 56 60 68 / 72 -51 -56 -60 / 44 56 68 / 72 -44 -56 / 39 51 60 72 / 0 39 51 / 40 52 67 / 68 -40 -52 / 64 72 -40 -52 <END> 
<S> 39 51 -72 / 68 -39 -51 -72 / 51 56 60 68 / 70 -51 -56 -60 / 56 60 66 75 / 44 56 68 68 72 / 39 51 68 72 / 51 56 60 72 75 / 68 80 -51 -56 -60 / 44 56 68 72 75 80 / 47 59 -68 -72 -75 -80 <END> 
<S> 44 56 68 72 75 80 / 53 56 60 68 -72 / 68 80 -53 -56 -60 / 44 56 -72 -75 / 72 75 -44 -56 / 51 56 60 68 -80 / 72 -51 -56 -60 -68 / 44 56 -68 -72 / 65 75 -44 -56 / 56 -44 68 72 / 80 -44 -56 -68 / 44 68 72 75 / 65 68 71 75 -44 / 79 -68 -71 -74 / 75 78 -63 -68 -74 / 63 68 72 75 -87 / 0 67 74 82 <END> 
<S> 44 56 68 71 80 / 68 71 80 -44 -56 / 51 56 60 -68 -74 -80 / 71 77 -51 -56 -60 / 44 56 68 72 / 65 68 71 80 -44 / 51 56 60 68 72 75 84 / 68 72 80 -51 -56 -60 / 44 56 -72 -75 / 72 75 -44 -56 / 51 56 60 68 75 / 70 75 -51 -56 -60 / 44 56 68 72 / 39 51 60 68 <END> 
<S> 44 56 68 72 80 / 71 77 -44 -56 / 53 56 60 72 75 / 72 75 84 -56 -60 -63 / 41 53 -72 -75 -84 / 80 -41 -53 -60 / 43 55 71 75 79 / 72 76 -43 -55 / 42 54 -75 -75 / 72 75 81 -42 -54 / 43 55 -72 -75 -84 / 72 77 -43 -55 / 36 48 -72 / 67 76 -36 -48 / 38 50 62 66 72 <END> 
<S> 44 56 72 74 84 / 77 -41 -54 / 42 54 75 / 72 -42 -54 / 42 54 75 / 63 -42 -54 / 38 50 72 / 70 82 -38 -50 / 41 53 -70 -74 -82 / 40 52 -70 -74 -82 / 82 -43 -55 / 58 61 66 81 / 82 -58 -62 -70 / 51 67 79 / 87 -51 -70 / 58 60 64 82 / 82 -58 -60 -64 -70 <END> 
<S> 39 51 70 82 / 78 82 -39 -51 / 55 58 63 79 -70 / 75 79 -55 -58 -63 / 46 -75 -79 / 70 82 -46 / 55 58 63 72 84 / 75 79 82 -55 -58 -63 / 39 51 -79 -79 -82 / 78 81 -39 -51 / 55 58 63 79 82 / 72 70 82 -55 -58 -63 / 40 52 -75 -79 / 69 72 79 -40 -52 / 55 60 63 -67 -72 -75 -79 / 72 -55 -60 -63 -68 -72 -75 <END> 
<S> 44 77 80 89 / 87 -41 -75 / 58 60 68 82 / 72 75 82 -60 -63 -68 / 46 -75 -78 / 75 87 -46 / 58 63 67 75 79 82 / 75 82 -58 -63 -67 / 48 75 78 / 72 75 80 -48 / 58 60 -72 -75 -79 / 75 79 84 -56 -60 -63 / 39 51 -70 -79 -82 / 72 85 -39 -51 / 40 52 67 72 79 / 73 78 84 -40 -52 <END> 
<S> 36 48 76 82 / 72 84 -36 -48 -76 -79 / 58 60 64 -70 -76 -79 -82 / 69 76 81 -58 -60 -64 / 48 60 -70 -76 -81 / 72 76 76 79 -36 -48 / 58 60 64 -72 -76 -79 / 43 55 72 76 81 / 72 76 79 -43 -55 / 55 60 64 -72 -76 -79 <END> 
<S> 36 48 72 76 79 / 75 81 -36 -48 / 55 60 64 76 79 / 72 76 81 -55 -60 -64 / 43 55 -72 -76 -81 / 71 77 -43 -55 / 45 55 72 76 84 / 58 60 64 67 79 / 66 76 81 -58 -60 -64 / 40 52 -69 -76 -81 / 76 79 -40 -52 / 40 52 71 83 / 76 -40 -52 <END> 
<S> 36 48 64 67 72 76 / 66 76 -36 -48 -64 / 36 48 64 72 76 / 70 72 76 -43 -55 / 36 48 -72 -76 / 67 72 -36 -48 / 37 49 69 73 / 76 -37 -49 / 38 50 71 77 / 74 -38 -50 / 39 51 67 75 79 / 81 -39 -51 -67 -72 -75 / 39 67 68 73 -75 / 70 82 -40 -61 -73 <END> 
<S> 0 42 54 / 69 87 -42 -54 / 41 53 57 66 -84 / 70 -41 -53 -56 / 48 65 69 72 / 68 72 -48 -48 / 53 56 60 -65 -65 -69 -72 / 64 65 -53 -48 -56 -60 / 44 56 72 84 / 44 56 -72 / 68 -44 -56 / 56 60 63 72 / 75 -56 -60 -63 <END> 
<S> 44 56 60 68 / 72 -51 -56 -60 / 51 56 60 -72 / 68 71 -51 -56 -60 / 51 56 60 -68 -71 / 70 -52 -56 -60 / 39 51 70 / 67 -39 -51 / 40 52 68 / 67 -40 -52 / 0 39 51 / 72 -39 -51 / 36 48 68 / 67 76 79 -36 -48 / 37 49 68 73 77 <END> 
<S> 39 51 -65 / 75 -39 -51 / 39 51 79 / 72 -39 -51 / 51 56 60 -72 / 75 -51 -56 -60 / 44 56 68 / 72 -44 -56 / 51 56 60 75 / 65 77 -51 -56 -60 / 44 56 -75 / 72 -44 -56 / 45 57 65 70 / 72 -45 -57 -61 / 46 58 73 / 79 -46 -58 <END> 
<S> 39 51 -72 -75 / 73 -39 -51 / 51 56 61 70 / 77 -51 -56 -61 / 44 56 68 77 / 65 -44 -56 / 51 56 60 72 / 71 77 -51 -56 -60 / 51 56 60 -75 -80 / 75 -51 -56 -60 / 39 51 72 / 63 -39 -51 / 51 56 60 68 / 67 -51 -56 -60 / 44 56 68 / 71 -44 -56 / 51 56 60 75 / 68 72 -51 -56 -60 <END> 
<S> 39 51 -68 -72 / 75 -39 -51 / 51 55 60 70 / 72 -51 -55 -60 / 39 51 -72 / 68 -39 -51 / 51 56 60 70 / 72 -51 -56 -60 / 44 56 75 / 71 -44 -56 / 43 55 70 / 79 -43 -55 / 44 56 77 / 44 56 68 / 39 51 -68 -72 <END> 
<S> 44 56 -76 / 75 -44 -56 / 52 56 60 68 72 / 71 72 -52 -56 -60 / 46 -68 -72 / 73 -47 -58 / 51 56 60 70 / 68 -51 -56 -60 / 51 56 60 63 72 / 68 77 -51 -56 -60 / 51 56 60 -68 -77 / 72 -51 -56 -60 / 39 51 67 75 / 72 -39 -51 / 51 58 60 70 / 67 72 -51 -56 -60 <END> 
<S> 39 51 67 75 / 51 55 60 -63 -67 / 39 51 -63 -75 / 39 -51 -63 -75 / 39 51 67 70 / 68 -39 -51 / 55 58 63 72 / 70 -55 -58 -63 / 43 55 -70 / 72 -43 -55 / 41 53 74 / 70 -41 -53 / 40 52 72 / 74 -40 -52 -62 / 39 51 67 70 / 67 -40 -52 -61 <END> 
<S> 39 51 70 / 78 -39 -51 / 58 63 67 79 / 75 -58 -63 -67 / 46 58 67 / 70 -46 -58 / 39 51 72 / 67 -39 -51 / 39 51 67 / 69 -39 -51 -67 / 38 50 65 67 77 / 70 -38 -50 -65 / 39 51 61 69 / 70 -39 -51 -61 -67 / 39 51 -67 -70 / 32 44 66 72 77 / 0 71 74 -32 -44 <END> 
<S> 39 51 -65 -67 / 61 67 70 -39 -51 / 39 51 -67 -71 / 61 67 71 -51 / 50 63 68 71 / 70 -40 -50 -67 / 39 51 67 70 72 / 40 52 67 73 / 66 73 -40 -52 / 39 51 67 70 / 73 45 60 -67 / 0 46 61 / 0 <END> 
<S> 39 67 79 / 55 58 63 -67 -75 / 75 -55 -58 -63 -67 / 39 51 67 75 / 49 61 -67 -70 / 48 60 70 75 / 78 -48 -60 / 51 63 67 / 72 -51 -63 / 41 53 -72 / 74 -41 -53 / 43 75 / 73 -43 / 55 58 62 72 / 70 -55 -58 -62 <END> 
<S> 39 51 70 / 72 -39 -51 / 41 53 68 / 69 -41 -53 / 43 55 75 / 75 -43 -55 / 36 48 64 67 / 75 -36 -48 -67 / 46 58 65 -67 / 70 73 -55 -58 -62 / 44 56 -65 -71 / 64 -44 -53 -68 / 64 -48 -54 -59 <END> 
<S> 48 55 65 67 / 72 -48 -55 -60 / 52 55 60 -72 / 71 -52 -55 -60 / 39 51 72 / 51 56 60 -72 / 71 -51 -56 -60 / 44 72 75 / 72 77 -44 / 51 56 60 -72 -75 / 72 75 84 -51 -56 -60 / 39 51 72 -75 -84 / 72 84 -39 -51 / 51 56 60 -72 -80 / 71 82 -51 -56 -60 <END> 
<S> 44 56 -72 -75 / 72 76 80 -44 -56 / 45 57 -72 -75 -84 / 71 77 -45 -57 -60 / 46 58 67 73 79 / 51 55 61 70 78 / 39 51 79 / 67 -39 -51 / 53 56 68 72 / 74 -53 -56 -60 / 73 -56 73 / 70 82 -46 / 56 60 68 72 84 / 60 68 72 80 -56 -60 <END> 
<S> 39 51 67 75 / 55 58 63 72 -67 / 75 -55 -58 -63 -67 / 39 51 72 / 82 -39 -51 / 55 61 63 70 / 70 -55 -58 -63 / 46 58 68 77 / 51 55 61 77 / 39 51 75 / 70 -39 -51 / 43 55 63 72 / 75 -43 -55 -59 <END> 
<S> 39 51 -72 -82 / 70 82 -39 -51 / 39 51 -70 -75 / 75 -39 -51 / 39 51 67 70 / 37 49 -67 -70 / 68 73 -39 -49 / 44 56 68 72 / 41 53 68 72 77 / 42 54 63 75 / 63 75 -51 -54 <END> 
<S> 39 51 68 75 / 47 53 -68 -72 / 39 51 -68 -75 / 39 51 -68 -72 / 31 43 68 / 51 -66 / 42 54 62 -72 / 39 51 -68 -72 / 41 53 68 / 75 87 -44 -56 <END> 
<S> 39 51 67 / 78 -39 -51 / 39 51 67 / 39 51 68 / 70 -39 -51 / 43 55 -70 / 77 -43 -55 / 46 58 67 / 70 -46 -58 / 44 56 72 / 74 -44 -56 / 43 55 70 / 72 -43 -55 / 41 53 70 / 74 -41 -53 <END> 
<S> 39 51 -72 -80 / 73 -43 -55 / 51 55 61 73 / 72 -51 -55 -61 / 39 51 73 / 80 -39 -51 / 51 56 60 72 / 71 -51 -56 -60 / 44 56 72 / 65 77 -44 -56 / 51 56 60 72 -68 / 65 75 -51 -56 -60 / 44 56 68 72 / 71 -44 -56 / 51 56 61 75 / 77 -51 -56 -60 <END> 
<S> 44 56 68 / 72 -44 -56 / 51 56 60 -72 / 71 -51 -56 -60 / 46 -68 / 72 -46 / 56 60 68 76 / 72 -56 -60 / 39 51 75 / 68 77 -39 -51 / 49 61 70 73 79 / 47 59 65 74 77 80 / 56 59 62 -65 -68 -74 -77 <END> 
<S> 44 71 -68 / 72 -44 -44 / 56 60 65 68 82 / 74 77 84 -56 -60 -65 / 44 56 -71 -77 -80 / 72 77 -44 -56 / 56 62 65 68 74 / 70 -56 -62 -65 / 46 58 68 72 / 51 63 70 / 65 -51 -63 / 58 63 67 70 / 56 68 <END> 
<S> 55 67 75 / 75 -48 -67 / 55 58 63 67 70 72 / 67 70 -55 -58 -63 / 53 58 -70 -70 / 72 -48 -58 / 53 57 63 72 / 65 77 -53 -57 -63 / 41 53 75 / 69 75 79 -41 -53 / 53 57 63 -69 -75 -79 / 74 77 -53 -57 -63 / 46 53 -70 -77 / 74 -46 -53 -58 / 53 60 63 72 / 69 -53 -57 -60 -63 <END> 
<S> 41 53 74 / 80 -41 -53 / 56 58 62 84 / 81 -56 -58 -62 / 46 58 84 / 73 82 -46 -58 / 39 51 77 82 / 75 79 -39 -51 / 53 58 -73 -77 -82 / 73 -53 -58 -70 / 46 58 70 / 73 -46 -58 / 43 55 70 / 72 -43 -55 / 42 54 70 73 / 41 53 74 77 <END> 
<S> 39 51 -75 / 75 -39 -51 / 41 53 70 / 73 -41 -53 / 43 73 77 / 79 -43 -70 / 46 53 74 / 70 74 -46 / 38 50 -74 -77 / 70 74 -38 -50 / 39 51 70 74 / 79 -39 -51 -67 / 58 61 66 75 78 / 75 78 -58 -60 -66 / 44 56 72 75 78 / 72 84 -44 -56 / 51 56 60 -72 -80 / 72 75 84 -51 -56 -60 <END> 
<S> 44 56 71 83 / 72 75 84 -44 -56 / 51 56 60 -72 -75 -80 / 72 75 84 -56 -60 -66 / 39 51 -72 -75 -84 / 75 79 -39 -51 / 41 53 70 / 72 75 -41 -53 / 43 55 -72 -75 / 68 77 -43 -55 / 36 46 67 79 / 70 76 79 -34 -46 / 50 62 77 83 / 80 -50 -62 / 51 79 89 / 78 -51 -71 <END> 
<S> 39 51 79 / 78 82 -39 -51 / 58 63 72 79 84 / 70 82 82 -37 / 41 53 74 77 86 / 56 58 62 73 77 / 74 80 82 -56 -58 -62 / 46 -74 -80 -82 / 56 62 65 68 70 74 77 / 41 53 80 -68 -74 -77 / 0 77 40 -53 / 0 77 81 80 -41 -53 <END> 
<S> 38 50 70 77 82 / 74 77 81 86 -50 / 53 58 62 -72 -82 -82 / 65 77 81 -53 -58 -62 / 46 77 -77 86 / 79 -46 / 53 58 62 -82 / 79 -53 -58 -62 / 41 53 74 / 79 -41 -53 / 56 58 62 77 / 75 -56 -58 -62 / 51 55 58 75 79 / 75 79 87 -55 -58 -63 / 39 51 84 -79 -82 / 0 42 54 75 81 82 <END> 
<S> 38 50 74 82 / 79 -38 -50 / 58 62 68 77 / 74 86 -58 -62 -68 / 51 -74 -82 / 79 -70 / 58 63 68 77 / 74 82 -58 -63 / 46 -74 -86 / 79 -70 / 58 63 91 / 79 82 -58 -63 <END> 
<S> 0 51 75 / 0 82 / 49 61 77 79 / 48 60 75 78 / 82 -48 -60 / 53 57 63 79 / 72 77 -53 -57 -63 / 41 -75 / 77 -41 / 53 57 63 75 / 69 -53 -57 -63 <END> 
<S> 48 75 / 79 -48 / 57 60 65 77 / 69 81 -57 -60 -65 / 48 -69 -81 / 77 -48 / 57 60 65 72 / 70 -57 -60 -65 / 53 65 69 / 72 -53 -65 / 57 60 65 -72 / 68 -57 -60 -65 / 48 -60 -65 / 53 65 69 <END> 
<S> 41 67 / 65 69 -41 / 60 65 69 -41 / 61 65 69 / 53 65 69 / 68 -53 -65 / 57 65 69 / 68 -57 -65 / 48 65 / 69 -48 / 57 60 65 72 / 74 -57 -60 -65 <END> 
<S> 69 69 / 65 68 -41 / 60 63 69 72 / 57 65 72 -60 / 65 69 72 -59 -65 / 36 -65 -69 -72 / 77 -69 -72 / 65 69 72 77 <END> 
<S> 62 65 67 / 64 -62 -65 / 41 -62 -67 -65 / 67 -41 61 65 / 0 34 49 61 65 68 / 38 50 62 65 68 / 68 -38 -50 -62 -65 / 36 48 58 64 68 / 65 -36 -48 -58 -64 / 41 48 60 65 67 / 64 -36 -48 -57 -64 <END> 
<S> 38 50 62 65 67 / 62 65 -38 -50 -62 / 39 51 -62 -67 -71 / 39 51 61 67 / 71 -39 -51 -61 -67 / 0 51 62 66 / 0 75 -54 -54 -60 / 0 42 54 -69 -72 -81 / 75 -42 -54 -66 -72 / 39 66 69 72 / 56 -42 -66 -69 -72 / 66 69 71 -51 -66 <END> 
<S> 56 60 -68 / 68 -56 -60 -68 / 56 60 66 -68 / 70 -56 -60 -66 / 0 39 51 / 63 75 -39 -51 / 0 43 55 -72 / 0 70 -43 -55 -64 / 0 52 58 61 66 / 0 -82 / 82 -52 -58 / 51 55 60 82 / 84 -52 -55 -60 / 58 61 67 79 82 / 46 53 80 / 82 -46 -58 <END> 
<S> 39 51 -77 / 75 87 -39 -51 / 41 53 68 80 / 70 73 79 -41 -53 / 43 55 63 77 89 / 72 84 -43 -55 -55 -61 / 39 51 -72 -84 / 73 82 -39 -51 / 51 58 61 68 80 / 70 82 -51 -58 -61 / 39 51 72 84 / 51 56 60 80 / 77 -51 -56 -60 / 44 56 -77 / 72 -44 -56 / 42 54 75 / 72 -42 -54 <END> 
<S> 39 51 72 / 75 -39 -51 / 51 63 68 70 / 72 -51 -54 -66 / 51 67 -72 / 68 -52 -68 / 52 68 -52 -68 / 68 75 -52 -68 / 51 56 60 68 72 75 / 39 -68 -72 -75 / 51 72 75 78 82 / 60 64 70 68 75 80 / 46 58 68 72 77 81 / 68 46 77 80 80 -46 / 79 -46 -68 -73 / 77 -68 -68 -73 / 74 77 80 -34 -46 -68 <END> 
<S> 44 56 68 74 / 68 72 80 -44 -68 / 52 56 61 68 80 -68 / 71 -56 -60 -63 -68 / 39 51 68 75 / 51 56 60 72 -68 / 71 -51 -56 -60 / 44 56 72 / 72 75 -44 -56 / 45 57 -72 -75 / 67 -45 -57 / 52 57 69 / 72 -48 -57 / 41 53 -69 / 69 -41 -53 <END> 
<S> 39 51 -72 / 70 74 -39 -51 / 39 51 67 72 / 39 51 69 / 75 -39 -51 / 56 60 66 75 / 70 75 79 -56 -60 -66 / 39 51 -70 -75 -79 / 72 -39 -51 / 40 52 70 74 82 / 72 76 78 -40 -52 / 37 51 70 75 79 / 68 71 75 83 -51 / 51 56 60 -71 -75 -80 / 72 78 -51 -56 -60 <END> 
<S> 39 51 -72 -75 -80 / 78 87 -39 -51 / 58 63 67 70 75 82 / 39 51 -67 -75 -79 / 78 -39 -51 / 55 58 63 84 / 79 82 -55 -58 -63 / 39 51 69 79 84 / 55 58 63 70 74 81 / 69 75 81 -55 -58 -63 / 43 55 -70 -75 -81 / 72 77 -43 -55 / 42 54 -72 -75 / 41 53 74 74 86 <END> 
<S> 78 -44 -56 -62 -75 / 80 -44 -56 -62 / 43 55 75 / 71 77 -43 -55 / 51 55 72 75 / 72 75 -51 -55 / 70 76 79 / 80 -70 / 64 72 75 84 / 63 75 78 -63 / 63 72 84 -63 / 0 68 80 92 / 0 62 68 71 -77 -80 / 0 65 68 74 -77 -80 <END> 
<S> 66 69 78 / 78 88 -66 -69 / 66 72 78 -66 / 63 65 72 74 / 75 -65 -65 -68 -72 / 65 67 71 77 / 54 66 75 78 / 0 71 78 83 / 0 69 72 76 81 / 0 69 72 76 81 / 0 63 69 72 75 84 / 0 67 71 74 80 -52 <END> 
<S> 66 69 72 86 / 62 65 71 74 86 / 71 74 77 -65 -62 -65 -71 -74 / 0 65 69 74 77 -41 / 0 60 -65 -70 -72 -74 / 0 62 65 67 70 70 / 41 -62 -65 -70 / 61 65 67 / 62 65 68 -46 / 61 65 70 -62 / 61 65 68 -50 / 61 67 70 73 -49 37 <END> 
<S> 65 65 69 / 65 70 -65 / 56 62 65 68 74 / 0 65 77 -62 -65 / 46 65 68 77 -65 / 63 65 67 70 75 -46 / 0 63 70 73 82 -46 / 0 46 68 / 56 68 74 -68 / 56 68 -68 -68 -80 / 73 -56 -61 -68 / 32 44 68 80 / 70 75 80 -32 -44 / 68 49 -68 -80 -80 / 65 73 73 85 -49 -65 <END> 
<S> 56 65 68 80 / 68 71 -53 -65 -68 / 53 56 60 -68 -68 -74 / 72 -56 -62 -68 / 77 -45 -56 -65 / 41 53 70 -68 / 77 -41 -53 -70 / 42 54 75 / 75 -42 -54 / 43 55 70 / 75 79 -43 -55 / 39 51 70 79 / 40 52 73 80 / 42 74 80 85 <END> 
