<S> 60 72 / 57 69 / 50 62 / 48 60 / 50 62 / 52 64 / 53 65 / 55 67 <END> 
<S> 55 67 / 52 -67 / -52 -67 / 48 64 / 47 62 / 50 62 / 47 59 / 45 57 / 44 56 62 / 45 60 / 44 56 62 / 39 51 -60 <END> 
<S> 45 57 61 67 / 67 -45 -52 -57 -61 / 50 57 62 66 69 / 38 50 -57 -66 -74 / 60 62 68 -38 -50 / 39 51 -62 -66 -71 / 43 55 62 67 / 71 -43 -55 -59 -62 / 71 -43 -55 -59 -62 / 38 50 53 -62 -67 <END> 
<S> 0 65 / 0 65 / 0 69 / 0 71 / 0 77 / 0 76 86 / 0 48 / 69 81 -48 / 57 60 64 69 72 76 79 / 45 70 77 81 / 76 79 82 <END> 
<S> 45 57 66 72 77 / 65 77 -45 -57 -72 / 0 43 55 65 76 / 0 64 76 -43 -55 / 0 53 62 65 71 / 0 52 -62 -71 / 0 62 65 68 74 / 0 55 -64 -65 -76 / 0 -65 -67 -77 / 0 65 68 71 74 77 <END> 
<S> 43 55 64 74 / 57 61 64 67 72 76 / 0 67 / 0 67 79 / 0 67 71 74 83 -52 / 0 67 71 74 79 86 / 0 67 71 74 77 67 79 / 48 67 72 76 79 / 66 72 75 80 -48 / 55 60 64 -72 -76 -84 / 67 72 -55 -60 -64 <END> 
<S> 48 67 72 76 79 / 60 64 68 -48 -72 -76 -84 / 67 72 76 79 -48 -60 -64 / 52 -67 -72 -76 -79 / 72 76 -52 / 0 / 53 65 72 / 69 72 -53 / 57 -72 / 68 72 75 -57 / 0 69 72 76 <END> 
<S> 62 67 / 65 68 / 51 63 69 81 / 68 77 80 -48 / 46 -68 -77 / 59 65 70 73 77 / 34 46 70 73 77 / 71 77 -34 -46 / 41 53 68 74 / 80 -41 -53 -68 / 39 51 -73 -77 -89 / 75 -39 -51 -68 / 39 51 66 75 / 71 -39 -51 -63 <END> 
<S> 39 51 67 79 / 75 -39 -51 -67 / 55 58 63 82 -55 -67 -79 / 67 75 79 -55 -58 -63 / 39 51 -67 -75 -79 -75 / 45 57 -70 -75 -79 -87 / 43 55 -70 -75 -79 -82 / 44 56 -70 -75 -79 -82 / 44 56 -70 -75 -79 -82 / 44 56 -70 -75 -80 / 44 56 68 74 77 83 / 45 57 78 78 84 <END> 
<S> 44 56 72 75 80 / 72 84 -44 -56 / 42 54 -72 -84 / 70 82 -42 -54 / 42 54 75 / 43 55 71 77 79 / 41 53 69 77 / 68 71 80 -41 -53 / 40 52 -71 -74 -79 / 81 -40 -52 -71 / 71 83 -40 -52 / 38 50 -74 -80 / 69 78 81 <END> 
<S> 42 54 75 / 68 -42 -54 / 43 55 76 / 79 -43 -55 / 39 51 70 / 78 -39 -51 / 55 61 67 / 77 -51 -55 -61 / 39 51 -79 / 80 -39 -51 / 51 63 72 / 70 -51 -63 / 46 68 / 65 70 -46 / 53 58 62 -65 -74 / 65 75 -53 -58 -62 / 43 -65 -77 / 74 -43 / 55 58 62 64 70 <END> 
<S> 39 51 -77 / 79 -51 / 58 63 67 77 / 70 82 -58 -63 / 43 55 -70 -82 / 72 -43 -55 / 58 62 74 / 70 82 82 -46 -58 -62 / 43 55 -70 -82 -82 / 72 79 -43 -55 / 44 56 65 74 77 / 43 55 75 -65 -70 / 79 -43 -55 -70 / 44 56 70 74 / 77 -44 -56 -68 / 39 51 66 75 / 63 66 75 -51 -75 <END> 
<S> 39 51 -75 -82 / 72 84 -39 -51 / 55 58 63 70 82 / 70 75 79 -55 -58 -63 / 46 58 -70 -75 -79 / 70 -46 -58 / 51 55 61 72 / 73 77 -51 -55 -61 / 39 51 -72 -75 / 75 -39 -51 / 51 63 70 / 72 -51 -63 / 49 61 -72 / 68 -49 -61 / 48 60 69 / 75 -48 -60 / 53 61 65 77 / 70 74 -53 -57 -62 <END> 
<S> 39 51 -65 / 70 82 -39 -51 / 58 63 67 75 / 72 -58 -63 -67 / 39 51 70 / 72 -39 -51 / 42 54 -72 / 70 -42 -54 / 41 53 70 / 74 -41 -53 / 43 55 -70 -82 / 79 -43 -55 / 41 53 75 / 77 -41 -53 / 53 57 63 75 / 72 -53 -57 -63 <END> 
<S> 53 74 / 73 -53 / 46 58 74 / 77 -46 / 53 58 62 70 / 77 -53 -58 -62 / 41 53 73 / 77 -41 -53 / 53 58 61 76 / 82 -53 -58 -61 / 41 81 / 77 -41 / 53 57 63 72 / 69 -53 -57 -63 <END> 
<S> 39 51 / 79 82 -39 -51 / 38 50 -71 -80 -84 / 77 -38 -50 / 39 51 72 84 / 73 85 85 -51 -54 -60 / 39 51 -79 -82 -82 / 72 84 -39 -51 / 51 55 61 82 / 72 79 -51 -55 -61 / 39 51 -72 -84 / 70 82 -39 -51 / 55 58 63 72 -70 / 70 75 79 -55 -58 -63 <END> 
<S> 39 51 79 / 73 79 -39 -51 / 55 58 63 75 79 / 79 82 -55 -58 -63 / 39 51 72 -79 / 78 80 84 -39 / 43 55 75 79 82 / 44 56 72 75 77 84 / 46 58 67 73 77 / 51 63 67 70 / 65 71 -51 -55 -63 / 46 58 -62 -70 -74 / 75 -46 -58 -62 -70 / 46 58 74 77 <END> 
<S> 46 67 75 79 -75 / 55 58 63 -67 -70 -75 -79 / 51 -67 -70 -75 -79 / 51 -63 -70 -75 -79 / 51 63 67 70 79 / 53 -63 -67 -75 / 60 68 -63 -75 / 58 -63 -68 -72 / 56 68 / 51 68 / 51 72 / 70 -51 / 44 68 / 72 -44 -56 <END> 
<S> 39 51 67 70 75 / 41 53 68 69 / 68 71 -41 -53 / 39 51 67 69 72 / 66 69 72 -43 -55 / 42 54 -63 -69 -72 / 68 71 -42 -54 -63 / 41 53 65 69 71 77 / 40 52 67 72 76 79 / 51 63 69 72 78 / 51 63 -69 -72 -81 / 71 -51 -60 -63 / 39 51 -63 -69 -75 / 60 68 -63 -75 / 39 51 -68 -68 -76 / 68 -39 -51 -68 / 37 49 68 76 <END> 
<S> 48 63 69 75 / 51 63 -69 -75 / 45 -63 -69 -75 / 51 -63 -67 -75 / 55 -63 -67 -75 / 51 63 69 75 / 55 67 70 75 / 46 -67 -70 -79 / 70 -46 -58 / 70 -46 -58 / 45 57 66 72 / 44 56 68 74 77 / 44 56 65 68 72 <END> 
<S> 43 67 70 / 72 -43 -70 / 52 58 62 73 77 / 76 -43 -55 -58 -67 / 39 51 72 / 70 73 -39 -51 / 51 55 61 -70 -73 / 72 -51 -55 -61 / 39 51 73 / 51 56 60 80 / 82 -51 -56 -60 / 44 56 -77 / 72 -44 -56 / 42 54 75 / 72 -42 -54 <END> 
<S> 39 51 68 72 / 51 56 61 75 / 71 -51 -56 -60 / 51 63 75 / 72 75 -51 -63 / 43 55 -72 -75 / 67 -43 -55 / 36 48 67 72 / 70 -36 -48 -70 / 41 53 69 72 / 71 -41 -53 / 57 60 65 69 77 / 72 -60 -65 -60 / 48 58 64 67 70 <END> 
<S> 41 53 69 / 72 -41 -53 / 57 60 65 -69 / 69 -57 -60 -65 / 48 60 67 / 69 -48 -60 -64 / 53 57 65 / 60 65 -53 / 61 67 72 / 61 70 / 62 65 / 63 67 / 62 70 / -62 -70 / 62 70 <END> 
<S> 62 71 / 65 71 / 61 67 / 60 69 / 59 71 / 60 69 / 64 70 / 47 71 / 60 72 / 56 62 / 50 62 <END> 
<S> 62 66 72 / 66 71 78 -60 / 50 -60 -66 -71 -78 / 69 74 -50 -60 / 38 50 66 72 75 78 / 43 54 60 71 78 78 83 / 42 54 72 78 81 / 43 55 71 78 <END> 
<S> 44 56 72 75 80 / 39 51 -72 -75 -80 / 0 44 56 / 72 75 -44 -56 / 51 56 60 -65 -75 / 72 -51 -56 -60 / 39 51 75 / 72 -39 -51 / 51 56 60 70 / 71 -51 -56 -60 / 44 56 72 75 / 72 77 -44 -56 / 45 57 -72 -76 / 72 -45 -57 <END> 
<S> 44 56 72 / 70 75 -44 -56 / 51 55 60 -68 72 / 71 75 -51 -55 -60 / 39 51 72 / 71 77 -39 -51 / 51 67 -77 / 73 -51 / 52 72 / 70 -52 / 61 69 / 68 -52 / 39 51 69 / 68 -39 -51 / 37 49 71 / 71 -37 / 65 -37 <END> 
<S> 39 51 / 69 -51 / 0 39 51 / 54 -39 -51 / 54 -51 -54 / 70 -54 / 69 75 81 -54 / 40 52 -69 -75 -81 / 72 -40 -52 / 39 51 69 72 / 43 55 -66 / 71 -43 -51 / 44 56 60 68 72 / 39 51 -68 -72 / 68 72 -39 -51 / 51 56 60 -68 -72 -75 / 72 -51 -56 -60 -68 <END> 
<S> 0 48 / 68 -36 -48 / 51 56 60 68 72 / 71 -51 -56 -60 / 51 72 / 71 75 -51 / 51 55 60 -72 -75 / 75 -51 -60 / 39 51 72 77 / 51 56 60 72 / 68 71 -51 -56 -60 / 45 57 -68 -72 / 70 -45 -42 / 41 53 66 70 / 65 68 -41 -53 / 0 63 74 / 0 61 64 <END> 
<S> 55 67 79 / 76 -55 -61 / 57 61 77 / 76 -54 -61 / 50 53 55 -73 / 71 -50 -55 / 50 62 71 / 63 -47 -59 -71 / 48 60 64 / 0 -48 -60 -64 / 0 52 64 67 / 67 72 -48 -52 -64 / 52 55 60 -64 -67 -72 / 64 67 -52 -55 -60 <END> 
<S> 48 60 65 69 / 72 -48 -60 -64 / 57 60 64 72 -72 / 69 -52 -60 -64 / 52 70 / 72 -52 / 58 60 64 70 / 70 -58 -60 -64 / 53 65 69 / 68 -53 -65 / 60 63 69 / 65 69 -60 -63 / 43 -60 -65 -69 / 67 -43 -55 / 44 56 65 68 72 <END> 
<S> 62 65 / 61 -62 -65 / 53 -59 -62 -65 / 61 67 70 46 -62 / 39 51 -62 -67 -70 / 0 53 58 63 67 / 41 53 60 65 / 62 65 68 -41 -53 / 63 -62 -65 / 61 65 68 -41 / 46 65 68 / 62 65 69 -46 / 0 -62 -65 -68 / 0 59 65 68 / 61 -65 61 68 -65 / 75 -46 -61 -61 -65 -70 / 44 56 73 77 -44 / 61 68 71 80 -80 -80 <END> 
<S> 62 65 65 / 70 -62 -65 / 61 65 70 -65 / 74 77 86 -46 -65 -65 / 0 65 69 70 77 -65 / 0 68 70 74 77 -41 / 0 77 84 / 0 70 82 / 0 70 82 82 -46 / 0 40 52 67 72 79 / 68 73 80 -52 -64 <END> 
<S> 66 71 90 / 74 78 86 -62 / 62 65 69 71 83 / 72 84 -62 -65 -71 -72 / 68 74 80 92 -62 -65 / 38 50 65 72 77 / 69 77 81 -38 -50 -65 / 0 40 52 -72 -81 / 0 38 50 62 77 / 0 40 52 76 / 0 56 62 62 77 <END> 
<S> 62 65 68 74 86 / 77 -60 -62 -65 -72 / 58 65 68 77 -65 / 79 -58 -65 -68 -77 / 77 -46 -58 -65 -68 / 77 -46 -56 -65 -68 / 58 62 65 68 77 / 0 49 61 -65 -77 / 0 48 60 64 69 / 73 -48 -60 -64 -67 / 47 61 73 76 / 79 -47 -64 -67 / -73 -76 -55 / 0 64 67 72 76 84 / 0 63 69 72 75 -48 <END> 
<S> 62 65 / 68 -62 -65 / 60 65 68 / 69 -60 -62 -65 / 43 65 69 74 / 67 -43 -65 -71 / 0 -43 -62 -67 -71 / 0 55 59 62 65 71 74 / 0 48 60 69 72 / 52 55 60 -64 -69 -72 -76 / 57 -48 -60 -65 -72 / 70 -48 -57 -60 / 46 58 62 / 70 -46 -58 -62 <END> 
<S> 0 48 64 65 74 / 0 69 -48 -60 / 53 57 60 -65 -69 -72 / 65 69 -48 -53 -57 -60 / 41 53 -69 -77 / 48 53 -69 -77 / 48 -69 -72 / 36 48 -69 -77 / 38 50 69 72 77 81 / 53 58 62 -65 -77 -77 / 70 74 77 82 -53 -58 -62 / 43 55 -70 -74 -77 / 73 -43 -55 / 44 56 62 74 / 49 -44 -56 -65 <END> 
<S> 53 56 65 -65 -72 -77 / 73 77 -53 -56 -65 -65 / 56 61 65 70 77 / 77 -56 -61 -65 / 50 62 65 70 77 / 70 74 77 -62 -62 -65 / 46 58 -65 -70 -74 -77 / 79 -56 -62 -65 -70 / 56 58 62 77 -70 / 79 -56 -58 -62 -70 / 0 41 53 70 / 0 70 -41 -53 / 58 62 68 72 -70 / 79 -56 -62 -62 -70 <END> 
<S> 46 58 65 74 / 70 74 -46 -58 -62 / 0 49 61 -65 -70 -77 / 73 -49 -61 -61 -70 / 38 50 65 77 / 0 46 58 70 / 0 75 -46 -58 / 0 55 60 63 75 / 0 75 -55 -60 -63 / 0 55 60 64 79 / 0 70 82 82 -60 -63 / 0 72 84 -78 -54 / 0 82 -72 -81 / 0 72 82 82 84 <END> 
<S> 0 50 79 / 74 82 -50 -50 / 58 62 -74 -80 -82 / 74 -58 -62 -68 / 74 82 -46 -58 -62 / 58 65 77 -70 -74 / 77 81 -53 -58 -65 -70 / 36 48 77 80 / 86 -36 -48 -76 / 60 65 77 87 86 / 79 84 -60 -62 -77 / 0 41 53 84 -84 / 80 82 -41 -53 / 60 65 -81 -57 -84 / 86 -60 -65 <END> 
<S> 44 71 83 / 80 88 -44 / 56 59 62 83 / 86 -56 -59 -62 / 49 61 79 / 80 -49 -61 / 56 61 77 / 76 82 -56 -61 / 44 56 -76 -80 -88 / 72 75 -44 -56 / 52 56 60 72 78 / 72 78 83 -52 -56 -60 -64 / 39 51 -72 -75 -82 / 72 84 -39 -51 / 51 56 60 70 82 / 77 -51 -56 -60 <END> 
<S> 44 56 -75 -80 / 73 77 -44 -56 / 45 57 77 / 72 84 -45 -57 / 42 54 -75 82 / 75 -42 -54 / 58 72 76 82 / 76 82 -58 -60 -70 / 48 60 76 -70 -82 / 76 79 -48 -60 -70 / 58 60 64 76 -76 / 70 76 -58 -60 -64 / 36 -70 -70 / 72 76 / 58 60 -67 -72 / 70 -58 -60 <END> 
<S> 39 51 70 82 / 79 -39 -51 / 39 51 67 / 75 -39 -51 / 42 54 70 73 / 69 72 -42 -54 / 42 54 70 73 82 / 69 -42 -54 -70 / 58 62 66 -70 -78 / 75 -58 -61 -66 -70 / 58 61 64 70 73 85 / 76 87 -58 -61 -64 -73 / <END> 
<S> 34 46 70 82 82 / 71 82 -34 -46 / 58 62 68 72 79 / 70 82 -58 -62 -67 / 44 56 68 80 / 72 84 -44 -56 / 56 60 -68 -72 -80 / 72 -56 -60 -68 / 53 56 68 80 / 70 82 -53 -56 -61 / 44 56 -80 / 72 80 -44 -56 / 51 56 60 -72 -84 / 72 77 -51 -56 -60 <END> 
<S> 44 56 68 72 / 51 56 60 -72 -68 / 68 71 -51 -56 -60 / 39 51 72 / 73 -39 -51 / 51 56 60 68 70 / 67 75 -51 -56 -60 / 46 58 68 77 / 51 55 61 77 / 79 -51 -55 -58 -63 / 39 51 75 79 / 77 -39 -51 / 55 58 63 77 / 70 82 -55 -58 -63 <END> 
<S> 39 51 -68 -77 / 75 -39 -51 / 51 56 60 68 / 71 -51 -56 -60 / 47 68 80 / 56 61 -68 -73 -80 / 73 -57 -68 / 72 78 / 73 75 / 56 73 -68 / -73 -73 / 56 68 75 80 / 68 73 80 / 51 -68 -73 -77 / 68 73 75 80 -73 <END> 
<S> 58 68 73 76 / 76 -56 -68 -73 / 68 72 75 80 / 51 68 73 77 85 / 63 67 73 75 84 / 51 -63 -68 -72 -75 -83 / 63 -63 -75 -63 -75 -78 / 58 63 67 70 73 -79 / 43 55 70 76 / 56 60 64 72 <END> 
<S> 44 66 68 72 77 80 / 51 56 60 66 69 75 / 70 73 77 82 -56 -60 -66 / 32 44 -70 -75 -78 -82 / 72 -32 -44 / 56 60 66 72 75 78 / 39 51 -72 -75 -82 / 68 72 80 -39 -51 / 56 60 63 70 72 80 / 68 73 80 -56 -58 -60 / 44 56 68 72 75 80 / 65 68 75 -36 -48 / 0 52 64 70 72 76 <END> 
<S> 39 51 67 79 / 75 87 -39 -51 / 58 63 67 75 -75 / 70 75 78 -58 -63 / 55 -67 -70 -75 -79 / 63 70 77 82 / 46 -70 -75 -82 / 44 -70 -75 -82 -82 / 45 -70 -75 -82 / 44 -70 -75 -82 / 39 51 75 78 / 41 53 80 / 39 51 -75 -79 / 77 -39 -51 <END> 
<S> -65 -67 -75 -79 -82 / 53 72 77 82 / 80 -53 -73 / 58 68 72 84 / 72 84 -56 -58 -68 / 44 -73 -78 -89 / 74 77 80 -44 / 56 58 61 -73 -80 -84 / 73 77 85 -56 -61 -65 / 41 53 -73 -77 -84 / 68 80 -41 -53 / 53 57 63 68 75 / 69 75 81 -53 -57 -60 -65 / 0 45 57 -75 -81 / 72 84 -39 -45 -57 / 57 60 63 66 75 78 83 / 41 53 72 75 81 84 / 39 51 71 78 81 / 72 78 81 84 -39 -51 <END> 
<S> 44 56 72 75 83 / 72 75 84 -44 -56 / 51 56 60 -72 -75 -84 / 72 75 84 -51 -56 -60 / 39 51 -72 -75 -84 / 70 79 -39 -51 / 51 55 61 -70 -73 / 70 71 -51 -55 -61 / 39 51 -70 -70 / 72 -42 -55 -70 / 43 52 70 / 42 54 60 66 72 / 38 50 62 74 / 67 71 -38 -50 / 49 61 61 68 69 <END> 
<S> 39 51 -67 -75 / 75 -39 -51 / 39 51 67 74 / 67 -39 -51 / 39 51 69 / 61 69 -39 -51 / 39 51 67 70 / 50 63 68 71 / 65 71 74 86 -50 / 53 -62 -66 -74 -74 / 53 -62 -65 -70 -74 / 63 68 70 -53 / 56 49 61 65 77 / 75 -61 -65 -61 <END> 
<S> 65 65 70 74 / -65 -65 -70 -74 / 77 -65 -65 -65 -70 / 55 58 61 65 70 73 / 73 -55 -58 -61 -65 / 44 56 65 68 / 68 -65 -56 -65 / 34 46 68 77 / 51 56 60 68 73 / 39 51 -68 -72 / 32 44 68 72 75 80 / 0 / 0 63 <END> 
<S> 39 51 67 70 / 68 -39 -51 / 51 68 72 / 61 70 73 -40 / 0 68 71 80 / 0 68 71 75 -80 / 0 39 51 -71 -76 -80 / 0 39 51 -72 -75 -80 / 0 39 51 / 0 56 60 63 75 / 51 -60 -72 -75 / 51 68 80 / 58 73 76 82 <END> 
<S> 39 51 -68 -75 / 75 -39 -51 / 71 82 -39 -51 / 42 54 -71 -78 / 75 -42 -54 / 49 61 70 73 76 / 73 -58 -61 -68 -73 / 73 -49 -61 -73 / 76 -45 -61 -67 -73 / 65 68 73 77 / 80 -37 -61 -73 -73 / 68 72 77 80 / 56 77 -68 -73 <END> 
<S> 64 73 85 -55 / 76 91 -61 -64 / 0 53 65 71 83 / 74 77 -53 -62 -65 -74 / 56 61 68 76 -62 -68 / 62 65 68 71 77 / 83 -62 -65 -68 -71 / 68 68 71 68 -65 / 80 -65 -68 -71 / 61 68 -68 -73 -80 / 68 73 80 -44 -68 / 56 -68 -68 -73 -77 / 73 -68 -68 / 73 77 -68 -73 / 51 -68 -73 -77 / 73 75 -51 -68 / 52 68 72 78 / 73 -52 -68 -72 <END> 
<S> 64 71 71 82 / 72 76 82 -64 / 68 80 -78 / 72 89 / 63 68 72 83 / 68 70 73 78 -59 -63 / 53 -68 -68 -75 -80 / 68 72 80 -51 / 51 56 68 72 75 -80 / 72 75 84 -56 -63 -68 / 51 -72 -75 -84 / 72 75 -51 / 55 58 70 -72 / 74 -55 -58 -63 <END> 
<S> 39 51 67 70 82 / 71 82 84 -40 -52 / 46 58 67 73 79 / 44 56 70 74 77 82 / 42 54 66 71 74 77 / 50 55 59 71 74 82 / 72 76 79 -55 -59 -62 / 52 55 59 -71 -76 -79 / 74 77 -55 -55 -64 / 43 55 75 / 67 72 -43 -55 / 55 60 64 67 / 72 -55 -60 -64 <END> 
<S> 55 62 67 71 79 / 71 81 83 -55 -62 -67 / 50 62 79 -71 -74 -79 / 69 78 83 -50 -62 / 55 59 65 67 71 76 81 / 65 74 77 -55 -59 -65 / 43 55 -65 -74 -77 / 65 -43 -55 -65 -72 / 64 64 -43 -55 / 64 48 64 -64 / 0 55 64 65 -48 -55 / 65 -48 -55 -65 -72 / 64 72 -48 -55 -60 <END> 
<S> 48 55 55 64 72 / 71 -48 -55 -64 / 69 -48 -55 -60 -64 / 60 65 -48 -52 -64 / 0 56 65 -48 -56 -57 / 0 48 -57 -60 -65 -69 / 0 70 / 0 70 74 -36 -48 / 0 55 70 74 76 0 0 70 -55 -58 -70 / 0 45 69 75 / 70 73 77 -51 / 61 -70 -70 -73 / 64 76 -43 / 68 -73 -73 / 44 64 68 71 74 / 45 -64 -68 -72 / 46 58 -66 -72 <END> 
<S> 44 64 68 71 / 72 76 -32 -62 -68 / 79 -68 -72 -68 -71 / 66 75 78 -63 -68 / 63 72 75 84 / 60 63 68 -72 -75 -81 / 68 73 80 -63 -56 / 64 68 72 75 87 / 0 80 -68 / 0 44 68 72 80 / 0 62 74 80 89 / 0 39 51 -77 -78 / 0 80 -39 -51 <END> 
<S> 68 71 87 / 0 68 71 80 / 0 69 -68 -77 / 0 68 70 75 80 / 62 68 72 75 78 / 80 -68 -68 -72 / 63 68 72 75 80 / 68 72 75 -68 / 64 67 73 75 / 70 73 78 -63 -70 / 51 63 72 75 84 / 60 63 -72 -75 -78 <END> 
<S> 66 71 74 81 86 / 74 86 -66 -74 / 68 72 75 -87 / 65 68 71 75 -83 / 65 68 72 75 78 83 / 63 72 75 78 82 / 64 72 84 -79 -79 / 74 86 -68 / 63 72 78 90 / 74 80 -51 -72 / 60 72 74 78 86 / 72 75 78 82 -51 -72 / 51 -72 -75 -78 -81 / 72 75 78 82 -60 <END> 
<S> 64 67 72 76 84 / 82 -64 -67 -72 / 63 69 72 84 / 88 -66 -69 -72 / 68 68 71 80 / 65 68 71 80 / 56 68 80 -71 / 0 68 80 / 0 71 83 -68 / 0 72 -68 -74 -77 / 0 68 72 75 80 -52 / 0 66 75 78 13988 / 0 78 -63 -68 -72 -78 / 63 68 72 80 80 / 78 -63 -68 -72 -78 -78 / 63 68 72 75 80 89 / 44 56 56 73 78 80 78 -56 78 <END> 
<S> 44 56 68 71 83 / 75 87 91 -56 -62 / 51 63 -73 -80 / 68 72 -51 -63 / 51 56 60 68 80 / 73 77 -51 -56 -60 / 39 51 -72 -75 / 72 -39 -51 / 51 56 60 70 / 71 -51 -60 -56 / 39 51 75 / 72 -39 -51 / 51 56 60 70 / 72 -51 -56 -60 / 44 56 68 72 / 51 56 60 68 / 64 73 -51 -56 -60 <END> 
<S> 44 56 -72 / 68 72 -44 -56 / 51 56 60 68 72 / 68 72 -51 -56 -60 / 44 56 -72 / 68 71 -44 -56 / 51 56 60 -68 -71 / 72 75 -51 -56 -60 / 44 56 68 72 77 / 0 68 / 39 51 60 68 / 63 -51 -56 -60 / 44 56 68 72 80 / 0 51 55 / 0 44 56 <END> 
