<S> 48 51 60 67 / 46 52 60 67 / 44 53 60 65 / 59 -44 -53 -65 / 43 55 60 63 / 41 56 60 62 / 62 -41 -56 -62 / 43 55 59 -62 / 53 60 -43 -59 / 36 51 60 / 36 51 55 60 <END> 
<S> 41 56 60 62 / 63 -41 -56 -60 / 65 -41 -56 -60 / 43 59 62 -55 / 53 -43 -59 -62 / 36 51 55 60 / 48 51 55 60 / 53 62 -48 -55 / 55 60 63 -48 / 46 -55 -60 -63 / 45 53 60 65 / 62 -45 -53 -65 / 46 53 62 -65 / 58 -46 -62 -65 / 56 -46 -62 -65 / 39 55 58 63 <END> 
<S> 48 55 60 63 / 46 -55 -60 -63 / 44 56 60 65 / 43 55 59 67 / 55 62 67 / 53 60 65 68 / 56 62 65 71 / 51 60 65 72 / 50 62 65 70 / 51 63 67 69 / 53 60 -67 -70 / 52 62 67 -60 / 59 -52 -55 -67 / 57 60 65 -55 / 53 62 -60 -65 <END> 
<S> 46 58 65 74 / 67 -46 -58 -74 / 51 65 68 75 / 74 -51 -65 -68 / 67 -51 -63 -74 / 65 -51 -67 -74 / 52 67 72 / 70 -52 -67 -70 / 53 60 67 68 / 65 -53 -60 -68 / 55 60 65 70 / 56 -60 -65 -70 / 58 65 68 72 / 63 67 -56 -72 / 62 65 70 -48 / 60 63 67 -48 / 53 60 68 74 / 51 58 67 72 / 56 68 -51 77 <END> 
<S> 56 60 65 68 / 53 -56 -60 -68 / 55 55 60 67 / 59 62 -55 -67 / 53 57 60 69 / 51 -57 -60 -69 / 50 53 62 70 / 60 -50 -53 -70 / 46 58 62 67 / 51 58 63 67 / 39 55 63 67 <END> 
<S> 50 57 62 65 / 46 58 62 65 / 51 58 63 67 / 50 -58 65 70 / 51 60 67 -65 / 48 60 63 -67 / 58 62 -48 -67 / 64 54 57 69 72 / 55 62 67 71 / 72 -55 -62 -67 / 43 55 -67 -71 <END> 
<S> 48 60 64 69 / 55 59 67 / 51 60 67 / 59 62 -52 -67 / 56 60 63 72 / 55 58 -63 -72 / 54 57 62 74 / 72 -54 -57 -62 / 55 58 64 70 / 60 66 -55 -70 <END> 
<S> 54 60 62 69 / 62 -54 -62 / 60 55 63 -62 / 51 60 -63 -68 / -57 -60 -63 / 55 58 62 / 60 -50 -58 / 56 59 62 / 43 55 -59 -62 / 48 55 60 63 / 50 65 -55 -60 / 51 60 67 / 53 59 68 -50 / 62 -53 -53 -68 <END> 
<S> 48 55 62 63 / 47 -55 -62 -63 / 48 55 62 / 45 60 63 65 / 46 58 65 -63 / 63 -46 -58 -65 / 41 56 60 65 / 53 60 65 69 / 62 -53 -60 -65 / 59 62 -53 -65 / 60 -53 -59 -62 / 55 60 63 -53 / 53 56 -60 -63 / 62 -53 -56 -60 <END> 
<S> 44 60 63 65 / 59 -44 -63 -65 / 60 63 -44 -60 / 59 62 -44 -53 / 48 51 55 60 / 48 63 -60 / 55 -48 -60 -63 / 55 58 63 -48 / 51 56 60 65 / 53 -51 -60 -63 / 50 65 59 -60 / 50 62 -50 -59 <END> 
<S> 48 55 60 63 / 46 58 62 65 / 44 -58 -62 -65 / 43 58 62 67 / 55 62 67 -58 / 60 -51 -55 -67 / 52 60 67 / 68 -52 -60 -67 / 47 67 75 -60 / 44 51 60 72 / 43 70 75 -60 / 44 51 72 -70 / 68 -51 -58 -72 <END> 
<S> 60 67 -51 -67 / 50 62 65 71 / 48 63 67 72 / 55 59 67 74 / 60 67 75 / 58 -60 -67 -75 / 56 62 65 77 / 60 -56 -65 -77 / 55 62 67 71 / 53 -62 -67 -71 / 51 63 67 72 / 53 -63 -67 -72 <END> 
<S> 60 67 75 / 58 -60 -67 -75 / 56 60 68 77 / 55 -60 -68 -77 / 53 60 70 79 / 52 -60 -70 -79 / 53 60 69 77 / 55 67 71 75 / 57 72 -67 -75 / 58 65 74 / 64 -58 -58 -74 / 56 65 70 74 / 55 -68 -70 -74 / 53 68 72 77 / 71 -53 -68 -77 / 51 67 72 75 / 55 74 -67 -72 <END> 
<S> 53 65 72 -70 / 63 -53 -72 -77 / 58 62 70 77 / 57 60 69 -77 / 55 62 70 77 / 53 60 68 77 / 47 67 75 -55 / 48 51 55 67 / 60 -48 -51 -67 / 50 53 59 67 / 51 60 -55 -67 / 50 53 62 -60 / 55 59 -50 -65 / 53 56 60 / 41 -53 -56 -60 <END> 
<S> 48 63 67 / 60 -48 -63 -67 / 50 65 65 70 / 47 55 -65 -70 / 48 -55 -67 -70 / 53 60 67 / 68 -53 -60 / / 65 -53 -60 / / 59 -53 -65 -69 / 60 -53 -68 / 55 59 62 67 / 60 64 -55 -67 / 65 60 63 69 / 56 -60 -65 -69 / 60 65 68 / 64 -60 -65 / 60 -60 -65 / 60 -60 -65 <END> 
<S> 52 60 67 72 / 58 -52 -67 -72 / 54 57 62 74 / 72 -54 -57 -62 / 55 62 70 / 50 54 -62 -70 / 51 60 67 72 / 50 57 69 -72 / 52 67 71 -76 / 53 65 69 72 / 71 74 -53 -65 / 52 67 72 76 / 53 -67 -72 -76 / 55 74 -67 -72 / 65 71 -55 -74 / 64 -55 -71 -74 <END> 
<S> 50 65 69 74 / 71 -50 -65 -74 / 48 67 72 76 / 52 -67 -72 -76 / 53 69 74 -72 / 50 65 -72 -74 / 55 62 71 -74 / 43 -55 -71 -74 / 48 72 64 67 / 65 74 -48 -60 / 55 59 67 74 / 68 -55 -59 -74 / 57 60 67 72 <END> 
<S> 48 67 72 76 / 50 -67 -72 -76 / 52 67 72 -76 / 53 -67 -72 -76 / 55 67 72 74 / 57 -67 -74 / 59 68 -55 -76 / 57 -55 -64 -76 / 55 59 71 74 / 55 67 71 74 / 54 -67 -71 -74 / 52 64 67 71 / 50 62 67 -67 / 48 62 66 69 / 47 -62 -66 -69 <END> 
<S> 57 64 69 72 / 50 -64 -72 -74 / 55 62 71 74 / 53 -62 -71 -74 / 52 67 72 76 / 53 -67 -72 -76 / 55 67 71 74 / 69 -55 -67 -74 / 0 / 52 67 70 76 / 65 -52 -70 -76 / 57 64 70 72 / 69 -57 -63 -72 / 52 60 -69 -72 / 67 -52 -60 -72 <END> 
<S> 52 60 67 72 / 53 69 -60 -72 / 71 -53 -53 -69 / 60 67 72 76 / 58 65 74 77 / 56 64 72 76 / 55 64 71 79 / 62 -55 -70 -79 / 52 60 67 79 / 50 65 -60 -79 / 52 60 67 79 / 53 -60 -67 -79 / 55 60 67 74 / 59 -55 -67 -74 / 64 -55 -59 -74 / 65 -55 -59 <END> 
<S> 55 62 71 79 / 60 69 -55 -76 / 59 62 67 74 / 60 64 76 / 62 65 -60 -76 / 52 60 67 72 / 65 -52 -60 -72 / 52 60 64 79 / 58 -52 -64 -79 / 53 57 60 77 / 76 -53 -57 -60 / 52 55 60 67 / 53 74 -60 -67 / 52 55 60 72 / 50 65 -55 -72 / 55 64 67 / 53 62 71 -55 <END> 
<S> 53 60 67 69 / 65 -53 -60 -69 / 55 59 67 -65 / 64 72 -55 -60 / 57 -55 -64 -72 / 55 59 67 74 / 52 64 71 79 / 62 -52 -71 -79 / 57 60 69 77 / 59 62 -69 -77 / 60 64 67 76 / 53 65 69 -76 / 67 74 -53 -60 / 59 -67 -74 -74 / 60 67 72 76 / 71 -60 -67 -76 <END> 
<S> 57 60 69 77 / 76 -60 -69 -77 / 59 69 74 77 / 57 69 71 -77 / 56 64 71 76 / 57 64 69 72 / 65 -57 -69 -72 / 59 64 67 74 / 62 -59 -67 -74 / 60 67 76 / 62 65 77 -60 / 64 79 -60 / 58 -60 -64 -79 / 57 60 77 / 62 69 -57 -62 <END> 
<S> 57 64 69 72 / 65 -57 -69 -72 / 64 67 72 / 62 66 -72 / 60 64 69 -72 / 62 71 -41 / 69 -55 -62 / 48 60 64 67 / 72 -48 -60 -64 / 47 62 67 71 / 65 -47 -62 -67 / 64 69 -53 -55 / 38 -55 -60 -69 / 59 67 -55 -62 / 49 52 60 67 / 57 60 65 -60 / 47 62 65 67 / 43 59 64 67 / 62 -43 -59 -67 <END> 
<S> 45 60 64 69 / 55 -45 -64 -69 / 50 54 62 69 / 52 55 -62 -69 / 53 57 60 69 / 58 62 65 -69 / 48 60 64 67 / 58 -48 -64 -67 / 50 57 65 -64 / 62 -50 -57 -65 / 60 -50 -57 -65 / 43 59 62 -65 / 59 62 -44 -65 / 45 57 60 64 / 55 -45 -60 -64 <END> 
<S> 50 58 65 / 57 -50 -65 / 55 59 62 / 53 -43 -59 -62 / 48 52 55 60 64 / 50 -55 -60 -64 / 52 55 62 / 47 -55 -62 / 48 52 64 67 / 60 -52 -64 -67 <END> 
<S> 47 55 62 67 / 48 60 -55 -67 / 52 55 60 67 / 50 -55 -60 -67 / 48 55 60 67 / 53 62 65 69 / 60 64 -53 -69 / 59 62 67 / 60 -53 -62 -67 / 55 59 62 67 / 50 -55 -59 -67 <END> 
<S> 53 60 65 69 / 50 62 65 71 / 52 60 67 72 / 53 60 69 74 / 71 -53 -60 -69 / 52 67 72 -60 / 55 59 -52 -67 / 53 57 69 / 55 64 -53 -69 / 50 62 65 -69 / 60 -50 -65 -69 <END> 
<S> 54 57 62 74 / 72 -54 -57 -62 / 55 64 70 -57 / 53 57 69 / 52 67 72 / 47 50 -67 74 / 48 67 72 76 / 55 -67 -72 -76 / 71 -55 -67 -76 / 57 66 69 72 / 55 67 71 74 / 53 67 73 76 / 52 -67 -73 -76 <END> 
<S> 52 67 72 / 50 65 71 74 / 55 67 71 74 / 65 -55 -71 -74 / 56 64 71 76 / 57 64 69 72 / 67 -57 -64 -72 / 53 62 69 74 / 71 -53 -62 -74 / 52 55 72 76 / 57 60 -72 -76 / 55 67 71 74 / 50 -67 -74 -74 65 71 -50 -74 <END> 
<S> 57 64 69 72 / 55 62 71 74 / 52 60 67 72 / 65 74 -52 -60 / 64 67 76 -60 / 59 62 74 -64 / 57 60 64 72 / 55 71 -60 -64 / 54 57 62 69 / 62 -54 -57 -69 / 55 62 71 -62 / 45 64 -55 -71 / 54 -45 -64 -72 / 47 55 62 71 / 48 64 -55 -71 <END> 
<S> 57 60 64 72 / 65 -57 -60 -72 / 55 59 67 74 / 48 60 -67 -74 / 52 59 67 76 / 77 -52 -59 -67 / 50 60 67 77 / 48 -60 -67 -77 / 50 66 74 -60 / 59 -50 -66 -69 / 51 66 69 74 / 71 -54 -66 -74 / 55 67 71 74 / 53 -67 -71 -74 / 52 67 71 50 / 65 -52 -67 -71 <END> 
<S> 48 47 67 76 / 49 52 -67 -76 / 50 62 65 77 / 52 67 76 / 53 65 69 74 / 59 65 68 74 / 56 64 76 / 62 74 -56 -64 / 57 60 69 76 / 55 -60 -69 -72 / 53 67 70 79 / 52 -67 -70 -79 <END> 
<S> 58 62 67 74 / 57 65 73 76 / 55 61 70 53 / 53 62 74 -70 / 67 72 -53 -62 / 52 67 72 -72 / 53 -67 -72 -79 / 55 67 72 74 / 65 -55 -72 -74 / 43 59 71 74 / 55 64 71 74 / 65 -55 -71 -79 <END> 
<S> 47 67 74 -72 / 65 -47 -67 -74 / 48 65 72 77 / 53 -48 -72 -77 / 47 62 74 79 / 67 -47 -74 -79 / 48 67 72 75 / 74 -67 -72 / 65 68 72 75 / 55 -68 -72 -75 / 56 60 72 -75 / 58 74 -72 -77 / 57 72 75 54 / 55 -72 -75 <END> 
<S> 48 63 72 75 / 60 -48 -72 -75 / 53 65 74 -72 / 55 67 71 -74 / 65 -55 -71 -74 / 48 63 67 72 / 48 63 72 79 / 50 65 77 -72 / 71 -50 -65 -77 / 51 67 72 75 / 53 68 74 -72 / 55 67 71 -74 / 65 -55 -71 -74 <END> 
<S> 50 65 71 77 / 47 62 -65 -77 / 48 67 75 -65 / 63 72 -67 -75 / 55 65 74 -72 / 53 71 -68 -74 / 51 63 67 72 / 62 74 -55 -67 / 60 75 -55 -67 / 55 60 67 74 / 53 59 -67 -74 / 65 -55 -59 -74 / 48 60 63 72 / 50 62 65 -72 / 51 63 67 72 / 53 68 -63 -72 <END> 
<S> 60 67 76 / 53 -60 -67 -75 / 55 59 67 74 / 65 -55 -59 -74 / 39 60 63 72 / 55 -60 -63 -72 / 56 -60 -63 -72 / 58 65 68 74 / 53 -65 -68 -74 / 55 63 70 75 / 56 61 65 -75 / 53 68 -61 74 / 55 59 67 -74 / 56 60 67 72 / 65 -56 -56 -72 <END> 
<S> 55 63 67 75 / 62 -55 -67 -75 / 56 60 65 72 / 53 74 -60 -65 / 51 60 67 75 / 53 -60 -67 -75 / 55 59 67 74 / 65 -55 -59 -74 / 56 60 63 72 / 55 -60 -63 -72 / 53 65 68 74 / 63 -53 -68 -74 / 55 62 67 71 / 65 -55 -62 -71 <END> 
<S> 56 60 67 72 / 65 -56 -60 -72 / 55 62 67 70 / 60 63 67 68 / 56 64 67 72 / 65 -56 -72 / 56 64 72 -72 / 55 65 71 74 / 53 -65 -70 -74 / 51 70 -65 -70 / 53 65 69 -70 / 46 62 -65 -70 / 51 63 67 70 / 56 60 65 68 / 58 64 67 74 / 56 60 63 72 / 55 67 70 -72 <END> 
<S> 53 57 69 74 / 71 -53 -57 -74 / 51 67 72 -58 / 53 -67 -72 -75 / 55 62 70 74 / 67 -55 -62 -74 / 50 60 67 74 / 62 -50 -67 -74 / 52 60 67 70 / 50 65 -60 -67 / 48 60 67 75 / 53 60 68 74 / 55 59 67 74 / 56 60 65 -74 / 60 -56 -60 -65 / 55 59 62 67 <END> 
<S> 51 63 67 70 / 62 -51 -67 -70 / 53 60 65 68 / 51 58 -60 -68 / 56 59 65 / 55 62 -65 -68 / 60 63 68 -46 / 50 62 -68 -75 / 51 63 67 70 / 53 -63 -70 -75 / 55 63 70 75 / 51 -63 -70 -75 / 56 63 70 77 / 62 75 -58 -65 / 46 62 65 77 / 47 62 67 79 <END> 
<S> 63 67 70 -51 / 50 -63 -67 -70 / 48 63 68 72 / 67 -48 -63 -72 / 65 68 74 -56 / 47 63 -68 -74 / 62 65 39 55 / 63 67 75 / 63 68 -75 -75 / 65 74 77 / 60 -65 -74 -77 / 58 62 70 77 / 67 -62 -77 -77 / 60 63 69 -77 <END> 
<S> 58 63 70 74 / 56 60 72 77 / 55 70 75 -60 / 53 56 65 74 / 72 -53 -60 -65 / 55 67 71 -60 / 55 59 62 74 / 48 60 67 75 / 51 58 67 74 / 56 60 65 77 / 55 67 -60 -77 / 53 59 68 -77 / 51 67 75 -68 / 50 65 -68 -74 <END> 
<S> 60 68 75 -51 / 55 -60 -68 -75 / 56 60 65 75 / 55 -60 -65 -75 / 53 60 68 77 / 55 60 67 75 / 53 65 68 74 / 63 72 -53 -68 / 55 62 67 70 / 65 -55 -62 -70 / 56 60 63 72 / 55 58 -63 -72 / 53 56 68 74 / 58 -53 -68 -74 <END> 
<S> 53 65 68 74 / 63 75 -53 -68 / 46 62 65 70 / 55 63 67 -70 / 56 62 68 72 / 60 -56 -65 -68 / 55 65 67 70 / 75 -55 -67 -70 / 56 65 72 77 / 58 -56 -65 -72 / 60 63 66 -72 / 67 -60 -63 -72 / 54 69 72 -75 / 74 -63 -69 -72 / 62 71 -69 -74 / 72 -62 -69 50 <END> 
<S> 57 60 65 72 / 50 65 -72 -72 / 51 63 67 -72 / 53 -63 -67 / 55 62 67 71 / 48 63 67 72 / 56 59 65 72 / 55 58 67 74 / 48 60 67 75 / 68 -48 -60 -75 / 50 62 65 71 / 68 -50 -65 -71 <END> 
<S> 51 60 67 75 / 60 -51 -67 -75 / 53 60 68 74 / 55 59 67 -74 / 65 -55 -67 -74 / 48 63 67 72 / 56 64 71 72 / 55 -64 -68 -72 / 53 56 68 72 / 51 -56 -68 -72 <END> 
<S> 48 63 68 72 / 60 63 67 72 / 58 62 67 70 / 57 63 72 -46 / 55 62 71 74 / 0 / 50 -62 -71 -79 / 51 63 72 79 / 70 -51 -63 -79 / 56 60 68 77 / 74 -60 -65 -77 <END> 
<S> 46 62 65 74 / 63 67 -46 -77 / 65 -43 -67 -74 / 48 63 67 75 / 53 60 65 77 / 71 -53 -60 -77 / 52 60 72 79 / 53 74 -60 -79 / 55 67 71 74 / 65 -55 -71 -74 / 56 63 72 / 53 -63 -72 / 51 55 63 70 / 50 65 -55 -70 <END> 
<S> 53 60 69 72 / 75 -53 -60 -69 -72 / 55 65 71 74 / 55 67 71 74 / 60 67 72 75 / 58 68 74 77 / 56 -68 -74 -77 / 55 70 75 79 / 53 -70 -75 -79 / 51 70 75 79 / 56 72 77 -75 <END> 
<S> 60 63 72 80 / 55 -60 -63 -72 / 53 62 70 79 / 77 -51 -62 -70 / 51 63 67 75 / 53 69 -63 -75 / 55 62 71 77 / 56 60 72 -77 / 55 62 71 79 / 53 -62 -71 -79 / 51 67 71 77 / 50 -67 -71 -79 <END> 
<S> 55 60 65 75 / 53 -60 -65 -75 / 51 67 -60 -65 / 53 59 68 -65 / 62 -53 -68 -68 / 63 67 -53 -62 / 65 -53 -55 -60 / 51 55 60 67 / 53 60 68 / 55 58 67 <END> 
<S> 44 63 65 / 62 -44 -63 -65 / 60 -44 -65 / 47 55 62 -65 / 56 -46 -62 -65 / 39 55 58 63 / 51 58 63 67 / 50 -58 -63 -67 / 48 60 63 69 / 53 60 65 -69 / 58 62 65 67 / 59 62 -65 <END> 
<S> 51 58 65 67 / 50 -58 -65 -67 / 51 60 63 -67 / 53 60 -63 -67 / 55 62 67 -60 / 59 62 -55 -67 / 57 60 -55 -67 / 59 62 -55 -67 / 43 59 67 -62 / 65 -43 -59 -62 / 44 51 60 63 / 43 58 62 70 / 68 -43 -58 -62 / 43 55 60 63 / 58 -43 -55 -63 <END> 
<S> 43 59 62 67 / 45 60 -62 -67 / 43 55 62 72 / 60 -43 -55 -72 / 48 55 60 64 / 46 -55 -60 -63 / 45 53 60 65 / 43 55 59 -65 / 53 57 60 65 / 62 -53 -57 -65 <END> 
<S> 44 53 60 65 / 41 -53 -60 -65 / 43 50 59 67 / 44 51 60 67 / 41 53 62 -60 / 63 -41 -53 -60 / 44 59 -53 -60 / 36 51 55 60 / 51 55 -60 / 50 53 59 -60 / 48 51 55 <END> 
<S> 41 60 48 62 / 43 55 59 62 / 44 51 60 63 / 43 56 60 65 / 41 53 62 -60 / 39 55 60 63 / 47 -55 -60 -63 / 44 60 62 65 / 43 -60 -65 <END> 
<S> 41 56 60 62 / 43 55 59 62 / 53 -43 -59 -62 / 48 51 55 60 / 47 55 62 67 / 45 55 60 69 / 53 59 62 71 / 60 -53 -54 -75 <END> 
<S> 47 55 62 67 / 45 -55 -62 -67 / 47 55 62 / 62 -47 -55 -62 / 48 55 62 64 / 59 -48 -55 -63 / 40 55 60 -64 / 59 62 -55 -52 / 57 59 -55 -62 / 43 59 62 -55 / 53 -43 -59 -62 <END> 
<S> 47 47 55 62 / 48 55 60 64 / 59 -48 -55 -64 / / 55 60 62 / 43 59 64 -55 / 56 -43 -55 -64 / 42 57 -43 -60 / 44 59 -41 -50 / 43 55 59 62 / 43 53 -59 -62 / 45 52 57 61 / 50 57 64 / 62 -57 -57 <END> 
<S> 48 55 60 64 / 47 -55 -60 -64 / 45 57 60 65 / 43 -57 -60 -65 / 45 55 60 64 / 38 -55 -60 -64 / 43 55 59 62 / 53 -43 -59 -62 / 52 -43 -59 -62 / 45 52 60 64 / 47 -52 -60 -64 / 48 57 62 65 / 50 -57 -62 -65 / 59 62 67 -50 / 60 -50 -59 -67 <END> 
<S> 40 55 60 67 / 41 57 -60 -67 / 43 55 59 62 / 57 -43 -55 -62 / 53 -43 55 59 62 / 52 -55 -59 -62 / 50 53 60 64 / 52 -55 -60 -65 / 53 57 60 69 / 55 59 62 -53 / 52 60 -55 -59 / 53 57 62 -60 / 59 50 -53 -62 / 52 55 60 64 / 50 53 -60 -64 <END> 
<S> 52 57 60 67 / 50 -57 -60 -67 / 52 55 60 / 53 59 62 -55 / 52 55 60 64 / 50 57 -60 -64 / 52 59 -60 -64 / 53 57 62 -60 / 59 -53 -57 -62 / 57 -53 -57 -62 / 55 59 -62 / 43 -55 -59 -62 / 48 55 60 64 / 41 57 60 62 / 43 -57 -60 -62 / 53 -43 -60 -62 <END> 
<S> 50 57 62 65 / 59 -50 -62 -65 / 45 60 64 / 43 59 -60 -64 / 42 57 60 62 / 38 -57 -60 -62 / 43 55 59 62 / 55 -43 -59 -62 / 36 52 55 60 / 0 / 52 60 67 72 / 58 -52 -67 -72 <END> 
<S> 48 52 55 60 / 47 62 -52 -55 / 67 -47 -52 -55 / 48 52 -55 -67 / 41 55 62 -55 / 50 71 -55 -55 / 38 53 62 69 / 71 -53 -62 -65 / 52 60 67 72 / 54 69 -60 -72 / 55 67 71 -60 / 59 62 67 -55 / 55 62 69 -67 / 62 66 69 / 43 62 71 -69 <END> 
