<S> 57 64 69 72 / 65 -57 -69 -72 / 55 71 74 -65 / 67 -55 -71 -74 / 60 64 67 76 / 62 69 78 -60 / 59 62 71 79 / 60 -62 -71 -79 / 62 69 79 / 71 -62 -79 / 50 62 72 78 / 55 62 71 79 / 56 64 71 76 / 62 -56 -71 -76 <END> 
<S> 62 69 79 / 71 -62 -79 / 50 62 72 78 / 55 62 71 79 / 56 64 71 76 / 62 -56 -71 -76 / 57 60 69 77 / 59 62 -69 -77 / 60 64 67 76 / 53 65 69 -76 / 65 67 71 74 / 64 -67 -71 -74 / 62 67 72 76 / 62 -67 -72 -76 <END> 
<S> 57 60 69 77 / 55 67 76 -60 / 53 69 74 -60 / 59 67 -53 -74 / 52 60 67 76 / 50 77 -60 -67 / 52 60 67 76 / 53 -60 -67 -76 / 55 67 74 -60 / 59 -55 -67 -74 / 48 64 67 72 / 60 64 72 79 / 53 -64 -72 -79 <END> 
<S> 55 60 67 74 / 59 -55 -67 -74 / 48 64 67 72 / 48 64 67 72 / 54 60 69 74 / 55 59 67 74 / 65 -55 -59 -74 / 57 60 64 72 / 69 -57 -64 -72 / 59 62 67 71 / 60 64 67 72 <END> 
<S> 59 62 67 74 / 60 76 -67 / 59 62 67 74 / 76 -59 -67 -62 / 57 60 69 77 / 55 76 -60 -69 / 53 60 69 74 / 50 -60 -69 -74 / 55 59 67 -74 / 53 60 69 72 / 52 59 67 71 / 50 65 -59 -67 / 57 60 65 77 / 55 59 67 -77 <END> 
<S> 53 60 69 72 / 50 65 69 74 / 64 -60 -69 -74 / 62 65 71 79 / 64 72 -71 -79 / 65 74 81 / 64 67 -74 -81 / 62 66 81 81 / 72 -62 -66 -81 / 55 71 74 79 / 60 64 72 79 / 65 69 72 77 <END> 
<S> 64 67 79 84 / 66 69 74 -84 / 55 71 74 -67 / 61 67 76 / 50 62 -67 -76 / 52 60 67 76 / 53 -60 -67 -76 / 55 59 74 -53 / 52 67 -59 -74 / 54 57 69 72 / 55 64 67 72 / 54 62 69 -72 / 43 62 71 -69 / 64 67 -43 -71 / 65 -47 69 -67 <END> 
<S> 52 60 64 72 / 62 -52 -72 / 47 -52 -67 -72 / 49 65 69 74 / 50 59 -65 -74 / 48 57 64 72 / 50 53 65 71 / 48 52 64 72 / 60 -52 -64 -72 / 55 67 74 -60 / 53 -55 -67 -74 / 65 -55 -55 -74 / 64 -55 -60 -74 / 50 59 62 65 / 47 62 67 74 <END> 
<S> 55 64 69 72 / 54 62 -69 -72 / 55 62 67 71 / 53 59 62 67 / 52 60 67 72 / 50 65 69 74 / 71 -50 -65 -74 / 48 67 72 76 / 52 -67 -72 -76 / 53 69 74 -72 / 50 65 -72 -74 / 55 62 71 -74 / 67 -55 -71 -74 / 65 -55 -71 -74 / 48 64 67 72 / 60 64 67 72 <END> 
<S> 52 67 72 -67 / 53 65 69 -72 / 64 -53 -69 -72 / 55 62 67 71 / 48 64 67 72 / 55 67 71 74 / 55 67 71 74 / 65 -55 -71 -74 / 56 64 71 76 / 57 64 69 -72 / 67 -57 -64 -72 / 62 66 69 / 60 -62 -66 -69 / 59 62 67 71 / 57 60 72 -67 <END> 
<S> 59 71 74 -67 / 60 67 76 / 62 66 74 78 / 64 81 -60 -67 / 59 62 -81 81 / 57 -59 -74 -81 / 55 71 74 79 / 57 69 73 76 / 50 -57 -69 -76 / 52 64 67 79 / 53 69 52 -79 / 55 67 71 74 / 65 69 -55 -74 / 64 67 71 79 / 57 66 69 -79 / 62 71 74 -67 / 60 64 72 57 62 65 -72 56 <END> 
<S> 57 64 69 72 / 50 65 71 74 / 55 64 71 74 / 62 -55 -71 -74 / 48 64 67 72 / 60 67 72 76 / 59 -67 -72 -76 / 57 67 72 76 / 66 -57 -72 -76 / 55 62 71 79 / 53 69 74 81 / 55 76 -53 -69 / 54 60 69 74 / 56 65 71 76 <END> 
<S> 60 67 72 76 / 59 -67 -72 -76 / 57 69 72 77 / 59 62 74 79 / 60 64 72 76 / 65 -60 -72 -76 / 55 67 72 74 / 62 -55 -72 -74 / 55 67 71 74 / 65 -55 -71 -74 / 48 64 67 72 <END> 
<S> 55 67 72 74 / 62 -55 -72 -74 / 55 67 71 -74 / 65 -55 -71 -74 / 48 64 67 72 / 55 58 67 74 / 69 -55 -67 -74 / 70 -55 -62 -74 / 72 -55 -62 -67 / 55 67 71 -55 / 43 -55 -67 -71 / 50 62 69 -55 / 66 -50 -62 -62 <END> 
<S> 55 62 67 71 / 48 60 64 67 / 59 62 67 -48 / 53 60 69 -62 / 51 -60 -60 -69 / 50 59 65 71 / 52 55 60 -71 / 57 -55 -60 -72 / 55 59 62 74 / 52 68 -59 -74 / 57 60 69 -52 / 59 62 67 -76 <END> 
<S> 53 57 62 71 / 50 -53 -62 -71 / 52 55 60 72 / 50 71 -55 -60 / 55 60 62 / 59 -55 -60 / 53 59 -55 / / 52 -55 -60 / 53 -43 50 -60 / 55 59 -50 -66 / 48 55 64 72 / 53 57 62 -72 / 50 55 58 65 / 64 -50 -55 -60 / 45 57 60 65 / 43 59 62 67 <END> 
<S> 55 52 60 67 / 50 57 65 -60 / 59 -50 -50 -65 / 48 55 60 64 / 43 55 60 62 / 59 -43 -55 -62 / 53 -43 -59 -62 / 48 52 55 60 / 40 55 60 67 / 45 -55 -60 -67 / 43 55 62 -60 / 47 -55 -62 -65 / 48 55 60 64 / 52 55 59 67 <END> 
<S> 41 55 62 -60 / 38 53 59 -62 / 43 52 55 -62 / 53 -43 -59 -62 / 48 52 55 60 / 48 60 64 67 / 55 60 67 72 / 69 -60 -55 -72 / 43 62 71 -55 / 50 59 62 67 / 52 55 60 72 / 53 -55 -60 -72 / 52 60 67 -60 / 59 -52 -55 -67 / 57 -52 -67 -67 / 54 62 69 -67 / 62 71 -55 -69 / 49 64 67 69 / 50 62 66 -69 / 60 -50 -66 -69 <END> 
<S> 52 55 72 -64 / 60 -52 -55 -72 / 50 -55 -60 -67 / 43 59 -50 -55 / 48 52 55 60 / 45 52 60 / 53 -45 -60 / 40 55 60 67 / 41 -55 -60 -67 / 43 55 60 62 / 53 59 -43 -62 / 36 52 60 64 / 43 -52 -60 -64 / 45 57 60 65 / 43 55 59 -60 / 53 -43 -59 -60 <END> 
<S> 43 55 60 62 / 53 -43 -60 -62 / 52 -43 -60 -62 / 43 55 59 67 / 55 -43 -59 -67 / 48 52 60 67 / 53 62 -48 -67 / 52 60 67 72 / 58 -52 -67 -72 / 53 57 -67 -72 / 51 65 -57 -72 / 64 -49 -57 -72 / 56 57 65 -48 -72 / 53 60 65 69 <END> 
<S> 48 55 64 72 / 49 55 64 70 / 50 -55 -64 -67 / 52 55 60 67 / 48 -55 -60 -67 / 53 56 59 68 / 51 -53 -63 -68 / 55 61 67 70 / 65 68 -55 -61 / 44 60 65 -55 / 63 -44 -55 -60 / 46 53 62 -60 / 53 60 -53 -60 / 53 59 62 -53 <END> 
<S> 53 60 68 / 51 55 -60 -68 / 50 53 58 70 / 55 -43 -58 -70 / 53 57 60 69 / 55 59 67 -53 / 52 60 63 67 / 53 -60 -63 -67 / 55 62 63 -53 / 52 55 -55 -63 / 50 -55 -60 -67 / 48 -55 -60 -67 / 48 60 65 69 / 50 -60 -65 -69 / 51 58 67 70 / 50 65 -58 -70 <END> 
<S> 55 60 64 72 / 53 56 -63 -72 / 55 62 65 71 / 53 63 69 72 / 51 -63 -69 -72 / 50 65 70 -68 / 51 58 67 -70 / 53 60 69 -67 / 62 -53 -60 -69 / 46 58 62 67 / 43 58 63 70 / 44 60 65 -70 / 41 56 65 74 / -65 -41 -60 -65 <END> 
<S> 46 58 62 65 / 45 53 60 69 / 51 -57 -60 -69 / 50 53 62 70 / 48 51 63 67 / 46 52 60 67 / 45 53 60 65 / 43 55 63 72 / 41 57 62 -63 / 60 -41 -56 -60 / 53 59 62 -53 <END> 
<S> 48 55 60 63 / 46 53 58 62 / 44 -53 -58 -62 / 43 55 58 67 / 63 -43 -58 -67 / 44 60 65 -63 / 46 58 62 -65 / 39 58 63 67 / 41 -58 -63 -67 <END> 
<S> 43 58 63 -63 / 62 -43 -58 -63 / 44 56 60 63 / 46 56 62 65 / 39 55 58 63 / 46 55 62 67 / 56 60 65 / 51 55 58 -65 / 44 53 60 63 / 50 53 58 62 <END> 
<S> 56 63 65 / 55 -44 -63 -65 / 46 56 62 -65 / 58 -46 -62 -65 / 39 58 60 63 / 55 58 63 / 51 55 60 / 53 -55 -60 -63 / 55 60 62 / -55 -60 -62 / 43 59 -55 -62 / 53 -43 -59 -59 <END> 
<S> 56 62 63 / 55 60 -56 -63 / 53 56 62 -56 / 55 -53 -56 -62 / 51 55 58 / 50 53 -58 -67 / 48 51 67 -58 / 53 -51 -67 / 51 55 67 70 / 50 65 70 -55 / 48 63 72 / 53 -48 -64 -72 / 55 63 -48 -72 / 46 62 67 -63 / 48 -46 -62 -67 <END> 
<S> 51 55 67 72 / 50 -55 -67 -72 / 48 60 67 74 / 53 59 -67 -74 / 51 56 65 72 / 50 -65 -72 / 48 63 67 72 / 51 60 -67 -72 / 55 67 74 -72 / 71 -55 -67 -74 / 56 63 72 / 60 -56 -63 -72 / 55 63 67 72 / 53 68 74 -67 <END> 
<S> 56 60 67 72 / 55 65 -67 -72 / 53 56 -65 -72 / 59 -53 -65 -68 / 60 -53 -68 / / 56 60 72 / / 74 -56 -60 -72 / 55 62 67 71 / 53 -62 -67 -71 / 51 63 67 72 / 53 69 -63 -72 / 55 62 71 74 / 60 67 72 76 / 65 69 74 77 / 59 -65 -74 -77 / 63 70 79 / 53 -63 -70 -79 <END> 
<S> 60 63 72 80 / 62 65 -72 -80 / 63 70 79 -65 / 63 -55 -70 -79 / 56 65 72 77 / 53 75 -65 -77 / 63 70 75 79 / 69 -63 -75 -79 / 58 70 75 77 / 56 72 75 77 / 58 70 74 -77 / 55 70 75 79 / 56 -70 -75 -79 58 51 68 74 77 / 72 75 -63 -68 <END> 
<S> 56 68 72 75 / 58 65 70 74 / 51 58 79 -70 / 77 -51 -58 -70 / 48 63 72 -58 / 67 -48 -63 -72 / 53 65 68 -72 / 63 -53 -68 -72 / 55 62 67 71 / 55 62 67 71 / 60 63 67 72 / 62 -60 -67 -72 <END> 
<S> 51 63 67 72 / 60 -51 -67 -72 / 54 57 69 74 / 72 -54 -57 -69 / 55 62 67 70 / 70 -55 -62 -70 / 50 63 67 72 / 65 -50 -67 -72 / 55 67 74 -72 / 71 -55 -67 -74 / 71 -55 -67 -74 / 65 -55 -71 -74 <END> 
<S> 55 62 67 71 / 55 59 62 67 / 55 70 75 / 51 -55 -70 -75 / 50 65 70 74 <END> 
<S> 55 62 67 70 / 53 -62 -67 -70 / 51 63 67 72 / 48 -63 -67 -72 / 46 65 70 74 / 53 -65 -70 -74 / 55 63 70 80 / 77 -55 -63 -70 / 56 63 72 / 55 71 -63 -72 <END> 
<S> 58 65 70 / 63 -58 -70 / 46 62 65 70 / 67 -46 -62 -70 / 48 63 69 79 / 50 65 77 -60 / 52 60 67 75 / 53 -60 -67 -75 / 55 60 67 74 / 59 -55 -67 -74 / 65 -55 -59 -74 <END> 
<S> 55 59 67 75 / 53 60 68 74 / 55 59 67 74 / 65 -55 -59 -74 / 48 60 63 72 / 56 60 72 77 / 62 -56 -72 -77 <END> 
<S> 55 60 67 75 / 53 -60 -67 -75 / 55 59 74 -67 / 65 -55 -59 -74 / 48 60 63 72 / 48 63 72 79 / 50 65 77 -72 / 71 -50 -65 -77 / 51 67 72 75 / 53 68 74 -72 <END> 
<S> 48 63 68 72 / 50 65 -68 -72 / 51 67 70 / 47 -51 -67 -70 / 48 65 68 74 / 67 -48 -65 -74 / 47 65 67 74 / 75 -47 -67 / 41 65 68 74 / 47 -65 -68 -74 / 48 67 72 75 / 58 -67 -72 -75 / 56 64 71 77 / 55 62 75 79 / 60 -55 -72 -79 <END> 
<S> 47 62 67 74 / 48 63 67 72 / 68 -48 -63 -72 / 50 65 70 0 / 51 58 67 -70 / 53 60 65 69 / 55 -60 -65 -69 / 53 60 65 68 / 58 65 -53 -68 / 60 67 72 -65 / 63 -60 -67 -72 <END> 
<S> 56 60 63 -67 / 65 -56 -60 / / 55 65 -60 -70 / 53 -60 -65 -68 / 59 62 67 -53 / 52 60 67 -46 / 65 -52 -60 -67 / 50 60 65 -55 / 53 -50 -60 -65 / 51 55 60 67 / 53 60 -60 -67 / 55 59 62 67 / 56 60 -55 59 / 62 -56 -55 -60 <END> 
<S> 51 55 60 63 / 50 -55 -60 -63 / 48 55 62 65 / 47 -55 -62 -65 / 48 55 60 63 / 44 51 60 65 / 41 -51 -60 -65 / 46 50 58 -65 / 39 39 58 63 / 51 58 63 67 / 51 60 63 -67 / <END> 
<S> 44 51 60 65 / 41 -51 -60 -65 / 46 50 58 -65 <END> 
<S> 48 63 67 / 60 -48 -63 -67 / 50 63 65 70 / 46 62 -65 -70 / 51 58 67 -65 / 60 63 -51 -67 / 62 65 -51 -58 <END> 
<S> 58 62 70 74 / 56 60 72 / 55 70 75 -60 / 53 68 -60 -75 / 55 60 65 74 / 56 67 71 -74 / 65 72 -56 -71 <END> 
<S> 56 60 65 72 / 55 67 -60 -72 / 53 65 68 72 / 47 62 67 74 / 67 -47 -74 / 65 -43 -59 -74 / 48 55 63 72 / 60 63 67 / 59 -60 -67 <END> 
<S> 48 63 67 72 / 60 63 -48 -72 / 55 58 62 74 / 67 -55 -58 -74 / 56 72 -62 -67 / 65 -56 -56 -72 / 55 62 67 / 53 60 65 68 / 55 59 67 -65 / 56 60 65 -67 / 58 62 65 / 56 60 63 69 / 55 -60 -63 -72 <END> 
<S> 55 60 63 70 / 53 -60 -63 -70 / 55 58 63 70 / 53 -59 -63 -70 / 55 58 63 70 / 53 60 -63 -70 / 56 62 65 -70 / 55 63 67 70 / 62 65 -55 -70 / 60 63 67 72 / 58 62 70 77 / 68 -58 -62 -77 / 75 -58 -62 -68 <END> 
<S> 53 62 65 68 / 55 63 70 -68 / 56 65 68 72 / 67 72 -56 -65 / 48 64 67 72 / 53 65 68 72 / 63 -53 -68 -72 / 62 65 68 74 / 58 65 -68 -74 / 67 -58 49 -74 / 65 72 -58 -74 <END> 
<S> 56 65 68 72 / 74 -56 -65 -68 / 60 63 67 75 / 58 62 -67 -75 / 53 68 72 77 / 55 67 71 79 / 56 63 72 79 / 53 72 80 -63 / 62 -53 -72 -80 / 58 63 79 -77 / 68 -58 -62 -79 / 59 67 74 -51 <END> 
<S> 53 63 72 80 / 70 -53 -63 -72 / 58 62 70 80 / 63 -58 -70 -77 / 56 60 68 77 / 55 60 75 79 / 53 68 74 -60 / 55 59 67 74 / 56 60 65 -74 / 48 67 75 -65 / 60 63 -67 -75 <END> 
<S> 56 60 68 77 / 55 75 -60 -68 / 55 59 67 74 / 65 -55 -59 -74 / 56 60 63 72 / 55 64 70 79 / 53 60 65 77 / 59 62 67 77 / 60 67 75 -53 / 55 59 67 74 <END> 
<S> 56 63 68 72 / 67 -56 -63 -72 / 50 65 68 74 / 48 63 67 75 / 50 65 68 74 / 67 70 -50 -65 / 68 -50 -65 -72 / 51 63 67 70 / 62 -51 -67 -70 / 53 60 65 69 / 55 63 67 70 / 57 62 65 72 60 <END> 
<S> 50 65 70 74 / 51 -65 -70 -74 / 55 63 70 75 / 72 -55 -63 -75 / 53 74 77 -63 / 62 71 -53 -77 / 51 60 72 79 / 50 -63 -72 -79 / 48 63 72 79 / -63 -72 43 -79 / 58 -67 -72 60 / 68 72 -58 -60 / 55 62 74 -72 / 54 69 -55 -74 <END> 
<S> 48 67 72 75 / 60 66 -72 -75 / 55 67 71 74 / 63 -55 -67 -74 / 62 -55 -67 -71 / 48 63 67 72 / 57 67 72 -48 / 52 60 67 -72 / 50 53 -67 -72 / 51 55 62 -67 / 60 -51 -55 -67 / 50 53 65 69 / 59 -50 -65 -68 / 51 60 67 -65 / 63 -60 -67 / 62 65 -60 / 59 60 67 <END> 
<S> 55 62 70 -69 / 50 54 -62 -70 / 51 55 60 67 / 48 60 64 -67 / 48 55 64 67 / 60 -48 -64 -67 / 41 56 65 -60 / 58 60 -41 -65 / 48 55 60 64 67 / 53 60 65 68 / 51 58 67 73 / 53 68 -58 -75 / 55 60 70 75 / 53 68 77 -75 / 55 67 75 / 70 -55 -67 -75 <END> 
<S> 49 53 65 68 / 48 63 -53 -68 / 46 61 65 68 / 44 -61 -65 -68 / 46 61 67 -65 / 44 60 68 -65 / 46 61 65 70 / 44 60 63 -65 / 41 56 65 -60 / 63 -41 -56 -60 / 43 55 59 62 / 44 60 -53 63 / 46 53 62 -60 <END> 
<S> 44 63 68 72 / 60 -44 -68 -72 / 47 62 67 41 / 65 -47 -62 -67 / 48 60 64 67 / 53 60 65 68 / 62 -53 -65 -68 / 55 63 67 70 / 65 68 -55 -63 / 60 63 67 75 / 62 -55 -67 -75 / 53 65 70 74 / 50 -65 -70 -74 <END> 
<S> 51 58 67 75 / 63 -51 -67 -75 / 65 68 -51 -58 / 70 63 -68 / 69 -63 -70 / 62 65 70 / 60 63 69 -65 / 58 62 70 77 / 58 -62 -70 -77 / 68 -58 -62 -77 / 51 63 67 79 / 50 65 69 -79 / 51 63 70 79 / 53 -63 -70 -79 / 55 60 63 -69 / 56 -60 -63 -67 <END> 
<S> 51 63 70 79 / 55 -63 -70 -79 / 53 63 70 79 / 51 -63 -70 -79 / 56 60 68 77 / 62 -56 -60 -77 / 55 63 67 75 / 53 68 77 -75 / 74 -53 -68 -77 / 51 67 75 79 / 63 72 -75 / 62 65 72 56 / 63 -56 -72 -77 / 58 65 70 74 / 68 -58 -65 -74 <END> 
<S> 53 68 74 77 / 55 67 -74 -77 / 56 74 -67 -74 / 72 -56 -60 / 55 59 67 74 / 53 72 -67 / / 55 67 72 74 / 65 -55 -72 -74 / 56 63 72 / 59 -56 -63 -72 / 68 60 65 -56 / 47 55 67 68 / 68 -47 65 -67 <END> 
<S> 56 63 68 72 / 55 65 -68 -72 / 53 61 67 70 / 52 60 -67 -70 / 53 60 67 68 / 55 63 67 -60 / 53 60 65 68 / 58 65 -53 -68 / 56 65 -53 -68 / 55 63 67 / 43 62 67 -67 / 59 -43 -67 -67 <END> 
<S> 55 58 63 70 / 56 60 -63 -70 / 62 65 -56 -60 / 55 58 63 67 / 53 62 68 -55 / 53 63 -53 -68 / 51 59 67 / / 60 65 68 / 62 65 -41 -68 / 43 62 63 70 / 44 60 -63 -70 / 41 60 62 65 / 60 63 / 69 -60 -75 <END> 
<S> 41 60 65 68 / 62 63 -41 -68 / 60 63 66 67 / 59 62 -63 -67 / 45 60 63 72 / 46 58 62 -72 / 54 57 63 -72 / 55 62 67 70 / 60 63 -67 -70 / 59 62 67 -70 / 57 60 72 -67 / 55 58 67 74 <END> 
<S> 59 62 67 68 / 60 63 -67 -68 / 62 65 67 -45 / 63 -62 -67 / 55 59 62 67 / 60 63 67 / 59 -60 -63 -67 / 57 60 65 75 / 58 62 65 74 / 75 -58 -65 -69 / 48 65 68 77 / 47 62 67 74 / 48 60 67 75 / 75 -48 -60 -75 <END> 
<S> 60 63 67 / 59 -60 -67 / 54 60 69 75 / 55 62 71 74 / 55 67 71 74 / 60 67 72 75 / 58 -67 -72 -75 / 57 60 72 77 / 70 -57 -60 -77 / 58 65 69 -77 / 60 -65 -69 -77 / 58 62 70 77 / 63 70 79 / 62 77 -70 / 56 60 72 77 / 55 -60 -72 -77 <END> 
