<S> 53 56 60 68 / 62 -53 -56 -68 / 51 55 63 70 / 56 63 72 / 65 -56 -72 / 55 63 67 70 / 53 62 -67 -70 / 51 60 67 75 / 53 -60 -67 -75 / 55 59 67 74 / 72 -55 -59 -67 / 48 63 67 72 / 55 62 67 70 <END> 
<S> 55 60 67 75 / 53 -60 -67 -75 / 55 59 67 74 / 65 -55 -59 -74 / 48 60 63 72 / 48 63 72 79 / 50 65 72 77 / 71 -50 -65 -77 / 51 67 72 75 / 53 68 72 74 / 55 63 -68 -74 / 56 60 68 51 / 59 -56 -60 -68 <END> 
<S> 50 65 70 74 / 51 63 -70 -74 / 53 65 68 72 / / -65 -68 -72 / 55 67 71 74 / 65 -55 -71 -74 / 48 63 67 72 / 46 65 70 74 / 48 67 70 75 / 53 68 72 74 / 55 67 71 -74 / 56 65 72 / 56 74 -65 -72 <END> 
<S> 53 68 -58 74 / 51 67 72 / 55 70 74 -67 / 58 65 -70 / 56 62 65 70 / 48 55 63 72 / 53 56 62 65 / 55 59 62 67 / 55 59 62 67 / 60 -55 -62 -67 <END> 
<S> 56 60 63 72 / 55 58 -63 -72 / 53 56 65 74 / 55 58 -65 -74 / 56 60 63 72 / 50 65 70 -60 / 58 63 67 75 / 53 68 -58 -75 / 55 74 -58 / 60 -55 -74 -80 / 55 67 71 -60 / 53 59 -67 -71 / 52 60 67 72 / 70 -52 -60 -67 <END> 
<S> 55 59 67 75 / 53 56 65 74 / 51 58 67 -65 / 56 63 65 -46 / 62 -56 -65 -68 / 55 60 63 67 / 53 65 68 -60 / 55 58 67 -65 / 56 60 63 -67 / 53 58 65 -63 / 46 62 -58 -65 / 61 -46 -58 -65 / 51 58 63 67 / 50 65 -58 -67 <END> 
<S> 57 60 65 65 / 58 64 -65 / 57 60 65 72 -51 / 53 -65 -68 -72 / 46 65 70 74 / 63 67 70 75 / 65 68 74 <END> 
<S> 53 68 74 -67 / 65 -53 -68 -74 / 55 67 70 -74 / 72 -55 -67 -70 / 50 -55 -67 -72 / 48 67 74 -55 / 58 60 -67 -70 / 51 58 67 75 / 55 -51 -63 -79 / 53 56 62 77 / 55 60 -62 -77 <END> 
<S> 46 58 65 74 / 62 77 -58 -65 / 56 60 65 75 / 58 65 70 74 / 68 -58 -65 -74 / 51 63 67 75 / 65 74 -51 -51 / 67 72 75 -51 -67 / 50 65 68 77 / 51 67 70 75 / 55 -67 -70 -75 / 56 68 72 77 / 58 74 -68 -77 <END> 
<S> 48 67 72 75 / 60 68 -72 -75 / 55 67 70 74 / 65 70 -55 -74 / 56 63 72 / 65 74 -56 -72 / 55 67 71 75 / 53 68 74 77 / 55 -68 -74 -77 / 56 -68 -74 -77 / 72 -56 38 -77 / 55 74 -65 -72 / 71 -55 -67 -74 / 48 63 67 72 / 60 63 67 72 <END> 
<S> 59 68 74 / 60 67 -74 / 55 59 67 74 / 53 -59 -67 -74 / 51 60 67 72 / 58 65 74 / 56 60 65 72 / 55 62 67 71 / 53 -62 -67 -71 / 51 60 67 72 / 48 -60 -67 -72 / 50 60 67 74 / 59 68 -53 -75 / 51 60 67 75 / 53 -60 -67 -75 <END> 
<S> 48 63 67 72 / 60 67 72 75 / 55 67 70 74 / 53 67 70 75 / 65 68 77 -53 / 67 75 -53 -68 / 51 63 67 70 / 62 65 -51 -70 / 53 63 70 72 / 55 58 70 75 <END> 
<S> 51 67 70 75 / 53 -67 -70 -75 / 55 58 -67 -75 / 56 60 65 77 / 50 58 -65 -77 / 51 58 67 79 / 60 63 67 -79 / 53 60 68 77 / 55 59 67 -77 / 56 60 68 -77 / 75 -60 -68 <END> 
<S> 56 60 68 77 / 53 60 68 -77 / 52 60 68 79 / 58 -52 -67 -75 / 53 57 65 72 / 47 68 -53 -65 / 48 60 63 -68 / 67 -48 -60 -77 / 50 59 67 74 / 51 60 67 / 53 62 65 70 / 63 63 79 -70 / 59 62 65 71 <END> 
<S> 47 62 65 79 / 48 63 67 75 / 74 -48 -67 -75 / 50 65 74 77 / 71 -50 -65 -77 / 51 67 72 75 / 53 -67 -72 -75 / 55 67 72 74 / 71 -55 -67 -74 / 65 -55 -71 -74 / 56 63 72 / 68 -56 -63 -72 / 70 -56 -63 <END> 
<S> 53 68 74 / 55 -68 -74 / 65 -55 -74 / 56 72 -65 / 64 55 71 -67 / 63 -56 -67 -71 / 60 63 67 48 / 60 -63 -67 / 55 59 62 67 / 55 60 67 70 / 53 60 68 -67 / 51 60 67 -67 / 65 -51 -60 -67 <END> 
<S> 56 60 63 72 / 55 65 -63 -72 / 53 -56 -65 -72 / 51 55 71 -65 / 63 -55 -67 -71 / 62 -55 -67 -71 / 60 63 67 68 / 58 62 -67 -70 / 48 63 68 72 / 50 65 -68 -72 / 51 67 67 -65 / 63 -51 -67 -67 / 58 65 -51 -67 / 62 65 -58 -65 / 60 63 -65 / 58 62 65 70 / 56 -62 -65 -70 <END> 
<S> 65 63 67 72 / 51 -63 -67 -72 / 53 68 72 -67 / 58 65 74 -72 / 56 60 -65 -74 / 55 58 70 75 / 53 60 68 77 / 62 -53 -68 -77 / 51 63 67 79 / 62 -51 -67 -79 / 60 63 72 -51 / 53 58 74 -68 / 56 72 -53 -74 / 55 74 -53 -60 / 72 -55 -60 -68 / 55 59 67 74 / 65 -55 -59 -74 <END> 
<S> 55 60 67 75 / 53 -60 -67 -75 / 55 60 67 74 / 43 59 -67 -74 / 65 74 -55 -59 / 48 55 63 72 / 48 63 72 79 / 50 65 72 77 / 71 -50 -65 -77 / 51 67 72 75 / 53 -67 -72 -75 / 55 67 71 74 / 51 58 67 79 / 60 -51 -58 -79 <END> 
<S> 50 65 -72 74 / 71 -50 -65 -74 / 48 67 72 75 / 60 68 74 77 / 72 75 -56 -60 / 55 74 70 74 / 53 67 70 -74 / 51 63 -70 -74 / 72 -51 -63 -72 / 50 74 77 -72 / 51 70 75 -68 / 53 68 68 74 <END> 
<S> 53 68 72 74 / 55 -68 -72 -74 / 56 -68 -72 -74 / 55 70 75 -60 / 56 60 68 -75 / 58 62 68 74 / 63 67 -58 -74 / 65 -55 -63 -74 / 48 63 67 72 / 0 / 56 64 71 72 / 55 -64 -67 -72 <END> 
<S> 48 63 68 72 / 67 -48 -63 -74 / 50 65 70 72 / 46 62 65 68 / 48 60 67 75 / 58 -60 -67 -75 / 56 60 72 77 / 55 -60 -72 -77 / 53 60 70 79 / 51 -60 -70 -79 / 53 60 68 77 / 55 75 -60 -68 <END> 
<S> 56 60 72 77 / 70 -56 -60 -77 / 55 72 75 / 53 74 77 / 55 67 75 / 65 74 -55 -59 / 56 60 63 72 / 55 58 -63 -72 / 53 60 68 77 / 55 67 70 75 / 56 60 -67 -75 / 58 60 65 74 / 56 59 -65 -74 <END> 
<S> 56 60 65 75 / 55 -60 -63 -72 / 53 65 68 74 / 59 75 -65 -68 / 60 63 67 72 / 58 62 -67 -72 / 56 60 65 72 / 55 74 -60 -72 / 53 68 72 74 / 55 67 71 -74 / 65 -55 -71 -74 / 48 63 67 72 / 60 63 72 79 / 58 -63 -72 -79 <END> 
<S> 53 68 74 -72 / 65 -53 -72 -74 / 55 62 71 -74 / 67 -55 -71 -74 / 48 63 67 72 / 60 63 67 75 / 58 62 -67 -75 / 56 60 72 77 / 55 70 -60 -77 / 53 65 69 72 / 74 -53 -65 -69 / 55 58 67 75 / 57 60 -67 -75 <END> 
<S> 56 60 72 77 / 58 74 -72 -77 / 53 68 72 75 / 55 67 -72 -75 / 53 74 -67 -72 / 55 67 71 -74 / 56 62 71 -74 / 55 72 -59 -71 / 57 65 71 72 / 55 67 -65 -71 / 51 63 67 69 / 50 -63 -67 -70 / 48 62 67 72 / 71 -48 -55 -64 <END> 
<S> 57 60 72 -67 / 65 -57 -72 / 46 58 67 74 / 56 65 -67 -74 / 55 63 67 72 / 53 62 68 74 / 60 67 -53 -68 / 55 59 67 74 / 57 -55 -67 -74 / 43 59 67 -74 / 55 59 67 74 / 53 -59 -67 -74 <END> 
<S> 55 59 67 74 / 55 59 67 74 / 48 60 67 75 / 53 60 68 74 / 72 -53 -60 -68 / 55 59 67 74 / 65 -55 -59 -74 / 48 60 63 72 / 55 67 74 -72 <END> 
<S> 56 60 67 72 / 65 74 -56 -60 / 55 58 67 75 / 57 60 65 72 / 58 62 74 / 53 -58 -62 -74 / 55 58 70 75 / 56 60 -70 -75 / 58 62 68 74 / 57 60 72 -74 / 55 70 -60 -75 / 53 65 68 74 / 63 -53 -68 -74 / 55 62 67 71 <END> 
<S> 55 63 70 75 / 74 -55 -63 -70 / 56 72 -63 / 55 64 70 -72 / 53 65 68 72 / 55 67 70 -65 / 56 60 65 68 / 58 -60 -65 -68 / 60 67 -65 / 64 -60 -67 -70 / 56 65 68 72 / 58 -65 -68 -72 / 60 -65 -68 -72 / 58 62 70 79 / 57 63 72 -70 / 55 65 70 74 <END> 
<S> 60 63 67 / 56 60 72 -67 / 65 -56 -60 -72 / 55 59 67 74 / 48 60 67 75 / 51 59 67 74 / 60 67 75 / 58 -60 -67 -75 / 56 60 68 75 / 55 -60 -68 -75 / 53 60 68 77 / 51 -60 -68 -77 <END> 
<S> 60 67 75 / 58 -60 -67 -75 / 56 60 68 75 / 55 -60 -68 -75 / 53 60 68 74 / 55 59 67 -74 / 56 60 65 72 / 63 -56 -60 -72 / 55 62 67 71 / 48 63 67 72 / 53 60 65 69 <END> 
<S> 56 60 65 72 / 58 62 74 -68 / 60 63 67 75 / 68 -60 -63 -75 / 58 65 70 74 / 56 67 72 76 / 77 -56 -72 / 55 67 70 75 / 65 -55 -70 -75 / 63 -55 -70 -75 / 56 62 68 77 / 58 60 -68 -77 <END> 
<S> 63 67 70 79 / 62 65 -67 -70 / 60 67 75 -65 / 58 62 74 77 / 56 63 71 -74 / 55 63 72 75 / 53 65 74 -72 / 55 67 71 -74 / 65 -55 -71 -74 / 48 63 67 72 / 55 67 71 74 <END> 
<S> 53 68 72 74 / 53 -67 -72 -74 / 55 62 71 74 / 65 -55 -71 -74 / 48 63 67 72 / 60 63 67 75 / 69 -60 -63 -75 / 58 65 70 74 / 56 -65 -70 -74 / 55 67 70 75 / 69 72 -75 <END> 
<S> 63 67 -58 -70 / 57 65 -63 -70 / 58 63 -65 -70 / 56 62 65 70 / 55 58 63 70 / 53 63 68 -58 / 51 58 63 67 / 56 60 65 -51 / 55 58 63 70 / 53 -58 -63 -70 / 51 63 68 70 / 53 65 68 -70 <END> 
<S> 53 57 65 68 / 58 63 -56 -68 / 55 62 67 -58 / 56 60 65 / 58 55 60 67 / 53 58 65 / 56 -53 -65 / 55 58 67 75 / 41 60 65 68 / 46 58 62 67 <END> 
<S> 53 60 65 68 / 51 -60 -65 -68 / 50 58 65 70 / 68 -50 -58 -65 / 51 58 63 67 / 50 -58 -63 -67 / 48 63 -58 -67 / 56 -48 -63 -67 / 53 56 60 65 / 58 62 -53 -65 / 51 60 63 67 / 50 58 65 68 / 51 58 63 67 <END> 
<S> 44 60 65 -51 / 46 58 62 -65 / 51 54 63 -46 / 50 58 65 -55 / 56 60 -50 -65 / 47 55 62 67 / 43 55 59 63 / 48 51 60 67 / 48 51 60 67 / 58 -48 -51 -67 <END> 
<S> 48 51 55 -62 / 60 -48 -51 -55 / 50 53 58 62 / 41 -53 -58 -62 / 43 51 55 60 / 48 52 60 67 / 53 -48 -60 -67 / 41 55 60 67 / 58 -48 -55 -67 / 45 53 56 65 / 43 -53 -56 -65 / 41 56 -53 -65 / 43 55 58 64 / 41 56 60 65 <END> 
<S> 44 51 60 65 / 41 -51 -60 -65 / 43 50 58 -65 / 39 55 58 63 / 51 55 60 / 70 -55 -51 / 51 53 60 69 / 50 -60 -60 -69 / 51 58 67 / 50 65 -58 -67 / 51 63 67 -58 / 60 -51 -63 -67 / 59 62 67 / 55 60 -67 -67 / 60 62 67 / 58 -60 -67 -67 / 54 60 69 -67 / 62 66 -60 -69 / 60 -60 -66 -69 <END> 
<S> 48 55 63 72 / 50 65 -55 -72 / 51 60 63 -72 / 62 -51 -51 -72 / 51 60 67 70 / 53 -60 -67 -70 / 55 62 67 71 / 56 60 65 72 / 62 -56 -65 -72 / 55 63 67 72 / 62 65 -55 -72 / 60 64 67 -55 / 58 62 68 -55 / 53 57 60 72 / 51 -57 -60 -72 <END> 
<S> 56 60 63 72 / 55 -60 -63 -72 / 53 65 68 72 / 54 63 69 -72 / 62 -54 -69 -72 / 55 62 71 -69 / 67 -55 -62 -71 / 65 -55 -67 -71 / 48 63 67 72 / 60 63 67 72 <END> 
<S> 43 59 67 74 / 65 -43 -59 -74 / 48 60 63 72 / 62 74 -48 -55 / 60 75 -55 57 / 74 -60 59 67 / 43 58 67 75 / 74 -43 -58 -67 <END> 
<S> 43 62 67 70 / 63 -43 -67 -70 / 44 60 65 -63 / 56 59 -65 -65 / 63 -56 -59 -65 / 60 -56 -65 / 55 67 -60 -65 / 59 62 -55 -67 / 55 58 60 67 / 53 60 68 -67 / 51 -60 -67 -68 / 50 59 65 68 / 62 -50 -65 -68 <END> 
<S> 56 60 63 -51 / 55 70 -60 -63 / 53 60 68 -67 / 65 -53 -60 -68 / 46 62 65 70 / 46 62 65 -70 / 51 58 63 67 / 50 -58 -63 -67 / 48 55 63 -67 / 66 -48 -55 -63 / 55 62 -48 -63 / 59 67 -55 -63 / 55 62 71 -48 / 50 55 -62 -71 / 51 55 60 67 / 53 -51 -60 -67 <END> 
<S> 48 63 67 72 / 50 62 65 71 / 51 67 -62 -65 / 53 60 63 69 / 55 -60 -69 / 60 65 67 / 58 -60 -65 / 57 60 65 -60 / 58 62 65 / 53 57 60 69 / 62 66 -57 -69 / 55 58 67 70 / 60 63 -55 -67 <END> 
<S> 57 60 65 72 / 55 59 74 / 53 60 67 72 / 65 68 -60 -72 / 62 65 67 71 / 53 -62 -67 -71 / 60 63 67 72 / 58 62 -67 -72 / 57 60 65 72 / 55 67 -60 -72 / 53 60 69 72 / 51 63 -69 -72 / 50 65 77 -72 / 71 -50 -65 -77 <END> 
<S> 60 64 67 72 / 58 62 -67 -72 / 54 57 62 74 / 55 59 62 72 / 54 62 -59 -62 / 60 60 -54 -62 / 55 59 62 67 / 55 60 63 69 / 53 -60 -63 -69 / 55 60 62 67 / 59 -55 -62 -67 / 57 60 65 -62 / 55 59 62 -65 / 48 55 60 63 / 53 65 68 -60 / 51 60 67 <END> 
<S> 55 59 62 67 / 60 -55 -62 -67 / 43 60 62 -67 / 53 59 -43 -67 / 48 52 60 67 / 41 53 60 68 / 60 -41 -53 -68 / 46 53 62 70 / 63 -53 -58 -70 / 55 58 65 70 / 53 63 69 72 / 46 62 65 70 / 55 58 67 75 / 53 60 65 -75 <END> 
<S> 46 53 62 70 / 68 -53 -53 -62 / 55 58 62 67 / 56 -58 -62 -67 / 55 60 63 / 58 62 -55 -60 / 55 60 63 / 59 -55 -60 -63 / 55 59 62 / 53 -55 -59 -62 / 48 51 55 60 / 48 60 63 67 / 50 65 -60 -63 <END> 
<S> 55 60 62 -51 / 50 53 -60 -62 / 43 55 59 62 / 53 -43 -59 -62 / 48 51 55 60 / 48 51 60 67 / 58 -51 -67 -63 / 44 56 60 65 / 43 55 59 62 / 53 55 59 62 / 52 -55 -59 -62 / 50 53 60 65 / 59 -50 -53 -65 <END> 
<S> 44 51 60 62 / 43 -51 -60 -63 / 44 59 -43 -60 / 39 51 60 63 / 41 56 -60 -63 / 41 55 62 65 / 53 63 -62 / 43 59 62 -55 / 53 -43 -59 -62 / 36 51 55 60 / 51 55 58 67 <END> 
<S> 41 56 60 62 / 43 55 59 -62 / 53 -43 -59 -62 / <END> 
<S> / 63 70 79 / 62 -63 -70 -79 <END> 
<S> -71 48 63 72 / 60 -48 -63 -72 <END> 
<S> <END> 
<S> 40 55 62 72 / 38 -55 -62 -72 <END> 
<S> 62 65 69 / 50 -62 -65 -69 / 51 58 65 67 / 52 60 -65 -67 <END> 
<S> -55 -62 -70 / -75 60 67 -62 / 62 -60 -67 -70 / 60 63 67 72 / 58 62 -67 -72 <END> 
<S> 60 67 75 / 58 -60 -67 -75 / 57 60 65 77 / 55 67 75 -60 / 53 59 74 -67 / 65 -59 -53 -74 / 51 60 67 67 / 74 -60 -67 -67 <END> 
<S> 65 68 72 / / -65 -68 -72 / 64 70 -56 / 55 62 67 -70 / 53 60 65 68 / 51 67 -60 -65 / 53 60 65 68 / 62 -53 -65 -68 / 51 63 67 70 / 65 -51 -63 -70 / 56 63 68 72 / 62 -56 -63 -72 <END> 
<S> 53 62 68 / 60 -53 -68 / 46 58 62 70 / 48 63 68 72 / 51 -63 -68 -72 / 50 62 65 70 / 51 -62 -65 -70 / 53 59 62 67 / 60 -53 -67 -79 / 55 60 67 74 / 59 -55 -67 -74 / 48 63 67 72 / 68 -48 -63 -72 <END> 
<S> 55 59 67 75 / 60 -55 -67 -75 / 62 74 -55 -60 / 59 -55 -62 -74 / 56 60 64 72 / 65 74 -56 -60 / 55 59 67 75 / 56 60 -67 -75 / 58 62 74 -67 / 56 63 72 75 / 55 65 -72 -75 / 53 75 -72 77 / 51 67 -72 -80 / 50 65 71 -80 / 55 67 70 75 / 65 -55 -70 -75 <END> 
<S> 60 63 67 75 / 58 62 -67 -75 / 56 60 72 77 / 55 70 75 -60 / 53 68 72 74 / 50 74 -68 -74 / 55 62 71 -74 / 72 -55 -71 -74 / 65 -55 -72 -74 / 48 63 67 72 / 55 63 72 79 / 53 65 72 -79 / 71 -53 -65 -80 / 51 63 72 79 / 53 -63 -72 -79 / 55 58 70 79 <END> 
<S> 48 63 68 72 / 67 -48 -63 -72 / 50 65 69 72 / 70 -50 -65 -72 / 53 65 69 72 / 63 74 -53 -69 / 61 65 70 76 / 58 -61 -70 -76 / 56 60 68 77 / 58 62 70 77 / 51 63 70 79 / 63 -63 -70 -79 <END> 
