<S> 55 58 63 70 / 56 63 72 / 51 55 63 70 / 53 56 -63 -70 / 55 58 63 75 / 56 60 65 -75 / 58 67 75 / 68 -58 -75 / 46 58 65 74 / 51 58 67 75 / 48 60 67 75 <END> 
<S> 0 / 67 75 -55 -60 / 53 60 69 -67 / 62 65 71 -69 / 63 -62 -65 -70 / 65 70 -65 / 60 -65 -70 / 62 65 69 -60 / 59 62 67 -65 / 63 -59 -62 -67 / 51 60 63 -67 / 53 60 69 -60 / 62 -53 -60 -69 / 50 58 65 71 / 51 67 -58 -65 / 51 55 60 67 / 48 60 63 69 / 55 63 -60 -69 <END> 
<S> 44 60 65 -63 / 55 59 62 -65 / 60 63 -55 -59 / 57 60 62 -55 / 59 -55 -60 / 53 59 -55 -59 / 51 60 -55 -59 / 53 57 60 -60 / 50 55 59 -60 / 53 57 -50 -60 / 55 59 -50 -62 / 56 -50 -59 / 48 55 60 / 63 72 -55 / 60 67 -48 -72 / 41 -48 -60 -67 / 43 55 59 -67 / 62 65 -55 -59 <END> 
<S> 51 55 60 72 / 50 53 -60 -72 / 48 55 67 71 / 47 62 68 -67 / 45 60 65 82 / 47 62 -65 / 48 67 63 -46 / 45 60 63 65 / 46 58 62 -65 / 56 -46 -62 -65 / 39 55 58 63 <END> 
<S> 44 60 65 -63 / 56 62 -44 -65 / 60 -44 -53 -65 / 46 53 62 70 / 51 63 67 70 / 50 65 65 70 / 48 63 67 72 / 53 62 65 71 / 51 60 63 67 / 58 63 68 72 / 62 65 70 -56 <END> 
<S> 51 63 67 70 / 53 -63 -67 -70 / 55 62 67 71 / 53 -62 -67 -71 / 51 60 67 72 / 48 -60 -67 -72 / 53 56 65 68 / 55 59 -65 -68 / 60 -55 -65 / / 53 60 74 / 59 62 -53 -68 / 48 52 60 67 / 47 51 -60 -67 <END> 
<S> 56 60 63 72 / 55 65 -60 -72 / 53 68 -60 -72 / 51 -53 -60 -68 / 46 58 65 -68 / 51 67 -65 / 63 -51 -58 -67 / 56 60 65 -51 / 58 -56 -65 -68 / 51 60 67 -65 / 58 62 -67 -70 / 56 60 65 68 / 64 -60 -56 -60 / 55 60 68 74 / 53 -68 -60 -68 / 50 59 65 -68 -74 <END> 
<S> 56 60 65 -51 / 53 55 -60 -65 / 55 59 62 67 / 53 -59 -62 -67 / 51 60 67 / 53 58 65 68 / 51 56 63 67 / 62 74 -55 -67 / 43 60 -55 -67 / 53 59 -43 -67 / 44 51 60 / 43 58 -51 -60 / 41 53 56 60 / 43 -53 -56 -60 <END> 
<S> 48 60 63 67 / 51 -60 -63 -67 / 53 56 62 68 / 55 58 -68 -68 / 56 60 65 / 55 62 -60 -65 / 55 60 63 67 / 53 -60 -63 -67 / 55 59 63 67 / 68 -55 -59 -63 / 44 60 63 67 / 59 62 68 / <END> 
<S> 55 58 62 67 / 55 -58 -62 -67 / 69 -55 -58 -67 / 60 -55 -63 -67 / 48 60 63 -67 / 43 58 63 70 / 41 -58 -63 -70 / 39 58 63 67 / 61 -39 -58 -67 / 52 56 60 72 / 53 56 60 -72 / 0 / 55 59 67 74 / 53 56 68 74 <END> 
<S> 56 60 63 72 / 55 58 -63 -72 / 53 56 68 72 / 58 -53 -68 -72 / 60 63 67 / 58 65 74 / 55 67 72 75 / 60 -67 -72 -75 / 58 65 74 77 / 56 -65 -74 -74 / 55 63 70 75 / 53 -55 -70 -75 <END> 
<S> 60 63 67 75 / 58 62 -67 -75 / 56 60 72 77 / 55 70 -60 -77 / 57 65 72 75 / 53 65 70 74 / 58 65 70 75 / 63 -58 -70 -75 / 58 62 70 77 / 68 -58 -62 -77 / 60 63 67 75 / 69 -60 -63 -75 / 58 65 70 74 / 56 -65 -70 -74 <END> 
<S> 58 65 70 74 / 58 65 -70 -74 / 68 -58 -65 -74 / 60 63 67 75 / 58 62 -67 -75 / 56 60 66 72 55 55 67 -60 -72 / 53 60 68 72 / 62 74 -53 -68 / 63 67 -53 -74 / 54 69 72 74 / 50 58 62 -74 / 67 72 -50 -62 / 55 -67 -72 / 50 62 -72 -72 / 51 60 67 -72 / 53 69 -67 -72 / 55 67 71 74 / 65 -55 -71 -74 <END> 
<S> 55 67 72 75 / 70 -55 -67 -75 / 55 67 71 74 / 53 -67 -71 -74 / 51 67 72 75 / 70 -51 -67 -75 / 53 65 68 74 / 63 -53 -68 -74 / 55 59 67 -70 / 65 -55 -62 -70 / 56 60 63 72 / 55 59 -63 -72 / 53 56 65 68 / 59 62 -53 -68 / 51 60 67 -65 / 59 -51 -67 -67 <END> 
<S> 55 63 67 72 / 55 62 71 -67 / 60 63 67 72 / 58 65 74 / 68 -58 -62 -74 / 67 -58 -74 / 65 70 -55 -74 / 48 63 67 72 / 50 65 70 74 / 51 58 -70 -74 / 53 68 72 -58 / 71 74 -53 -68 / 51 67 72 75 / 53 -67 -72 -75 55 55 67 70 74 / 51 70 75 / <END> 
<S> 53 68 74 -63 / 55 62 67 -74 / 65 -55 -62 -74 / 48 55 63 72 / 50 62 65 71 / 51 63 67 72 / 55 62 65 71 / 48 60 63 67 / 59 62 67 -48 / 53 60 63 69 / 51 -60 -63 -69 / 50 58 65 70 / 48 58 -65 -70 <END> 
<S> 60 63 67 75 / 62 -60 -67 -75 / 54 60 69 75 / 55 67 71 74 / 60 67 72 75 / 62 -67 -72 -75 / 63 65 70 77 / 62 -65 -70 -77 / 63 -62 -70 -77 / 65 -62 -70 -82 / 63 67 79 75 / 55 -70 -67 -79 <END> 
<S> 63 70 79 / 62 65 -70 -79 / 60 63 75 79 / 58 62 -75 -79 / 56 60 72 77 / 53 68 -72 -77 / 58 70 74 -77 / 68 -58 -74 -77 / 59 67 74 79 / 60 67 75 77 / 58 -60 -67 -75 <END> 
<S> 56 60 68 77 / 55 -60 -68 -77 / 60 67 75 / 58 -60 -67 -75 / 53 60 68 74 / 55 67 -60 -74 / 56 72 -67 / 65 74 -56 -72 / 55 67 71 <END> 
<S> 62 67 -65 / 63 -62 -67 / 50 58 65 69 / 60 63 67 -58 / 62 65 -60 -68 / 60 63 67 / 62 -60 -67 / 60 63 67 72 / 58 -63 -67 -72 / 56 65 68 72 / 58 -65 -68 -72 / 60 -56 -65 -72 / 55 62 67 71 / 60 63 67 72 / 58 62 -67 -72 / 53 57 65 72 / 74 -53 -65 -69 <END> 
<S> 56 60 63 72 / 65 -60 -72 / 63 67 72 75 / 53 -67 -72 -75 / 55 62 71 74 / 67 -55 -71 -74 / 65 -55 -67 -74 / 48 63 67 72 / 50 65 70 74 / 51 67 72 75 / 53 68 74 -72 / 55 67 71 -74 / 56 63 72 / 65 74 -56 -63 <END> 
<S> 51 67 72 75 / 53 -67 -72 -75 / 55 67 71 74 / 65 -55 -71 -74 / 56 63 72 / 70 -56 -63 -72 / 55 68 74 77 / 67 75 -55 -63 / 58 62 65 -75 / 56 60 65 75 / 55 58 67 75 / 56 60 65 77 / 53 72 -65 -77 / 55 63 70 -77 / 56 62 68 77 <END> 
<S> 56 63 68 77 / 60 -63 -68 -77 / 62 61 67 -77 / 60 69 75 <END> 
<S> -70 68 -62 -64 / 62 67 -56 -71 / 66 60 69 -62 / 67 -48 -62 -69 <END> 
<S> 50 65 69 / 60 -50 -65 -69 / 52 59 65 67 / 60 64 -65 / 55 59 62 67 / 53 -59 -62 -67 <END> 
<S> 50 62 65 71 / 48 60 64 72 / 59 -48 -64 -72 / 53 57 65 74 / 59 -53 -65 -74 / 60 64 67 76 / 57 69 72 -76 <END> 
<S> 50 60 67 76 / 48 -60 -67 -76 / 43 60 67 74 / 59 -43 -67 -74 / 65 -59 -43 -74 / 48 55 64 72 / 55 62 71 / 53 69 -55 -62 / 52 62 67 71 / 50 -62 -67 -71 <END> 
<S> 55 60 64 74 / 53 -60 -64 -74 / 52 59 67 76 / 45 57 64 72 / 66 -45 -57 -72 / 43 59 62 67 / 45 60 -67 / 47 66 -60 -67 / 43 59 62 67 / 43 -59 -62 -67 / 48 55 64 69 / 47 -55 -64 -69 / 45 72 -55 -64 / 43 65 -55 -72 <END> 
<S> 40 60 67 72 / 45 -60 -67 -72 / 47 62 65 71 / 48 64 -65 -71 / 50 62 65 69 / 71 -50 -62 -65 / 48 55 64 72 / 52 55 -64 -72 / 54 62 69 74 / 52 67 -62 -69 / 50 62 66 69 / 48 60 -66 -69 / 47 62 67 71 / 66 -45 -62 -71 <END> 
<S> 52 55 64 72 / 55 71 -52 -64 / 38 57 66 69 / 59 -38 -66 -69 / 50 59 62 67 / 52 60 67 72 / 50 62 67 71 / 48 64 67 72 / 50 62 -67 -72 / 52 60 67 72 / 53 -60 -67 -72 / 52 60 67 72 / 59 -52 -67 -72 / 54 57 69 74 / 72 -54 -69 -74 <END> 
<S> 48 64 67 69 / 50 62 66 -69 / 60 -50 -66 -69 / 55 59 62 67 / 52 59 67 / 57 60 65 69 / 59 62 67 -77 / 60 64 67 76 / 54 69 72 74 / 50 -69 -72 -74 / 55 62 71 74 / 64 -55 -71 -74 / 65 -55 -71 -74 / 72 -55 -65 -71 / 52 64 67 72 / 54 62 69 -72 / 55 62 67 71 / 64 -55 -67 -71 / 65 -55 -67 -71 <END> 
<S> 48 64 69 -67 / 50 62 66 -69 / 60 -50 -66 -69 / 43 59 62 67 / 52 60 67 72 / 50 62 65 69 / 64 -50 -65 -69 / 55 59 62 67 / 60 64 -55 -67 / 65 -55 -60 -67 / 59 62 67 -55 / 53 -59 -62 -67 / 52 60 67 -65 / 64 -52 -60 -67 / 53 60 65 69 / 62 -53 -65 -69 / 55 59 62 67 / 62 -55 -59 -67 / 60 57 64 72 / 55 62 71 <END> 
<S> 53 60 65 69 / 62 -53 -65 -69 / 52 60 64 67 / 58 -52 -64 -67 / 53 57 60 65 / 62 65 -53 -57 / 60 -53 -65 / 64 67 -60 -65 / 58 62 65 70 / 60 64 67 / 62 77 -60 -67 / 52 60 67 79 / 58 -52 -67 -79 / 53 57 69 77 / 55 72 76 -69 / 74 77 -57 -69 <END> 
<S> 58 65 74 / 57 72 -65 -74 / 55 67 70 76 / 53 65 69 81 / 52 64 70 79 / 62 49 -64 -79 / 57 60 69 77 / 59 62 -69 -77 / 60 64 67 76 / 53 65 69 -76 / 65 67 71 74 / 64 -67 -71 -74 / 62 67 72 77 / 60 67 76 -77 58 70 74 77 / -67 -70 -74 <END> 
<S> 57 60 69 77 / 59 62 -69 -77 / 60 64 67 76 / 53 65 69 -76 / 55 67 71 74 / 55 67 71 74 / 60 67 72 76 / 59 -67 -72 -76 / 57 69 72 77 / 59 67 74 79 / 77 -59 -67 -74 / 60 62 67 76 / 53 60 69 77 <END> 
<S> 60 67 72 76 / 59 -67 -72 -76 / 57 69 72 77 / 59 62 74 79 / 0 / 60 64 72 79 / 57 72 -64 -72 / 65 74 -57 -72 / 64 76 -55 -72 / 62 65 74 -72 / 67 71 -62 -74 / 60 67 69 76 / 62 77 -67 -72 / 60 64 69 72 <END> 
<S> 57 64 72 / 55 67 71 74 / 76 -55 -67 -71 / 48 69 77 50 / -69 -72 -77 / 58 70 74 -77 / 52 67 72 76 / 53 69 72 77 / 67 76 -53 -72 / 54 69 72 74 / 55 67 71 74 / 53 69 72 74 / 52 67 -72 -74 / 50 65 -72 -72 <END> 
<S> 57 69 72 77 / 67 76 -57 -72 / 54 69 72 74 / 55 67 71 74 / 53 67 71 74 / 52 -67 -71 -74 / 50 65 69 72 / 71 -50 -65 -69 / 48 64 69 72 <END> 
<S> 55 67 74 -72 / 72 -55 -67 -72 / 55 67 71 74 / 65 -55 -71 -74 / 48 64 67 72 / 55 62 71 -72 / 60 -55 -62 -71 / 43 59 67 74 / 45 72 -67 -74 / 47 62 67 74 / 43 -62 -67 -74 / 48 62 67 72 / 76 -48 -62 -67 <END> 
<S> 48 60 67 76 / 58 -48 -67 -76 / 57 60 66 77 / 55 60 67 76 / 53 59 65 74 / 57 60 65 76 / 74 -53 -60 -65 / 52 60 67 72 / 58 -52 -67 -72 / 53 57 69 72 / 55 67 71 74 / 57 65 69 72 <END> 
<S> 57 60 65 72 / 60 -57 -65 -72 / 55 67 74 -60 / 59 -55 -67 -74 / 48 64 67 72 / 57 60 65 72 / 74 -57 -60 -72 / 60 67 76 -60 / 59 -60 -67 -76 / 57 60 69 77 / 55 67 71 79 / 53 65 69 81 / 71 -53 -65 -81 <END> 
<S> 60 64 67 / 58 -60 -64 -67 / 54 60 69 -64 / 55 62 67 70 / 52 60 67 70 / 53 60 65 69 / 51 -60 -65 -69 / 50 58 65 70 / 46 62 -65 -70 / 48 60 63 -70 / 50 58 65 68 <END> 
<S> 53 60 65 69 / 51 58 63 67 / 50 -58 -63 -67 / 51 60 63 -67 / 53 65 -60 -63 / 59 62 -53 -65 / 51 60 63 -53 / 50 -51 -60 -63 / 51 58 63 67 / 68 -51 -58 -63 / 46 61 65 70 / 50 -46 -65 -70 <END> 
<S> 44 60 63 65 / 46 58 62 -65 / 56 -46 -62 -65 / 39 55 58 63 / 51 58 67 / 55 -51 -67 / 50 53 67 70 / 48 69 -53 -67 / 50 62 65 -69 / 63 -50 -69 -72 / 46 62 67 70 / 48 63 69 -67 <END> 
<S> 55 58 67 75 / 50 -55 -67 -75 / 48 67 72 77 / 58 -67 -72 -77 / 56 60 72 77 / 55 75 -60 -72 / 53 68 74 -60 / 55 59 67 -74 / 65 -55 -67 -74 / 48 63 67 72 / 59 62 67 79 <END> 
<S> 55 62 67 71 / 53 60 68 74 / 62 -53 -68 -74 / 55 63 67 72 / 65 -55 -67 -72 / 60 63 67 72 / 58 62 -67 -72 / 56 60 65 72 / 55 67 -60 -72 / 53 60 68 74 / 55 59 67 -74 / 56 60 65 -74 / 72 -56 -60 -65 <END> 
<S> 56 60 67 72 / 65 -56 -60 -72 / 55 60 67 74 / 59 -55 -67 -74 / 48 60 67 75 / 63 72 -48 -60 / 53 60 68 74 / 50 -60 -68 -74 / 55 59 67 74 / 65 -55 -59 -74 / 48 55 63 72 / 60 67 75 / 58 -60 -67 -75 <END> 
<S> 48 60 67 75 / 53 72 74 -60 / 55 59 67 74 / 65 -55 -59 -74 / 60 63 67 / 58 62 72 -67 / 57 63 69 72 / 58 65 70 74 / 57 -65 -70 -74 / 55 63 69 75 / 53 62 -69 77 / 51 70 79 -62 / 53 60 -70 -79 / 55 67 74 -60 / 59 -55 -67 -74 <END> 
<S> 58 65 70 74 / 56 -65 -70 -74 / 55 67 70 75 / 53 -67 -70 -75 / 51 65 70 74 / 50 -65 -70 -74 / 63 70 79 / 55 -63 -70 -79 / 56 63 72 79 / 62 65 -72 -79 / 55 67 71 75 / 53 77 -67 -70 / 51 63 70 79 / 53 -63 -70 -79 / 55 63 70 79 / 56 -63 -70 -79 <END> 
<S> 48 63 72 79 / 55 -63 -72 -79 / 71 63 81 -67 / 62 66 69 82 63 67 70 -63 / 62 65 72 / 63 -62 -65 -72 / 46 62 70 77 / 51 67 70 75 / 50 65 -70 -75 / 48 67 72 75 / 55 70 74 79 / 56 72 -70 / 58 62 70 77 / 68 -50 -62 -77 / 51 63 69 75 <END> 
<S> 58 65 70 74 / 56 -65 -70 -74 / 55 67 70 75 / 53 -67 -70 -75 / 51 65 70 77 / 50 -65 -70 -77 / 51 63 70 79 / 53 65 68 77 / 55 75 -65 -68 / 56 60 63 -75 / 58 62 65 74 / 56 65 72 75 / 55 63 -72 -75 / 53 68 77 -72 / 71 74 -53 -68 <END> 
<S> 56 65 68 74 / 55 -65 -68 45 / 60 63 67 75 / 65 74 -60 -60 / 58 67 75 / 53 68 -58 -75 / 51 63 70 79 / 65 -51 -70 -79 / 63 67 70 79 / 63 -63 -70 -79 / 60 63 68 77 / 79 -60 -65 -68 / 60 67 72 75 / 58 -67 -72 -75 <END> 
<S> 58 63 70 77 / 56 65 72 77 / 58 70 75 77 / 51 67 70 79 / 47 62 67 79 / 65 -47 -62 -79 / 48 60 63 79 / 59 62 67 79 / 77 -62 -67 / 60 63 67 75 / 69 -60 -63 -75 / 58 65 70 74 / 56 -65 -70 -74 <END> 
<S> 60 63 67 75 / 58 62 -67 -75 / 56 60 72 77 / 55 70 -60 -77 / 53 65 68 72 / 74 -53 -65 -68 / 63 67 -53 -74 / 69 72 -53 43 / 70 -56 -72 / 55 68 72 75 / 65 74 -55 -68 / 60 63 67 75 / 69 -60 -63 -75 / 58 65 70 74 / 53 -58 -70 -74 / 52 -58 -70 -74 / 53 72 -58 -70 / 55 67 70 75 / 51 58 70 77 / 68 -51 -58 -77 <END> 
<S> 53 65 68 72 / 51 63 -68 -72 / 50 65 70 77 / 68 -50 -65 -77 / 51 63 67 79 / 62 65 77 / 60 67 75 / 58 74 -67 -75 / 56 63 72 75 / 55 70 -63 -75 / 56 65 72 -75 / 53 67 71 -75 / 55 67 72 75 / 53 -67 -72 -75 <END> 
<S> 60 67 72 75 / 58 -67 -72 -75 / 56 68 72 75 / 58 -68 -72 -75 / 57 60 72 75 / 55 70 -60 -75 / 53 65 68 74 / 63 72 -53 -68 / 55 62 67 70 / 60 63 67 -70 / 58 62 65 70 <END> 
<S> 56 63 72 / 55 -63 -72 / 53 56 68 72 / 51 58 -68 -68 / 50 60 67 -65 / 46 58 62 65 / 0 / 51 58 63 70 / 56 60 65 72 / 58 74 -65 / <END> 
<S> 44 60 65 72 / 63 -44 -60 -72 / 46 62 65 70 / 48 63 69 / / 58 67 70 75 / 77 -58 -70 -67 / 51 63 67 79 / 62 -51 -67 -79 / 48 60 72 77 / 55 -60 -72 -77 <END> 
<S> 48 63 67 75 / 68 72 -48 -75 / 50 65 70 74 / 68 -50 -65 -74 / 51 63 67 79 / 53 60 69 77 / 55 -60 -69 -77 / 53 75 -60 -69 / 58 62 67 74 / 60 65 68 74 / 58 64 67 73 <END> 
<S> 56 60 65 77 / 53 -60 -65 -77 / 55 70 75 79 / 63 68 -75 -79 / 59 67 75 79 / 60 -67 -75 -79 / 59 67 79 79 / 76 -59 -67 -79 / 56 60 72 77 / 55 67 75 -72 / 53 69 74 -72 / 50 65 -72 -74 / 55 62 71 -74 <END> 
<S> 60 67 75 / 58 62 -67 -75 / 56 63 72 / 55 70 -63 -72 / 53 68 72 74 / 67 -53 -72 -74 / 53 65 69 -74 / 55 63 -69 -74 / 72 -55 -63 -69 / 55 62 71 74 / 55 67 71 74 / 60 67 72 75 / 58 -67 -72 -75 <END> 
<S> 55 62 72 -68 / 71 -55 -62 -74 / 48 63 67 72 / 62 66 -48 -72 / 60 63 67 75 / 58 62 -67 -75 / 56 60 72 77 / 55 70 -60 -77 / 53 65 68 72 / 74 -53 -65 -68 / 77 -53 -65 -68 / 59 67 -53 -68 / 52 60 67 79 / 53 60 69 77 / 0 / 59 62 67 74 <END> 
<S> 53 60 69 77 / 62 -53 -69 -77 / 55 58 62 74 / 63 -55 -58 -74 / 53 58 68 74 / 51 58 67 -74 / 63 70 -51 -58 / 50 60 -70 -70 / 48 58 68 79 / 47 56 -68 -74 / 48 75 -58 -62 / 50 57 66 74 / 55 59 67 -74 / 60 -55 -67 -74 / 74 -55 -67 / 62 -55 -67 -74 / 48 63 67 70 / 53 65 68 72 / 51 -53 -65 -72 <END> 
<S> 55 60 67 75 / 53 68 -60 -75 / 55 59 67 74 / 65 -55 -59 -74 / 48 60 63 72 / 63 67 -60 -72 / 53 65 70 72 / 53 65 69 72 / 46 65 70 74 / 51 63 67 70 / 65 -51 -67 -70 / 67 75 -51 -67 / 60 -51 -67 -72 <END> 
<S> 58 62 65 70 / 63 67 -58 -70 / 65 69 -63 / 69 63 65 -69 / 62 65 71 / 63 -62 -71 / 62 65 70 / 63 -62 -70 / 53 65 -62 -70 / 51 58 63 79 / 57 -51 -63 -79 / 55 58 70 77 / 62 -58 -70 -77 / 60 -58 -70 -77 / 58 62 70 77 / 63 -58 -62 -77 / 56 60 68 77 / 74 -56 -60 -68 <END> 
<S> 56 63 68 72 / 58 65 70 74 / 51 -58 -65 -70 / 53 63 69 72 / 55 62 71 74 / 56 60 72 77 / 59 68 74 -77 / 57 60 72 -74 / 55 -60 -72 -76 / 53 68 72 77 / 55 -68 -72 -77 / 56 60 72 75 / 55 -60 -72 -75 / 53 68 74 77 / 55 59 -74 -77 / 56 60 74 -68 / 55 59 67 -74 / 53 -59 -67 -74 <END> 
