<S> 53 65 68 72 / 55 -65 -68 -72 / 56 65 68 72 / 50 65 68 70 / 52 60 67 72 / 53 60 67 68 / 65 -53 -60 -68 / 48 60 65 67 / 58 64 -48 -67 / 53 56 65 / 53 65 68 72 / 74 -53 -65 -68 <END> 
<S> 53 60 67 68 / 65 -53 -60 -68 / 60 67 -60 -65 / 58 60 65 68 / 63 -60 -65 -68 / 62 65 -60 -70 / 60 63 67 / 59 -60 -67 -75 / 53 65 68 74 / 72 -53 -65 -68 / 55 63 67 71 / 43 59 62 67 <END> 
<S> 59 62 67 -65 / 64 60 -67 / 57 66 72 74 / 55 67 71 74 / 62 67 70 77 / 65 70 74 -60 / 59 67 74 77 / 60 67 75 -77 / 55 67 71 74 / 51 70 -67 53 <END> 
<S> 58 65 74 / 57 68 -58 -74 / 55 70 74 79 / 72 -55 -70 -76 / 67 70 74 77 / 68 -67 -74 -77 / 67 70 75 -77 / 72 -67 -75 58 67 74 -48 -67 / 60 63 69 / 50 58 65 70 / 51 58 63 67 / 53 56 62 65 / 55 58 63 / 56 56 60 65 / 51 55 67 72 / 53 68 74 -58 / 55 65 -68 -74 / 56 63 -68 / 62 65 -56 -72 <END> 
<S> 56 60 65 68 / 58 -60 -65 -68 / 60 67 -65 / 64 -60 -67 / 58 61 65 68 / 60 64 67 / 55 58 67 72 / 74 -58 -67 -72 / 56 65 72 75 / 55 -68 -72 -75 / 53 70 79 -60 / 51 55 60 -80 / 56 60 72 77 / 56 68 -60 -72 <END> 
<S> 67 72 -51 -60 / 50 65 68 -72 / 51 63 70 / 62 -51 -67 -70 / 53 60 68 -67 / 55 65 -60 -68 / 64 -55 -60 -69 / 53 59 65 74 / 0 / 51 55 67 72 / 57 60 -67 -72 <END> 
<S> 56 60 63 72 / 65 74 -56 -60 / 55 60 67 75 / 53 -60 -67 -75 / 55 60 67 74 / 43 59 -67 -74 / 65 74 -43 -59 / 48 55 63 72 <END> 
<S> 43 59 67 74 / 55 59 62 74 / 53 60 67 77 / 62 -53 -67 -77 / 55 63 67 70 / 53 56 65 68 <END> 
<S> 60 63 68 / 56 60 65 / -74 / 55 63 72 / 53 56 65 74 / 55 58 67 -74 / 56 60 65 68 / 50 62 -65 -68 <END> 
<S> 56 60 63 72 / 55 65 70 -63 / 53 56 68 74 / 58 -53 -68 -74 / 51 63 67 72 / 56 65 72 / 55 63 67 -72 <END> 
<S> 58 63 67 / 62 65 -55 -70 / 56 60 63 72 / 55 58 -63 -72 / 53 56 68 74 / 58 -53 -68 -74 / 51 60 67 75 / 58 -51 -67 -75 / 57 65 72 -51 / 55 70 74 -65 / 63 70 -55 -70 <END> 
<S> 60 63 67 72 / 58 62 -67 -72 / 56 60 65 72 / 55 67 -60 -72 / 53 60 68 74 / 55 59 67 74 / 65 -55 -67 -74 / 48 63 67 72 / 60 67 72 75 <END> 
<S> 63 67 -58 -70 / 62 69 -55 -67 / 60 68 -55 -69 / 50 62 71 -69 / 67 -62 -62 -71 / 60 63 69 72 / 62 74 -69 -72 / 48 67 75 -62 / 50 60 66 74 / 55 59 62 67 / 51 -55 -59 -67 <END> 
<S> 51 63 67 72 / 50 65 69 74 / 71 -50 -65 -74 / 48 67 72 75 / 60 -48 -72 -75 / 55 67 74 -72 / 71 -55 -67 -74 / 51 67 72 / 60 -67 -72 / 59 62 67 -72 / 60 67 -55 -67 / 62 -60 -67 -75 / 48 63 74 -67 / 72 -48 -63 -67 <END> 
<S> 68 74 -56 -60 / 47 60 67 -53 / 48 51 60 67 / 43 51 60 67 / 59 -43 -51 -67 / 44 51 60 65 / 43 58 63 -65 / 46 62 -58 -65 / 57 60 63 -62 / 61 -57 -60 -63 <END> 
<S> 36 63 75 -55 / 46 -55 -63 -63 / 48 62 63 / 47 -62 -63 / 48 55 60 63 / 46 62 -55 -60 / 44 53 60 69 / 65 -53 -60 -69 / 48 60 65 67 / 64 -60 -48 -67 / 58 -48 -64 / 57 60 65 / 53 56 60 <END> 
<S> 46 57 62 65 / 53 -46 -62 -65 / 63 55 58 64 / 56 60 65 -55 / 43 55 58 67 / 53 68 -58 43 / 55 70 -50 -63 / 56 60 65 / 58 58 62 67 / 56 60 63 -65 / 62 -56 -60 -63 / 55 58 62 67 / 53 59 -62 -67 / 51 55 60 67 / 48 60 63 -67 <END> 
<S> 44 60 65 / 53 58 62 -65 / 63 -53 -57 -65 / 46 58 62 70 / 55 58 63 70 / 51 55 63 68 / 51 58 67 / 68 -51 -58 -67 / 50 58 65 70 / 48 63 -58 -70 / 50 53 65 70 / 68 -53 -53 -65 / 48 51 63 67 <END> 
<S> 51 58 65 67 / 53 -51 -58 -67 / 48 55 60 67 / 55 58 63 67 / 56 60 63 65 / 53 62 65 70 / 60 63 67 -53 / 58 62 65 68 / 56 60 64 72 / 55 58 -63 -72 / 53 56 65 72 / 77 -53 -65 -72 <END> 
<S> 56 60 63 72 / 55 -60 -63 -72 / 53 62 68 72 / 46 65 -68 -72 / 63 67 -46 -72 / 65 74 -48 -72 / 47 67 75 75 / 68 74 77 -51 / 50 -68 -74 -77 / 51 67 70 75 / 58 65 70 74 / 60 67 -65 -74 / 58 62 65 77 / 56 -62 -65 -77 <END> 
<S> 51 67 70 75 / 63 67 70 79 / 65 68 72 79 / 67 70 75 36 / 60 67 75 79 / 72 77 -67 -79 / 59 67 74 79 / 60 77 -67 / 65 62 72 / 48 63 -72 / 55 59 67 74 / 56 60 75 -67 / 65 -56 -60 <END> 
<S> 59 62 67 77 / 60 67 75 / 55 59 67 74 / 55 59 67 74 / 60 67 75 / 58 62 70 77 / 51 63 70 79 / 62 77 -51 -70 / 56 60 72 75 / 55 70 -60 -75 <END> 
<S> 48 60 67 75 / 63 72 -48 -75 / 55 74 -63 -72 / 62 74 -55 -74 / 43 63 67 -74 / 65 -43 -43 -74 / 44 72 60 63 / 43 59 62 67 / 55 59 67 74 / 60 67 75 / 68 -60 -75 <END> 
<S> 44 60 63 72 / 62 -44 -60 -72 / 43 58 67 74 / 59 -43 -67 -74 / 48 60 67 75 / 63 72 -48 -60 / 55 62 71 74 / 50 -62 -71 -74 / 51 67 72 75 / 53 -67 -72 -75 / 55 67 74 -72 / 70 -55 -67 -74 / 67 -55 -70 -74 <END> 
<S> 48 63 67 72 / 55 67 71 74 / 55 67 71 74 / 48 67 72 75 / 60 67 74 75 / 58 -67 -74 -75 / 57 60 72 75 / 70 -60 -72 -75 / 53 65 72 77 / 63 -53 -72 -77 / 58 62 70 77 / 68 -58 -62 -77 <END> 
<S> 55 67 71 75 / 60 63 67 72 / 56 62 72 77 / 58 70 74 77 / 68 72 -58 -77 / 59 67 74 79 / 55 67 71 75 / 48 67 72 75 / 50 65 71 74 <END> 
<S> 56 68 72 77 / 55 67 71 -77 / 60 67 72 75 / 53 65 68 74 / 55 62 67 71 / 48 63 67 72 / 60 67 72 75 / 58 70 74 77 / 56 -70 -74 -77 <END> 
<S> 48 63 67 72 / 60 63 72 79 / 58 65 74 82 / 63 67 72 75 / 65 -67 -72 -75 / 67 74 -72 / 58 -67 -72 -75 / 56 65 -72 -77 / 55 70 75 -77 / 53 60 -70 -75 / 51 68 -60 -75 / 55 74 -68 -68 / 67 75 -55 -74 <END> 
<S> 56 65 72 77 / 53 68 -72 -77 / 58 62 70 77 / 68 -58 -62 -77 / 65 59 74 -77 / 60 63 75 -74 / 48 72 75 -60 / 53 68 72 74 / 0 / 55 71 74 77 / 56 72 75 / 55 74 -72 / 53 68 72 77 / 48 63 -72 -77 <END> 
<S> 60 63 72 75 / 62 65 -72 -75 / 63 67 70 79 / 68 77 -63 / 58 62 70 77 / 72 -58 -63 -77 / 65 68 -58 -77 / 60 63 67 75 / 67 72 -63 -75 / 65 74 -51 -67 / 67 75 -58 / 68 -51 -58 -75 / 44 60 72 75 / 58 62 70 77 <END> 
<S> 63 67 72 77 / 62 -67 -72 -77 / 63 70 79 -65 / 61 64 -70 -79 / 56 60 68 77 / 55 72 75 / 53 74 77 / 55 67 72 75 / 65 74 -55 -72 / 56 63 72 / 74 -56 -63 -72 / 55 65 74 -72 / 53 -55 -72 -74 / 55 62 71 74 / 63 -55 -71 -74 <END> 
<S> 53 68 72 75 / 70 -53 -68 -75 / 58 65 74 -70 / 68 -58 -65 -74 / 60 67 75 / 58 62 -67 -75 / 56 60 72 77 / 55 75 -60 -72 / 53 68 74 -60 / 55 59 67 -74 / 65 -55 -59 -74 / 48 60 63 72 / 58 -48 -63 -72 / 53 56 65 74 / 47 55 67 74 / 65 -47 -55 -74 <END> 
<S> 53 60 68 74 / 53 65 72 -74 / 55 67 71 -74 / 63 -55 -71 -74 / 56 72 -67 / 60 65 -56 -72 / 55 59 67 74 / 48 60 67 75 / 65 74 -48 -60 / 50 59 67 50 / 65 -50 -50 56 / 51 63 67 79 / 53 62 -67 -79 <END> 
<S> 47 55 67 74 / 48 63 67 / 44 65 -60 -67 / 60 67 75 / 58 -60 -67 -75 / 56 60 68 75 / 55 -60 -68 -75 / 53 60 68 74 / 55 59 67 -74 / 56 60 65 72 / 63 -60 -56 -72 / 55 62 67 71 / 60 63 67 68 / 53 65 68 74 <END> 
<S> 60 56 62 44 / 60 -56 -60 / 55 59 67 -62 / 53 60 68 / 50 -53 -60 -68 / 55 59 67 74 / 56 60 65 -74 / 48 58 64 67 / 56 60 65 77 / 62 -56 -65 -77 / 55 63 67 75 / 53 65 77 -75 / 58 67 74 77 / 63 70 -74 -77 <END> 
<S> 44 60 65 75 / 53 -60 -65 -75 / 58 62 65 74 / 56 65 71 -74 / 55 63 67 72 / 53 62 68 -72 / 60 63 67 72 / 58 62 67 77 / 56 60 68 77 / 55 75 -60 -77 / 53 60 67 75 / 58 -67 -67 -75 / 56 65 72 -51 / 53 -56 -65 -72 <END> 
<S> 60 63 67 75 / 58 62 -67 -75 / 56 60 72 77 / 55 75 -60 -72 / 53 60 74 -72 / 55 67 71 -60 / 65 -55 -71 -74 / 48 63 67 72 / 48 63 72 79 <END> 
<S> 53 68 74 / 51 60 67 -74 / 50 58 65 74 / 56 59 -65 -74 / 48 55 60 63 / 46 -55 -60 -63 / 44 56 60 63 / 43 -56 -60 -63 / 44 56 60 65 / 62 -44 -56 -65 / 48 60 63 67 / 68 -48 -60 -63 <END> 
<S> 44 56 60 63 / 46 -56 -60 -63 / 44 53 56 60 / 51 -41 -60 -56 / 41 56 60 / 53 -41 -56 -60 / 48 55 -53 -60 / 46 50 -55 -60 / 51 58 -50 / 50 53 59 / 51 58 -53 / 51 52 60 67 / 58 -52 -51 -67 / 57 49 65 -58 / 56 -52 -65 / 45 49 65 70 <END> 
<S> 51 55 58 65 / 50 -55 -58 -65 / 48 55 63 70 / 50 65 -55 -70 / 36 55 63 70 / 41 -55 -63 -70 / 39 55 63 70 / 61 -55 -63 -70 / 56 60 63 68 / 58 65 -63 -68 / 60 63 67 -65 / 62 65 -67 / 60 64 67 / 59 -60 -64 -67 / 65 60 65 / 56 60 64 -60 / 65 72 -60 -60 <END> 
<S> 65 68 -48 -61 / 60 -51 -65 -68 / 46 58 65 68 / 62 -46 -58 -65 / 63 -46 -58 -65 / 47 62 65 / 55 64 -47 / 60 65 -43 -55 / 58 50 -55 -67 / 57 -50 -55 -65 / 55 59 -50 -65 / 48 51 60 67 / 53 62 -60 -67 / 51 55 -60 -67 / 50 59 65 -55 / 48 55 60 63 / 43 55 -60 -63 <END> 
<S> 55 62 62 71 / 48 -62 -62 -71 / 50 55 62 69 / 54 -50 -62 -69 / 60 -50 -54 -69 / 43 55 59 67 / 48 51 60 67 / 46 50 -60 -67 / 51 55 67 72 / 48 60 64 -67 / 53 60 65 69 / 51 -60 -65 -69 / 50 58 65 70 / 48 55 -58 -70 / 53 56 60 68 / 51 55 -60 -68 <END> 
<S> 48 67 72 -58 / 50 65 -67 -72 / 51 63 67 / 62 65 -51 / 53 60 63 69 / 55 -60 -63 -69 / 53 65 68 71 / 63 -53 -68 -71 / 62 65 69 -53 / 63 -62 -69 -68 / 58 65 70 / 53 64 -58 -70 / 46 58 65 68 74 / 53 63 69 74 / 55 62 67 70 / 53 -62 -67 -70 <END> 
<S> 53 60 65 69 / 58 63 -53 -69 / 57 65 -53 -69 / 48 60 67 -69 / 64 -48 -60 -69 / 50 57 66 74 / 52 59 67 68 / 54 62 69 72 / 67 -54 -62 -69 / 55 62 67 70 / 50 58 65 68 / 51 58 63 67 <END> 
<S> 50 62 65 71 / 49 64 69 / 51 66 69 72 / 50 -66 -69 -72 / 55 62 71 -69 / 67 -55 -62 -71 / 48 60 69 -67 / 50 66 -60 -69 / 52 59 67 / 61 -52 64 / 62 -52 -64 -72 / 50 60 65 77 / 52 -60 -65 -72 / 53 60 67 69 / 58 62 -67 -69 / 56 60 65 72 / 55 74 -65 <END> 
<S> 50 62 66 69 / 67 -50 -62 -69 / 38 59 62 71 / 56 59 -62 -71 / 57 60 69 72 / 55 59 67 74 / 53 -59 -67 -74 / 52 60 67 76 / 48 -60 -67 -76 / 55 60 67 74 / 59 -55 -67 -74 / 56 60 -66 -74 / 62 65 -56 -72 / 55 64 67 -72 / 53 62 69 71 / 50 -62 -69 -72 <END> 
<S> 60 66 69 -48 / 55 -60 -66 -69 / 55 59 67 / 65 -55 -67 -71 / 48 64 67 72 / 55 62 67 71 / 55 59 62 74 / 0 / 48 64 67 72 / 65 74 -48 -67 <END> 
<S> 55 60 64 74 / 57 72 -60 -64 / 55 59 67 74 / 48 60 67 72 / 60 67 76 / 69 -60 -76 / 62 65 71 74 / 72 -62 -65 -81 / 64 67 71 79 / 62 -64 -67 -79 <END> 
<S> 58 64 67 74 / 62 65 67 -74 / 60 67 76 / 58 -67 -76 -76 / 57 60 65 77 / 55 67 76 -60 / 53 65 69 74 / 64 -53 -69 -74 / 55 62 67 71 / 43 59 62 67 / 48 60 64 67 <END> 
<S> 53 57 69 72 / 71 74 -53 -57 / 55 59 76 -74 / 57 60 72 77 / 59 74 -72 -77 / 60 67 72 76 / 55 74 -67 -72 / 57 60 72 -67 / 55 59 67 74 / 53 67 -59 -74 / 52 59 67 76 <END> 
<S> 55 67 72 74 / 62 71 -55 -74 / 55 69 73 76 / 67 74 -55 -71 / 54 69 72 -55 / 55 67 71 74 / 72 -55 -67 / 69 74 -55 -67 / 43 71 -55 -67 / 65 -43 -55 -71 / 48 55 63 72 / 40 -55 -63 -72 / 45 60 64 72 / 66 -45 -60 -72 / 47 62 67 71 <END> 
<S> 55 62 69 74 / 71 -55 -62 -74 / 43 55 72 74 / 62 72 -55 -74 / 43 62 71 79 / 48 55 64 72 / 62 -48 -72 -76 / 53 60 69 77 / 76 -53 -69 -69 / 55 62 67 70 / 60 -55 -67 -70 / 55 62 67 71 / 43 59 62 67 / 48 60 64 67 / 69 -48 -60 -64 <END> 
<S> 55 59 62 69 / 64 -55 -59 -69 / 50 54 62 69 / 60 -50 -62 -69 / 55 59 62 67 / 60 64 -55 -67 / 54 62 69 / 60 -54 -69 / 43 55 59 67 / 55 59 67 -43 / 53 57 69 72 / 52 62 67 71 / 50 -62 -67 -71 / 48 55 60 72 / 43 59 67 74 / 45 60 -67 -74 / 47 62 67 74 / 72 -47 -62 -67 <END> 
<S> 47 55 62 67 / 48 55 60 64 / 44 59 65 71 / 45 52 60 67 / 41 69 -60 -60 / 43 59 62 67 / 48 60 64 67 / 50 62 -60 -67 / 52 55 60 67 / 48 -60 -55 -67 / 43 55 60 67 / 53 69 -43 -60 / 59 -43 -53 -43 / 45 60 -53 -62 / 47 55 62 67 / 48 57 -55 -67 <END> 
<S> 43 55 60 67 / 59 -43 -55 -67 / 45 48 55 65 / 47 62 -55 -65 / 48 55 64 -62 / 60 -48 -55 -64 / 43 55 62 -60 / 59 50 -55 -62 / / 55 59 62 / 53 -55 -59 -62 / 52 55 59 64 / 50 -55 -59 -79 / 48 55 60 64 / 59 -48 -55 -64 / 57 -48 -58 -64 / 55 59 62 / 36 -55 -59 -62 <END> 
<S> 47 50 62 65 / 45 60 -50 -65 / 43 55 59 62 / 47 55 62 67 / 48 55 60 64 / 47 55 62 67 / 48 55 64 69 / 50 59 62 71 / 57 -50 -59 -62 / 52 55 60 72 / 53 62 -55 -60 / 59 -43 -53 -62 / 52 52 60 67 / 53 69 -43 -60 / 59 -53 -53 -69 <END> 
<S> 48 55 64 -62 / 50 -55 -55 -64 / 52 55 62 / 53 59 -55 -62 / 48 55 60 64 / 50 -55 -60 -64 / 52 55 60 / 48 52 -60 -64 / 45 52 60 65 / 50 58 65 -50 / 56 -50 -65 -65 / 48 55 64 67 / 45 57 60 -64 / 62 -45 -57 -60 / 47 55 59 62 / 48 55 60 64 / 42 57 60 62 / 43 55 59 62 / 53 -43 -59 -62 <END> 
<S> 50 53 62 71 / 52 55 72 -62 / 53 57 60 69 / 59 62 -53 -69 / 48 60 64 67 / 47 -60 -64 -67 / 45 60 65 -64 / 47 62 -65 -65 / 48 55 64 -62 / 60 -48 -55 -64 / 43 55 62 -60 / 59 64 -43 -55 / 45 53 60 65 / 52 55 -60 -65 / 50 57 62 65 / 50 62 67 69 / 65 -50 -62 -69 <END> 
<S> 55 62 -48 -60 / 47 -55 -62 / 48 52 60 64 / 50 54 60 62 / 52 55 59 67 / 60 64 69 -55 / 54 62 69 74 / 57 60 -66 -74 / 55 59 62 67 / 64 -55 -59 -67 / 50 57 65 69 / 74 -50 -57 -65 / 52 59 64 67 / 60 -52 -64 -67 / 53 60 69 -64 / 65 -53 -60 -69 / 59 -53 -65 -69 / 60 -53 -65 / 55 74 -53 -60 -65 <END> 
<S> 55 62 71 / 53 -55 -62 -71 / 52 55 64 72 / 54 57 -64 -72 / 55 59 62 71 / 64 -55 -59 -71 / 48 60 64 69 / 53 60 67 69 / 62 -53 -69 -69 / 55 59 67 71 / 52 60 67 72 / 50 65 74 -72 / 71 -50 -65 -74 <END> 
<S> 57 60 64 69 / 55 59 62 71 / 52 64 67 72 / 54 57 -63 -72 / 55 59 62 71 / 60 67 -55 -59 / 55 59 62 74 / 57 60 64 76 / 59 62 -57 -76 / 64 76 -57 -60 / 45 57 66 -64 / 47 62 -57 55 / 64 -47 -57 -62 / 45 57 61 64 / 43 57 62 65 / 62 -57 -62 -65 <END> 
<S> 57 60 64 67 / 55 59 62 67 / 53 57 -62 -67 / 52 55 59 67 / 50 57 60 -67 / 52 55 60 67 / 53 -55 -60 -67 / 55 62 71 -53 / 43 55 59 67 / 65 -43 -55 -59 / 48 55 60 64 / 46 -55 -60 -64 / 45 53 60 65 / 62 -53 -53 -65 / 48 55 60 64 / 60 64 -55 -60 <END> 
<S> 48 55 60 64 / 50 -55 -60 -64 / 52 55 60 64 / 50 -55 -60 -64 / 55 59 62 / 55 -55 -59 -62 / 57 -50 -55 -62 / 50 55 59 62 / 48 55 60 64 / 47 55 62 65 / 48 55 64 -62 / 50 54 62 69 / 60 -50 -54 -66 / 43 55 59 67 / 55 59 62 67 <END> 
<S> 48 55 60 64 / 41 55 60 62 / 43 55 59 62 / 53 -43 -59 -62 / 48 52 55 60 / 48 60 64 / 50 59 -60 -64 / 45 57 60 64 / 43 -57 -60 -64 / 41 57 60 62 / 38 -57 -60 -62 / 43 55 59 -62 / 53 -43 -59 -62 / 36 52 55 60 <END> 
<S> 45 48 60 65 / 47 50 -60 -65 / 48 51 55 64 / 50 62 -48 -55 / 36 52 60 67 / 48 55 64 67 / 69 -48 -55 -64 / 70 -48 -55 -64 / 49 69 64 -55 / 48 67 52 -64 / 50 53 62 65 / 52 55 64 -62 / 53 57 60 / 52 55 59 -60 <END> 
<S> 48 55 64 72 / 50 65 -55 -72 / 52 60 67 72 / 48 62 -67 -72 / 43 60 67 74 / 59 -43 -67 -74 / 65 -43 -59 -74 / 48 55 64 72 / 60 64 67 72 / 59 -64 -67 -72 / 57 62 72 77 / 59 -57 -72 -77 / 60 65 76 -57 / 77 -57 -60 -69 <END> 
