<S> 60 64 67 72 / 60 64 67 72 / 59 62 67 79 / 74 -59 -62 -79 / 60 64 79 -74 / 72 -60 -64 -79 / 69 74 77 -60 / 59 67 74 79 / 55 71 -67 -79 / 60 67 72 76 / 48 64 67 72 <END> 
<S> 55 67 71 77 / 53 67 71 74 / 52 72 -67 / / 53 65 74 -72 / 64 -53 -72 -74 / 65 -53 -72 -81 / 55 62 71 79 / 60 64 72 79 / 53 65 -72 81 / 71 79 -65 / -81 63 72 79 / 60 64 72 -79 / 65 74 81 -60 <END> 
<S> 55 64 70 -74 / 53 -62 -70 -74 / 74 -53 -62 -70 / 50 54 -62 -70 / 51 55 58 -62 / 50 55 60 69 / 48 60 67 / 46 -60 -60 -67 / 45 60 65 69 / 46 -60 -65 -69 / 51 60 67 / 58 -51 -67 / 57 64 72 / 55 67 71 74 / 53 67 73 79 <END> 
<S> 50 60 65 74 / 59 -50 -65 -74 / 51 60 67 72 / 55 62 67 71 / 48 63 67 72 / 60 63 72 79 / 58 65 74 82 / 63 70 75 79 / 65 -70 -75 -79 / 67 70 75 77 / 53 -67 -70 -77 / 55 63 72 79 / 71 -55 -63 -79 <END> 
<S> 63 67 70 79 / 60 65 -70 -79 / 58 65 70 79 / 64 -58 -70 -79 / 63 70 77 -56 / 55 -63 -70 -77 / 60 63 68 75 / 58 65 70 74 / 56 65 68 72 / 55 67 70 75 / 53 60 68 77 / 67 -53 -60 -77 / 48 67 72 75 / 60 63 -67 -72 <END> 
<S> 53 68 72 77 / 60 -53 -72 -77 / 55 62 71 79 / 60 63 72 79 / 58 62 74 -79 / 67 77 -62 -63 / 61 63 69 81 / 60 -63 -69 -79 / 62 65 70 77 / 58 -62 -70 -77 / 60 63 75 -70 / 69 -60 -63 -75 / 58 65 74 -75 / 56 60 -65 -74 <END> 
<S> 58 62 70 77 / 63 67 -58 -77 / 65 74 -58 -65 / 57 73 73 -65 / 63 -45 -46 -65 / 46 58 65 74 / 67 -46 -58 -74 / 45 60 65 75 / 47 62 65 74 / 48 60 63 75 / 67 -48 -60 -75 / 53 65 68 74 / 63 72 -53 -68 / 55 62 67 71 <END> 
<S> 48 60 63 68 / 55 59 67 75 / 65 -55 -67 -75 / 56 65 72 / 63 -56 -72 / 68 -56 74 -72 / 58 67 70 75 / 65 68 -70 -75 / 63 67 70 79 / 62 65 -70 -79 / 60 63 79 79 / 58 -63 -79 -79 <END> 
<S> 63 70 73 / 61 65 68 / 60 63 67 / 59 62 67 -67 / 60 -56 -67 / 55 62 67 70 / 53 -62 -67 -70 / 51 60 67 72 / 48 -60 -67 -72 / 53 79 -60 -67 / 59 62 -53 -67 / 51 60 63 67 / 50 65 -60 -67 <END> 
<S> 48 60 67 75 / 55 72 -60 -75 / 53 68 74 -72 / 55 67 71 -74 / 65 -55 -71 -74 / 48 63 67 72 / 60 67 72 75 / 58 -67 -72 -75 / 56 60 72 75 / 55 70 -60 -75 / 53 60 68 74 / 55 59 67 -74 / 56 60 65 72 / 74 -56 -60 -65 <END> 
<S> 60 67 72 75 / 58 -67 -72 -75 / 56 60 72 77 / 55 70 75 -60 / 53 60 69 74 / 55 59 67 -74 / 68 72 -55 -67 / 43 59 67 74 / 55 59 67 74 / 60 67 75 / 58 -60 -67 -75 / 56 60 65 77 / 53 -60 -65 -77 <END> 
<S> 51 67 72 / 60 -51 -67 -72 / 53 60 65 74 / 0 / 51 58 67 70 / 56 63 68 72 / 62 65 -56 -72 / 55 61 67 70 / 53 56 -67 -70 / 65 -53 -56 -70 <END> 
<S> 46 62 65 70 / -58 -62 -65 / 60 58 64 / 54 57 60 63 / 55 62 67 70 / 53 -62 -67 -70 / 51 60 67 70 / 53 -60 -67 -70 / 55 65 69 -60 / 59 62 -65 / 48 60 64 67 / 0 / 48 60 67 75 <END> 
<S> 55 58 67 75 / 57 60 -67 -75 / 58 62 65 74 / 52 67 70 72 / 53 65 69 72 / 63 -53 -69 -72 / 46 62 65 70 / 48 63 69 75 / 50 62 70 77 / 51 63 70 79 / 55 77 -70 -79 / 56 72 75 77 / 58 74 -72 -77 <END> 
<S> 51 63 67 72 / 53 65 68 -72 / 55 63 -68 -72 / 56 62 68 72 / 60 -56 -67 -72 / 55 59 67 74 / 65 -55 -59 -74 / 56 60 63 72 / 55 58 -63 -72 / 53 56 65 74 / 62 -53 -56 -65 / 55 58 63 70 / 57 60 -63 -70 <END> 
<S> 55 58 62 70 / 46 -55 -62 -70 / 48 63 69 -58 / 53 -48 -69 -72 / 48 63 72 -69 / 60 -48 -63 -72 / 55 62 67 -72 / 71 -55 -62 -67 / 48 63 67 72 / 55 62 67 71 / 60 -55 -67 -71 / 51 60 67 75 / 48 -60 -67 -75 / 53 60 65 74 / 55 59 67 -65 / 65 -55 -59 -74 <END> 
<S> 55 62 67 71 / 53 -62 -67 -71 / 51 63 67 72 / 50 69 -63 -72 / 48 62 67 74 / 47 71 -62 -74 / 48 60 72 75 / 55 62 -72 -75 / 60 63 68 -72 / 62 -60 -68 -72 / 60 63 67 / 62 65 -60 -67 / 60 63 67 / 58 -60 -63 -67 <END> 
<S> 48 64 72 -67 / 60 66 -48 -72 / 47 62 67 74 / 55 -47 -62 -67 / 48 60 63 -67 / 68 -48 -60 -63 / 50 58 65 70 / 69 -50 -65 -70 / 51 58 67 70 / 50 65 -58 -70 / 48 55 63 70 / 56 -48 -63 -70 / 56 65 -56 72 / 55 59 67 74 / 68 -59 -67 -74 / 60 67 75 -74 / 72 -60 -67 -75 <END> 
<S> 52 60 67 72 / 58 -51 -67 -72 / 53 57 65 72 / 63 -53 -53 -72 / 46 62 65 70 / 48 60 63 69 / 60 63 68 75 / 58 -63 -68 -75 / 56 -58 -63 -75 / 58 62 65 77 / 67 -58 -62 -77 / 60 63 68 77 / 62 65 -68 -77 / 60 63 67 75 / 58 -60 -67 -75 <END> 
<S> 63 67 70 / 61 -63 -70 / 56 63 68 / 62 65 -56 -68 / 51 58 67 -65 / 59 -51 -67 -67 / 44 60 67 75 / 55 62 72 77 / 53 71 74 -77 / 55 67 72 74 / 71 -55 -67 -74 / 65 -55 -71 -74 / 56 63 72 / 65 -56 -72 <END> 
<S> 60 63 67 75 / 58 62 -67 -75 / 56 60 72 77 / 55 70 75 -60 / 53 68 74 -60 / 55 67 75 -60 / 53 60 68 77 / 48 60 67 75 / 55 59 67 74 / 60 63 67 72 / 59 62 74 -67 <END> 
<S> 53 60 68 74 / 58 67 -53 -74 / 54 69 72 74 / 55 67 70 -74 / 55 67 70 75 / 53 -67 -70 -75 / 55 65 70 74 / 56 -65 -70 -74 / 55 67 70 75 / 74 -67 -70 -75 / 56 63 72 77 / 55 70 75 -72 / 53 65 70 74 <END> 
<S> 58 65 70 74 / 63 -58 -70 -74 / 55 63 70 75 / 53 69 -63 -75 / 55 65 70 74 / 56 -65 -70 -74 / 55 67 70 75 / 53 -67 -70 -75 / 51 65 70 77 / 50 -65 -70 -77 / 51 63 70 79 / 72 -51 -63 -79 / 56 62 74 77 / 55 75 -62 -77 <END> 
<S> 50 65 70 77 / 51 -65 -70 -77 / 53 65 69 -77 / 75 -53 -65 -69 / 55 58 70 74 / 57 60 -70 -74 / 55 62 69 72 / 70 -55 -62 / 60 67 72 / 63 -60 -67 -72 / 65 68 72 -60 / 59 -65 -68 -72 / 60 67 -65 / 64 -60 -67 / 56 60 65 / 53 55 -60 -65 / 53 57 60 -63 / 58 62 -53 -53 <END> 
<S> 60 63 67 75 / 56 62 -67 -75 / 60 63 67 72 / 58 -60 -67 -72 / 53 60 68 77 / 51 -60 -68 -77 / 61 -51 68 77 / 62 -51 -68 -77 / 48 67 75 -62 / 60 63 72 -75 / 55 62 67 71 / 47 63 67 72 / 65 69 -48 <END> 
<S> 58 62 65 77 / 56 60 -65 -77 / 55 62 70 77 / 53 -62 -70 -77 / 51 63 70 79 / 55 77 -63 -70 / 56 60 72 77 / 53 -60 -72 -77 / 58 62 70 77 / 51 -62 -70 -77 / 53 68 75 77 / 55 -68 -72 -77 <END> 
<S> 53 60 68 80 / 55 70 -60 -80 / 56 60 68 77 / 58 62 70 -77 / 68 -58 -62 -77 / 60 63 67 75 / 55 59 67 74 / 53 -59 -67 -74 / 51 60 67 79 / 55 -60 -67 -79 / 53 65 68 77 / 59 67 -65 -74 / 65 -59 -67 -74 <END> 
<S> 60 67 75 / 58 -60 -67 -75 / 56 60 72 75 / 55 70 -60 -75 / 53 68 74 -60 / 55 59 67 -74 / 56 60 72 -67 / 65 -56 -60 -72 / 50 62 65 71 / 63 67 -50 -71 / 65 68 74 -56 / 63 67 72 75 / 67 74 -67 -72 / 65 -43 -67 -74 / 48 63 67 75 / 51 67 72 -75 <END> 
<S> 48 67 75 -65 / 60 63 -67 -74 / 58 62 67 74 / 53 -58 -67 -74 / 51 63 67 72 / 50 65 70 -72 / 51 63 69 72 / 53 62 -69 -72 / 55 62 67 71 / 60 64 67 72 / 58 -64 -67 -72 / 57 65 -63 -72 / 58 62 65 70 / 60 64 -65 -70 / 56 62 65 72 77 <END> 
<S> 57 60 67 72 / 65 -57 -60 -72 / 60 63 65 67 / 58 62 -65 -67 / 60 63 -58 -67 / 56 63 68 72 / 57 65 -68 -72 / 58 64 67 72 / 56 65 68 72 / 55 67 70 75 / 53 -67 -70 -75 / 51 58 70 77 / 56 72 -51 -77 <END> 
<S> 56 60 63 72 / 65 74 -56 -60 / 51 58 67 75 / 53 68 74 -58 55 / 67 70 75 -63 / 65 68 72 / 64 67 70 79 / 62 65 -70 -79 / 60 63 72 79 / 58 70 79 <END> 
<S> 63 70 79 / 63 68 72 79 / 63 70 79 79 / 60 -63 -70 -79 / 59 67 74 79 / 62 71 77 -79 / 60 63 75 79 / 58 65 74 77 / 56 -68 72 -77 <END> 
<S> 56 60 68 77 / 55 62 -68 -77 / 60 63 67 79 / 53 60 68 -79 / 55 67 70 75 / 56 65 72 77 / 58 64 74 -77 / 68 -58 -74 -77 / 56 59 -68 -74 <END> 
<S> 53 68 77 -63 / 58 62 70 77 / 46 -58 -62 -70 / 51 58 67 -65 / 63 -51 -67 -70 / 56 60 65 / 55 58 67 -65 / 53 60 63 68 / 50 58 65 70 / 51 58 63 67 <END> 
<S> 44 60 65 65 / 63 -44 -60 -65 / 46 58 62 -65 / 56 -46 -62 -65 / 39 55 58 63 / 51 58 63 67 / 50 65 -58 -67 / 48 63 67 / 51 -63 -67 / 60 63 67 / 58 -60 -67 -67 / 53 60 65 68 / 55 59 -65 -68 / 63 -55 -59 -67 / 60 63 -55 -67 / 60 65 -55 -60 <END> 
<S> 48 60 63 67 / 46 -60 -63 -67 / 44 63 72 / 53 71 -63 / 68 63 -53 -56 / 61 51 56 -68 / 51 60 67 / 68 72 -53 -60 -67 / 58 65 74 / 56 67 72 75 / 55 -67 -72 -75 / 53 65 70 74 / 51 63 70 75 / 67 72 -51 -75 / 53 68 72 77 / 74 -53 -68 -77 <END> 
<S> 51 60 67 75 / 53 -60 -67 -75 / 55 59 67 74 / 65 -55 -59 -74 / 56 60 63 72 / 55 -60 -63 -72 / 53 60 68 77 / 62 -53 -68 -77 / 60 63 67 75 / 65 69 74 -60 / 55 67 71 74 / 62 72 -55 -74 / 67 -55 -72 -74 / 65 71 -55 -74 <END> 
<S> 56 65 71 74 / 55 67 72 51 60 / -67 -72 -79 / 59 67 74 80 / 60 67 72 75 / 55 67 71 74 / 65 -55 -71 -74 / 48 63 67 72 <END> 
<S> 59 67 74 / 60 66 72 -74 / 55 62 67 71 / 53 59 62 67 / 60 63 67 72 / 55 62 -67 -72 / 56 60 65 -72 / 55 -60 -65 -72 / 53 59 67 74 / 58 65 -68 -74 / 56 64 -58 -74 <END> 
<S> 56 60 67 72 / 65 -56 -60 -72 / 55 60 67 74 / 59 74 -55 -67 / 53 59 67 74 / 48 -59 -67 -74 / 47 65 67 74 / 75 -47 -67 / -75 74 77 / 56 59 -67 -74 / 60 75 -56 -65 / 55 59 -65 -75 / 53 60 68 77 <END> 
<S> 48 67 75 / 60 -67 -75 -75 / 56 65 74 -72 / 55 67 71 75 / 51 60 67 79 / 62 -51 -67 -79 / 48 63 68 77 / 50 62 65 -77 / 51 55 67 75 / 57 60 66 -75 / 59 62 67 74 <END> 
<S> 50 58 65 74 / 51 58 67 75 / 53 65 68 74 / 55 63 70 75 / 65 -55 -70 -75 / 67 -55 -70 -75 / 56 68 72 77 / 58 67 74 -77 / 68 -56 -74 -77 / 47 62 67 79 / 55 67 82 -79 / 57 70 -67 -79 <END> 
<S> 58 62 70 77 / 56 -62 -70 -77 / 55 63 70 79 / 53 -63 -70 -79 / 51 63 70 79 / 55 -63 -70 -79 / 56 63 72 77 / 62 -56 -72 -77 / 58 64 67 79 / 60 77 -63 -67 / 58 62 77 -67 / 68 -58 -62 -77 / 51 63 67 79 / 53 69 -63 -72 / 55 62 71 -67 / 63 -55 -62 -71 <END> 
<S> 53 60 68 74 / 55 59 67 -74 / 65 -55 -67 -74 / 48 63 67 72 / 60 63 67 75 / 58 62 -67 -75 / 57 60 65 72 / 55 67 -60 -72 / 53 60 69 72 / 51 63 -60 -72 / 50 65 -60 -72 / 71 -50 -65 -77 / 48 67 72 75 / 53 68 74 -72 <END> 
<S> 57 60 65 72 / 55 -60 -65 -72 / 53 60 67 70 / 69 -60 -65 / 60 63 72 / 62 -60 -72 / 63 70 79 / 72 -63 -70 -79 / 58 70 74 77 / 68 -58 -74 -77 / 68 72 -58 / 55 70 75 -65 / 63 -55 -70 -75 / 56 65 74 -70 / 58 67 -65 -74 <END> 
<S> 58 65 70 77 / 65 -58 -70 -77 / 55 70 72 77 / 53 68 74 -77 / 51 70 75 79 / 55 70 75 79 / 65 -55 -70 -79 / 67 72 75 -55 / 53 69 75 -72 / 51 67 70 77 / 50 58 -70 -77 / 68 -58 -70 -77 / 51 58 67 75 / 58 67 70 74 / 56 65 -70 -74 <END> 
<S> 56 68 72 77 / 55 -68 -72 -77 / 53 60 70 79 / 52 -60 -70 -79 / 53 60 68 77 / 59 62 67 -77 / 60 63 67 75 / 69 72 -63 -75 / 55 67 71 74 / 53 -67 -71 -74 / 51 67 72 -71 / 50 59 67 74 / 48 60 67 75 / 51 -60 -67 -75 <END> 
<S> 51 67 72 75 / 53 -67 -72 -75 / 55 67 71 74 / 65 67 -71 -74 / 56 63 72 / 62 65 -56 -72 / 60 -56 -65 -72 / 55 62 67 71 / 55 62 67 71 / 60 63 67 72 / 58 62 67 / 65 -58 -62 <END> 
<S> 55 63 70 75 / 56 -63 -70 -75 / 58 63 70 77 / 60 -63 -70 -77 / 62 68 70 77 / 68 -62 -77 -77 / 63 70 75 79 / 72 -63 -75 -79 / 74 77 -70 / 55 67 70 -77 / 75 -55 -70 -70 / 53 68 72 77 / 58 67 75 -77 / 60 63 72 56 / 62 74 -56 -72 / 43 70 75 -62 / 55 68 -58 -75 / 53 68 70 -75 <END> 
<S> 56 60 68 75 / 55 -60 -68 -75 / 53 68 74 77 / 51 75 -68 -74 / 56 59 68 72 / 74 -56 -60 -68 / 51 58 67 75 / 53 68 74 77 / 55 67 75 75 / 51 72 -67 -75 / 53 68 72 74 / 68 -53 -68 -74 / 55 67 71 74 / 43 59 65 74 / 65 -43 -59 -74 <END> 
<S> 58 67 74 77 / 67 75 -74 / 77 -67 -75 / 55 67 75 / 53 74 -67 -75 / 55 63 70 75 / 56 -70 -70 -75 / 58 64 70 77 / 62 -58 -70 -77 / 46 -58 -62 -70 / 68 -46 -58 -62 / 51 60 67 75 / 58 62 70 77 / 56 63 72 77 / 55 62 71 79 <END> 
<S> 58 62 65 70 / 63 67 72 / / 65 -67 -72 / 60 67 72 / 62 74 -60 -67 / 60 63 -67 / 58 62 65 68 / 63 67 -58 -72 / 53 65 68 74 / 59 -53 -68 -74 / 55 60 67 72 / 56 72 -55 -72 / 53 65 72 74 / 55 63 70 -74 / 53 68 -63 -72 <END> 
<S> 56 60 65 72 / 55 67 -60 -72 / 53 60 68 74 / 55 59 67 74 / 65 -55 -67 -74 / 48 63 67 72 / 60 67 72 75 / 70 -60 -67 -75 / 53 65 68 74 / 72 75 -53 -65 / 55 63 70 72 / 50 65 68 -72 <END> 
<S> 60 63 67 72 / 58 62 -67 -72 / 57 60 65 77 / 59 67 -65 -77 / 60 -56 -65 -76 / 55 62 71 77 / 60 63 72 79 / 58 -64 -72 -79 <END> 
<S> 58 62 65 74 / 56 60 -65 -74 / 55 58 67 75 / 53 68 77 -58 / 51 63 70 79 / 50 -63 -70 -79 / 48 63 72 79 / 55 -63 -72 -79 / 56 64 72 79 / 55 -63 -72 -79 <END> 
<S> 55 63 70 75 / 53 -55 -70 -75 / 51 63 72 79 / 70 -51 -63 -79 / 53 68 80 77 / 55 75 -68 -72 / 56 65 74 -72 / 71 -56 -65 -74 / 55 63 72 75 / 53 68 77 -75 / 55 67 70 75 / 56 65 68 -75 <END> 
<S> 53 68 74 77 / 72 75 -53 -68 / 55 62 71 74 / 63 67 72 / 65 74 -67 -72 / 60 67 75 -74 / 53 72 -67 -75 / 55 63 72 -75 / 56 65 -72 -75 / 58 67 70 75 / 53 68 72 77 / 55 62 70 -77 / 56 60 72 51 / 55 63 70 75 -55 53 56 65 68 / 50 -56 -65 -65 <END> 
<S> 58 65 70 74 / 68 -58 -65 -74 / 63 67 72 -58 / 62 65 70 77 / 55 63 70 75 / 56 -63 -70 -75 / 58 65 70 74 / 60 75 -65 -74 / 58 72 77 / 56 60 -72 -77 / 55 62 70 77 / 68 -55 -62 -77 / 48 63 67 75 / 69 -48 -63 -75 / 50 65 70 74 / 51 67 70 75 / 53 68 72 77 / 55 62 70 -77 / 56 63 72 0 / 53 65 72 -70 / 51 67 -65 -72 / 50 65 -67 -70 / 48 63 67 72 / 53 57 65 72 <END> 
<S> 48 67 75 -65 / 53 68 -67 -75 / 55 62 70 74 / 56 65 72 -74 / 55 67 70 75 / 53 68 -67 -75 / 55 62 70 79 / 56 72 43 71 58 50 74 77 -56 / 57 60 75 77 / 53 68 74 -77 / 55 70 75 79 / 57 65 72 77 / 59 67 74 -77 / 60 67 75 -74 / 72 -60 -67 -75 <END> 
<S> 55 59 67 75 / 53 60 68 77 / 51 -60 -68 -77 / 50 59 62 -77 / 67 77 -58 -62 / 60 62 67 77 / 58 62 -67 -72 / 0 / -58 -65 -75 -79 / 56 72 77 -63 / 62 65 -72 -77 / 63 67 70 79 / 72 77 -63 / 58 65 74 80 / 56 72 -63 -79 <END> 
<S> 60 63 69 75 / 62 65 70 -75 / 63 65 72 81 / 62 -65 -72 36 63 67 72 / 60 -63 -67 -72 / 59 63 67 / 60 65 68 -58 / 56 60 -65 -68 / 55 58 65 -63 / 53 62 -65 -65 / 51 60 67 / 53 60 68 74 <END> 
<S> 56 63 68 72 / 55 -63 -68 -72 / 53 61 67 70 / 52 -61 -67 -70 / 53 60 67 68 / 55 -60 -67 -68 / 56 60 65 68 / 53 -60 -65 -68 / 60 64 67 / 57 60 65 75 <END> 
<S> 56 60 65 / 55 58 -56 -65 / 53 56 60 65 / 58 -53 -53 -65 / 48 60 63 67 / 55 59 62 67 / 53 60 65 / 51 55 58 -65 / 60 53 63 / 46 62 -60 -63 <END> 
<S> 56 60 63 / 55 60 65 / 53 56 62 -65 / 59 -53 -56 -65 / 51 55 60 63 / 53 62 -60 / 55 59 67 / 56 60 59 -67 / 44 60 63 -67 / 43 58 62 -63 / 62 -43 -58 -62 / 56 60 -58 -62 <END> 
<S> 47 62 67 -55 / 48 60 -62 -67 / 56 60 65 -60 / 55 59 -60 -63 / 57 60 65 / 53 59 62 -65 / 50 58 65 70 / 51 63 -58 -70 / 53 62 68 -58 / 55 61 -62 / 51 60 63 -58 / 57 -51 -60 -63 / 46 58 62 65 / 48 -58 -62 -65 / 46 58 62 65 / 44 -58 -62 -65 <END> 
<S> 55 58 62 65 / 56 -58 -62 -65 / 60 -56 65 / 58 62 -45 -65 / 56 -46 -65 -65 / 55 58 63 67 / 49 58 65 68 / 51 58 63 67 / 62 -51 -58 -67 / 48 60 63 67 / 56 60 63 72 / 55 58 -63 -72 / 56 60 65 72 / 74 -56 -60 -65 -72 <END> 
