<S> 0 60 / 48 51 55 -60 / 50 53 -55 -60 / 51 55 60 67 / 48 63 -55 -67 / 56 60 65 -63 / 53 62 -56 -65 / 60 -53 -56 -65 / 47 62 67 -53 / 51 -47 -62 -67 / 50 -47 -62 -67 / 55 62 -47 -62 / 45 60 -55 -62 / 43 59 -55 -62 / 48 55 60 63 / 50 -55 -60 -63 / 51 -55 -60 -63 / 48 -55 -60 -63 <END> 
<S> 43 55 59 67 / 62 -43 -55 -67 / 48 55 60 63 / 46 55 61 70 / 44 60 68 72 / 43 62 -68 -72 / 48 63 68 -68 / 46 61 -65 -68 / 48 60 63 67 / 58 -48 -63 -67 / 54 56 62 72 / 55 58 67 74 / 56 63 -67 / 58 65 68 74 <END> 
<S> 48 60 63 68 / 49 -60 -63 -68 / 51 58 65 67 / 46 63 -58 -67 / 48 55 63 70 / 53 56 68 -63 / 51 58 67 / 70 -51 -58 -67 / 49 56 67 -65 / 58 -46 -67 -49 / 65 -46 -58 -60 / 39 55 60 63 / 53 56 59 62 / 51 55 60 / 53 56 62 65 / 55 63 72 / 53 56 62 71 <END> 
<S> 58 65 -63 / 56 62 -65 -65 / 63 -56 -60 -65 / 55 58 63 70 / 53 60 68 -63 / 51 58 67 / 68 -51 -58 -67 / 46 58 63 67 / 65 74 -46 -58 / 55 63 67 70 / 56 65 -63 -70 / 58 63 70 74 / 56 -63 -70 -74 / 55 63 70 75 / 53 68 73 77 / 51 67 70 79 / 50 65 -70 -79 / 51 67 72 79 / 70 -51 -67 -79 <END> 
<S> 58 65 70 / 68 -51 -58 -65 / 46 58 65 74 / 67 -46 -58 -65 / 77 58 63 67 / 75 -58 -63 -67 / 58 65 68 74 / 63 70 75 / 55 65 -70 -75 / 56 63 72 77 / 58 -63 -72 -77 / 60 67 72 75 / 70 -60 -67 -75 / 53 65 69 72 / 60 63 -69 -72 / 58 65 70 74 / 58 65 70 74 / 55 67 70 75 / 51 58 70 79 / 58 70 77 -51 <END> 
<S> 63 67 70 79 / 65 73 -70 -79 / 67 72 75 -62 / 58 74 -67 56 / 60 72 75 / 58 62 70 77 / 56 63 72 77 / 55 -63 -72 -77 / 53 62 70 79 / 51 63 -70 -79 / 53 65 70 72 / 52 -65 -70 -77 / 53 60 69 77 / 55 62 67 -77 / 60 63 67 75 / 58 62 -67 -75 <END> 
<S> 53 63 68 72 / 55 65 -68 -72 / 56 60 65 72 / 55 67 -60 -72 / 53 -60 -67 -72 / 55 59 67 74 / 65 -55 -59 -74 / 48 55 63 72 / 46 55 58 70 / 65 -47 -55 -70 <END> 
<S> 48 60 63 67 / 58 -48 -63 -67 / 53 56 65 / 55 58 -65 / 56 56 60 65 / 55 -56 -60 -65 / 55 58 70 75 / 53 60 68 77 / 62 -53 -68 -77 / 51 63 67 79 / 55 -63 -67 -79 / 62 65 79 -51 / 60 -65 -79 -79 <END> 
<S> 55 58 63 75 / 56 60 65 77 / 50 62 -65 -77 / 51 58 67 75 / 53 60 65 77 / 63 -53 -65 -77 / 62 65 70 77 / 59 62 -65 -77 / 60 63 67 75 / 62 -60 -67 -75 / 54 60 69 75 / 55 67 71 74 / 60 67 72 75 / 58 -67 -72 -75 <END> 
<S> 60 63 67 -46 / 53 60 -67 41 / 55 67 71 -60 / 65 -55 -71 -74 / 56 63 67 72 / 62 65 -56 -72 / 55 62 67 71 / 48 63 67 72 / 53 60 68 74 / 55 59 67 74 / 65 -55 -59 -74 / 56 60 63 72 / 55 -60 -63 -72 <END> 
<S> 51 60 67 72 / 56 60 65 -72 / 55 67 74 -60 / 59 -55 -67 -74 / 48 60 67 75 / 60 63 67 72 / 55 62 67 72 <END> 
<S> 55 62 67 71 / 60 -55 -67 -71 / 43 59 67 74 / 48 60 67 75 / 53 60 68 74 / 50 53 -68 -74 / 55 62 70 74 / 56 65 72 -70 / 74 -53 -65 -68 -72 <END> 
<S> 56 60 63 72 / 55 58 -63 -72 / 53 56 65 74 / 46 55 -65 -68 / 50 58 65 74 / 59 62 67 74 / 60 67 76 / 58 -60 -67 -76 / 56 60 65 77 / 55 -60 -65 -77 / 53 60 68 77 / 68 -53 -60 -77 / 55 59 67 75 / 56 60 65 77 / 58 62 74 -77 / 56 63 72 75 <END> 
<S> 60 67 75 / 58 -60 -67 -75 / 56 60 68 75 / 55 -60 -68 -75 / 53 60 68 74 / 55 59 67 -74 / 53 56 60 72 / 65 74 -53 -60 / 55 58 67 75 / 57 60 65 77 / 59 62 67 74 / 58 -62 -67 <END> 
<S> 56 60 66 72 / 55 74 -60 -67 / 53 60 67 72 / 55 59 65 74 / 56 60 65 72 / 74 -56 -60 -65 / 55 67 -60 / 53 59 68 74 / 55 59 -68 -74 / 65 -55 -59 -74 / 48 55 60 72 / 46 58 62 70 / 79 -58 -62 -70 <END> 
<S> 55 60 67 75 / 43 -60 -67 -75 / 59 62 67 74 / 56 -59 -62 -74 / 55 58 67 75 / 57 60 -67 -75 / 77 -57 -60 -67 / 59 62 67 74 / 57 60 72 75 / 55 58 -72 -75 / 53 60 72 77 / 74 -53 -60 -77 / 55 58 75 79 / 56 -58 -75 -79 / 58 74 77 / 56 65 -74 -77 <END> 
<S> 60 67 75 / 58 62 -67 -75 / 56 63 72 75 / 55 -63 -72 -75 / 53 68 74 77 / 67 75 -53 -68 / 51 67 72 / 53 -67 -72 / 55 62 67 -72 / 53 65 -62 -72 / 51 63 67 72 / 55 -63 -67 -72 / 60 63 67 72 / 58 62 -67 -72 / 56 65 72 77 / 67 -56 -65 -72 <END> 
<S> 57 63 72 / 55 70 -60 -72 / 53 68 -60 -72 / 55 67 70 74 / 56 65 68 -74 / 58 67 74 / 68 -58 -74 / 55 67 70 75 / 48 60 67 75 / 53 -60 65 -75 / 51 60 67 79 / 58 -51 -67 -75 / 56 65 72 77 / 55 75 -72 -77 / 58 74 -68 -77 / 67 70 75 -56 <END> 
<S> 53 60 68 77 / 75 -53 -60 -68 / 55 58 70 74 / 53 -58 -70 -74 / 55 58 70 75 / 56 60 -70 -75 / 58 62 65 74 / 56 67 -65 -74 / 55 63 70 77 / 53 -62 -70 -77 / 51 63 70 79 / 55 63 -70 -79 / 56 65 72 77 / 53 67 70 -77 / 75 -53 -70 -77 <END> 
<S> 51 63 70 79 / 53 -63 -70 -79 / 55 63 70 79 / 61 -55 -70 -79 / 56 60 68 77 / 62 -56 -68 -77 / 48 63 67 75 / 72 -48 -63 -75 / 53 65 74 -72 / 50 65 71 -74 / 51 67 72 / 50 66 74 -72 / 55 62 67 71 / 53 59 62 67 <END> 
<S> 50 65 72 77 / 71 -50 -65 -77 / 48 67 72 76 / 53 68 -72 74 / 55 67 71 -74 / 55 67 71 74 / 48 67 72 75 / 50 -67 -72 -75 / 51 67 72 75 / 53 -67 -72 -75 / 55 67 74 -72 / 70 -55 -67 -74 / 51 70 67 75 / 53 65 69 74 <END> 
<S> 48 64 67 72 / 60 63 67 72 / 58 62 -67 -72 / 57 60 65 72 / 67 -57 -60 -72 / 60 66 69 74 / 59 62 67 74 / 60 67 75 / 58 62 -67 -75 / 56 63 72 / 55 -63 -72 -72 <END> 
<S> 55 62 67 75 / 53 60 68 74 / 55 59 67 74 / 65 -55 -59 -74 / 48 60 63 72 / 56 60 63 72 / 65 74 -56 -60 / 55 60 67 75 / 53 -60 -67 -75 / 55 59 67 74 / 65 -55 -59 -74 <END> 
<S> 56 60 63 72 / 55 -60 -63 -72 / 53 68 72 74 / 55 67 71 -74 / 65 -55 -71 -74 / 48 63 67 72 / 51 58 70 79 / 53 60 -70 77 / 55 59 67 -77 / 56 60 65 -74 / 72 -56 -60 -65 <END> 
<S> 56 60 63 72 / 55 -60 -63 -72 / 53 65 68 72 / 55 74 -65 -68 / 67 76 -53 / 65 68 -55 / 60 64 67 72 / 65 69 -60 -72 / 59 65 68 74 / 62 65 -68 -74 / 60 63 67 75 / 69 -60 -63 -75 / 58 65 70 74 / 53 -65 -70 -74 <END> 
<S> 57 65 72 75 / 70 -57 -65 -75 / 58 65 72 77 / 70 -58 -65 -77 / 60 70 75 79 / 62 72 79 77 / -62 -70 -77 / 63 70 79 / / 63 -63 -70 -79 / 60 63 68 77 / 62 -60 -68 -77 / 60 63 67 75 / 60 63 -67 -75 <END> 
<S> 56 63 72 77 / 58 -63 -72 -77 / 57 65 72 75 / 58 65 70 74 / 53 65 72 -70 / 68 -53 -65 -72 / 60 63 67 75 / 62 -60 -67 -75 / 55 60 68 74 / 59 -43 -65 -74 / 48 60 72 75 / 53 68 74 77 <END> 
<S> 60 63 67 75 / 58 62 -67 -75 / 56 60 65 77 / 55 67 -60 -77 / 53 65 68 72 / 50 74 -65 -68 / 51 67 -65 -72 / 53 65 69 74 / 55 59 67 75 / 55 58 -67 -75 / 56 60 65 -75 <END> 
<S> 53 62 68 74 / 55 63 70 -74 / 56 65 68 72 / 58 67 -65 -68 / 60 67 -65 / 48 60 -67 68 / 53 61 67 70 / 52 60 67 -70 / 53 65 69 -60 / 59 -53 -65 -69 / 60 -53 -65 -69 / 60 63 -53 -69 <END> 
<S> 55 63 70 / 56 72 -63 / 58 65 -56 -72 / 56 74 -56 -65 / 51 58 67 75 / 53 65 68 72 / 63 -53 -68 -72 / 46 62 65 70 / 63 67 -46 -70 / 45 60 65 -70 / 46 61 65 67 / 58 -46 -62 -67 / 60 68 -58 -65 / 46 58 62 65 <END> 
<S> 46 62 65 70 / 62 65 69 / 60 63 67 70 / 53 65 69 72 / 60 63 67 -53 / 62 -53 -67 / 60 63 -53 -67 / 46 62 65 -67 / 63 -46 -62 -65 / 60 65 -46 -63 / 47 62 67 -65 / 48 67 -62 -67 / 50 -62 -67 -67 <END> 
<S> 59 62 65 67 / 60 63 -65 -67 / 58 62 65 / 56 60 63 / 55 58 62 67 / 0 / 0 / 62 66 70 77 / 43 62 67 70 <END> 
<S> 55 63 69 72 / 62 74 -55 -72 / 43 60 65 -74 / 59 62 67 -55 / 53 -59 -62 -67 / 52 60 67 -59 / 53 57 60 65 / 55 59 62 -65 / 56 60 63 65 / 53 62 -56 -60 <END> 
<S> 56 60 63 / 53 60 65 68 / 62 67 -53 -68 / 63 70 -53 -68 / 46 62 65 -70 / 51 63 67 70 / 62 65 -51 -70 / 51 60 63 72 / 55 58 -63 -72 <END> 
<S> 46 62 65 70 / 51 63 67 70 / 50 65 -67 -70 / 48 67 72 75 / 60 -67 -72 -75 / 59 67 74 79 / 77 -59 -74 -79 / 60 67 72 75 / 74 -60 -67 -72 <END> 
<S> 60 67 72 75 / 58 -67 -72 -75 / 56 60 72 75 / 55 70 -60 -75 / 53 60 68 74 / 55 59 67 -74 / 56 60 67 72 / 65 -56 -60 -72 / 50 62 65 71 / 53 62 -62 -71 / 51 60 67 72 / 48 63 69 -72 <END> 
<S> 56 60 63 72 / 53 56 65 72 / 51 55 67 70 / 56 65 68 / 60 63 -56 -68 / 55 61 67 70 / 53 56 -67 -70 / 51 63 72 -70 / 53 65 72 -70 / 63 -53 -68 -72 / 48 62 71 -53 / 47 -62 -62 -71 / 48 60 63 67 / 50 62 -60 -67 <END> 
<S> 58 65 67 70 / 53 68 -65 -74 / 55 63 70 75 / 56 65 68 -75 / 77 -56 -68 -70 / 51 60 67 79 / 53 -60 -67 -79 / 55 60 67 74 / 59 -55 -67 -74 / 48 60 67 75 / 65 -48 -60 -75 / 50 67 72 -59 / 52 -67 -72 -75 / 53 68 72 74 / 55 67 71 -74 / 65 -55 -71 -74 <END> 
<S> 55 59 67 74 / 60 67 75 / 58 62 -67 -75 / 56 63 72 -43 / 55 65 71 74 / 53 67 70 75 / 51 -67 -70 -75 / 53 65 70 72 / 63 -53 -70 -72 / 53 65 69 72 / 63 -53 -69 -72 <END> 
<S> 55 67 70 75 / 53 -67 -70 -75 / 51 65 70 77 / 50 -65 -70 -77 / 51 63 70 79 / 72 -51 -63 -79 / 53 68 72 77 / 74 -53 -68 -77 / 55 63 75 79 / 56 -55 -75 -79 / 53 72 77 -63 / 52 71 -72 -77 / 56 60 72 77 / 50 65 -56 -77 <END> 
<S> 56 72 77 -64 / 75 -56 -72 -77 / 53 65 74 -77 / 75 -53 -65 -77 / 58 65 74 77 / 62 70 -65 -77 / 63 69 72 77 / 67 70 -64 -77 / 68 77 -56 -65 / 58 70 73 77 / 60 68 72 -77 / 59 67 74 79 / 77 -59 -67 -74 <END> 
<S> 58 65 77 -63 / 58 62 65 77 / 67 -58 -62 -77 / 60 63 67 75 / 69 -60 -63 -75 / 58 65 70 74 / 65 68 72 / 74 -56 -65 -70 / 48 63 67 75 / 50 62 -67 -75 / 51 60 67 72 / 53 -60 -67 -72 / 55 59 67 74 / 55 62 71 79 / 60 -55 -71 -79 <END> 
<S> 48 63 67 72 / 62 -48 -67 -72 / 60 67 74 / 59 -67 -74 / 60 67 72 / 64 -60 -67 -72 / 53 65 68 72 / 74 -53 -65 -68 / 48 67 72 75 / 50 -67 -72 -75 / 51 67 72 79 / 53 -67 -72 -79 / 55 67 71 74 / 53 -67 -71 -74 <END> 
<S> 48 63 72 79 / 50 65 -72 -79 / 51 67 72 79 / 53 -67 -72 -79 / 55 67 71 74 / 60 67 75 / 53 60 68 74 / 55 59 67 -74 / 65 -55 -59 -74 / 48 60 63 72 / 50 58 70 77 <END> 
<S> 55 60 67 75 / 53 -60 -67 -75 / 55 59 74 -67 / 65 -55 -59 -74 / 48 60 63 72 / 48 63 72 79 / 50 65 71 77 / 71 -50 -65 -77 / 51 67 72 / 60 -51 -67 -72 / 53 65 69 -72 / 75 -53 -65 -69 / 54 63 69 46 62 65 -54 69 <END> 
<S> 51 67 75 -72 / 53 65 69 74 / 55 65 70 -74 / 56 -65 -70 -74 / 55 63 70 74 / 53 68 -63 -74 / 51 63 70 79 / 55 -63 -70 -79 / 53 65 68 80 / 51 -65 -68 -80 / 67 70 -51 -65 / 50 65 69 77 / 74 -53 -70 -77 / 55 70 74 -50 / 56 72 -70 -75 <END> 
<S> 53 60 68 77 / 51 67 70 75 / 56 65 72 75 / 63 70 -56 -75 / 53 68 77 80 / 47 -68 -74 -77 / 67 72 -53 -60 / 74 -53 -60 -72 / 55 67 71 74 / 55 67 71 74 <END> 
<S> 56 63 72 -51 / 53 68 72 74 / 51 67 72 60 / 75 -67 -72 -75 / 55 67 74 -72 / 69 -55 -72 -75 / 51 70 75 79 / 53 -70 -75 -79 / 55 70 74 79 / 55 73 -67 -79 <END> 
<S> 48 67 72 75 / 50 -67 -72 -75 / 51 67 72 -75 / 53 -67 -72 -75 / 55 67 70 75 / 56 60 68 77 / 58 62 -68 -77 / 60 63 67 75 / 69 72 -63 -75 / 55 65 71 74 / 53 63 72 / 62 74 -48 -72 <END> 
<S> 62 65 69 77 / 60 75 -65 -77 / 58 74 70 77 / 75 -58 -70 -77 / 65 70 77 -58 / 56 -65 -70 -77 / 58 70 75 -65 / 63 -58 -70 -75 / 46 65 70 74 / 67 -46 -70 -74 / 68 -46 -74 -74 / 51 58 67 79 / 50 65 69 77 <END> 
<S> 58 65 50 74 / 67 -58 -74 / 54 69 69 72 / 60 -54 -69 -72 / 55 62 67 70 / 60 63 67 75 / 68 -60 -63 -75 / 58 65 70 74 / 56 72 -65 -70 / 55 63 70 72 / 65 -55 -70 / 53 56 67 72 / 55 63 67 -72 / 53 65 72 / 51 55 67 71 <END> 
<S> 58 65 70 74 / 56 -65 -70 -74 / 55 67 70 75 / 65 74 -55 -70 / 63 67 72 -58 / 62 65 70 -55 / 58 62 70 79 / 63 -58 -70 -79 / 56 63 68 77 / 72 -56 -63 / 55 58 70 75 / 53 -58 -70 -75 / 51 65 72 77 / 50 -65 -72 -77 / 48 63 70 79 / 51 67 70 -79 <END> 
<S> 53 63 68 72 / 51 63 70 79 / 61 -51 -70 -79 / 56 60 68 72 / 65 74 -56 -60 / 55 58 -68 -74 / 56 60 -68 -74 / 55 58 68 75 / 53 56 68 -75 / 51 58 67 75 / 56 60 72 77 / 58 62 70 77 / 51 63 70 79 / 72 -63 77 -70 / 59 68 74 -77 <END> 
<S> 53 68 74 77 / 72 -53 -68 -77 / 55 70 75 -68 / 74 -55 -70 -75 / 56 72 75 77 / 58 70 74 -77 / 68 72 75 -53 / 58 67 74 77 / 68 76 -74 / 65 -58 -68 -74 / 60 67 72 75 / 63 -60 -72 -75 / 68 -60 -72 -75 / 58 74 77 -68 / 56 60 72 -74 / 65 -56 -60 -72 <END> 
<S> 60 67 75 / 69 74 -60 -67 / 58 67 70 74 / 68 -58 -74 -77 / 67 70 75 79 / 72 -67 -70 -79 / 60 68 72 75 / 70 -60 -68 -80 / 56 68 72 77 / 53 68 74 -77 / 51 67 70 75 / 50 65 77 -75 / 51 67 74 -77 / 75 -58 -67 -74 <END> 
<S> 58 70 74 77 / 68 -58 -74 -77 / 67 70 75 79 / 51 -67 -70 -79 / 60 67 72 75 / 58 -67 -72 -75 / 56 60 72 77 / 55 70 -60 -77 / 53 60 68 77 / 55 70 75 -60 / 56 60 72 77 / 58 62 74 -77 / 68 -58 -62 -77 / 60 63 67 75 / 65 69 -60 -75 <END> 
<S> 53 60 68 77 / 48 60 67 75 / 46 65 68 74 / 67 75 -46 -68 / 44 65 -68 -75 / 50 65 70 -65 / 47 62 -65 -70 / 48 60 63 -70 / 69 -51 -60 -63 / 50 58 65 70 / 39 -50 -65 -70 / 51 58 67 / 50 62 70 77 / 62 79 -62 -70 / 57 60 65 72 / 55 67 -60 -72 <END> 
<S> 51 63 67 70 / 50 62 -67 -70 / 48 63 67 72 / 60 -48 -67 -72 / 53 65 68 74 / 53 63 70 75 / 51 63 -70 -75 / 53 68 77 -63 / 62 -53 -68 -77 / 51 67 70 79 / 59 -51 -70 -79 / 60 67 77 / 58 62 -67 -77 <END> 
<S> 51 63 67 75 / 63 -51 -67 -75 / 67 72 -51 -75 / 67 -51 -72 -75 / 50 65 68 77 / 51 63 67 79 / 62 -51 -67 -79 / 70 60 68 -51 / 50 65 68 -68 / 48 63 67 70 / 53 63 68 72 / 51 67 72 75 <END> 
<S> 56 68 77 -63 / 58 62 -68 -77 / 60 63 68 75 / 65 74 -68 / 55 67 70 75 / 58 68 -67 -75 / 58 65 68 77 / 67 75 -58 -65 / 56 60 65 72 / 67 74 -60 / / 60 65 -67 75 / 63 -60 -67 -75 <END> 
<S> 56 60 68 72 / 65 -56 -60 -72 / 55 62 67 70 / 63 -55 -67 -70 / 53 65 68 70 / 51 -65 -68 -70 / 50 58 70 -65 / 46 62 -58 -70 / 51 58 63 67 / 51 58 67 75 / 48 51 63 67 / 50 65 -51 -67 <END> 
<S> 44 60 65 68 / 53 -60 -65 -69 / 55 62 65 70 / 63 67 -55 -70 / 57 60 63 72 / 62 74 -60 -72 / 55 65 72 / / 55 -65 -72 / 63 -55 -72 / 56 65 72 -72 / 55 67 71 74 / 53 68 -71 -74 <END> 
<S> 56 65 72 / 63 -56 -72 / 55 65 67 71 / 53 59 67 / 62 74 -53 -67 / 51 63 72 / 50 -57 -63 -72 / 51 58 67 74 / 65 69 -51 -58 / -79 / -58 -70 -79 / 68 -58 -63 -79 / 46 -58 -63 -79 / 62 -46 -58 -70 / 56 60 65 70 <END> 
<S> 46 65 70 74 / 48 -65 -70 -74 / 50 67 70 77 / 51 62 -70 -77 / 53 63 70 79 / 62 77 -70 / 56 63 72 75 / 55 63 70 75 / 53 68 77 -63 / 51 67 70 -53 / 50 59 65 77 / 51 67 70 75 <END> 
<S> 53 68 77 -63 / 55 62 67 -77 / 60 63 67 79 / 58 62 65 -79 / 56 60 63 72 / 55 58 -63 -72 / 53 57 68 72 / 58 74 -53 -68 / 60 63 -53 -74 / 58 62 67 74 / 57 -62 -65 -74 <END> 
<S> 53 56 65 74 / 46 -53 -65 -74 / 74 -46 -53 -65 / 47 59 62 67 / 44 60 63 72 / 43 62 -60 -72 / 59 -43 -62 -67 / 36 60 63 67 / 58 62 65 -67 / 56 60 63 72 / 55 58 -63 -72 / 53 56 72 74 / 51 -56 -60 -72 <END> 
