<S> 60 64 67 72 / 53 65 69 72 / 71 74 -53 -65 / 48 67 72 76 / 60 -67 -72 -76 / 62 65 71 77 / 69 -62 -65 -77 / 64 67 79 / 65 -64 -67 -79 / 62 67 71 -79 / 60 76 81 -67 / 62 66 74 -81 / 55 67 71 79 <END> 
<S> 59 62 74 79 / 67 -59 -74 -79 / 60 67 76 -74 / 72 -60 -67 -76 / 50 69 74 77 / 72 -50 -69 -77 / 55 67 71 74 / 57 67 72 76 / 59 -67 -72 -76 / 60 67 72 76 / 62 -67 -72 -76 / 60 67 72 76 / 65 -60 -72 -76 / 61 64 70 79 / 57 65 77 <END> 
<S> 60 67 72 76 / 59 -67 -72 -76 / 57 69 72 77 / 59 67 74 79 / 77 -59 -67 -74 / 60 76 -67 -76 / 69 72 -60 -76 / 55 71 74 -60 / 64 67 72 / 65 69 -64 -72 / 59 67 74 -72 / 60 76 -67 -74 / 59 62 71 74 / 57 60 -71 -74 <END> 
<S> 64 67 72 84 / 65 74 -67 -84 / 67 72 76 / 59 -67 -72 / 57 60 72 76 / 55 59 74 -72 / 54 -59 -59 -74 / 48 52 64 67 / 60 52 64 67 <END> 
<S> 55 67 72 / 62 -55 -72 -76 / 43 71 59 74 / 62 -43 -59 -77 / 48 64 67 76 / 57 60 69 76 / 54 60 69 -76 / 55 62 67 71 / 52 60 67 72 / 54 62 69 74 / 55 62 67 71 / 43 59 62 67 <END> 
<S> 54 62 69 74 / 72 -54 -62 -69 / 55 62 71 -69 / 67 -55 -62 -71 / 50 54 62 69 / 60 -50 -54 -69 / 43 55 59 67 / 48 52 60 67 / 41 53 60 69 / 62 -53 -41 -69 / 46 53 62 67 / 58 -40 -62 -67 / 41 57 60 69 / 45 57 60 -69 <END> 
<S> 47 55 62 67 / 43 -55 -62 -67 / 48 55 60 64 / 62 -48 -55 -64 / 48 60 64 67 / 45 -60 -64 -67 / 44 64 72 -64 / 43 62 71 -56 / 48 55 64 69 / 62 -48 -55 -71 / 45 57 60 72 / 62 -45 -57 -72 / 43 59 62 67 / 48 55 -62 -67 / 50 57 -62 -67 / 66 -50 -57 -62 <END> 
<S> 48 55 64 72 / 55 62 71 -48 / 47 -55 -62 -71 / 48 55 64 69 / 50 54 62 -69 / 60 -50 -54 -69 / 43 50 59 67 / 48 52 60 67 / 47 -52 -60 -67 / 45 52 60 72 / 48 52 67 -72 / 50 65 69 74 / 71 -50 -65 -74 / 48 67 72 76 / 52 -67 -72 -76 <END> 
<S> 43 55 59 67 / 45 52 60 -67 / 47 50 62 69 / 48 71 -62 -69 / 50 54 69 72 / 47 55 62 67 / 48 60 64 69 -55 / 54 60 62 -69 / 50 62 66 71 / 69 -50 -54 -66 / 43 59 67 -50 / 48 52 60 69 <END> 
<S> 47 50 62 67 / 65 -47 -50 -62 / 48 60 64 67 / 46 -60 -64 -67 / 45 60 65 69 / 47 -60 -65 -69 / 48 60 64 67 / 58 -48 -64 -67 / 49 64 -58 / 57 -49 -64 <END> 
<S> 53 60 65 69 / 50 62 65 71 / 52 67 -62 -65 / 53 60 69 / / -60 -69 -69 / 43 59 67 71 / 45 64 69 72 / 71 -45 -64 -72 / 54 57 72 74 / 64 72 -57 -60 <END> 
<S> 49 64 69 -67 / 50 62 66 -69 / 52 62 67 / 60 -52 -52 -67 / 53 60 69 / 55 -53 -60 -69 / 49 57 65 69 / 50 57 65 -69 / 47 55 62 67 / 43 -55 -62 -67 / 48 55 60 64 / 58 -48 -55 -64 / 41 56 60 69 / 44 48 64 71 <END> 
<S> 50 62 65 / -81 -62 -65 / 64 55 62 71 / 60 69 -55 -67 / 43 62 67 -55 / 53 59 -43 -67 / 52 -43 -43 -59 / 45 52 55 72 / 54 -45 -52 -72 / 47 55 62 71 / 48 64 -55 -71 / 50 55 62 69 / 60 -50 -55 -69 / 52 59 62 67 / 50 59 -59 -67 <END> 
<S> 47 50 62 71 / 48 55 64 72 / 50 62 65 71 / 52 55 64 72 / 54 57 -64 -72 / 55 59 62 71 / 64 -55 -59 -71 / 52 55 64 72 / 50 65 71 74 / 48 64 67 76 / 62 -48 -67 -76 / 53 60 65 77 / 67 -53 -60 -77 / 55 62 69 72 / 55 71 -62 <END> 
<S> 57 64 69 72 / 55 -64 -69 -72 / 54 62 -69 -72 / 55 -62 -69 -72 / 53 60 65 69 / 62 -53 -65 -69 / 52 59 64 67 / 62 -52 -59 -67 / 45 57 60 64 / 46 62 65 / 74 -57 -60 -65 / 45 57 64 72 / 42 62 -57 -72 / 64 -45 72 -72 / 47 62 67 71 / 48 64 69 -67 <END> 
<S> 57 64 69 72 / 47 62 67 / 72 -47 -62 -67 / 44 59 65 71 / 53 59 62 67 / 52 60 67 / 53 69 74 -60 / 59 62 67 -53 / 52 60 64 67 / 50 59 65 -67 / 48 55 64 67 / 60 -48 -64 -67 <END> 
<S> 52 60 67 72 / 53 69 -60 -72 / 52 65 71 74 / 50 -65 -71 -74 / 48 67 72 76 / 60 -67 -72 -76 / 69 -72 -76 / 67 77 71 / 64 67 72 79 / -64 -67 -72 -79 / 59 67 74 79 / 65 -67 -74 -79 / 59 67 76 79 / 77 -59 -67 -76 <END> 
<S> 48 64 67 72 / 65 -48 -67 -72 / 60 64 67 72 / 62 -60 -67 -72 / 52 60 67 72 / 58 -52 -67 -72 / 53 57 65 72 / 47 62 -65 -72 / 48 64 67 72 / 55 59 67 74 / 55 59 67 74 <END> 
<S> 53 62 65 69 / 60 64 -53 -69 / 59 62 67 -53 / 60 64 67 -53 / 50 62 65 71 / 55 62 67 -71 / 69 -55 -62 -67 / 48 64 69 -67 / 50 62 66 -69 / 60 -50 -66 -69 / 43 59 62 67 / 59 62 67 74 <END> 
<S> 50 62 67 69 / 55 62 69 -69 / 43 71 -62 -69 / 44 72 -55 -64 / 45 52 64 72 / 48 -45 -64 -72 / 47 55 62 71 / 48 55 64 69 / 50 -55 -64 -69 / 52 62 66 71 / 59 -52 -62 -67 <END> 
<S> 42 48 69 -64 / 43 50 59 -69 / 45 48 -55 -69 / 47 55 62 67 / 48 60 64 67 / 47 62 65 -67 / 45 60 69 -67 / 47 62 -60 -69 / 48 52 64 67 / 50 62 -64 -67 / 48 64 67 71 / 52 -64 -67 -71 / 45 60 64 67 / 65 69 -60 -65 / 59 62 67 -65 / 60 -59 -62 -67 <END> 
<S> 45 60 64 72 / 47 55 62 -72 / 48 55 64 69 / 50 54 62 69 / 43 59 62 67 / 48 60 64 67 / 52 60 67 72 / 50 65 69 74 / 71 -50 -65 -74 / 48 67 72 76 / 60 67 -48 -76 / 47 62 67 74 / 76 -47 -67 -62 / 77 -47 -62 -67 / 48 67 76 -62 <END> 
<S> 48 60 67 76 / 50 -60 -67 -76 / 52 60 67 76 / 53 -60 -67 -76 / 55 59 67 74 / 56 65 -59 -74 / 57 59 64 72 / 74 -57 -64 -64 / 55 62 69 72 / 53 -62 -69 -72 / 60 67 72 76 / 58 -67 -72 -76 / 57 69 72 77 / 59 -69 -72 -77 <END> 
<S> 57 60 64 72 / 55 65 -72 / 64 -55 -72 / / 60 -55 -72 / 64 -55 -60 -72 / 43 62 67 71 / 47 -62 -67 / 45 60 72 -67 / 47 62 67 -67 / 48 60 64 69 -67 / 59 -48 -64 -67 / 45 57 64 69 / 47 62 68 74 / 48 60 64 76 / 50 62 -60 -69 / 52 60 67 -60 / 59 -52 -60 -67 <END> 
<S> 48 64 67 72 / 55 -64 -67 -72 / 71 -55 -64 -67 / 48 64 69 -67 / 66 -48 -64 -69 / 52 62 67 71 / 64 -52 -67 -71 / 50 62 67 69 / 66 -50 -62 -69 / 55 59 62 67 / 52 60 67 72 / 53 69 -60 -72 / 50 65 71 74 / 69 -50 -65 -74 / 48 64 72 76 / 62 74 -48 -72 / 67 76 -55 -60 / 54 60 69 74 / 56 59 50 -74 -74 / 57 72 76 -74 / 74 -57 -65 -69 <END> 
<S> 55 62 67 71 / 67 -55 -62 -67 / 50 62 66 69 / 51 59 66 71 / 52 59 64 67 / 57 64 67 72 / 59 62 67 74 / 60 67 76 / 59 -60 -67 -76 / 57 60 65 77 / 55 67 76 -60 / 53 60 69 74 / 55 59 67 -74 / 72 -55 -60 -67 / 43 59 67 74 / 65 -43 -59 -74 <END> 
<S> 60 64 67 72 / 62 74 -60 -67 / 57 60 69 76 / 59 64 -69 -76 / 61 64 69 -76 / 62 69 77 / 57 61 69 -77 / 55 59 71 76 / 55 74 -59 -76 / 57 60 72 -53 / 55 64 -60 -72 / 53 62 69 77 / 71 -53 -62 -77 / 52 60 72 76 / 48 71 -57 -76 <END> 
<S> 57 60 69 76 / 59 -57 -69 -76 / 45 60 67 76 / 62 77 -45 60 / 76 -48 -60 -69 / 50 53 69 72 / 46 62 74 -53 / 52 67 -62 -77 / 53 69 -62 -77 / 55 70 76 -69 / 57 65 69 -76 / 67 -57 -69 -76 / 58 65 74 / 62 65 -58 -74 / 64 -58 -62 -74 / 68 -58 -64 -74 / 57 61 65 76 / 55 -57 -61 -76 / 53 57 60 69 <END> 
<S> 50 62 65 70 / 64 67 -50 -70 / 65 69 -50 / 46 67 -65 -70 / 48 65 69 81 / 64 -48 -69 -81 / 58 62 70 79 / 64 -58 -70 -79 / 65 70 77 -58 / 55 -58 -70 -77 / 57 60 72 -77 / 69 -56 -60 -77 / 55 70 75 79 / 53 -70 -75 -79 / 51 70 75 79 / 77 -51 -70 -79 <END> 
<S> 58 62 70 77 / 56 -58 -70 -77 / 55 63 70 79 / 53 72 80 -70 / 67 -53 -72 -77 / 55 -70 -74 -77 / 72 75 -55 -60 / 53 62 74 77 / 55 63 75 79 / 56 65 -75 -79 / 58 74 -65 / 55 63 75 / 55 58 70 77 / 56 72 -70 -77 / 58 65 74 77 / 67 75 -58 -65 / 53 68 77 -75 / 74 -53 -68 -77 / 55 70 75 79 / 74 -55 -70 -79 / 56 72 75 77 / 58 75 -72 -77 <END> 
<S> 53 63 72 80 / 70 -53 -63 -80 / 58 62 70 77 / 46 -62 -70 -77 / 51 67 70 75 / 0 / 51 63 68 79 / 53 65 68 72 / 63 -53 -68 -72 / 54 62 69 50 / 72 -54 -62 -69 / 55 62 67 71 / 55 62 67 71 / 53 -62 -67 -71 / 51 63 67 72 / 53 -63 -67 -72 <END> 
<S> 53 68 72 74 / 55 75 -72 / 56 65 -72 56 / 58 65 74 / 60 75 -65 -74 / 58 -60 -68 -74 / 53 60 72 75 / 58 62 70 77 / 56 63 72 77 / 55 65 70 75 / 53 61 70 77 / 51 67 70 75 / 53 65 68 72 / 51 63 67 79 <END> 
<S> 58 63 68 77 / 62 70 -58 -77 / 63 70 79 / 62 65 -70 -79 / 60 67 72 79 / 63 69 77 -48 / 59 62 -77 79 / 60 -59 -67 -79 / 60 63 67 79 / 62 -60 -67 -79 / 60 67 72 / 59 67 -67 -72 <END> 
<S> 59 62 67 77 / 60 -62 -67 -77 / 55 62 67 71 / 57 -62 -67 -71 / 55 62 67 71 / 55 -62 -67 -71 / 51 67 67 72 / 48 -67 -72 -67 / 55 67 71 74 / 72 -55 -67 / 62 67 70 / 65 -55 -62 -70 / 56 60 63 72 / 62 65 -56 -72 / 55 63 67 70 / 53 56 68 -67 / 58 65 -53 -68 <END> 
<S> 48 67 72 75 / 68 -48 -72 -75 / 55 67 71 74 / 53 -62 -67 -74 / 51 63 67 72 / 50 65 69 74 / 71 -50 -65 -74 / 48 67 72 75 / 58 74 -67 -75 / 56 60 65 77 / 55 67 75 -60 / 53 60 68 74 / 55 59 67 -74 / 65 -55 -67 -74 <END> 
<S> 48 67 72 75 / 50 -67 -72 -75 / 51 67 74 -67 / 53 -67 -68 -74 / 51 67 72 / 70 -51 -67 / 48 60 67 69 / 55 62 67 70 / 60 64 67 / 58 -60 -64 -67 / 56 60 65 -60 / 55 59 -60 -65 / 53 57 60 68 / 50 62 65 70 <END> 
<S> 55 67 70 74 / 62 -55 -70 -74 / 56 63 72 -70 / 65 68 -56 -72 / 63 67 70 / 62 65 -67 -70 / 60 63 67 59 / 53 60 68 77 / 55 59 67 74 / 56 60 65 -74 / 60 -56 -60 -65 / 55 59 62 -65 / 53 55 62 -59 <END> 
<S> 56 62 65 71 / 55 60 -65 -71 / 53 62 68 71 / 53 60 -68 68 / 62 -53 -68 -74 / 55 67 71 75 / 65 -55 -70 -75 / 57 65 72 -75 / 58 70 -65 -75 / 63 70 -58 43 / 62 70 77 / 60 68 75 / 58 67 70 75 / 56 65 70 77 <END> 
<S> 58 65 70 74 / 56 -65 -70 -74 / 55 67 70 74 / 53 68 -70 -74 / 51 63 70 79 / 55 -63 -70 -79 / 56 63 72 77 / 58 -63 -72 -77 / 57 62 72 77 / 59 -62 -72 -77 / 60 67 72 75 / 58 -67 -72 -75 <END> 
<S> 56 60 72 77 / 62 70 -56 -77 / 55 63 70 75 / 65 -55 -70 -75 / 53 67 70 74 / 51 72 -67 -70 / 53 65 70 72 / 69 -53 -65 -72 / 63 70 -53 -72 / 58 62 74 -72 / 67 77 -62 -74 / 63 67 -74 <END> 
<S> 53 65 68 74 / 63 -53 -68 -74 / 55 62 67 71 / 43 59 62 67 / 55 62 67 70 / 48 63 67 70 / 50 58 65 68 / 51 58 63 67 / 56 60 63 72 / 62 74 -56 -60 <END> 
<S> 51 63 67 72 / 60 -51 -63 -67 / 53 62 65 70 / 63 -53 -65 -70 / 46 58 65 70 / 46 62 -65 -70 / 51 58 63 67 / 50 -58 -63 -67 / 48 60 63 68 / 46 -60 -63 -68 / 44 65 70 -60 / 46 61 67 70 / 44 60 68 <END> 
<S> 44 60 63 65 / 58 -44 -63 -65 / 46 62 -65 / 56 60 63 -46 / 45 54 60 63 / 46 53 61 70 / <END> 
<S> 50 59 65 74 / 48 60 63 68 / 53 58 65 68 / 51 58 63 67 / 65 68 -51 -58 <END> 
<S> 53 68 60 74 / 50 58 65 -74 / 48 63 67 75 / 46 -63 -67 -75 / 56 60 68 77 / 55 75 -60 -68 <END> 
<S> 43 62 67 70 / 65 -62 -67 -70 / 63 67 70 / 65 -43 -67 -70 / 53 67 70 72 / 68 -53 -68 -72 / 46 67 74 -72 / 44 65 72 -75 / 46 74 -65 -72 / 63 67 72 75 / 65 68 74 77 <END> 
<S> 72 -51 -65 -67 / 47 65 67 74 / 48 60 -67 -74 / 43 59 67 74 / 65 -43 -59 -74 / 56 60 63 72 / 60 66 -56 -72 / 55 62 67 70 / 53 -62 -67 -70 / 51 63 67 72 / 53 -63 -67 -72 / 55 62 -67 -72 / 56 60 65 / 55 58 67 75 / 53 60 68 68 / 50 53 -68 -68 <END> 
<S> 56 60 67 72 / 65 -56 -60 -72 / 55 61 67 70 / 56 65 -67 -70 / 58 65 68 74 / 56 -65 -68 -74 / 55 67 70 75 / 74 -55 -67 -75 / 56 72 -67 -75 / 55 65 74 -72 / 53 67 70 75 / 51 -67 -70 -75 / 53 65 72 75 / 68 -53 -65 -72 / 63 67 72 79 / 62 -67 -70 <END> 
<S> 51 67 72 -67 / 53 65 69 -72 / 46 65 70 74 / 51 58 67 72 / 60 -51 -67 -72 / 53 60 65 -72 / 56 -53 -65 -72 / 55 60 67 74 / 59 -55 -67 -74 / 48 63 67 72 / 57 60 65 72 / 58 65 74 / 57 60 66 -74 / 55 59 67 75 / 53 -67 68 -75 <END> 
<S> 48 60 63 68 -72 / 55 62 67 71 / 53 -62 -67 -71 / 51 63 72 -67 / 69 -51 -63 -72 / 50 65 71 74 / 48 67 72 76 / 50 65 77 -72 / 67 -50 -65 -77 / 51 63 67 79 / 53 -63 -67 -79 / 55 62 71 79 <END> 
<S> 48 63 67 72 / 62 74 -48 -67 / 60 75 -67 / 69 58 -60 -75 / 59 62 67 -75 / 57 60 63 -75 / 55 59 62 74 / 55 60 67 74 / 62 -55 -67 -74 / 71 -55 -62 -74 / 48 72 -67 -71 / 60 67 72 75 / 58 -67 -72 -75 56 56 72 77 -56 / 55 70 75 -55 <END> 
<S> 48 63 67 75 / 62 -48 -67 -75 / 60 66 74 -48 / 59 67 74 / 65 -43 -59 -67 / 60 67 75 / 55 58 67 74 / 56 62 71 77 / 60 67 72 75 / 59 67 74 / 55 71 -67 -74 / 60 67 72 75 / 62 -67 -72 -75 <END> 
<S> 59 62 67 77 / 60 63 -67 -79 / 55 62 71 74 / 53 -62 -71 -74 / 51 63 72 79 / 53 -63 -72 -79 / 55 67 71 75 / 43 62 71 79 <END> 
<S> 50 62 65 71 / 60 69 -50 -65 / 58 62 67 -50 / 60 63 -67 -70 / 58 62 65 70 56 60 63 72 75 / 58 65 74 80 <END> 
<S> 56 60 63 72 / 62 65 -56 -72 / 55 61 67 70 / 53 60 68 -70 / 68 -53 -60 -68 / 47 65 68 74 / 62 65 -47 -68 <END> 
<S> 51 58 67 / 65 -51 -58 -67 / 48 60 63 -67 / 58 -48 -63 -67 / 41 56 65 68 / 46 58 62 67 / 44 60 63 68 / 50 58 65 -68 <END> 
<S> 44 60 63 65 / 46 58 62 -65 / 51 55 63 67 / 53 60 68 -67 / 58 62 65 -68 / 63 67 -58 -62 / 57 60 66 66 <END> 
<S> 58 62 65 70 / 56 60 -65 -70 / 55 62 67 70 / 53 -62 -70 -67 / 51 63 67 70 / 48 -63 -67 -70 / 50 58 65 68 / 47 62 -58 -65 / 51 58 60 67 / 59 -51 -58 -67 / 50 56 60 72 / 51 55 58 70 / 53 56 60 68 / 51 55 60 67 <END> 
<S> 48 60 63 67 / 55 58 63 70 / 63 -55 -63 -70 / 56 63 68 72 / 53 -63 -68 -72 / 51 63 67 70 / 50 65 68 -70 / 48 67 70 75 / 50 -67 -70 -75 / 51 67 70 75 / 53 -67 -70 -75 / 51 67 70 77 / 47 50 68 77 <END> 
<S> 48 63 67 75 / 51 67 72 -75 / 53 65 74 -72 / 55 59 -65 -74 / 62 -55 -62 -74 / 48 63 67 72 / 50 65 70 74 / 51 70 -65 -74 / 63 67 69 72 / 62 65 70 74 / 63 67 70 79 / 62 65 -67 -79 <END> 
<S> 63 70 72 -58 / 56 -63 -70 -72 / 68 -51 -56 -62 / 60 -48 -56 -68 / 47 56 62 -68 / 65 -43 -56 -62 / 48 55 60 63 / 62 66 -48 -55 / 43 60 63 67 / 44 -60 -63 -67 / 58 62 65 / 53 56 60 -65 / 55 58 62 67 / 56 55 63 70 / 62 -55 -67 -70 <END> 
<S> 44 60 63 65 / 59 62 -44 -65 / 60 -44 -65 / 56 62 65 -41 <END> 
<S> 58 67 74 / 68 -58 -63 -74 / 70 63 -58 -68 / 56 -63 -68 -70 <END> 
<S> 48 67 75 / 60 -67 -75 -75 / 58 60 67 74 / 59 68 -58 -74 <END> 
<S> 67 72 -53 -64 / 62 -67 -72 / 60 63 -67 -72 / 62 65 -60 -72 / 60 63 67 79 / 58 62 -67 -79 / 56 60 72 77 / 55 70 -60 -77 <END> 
<S> 63 70 79 / 62 -63 -70 -79 / 60 63 68 79 / 58 -63 -68 -79 / 56 63 72 77 / 58 62 70 77 / 51 67 70 75 / 75 74 -67 -70 / 63 67 70 75 / 65 68 77 -58 <END> 
