<S> 51 63 67 72 / 62 -51 -67 -72 / 55 60 67 74 / 59 -55 -67 -74 / 48 60 67 75 / 69 -48 -60 -75 / 50 53 71 74 / 51 55 72 / 67 70 -51 -72 / 53 65 68 74 / 63 -53 -68 -74 / 55 62 67 71 / 60 69 -55 -67 <END> 
<S> 51 55 72 70 / 48 67 75 -72 / 53 68 72 74 / 50 65 -68 -74 / 55 67 70 75 / 56 -67 -70 -75 / 58 65 74 -70 / 60 63 -65 -74 / 58 62 65 77 / 67 75 -62 / 60 68 -67 -75 / 58 65 74 77 / 56 -65 -74 <END> 
<S> 63 67 70 / 62 -60 -67 -70 / 60 63 67 79 / 58 -63 -67 -79 / 56 60 72 77 / 53 -60 -63 -77 / 58 62 -77 -77 / -56 -62 -77 / 51 55 60 75 / 53 60 68 74 / 59 -43 -68 -74 / 44 60 72 75 / 62 65 -44 -72 / 63 -44 -72 -72 / -63 -72 -63 -72 / 60 63 72 -72 / 62 65 -72 -80 / 63 67 72 79 / 60 68 -72 -79 <END> 
<S> 48 60 63 72 / 60 63 72 79 / 63 68 72 79 / 67 -63 -72 -79 / 60 65 72 75 / 74 -60 -65 -80 / 60 67 72 79 / 70 -51 -67 -79 / 53 60 68 77 / 55 59 67 -77 / 56 60 65 72 / 74 -56 -60 -65 / 55 60 67 75 / 53 68 -60 -75 <END> 
<S> 56 63 72 77 / 55 -63 -72 -77 / 57 61 70 -77 / 60 -58 -70 -77 / 58 62 70 77 / 55 63 70 75 / 56 68 65 -75 / 58 67 70 74 / 46 -58 -67 -74 / 68 72 77 / 47 62 67 -77 / 48 60 67 75 / 58 -48 -67 -75 / 53 56 65 74 / 55 58 67 75 / 56 60 65 -75 <END> 
<S> / 75 68 74 / 55 67 75 -74 / 72 -55 -67 -75 / 55 67 71 74 / 60 67 72 75 / 58 -67 -72 -75 / 56 60 72 77 / 55 70 -60 -77 / 53 65 68 72 / 74 -53 -65 -68 / 75 -53 -65 -68 / 46 58 65 70 <END> 
<S> 56 60 72 77 / 55 70 -60 -77 / 53 65 68 72 / 74 -53 -65 -68 / 48 63 67 75 / 69 -48 -63 -75 / 50 65 72 74 / 71 -50 -65 -74 / 51 67 72 75 / 53 -67 -72 -75 / 55 67 70 74 / 72 -55 -67 -74 <END> 
<S> 48 67 72 75 / 50 -67 -72 -75 / 51 -67 -72 -75 / 53 -67 -72 -75 / 55 67 71 74 / 51 58 70 79 / 53 -58 -70 -79 / 55 70 79 -63 / 56 60 -70 -79 / 58 62 70 77 / 60 75 -65 -77 / 58 77 79 / 74 -58 -67 -79 / 60 67 75 79 / 62 74 -67 -79 <END> 
<S> 56 60 68 77 / 55 70 -60 -77 / 53 60 68 -77 / 75 -53 -60 -68 / 46 62 65 70 / 63 -46 -70 -70 / 56 65 68 72 / 58 74 -65 -68 / 60 67 75 / 53 65 68 74 / 55 67 75 / 68 74 -55 -67 / 53 63 -67 -70 / 51 63 67 70 / 53 -63 -67 -70 <END> 
<S> 0 / 59 68 74 77 / 60 67 72 75 / 55 67 71 74 / 60 67 72 75 / 58 74 -67 -75 / 56 60 72 75 / 55 70 -63 -75 / 56 72 -63 / 60 68 -56 -72 / 55 67 70 -77 / 75 -55 -67 -70 / 53 65 77 -70 / 51 63 70 79 / 55 -63 -70 -79 <END> 
<S> 60 67 72 75 / 58 -67 -72 -75 / 56 68 72 77 / 58 -68 -72 -77 / 60 67 72 75 / 74 -60 -67 -72 / 53 68 72 74 / 55 67 71 -74 / 65 -55 -71 -74 / 48 63 67 72 / 55 67 70 75 <END> 
<S> 53 68 72 74 / 65 -53 -72 -74 / 55 62 71 -74 / 67 -55 -71 -74 / 65 -55 -71 -74 / 48 63 67 72 / 55 67 71 74 / 48 67 72 75 / 50 65 70 77 <END> 
<S> 55 63 67 72 / 56 62 -67 -72 / 60 63 -56 -67 / 55 62 67 70 / 53 -62 -67 -70 / 51 67 72 / 50 -67 -72 / 65 -55 -72 -72 / 48 63 67 -72 / 68 -48 -63 -72 / 53 56 68 74 <END> 
<S> 53 62 67 72 / 63 -53 -67 -72 / 55 65 71 74 / 55 63 67 75 / 65 -55 -67 -75 / 60 67 75 / 58 62 -67 -75 / 56 63 72 -67 / 65 68 -56 -72 / 55 61 67 70 / 53 68 -67 -70 / 65 -53 -67 -70 <END> 
<S> 56 60 63 72 / 55 -60 -63 -72 / 53 65 68 72 / 55 67 71 75 / 56 65 68 72 / 58 64 67 74 / 60 67 76 / 53 65 68 72 / 43 74 -65 -68 / 44 59 67 -74 <END> 
<S> 56 65 68 72 / 74 -56 -65 -68 / 60 64 67 76 / 69 -60 -64 -79 / 58 65 70 74 / 56 65 72 / 70 -56 -65 -72 / 55 63 70 72 / 53 65 68 -72 / 55 67 70 72 <END> 
<S> 63 70 -56 / 55 62 67 -70 / 53 60 72 -67 / 58 62 -67 -72 / 56 60 65 72 / 55 74 -60 -72 / 53 68 72 -60 / 55 59 74 -72 / 67 -55 -59 -74 <END> 
<S> 56 60 68 72 / 55 -60 -72 -75 / 53 68 74 -60 / 59 75 -53 -68 / 47 56 62 67 / 65 -47 -56 -62 / 48 56 60 63 / 44 60 -56 -60 / 43 55 59 62 / 53 -43 -59 -62 <END> 
<S> 44 56 60 65 / 55 63 72 / 54 62 -44 -72 / 46 62 67 70 / 48 63 69 -67 / 50 58 66 -69 / 60 -50 -66 -69 / 51 58 62 67 / 50 -58 -62 -67 <END> 
<S> 43 62 70 -67 / 50 -62 -67 -70 / 51 60 67 72 / 53 69 -60 -72 / 51 65 71 74 / 50 -65 -71 -74 / 48 67 72 75 / 66 -48 -72 -75 / 55 67 71 74 / 51 67 70 / 62 -51 -67 -70 <END> 
<S> 48 63 67 72 / 60 63 67 72 / 58 62 -67 -72 / 57 60 65 72 / 67 -57 -60 -72 / 62 65 69 77 / 63 70 -65 -77 / 63 70 75 79 / 62 65 72 77 / 59 74 -62 -77 / 60 67 75 / 55 59 74 -67 <END> 
<S> 58 62 65 74 / 67 -58 -62 -74 / 68 -58 -62 -74 / 51 63 67 70 / 53 65 68 -70 / 55 63 70 -68 / 56 62 65 -70 / 64 -56 -60 -70 / 57 60 65 75 / 58 65 74 / 63 -50 -58 -74 / 55 58 70 75 / 56 60 -70 -75 / 58 62 65 74 / 68 -58 -62 -74 <END> 
<S> 53 57 65 74 / 58 64 -53 -74 / 46 62 65 74 / 55 -46 -65 -74 / 48 63 72 79 / 50 65 77 -72 / 71 -50 -65 -77 / 51 67 72 75 / 53 -67 -72 -75 / 55 67 74 -72 / 71 -55 -67 -74 <END> 
<S> 63 72 -51 -67 / 50 65 69 -72 / 71 -50 -65 -74 / 48 67 72 75 / 60 -67 -72 -75 / 59 67 74 / 55 67 71 -74 / 60 67 72 75 / 74 -60 -67 -72 / 53 68 72 75 / 65 -53 -72 -75 / 55 62 71 74 / 63 -55 -71 -74 / 65 -55 -71 -74 48 48 64 67 72 <END> 
<S> 60 67 72 75 / 62 -67 -72 -75 / 55 63 71 -75 / 56 72 77 -75 / 58 74 -72 -77 / 60 67 72 76 / 67 -60 -72 -76 / 53 68 72 75 / 55 67 71 -75 / 65 -55 -71 -74 / 48 55 67 72 / 46 58 70 74 <END> 
<S> 56 68 72 75 / 55 -68 -72 -75 / 53 70 74 77 / 55 75 -74 -77 / 56 72 77 / 62 -56 -72 -77 / 60 67 -72 -77 / 59 68 74 -77 / 60 67 72 75 / 55 62 71 -75 / 56 60 71 75 / 62 -56 -60 -75 / 55 58 62 74 / 68 77 -58 -74 <END> 
<S> 60 68 75 / 62 65 -68 -74 / 63 67 71 / 65 -67 -71 / 63 67 72 / 59 62 74 -67 / 60 67 75 / 62 74 -67 -75 / 63 65 68 72 / 62 -65 -68 -72 / 60 63 67 79 / 58 -63 -67 -79 <END> 
<S> 63 67 70 / 61 -63 -67 -70 / 60 63 68 / 58 65 -68 / 56 65 -68 / 55 64 67 70 / 53 60 68 68 / 51 58 67 70 / 56 63 68 72 / 55 65 -63 -72 <END> 
<S> 51 58 67 / 55 -51 -67 -70 / 53 65 69 72 / 63 -53 -69 -72 / 46 62 65 70 / 48 63 69 72 / 50 62 70 77 / 51 63 -70 -77 / 53 62 68 77 / 67 -53 -62 -77 / 56 59 68 76 / 60 -56 -65 <END> 
<S> 51 63 67 70 / 53 65 68 -70 / 63 -53 -68 -68 / 55 59 67 74 / 65 -55 -59 -74 / 56 60 63 72 / 55 -60 -63 -72 / 53 60 68 77 / 62 -53 -68 -77 / 60 63 67 75 / 65 69 74 -60 <END> 
<S> 56 60 63 72 / 65 -56 -60 -72 / 55 62 67 70 / 53 -62 -67 -70 / 51 60 67 70 / 55 -60 -67 -70 / 48 55 63 72 / 53 56 65 74 / 55 58 67 75 / 56 60 65 77 / 58 62 70 77 / 51 63 70 79 / 51 63 70 79 <END> 
<S> 53 60 65 68 / 51 -60 -65 -68 / 50 58 65 70 / 46 62 -65 -70 / 51 58 63 67 / 50 58 65 -67 / 51 60 67 -65 / 53 60 65 69 / 63 -60 -53 -69 / 46 62 -53 -69 / 63 -53 -53 -69 / 46 58 62 65 / 48 60 63 67 <END> 
<S> 53 60 65 69 / 63 -53 -60 -69 / 46 62 65 70 / 48 63 67 70 / 50 58 65 68 / 51 58 63 67 / 56 60 63 72 / 65 74 -56 -60 / 55 60 67 75 / 53 -60 -67 -75 / 55 59 74 -53 / 50 -55 -59 -74 / 51 58 67 72 / 60 63 68 72 <END> 
<S> 56 60 63 68 / 62 65 -56 -72 / 55 63 67 72 / 53 65 74 / 55 62 67 71 / 60 63 67 72 / 58 62 -67 -72 / 57 60 65 77 / 53 -57 -60 -77 / 55 59 67 74 / 53 -59 -67 -74 / 51 60 67 75 / 53 -60 -67 -75 <END> 
<S> 56 60 63 72 / 53 56 65 74 / 55 58 67 75 / 56 60 65 -75 / 53 60 68 75 / 50 -60 -68 -75 / 51 58 67 74 / 56 68 72 75 / 55 74 -68 -75 / 53 70 75 79 / 51 -70 -75 -79 <END> 
<S> 53 60 68 75 / 55 67 71 -60 / 43 59 65 74 / 63 -43 -59 -74 / 48 55 63 72 / 55 62 67 70 / 60 63 67 75 / 58 62 67 74 <END> 
<S> 63 68 72 -58 / 62 66 -68 -72 / 60 63 67 75 / 58 -60 -67 -75 / 56 60 72 77 / 55 67 71 75 / 53 65 68 72 / 51 63 -68 -72 / 50 65 70 77 / 68 -50 -65 -77 <END> 
<S> 53 65 68 72 / 63 -53 -68 -72 / 58 61 67 70 / 68 -58 -61 -65 / 48 60 64 67 / 58 -48 -63 -67 / 53 56 63 72 / 60 -53 -56 -72 / 55 62 67 70 / 56 -62 -67 -70 / 58 62 65 77 / 59 -62 -65 -77 <END> 
<S> 56 60 63 72 / 55 -60 -63 -72 / 53 65 68 72 / 55 67 -65 -72 / 56 64 -67 -72 / 65 69 -56 -72 / 50 -56 -65 -72 / 55 63 70 / 51 63 67 -70 / 53 56 68 72 / 55 74 -56 -68 / 51 67 75 -58 / 53 74 -58 -67 / 59 75 -55 -67 / 53 57 65 74 / 55 58 67 -74 <END> 
<S> 55 63 70 75 / 57 61 65 -75 / 58 62 65 70 / 63 67 70 -58 / 62 65 69 -70 / 60 63 70 -58 / 62 -60 -63 -70 / 53 60 68 74 / 55 59 67 -74 / 56 60 -67 -74 / 48 72 -67 -75 / 50 65 74 -72 / 71 -50 -65 -74 <END> 
<S> 57 60 65 -51 / 55 -51 -60 -77 / 53 59 67 74 / 65 -53 -59 -74 / 51 59 67 / / 60 67 72 / 62 65 69 -72 / 63 65 -69 -72 / 62 71 -65 -77 60 64 72 75 / 62 65 -72 -75 / 63 67 72 79 / 65 -67 -72 -79 / 60 67 72 75 / 58 -67 -72 -75 <END> 
<S> 60 63 69 75 / 62 65 70 -75 / 63 -55 -70 -75 / 53 65 68 72 / 63 -53 -68 -72 / 46 62 65 70 / 55 62 67 70 / 53 -62 -67 -70 / 51 63 67 72 / 53 65 68 74 / 47 62 65 67 / 48 63 67 72 / 43 -63 -67 -72 <END> 
<S> 55 63 70 / 62 -55 -70 / 52 56 67 72 / 53 65 68 -72 / 63 -53 -65 -72 / 46 62 65 74 / 55 67 70 75 / 56 65 72 77 / 53 63 70 -77 / 68 77 -65 / 55 67 70 75 / 53 63 68 77 / 51 60 -68 -77 <END> 
<S> 58 63 70 74 / 56 -63 -70 -74 / 55 63 70 75 / 74 -63 -70 / 56 63 70 72 / 68 -56 -63 -72 / 47 65 68 74 / 67 -47 75 / 65 -47 -56 -72 / 47 67 74 -56 / 55 -47 -67 -74 / 65 -47 -55 -74 <END> 
<S> 55 67 70 75 / 56 60 -67 -75 / 58 62 74 -67 / 56 63 72 75 / 55 70 -63 -72 / 53 68 72 77 / 67 -53 -72 -77 / 51 70 79 75 / 77 -51 -70 -75 / 50 72 77 -77 / 51 70 74 -77 / 52 70 -70 -77 / 53 68 72 77 / 55 -68 -72 -77 <END> 
<S> 57 72 77 / 53 75 -72 -77 / 58 70 74 77 / 65 72 48 -77 / 67 72 75 / 68 74 72 77 / 70 73 75 -77 / 74 68 77 55 / 75 79 -67 -72 / 56 65 72 77 / 67 -56 -72 -77 / 68 -56 -72 -77 / 70 -56 -65 -77 / 50 65 72 77 / 68 71 -50 -77 <END> 
<S> 58 68 74 77 / 67 75 -58 -77 / 58 65 72 77 / 60 -65 -72 -77 / 58 65 70 74 / 57 -65 -70 -74 / 55 63 69 72 / 54 -63 -69 -72 / 55 62 67 70 / 59 -62 -67 / 60 63 67 75 / 62 65 -67 -75 / 63 67 72 75 / 68 -63 -72 -75 / 58 65 70 74 / 56 -65 -70 -74 <END> 
<S> 62 67 70 77 / 62 -62 -70 -77 / 60 63 67 79 / 58 62 -67 -79 / 57 60 72 77 / 55 70 -60 -77 / 57 65 72 -77 / 53 75 -65 -72 / 58 65 70 74 / 56 -65 -70 -74 / 55 58 70 74 / 53 68 -58 -74 / 51 63 70 79 / 55 -51 -63 -79 / 53 60 70 77 / 68 -53 -60 -77 <END> 
<S> 46 63 65 -70 / 46 62 -65 -70 / 48 60 63 67 / 56 60 63 72 / 55 70 -63 -72 / 53 65 68 74 / 63 72 -53 -68 / 55 62 67 70 / 65 -55 -62 -70 / 56 60 63 72 / 55 58 -63 -72 / 53 56 68 72 / 58 74 -53 -68 / 48 60 67 75 / 50 65 -60 -75 <END> 
<S> 56 63 68 72 / 53 -63 -68 -72 / 55 62 67 70 / 61 -55 -67 -70 / 53 58 65 68 / 51 58 67 -65 / 48 63 68 72 / 50 63 66 -72 / 55 62 67 70 / 52 60 67 70 / 53 60 65 69 / 63 -53 -60 -69 / 55 59 65 74 / 56 60 63 72 / 65 74 -60 -56 <END> 
<S> 56 60 63 72 / 55 58 -63 -72 / 53 56 68 74 / 58 -53 -68 -74 / 51 60 67 75 / 55 58 67 75 / 57 60 65 77 / 59 62 67 -77 / 60 63 75 / 51 67 -60 -75 / 53 65 68 74 / 63 72 -53 -68 / 55 62 67 70 / 65 -55 -62 -70 / 56 60 63 72 / 55 58 -63 -72 <END> 
<S> 60 63 67 75 / 58 62 -67 -75 / 56 60 72 77 / 55 75 -60 -72 / 53 68 74 -72 / 55 67 71 -74 / 65 -55 -71 -74 / 48 64 67 72 / 51 58 70 79 / 53 68 -58 -79 / 55 62 70 79 / 60 -55 -70 -79 / 53 62 68 77 / 60 75 -53 -65 <END> 
<S> 48 63 68 72 / 50 65 -68 -72 / 51 63 67 70 / 62 -51 -67 -70 / 53 60 68 -67 / 55 65 -60 -68 / 56 60 65 72 / 58 62 74 / 60 67 72 75 / 68 -60 -75 -75 / 58 70 75 77 / 75 -58 -70 -75 / 46 65 70 74 <END> 
<S> 60 63 68 75 / 62 65 70 77 / 63 -62 -70 -77 / 55 62 70 79 / 72 -55 -62 -79 / 67 71 74 -55 / 63 67 -71 -74 / 62 67 72 77 / 60 69 -72 -77 / 55 67 71 75 / 58 -67 -72 -75 / 56 72 77 -75 / 55 70 75 -77 / 56 72 75 77 <END> 
<S> 60 67 75 / 63 -60 -67 -75 / 56 62 72 77 / 60 -56 -72 -77 / 55 67 71 74 / 55 71 74 / 51 60 67 72 / 62 69 -55 -72 / 54 63 69 72 / 62 -54 -69 -72 / 55 62 67 71 / 55 67 71 74 <END> 
<S> 57 60 -65 -72 / 55 59 67 74 / 51 60 67 75 / 53 60 68 74 / 51 -60 -68 55 / 50 59 65 68 / 62 77 -59 -65 / 48 60 67 75 / 63 -48 -67 -75 / 55 67 74 -72 / 71 -55 -67 -74 / 60 67 72 75 / 58 -67 -72 -75 <END> 
<S> 60 63 67 72 / 55 62 -67 -72 / 60 -55 -67 -72 / 56 62 65 74 / 59 -56 -65 -74 / 60 63 67 72 / 56 62 71 77 / 55 60 67 75 / 53 59 68 74 / 55 59 67 -74 / 56 60 72 -67 / 65 -56 -60 -72 / 55 62 67 71 / 53 -62 -67 -71 / 51 63 67 72 / 53 -63 -67 -72 <END> 
<S> 60 63 67 75 / 62 -60 -67 -75 / 56 60 65 75 / 55 -60 -65 -75 / 53 60 68 74 / 55 59 67 -74 / 56 60 68 72 / 65 -56 -60 -72 / 55 62 67 71 / 53 -62 -67 -71 / 51 60 67 72 / 57 -60 -67 -72 / 55 59 67 74 / 55 59 67 74 <END> 
<S> 56 62 65 72 / 60 -56 -65 -72 / 55 62 67 71 / 60 63 67 72 / 58 62 -67 -72 / 57 60 65 72 / 63 -57 -60 -72 / 59 65 68 74 / 60 -65 -68 -74 / 48 67 72 75 / 55 59 67 74 / 53 60 68 77 / 62 -53 -68 -77 <END> 
<S> 60 63 67 75 / 58 62 -67 -75 / 56 60 65 72 / 55 67 -60 -72 / 53 60 67 72 / 55 62 -67 -72 / 56 60 71 -67 / 65 -56 -60 / 55 59 74 -65 / 53 -59 -62 -74 / 52 55 60 72 / 54 57 60 -72 / 55 59 62 67 <END> 
<S> 55 62 67 71 / 56 60 65 72 / 74 -56 -60 -65 / 55 60 67 75 / 53 68 68 74 / 55 67 71 -74 / 56 72 -67 / 65 74 -56 -72 / 55 67 71 74 / 48 67 72 / 60 -67 -72 <END> 
<S> 56 60 -65 -72 / 55 -60 -65 -72 / 53 60 68 74 / 55 59 -68 -74 / 56 60 72 75 / 65 -56 -60 -72 / 55 62 67 71 / 53 -62 -67 -71 / 51 63 72 -67 / 69 -51 -63 -72 / 50 65 71 74 / 48 67 72 75 <END> 
<S> 57 60 -65 -72 / 55 58 67 74 / 57 60 -67 -74 / 59 62 67 74 / 58 62 70 / 57 63 65 70 / 69 -57 -63 -70 / 55 62 70 70 / 53 68 -62 -70 / 51 63 67 70 / 62 -51 -67 -70 / 56 60 65 -51 / 55 58 67 -65 / 53 60 63 68 / 46 -60 -63 -68 <END> 
<S> 51 67 -63 -67 / 65 -51 -67 / -65 -67 -67 / 63 65 70 / 62 -51 -65 -70 / 51 60 67 -70 / 53 60 69 -67 / 62 65 -53 -69 / 63 -53 -65 -68 / 46 62 -65 -68 / 51 63 70 -65 / 63 -51 -63 -70 / 46 62 65 70 / 67 -46 -62 -65 / 48 60 63 67 <END> 
<S> 53 63 68 72 / 51 55 67 71 / 50 65 -67 -71 / 51 60 67 / 59 -51 -67 -67 / 50 60 66 69 / 55 62 67 71 / 43 59 62 67 / 48 60 63 67 / 46 -60 -63 -67 <END> 
<S> 43 62 67 71 / 48 -43 -62 -67 / 45 60 63 67 / 46 62 65 -67 / 51 55 63 67 / 60 -51 -63 -67 / 55 60 63 70 / 68 -55 -60 -63 / 50 58 65 68 / 51 58 67 -65 / 60 -51 -67 <END> 
