<S> 48 64 67 72 / 50 65 -67 -72 / 52 60 67 72 / 53 60 65 69 / 55 71 -60 -65 / 57 60 64 72 / 55 59 -64 -72 / 54 57 62 74 / 72 -54 -57 -62 / 55 59 67 71 / 60 -55 -67 -71 / 50 62 66 69 / 62 66 69 / 60 -62 -66 -69 <END> 
<S> 54 57 62 74 / 72 -54 -57 -62 / 55 62 71 / 50 54 -62 -71 / 52 55 60 72 / 48 -55 -60 -72 / 50 60 66 71 / 55 59 62 67 / 53 57 62 69 / 52 60 64 67 / 48 -60 -64 -67 / 45 60 64 67 / 58 -45 -64 -67 <END> 
<S> 50 57 64 69 / 55 62 71 / 52 55 67 72 / 60 65 69 -72 / 50 65 69 71 / 62 -50 -65 -69 / 52 60 64 67 / 62 -52 -64 -67 / 53 60 69 -64 / 55 62 -60 -69 / 64 -55 -60 -69 / 65 -55 -60 -72 / 55 58 67 74 / 57 -55 -67 -74 <END> 
<S> 53 60 69 -67 / 62 -53 -67 -69 / 64 -53 -69 -69 / 47 62 67 -69 / 65 -47 -62 -67 / 48 60 64 67 / 50 -60 -64 -67 / 52 55 64 72 / 53 62 -55 -72 / 55 60 62 / 64 -55 -60 / 65 -55 -60 / 43 59 67 / 55 -43 -58 -67 <END> 
<S> 53 60 69 / 71 -53 -60 -69 / 52 60 67 -60 / 58 -52 -60 -67 / 53 57 65 69 / 47 62 -53 -69 / 48 52 60 64 / 50 53 -60 -64 / 52 55 60 64 / 53 -55 -60 -64 / 55 59 62 / 53 -55 -59 -62 / 52 61 64 67 / 48 -60 -64 -67 <END> 
<S> 52 53 60 67 / 50 53 -60 -67 / 48 55 60 67 / 43 59 -55 -67 / 45 53 60 69 / 48 -53 -60 -69 / 47 50 62 67 / 48 52 60 -67 / 50 59 62 67 / 52 55 60 67 <END> 
<S> 50 62 65 -60 / 55 59 -50 -65 / 53 57 60 64 / 62 -57 -60 -66 / 55 60 62 / 53 59 -50 -62 / 52 55 60 64 / 48 57 -60 -64 / 55 59 62 / 52 55 60 67 / 50 -55 -60 -67 / 48 55 60 65 / 59 -48 -55 -65 <END> 
<S> 52 55 59 67 / 50 60 -55 -67 / 48 55 62 65 / 47 -55 -62 -65 / 48 55 60 64 / 48 52 60 67 / 41 50 62 -60 / 43 55 59 62 / 53 -43 -59 -62 / 36 52 55 60 / 48 52 60 67 / 53 62 -48 -67 <END> 
<S> 43 50 59 -62 / 55 -43 -59 -62 / 48 52 60 -55 / 53 57 -48 -60 / 55 59 62 / 43 -55 -59 -62 / 45 48 55 64 / 46 50 62 -57 / 40 55 59 -50 / 53 -43 -59 -59 / 36 55 60 64 / 47 -55 -60 -64 / 45 53 60 65 / 52 -60 -65 / 43 55 67 -60 <END> 
<S> 40 55 60 67 / 38 59 65 -67 / 57 60 64 67 / 41 65 -60 -67 / 43 62 -60 -65 / 59 -43 -43 -65 / 36 55 60 64 / 0 / 55 62 67 71 / 53 -62 -67 -71 / 52 62 67 71 / 50 -62 -67 -71 / 52 55 67 72 / 54 57 -67 -72 / 55 59 62 71 / 52 64 67 -71 / 48 64 67 69 / 50 62 66 71 <END> 
<S> 55 58 64 74 / 62 -55 -58 -74 / 55 59 62 74 / 52 60 67 76 / 48 60 67 76 / 53 60 69 74 / 65 -53 -60 -74 / 55 59 67 74 / 65 -55 -59 -74 / 48 64 67 72 / 53 59 -67 -72 / 52 60 67 72 / 48 -60 -67 -72 <END> 
<S> 55 60 67 72 / 55 59 74 -67 / 65 -55 -59 -74 / 48 60 64 72 / 48 60 64 67 / 50 60 65 77 / 52 67 -60 -77 / 53 60 69 77 / 62 -53 -69 -77 / 60 64 67 79 / 61 -64 -67 -79 / 62 65 69 77 / 71 74 -62 -65 / 59 67 74 -62 / 52 60 -67 -74 / 53 62 74 71 / 50 -59 -62 -71 <END> 
<S> 53 60 65 69 / 62 65 -53 -69 / 63 -53 -65 -69 / 59 62 67 74 / 77 -59 -62 -67 / 48 60 67 76 / 50 60 65 74 / 52 67 72 76 / 53 65 69 74 / 62 65 69 77 / 60 64 72 76 / 74 -60 -64 / 59 67 76 / 74 77 -59 -67 <END> 
<S> 53 60 69 72 / 62 74 -53 -69 / 48 63 67 76 / 69 -48 -63 -76 / 50 62 71 77 / 69 -62 -62 -77 / 55 62 71 79 / 53 -62 -71 -79 / 52 64 72 79 / 50 71 -79 -79 / 52 67 72 79 / 53 -67 -72 -79 / 55 67 71 74 / 52 67 71 79 / 65 -52 -71 -79 <END> 
<S> 52 60 67 79 / 50 65 69 -79 / 52 64 67 79 / 62 -52 -67 -79 / 53 60 67 77 / 65 -53 -60 -77 / 55 59 67 74 / 65 -55 -59 -74 / 48 64 67 72 / 55 67 71 74 / 55 -67 -71 -74 / 60 67 72 76 / 58 -67 -72 -76 <END> 
<S> 48 60 67 72 / 55 67 71 74 / 60 67 72 76 / 59 -67 -72 -76 / 57 69 72 77 / 59 74 -69 -77 / 60 67 76 76 / 72 -60 -67 -76 / 53 69 72 77 / 74 -53 -69 -77 / 55 67 72 76 / 43 71 -67 -76 <END> 
<S> 59 67 76 / 69 77 -59 -67 / 52 60 67 79 / 69 -52 -60 -79 / 55 67 71 74 / 65 -55 -71 -74 / 48 64 67 72 / 50 65 69 74 / 71 -50 -65 -74 / 48 67 72 76 / 53 -67 -72 -76 / 55 67 71 74 / 52 67 73 76 <END> 
<S> 52 67 72 / 48 64 72 -67 / 65 74 -48 -67 / 60 67 76 / 59 67 74 77 / -67 -59 -74 -77 / 60 67 74 76 / 59 67 74 76 / 57 72 81 -67 / 77 -57 -72 -81 / 59 71 74 79 / 57 60 72 76 <END> 
<S> 59 74 79 / 74 77 -59 -74 / 60 67 76 -74 / 72 -60 -67 -76 / 71 -60 -67 -76 / 66 69 72 -60 / 55 62 71 -69 / 64 -55 -71 -74 / 54 62 69 74 / 64 -54 -69 -74 / 59 62 66 74 / 67 -62 -66 -74 / 55 62 67 71 / 64 -55 -67 -71 / 50 62 66 69 / 66 -50 -62 -69 <END> 
<S> 54 62 69 74 / 50 66 -62 -74 / 55 62 67 71 / 43 59 62 67 / 48 60 64 67 / / 65 -60 -67 / 52 55 67 72 / 50 74 -55 -67 / 48 60 64 67 / 50 60 65 69 / 52 60 67 -65 / 48 60 64 -67 / 58 -48 -64 -67 <END> 
<S> 48 60 67 76 / 55 -60 -67 -76 / 53 57 60 69 / 52 59 67 76 / 50 77 -67 / / 52 72 79 / 53 -72 -72 -79 / 55 67 71 74 / 43 59 62 74 <END> 
<S> 58 62 74 -67 / 60 67 76 / 58 -60 -67 -76 / 56 60 65 77 / 53 -60 -65 -77 / 58 62 70 77 / 56 -62 -70 -77 / 55 63 70 79 / 53 -63 -70 -79 / 51 63 70 79 / 55 82 -63 -79 / 56 60 72 77 / 58 62 70 -77 <END> 
<S> 58 62 70 77 / 68 -58 -62 -77 / 60 63 67 75 / 53 65 68 74 / 63 72 -53 -68 / 55 62 67 70 / 63 72 -55 -70 / 57 60 65 -72 / 59 74 -65 -65 / 60 63 67 72 / 58 62 -67 -72 / 56 60 65 77 / 55 67 75 -60 <END> 
<S> 56 60 63 72 / 65 74 -56 -60 / 55 58 67 75 / 53 -58 -67 -75 / 51 58 67 75 / 56 65 70 72 / 68 74 -56 -65 / 55 58 67 75 / 56 60 65 -75 / 58 62 74 -65 / 56 63 -46 -74 / 51 55 63 67 <END> 
<S> 53 56 65 74 / 58 62 -53 -74 / 54 57 63 72 / 55 62 67 70 / 50 63 67 70 / 65 -50 -67 -70 / 51 67 67 70 / 53 -67 -70 -75 / 55 70 74 -67 / 56 72 -67 <END> 
<S> 51 58 67 / 50 -51 -58 -67 / 48 60 67 75 / 51 -60 -67 -75 / 53 60 68 74 / 59 -53 -65 -74 / 48 63 67 72 / 53 68 -63 -72 / 55 62 67 71 / 48 63 67 72 / 50 65 71 74 <END> 
<S> 56 60 65 72 / 63 -56 -60 -72 / 50 62 65 71 / 48 63 67 75 / 53 60 68 74 / 62 -53 -68 -74 / 70 63 67 70 / 50 -63 -67 -70 / 55 62 67 71 / 53 -62 -67 -70 / 51 60 67 70 / 48 -60 -67 -70 <END> 
<S> 63 67 70 -51 / 50 65 -67 -70 / 69 -50 -65 -70 / 55 58 70 75 / 57 -55 -63 -70 / 55 58 62 70 -55 53 -62 -65 -70 / 51 63 67 72 / 48 63 68 49 <END> 
<S> 53 60 68 77 / 58 -53 -68 -77 / 51 60 67 79 / 58 -51 -67 -79 / 53 56 65 72 / 55 67 72 / 57 60 65 74 / 59 65 67 74 / 60 63 67 75 <END> 
<S> 56 60 68 72 / 55 -60 -68 -72 / 53 68 -60 -72 / 59 62 -53 -68 / 51 60 67 / 58 74 -60 -67 / 56 60 65 72 / 55 58 -65 -72 / 53 56 72 74 / 46 -53 -60 -72 / 48 67 72 -60 / 50 65 68 74 / 59 67 -50 -74 <END> 
<S> 57 60 72 -65 / 55 58 -72 -72 / 56 60 -72 -72 / 55 74 -60 -72 / 53 59 67 74 / 51 60 67 -67 / 64 72 -53 -60 / 55 62 67 71 <END> 
<S> 48 63 72 -55 / 50 -48 -63 -72 / 51 55 62 -72 / 56 -47 71 -62 / 39 55 60 72 / 50 53 65 71 / 48 51 67 72 / 60 -51 -67 -72 <END> 
<S> 44 60 63 72 / 56 74 -60 -63 / 53 65 68 74 / 63 -53 -68 -74 / 55 62 67 71 / 43 59 67 74 / 62 -43 -59 -74 / 44 60 64 -74 / 43 62 68 74 / 55 59 -68 -74 <END> 
<S> 48 60 63 67 / 55 59 62 67 / 53 55 -62 -67 / 51 60 67 72 / 58 62 -67 -72 / 56 60 65 72 / 55 67 -60 -72 / 54 60 69 74 / 55 59 67 -74 / 65 -55 -59 -74 / 56 60 63 72 / 50 65 -56 -72 <END> 
<S> 59 62 67 71 / 55 -62 -67 -71 / 60 67 75 / 58 -60 -67 -75 / 56 60 65 75 / 55 -60 -65 -75 / 53 60 77 -60 / 58 -53 -60 -75 / 53 62 74 77 / 55 62 70 75 / 56 -62 -70 -75 / 58 63 70 77 / 62 -58 -70 -77 / 68 -58 -62 -77 / 51 58 67 75 / 51 58 67 79 <END> 
<S> 53 57 65 74 / 50 58 65 -74 / 57 65 -50 -74 / 43 58 67 74 / 55 59 62 67 / 53 -59 -62 -67 / 51 60 67 72 / 47 62 -67 -72 / 48 60 67 75 / 53 60 68 74 / 55 59 67 74 / 65 -55 -67 -74 <END> 
<S> 55 59 67 74 / 51 60 67 79 / 69 -51 -60 -79 / 50 62 71 77 / 48 63 72 75 / 65 -48 -72 -75 / 55 67 71 74 / 63 67 72 / 62 65 71 74 <END> 
<S> 63 72 -54 -67 / 69 74 -63 / 55 65 71 / 59 -55 -67 -71 / 60 -55 -67 -71 / 62 -55 -71 -74 / 48 67 72 76 / 50 65 72 77 / 71 -50 -65 -77 / 51 67 72 75 / 53 -67 -72 -75 / 55 67 71 74 / 65 -55 -71 -74 <END> 
<S> 55 67 71 75 / 63 -55 -67 -75 / 67 -55 -67 -75 / 53 65 70 74 / 51 67 72 75 / 70 -51 -67 -75 / 53 60 68 74 / 55 58 -68 -74 / 56 60 68 72 / 50 -56 -60 -69 / 55 62 67 71 / 47 -62 -67 / 63 -43 -67 -71 / 48 62 -67 -71 <END> 
<S> 55 62 67 -70 / 55 63 67 70 / 65 -55 -63 -70 / 56 63 68 72 / 55 -63 -68 -72 / 53 61 67 70 / 52 60 67 -70 / 53 60 65 68 / 0 / 65 -53 -68 -72 / 63 -53 -65 -68 / 59 62 65 74 / 55 61 64 -74 <END> 
<S> 53 60 65 68 / 63 -53 -60 -68 / 55 59 62 67 / 55 71 -62 -55 / 53 55 63 72 / 51 -55 -63 -72 / 54 57 62 -72 / 55 58 62 70 / 60 63 -55 -70 / 48 -60 -63 -67 <END> 
<S> 55 63 70 -69 / 57 -63 -70 / 55 70 -63 -70 / 62 68 -58 -70 / 67 72 -53 -67 / 59 68 74 -67 / 60 67 72 76 / 48 -67 -72 -75 / 67 72 74 -48 / 59 -67 -72 -75 / 60 67 72 75 / 62 -67 -72 -75 / 63 67 72 -75 / 74 -67 -72 -75 / 67 71 75 -67 / 63 -67 -71 -75 / 65 68 72 -75 / 64 67 72 77 / 62 65 70 79 <END> 
<S> 67 74 -48 -67 / 65 60 -67 -74 / 50 59 67 74 / 51 72 -67 -74 / 53 65 68 74 / 62 -53 -68 -74 / 55 63 70 -74 / 56 65 -70 -74 / 63 67 70 72 -55 / 53 -63 -67 -70 / 55 62 67 71 / 53 -62 -67 -71 / 51 60 67 72 / 53 69 -60 -72 / 52 65 71 74 / 50 -65 -71 -74 <END> 
<S> 56 60 63 72 / 55 -60 -63 -72 / 53 65 68 72 / 55 74 -65 -68 / 75 -55 -65 -68 / 56 60 65 77 / 58 -48 -65 -77 / 60 67 75 / 55 59 67 74 / 55 59 67 74 / 60 67 75 / 58 -60 -67 -75 / 56 60 65 77 / 53 -60 -65 -77 <END> 
<S> 60 67 75 / 55 59 67 74 / 65 -55 -67 -74 / 48 63 67 72 / 60 68 72 75 / 55 67 71 74 / 65 67 72 / 63 67 71 / 65 -67 -71 -74 <END> 
<S> 60 64 67 48 / 62 -60 -67 -79 / 51 60 67 79 / 53 60 69 77 / 62 -53 -69 -77 / 55 63 70 75 / 62 -55 -70 -75 / 56 60 72 -75 / 55 63 -72 -75 53 56 68 72 77 / 55 -68 -72 -77 / 56 60 68 77 / 58 62 -77 -77 / 60 63 -77 -77 / 58 65 75 77 / 58 65 74 82 <END> 
<S> 53 56 68 77 / 51 75 -68 -68 / 50 65 70 -68 / 46 62 -65 -70 / 48 63 63 69 / 45 60 65 45 <END> 
<S> 64 67 72 / 62 65 66 -72 / 60 63 67 70 / 62 65 -67 -70 / 60 63 67 72 / 58 62 -67 -72 / 57 60 65 72 / 58 65 74 / 60 -58 -65 -74 <END> 
<S> 60 63 67 75 / 58 62 -67 -75 / 56 60 72 77 / 55 70 -60 -77 / 53 65 68 72 / 74 -53 -65 -68 / 48 63 67 75 / 69 -48 -63 -75 / 50 65 70 74 / 51 -65 -70 -74 53 53 65 70 74 / 0 / 51 55 72 75 / 50 74 77 <END> 
<S> 46 67 70 74 / 65 -46 -70 -74 / 51 67 70 75 / 50 65 70 77 / 51 70 -65 -77 / 55 63 -70 -77 / 53 -63 -70 -75 / 51 -53 -63 -70 / 51 55 -70 / 50 55 65 70 / 48 63 -55 -70 / 50 54 62 69 / 60 -50 -62 -69 / 67 -50 -62 -69 / 51 60 67 / 58 -51 -67 -67 <END> 
<S> 55 58 70 75 / 53 60 -70 -70 / 51 58 65 68 / 53 60 -65 -70 / 48 63 65 72 / 56 65 74 / 71 -56 -65 / 55 63 69 72 / 53 62 -69 -72 / 52 60 67 70 / 58 -52 -67 -70 / 53 56 65 68 / 63 -53 -56 -68 / 55 59 62 67 <END> 
<S> 56 60 63 72 / 55 58 -63 -72 / 53 56 68 72 / 51 58 -56 -68 / 50 58 67 -58 / 48 55 -58 -67 / 60 57 -48 -67 / 58 -48 -52 -67 / 41 53 56 68 / 60 -41 -41 -56 -68 / 43 55 59 62 / 51 55 60 63 <END> 
<S> 44 53 60 65 / 59 -43 -53 -65 / 48 55 60 63 / 41 53 60 -60 / 43 55 59 62 / 53 -43 -59 -62 / 36 51 55 60 / 36 55 60 64 / 53 58 62 65 / 53 56 60 68 / 46 53 62 70 <END> 
<S> 48 51 55 60 / 53 62 -48 -55 / 46 55 60 63 / 50 -55 -60 -63 / 51 55 60 67 / 50 -55 -60 -67 / 48 55 62 67 / 47 -55 -62 -67 / 48 55 63 68 / 60 -48 -55 -63 / 44 56 60 65 / 59 62 -56 -65 <END> 
<S> 48 55 63 / 50 -55 -63 / 45 51 60 65 / 43 50 59 -65 / 48 51 55 63 / 46 62 -51 -55 / 53 60 -46 -51 / 50 58 / 51 55 60 / 55 -51 -60 / 51 58 67 / 50 -58 -58 -67 <END> 
<S> 44 51 55 60 / 48 51 60 -60 / 46 -48 -60 -63 / 44 44 60 63 / 43 58 62 -63 / 44 53 60 67 / 43 59 62 -53 / 47 55 62 67 / 50 65 -55 -60 / 48 55 60 63 / 46 -55 -60 -63 <END> 
<S> 44 51 60 67 / 58 -51 -67 -60 / 56 60 65 68 / 53 -60 -65 -68 / 55 60 64 67 / 58 65 -55 -64 / 57 -55 -64 -65 / 55 60 63 70 / 53 -60 -63 -70 / 55 58 63 70 / 53 -58 -63 -70 / 51 58 67 -63 / 53 -58 -58 -67 / 51 58 65 -58 / 63 -51 -58 / <END> 
<S> 58 62 65 / 56 -58 -62 -65 / 46 55 58 63 / 51 58 67 / 65 -51 -58 -67 / 51 60 67 75 / 58 62 65 77 / 53 56 -62 -77 / 55 62 70 79 / 57 63 -70 -79 / 58 62 65 -70 / 60 67 -65 / 64 -60 -67 / 58 62 65 74 / 56 60 -65 -74 / 55 58 67 75 / 53 68 77 -58 / 63 -50 -68 -77 / 50 62 70 77 / 46 62 -62 -70 <END> 
<S> 55 58 62 70 / 56 60 68 / 65 -56 -60 / 55 62 67 70 / 61 64 68 -67 / 53 60 65 68 / 59 67 -53 -65 / 51 60 63 -67 / 53 56 62 65 / 55 59 62 / 53 57 -55 -62 / 55 63 -57 / 53 57 -57 -60 / 50 55 59 62 / 43 55 59 62 <END> 
<S> 53 58 62 65 / 53 -58 -62 -65 / 55 58 60 64 / 57 60 -55 -60 / 43 55 62 -60 / 55 59 62 / 48 55 63 -62 / 50 -55 -62 / / 55 60 62 / 53 59 62 -55 / 53 55 60 62 / 59 -53 -55 -62 / 48 55 60 63 / 50 53 55 -60 / 51 55 58 / 53 56 60 -55 <END> 
<S> 55 59 62 / 53 55 60 63 / 58 -55 -60 -63 / 56 59 62 / 55 60 63 / 53 56 62 -56 / 55 59 -53 -62 / 53 -43 -59 -62 / 57 51 60 / 43 55 58 62 / 47 55 62 67 / 48 60 67 -55 / 53 62 -48 -55 / 55 60 -48 -55 / 41 -48 -55 -60 <END> 
<S> 41 48 60 62 / 56 -48 -60 -62 / 39 55 59 62 / 51 55 60 67 / 50 53 62 -67 / 48 55 63 67 / 46 -55 -67 -70 / 44 60 63 72 / 46 58 62 45 / 53 63 -58 -70 / 57 61 65 / 53 60 63 67 / 58 65 -60 -67 -75 / 60 67 -58 -67 <END> 
<S> 44 56 60 65 / 55 58 62 -65 / 46 56 62 65 / 58 -46 -62 -65 / 51 58 63 67 / 50 -58 -63 -67 / 51 58 63 67 / 61 -51 -58 -67 / 51 56 60 67 / 53 60 68 -67 / 65 -53 -60 -68 / 46 62 65 67 / 58 62 -65 -65 / 56 60 63 67 / 58 -56 -63 -67 / 43 62 65 70 / 53 -62 -65 -70 <END> 
<S> 56 63 65 / 55 58 -65 / 60 -55 -58 -65 / 53 59 62 68 / 55 60 63 -68 / 56 60 65 -60 / 58 62 65 / 56 -62 -65 -65 / 48 63 67 72 / 0 / 65 74 -48 -72 <END> 
<S> 56 60 63 / 58 -56 -60 / 56 60 65 / 41 53 -60 -65 / 46 58 62 67 / 56 -46 -62 -67 / 39 55 63 70 / 51 58 65 67 / 69 -51 -58 -65 / 46 58 65 70 <END> 
<S> 68 60 63 65 / 46 62 -65 -68 / 51 58 63 67 / 53 58 63 / -67 -55 -58 -63 / 53 56 65 -63 / 58 62 -53 -65 / 60 63 -58 / 56 60 65 / 45 55 60 65 / 53 58 62 67 <END> 
