<S> 60 63 67 72 / 58 -63 -67 -72 / 56 62 65 72 / 60 -56 -65 -72 / 55 62 67 70 / 60 -55 -67 -70 / 55 58 67 75 / 57 60 -67 -75 / 59 62 67 74 / 60 63 69 72 / 55 65 71 74 / 43 -65 -71 -74 / 48 63 67 72 <END> 
<S> 59 62 67 74 / 60 -62 -67 -74 / 55 62 67 71 / 53 59 62 67 / 51 60 63 67 / 53 -60 -63 -67 / 55 59 62 67 / 56 60 63 72 / 65 74 -56 -60 / 55 60 67 75 / 53 68 -60 -75 / 55 59 67 74 / 65 -55 -59 -74 / 48 60 64 72 <END> 
<S> 56 60 67 72 / 65 -56 -60 -72 / 55 62 67 71 / 53 -62 -67 -71 / 51 63 67 72 / 53 69 -63 -72 / 62 -53 -69 -72 / 55 62 71 74 / 72 -62 -71 / 55 62 71 74 / 60 67 72 75 / 58 -67 -72 -75 / 56 60 72 77 / 55 70 75 -60 <END> 
<S> 50 62 65 77 / 67 -50 -62 -77 / 48 60 67 75 / 53 65 74 -60 / 55 59 67 74 / 63 -55 -67 -74 / 65 -55 -67 -74 / 48 63 67 72 / 58 65 74 / 56 60 65 72 / 74 -56 -60 -65 / 55 58 67 75 / 53 56 68 -75 <END> 
<S> 48 63 67 72 / 60 63 67 72 / 58 62 -67 -72 / 57 60 65 72 / 55 67 -60 -72 / 53 65 69 72 / 51 -65 -69 -72 / 50 65 69 77 / 75 -50 -65 -69 / 55 58 67 74 / 60 75 -67 / 65 -60 -67 -75 <END> 
<S> 56 60 67 72 / 65 -56 -60 -72 / 55 62 67 71 / 53 -62 -67 -71 / 51 63 67 72 / 53 69 -63 -72 / 62 -53 -69 -72 / 55 62 71 74 / 72 -55 -62 -71 / 65 71 -55 -74 / 63 67 72 / 60 67 74 / 72 -60 -67 <END> 
<S> 57 63 72 / 55 59 67 74 / 53 -59 -67 -74 / 52 60 67 79 / 53 62 -67 -79 / 55 62 71 77 / 60 63 72 75 / 58 74 -63 -75 / 56 -58 -63 -75 / 58 62 65 77 / 60 63 75 -65 / 58 62 67 77 <END> 
<S> 63 67 79 -70 / 68 -63 -67 / 58 62 65 70 / 56 63 72 77 / 55 65 70 75 / 53 -55 -70 -75 / 53 68 77 -56 / 55 63 -68 -72 / 56 60 68 72 / 65 74 -56 -60 / 55 58 67 75 / 53 -55 -67 -75 / 52 60 67 72 / 68 -52 -60 -72 / 53 60 65 -72 / 62 -53 -65 -72 <END> 
<S> 53 56 68 72 / 55 74 -65 / 53 56 -74 -77 / 55 58 75 75 / 56 60 -75 -75 / 51 58 72 77 / 53 -51 -58 -77 / 51 67 70 79 / 50 65 70 79 / 51 63 72 -70 / 53 63 69 -70 / 62 -53 -69 -70 / 46 58 65 74 / 62 -46 -58 -74 / 58 60 65 77 / 56 62 -65 -77 <END> 
<S> 51 67 70 75 / 53 65 69 74 / 55 63 70 -74 / 56 72 -63 / 58 62 65 68 -56 / 60 -56 -65 -65 / 48 58 64 67 / 56 60 65 75 / 58 65 70 74 / 56 -65 -70 -74 / 55 67 70 75 / 65 69 -55 -75 <END> 
<S> 62 65 77 -48 / 60 63 72 75 / 58 74 -63 -75 / 56 63 72 75 / 77 -56 -63 -72 / 58 62 70 77 / 68 -58 -62 -77 / 51 58 67 75 / 51 58 70 79 / 60 -51 -70 -79 / 58 62 70 77 / 56 60 72 77 <END> 
<S> 63 79 -58 -70 / 56 60 68 77 / 58 62 68 77 / 51 67 75 39 55 58 70 77 -51 60 -58 -70 / 50 58 67 70 / 68 -50 -58 -70 / 51 63 67 70 / 56 60 68 72 / 58 65 70 74 / 56 -65 -70 -74 <END> 
<S> 51 58 67 75 / 53 65 69 74 / 55 63 70 75 / 61 -55 -70 -75 / 56 62 68 -75 / 58 63 67 70 / 65 68 -58 -63 / 56 63 -68 / 65 70 -56 / 55 68 61 67 70 53 56 65 68 72 <END> 
<S> 56 63 68 72 / 62 -56 -68 -72 / 60 63 68 44 / 55 62 67 71 / 53 62 67 71 / 60 63 -67 -71 / 62 65 69 -67 / 63 67 70 / 62 65 -67 -70 / 60 63 67 72 / 58 62 -67 -72 <END> 
<S> 62 63 69 / 60 63 -69 / 62 71 -60 / 55 60 63 72 / 65 -55 -60 -72 / 62 65 67 71 / 53 -62 -67 -71 / 51 60 67 72 / 48 -60 -67 -72 / 50 65 67 71 / 51 63 66 69 / 51 59 -63 -69 / 53 60 68 59 / 62 -53 -68 -68 <END> 
<S> 48 63 67 72 / 56 62 65 -72 / 60 63 72 -56 / 55 62 67 71 / 53 60 67 72 / 64 -53 -60 -72 / 59 65 74 -53 / 60 67 -65 -74 / 65 74 -60 -65 / 53 60 67 75 / 64 -55 -60 -75 / 56 60 65 75 / 53 74 -60 -68 55 64 67 -60 -53 / 54 60 62 69 / 59 -54 -62 -69 <END> 
<S> 52 60 67 72 / 70 -52 -60 -67 / 53 60 65 68 / 48 60 67 -65 / 53 56 65 68 / 58 62 -65 -68 / 60 64 67 / 58 56 62 65 / 60 -56 -65 / 55 59 62 67 / 55 58 67 74 / 53 60 65 68 / 51 58 -65 -68 <END> 
<S> 56 60 65 68 / 63 -60 -68 / 55 59 67 75 / 53 68 74 / / 70 -53 -74 / 46 55 67 72 / 62 74 -55 -67 / 60 63 -55 -67 / 53 60 65 68 / 46 58 65 -68 / 51 67 -58 -65 / 63 -51 -58 -67 <END> 
<S> 53 56 62 65 74 / 55 60 63 75 / 56 65 -60 -70 / 55 63 70 -60 / 60 -55 -63 / 56 60 65 / 58 64 -60 -65 / 56 60 65 -60 / 55 58 -60 -65 / 53 59 68 -62 / 51 58 61 67 / 56 60 65 / 55 58 65 67 / 68 -58 -65 <END> 
<S> 56 60 65 68 / 53 -60 -65 -68 / 60 63 67 70 / 65 -60 -63 -67 / 60 63 67 75 / 58 62 -67 -75 / 56 60 72 77 / 55 75 -60 -72 / 53 62 74 77 / 59 67 74 77 / 60 67 74 75 / 55 65 74 <END> 
<S> 56 60 68 77 / 55 -60 -68 -77 / 60 67 75 -60 / 59 -60 -67 -75 / 58 74 -67 -75 / 56 72 75 77 / 55 70 75 79 / 56 72 -75 -79 / 58 74 77 -67 / 67 -58 -74 -77 / 57 67 73 75 / 58 -67 -72 -75 / 60 67 72 75 / 58 74 -67 -75 <END> 
<S> 60 68 72 75 / 55 67 71 74 / 63 67 72 79 / 65 -67 -72 -79 / 67 70 72 79 / 53 68 72 60 / 62 67 -53 -72 / 64 63 67 -71 / 65 -55 -63 -67 <END> 
<S> 67 72 -63 / 69 -48 -63 -72 / 46 65 74 / 70 75 -65 / 53 65 70 74 / 63 69 -53 -74 / 55 62 67 70 / 65 69 -55 -62 / 60 63 67 / 56 62 -60 -67 / 55 60 65 / 53 59 -65 -65 / 51 60 65 67 / 50 -60 -65 -67 <END> 
<S> 56 60 63 72 / 65 -56 -60 -72 / 55 62 67 70 / 48 63 67 75 / 69 -48 -63 -75 / 50 65 70 74 / 51 63 70 75 / 53 65 68 74 / 55 63 67 75 / 56 60 65 -75 / 58 74 -65 / 63 -58 -72 <END> 
<S> 58 62 65 70 / 67 -58 -62 -70 / 56 60 65 72 / 64 -56 -60 -72 / 50 65 65 74 / 71 -50 -65 -74 / 48 67 72 75 / 53 65 72 74 / 50 -65 -72 -74 / 55 62 71 -74 / 51 63 72 75 / 74 -51 -67 -72 / 65 67 72 -51 / 63 -51 -67 -72 <END> 
<S> 55 68 72 75 / 53 -68 -72 -75 / 58 62 70 77 / 68 77 -62 / -68 63 67 -77 / 75 -62 -67 -75 / 58 65 74 77 / 75 -58 -65 -75 / 56 65 72 77 / 58 -65 -72 -77 / 60 67 72 75 / 70 -60 -67 -75 / 53 65 68 74 / 55 63 70 75 / 56 65 68 72 / 67 -56 -68 <END> 
<S> 56 68 72 77 / 53 -68 -68 -77 / 60 63 70 79 / 62 -63 -70 -79 / 63 63 72 79 / 62 -63 -72 -79 / 60 63 72 80 / 62 65 70 -80 / 63 67 79 -82 / 60 75 -67 -79 / 58 74 77 -67 / 56 60 75 -77 / 55 70 75 79 / 56 72 -75 -79 <END> 
<S> 60 63 72 79 / 58 -63 -72 -79 / 56 63 70 72 / 55 -63 -70 -82 / 53 62 67 77 / 63 69 -53 -62 / 55 58 62 70 / 51 60 63 -70 / 57 62 65 72 / 58 -62 -65 / 53 60 65 74 / 58 -60 -65 -74 <END> 
<S> 56 60 63 72 / 55 58 -63 -72 / 53 56 68 72 / 58 -53 -68 -72 / 60 63 67 / 58 65 -67 74 / 55 67 72 75 / 70 -58 -67 -75 / 53 68 72 77 / 70 75 -68 -77 / 72 70 74 / 65 68 -70 <END> 
<S> 53 68 72 77 / 56 60 -68 -77 / 55 58 70 77 / 53 -55 -70 -77 / 51 58 67 79 / 63 -58 -51 -79 / 53 60 68 77 / 55 67 -60 -77 / 59 62 -55 -67 / 63 -55 -59 -67 / 65 -55 -60 / 48 55 64 72 <END> 
<S> 53 60 68 77 / 55 60 67 75 / 56 65 -60 -75 / 58 74 -55 -67 / 53 68 -58 -74 / 63 -53 -68 -74 / 55 59 67 -74 / 60 72 -55 -67 / 53 62 -60 -67 / 60 67 -53 -60 / 55 -60 -67 -60 / 59 62 -55 -67 / 55 59 74 -67 / 60 67 75 / 58 -60 -67 -75 <END> 
<S> 56 60 63 72 / 55 -60 -63 -72 / 53 68 72 74 / 50 -68 -72 -74 / 55 70 74 -74 / 65 -55 -71 -74 / 56 63 72 / 43 55 -63 -72 / 62 71 -55 -77 / 60 67 72 75 / 58 -67 -72 -75 / 56 60 72 77 / 55 70 -60 -77 / 53 60 68 74 / 67 72 -53 -60 / 62 65 -53 -72 <END> 
<S> 48 63 68 72 / 55 67 -63 -72 / 66 -55 -67 -72 / 60 66 -55 -75 / 59 -55 -66 -75 / 55 59 67 74 / 60 63 67 75 / 48 63 72 79 / 56 65 72 77 / 71 -56 -65 -77 / 72 -56 -65 -77 / 55 67 74 77 / 75 -55 -67 -74 / 71 -55 -67 -74 / 65 -55 -71 -74 <END> 
<S> 60 67 75 / 58 62 74 77 / 56 63 72 75 / 55 70 -63 -75 / 53 61 68 77 / 60 -53 -68 -77 / 55 59 67 74 / 55 59 67 74 / 60 67 75 / 58 62 -67 -75 / 56 63 72 77 / 55 -63 -72 -77 <END> 
<S> 53 62 68 77 / 60 63 75 -53 / 46 62 65 -75 / 47 65 68 74 / 48 63 67 75 / 69 -48 -63 -75 / 50 65 70 74 / 51 67 70 75 / 53 -67 -70 -75 / 55 67 70 74 / 56 68 75 <END> 
<S> 58 63 68 72 / 62 67 70 / 77 -62 -67 -70 / 68 -62 -71 -77 / 60 67 72 75 / 55 67 71 74 / 60 67 72 75 / 62 77 -67 -72 / 63 67 70 79 / 72 -63 -63 -79 / 58 62 70 77 / 60 70 75 -65 / 58 -60 -70 -75 <END> 
<S> 48 67 72 75 / 60 -67 -72 -75 / 67 72 74 -67 / 65 -67 -72 -75 / 58 -67 -72 -75 / 57 60 77 -72 / 58 62 70 -77 / 68 -58 -62 -77 / 60 63 67 75 / 69 -60 -63 -75 / 58 65 70 74 / 56 -65 -70 -74 / 55 67 70 75 / 53 -67 -70 -75 <END> 
<S> 60 67 75 / 58 -60 -67 -75 / 56 68 72 75 / 55 -68 -72 -75 / 53 68 72 77 / 67 -53 -72 -77 / 58 65 74 77 / 56 -65 -74 -77 / 55 70 75 79 / 53 -67 -70 -75 / 51 65 70 75 / 50 -70 73 77 / 51 70 75 79 / 53 -70 -75 -79 / 51 72 79 60 <END> 
<S> 63 72 79 / 55 -63 -72 -79 / 56 63 72 77 / 58 62 70 -77 / 68 -58 -62 -77 / 51 58 67 75 / 63 70 79 / 63 -63 -70 -79 / 58 70 77 -63 / 62 -58 -70 -77 / 68 -58 -62 -77 / 59 67 75 -62 55 63 -67 -75 <END> 
<S> 51 63 70 79 / 55 -63 -70 -79 / 56 63 72 77 / 53 -63 -72 -77 / 58 62 70 77 / 46 -62 -70 -77 / 51 67 70 75 / 63 70 79 <END> 
<S> 53 72 77 -63 / 62 -53 -69 -77 / 56 63 71 79 / 62 77 -71 60 / 60 67 75 79 / 58 -67 -75 -79 / 56 72 75 77 / 55 75 -72 -77 <END> 
<S> 60 63 75 79 / 58 62 74 79 / 57 60 72 77 / 58 62 70 -77 / 68 -58 -62 -77 / 51 67 70 75 / 58 -67 -70 -75 / 56 72 -67 -75 <END> 
<S> 58 65 70 74 / 56 -65 -70 -74 / 55 67 70 74 / 53 68 -70 -74 / 51 63 70 79 / 55 -63 -70 -79 / 56 63 72 77 / 58 -63 -72 -77 / 60 67 75 -77 / 72 -60 -75 <END> 
<S> 58 63 70 79 / 63 -58 -70 -79 / 58 70 77 -63 / 62 -58 -70 -77 / 51 70 79 -65 / 63 -62 -70 -79 / 56 68 72 77 / 58 70 -67 -77 / 54 -56 -70 -77 / 55 58 70 75 / 56 60 -70 -75 / 55 62 65 74 / 53 59 68 -74 <END> 
<S> 51 63 70 79 / 53 -63 -70 -79 / 55 63 70 79 / 56 -63 -70 -79 / 58 65 70 74 / 60 75 -65 -70 / 58 70 77 -63 / 62 -58 -70 -77 / 51 63 70 79 / 55 63 -70 -79 / 53 65 68 80 / 72 -53 -65 -80 <END> 
<S> 63 70 79 / 55 -63 -70 -79 / 56 63 72 79 / 53 68 80 -63 / 62 65 70 -80 / 58 63 75 79 / 65 -59 -75 -79 / 67 72 75 -58 / 56 68 -72 -75 / 53 65 70 74 / 64 -53 -70 -74 / 53 65 68 72 / 63 67 -53 -72 <END> 
<S> 53 68 72 77 / 55 67 75 79 / 57 72 77 -75 / 59 74 -72 -77 / 60 67 72 76 / 65 68 -72 -76 / 55 67 71 74 / 63 68 72 / 68 -56 -63 -72 / 55 65 70 72 / 53 68 -68 -72 <END> 
<S> 63 68 72 / 55 67 -63 -72 / 61 -55 -67 -70 / 53 60 65 69 / 63 -53 -60 -69 / 59 62 67 -53 / 60 -53 -62 -67 / 55 60 63 72 / 56 65 -60 -72 / 58 67 74 -65 / 68 -56 -65 -74 / 55 67 75 -74 / 72 -55 -67 -75 / 55 67 71 74 / 50 -67 -71 -74 <END> 
<S> 60 63 67 72 / 58 62 74 -67 / 68 -56 -59 -74 / 51 67 72 75 / 67 -51 -67 -72 / 53 -67 -72 / 60 67 -56 -72 / 55 62 -67 -72 / 60 -55 -67 -72 / 62 -55 -67 -72 / 48 63 67 -72 / 56 74 -48 -67 / 60 67 72 -51 / 58 -67 -72 / 54 57 69 74 / 55 62 67 70 / 62 66 -55 -70 <END> 
<S> 48 63 67 72 / 62 71 -48 -67 / 60 63 69 72 / 53 62 70 70 / 51 63 67 -70 / 69 -51 -63 -67 / 50 63 67 70 / 69 -50 -63 -67 / 55 62 67 70 / 53 -62 -67 -70 / 51 63 72 -67 / 70 -51 -63 -67 / 50 65 68 77 / 51 58 67 -65 / 53 60 65 70 / 46 62 65 70 <END> 
<S> 51 63 67 70 / 62 -51 -67 -70 / 47 60 67 75 / 58 -60 -67 -75 / 56 60 65 75 / 55 -60 -65 -75 / 53 60 65 68 / 51 67 -60 -65 / 55 59 65 74 / 62 -55 -65 -74 / 60 63 67 -46 / 62 65 -67 -76 / 60 63 67 75 / 58 62 -67 -75 / 56 60 72 77 / 58 62 70 -77 / 68 -62 -58 -77 <END> 
<S> 60 63 67 72 / 58 62 -67 -72 / 57 60 65 72 / 58 62 67 74 / 57 60 63 72 / 55 58 67 75 / 53 56 65 74 / 55 58 -65 -74 / 56 60 65 -74 / 50 58 65 74 / 51 67 -58 -74 / 53 60 68 72 / 55 67 70 -72 / 53 65 69 72 / 51 -65 -69 -72 <END> 
<S> 53 57 65 74 / 58 -53 -65 -74 / 53 63 72 -58 / 57 -53 -63 -72 / 46 58 62 70 / 77 -58 -62 -70 / 39 55 67 70 / 68 56 60 65 / 58 62 65 70 / 63 67 -58 -70 / 56 63 68 72 / 58 65 74 -68 / 67 -58 -58 -74 / 56 72 -63 / 55 65 -72 / 53 56 -65 -72 / 55 58 67 -72 / 56 60 65 77 / 67 -56 -60 <END> 
<S> 56 63 65 72 / 53 -56 -63 -72 / 51 55 70 -63 / 63 -51 -55 -70 / 61 -51 -55 -70 / 48 55 63 68 / 46 61 67 70 / 51 60 67 70 / 48 -60 -67 -70 / 53 60 68 72 / 55 67 -60 -72 / 56 60 65 72 / 58 -60 -64 -72 / 56 60 65 72 / 55 67 -60 -72 / 53 65 68 74 / 59 67 -65 -74 / 60 64 67 <END> 
<S> 53 60 67 68 / 51 -60 -67 -68 / 53 68 74 -60 / 59 62 -53 -68 / 48 60 63 68 / 50 57 65 -68 / 51 58 67 -65 / 62 -51 -58 -67 / 45 60 63 72 / 46 58 65 -72 / 39 58 67 -65 / 63 66 -58 -67 / 60 63 67 / 60 64 -67 / 65 56 62 71 <END> 
<S> 46 63 65 68 / 62 -46 -65 -68 / 44 60 63 67 / 58 -60 -64 -67 / 61 60 65 68 / 63 -60 -66 -68 / 62 65 68 / 60 63 -65 -68 / 59 62 67 -65 / 63 -59 -62 -67 / 60 63 67 72 / 55 62 -67 -72 / 53 56 65 72 / 51 -56 -65 -72 / 55 59 65 74 / 60 63 75 / 62 -60 -65 -75 <END> 
<S> 63 67 75 -60 / 59 74 -67 / 63 72 75 / 65 74 -72 / / 63 65 72 79 / 62 -63 -72 -79 / 80 63 72 79 / 57 -63 -72 -79 / 58 65 70 77 / 53 -65 -70 -77 / 48 67 70 77 / 72 -48 -67 -70 / 53 68 72 74 / 55 67 71 -74 / 65 -55 -71 -74 <END> 
<S> 55 67 70 75 / 53 65 68 -75 / 74 -53 -58 -68 / 55 70 75 -62 / 46 -55 -70 -75 / 51 70 77 -75 / 52 70 75 79 / 73 77 -70 58 67 74 -58 -61 -70 / 60 68 75 -58 / 70 -60 -63 -75 / 56 63 72 77 / 61 -56 -72 <END> 
<S> 58 49 70 77 / 56 68 -70 -77 / 58 70 77 -70 / 68 -58 -70 -77 / 68 67 72 75 / 60 65 69 74 / 53 -65 -69 -74 / 63 -53 -69 -70 / 46 62 65 70 / 60 63 68 72 / 67 -60 -63 -72 / 62 66 69 / 60 -62 -66 -69 <END> 
<S> 58 65 70 74 / 60 -65 -70 -74 / 58 65 68 74 / 56 -65 -68 -74 / 55 70 67 75 / 53 -67 -70 -75 / 55 62 70 77 / 56 60 68 77 / 62 -56 -56 -77 / 55 58 62 67 / 56 60 68 77 / 58 62 68 77 / 75 -58 -62 -68 / 56 65 72 75 / 58 -56 -72 -75 <END> 
<S> 56 60 68 77 / 60 -56 -68 -77 / 55 62 67 71 / 55 58 -62 -69 / 51 60 67 70 / 48 -60 -67 -70 / 53 60 65 68 / 46 58 62 -68 / 51 67 -58 -65 / 53 60 63 69 / 55 -60 -63 -69 / 53 60 65 68 / 58 62 -53 -68 <END> 
<S> 51 58 65 67 / 63 -51 -58 -67 / 46 58 65 -63 / 62 -46 -58 -65 / 48 60 63 -58 / 57 -48 -60 -63 / 43 55 58 62 / 53 -55 -58 -62 / 53 55 60 -58 / 57 -53 -55 -60 / 55 -39 -51 -60 / 50 53 58 -60 / 51 51 55 -60 / 53 57 -60 -60 / 55 59 62 / 48 55 60 63 / 58 -48 -55 -64 / 56 56 60 -48 / 55 51 -60 -56 / 55 59 -56 / 53 55 60 / 48 51 55 60 / 46 -51 -55 -60 <END> 
<S> 55 59 62 67 / 60 -55 -62 -67 / 43 62 65 69 / 59 -62 -65 -69 / 60 63 67 / 62 65 -55 -60 / 56 60 63 72 / 55 58 -63 -72 / 53 56 62 72 / 46 53 -62 -72 / 53 58 62 67 / 55 58 64 -67 / 60 62 66 / 52 55 60 72 / 53 56 62 70 / 51 55 60 -70 / 65 -51 -55 -60 / 48 60 63 67 / 68 -48 -60 -63 <END> 
<S> 53 57 60 69 / 63 -53 -60 -69 / 55 59 62 67 / 60 63 -55 -67 / 56 62 65 / 60 64 -56 -65 / 55 60 67 -65 / 53 62 65 -60 / 59 -60 -65 / 60 -53 -65 / 58 -60 -65 -68 / 54 60 63 69 / 62 -54 -60 -69 / 53 60 68 74 / 72 -53 -68 -74 / 55 62 67 71 / 43 59 62 67 <END> 
<S> 55 60 62 67 53 59 62 -55 -67 / 53 60 63 69 / 57 -53 -60 -69 / 55 59 62 67 / 60 64 -55 -67 / 59 62 65 -55 / 48 60 63 -65 / 46 62 65 70 / 47 62 67 -65 / 48 60 65 67 / 64 -60 -67 / 44 60 65 67 / 62 -44 -60 -65 / 46 58 62 65 / 56 62 -65 -68 <END> 
<S> 44 60 65 -51 / 56 -44 -60 -65 / 41 56 62 65 / 63 -41 -56 -65 / 43 62 65 / 44 59 -62 -65 / 63 60 62 -43 / 55 -60 -63 -72 / 53 62 68 72 / 50 -62 -65 -72 / 51 63 67 / 50 65 -67 / 48 63 67 72 / 46 62 -67 -72 / 44 60 63 67 / 53 75 -60 -67 <END> 
