<S> 48 63 67 72 / 50 -63 -67 -72 / 51 63 67 70 / 53 -63 -67 -70 / 55 62 67 70 / 63 -55 -67 -70 / 57 60 72 -67 / 65 -57 -60 -72 / 58 65 74 / 62 70 -58 -74 / 60 63 72 -70 / 69 -60 -63 -72 / 61 64 67 70 / 57 62 69 -67 / 50 62 66 -69 / 60 -50 -66 -69 <END> 
<S> 58 65 74 / 62 -58 -58 -74 / 60 63 46 55 / 62 74 -48 / 63 72 56 59 / 62 74 -56 -65 / 56 60 63 72 / 65 74 -56 -60 / 55 58 75 70 / 53 68 -58 -75 / 55 58 70 74 / 53 -58 -70 -74 / 55 70 75 -65 / 56 60 -70 77 <END> 
<S> 53 56 68 72 / 51 58 67 79 / 57 60 77 -79 / 59 62 74 77 / 55 67 74 -77 / 65 71 74 -55 / 51 63 72 79 / 53 63 -72 -79 / 69 -53 -72 -79 / 58 65 74 79 / 58 64 70 -79 <END> 
<S> 63 67 72 80 / 65 74 -63 -72 / 63 70 79 / 62 -63 -70 -79 / 60 63 68 79 / 56 62 38 -79 / 60 -56 44 / 53 59 74 / 55 68 75 -74 / 0 / 56 60 72 / 62 74 -56 -72 / 43 70 -62 -74 / 53 -43 -70 -74 / 48 55 72 75 / 50 65 70 77 <END> 
<S> 55 60 67 75 / 53 -60 -67 -75 / 55 60 67 74 / 43 59 -67 -74 / 65 74 -43 -59 / 48 55 63 72 / 48 60 63 67 / 68 -48 -60 -63 / 50 58 65 70 / 53 57 63 72 / 62 66 -57 -72 <END> 
<S> 48 60 63 67 / 58 -48 -63 -67 / 53 56 68 72 / 58 62 67 74 / 57 -62 -67 -74 / 55 58 67 75 / 53 68 -58 -75 / 55 60 67 74 / 68 -55 -60 -74 / 58 67 70 75 / 63 68 -50 -75 <END> 
<S> 53 60 68 74 / 50 -60 -68 -74 / 55 59 67 -74 / 65 -55 -59 -74 / 48 55 63 72 / 51 63 67 79 / 60 63 79 / 58 -60 -63 -79 / 56 60 65 77 / 55 67 -60 -77 / 53 65 -60 -77 / 59 -53 -65 -68 <END> 
<S> 60 63 67 72 / 56 62 72 77 / 60 -56 -72 -77 / 55 67 71 75 / 48 -67 -71 -75 / 50 65 70 74 / 51 63 70 79 / 53 68 77 -63 / 55 62 70 77 / 56 60 72 77 <END> 
<S> 51 67 72 75 / 53 -67 -72 -75 / 55 67 70 74 / 65 -55 -70 -74 / 56 63 68 72 / 74 -56 -63 -68 / 51 58 -68 79 / 60 -51 -70 -79 / 68 72 -51 -60 / 39 58 67 75 / 48 60 67 75 / 72 -48 -60 -67 <END> 
<S> 56 60 68 77 / 55 -60 -68 -77 / 60 67 75 79 / 58 -67 -75 -79 / 56 63 72 77 / 55 -63 -72 -77 / 53 62 70 79 / 51 63 -70 -79 / 53 65 72 80 / 71 -53 -65 -80 / 67 72 79 -53 / 60 -51 -67 -79 <END> 
<S> 55 62 70 75 / 53 60 69 77 / 46 62 65 74 / 58 62 70 77 / 63 -58 -70 -77 / 57 65 72 77 / 55 70 75 -77 / 55 70 74 79 / 53 -70 -74 -79 / 51 72 79 -67 / 50 -72 -75 -79 / 51 70 74 79 / 47 -68 -70 -79 <END> 
<S> 53 68 72 77 / 74 -53 -68 -77 / 55 70 75 -68 / 63 -55 -70 -75 / 56 65 68 -75 / 58 67 75 / 55 58 -67 75 / 60 63 67 75 / 58 62 -67 -75 / 56 60 65 77 / 55 -60 -65 -77 / 53 60 67 79 / 55 -60 -67 -79 / 53 60 68 77 / 50 60 -68 -77 <END> 
<S> 60 63 67 75 / 58 -60 -67 -75 / 56 60 65 75 / 55 67 -60 -75 / 53 60 65 68 / 59 -53 -65 -68 / 48 60 67 75 / 58 72 -48 -75 / 53 57 65 74 / 72 -53 -65 -69 / 46 65 70 74 / 63 66 72 -70 / 69 -63 -72 / 63 67 70 <END> 
<S> 53 60 65 69 / 46 53 65 70 / 58 65 -46 -70 / 77 -54 -65 -70 / 55 61 70 -65 / 63 69 -55 -61 / 53 62 70 -69 / 51 63 67 -70 / 50 58 65 -67 / 51 60 67 79 / 58 62 -67 -79 / 56 60 72 77 / 58 62 70 -77 / 60 63 72 75 / 62 67 70 77 <END> 
<S> 51 63 67 75 / 51 67 72 -75 / 53 68 72 77 / 65 -53 -72 -77 / 55 62 70 74 / 63 -55 -70 -74 / 56 65 72 -70 / 68 -56 -65 -72 / 45 60 65 72 / 63 -60 -72 / 46 58 65 74 / 46 62 -65 -74 / 51 63 67 72 / 50 65 70 74 <END> 
<S> 53 60 68 74 / 62 -53 -68 -74 / 55 63 70 75 / 65 -55 -70 -75 / 56 65 72 -75 / 71 -56 -65 -75 / 60 68 72 75 / 74 -60 -68 -72 / 53 68 72 74 / 55 67 71 -74 / 65 -55 -71 -74 / 48 63 67 72 / 58 70 -67 / 53 56 65 68 / 51 55 63 70 <END> 
<S> 53 68 74 -72 / 65 -53 -68 -74 / 55 67 71 74 / 43 -55 -67 -74 / 48 55 67 72 / 63 -48 -67 -72 / 56 65 72 / 58 -56 -65 -72 / 56 60 65 72 / 58 74 -65 -72 / 60 65 72 75 / 58 62 -72 -75 / 57 60 72 77 / 59 68 75 79 / 60 67 72 75 / 58 -67 -72 -75 <END> 
<S> 57 60 72 -65 / 65 -57 -72 / 63 -57 -65 -72 / 59 62 74 -65 / 60 -59 -65 -74 / 48 60 63 75 / 67 72 -48 -75 / 50 65 68 74 / 67 70 -50 -65 / 68 -50 -58 -65 / 51 63 67 70 / 61 -51 -67 -70 / 53 60 68 -67 / 55 67 -60 -68 / 56 60 65 68 / 59 -53 -65 -68 <END> 
<S> 51 67 70 -65 / 63 -51 -67 -70 / 50 65 68 / 71 -60 -65 -68 / 60 67 72 / 64 -60 -67 -72 / 53 65 69 72 / 63 75 -53 -72 / 58 62 70 77 / 67 -58 -70 -77 / 65 -58 -70 -77 / 55 70 75 -65 / 63 -55 -70 -75 / 56 65 68 74 / 53 67 70 -65 / 64 68 -53 -70 / 62 -53 -68 -68 <END> 
<S> 51 63 67 70 / 53 -63 -67 -70 / 55 63 67 72 / 56 65 72 -72 / 55 67 74 -72 / 53 69 -67 -72 / 71 -53 -67 -72 / 60 65 -56 -72 / 55 62 67 71 / 48 60 64 67 / 59 -48 -67 -75 / 53 68 74 -67 / 55 67 72 -74 / 65 -55 -67 -72 / 56 60 65 -72 / 59 62 74 -56 <END> 
<S> 48 60 67 75 / 62 77 -67 -60 / 59 63 67 79 / 60 -63 -67 -79 / 58 62 65 77 / 56 60 63 75 / 55 58 -63 -75 / 53 68 74 -58 / 55 67 70 -74 / 51 63 70 79 / 72 -51 -70 -79 / 53 68 72 77 / 55 -68 -72 -77 <END> 
<S> 53 68 77 -63 / 51 62 67 75 / 58 65 74 / 56 -58 -65 -74 / 55 58 67 75 / 53 60 65 77 / 56 62 -65 -77 / 55 63 70 79 / 62 -55 -70 -79 / 53 60 70 77 / 55 59 -70 -77 / 56 60 72 75 / 55 70 -60 -75 <END> 
<S> 56 63 72 / 55 58 -63 -72 / 57 60 65 -72 / 58 67 74 / 68 -58 -74 / 56 63 72 75 / 55 70 -63 -72 / 53 68 80 -63 / 55 63 -68 -72 / 56 62 -68 -77 / 58 65 68 77 / 56 65 -68 -77 / 58 65 70 74 / 53 -58 -65 -70 <END> 
<S> 56 63 68 72 / 53 65 68 -68 / 63 -53 -68 -68 / 55 61 67 70 / 65 68 -55 -60 / 53 60 63 68 / 51 58 -60 -68 / 49 56 65 68 / 46 58 62 -68 / 67 -46 -53 -62 / 51 56 63 67 / 49 58 65 -67 / 63 -45 -58 -67 <END> 
<S> 53 60 68 68 / 50 53 67 -68 / 51 58 68 -67 / 65 -51 -58 -67 / 46 58 65 74 / 67 -46 -58 -74 / 45 60 65 72 / 0 / 52 60 67 72 / 55 62 68 -72 / 53 68 -62 -72 / 55 62 67 71 / 48 63 67 72 / 55 63 67 70 / 60 63 67 75 <END> 
<S> 53 60 68 72 / 62 65 70 -53 / 63 61 67 69 / 56 60 65 68 / 58 62 65 70 / 53 60 -65 -70 / 69 -53 -60 -70 / 51 58 67 70 / 49 58 67 -70 / 69 -51 -58 -67 / 50 65 68 -72 / 51 -63 -68 -72 / 53 -63 -68 -70 / 55 63 70 -53 / 51 -63 -63 / 56 63 -63 / 56 60 -63 / 65 -56 -56 <END> 
<S> 50 58 65 70 / 48 -58 -65 -70 / 46 58 62 65 / 63 67 -58 -50 / 56 60 65 / 53 57 -60 -65 / 53 65 -57 -60 / 58 62 -53 -65 / 60 -51 -58 -65 / 51 58 63 -58 / 55 -51 -58 -63 / 46 53 60 65 / 62 -53 -65 / 60 -53 -65 <END> 
<S> 55 58 63 -63 / 53 -58 -63 -63 / 51 58 63 67 / 68 -46 -63 / 46 58 63 65 / 39 58 62 67 <END> 
<S> 50 65 70 77 / 48 -65 -70 -77 / 46 63 70 79 / 62 77 -70 -79 / 60 72 75 -55 / 58 74 -67 -80 <END> 
<S> 48 60 67 75 / 60 63 72 -75 / 55 65 72 74 / 71 -55 -65 -74 / 48 63 67 72 / 60 63 67 72 / 58 62 -67 -72 <END> 
<S> 63 67 72 / 62 65 -67 -72 / 60 63 67 75 / 58 62 -67 -75 / 56 60 72 77 / 55 -60 -72 -77 / 53 67 70 75 / 65 68 44 51 <END> 
<S> 53 68 72 74 / 50 65 -72 -74 / 55 62 71 74 / 63 -55 -71 -74 / 65 -55 -72 -74 / 48 63 67 72 / 60 63 67 72 <END> 
<S> 70 -56 -65 / 51 58 67 75 / 65 74 -51 -58 / 63 67 72 -58 / 62 -63 -67 -72 / 63 65 70 -56 / 57 61 -65 -70 / 56 60 65 70 / 62 -56 -65 -70 / 51 63 67 70 / 53 62 65 -70 / 60 63 -53 -65 <END> 
<S> 62 65 -58 -70 / 60 63 -65 -70 / 62 65 69 45 60 64 67 70 53 56 62 65 / 60 63 -56 / 55 59 62 67 / 55 67 71 <END> 
<S> 50 62 65 71 / 48 60 67 72 / 55 59 67 74 / 55 59 71 74 / 60 67 74 / 64 -43 -60 -67 / 55 60 -67 / 65 -55 -60 -67 <END> 
<S> 55 59 67 74 / 60 -55 -67 -74 / 74 -55 -60 -67 / 59 -55 -67 -74 / 48 67 76 -67 / 50 57 65 72 / 52 64 72 -57 / 53 57 -67 -72 / 55 62 67 71 / 48 64 67 72 / 50 62 66 -72 / 55 -50 62 71 <END> 
<S> 50 62 66 69 / 60 -50 -66 -69 / 55 59 62 67 / 60 64 67 / 59 62 69 -67 / 57 64 69 72 / 59 62 67 74 / 60 67 76 / 59 -61 -67 -76 / 50 57 65 74 / 57 59 -50 -74 / 52 55 60 71 <END> 
<S> 57 64 67 72 / 62 -57 -72 / 64 81 -72 / 71 -57 -64 -81 / 72 77 -64 -64 / 59 62 71 77 / 61 64 69 79 / 62 65 -69 -79 / 69 72 77 -65 / 67 74 -65 / 64 67 76 / 60 65 69 -76 <END> 
<S> 62 69 77 / 60 64 76 -69 / 65 -60 -69 / 67 59 67 / 65 -59 -67 / 60 67 72 -67 / 59 62 67 74 / 60 67 76 / 59 -60 -67 -76 / 57 60 69 77 / 55 62 71 79 / 57 60 69 77 / 59 62 -69 -77 <END> 
<S> 60 67 76 / 59 -60 -67 -76 / 57 60 69 78 / 55 62 71 79 / 64 67 72 79 / 65 69 74 -79 / 67 71 76 79 / 72 -67 -76 -83 62 65 74 81 / 59 -62 -74 -77 / 55 67 74 83 / 53 -67 -74 -76 / 72 -53 -67 41 <END> 
<S> 59 67 74 79 / 60 67 72 76 / 62 78 -67 -72 / 64 67 71 79 / 59 -64 -71 -79 / 60 64 69 81 / 62 71 -69 -78 / 64 67 71 79 / 62 65 -71 -79 / 64 67 72 84 / 62 74 -67 -77 / 60 67 76 / 72 -60 -67 -76 / 55 67 71 74 / 65 -55 -71 -74 <END> 
<S> 64 67 79 -79 / 65 -67 -74 -79 / 67 71 74 79 / 65 -67 -71 -79 / 55 67 72 76 / 53 69 74 81 / 55 62 71 79 / 69 -55 -62 -76 / 67 -54 -62 -71 / 50 62 69 77 / 60 67 -50 -77 / 58 72 74 / 57 -58 -74 <END> 
<S> 62 65 69 77 / 67 70 76 -62 / 61 69 76 77 / 62 69 77 -77 / 76 -62 -69 -77 / 60 67 76 -62 / 60 67 -60 -76 / 59 74 -67 / 57 72 -67 -74 / 55 67 71 74 / 55 67 71 74 <END> 
<S> 60 67 76 / 59 -60 -67 -76 / 57 60 72 77 / 55 62 71 79 / 60 64 72 79 / 71 74 -64 -79 / 57 69 72 77 -57 -64 -67 -77 53 69 74 77 / 67 72 76 / 52 -67 -72 -76 / 60 69 72 77 / 62 71 74 -77 / 60 67 76 -74 / 72 -60 -67 -76 <END> 
<S> 59 67 74 79 / 77 -59 -67 -74 / 60 67 76 -74 / 72 -60 -67 -76 / 55 67 74 -72 / 71 -55 -67 -74 / 48 67 72 76 / 60 67 72 76 / 59 -67 -72 -76 / 57 69 72 77 / 59 67 74 79 / 60 76 -67 59 <END> 
<S> 0 / 60 67 72 76 / 69 -60 -72 -76 / 57 60 72 77 / 62 -57 -72 -77 / 60 64 72 79 / 58 -64 -72 -79 / 57 64 72 55 / 55 65 -72 -84 / 53 67 70 79 / 52 -67 -70 -79 / 53 65 68 72 / 55 -65 -68 -72 <END> 
<S> 57 60 72 77 / 55 70 -60 -77 / 57 65 69 72 / 53 74 -65 -69 / 58 65 70 74 / 64 -58 -70 -79 / 57 65 73 77 / 53 69 -65 -77 / 58 70 74 77 / 62 70 -58 -77 / 67 70 76 -62 / 56 65 72 76 <END> 
<S> 58 62 65 77 / 67 -58 -62 -77 / 60 69 77 / 61 -60 -69 -77 / 58 62 70 77 / 58 -62 -70 -77 / 60 63 68 75 / 65 -60 -68 -75 / 60 67 75 / 58 -60 -67 -75 / 53 56 68 72 / 51 58 -68 -72 / 50 60 65 77 / 62 71 -55 -77 / 48 63 72 -58 / 60 -48 -63 -72 <END> 
<S> 53 60 69 74 / 53 -60 -69 -74 / 55 67 -60 -74 / 59 65 -55 -74 / 48 60 64 72 / 47 62 67 74 / 48 63 67 75 / 50 62 -67 77 / 51 63 67 79 / 53 -63 -67 -79 / 55 63 71 79 / 56 62 71 -79 / 60 63 72 75 / 55 -60 -72 -75 <END> 
<S> 48 63 67 72 / 56 60 65 72 / 55 67 -63 -72 / 53 62 68 71 / 66 -62 -68 -74 / 60 67 72 75 / 63 -67 -72 -75 / 59 67 74 77 / 60 67 72 75 / 55 67 71 74 / 55 67 71 74 <END> 
<S> 63 72 -67 / 55 65 68 74 / 55 67 74 / 53 68 -67 -74 / 55 62 67 71 / 43 71 -62 -67 / 48 63 67 72 / 62 67 -48 -72 / 53 60 65 72 / 62 -53 -65 -72 / 63 -53 -68 -72 / 55 62 67 71 / 65 -55 -62 -71 <END> 
<S> 48 63 67 68 / 63 -48 -63 -68 / 45 60 -63 -67 / 58 65 -63 -44 / 62 -44 -65 -68 / 60 63 67 -65 / 59 62 -67 / 60 60 67 / 58 -60 -67 -75 / 56 60 65 77 / 53 -60 -65 -77 / 55 59 67 74 / 55 59 62 74 <END> 
<S> 56 60 63 72 / 56 74 -60 -63 / 55 60 67 75 / 53 -60 -67 -75 / 55 59 67 74 / 65 -55 -59 -74 / 48 55 63 72 / 48 63 67 79 <END> 
<S> 55 67 70 75 / 53 -67 -70 -75 / 51 66 70 79 / 50 -65 -70 -79 / 79 -50 -65 -70 / 48 60 69 75 / 70 -48 -60 -75 / 53 60 72 74 / 59 68 -53 -72 / 57 -53 -68 -72 / 55 67 72 -53 / 55 -55 -67 -72 / 57 -55 -67 -72 / 43 59 62 67 / 55 59 62 67 <END> 
<S> 53 65 68 72 / 74 -53 -65 -68 / 48 67 75 / 72 -48 -67 -75 / 55 67 74 -72 / 71 -55 -67 -74 / 56 72 -67 / 60 65 -56 -72 / 55 59 67 74 / 0 / 55 67 71 74 <END> 
<S> 56 60 65 72 / 55 67 -60 -72 / 53 68 74 -60 / 55 59 67 -74 / 65 -55 -59 -74 / 48 55 63 72 / 53 57 65 -72 / 46 58 65 74 <END> 
<S> 53 60 68 72 / 55 62 70 77 / 56 63 72 77 / 58 62 65 70 / 67 75 -50 -65 / 68 77 -50 -65 / 51 58 67 79 / 60 -51 -67 -79 <END> 
<S> 46 65 70 74 / 63 67 72 / 62 65 70 77 / 60 63 70 79 / 62 -60 -63 -79 / 60 62 79 / 58 63 67 82 <END> 
<S> 63 67 70 79 / 62 -67 -70 -79 / 60 67 72 75 / 58 -67 -72 -75 / 56 60 72 77 / 55 62 75 79 / 57 60 77 -51 / 50 59 67 -77 / 60 68 -50 49 <END> 
<S> 55 70 75 / 53 60 68 77 / 62 -53 -68 -77 / 51 63 67 79 / 55 68 -63 -79 / 71 -55 -67 -75 / 51 72 75 -67 / 53 65 74 -72 / 55 63 70 -74 / 65 68 -55 -60 <END> 
<S> 51 67 75 / 53 65 69 74 / 55 65 70 75 / 56 -65 -70 -75 / 58 65 74 -70 / 67 -58 -65 -74 / 60 63 68 75 / 58 62 70 77 / 56 65 72 77 / 55 67 -72 -77 <END> 
<S> 58 63 68 77 / 62 -58 -68 -77 / 58 63 67 79 / 55 -63 -70 -79 / 57 65 72 77 / 53 -65 -72 -77 / 60 69 72 77 / 75 -60 -68 -72 / 58 74 -67 -72 / 55 67 70 74 / 65 -55 -70 -74 <END> 
<S> 65 72 -51 -60 / 55 74 -65 -68 / 63 -55 -68 -74 / 65 72 -55 -60 / 59 -55 -67 -72 / 56 60 72 / 55 74 -60 -72 / 53 68 72 74 / 55 67 71 -74 / 65 -55 -71 -74 <END> 
<S> 55 67 75 / 62 74 -67 / 65 -55 -67 -74 / 59 63 67 / 65 -55 -63 / / 60 63 67 75 / 58 62 -67 -75 / 56 60 72 77 / 55 70 75 -60 / 53 65 68 74 / 50 59 65 -74 <END> 
<S> 57 60 72 -65 / 55 70 -60 -72 / 53 61 70 79 / 52 -60 -70 -79 / 53 60 68 77 / 55 60 67 75 / 65 -55 -60 -75 / 56 60 63 75 / 58 -60 -63 -75 / 56 60 68 75 / 55 70 -68 -75 <END> 
<S> 56 60 65 75 / 58 -60 -65 -68 / 60 65 68 49 / 60 64 -68 -79 / 53 60 68 77 / 59 62 67 -77 / 60 63 67 75 / 68 72 -60 -75 / 55 67 71 74 / 0 / 63 67 70 79 <END> 
