<S> 55 58 62 67 / 53 -58 -62 -67 / 51 60 63 67 / 59 -51 -63 -67 / 60 65 69 -51 / 53 -60 -65 -69 / 51 62 65 71 / 50 -62 -65 -71 / 48 63 67 72 / 46 -63 -67 -72 / 44 62 65 -72 / 60 -44 -65 -72 / 43 62 67 71 <END> 
<S> 48 63 67 72 / 46 62 -67 -72 / 44 60 65 -72 / 64 -44 -60 -72 / 54 60 63 69 / 62 -54 -60 -69 / 55 59 62 67 / 51 60 67 72 / 69 -51 -60 -72 / 50 62 71 74 / 48 67 72 75 <END> 
<S> 55 62 67 71 / 50 62 66 69 / 51 -62 -66 -69 / 43 59 62 67 / 48 60 63 69 / 46 58 65 68 / 63 -46 -58 -65 / 55 58 65 70 / 53 63 -58 -70 <END> 
<S> 46 62 65 70 / 51 63 69 -70 / 50 65 68 70 / 57 -65 -70 -74 / 55 63 69 -70 / 53 -63 -69 / 51 55 -63 -69 / 50 53 65 70 / 52 55 67 / -70 53 56 60 67 / 53 65 68 -53 / 51 60 67 -53 / 41 56 60 68 / 43 55 59 67 <END> 
<S> 53 56 62 71 / 51 55 72 -62 / 50 55 62 71 / 48 63 67 -55 / 60 -48 -64 -67 / 59 -48 -64 -67 / 41 60 65 -60 / 62 -44 -60 -65 / 43 55 59 63 / <END> 
<S> 41 56 62 72 / 43 55 58 -72 / 42 57 62 72 / 50 62 66 -72 / 60 -50 -66 -69 / 43 58 62 67 / 48 63 67 72 / 50 -63 -67 -72 <END> 
<S> 55 62 67 70 / 53 -62 -67 -70 / 51 60 67 72 / 58 -60 -67 -72 / 56 60 65 -72 / 55 -60 -65 -72 / 53 60 68 72 / 55 63 70 75 / 56 65 68 77 / 58 67 70 75 <END> 
<S> 53 60 68 74 / 58 65 70 -74 / 56 -65 -70 -74 / 55 58 70 75 / 53 68 -58 -75 / 51 58 67 75 / 51 65 67 72 / 50 65 70 77 / 51 -65 -70 -77 / 53 65 69 77 / 55 71 -65 -77 / 60 63 72 79 / 74 -60 -63 -79 <END> 
<S> 48 67 72 75 / 60 -67 -72 -75 / 58 67 74 77 / 47 68 -74 -77 / 48 67 72 75 / 51 67 72 -75 / 50 65 71 74 / 69 -65 -71 -74 / 51 63 72 79 / 53 -63 -72 -79 / 55 62 71 77 / 56 60 72 -77 <END> 
<S> 48 67 72 75 / 50 -67 -72 -75 / 51 67 72 79 / 53 -67 -72 -79 / 55 67 70 75 / 56 -67 -70 -75 / 58 65 70 74 / 60 -65 -70 -74 / 58 65 70 74 / 56 -65 -70 -74 <END> 
<S> -72 67 70 / 53 65 68 72 / 63 65 70 79 / 58 -64 -70 -79 / 56 62 72 77 / 53 -62 -72 -77 / 58 62 70 77 / 55 67 70 75 <END> 
<S> 53 63 72 -70 / 65 -53 -72 -80 / 58 62 70 79 / 51 63 70 79 / 56 72 -63 -79 / 58 62 70 77 / 68 72 -62 -77 / 59 62 67 79 / 77 -59 -67 <END> 
<S> 63 70 79 / 62 65 -70 -79 / 63 67 72 75 / 69 74 -63 -67 / 58 65 70 77 / 56 -65 -70 -77 / 55 63 70 79 / 53 -63 -70 -79 / 51 63 70 79 / 50 -63 -70 -79 <END> 
<S> 65 74 70 -60 / 63 75 -55 -70 / 56 65 72 77 / 71 -56 -65 -77 / 60 72 75 -65 / 63 72 -60 -75 / 62 65 71 -75 / 63 67 72 75 / 60 65 74 77 / 67 75 -60 / 58 -67 -67 -75 <END> 
<S> 60 63 67 75 / 58 62 -67 -75 / 56 60 72 77 / 55 70 -60 -77 / 53 60 68 77 / 75 -53 -60 -68 / 55 59 67 74 / 55 59 67 74 / 48 60 67 75 / 63 -48 -67 -75 <END> 
<S> 55 59 67 75 / 56 60 -67 -75 / 62 74 -56 -60 / 59 -43 -62 -68 / 48 55 60 64 / 44 51 60 67 / 41 -51 -60 -67 / 44 51 60 67 / 48 -60 -67 / 43 55 59 67 <END> 
<S> 41 56 60 65 / 55 58 63 67 / 56 62 65 71 / 55 63 67 72 / 53 65 74 -72 / 71 -53 -65 -74 / 48 63 72 75 / 50 65 -72 -75 / 51 67 -72 -75 / 53 -67 -72 -79 <END> 
<S> 48 63 67 72 / 55 62 71 -67 / 60 63 67 / 58 -60 -64 -67 / 53 65 68 / 60 63 67 / 56 60 65 44 <END> 
<S> 58 62 67 / 64 -58 -67 / 53 60 65 68 / 62 -53 -65 -68 / 55 58 63 67 / 56 60 -63 -67 / 58 62 65 / 56 60 63 -51 / 55 62 65 / 53 59 67 <END> 
<S> 54 63 69 -63 / 62 -54 -63 -69 / 55 62 67 70 / 51 63 67 70 / 50 58 65 -67 / 48 60 67 -65 / 53 60 65 68 / 62 -53 -65 -68 / 55 58 63 67 / 56 60 63 -67 / 58 62 65 / 56 60 63 -51 / 55 55 61 -51 / 53 56 60 72 / 55 59 67 74 <END> 
<S> 56 60 63 68 / 53 65 68 72 / 63 -53 -68 -72 / 58 62 61 -68 / 56 60 59 / 51 56 60 65 / 50 55 65 70 / 53 68 -50 -70 / 51 67 70 / 61 -51 -67 -70 / 53 60 68 68 / 50 58 -68 -68 / 51 55 67 70 / 72 -51 -55 -67 <END> 
<S> 51 58 67 / 50 -58 -67 / 48 56 65 72 / 63 -48 -72 / 46 65 74 / 55 59 -65 -74 / 53 60 72 / 52 55 67 72 / 53 65 68 74 / 50 62 66 -74 / 55 62 67 70 / 65 -55 -62 -70 / 57 60 63 72 / 55 58 -63 -72 <END> 
<S> 52 60 67 72 / 53 69 -60 -72 / 71 -53 -60 -69 / 60 72 -53 -60 / 55 62 -60 -72 / 59 -56 -60 -74 / 65 -55 -59 -74 / 48 55 60 63 / 51 58 67 79 / 60 63 79 / 58 62 65 -79 <END> 
<S> 44 60 63 65 / 41 56 62 -65 / 46 53 62 -65 / 58 -46 -53 -62 / 53 -46 -62 39 / 51 58 67 / 50 53 60 65 / 48 52 -60 -65 / 53 -48 55 -60 / 47 62 -53 -55 / 48 51 55 60 / 57 -48 -51 -60 / 55 -48 -48 -60 <END> 
<S> 47 55 62 67 / 48 60 -55 -67 / 43 59 62 67 / 55 59 62 67 / 53 62 65 / 63 -53 -60 -65 / 47 62 65 / 56 -62 -65 / 48 55 64 / 47 55 62 67 / 48 55 60 64 <END> 
<S> 58 62 65 / 56 60 -62 -65 / 55 58 62 70 / 53 60 -62 -70 / 51 58 61 67 / 53 60 68 -58 / 55 58 61 70 / 56 60 65 -55 / 53 55 62 67 / 60 63 -53 -67 / 46 62 65 -53 / 51 55 63 / 47 62 67 / 65 -47 -55 -67 <END> 
<S> 55 58 63 70 / 53 56 63 -70 / 51 55 63 70 / 53 56 62 -70 / 51 55 60 72 / 56 65 -60 -72 / 55 59 67 74 / 60 -55 -67 -74 / 53 60 67 68 / 65 -53 -60 -68 / 55 59 63 67 / 62 -55 -67 -67 / 60 63 67 72 / 58 62 -67 -72 / 56 60 65 -72 / 55 67 -60 -72 <END> 
<S> 57 60 65 72 / 60 -60 -65 -72 / 60 67 75 / 58 -60 -67 -75 / 56 60 65 77 / 55 67 75 -60 / 53 60 68 74 / 55 59 67 -74 / 65 -55 -59 -74 / 48 55 63 72 / 50 53 65 70 <END> 
<S> 55 60 67 75 / 53 -60 -67 -75 / 55 59 67 74 / 65 -55 -59 -74 / 48 60 63 72 / 60 63 67 75 / 58 62 70 77 / 56 -62 -70 -77 / 55 62 70 77 / 53 -62 -70 -77 <END> 
<S> 60 63 67 75 / 58 62 -67 -75 / 56 60 72 77 / 55 70 -60 -77 / 53 68 72 80 / 74 -53 -68 -72 / 55 65 71 -74 / 63 -55 -71 -74 / 65 -55 -71 -74 <END> 
<S> 66 69 74 / 59 67 -74 / 63 67 71 / 62 66 -67 -71 / 60 63 67 72 / 58 -63 -67 -72 / 56 65 72 77 / 55 63 70 -77 <END> 
<S> 46 62 67 70 / 65 -62 -67 -70 / 63 65 69 72 / 62 -65 -69 -72 / 60 63 67 75 / 58 62 -67 -75 / 56 60 72 77 / 55 75 -60 -72 / 53 74 70 -68 / 55 68 -71 -74 / 56 72 -68 <END> 
<S> 56 60 68 -51 / 53 60 68 -68 / 48 63 67 70 / 65 -43 -67 -70 / 51 60 67 75 / 55 -60 -67 -75 / 53 57 65 74 / 59 -53 -65 -74 / 60 63 -53 -74 / 51 72 -60 -67 / 53 60 65 74 <END> 
<S> 56 60 63 72 / 55 70 -60 -63 / 53 60 68 -67 / 65 -60 -53 -68 / 48 60 64 67 / 57 60 63 75 / 58 62 65 74 / 53 60 68 72 / 68 -53 -60 -68 / 61 67 70 / 61 -67 -70 <END> 
<S> 56 60 63 72 / 55 58 -63 -72 / 53 56 68 72 / 58 -53 -68 -72 / 60 67 -53 -72 / 46 62 65 74 / 55 67 70 75 / 56 65 72 77 / 58 -56 -72 -77 / 60 63 72 79 / 62 77 -63 -72 / 60 63 67 75 / 58 62 -67 -75 <END> 
<S> 63 70 79 / 55 63 -70 -79 / 56 -63 -70 -79 / 60 63 68 77 / 59 62 -68 -77 / 60 63 67 75 / 58 62 -67 -75 / 56 60 72 77 / 55 -60 -72 -77 / 53 60 70 79 / 52 -60 -70 -79 / 53 68 72 77 / 60 67 75 -53 / 55 62 71 77 / 53 -62 -71 -77 <END> 
<S> 56 60 65 77 / 55 -60 -65 -77 / 53 59 67 79 / 51 77 -67 -74 / 50 67 72 77 / 52 -67 -72 / 50 58 67 74 / 48 60 67 77 / 58 -48 -67 -75 / 56 60 65 72 / 55 67 75 -60 / 53 60 68 74 / 55 59 67 74 / 65 -55 -59 -74 <END> 
<S> 56 60 65 77 / 55 -60 -65 -77 / 53 59 68 -77 / 58 65 75 / 56 64 -65 / 77 55 58 -65 / 60 70 75 -55 / 55 59 67 74 / 53 60 68 74 / 51 59 67 79 / 56 60 63 72 / 65 -56 -60 -72 <END> 
<S> 55 60 67 75 / 53 60 68 74 / 55 59 67 -74 / 65 -55 -67 -74 / 48 63 67 72 / 50 58 70 77 / 51 67 70 75 / 72 -51 -67 -75 / 55 67 71 74 / 53 68 72 74 / 55 67 71 74 / 65 -55 -71 -74 <END> 
<S> 51 67 72 75 / 53 -67 -72 -75 / 55 67 70 74 / 56 65 -70 -74 / 58 65 74 -70 / 68 -58 -65 -74 / 51 63 67 72 / 62 74 -67 / 60 66 43 59 67 / 58 62 -67 -75 / 56 60 65 72 / 55 67 70 -60 <END> 
<S> 63 68 72 / 59 62 67 74 / 60 67 75 / 62 65 -60 -75 / 60 63 67 72 / 59 62 74 79 / 67 -59 51 -79 / 60 67 81 / 62 78 -67 / 63 63 65 70 / 59 62 -65 -70 / 60 63 67 / 62 77 -60 -67 <END> 
<S> 62 67 70 / 63 68 -62 -70 / 57 60 65 70 / 60 -60 -65 -69 / 59 -60 -65 -69 / 60 -59 -65 -68 / 59 62 67 -65 / 60 -59 -67 -79 / 60 67 72 75 / 58 -67 -72 -75 / 56 65 72 77 / 55 70 75 79 <END> 
<S> 60 63 75 / 58 62 67 -75 / 79 -58 -67 -75 / 65 72 77 -58 / 63 70 0 -77 / 68 -63 -70 -77 / 69 72 78 / 55 67 71 75 / 58 67 70 77 <END> 
<S> 58 63 65 74 / 67 -58 -63 -74 / 60 63 68 75 / 65 -60 -68 -75 / 58 67 70 75 / 63 68 -58 -75 / 46 65 74 77 / 67 -46 -74 -77 / 51 67 75 79 / 51 70 79 -79 <END> 
<S> 46 62 65 77 / 63 67 -46 -77 / 65 -44 -67 -77 / 63 67 70 75 / 63 65 -67 -75 / 62 67 77 -75 / 60 -67 -72 -75 / 58 62 74 77 / 67 -47 -62 -77 / 48 63 67 75 / 60 66 72 -75 <END> 
<S> 60 67 75 / 58 -60 -67 -75 / 56 68 72 75 / 55 -68 -72 -75 / 53 68 72 74 / 67 -53 -68 -74 / 47 65 68 74 / 72 -43 -65 -68 / 55 65 67 71 / 43 59 67 74 <END> 
<S> 68 74 -65 / 59 67 -65 -74 / 60 63 75 / 58 74 -63 -75 / 56 72 -63 -75 / 55 63 70 75 / 53 65 68 -70 / 51 67 72 -58 / 65 -51 -72 -75 / 67 73 -51 -65 / 52 60 68 -67 / 58 61 65 68 <END> 
<S> 53 68 72 74 / 55 67 71 -74 / 65 -55 -71 -74 / 48 63 67 72 / 51 58 67 79 / 60 69 -51 -79 / 58 62 70 77 / 68 -58 -74 -77 / 57 63 69 -77 / 55 75 -69 -69 <END> 
<S> 58 62 70 77 / 68 -58 -62 -77 / 60 67 75 77 / 58 62 -67 -75 / 56 60 72 75 / 55 70 -60 -75 / 53 68 74 -60 / 55 59 67 -74 / 56 60 65 -74 / 72 -56 -60 -65 / 55 62 67 70 / 48 63 67 70 <END> 
<S> 53 60 68 74 / 55 75 -60 -68 / 56 65 71 74 / 55 59 -65 -74 / 48 60 63 75 / 47 -60 -63 -75 / 48 60 75 -60 / 58 -48 -60 -75 / 56 56 72 77 / 53 68 -56 -72 / 55 67 71 / 75 -55 -67 -71 <END> 
<S> 44 60 65 72 / 63 -60 -72 / 46 65 -60 -72 / 53 62 70 74 / 68 -62 -65 -74 / 63 70 75 / -68 -63 -70 / 67 70 -63 -70 / 62 -51 -70 -70 / 60 63 72 -70 / 69 74 -63 -69 <END> 
<S> 63 67 70 / 61 -63 -67 -70 / 60 63 67 70 / 58 -63 -67 -70 / 56 63 68 72 / 55 -63 -68 -72 / 53 61 67 70 / 52 -61 -67 -70 / 53 60 67 68 / 55 -60 -67 -68 / 56 60 65 68 / 53 -60 -65 -68 <END> 
<S> 56 60 67 72 / 65 -56 -60 -72 / 55 61 64 70 / 53 65 -61 -70 / 52 60 67 72 / 48 -60 -67 -72 / 50 60 65 70 / 58 -50 -65 -70 / 51 58 63 68 / 53 -58 -63 -67 / 51 58 63 67 / 50 -58 -63 -67 <END> 
<S> 50 58 65 70 / 46 62 -65 -70 / 48 63 67 70 / 56 60 65 68 / 58 65 67 / 53 58 68 -65 / 63 -53 -58 -68 / 55 58 70 -63 / 61 -55 -58 -70 / 51 58 63 67 / 62 -58 -51 -67 / 51 60 63 67 / 58 -51 -63 -67 <END> 
<S> 58 62 65 70 / 63 -53 -65 -70 / 62 65 69 / 60 63 69 / 59 62 67 / 60 60 67 / 58 62 67 74 / 56 64 -62 -74 / 55 65 72 / 51 67 72 -55 <END> 
<S> 56 60 67 72 / 65 -56 -60 -72 / 55 59 67 74 / 53 75 -59 -67 / 74 -53 -59 -67 / 48 60 63 75 / 67 -48 -60 -75 / 53 60 68 74 / 55 59 67 -74 / 65 -55 -67 -74 <END> 
<S> 50 62 65 71 / 55 63 67 72 / 53 68 -63 -72 / 55 62 67 71 / 53 -62 -67 -71 / 51 60 67 72 / 50 -60 -67 -72 / 48 65 67 74 / 47 -65 -67 -74 / 48 63 67 75 / 62 -48 -67 -75 / 60 -48 -67 -75 <END> 
<S> 51 60 67 72 / 50 -60 -67 -72 / 48 65 67 74 / 47 -65 -67 -74 / 48 63 67 75 / 62 -48 -67 -75 / 50 60 65 74 / 59 -50 -65 -74 / 51 63 67 72 / 56 62 65 -72 / 60 -56 -65 -72 / 55 59 67 74 / 60 63 67 / 65 68 -60 <END> 
<S> 51 63 67 72 / 60 63 69 -72 / 62 65 71 74 / 60 67 72 75 / 62 67 70 77 / 68 -62 -62 -77 / 55 67 -62 -77 / 60 75 -67 / / 58 62 77 / 56 60 75 / 55 77 -60 / 55 71 75 -55 <END> 
<S> 67 72 63 / 68 77 -63 -72 / 62 65 -72 -77 / 60 63 72 75 / 55 67 71 -75 / 55 62 71 74 / 60 67 75 / 58 62 70 77 / 51 63 70 79 / 53 63 68 77 / 55 71 -65 -77 <END> 
<S> 63 67 70 75 / 62 65 -67 -70 / 60 63 67 75 / 62 -60 -67 -75 / 56 60 72 77 / 70 -56 -60 -77 / 55 72 75 / / 53 74 77 / 55 67 71 75 / 65 -55 -71 -75 / 62 67 72 75 / 58 -67 -72 77 <END> 
<S> 55 63 70 75 / 53 68 77 -63 / 58 62 70 77 / 51 63 70 79 / 60 63 70 77 / 69 -60 -63 -77 / 58 62 70 77 / 63 -58 -70 -77 / 51 63 70 79 / 55 70 82 79 <END> 
<S> 58 63 74 79 / 63 70 75 / 62 65 70 77 / 63 70 79 / 62 -63 -70 -79 / 60 63 67 79 / 58 62 -67 -79 / 56 60 72 77 / 55 70 -60 -77 <END> 
<S> 46 63 70 77 / 62 -63 -70 / 77 63 -62 -70 / 56 63 72 77 / 53 -56 -72 -77 / 55 67 70 75 / 53 65 68 -75 / 51 75 -65 -68 / 50 62 70 77 / 69 -50 -62 -77 <END> 
<S> 46 58 65 74 / 63 67 70 75 / 62 65 70 77 / 63 70 79 / 62 -63 -70 -79 / 60 63 72 79 / 58 -63 -72 -79 / 56 63 72 77 / 58 62 70 -77 / 68 -58 -62 -77 / 51 63 67 75 <END> 
<S> 56 68 72 77 / 58 -67 -72 -77 / 60 67 72 79 / 53 -67 -72 -79 / 55 67 71 74 / 56 -67 -71 -74 / 65 72 -55 -71 / 53 63 68 -72 / 54 62 69 -72 / 55 62 67 71 / 55 59 62 67 <END> 
