<S> 53 57 60 / 52 -53 -57 -60 / 50 53 62 -57 / 56 -50 -53 -62 / 57 -50 -53 -62 / 44 52 59 64 / 62 -44 -52 -59 / 45 52 60 -59 / 57 -45 -52 -60 / 59 -45 -52 -60 / 57 60 64 -45 / 55 -45 -60 -64 / 39 54 66 -60 / 59 -39 -54 -66 / 40 52 59 67 / 52 59 64 67 <END> 
<S> 57 60 64 -45 / 66 -45 -60 -64 / 47 59 62 67 / 45 57 -62 -67 / 43 58 62 67 / 50 57 62 65 / 45 60 64 72 / 47 50 62 -72 / 48 55 64 72 / 50 65 -55 -72 / 52 60 64 67 / 48 -60 -64 -67 / 53 60 65 69 / 52 -60 -65 -69 <END> 
<S> 45 52 60 67 / 47 50 62 -67 / 48 55 64 72 / 50 -48 -64 -72 / 48 55 64 72 / 70 -55 -64 / 69 -48 -64 / 58 62 67 -51 / 64 -58 -62 -67 / 53 60 67 69 / 52 -60 -67 -69 / 50 53 65 69 / 48 64 -53 -69 / 47 55 62 67 / 43 59 -55 -67 / 45 48 60 65 / 47 55 62 67 / 48 55 64 69 / 50 54 62 -69 / 60 -50 -54 -69 <END> 
<S> 50 62 65 71 / 69 -50 -62 -66 / 52 62 71 -62 / 61 -52 -62 -71 / 57 60 69 / 55 59 62 -69 / 60 64 67 -55 / 58 62 67 -55 / 57 60 64 -53 / 43 55 59 62 / 52 55 60 67 / 50 53 62 69 / 48 64 71 -53 / 47 55 62 67 / 45 60 -55 -67 / 47 55 62 67 / 43 -55 -62 -67 <END> 
<S> 55 60 62 67 / 53 69 -60 -67 / 59 62 -53 -69 / 52 60 67 -69 / 50 65 -60 -67 / 48 60 64 67 / 58 -48 -64 -67 / 45 57 64 72 / 66 -45 -57 -72 / 47 68 -57 71 / 49 52 64 69 / 50 53 62 69 / 52 55 62 71 / 59 -55 -62 -71 <END> 
<S> 45 57 64 72 / 66 -45 -57 -72 / 47 50 62 67 / 48 60 64 -67 / 50 59 65 69 / 52 60 64 -69 / 48 55 -64 -69 / 50 53 62 71 / 52 55 60 72 / 53 59 74 -55 / 52 60 -59 -62 / 50 55 59 62 / 48 -55 -59 -62 / 47 53 55 62 / 62 -53 -55 -62 / 43 55 60 64 / 53 62 -43 -60 <END> 
<S> 50 55 62 71 / 52 55 72 -55 / 54 57 62 -72 / 55 59 62 / 71 -55 -62 / 48 55 64 69 / 50 54 60 -69 / 52 59 62 67 / 47 55 59 -67 / 48 57 64 69 / 71 -57 -64 -69 / 52 64 71 -69 / 56 -52 -64 -71 / 62 -52 -56 -71 / 45 57 60 69 / 55 62 -45 -69 / 43 59 64 67 / 42 62 -59 -64 <END> 
<S> 48 64 -55 -57 / 45 57 -64 -72 / 50 59 71 -64 / 62 -50 -57 -71 / 38 59 62 -71 / 45 57 60 72 / 43 55 59 62 / 36 55 60 64 / 38 -55 -60 -64 / 45 57 60 65 / 59 -45 -53 -65 / 47 55 62 -65 / 36 55 60 64 / 43 55 59 62 <END> 
<S> 36 55 60 64 / 38 -55 -60 -64 / 40 55 60 64 / 57 -55 -60 -64 / 43 55 59 62 / 55 -43 -59 -62 / 48 52 55 60 / 48 52 60 67 / 58 -48 -52 -67 / 53 57 60 69 / 44 -53 -60 -69 / 43 59 62 67 / 47 -59 -62 -67 / 44 59 64 67 / 67 -59 -64 -67 / 52 60 67 -67 / 59 -52 -67 / <END> 
<S> 47 50 62 67 / 48 52 -67 -67 / 47 50 67 -67 / 48 64 -67 69 / 50 62 66 -69 / 43 62 67 71 / 38 59 62 67 / 45 60 64 69 / 47 62 71 -69 / 48 55 64 72 / 52 55 -64 -72 / 50 71 -55 -64 / 48 52 55 64 / 60 -48 -55 -64 / 47 55 62 67 / 43 59 64 -55 / 45 -43 -55 -59 <END> 
<S> 40 60 67 / 64 -40 -60 -67 / 59 -43 -60 -67 / 44 60 69 -60 / 53 59 62 67 / 52 60 67 -53 / 59 -52 -55 -67 / 53 57 60 69 / 59 62 -53 -69 / 52 60 64 67 / 58 -52 -64 -67 / 50 57 65 -64 / 59 62 -53 -65 / 52 60 61 67 / 53 60 62 67 <END> 
<S> 53 57 62 69 / 60 -53 -57 -69 / 52 62 61 -69 / 61 64 69 76 / 62 -61 -69 -76 / 45 57 64 72 / 57 64 72 -45 / 55 59 62 71 / 48 55 64 72 / 54 57 62 74 / 55 59 62 71 / 53 55 59 62 / 52 -55 -59 -62 <END> 
<S> 54 57 62 69 / 55 62 64 71 / 72 -55 -62 / 47 62 67 71 / 48 64 67 69 / 50 62 66 -69 / 60 -50 -66 -69 / 55 59 62 67 / 43 59 67 74 <END> 
<S> 47 62 67 -67 / 48 64 69 -67 / 50 62 66 -69 / 43 59 62 67 / 55 59 62 67 / 53 -59 -62 -67 / 52 55 60 67 / 59 -52 -55 -67 / 57 52 60 69 / 59 62 -52 -69 / 45 57 60 64 / 47 50 55 -64 / 48 55 -45 -57 / 50 59 -48 -55 / 48 55 60 / -64 -55 -60 <END> 
<S> -41 59 69 / 57 -50 -67 -72 / 55 59 62 71 / 57 60 66 69 / 66 -57 -60 -69 / 55 59 62 67 / 52 64 67 72 / 54 62 69 -72 / 55 62 67 71 / 55 59 62 67 / 53 57 -62 -67 / 52 55 67 -60 / 50 57 66 -60 / 55 59 62 67 <END> 
<S> 55 62 69 71 / 64 -55 -62 -71 / 66 69 -55 -62 / 60 67 -55 -69 / 55 59 67 74 / 60 67 76 / 59 -60 -67 -76 / 57 60 67 77 / 55 76 -62 -69 / 53 59 67 74 / 52 60 67 76 / 59 -52 -67 -76 / 57 66 -52 -76 / 50 72 76 -58 / 54 62 74 -72 <END> 
<S> 60 67 76 / 59 -60 -67 -76 / 57 60 66 -76 / 72 -57 -60 -66 / 52 58 67 -74 / 50 59 65 74 / 48 64 67 72 / 65 -48 -67 -72 / 55 62 67 71 / 60 64 67 72 / 62 65 69 -72 / 64 71 -65 -69 / 62 65 69 -77 / 60 64 -69 -77 / 59 62 71 79 <END> 
<S> 55 62 67 71 / 60 63 69 -55 / 62 -55 -60 -69 / 59 60 67 -55 / 55 59 59 67 / 52 -59 -59 -67 / 45 57 60 64 / 47 62 -57 -65 / 45 57 64 -62 / 44 59 -57 -64 / 41 57 60 62 / 41 -57 -60 -62 / 43 55 59 -62 / 53 -43 -59 -62 <END> 
<S> 45 57 60 65 / 47 55 62 -65 / 48 55 60 64 / 55 59 62 67 / 54 57 -62 -67 / 52 64 67 -57 / 50 55 -64 -67 / 48 62 66 -55 / 47 -62 -55 -64 / 45 54 60 69 / 43 50 59 71 / 48 52 60 72 / 42 52 60 72 / 41 69 -55 -60 -72 <END> 
<S> 47 55 62 67 / 48 60 -55 -67 / 55 59 62 67 / 52 -55 -59 -67 / 50 57 60 67 / 48 62 -60 -67 / 47 50 62 65 / 43 62 -55 -65 / 48 55 60 64 / 48 58 60 67 / 68 -48 -55 -60 <END> 
<S> 48 55 62 65 / 53 -48 -62 -65 / 47 55 62 67 / 67 -55 -50 46 / 55 62 70 -55 / 53 -55 -62 -70 / 48 57 62 69 / 50 59 -62 -69 / 60 -50 -65 -69 / 43 59 62 67 / 45 60 64 72 / 47 62 -45 -72 / 48 52 57 60 / 53 -52 -57 -60 <END> 
<S> 48 52 67 69 / 50 54 -67 -69 / 52 55 67 71 / 50 54 -55 -67 / 55 62 67 71 / 59 -66 -66 -71 / 52 59 67 72 / 50 57 62 74 / 52 55 64 71 / 53 55 62 71 <END> 
<S> 57 64 67 72 / 62 66 -57 -72 / 55 62 67 71 / 60 -55 -67 -71 / 54 62 69 74 / 57 60 -69 -74 / 55 59 67 74 / 57 60 -67 -74 / 59 62 67 74 / 55 59 -67 -74 / 60 67 76 / 69 -60 -76 / 70 -60 -64 -79 / 53 60 74 81 / 72 -53 -60 -81 -81 67 -53 -60 -72 <END> 
<S> 60 64 67 / 59 -60 -64 -67 / 54 60 69 74 / 55 59 67 74 / 65 -55 -59 -74 / 57 60 64 72 / 74 -57 -64 -57 / 55 59 62 74 / 53 57 -62 -74 / 52 55 67 72 / 50 57 65 77 / 52 62 67 79 / 53 -62 -67 -79 <END> 
<S> 55 62 71 / 53 -55 -62 -71 / 52 55 60 72 / 50 -55 -60 -72 / 48 55 62 67 / 47 -55 -62 -67 / 45 60 64 69 / 66 -45 -64 -69 / 52 59 67 71 / 50 -59 -67 -71 / 48 64 67 72 / 71 -48 -64 -67 / 50 60 69 -67 / 69 -50 -60 -69 / 52 59 64 71 / 62 -52 -59 -71 <END> 
<S> 0 / 0 / 50 59 66 71 / 51 59 67 74 / 50 -59 -67 -74 / 52 59 67 79 / 60 69 -52 -79 / 59 62 71 79 / 57 60 69 77 / 59 62 -69 -77 / 60 64 67 76 / 62 71 -60 -67 / 53 60 69 72 / 71 74 -53 -69 / 48 67 72 76 <END> 
<S> 62 67 69 / 66 -62 -69 / 55 62 67 71 / 53 59 62 67 / 52 60 67 72 / 50 65 69 74 / 71 -50 -65 -74 / 48 67 72 76 / 60 74 77 -48 / 76 79 -48 -60 / 53 59 74 77 / 60 72 76 -53 <END> 
<S> 52 60 67 72 / 50 65 69 74 / 71 -50 -65 -74 / 48 67 72 76 / 60 77 -72 -76 / 79 79 -72 -60 / 53 69 74 -60 / 52 67 71 58 / 50 69 74 77 / 52 67 -74 -77 / 53 69 74 50 / 55 -69 -74 <END> 
<S> 57 64 69 72 / 66 74 -57 -69 / 55 59 67 71 / 57 60 72 -67 / 62 66 -57 -72 / 55 62 67 71 / 50 62 66 69 / 55 59 62 71 / 52 64 71 79 / 57 69 72 -64 / 59 67 74 -72 / 60 67 76 -74 / 72 -60 -67 -76 <END> 
<S> 59 62 67 71 / 60 -62 -67 -71 / 59 66 69 72 / 57 -66 -69 -72 / 55 59 69 74 / 57 60 66 -74 / 59 64 67 / 62 -54 -67 -76 / 55 62 67 71 / 59 64 67 71 / 57 60 64 72 / 65 -57 -60 -72 / 56 59 65 74 / 62 -56 -65 -74 <END> 
<S> 57 62 67 72 / 59 62 66 74 / 60 62 66 -74 / 56 59 62 / 55 64 71 / 53 65 69 / / 64 72 -55 -69 / 59 62 67 71 / 60 64 69 -67 / 62 65 -69 / 64 71 -62 / 56 64 71 -71 / 62 65 -56 -71 / 57 60 64 72 / 59 62 65 -72 <END> 
<S> 55 62 70 / 53 62 69 / 52 -62 -69 -69 / 50 62 71 -69 / 68 -50 -62 -71 / 52 60 67 72 / 50 62 -67 -72 / 48 64 67 -72 / 50 65 -67 -72 / 52 67 72 / 53 62 -67 -72 / 55 60 67 74 / 59 -55 -67 -74 / 48 60 67 75 / 53 65 68 74 / 62 72 -53 -65 <END> 
<S> 52 55 67 72 / 54 57 -63 -72 / 55 58 62 70 / 55 67 70 75 / 48 60 67 -70 / 69 -48 -60 -63 / 55 62 67 70 / 50 62 67 70 / 65 -50 -62 -67 / 60 63 67 / 46 62 -63 -67 / 44 60 63 67 / 46 -60 -63 -67 / 44 62 65 70 / 46 -62 -65 -70 <END> 
<S> 51 63 67 70 / 53 62 65 69 / 51 63 -60 -69 / 55 58 65 70 / 63 67 -55 -70 / 53 62 65 68 / 67 -53 -62 -65 / 56 60 63 / 55 58 65 -63 / 56 62 65 -65 / 55 58 65 70 / 53 60 -65 -70 / 46 62 65 70 / 68 -46 -65 -70 <END> 
<S> 53 60 65 68 / 51 -60 -65 -68 / 50 58 65 70 / 46 62 -65 -70 / 51 58 63 67 / 50 58 65 -67 / 51 60 67 -65 / 63 -51 -67 / 59 62 65 67 / 60 63 -67 -70 / 58 63 -67 -70 / 56 63 68 72 / 55 -63 -68 -72 / 53 68 70 74 / 51 67 72 75 / 74 -51 -67 -72 / 56 60 65 -72 / 55 67 -60 -72 <END> 
<S> 60 63 68 72 / 62 65 -68 -72 / 60 64 67 0 / 62 65 -55 -72 / 64 67 -60 -72 / 59 62 -67 -72 / 60 64 67 72 / 60 -60 -67 -72 / 43 60 67 74 / 59 -60 -67 -74 / 60 63 67 75 / 58 62 -67 -75 / 56 60 72 77 / 55 75 -60 -72 <END> 
<S> 60 63 67 75 / 58 62 -67 -75 / 56 60 72 75 / 55 70 -60 -75 / 53 60 68 74 / 55 59 67 -74 / 65 -55 -67 -74 / 48 63 67 72 / 50 58 70 77 / 51 58 79 -70 / 53 -58 -70 -79 / 55 70 -58 -67 <END> 
<S> 48 55 63 72 / 56 60 65 72 / 58 67 74 / 57 -58 -67 -74 / 55 65 69 75 / 53 -65 -69 -75 / 63 67 70 -53 / 62 66 -67 -70 / 60 63 67 75 / 58 -60 -67 -75 / 56 60 65 77 / 55 67 75 -63 <END> 
<S> 57 63 72 / 55 58 -63 -72 / 53 56 68 72 / 55 67 70 / 61 -67 -70 / 56 60 68 / 55 59 65 -68 / 60 75 -55 -65 / 53 56 60 65 / 53 59 62 67 / 51 60 63 -67 <END> 
<S> 56 60 65 72 / 55 71 -60 -63 / 53 60 65 68 / 56 62 65 71 / 55 59 67 74 / 48 60 67 75 / 60 -48 -67 -75 / 55 59 67 74 / 68 -55 -59 -74 / 56 59 67 72 / 65 -56 -59 -72 <END> 
<S> 51 60 67 72 / 59 -51 -67 -72 / 56 60 67 72 / 65 74 -60 -56 / 55 60 67 75 / 53 -60 -67 -75 / 55 60 67 74 / 43 59 -67 -74 / 65 74 -55 -59 -74 / 48 67 75 <END> 
<S> 55 62 67 71 / 53 -62 -67 -71 / 51 63 67 72 / 53 69 -63 -72 / 62 65 71 74 / 60 67 72 75 / 55 67 71 74 / 55 67 71 74 <END> 
<S> 63 72 -63 / 55 65 -63 -72 / 51 67 70 75 / 53 -67 -70 -75 / 55 67 70 74 / 56 72 -67 -70 / 55 68 74 -72 / 53 -68 -72 -74 / 51 67 70 72 / 65 -51 -70 -72 <END> 
<S> 55 67 70 75 / 53 -67 -70 -75 / 51 -67 70 79 / 50 70 77 -79 / 48 75 81 -70 / 46 50 -70 -75 / 48 49 72 77 / 75 -48 -72 -77 / 47 62 74 79 / 67 -47 -74 -77 <END> 
<S> 55 67 70 75 / 53 -67 -70 -75 / 51 66 72 77 / 50 71 74 -77 / 51 67 72 75 / 53 -67 -72 -75 / 55 67 71 74 / 56 65 72 <END> 
<S> 68 72 77 / 50 62 -68 -77 / 48 63 67 75 / 65 -60 -75 -75 / 60 67 72 75 / 74 -56 -67 -72 / 56 65 72 75 / 55 -65 -72 -75 / 53 70 74 77 / 58 75 -70 -74 / 56 68 72 75 / 55 77 -72 -75 <END> 
<S> 53 65 68 72 / 63 -53 -68 -72 / 58 62 70 56 / 60 67 72 / 65 69 -60 -72 / 59 67 74 / 55 65 -59 -74 / 60 64 67 72 / 48 -60 -67 -72 <END> 
<S> 60 68 72 / 58 62 67 -77 / 60 63 67 79 / 58 62 -67 -79 / 57 60 72 77 / 59 62 74 -77 / 60 67 75 -74 / 53 72 -67 -75 / 55 67 74 -72 / 71 -55 -67 -74 <END> 
<S> 62 71 74 / 55 -62 -71 -74 / 62 67 72 75 / 66 -62 -67 -72 / 55 67 71 74 / 53 67 70 75 / 65 68 -53 -75 / 63 67 70 -53 / 62 65 -67 -70 / 60 63 67 72 / 58 62 -67 -72 / 56 60 65 72 / 55 67 -60 -72 <END> 
<S> 63 67 70 / 69 -63 -63 / 62 -41 -63 -70 / 56 60 63 72 / 55 58 -63 -72 / 53 56 68 74 / 58 -53 -68 -74 / 51 60 68 75 / 50 58 -68 -75 / 51 56 65 -75 / 46 65 70 74 / 68 -46 -65 -70 <END> 
<S> 51 60 63 67 / 53 68 -60 -63 / 62 65 -53 -68 / 63 67 -53 -68 / 46 62 65 -67 / 44 60 63 67 / 58 61 -64 -67 / 56 60 65 / 53 56 65 72 / 46 53 62 74 / 58 77 -62 / 56 60 65 -77 <END> 
<S> 56 60 63 / 55 60 65 / 53 68 -60 -65 / 58 62 68 / 56 60 -68 / 77 -56 -60 -68 / 55 60 67 75 / 53 -60 -67 -75 / 55 60 67 74 / 59 -55 -67 -74 / 0 / 56 60 65 72 / 74 -56 -60 -65 <END> 
<S> 54 60 69 75 / 55 -60 -69 -75 / 54 62 74 -69 / 72 -54 -62 -74 / 55 62 67 70 / 54 63 69 72 / 62 -54 -69 -72 / 55 62 67 70 / 60 63 67 68 / 58 62 67 70 <END> 
<S> 63 70 -51 -70 / 62 -51 -70 -70 / 53 60 69 72 / 51 67 70 -72 / 50 65 70 74 / 48 63 -70 -74 / 53 62 68 71 / 50 -62 -68 -68 / 51 62 67 71 / 63 -51 -67 -70 / 50 58 65 70 / 51 58 67 70 / 53 60 65 68 / 62 -53 -65 -68 <END> 
<S> 51 63 67 70 / 48 -63 -67 -70 / 44 60 67 72 / 59 68 74 -60 / 60 -56 -67 -74 / 55 62 67 71 / 56 -62 -67 -71 / 55 63 67 72 / 53 57 -67 -72 / 55 65 71 74 / 52 60 67 79 <END> 
<S> 56 60 63 72 / 65 -56 -60 -72 / 55 62 67 71 / 53 -62 -67 -71 / 51 63 72 -67 / 69 -51 -63 -72 / 50 65 71 74 / 48 67 72 75 / 65 74 77 -48 / 63 75 79 / 62 77 -75 / 60 67 72 75 / 77 -60 -67 -72 <END> 
<S> 48 63 72 75 / 67 -48 -72 -75 / 55 67 71 74 / 53 -67 -71 -74 / 51 67 72 75 / 65 -51 -72 -75 / 63 67 72 75 / 69 -67 -75 -75 / 65 72 74 -60 / 59 -56 -65 -77 / 60 63 72 79 / 62 77 -63 -72 / 60 63 67 75 / 58 62 -67 -75 <END> 
<S> 56 72 75 / 71 -56 -72 -75 / 56 60 72 77 / 75 -56 -60 -72 / 58 62 70 74 / 68 -58 -62 -74 / 53 63 70 75 / 51 -63 -70 -75 / 53 65 68 80 / 71 -53 -65 -80 / 51 63 72 79 / 53 -51 -72 -79 / 55 67 71 74 / 55 67 71 62 <END> 
<S> 53 65 68 74 / 63 -53 -68 -74 / 55 62 67 71 / 43 59 62 67 / 48 60 63 67 / 46 -60 -63 -67 / 44 63 65 72 / 61 -44 -65 -72 / 60 63 67 -44 / 58 62 -67 / 56 60 63 72 / 55 -60 -63 -72 <END> 
<S> 45 60 63 65 / 58 -44 -63 -65 / 41 57 62 -63 / 61 53 58 70 / 52 60 67 -70 / 53 60 68 -67 / 62 -53 -67 -68 / 48 63 67 68 / 50 -63 -67 -68 / 51 67 72 / 70 -51 -67 -72 / 53 65 68 74 / 59 -53 -65 -74 <END> 
<S> 48 63 67 68 / 50 -62 -67 -68 / 51 60 67 / 58 62 -67 / 56 60 63 -67 / 55 58 -63 -67 / 56 60 63 -67 / 62 65 -56 -56 / 55 60 63 70 / 53 56 -60 -70 / 51 55 67 70 / 53 56 -67 -70 / 51 55 -67 / 60 63 -55 -67 / 56 62 65 -60 / 59 -56 -62 -65 / 55 58 62 67 / 53 57 -62 -67 / 51 55 63 72 / 50 53 -63 -72 <END> 
<S> 55 58 62 67 / 56 60 65 / 49 55 64 67 / 53 60 65 68 / 58 62 65 -68 / 64 67 -58 / -79 62 65 -67 / 48 60 64 67 / 58 60 65 74 / 56 60 63 72 / 62 65 -56 -72 / 55 64 67 70 / 53 56 68 -70 <END> 
<S> 60 63 67 72 / 58 62 -67 -72 / 56 60 65 72 / 55 67 -60 -72 / 53 60 68 74 / 55 59 67 74 / 65 -55 -67 -74 / 48 63 67 72 / 56 65 70 72 <END> 
<S> 53 60 68 74 / 55 72 -60 -68 / 56 60 68 77 / 59 62 -68 -77 / 60 67 75 / 72 -60 -67 -75 / 53 68 74 77 / 47 75 -68 -74 / 55 67 72 74 / 56 71 -67 -74 <END> 
<S> 68 74 -51 50 / 59 -68 -74 -68 / 60 67 72 75 / 55 -60 -72 -75 / 53 60 68 74 / 55 59 67 -74 / 65 -55 -59 -74 / 48 55 63 72 / 50 58 70 77 <END> 
<S> 53 60 69 74 / 55 -60 -69 -74 / 55 59 67 -74 / 65 -55 -59 -74 / 48 60 63 72 / 50 58 70 77 / 51 63 70 79 / 53 -63 -70 -79 <END> 
