<S> 50 57 65 -63 / 62 -50 -57 -65 / 48 -57 -62 -65 / 46 58 62 67 / 45 60 66 69 / 43 62 67 70 / 63 -43 -67 -70 / 62 -43 -67 -70 / 44 60 72 -67 / 65 -44 -60 -72 / 46 -60 -65 -72 / 48 60 67 -65 / 63 -48 -60 -67 / 62 -48 -60 -67 / 63 -48 -60 -67 / 47 55 62 67 / 48 55 60 63 / 50 65 -55 -60 <END> 
<S> 48 60 63 67 / 47 62 -60 -67 / 54 60 69 75 / 55 -60 -69 -75 / 54 60 74 -69 / 62 67 72 -54 / 70 -62 -65 / 63 67 70 -58 / 65 -63 -70 / 56 63 67 70 / 65 68 -55 -70 / 53 67 70 72 / 74 -53 -67 -70 / 75 67 72 -53 / 53 68 74 -72 / 55 67 71 -74 / 65 -55 -71 -74 <END> 
<S> 53 65 68 74 / 63 -53 -68 -74 / 55 62 67 71 / 43 59 62 67 / 55 59 62 67 / 53 -59 -62 -67 / 51 60 63 -67 / 53 57 -63 -67 / 46 62 65 -53 / 47 -53 -65 -65 / 48 60 64 -65 / 58 -48 -64 -67 / 44 56 60 65 <END> 
<S> 51 60 67 -65 / 62 -51 -67 / -67 -51 -67 / 50 53 67 69 / 51 -62 -67 / 50 53 65 69 / 51 54 63 -69 / 50 65 -55 -69 / 48 60 -55 -69 / 46 58 62 67 / 56 60 64 -53 / 55 -48 -60 -63 / 41 53 62 -60 / 58 -53 -53 -62 / 51 -53 -53 -58 / 49 53 58 <END> 
<S> 48 55 60 63 / 51 55 58 67 / 53 60 68 -51 / 50 -53 -68 -68 / 51 63 67 70 / 65 -51 -63 -70 / 56 63 63 72 / 67 -63 -63 / 62 65 -63 -68 / 60 63 -63 -68 / 62 65 -60 / 60 63 67 / 59 -60 -63 -67 / 56 60 65 72 / 58 62 68 74 <END> 
<S> 51 63 67 72 / 60 -51 -67 -72 / 53 65 68 -72 / 63 -53 -68 -72 / 41 62 65 68 / 59 67 -62 / 60 -56 -59 -67 / 43 55 62 -67 / 50 62 65 -55 / 48 60 63 / 51 58 -48 -63 / 42 56 62 72 / 39 55 58 67 <END> 
<S> 48 55 63 / -63 -48 -55 -63 / 42 57 60 -63 / 62 -42 -57 -60 / 63 -41 -57 -60 / 55 59 62 / 53 55 59 62 / 52 55 60 67 / 58 -52 -55 -67 / 54 53 60 69 / 62 -53 -60 / 48 55 63 -62 / 60 -48 -55 -63 / 41 56 56 60 / 55 -41 -60 -56 <END> 
<S> 51 55 60 67 / 50 57 60 -67 / 59 -50 -55 -67 / 48 55 60 63 / 46 -55 -60 -63 / 44 56 60 63 / 43 -56 -60 -63 / 44 56 60 65 / 53 58 62 -65 / 60 63 -53 / 51 55 -60 -80 <END> 
<S> 44 56 60 65 / 58 -44 -60 -65 / 39 56 60 67 / 41 53 -60 -67 / 43 55 59 67 / 62 -55 -62 -71 / 56 60 64 72 / 55 58 -63 -72 / 56 60 65 72 / 55 67 -65 -72 / 53 60 65 68 <END> 
<S> 56 60 65 72 / 55 -60 -65 -72 / 53 60 68 70 / 55 -60 -68 -68 / 55 59 67 75 / 56 60 -67 -75 / 65 74 -55 -60 / 59 -55 -55 -74 / 53 60 -55 -70 / 48 52 55 60 / 53 -48 -60 / 55 59 -48 / 41 53 56 60 / 59 -53 -53 -56 <END> 
<S> 44 60 63 72 / 43 55 -63 -72 / 42 57 62 72 / 62 -42 -57 -72 / 43 55 62 71 / 60 -43 -55 -71 / 43 55 59 74 / 62 -55 -62 -74 / 48 60 64 72 / 50 58 65 -72 / 51 60 63 67 <END> 
<S> 48 60 63 67 / 47 55 62 67 / 53 -47 -62 -67 / 48 51 60 68 / 50 53 -60 -68 / 55 58 62 / / 55 -58 63 / 57 60 63 / 56 59 62 65 / 60 -56 -56 -65 / 55 59 62 67 / 53 -59 -62 -67 / 51 60 67 / 53 62 -67 45 <END> 
<S> 56 60 63 65 / 59 62 -56 -63 / 55 60 62 / 53 60 -60 / 55 59 -60 / 53 60 -55 -60 / 55 59 62 / 53 55 62 / 51 60 -55 -67 / 50 55 60 65 / 59 -50 -65 / 48 55 60 64 / 53 58 62 -60 / 55 59 62 / 53 57 60 69 / 58 62 65 -55 <END> 
<S> 55 63 -48 -60 / 46 -55 -60 -63 / 44 53 65 -60 / 46 -53 -60 -65 / 51 67 -43 -60 / 70 -48 -60 -67 / 53 60 69 / 68 -53 -60 -69 / 48 67 -53 -69 / -48 46 -67 / 50 58 65 -45 / 46 58 62 -46 / 39 56 57 62 / 51 55 60 / 47 55 62 65 / 48 55 60 63 / 58 -48 -55 -60 <END> 
<S> 46 50 65 70 / 48 58 -65 -70 / 46 -58 -65 -70 / -79 -46 -58 -65 / 47 53 62 / 55 -47 -62 / 48 55 62 63 / 60 -48 -55 -63 / 44 56 60 65 / 59 62 -44 -65 / 42 57 60 63 / 43 55 62 -60 / 55 59 -43 -55 / 53 -43 -59 -62 / 48 51 55 60 <END> 
<S> 43 55 62 -60 / 59 -43 -55 -62 / 53 -43 -59 -62 / 44 51 60 / 55 63 -51 / 38 -55 -60 -63 / 39 55 60 63 / 43 55 -60 -63 / 59 62 -43 -55 / 53 -43 -59 -62 / 48 51 55 60 / 48 60 63 67 / 50 58 63 68 / 51 56 -63 -68 <END> 
<S> 48 55 60 63 / 46 55 -60 -63 / 44 53 60 65 / 43 55 59 62 / 42 57 60 63 / 62 -42 -57 -60 / 43 55 59 62 / 36 55 60 63 / 53 -55 -60 -63 / 55 59 62 / 43 55 59 62 / 53 -55 -59 -62 <END> 
<S> 41 56 60 62 / 43 55 59 -62 / 53 -43 -59 -62 / 48 51 55 60 / 48 60 63 67 / 50 65 -60 -63 / 51 58 63 67 / 53 56 65 68 / 55 63 -53 -68 / 56 60 65 68 / 59 62 67 -53 <END> 
<S> 51 58 63 67 / 50 -58 -63 -67 / 48 60 63 68 / 50 58 65 70 / 51 58 63 67 / 53 56 65 68 / 55 59 67 -53 / 53 60 -55 -67 / 62 -53 -55 -67 / 43 60 -55 -67 / 59 -43 -55 -67 / 45 60 65 -55 / 43 50 59 -65 / 48 51 60 67 / 46 62 -60 -67 <END> 
<S> 55 60 62 67 / 59 -55 -62 -67 / 53 57 60 69 / 51 55 -60 -69 / 50 53 62 70 / 51 58 67 / 53 -51 -58 -67 / 52 55 67 72 / 70 -51 -55 -67 / 48 60 67 / 68 -48 -60 -67 / 58 -48 -67 -68 / 64 69 -55 -58 / 56 60 66 72 / 55 62 67 71 / 53 60 65 68 / 62 -53 -65 -68 / 48 60 63 68 / 50 65 -60 -68 <END> 
<S> 52 60 67 72 / 53 -60 -67 -72 / 52 60 67 71 / 50 -60 -67 -71 / 51 60 67 74 / 53 72 -67 / 55 65 74 -72 / 59 -55 -74 -74 / 60 64 68 / 0 / 43 59 62 67 / 48 72 75 -67 / 50 65 -72 -75 / 51 67 72 75 / 53 -67 -72 -75 <END> 
<S> 48 60 67 75 / 55 67 71 74 / 72 -55 -67 -71 / 51 67 72 75 / 0 / 48 63 67 72 / 65 74 -48 -67 / 60 67 72 75 / 58 -67 -72 -75 / 57 66 72 75 / 58 65 74 -75 / 57 65 72 75 / 55 65 70 75 / 53 -65 -70 -75 <END> 
<S> 60 67 75 / 58 -60 -67 -75 / 56 60 68 75 / 55 -60 -68 -75 / 53 60 68 77 / 55 63 67 -77 / 56 65 68 72 / 74 -56 -65 -68 / 60 63 67 76 / 59 62 -67 -76 / 60 65 77 / 47 62 -65 -77 / 48 63 72 75 / 79 -48 -72 -75 <END> 
<S> 60 63 67 75 / 58 62 -67 -75 / 56 60 72 77 / 55 70 -60 -77 / 53 60 68 75 / 55 67 70 -60 / 53 56 65 68 / 58 63 -53 -68 / 56 60 65 -68 / 58 62 65 -68 / 60 64 67 / 56 64 72 -67 <END> 
<S> 56 60 65 68 / 53 -60 -65 -68 / 60 64 67 / 57 60 72 75 / 53 72 74 -60 / 55 58 67 -74 / 65 -55 -58 -74 / 56 60 63 72 / 58 62 65 -72 / 56 60 68 72 / 55 67 -60 -72 / 53 60 68 74 / 55 59 67 -74 / 65 -55 -67 -74 <END> 
<S> 56 60 65 72 / 55 -60 -65 -72 / 53 68 74 -60 -68 / 59 62 -53 -68 / 48 60 63 67 / 50 57 65 -60 / 53 60 62 67 / 71 -60 -62 -67 / 60 62 67 / 58 62 65 -67 <END> 
<S> 54 62 63 69 / 60 -54 -62 -69 / 55 62 67 70 / 51 63 67 70 / 50 65 -67 -70 / 48 67 72 75 / 59 -67 -72 -75 / 60 68 72 75 / 55 67 71 74 -51 <END> 
<S> 63 68 72 -51 / 50 65 -68 -72 / 51 63 67 -72 / 53 -63 -67 -72 / 55 62 67 71 / 60 75 -55 -67 / 68 74 -60 -65 / 59 67 -62 -74 / 60 67 76 / 59 -60 -67 -76 / 56 60 68 77 / 53 -60 -68 -77 <END> 
<S> 56 60 67 72 / 65 -56 -60 -72 / 58 62 65 68 / 63 67 -58 -74 / 53 65 68 74 / 55 67 -65 -74 / 53 63 68 72 / 65 74 -48 / 47 67 -65 -74 / 63 72 -43 -67 / 62 65 -56 -72 / 60 63 67 -72 / 59 62 67 74 / 58 61 67 77 <END> 
<S> 63 68 72 -55 / 59 62 67 -55 / 60 63 67 -56 / 55 -60 -63 -67 / 53 60 65 68 / 47 62 67 -65 / 48 60 67 75 / 51 -60 -67 -75 / 53 60 65 74 / 58 -53 -65 -74 / 48 60 63 -65 / 62 -48 -60 -65 / 60 -48 -60 -65 / 55 59 62 67 <END> 
<S> 53 60 65 68 / 51 58 67 70 / 56 60 68 72 / 65 74 -56 -60 / 50 58 67 75 / 57 74 -67 -75 / 46 61 67 74 / 65 -46 -61 -75 / 44 60 65 72 / 64 67 -43 -60 / 58 62 65 -67 / 56 60 65 72 / 55 -60 -63 -72 <END> 
<S> 60 63 67 / 58 -60 -64 -67 / 56 65 -60 / 55 58 63 / 53 56 60 65 / 55 58 67 75 / 53 56 65 74 / 58 64 -53 -74 / 50 62 65 74 / 55 62 -65 -74 / 55 58 63 75 / 57 60 65 -75 / 58 62 65 74 / 67 -58 -62 -74 <END> 
<S> 53 57 65 74 / 58 -53 -65 -74 / 53 57 72 -65 / 60 -54 -57 -72 / 55 59 62 67 / 60 63 -55 -67 / 50 62 65 -55 / 51 60 67 -65 / 53 60 63 69 / 55 -60 -63 -69 / 53 62 67 71 / 65 -53 -67 -71 / 51 63 67 72 / 58 62 -67 -72 / 56 60 65 74 / 55 58 -65 75 <END> 
<S> 62 -51 -58 -67 / 60 63 69 -51 / 46 62 65 70 / 69 -53 -65 -68 / 51 58 65 67 / 63 -51 -58 -67 / 53 60 65 68 / 51 58 67 -65 / 63 -51 -58 -67 / 46 65 -58 -63 / 62 -46 -58 -65 / 56 60 63 -46 / 65 -56 -60 -63 / 55 62 67 / 53 59 65 68 / 51 58 63 67 / 56 60 63 72 / 62 65 -56 -72 <END> 
<S> 63 67 -58 / 62 -51 -65 / 60 63 -53 -65 / 58 62 65 / -53 -58 -62 -65 / 51 60 63 70 / 53 56 65 -70 / 51 55 67 70 / 61 -51 -67 -70 / 53 60 68 / 55 67 -60 -53 / 54 60 63 69 / 56 60 63 72 / 55 58 -64 -72 / 56 60 65 / 53 55 62 -65 / 63 -53 -55 -70 / 46 62 65 70 / 51 63 67 70 / 48 63 68 72 <END> 
<S> 53 60 65 69 / 64 -60 -65 -69 / 58 62 65 70 / 63 67 72 -58 / 56 65 -72 -75 / 67 -56 -72 -75 / 53 65 74 77 / 55 63 75 -74 / 65 74 77 -55 / 56 -65 -68 -77 / 55 63 70 79 / 53 -55 -70 -79 / 51 70 79 / 74 -51 -70 / 51 70 75 -58 / 56 75 77 -48 / 58 74 -68 -77 / 51 70 79 -65 / 63 67 70 75 -51 <END> 
<S> 58 62 65 74 / 67 -58 -74 -77 / 56 -68 -70 -74 / 55 63 70 75 / 53 62 -70 -75 / 51 63 70 79 / 65 -51 -70 -79 / 63 67 70 79 / 62 65 -70 -79 / 60 63 72 79 / 58 63 0 79 / 56 63 72 77 / 62 -56 -72 -77 / 60 63 75 79 / 58 65 -75 -79 / 56 63 72 77 / 58 -63 -72 -77 <END> 
<S> 60 63 67 75 / 62 65 77 -60 / 59 62 67 79 / 60 63 67 -79 / 57 63 72 77 / 62 -57 -72 -77 / 63 67 72 75 / 65 71 74 / 55 67 71 75 / 65 -55 -71 -75 / 63 -55 -71 -74 / 62 72 -55 -71 / 54 -62 -62 -71 <END> 
<S> 60 63 68 79 / 62 65 -68 -75 / 63 67 75 / / 63 -67 -75 / 72 -63 -67 -75 / 65 74 -72 / 64 67 72 / 62 65 -67 -72 / 60 63 67 72 / 58 62 -67 -72 / 56 60 65 77 / 55 67 -60 -77 / 53 65 68 72 / 63 74 -53 -68 / 59 62 67 74 / 60 63 -67 -74 <END> 
<S> 56 68 72 75 / 55 -67 -72 -75 / 53 68 72 74 / 55 67 71 74 / 65 -55 -71 -74 / 48 63 67 72 / 46 62 70 77 / 68 -62 -51 -77 / 51 63 67 79 / 55 58 -67 -79 / 57 72 77 -63 / 59 62 74 -77 <END> 
<S> 51 63 67 79 / 63 72 79 / 59 67 74 77 / 60 67 72 75 / 65 68 74 77 / 63 70 75 79 / 68 77 -63 -79 / 79 -63 -70 -79 / 56 72 45 77 <END> 
<S> 63 72 70 77 / 62 -63 -70 -77 / 63 79 70 79 / 58 -63 -70 -79 / 60 68 75 78 / 58 70 79 / 63 -58 -70 -79 / 56 63 72 77 / 53 -63 -72 -77 / 58 62 70 77 <END> 
<S> 63 70 79 -65 / 65 -51 -70 -79 / 67 70 75 79 / 56 -70 72 80 / 60 68 72 75 / 67 72 80 79 / -80 -67 -72 -79 / 58 65 74 79 / 50 -59 -65 -79 / 48 63 67 79 / 65 -48 -67 -79 <END> 
<S> 46 65 74 82 / 67 75 -53 -65 / 63 69 72 77 / 71 -63 -77 / 62 72 -69 -77 / 60 75 -72 -77 / 58 74 77 -63 / 68 74 -58 -77 / -68 -58 -74 -77 / 60 72 75 / 55 70 -60 -72 / 56 65 68 74 / 55 67 -65 -74 <END> 
<S> 56 65 72 77 / 63 -56 -72 -77 / 53 62 72 77 / 51 -62 -72 -77 / 53 62 70 77 / 62 -53 -70 -77 / 55 63 70 79 / 55 -63 -70 -79 / 56 63 72 77 / 58 -63 -72 -77 / 60 67 75 -58 / 69 -60 -75 -75 / 58 65 70 77 / 56 -65 -70 -77 <END> 
<S> 53 68 74 77 / 58 67 -74 -77 / 60 69 75 -74 / 58 70 75 -75 / 56 65 72 77 / 53 68 72 -77 / 58 70 75 79 / 51 -58 -75 -79 / 58 77 -63 56 / 62 -58 -48 -77 / 56 60 68 77 <END> 
<S> 58 63 70 77 / 56 62 -70 -77 / 58 62 70 77 / 68 -62 -65 -77 / 60 67 75 -70 / 55 70 74 75 / 56 72 -70 -75 / 58 62 74 77 / 67 75 -62 -65 / 58 63 70 77 / 56 -63 -70 -77 / 55 63 70 77 / 53 62 -70 -77 <END> 
<S> 58 65 70 74 / 56 -65 -70 -74 / 55 67 70 74 / 53 68 72 51 / 55 70 79 79 / 56 60 -79 -79 / 58 60 75 77 / 56 74 -60 -77 / 55 70 75 79 / 53 -70 -75 -79 / 51 70 75 79 / 50 -70 -75 -79 <END> 
<S> 53 60 68 80 / 55 70 -60 -80 / 56 65 72 80 / 58 -65 -72 -75 / 60 67 72 75 / 70 -60 -64 -75 / 53 65 68 72 / 46 62 74 77 / 67 -46 -62 -77 / 48 63 69 75 / 60 67 -69 -75 / 58 65 74 -75 / 53 -65 -74 -74 <END> 
<S> 58 65 74 / 56 -58 -65 -74 / 55 58 67 75 / 53 60 68 77 / 51 60 67 75 / 55 59 67 74 / 55 71 74 -55 <END> 
<S> 50 63 65 71 / 62 -50 -65 -71 / 51 60 67 72 / 53 69 -60 -72 / 52 65 -60 -72 / 50 59 65 74 / 48 60 67 75 / 51 -60 -67 -75 <END> 
<S> <END> 
<S> 48 67 70 76 / 50 -67 -70 -76 / 52 -67 72 -76 / 53 69 74 -72 / 50 -69 -72 -74 <END> 
<S> 55 59 62 67 / 53 -59 -62 -67 / 51 60 67 72 / 53 69 -60 -72 / 62 65 71 74 / 55 67 72 / 60 67 -67 -72 <END> 
<S> 48 63 69 / 60 -48 -69 -69 / 50 67 70 74 / 51 -67 -70 -74 / 50 65 72 77 / 53 -50 -72 -77 / 55 67 70 75 / 43 65 70 74 / 63 72 -70 <END> 
<S> 44 60 72 -67 / 68 -60 -63 -72 / 62 65 68 -72 / 60 -65 -68 -72 / 58 65 70 74 / 53 -65 -70 -74 / 55 63 70 75 / 65 69 -55 -75 / 51 67 70 74 / 48 72 -67 -70 <END> 
<S> 63 70 -51 -65 / 53 60 65 -70 / 62 -53 -65 -70 / 55 63 70 -65 / 63 -55 -63 -70 / 56 60 63 72 / 62 -56 -60 -72 / 53 60 68 74 / 55 59 67 -74 / 65 -55 -67 -74 / 48 60 63 67 / 50 -60 -67 51 <END> 
<S> 56 60 63 72 / 65 74 -56 -60 / 55 58 67 75 / 57 60 65 -75 / 58 62 65 74 / 63 70 -58 -74 / 56 65 68 72 / 74 -56 -65 -68 / 55 63 67 75 / 57 65 -67 -75 / 58 65 74 / 55 -58 -65 -74 <END> 
<S> 56 60 65 72 / 55 67 -60 -72 / 53 60 68 74 / 55 59 67 74 / 65 -55 -67 -74 / 48 63 67 72 / 60 67 72 75 <END> 
<S> 75 -56 -65 / 63 68 -53 -58 / 46 61 -55 -68 / 51 58 63 67 / 65 -51 -58 -63 / 48 58 67 / 75 -48 -67 -70 / 53 65 68 72 / 63 -53 -68 -72 / 62 65 68 -56 / 55 63 -68 -68 <END> 
<S> 51 63 67 70 / 65 -51 -67 -70 / 67 75 -51 -67 / 58 -67 -67 -75 / 56 65 72 75 / 55 -63 -72 -75 / 53 68 72 74 / 50 71 -68 -74 / 67 72 -50 -74 / 65 72 -55 -72 / 55 67 71 74 / 55 67 71 <END> 
<S> 50 67 71 77 / 48 -67 -71 -74 / 50 67 72 77 / 52 -67 -72 -77 / 53 68 74 77 / 55 59 -74 -77 / 60 -56 75 / 55 59 67 74 / 0 / 53 68 72 77 / 74 -53 -68 -77 <END> 
<S> 56 60 68 72 / 55 -60 -68 -72 / 53 -60 -68 -72 / 58 62 67 -68 / 60 64 67 57 / 61 65 -64 / 62 67 -65 / 60 64 -67 / 58 62 65 / 56 60 -65 -65 <END> 
<S> 46 62 65 / 53 -46 -62 -65 / 48 55 62 63 / 60 -48 -55 -64 / 55 59 62 / 53 -55 -60 / 53 -75 -53 -60 / 51 67 -60 -60 / 50 53 -60 -67 / 52 55 -43 -60 / 53 -43 -60 -63 / 55 -43 -60 -63 / 44 56 60 65 / 43 55 59 62 / 53 -43 -59 -62 <END> 
<S> 44 56 60 62 / 43 55 59 62 / 53 -43 -59 -62 / 36 51 55 60 / 36 55 60 63 / 46 -55 -60 -63 / 41 56 62 65 / 63 -41 -56 -60 / 43 55 59 62 / 53 -43 -59 -62 / 44 51 60 <END> 
<S> 44 56 60 63 / 60 -44 -56 -63 / 43 56 63 / / 55 -63 -67 / 41 61 65 68 / 46 53 62 68 / 68 -46 -53 -62 / 39 55 63 67 / 45 -55 -63 -67 / 46 55 62 65 / 45 -55 -62 -65 / 43 55 62 70 / 50 62 69 -55 / 54 60 -50 -69 / 43 55 62 67 / 53 -62 -67 <END> 
