<S> 48 63 67 72 / 50 -63 -67 -72 / 51 63 67 72 / 53 -63 -67 -72 / 55 62 67 71 / 53 -62 -67 -71 / 51 63 67 72 / 48 -63 -67 -72 / 47 65 68 74 / 67 -47 -65 -74 / 48 63 67 75 / 67 72 -48 -75 / 53 68 72 74 / 55 67 71 -74 / 65 -55 -71 -74 <END> 
<S> 47 65 68 74 / 67 -47 -65 -74 / 48 67 72 75 / 60 -67 -72 -75 / 67 70 74 / 65 -67 -70 -74 / 63 67 70 75 / 62 65 70 77 / 63 70 79 / 55 -63 -70 -79 / 57 72 -63 -67 / 62 65 -57 -72 / 60 -57 -65 -72 / 46 58 65 74 / 58 62 70 74 / 51 63 68 72 <END> 
<S> 53 63 69 72 / 63 -53 -69 -72 / 46 62 65 70 / 60 63 68 75 / 62 65 70 77 / 63 70 79 / 62 -63 -70 -79 / 60 63 67 79 / 58 62 -67 -79 / 57 60 72 77 / 55 -60 -72 -77 <END> 
<S> 60 63 67 75 / 62 -60 -67 -75 / 60 65 72 75 / 58 -65 -72 -75 / 56 60 72 77 / 58 -56 -72 -77 / 57 66 72 75 / 67 -56 -72 -75 / 58 -67 -72 -75 / 56 60 -72 -75 / 55 62 74 -60 / 59 -55 -62 -74 / 48 63 -55 / 60 63 67 72 -55 -63 -60 <END> 
<S> 55 67 72 75 / 53 -67 -72 -75 / 55 71 74 -67 / 65 -55 -71 -74 / 48 63 67 72 / 46 65 70 74 / 0 / 50 65 72 77 / 53 71 74 -77 / 51 67 72 75 <END> 
<S> 58 65 74 / 63 -58 -58 -74 / 57 65 70 77 / 55 -65 -70 -74 / 55 65 72 -70 / 70 -55 -65 -70 / 53 65 68 72 / 74 -53 -65 -68 / 60 63 67 75 / 58 62 -67 -75 / 56 60 65 77 / 55 67 75 -60 <END> 
<S> 56 60 63 72 / 65 74 -56 -60 / 55 67 -60 75 / 53 65 70 74 / 51 67 -65 -74 / 53 59 68 74 / 51 67 70 -74 / 65 72 -58 / 63 56 -68 -72 / 62 65 -56 -72 / 55 -62 -65 -70 / 53 60 63 -70 / 55 61 -60 -65 <END> 
<S> 51 63 67 70 / 56 65 68 72 / 55 67 -65 -72 / 53 60 65 68 / 62 -53 -65 -68 / 63 67 -53 -62 / 46 62 65 74 / 63 67 72 75 / 65 74 77 -72 / 63 67 72 79 / 62 -63 -72 -79 / 60 63 72 79 / 58 -63 -72 -79 <END> 
<S> 63 74 -68 -77 / 60 63 75 -74 / 69 72 77 -63 / 62 71 74 -77 / 60 67 72 75 / 55 67 71 -75 / 60 67 72 75 / 58 -67 -72 -75 / 57 60 72 77 / 55 70 -60 -77 / 53 65 69 72 / 74 -53 -65 -69 / 75 -53 -65 -69 / 46 65 74 / 48 63 75 <END> 
<S> 60 67 72 75 / 74 -60 -67 -72 / 67 72 75 -60 / 58 -67 -72 -75 / 56 60 72 75 / 55 70 -60 -75 / 53 65 68 74 / 47 62 67 74 / 65 -47 -62 -74 / 48 60 64 72 / 0 / 60 63 67 72 / 65 69 -60 -72 <END> 
<S> 48 60 67 75 / 60 63 72 -75 / 55 65 74 -72 / 71 -55 -67 -74 / 48 63 67 72 / 60 63 67 72 / 58 62 67 74 / 57 67 72 / 64 -57 -67 -72 / 62 65 69 74 / 71 -65 -62 -74 / 63 72 -70 / 69 -63 -63 / 55 62 -63 -70 / 60 63 -55 -70 <END> 
<S> 57 64 69 72 / 65 -57 -69 -72 / 60 67 72 / 58 64 -67 -72 / 57 65 66 -72 / 58 67 -65 -72 / 63 57 69 72 / 46 65 70 74 / 52 67 70 53 53 65 68 72 / 64 -53 -68 -72 / 55 65 72 74 / 71 -55 -65 -74 <END> 
<S> 46 67 70 74 / 48 -67 -70 -74 / 50 67 70 74 / 51 58 -70 -74 / 56 72 -58 -70 / 55 70 74 -70 / 51 67 70 72 / 50 65 70 -72 / 69 -50 -65 -72 / 51 63 70 79 / 61 -51 -70 -79 / 53 60 68 77 / 55 67 -60 -77 <END> 
<S> 46 65 70 74 / 67 -46 -70 -74 / 68 -46 -70 -74 / 51 67 70 79 / 50 65 69 77 / 71 -50 -65 -77 / 48 67 72 75 / 53 68 74 77 / 47 67 74 -74 / 43 67 71 75 <END> 
<S> 51 63 72 79 / 53 63 69 -72 / 62 65 71 77 / 63 67 72 75 / 65 74 -43 59 / 63 -43 -59 -74 / 65 -43 -59 -74 / 48 55 63 72 / 60 67 75 / 58 -60 -67 -75 <END> 
<S> 48 60 63 68 / 60 67 -60 -63 / 53 62 65 / 60 63 -53 -65 / 58 62 65 / 56 -58 -62 -65 / 46 55 62 70 / 53 68 -50 -65 <END> 
<S> <END> 
<S> -62 -82 60 64 67 / 45 -60 -64 -67 <END> 
<S> 47 67 74 / 48 60 -67 -74 <END> 
<S> 49 65 69 <END> 
<S> 54 57 62 72 / 55 59 62 / 53 55 -59 -62 <END> 
<S> 47 55 62 67 / 48 55 60 64 / 53 57 60 69 / 50 65 -57 -60 <END> 
<S> 55 60 67 76 / 53 -60 -67 -76 / 55 59 67 74 / 65 -55 -59 -74 / 48 55 64 72 <END> 
<S> 57 60 67 76 / 55 59 -60 -76 / 53 57 62 74 / 50 59 77 -53 / 52 57 60 72 / 53 69 -52 -72 / 55 67 71 74 / 55 67 71 74 <END> 
<S> 50 62 65 71 / 52 60 67 72 / 53 69 -60 -72 / 52 60 67 71 / 59 -52 -67 -71 / 65 -52 -59 -71 / 57 60 64 72 / 55 -60 -64 -72 / 53 65 69 74 / 50 65 -69 -74 / 64 -50 -69 / 72 -48 -64 -69 / 55 59 67 74 <END> 
<S> 54 60 69 74 / 62 -54 -69 -74 / 56 64 71 76 / 56 64 -76 / 57 74 -56 -64 / 55 62 71 77 / 57 69 -62 -77 / 59 67 74 / 55 -58 -67 -76 / 57 60 69 77 / 55 76 -60 -69 / 53 57 69 74 / 52 58 67 -74 / 50 57 65 70 / 52 64 -57 -70 <END> 
<S> 57 62 69 76 / 56 -57 -69 -76 / 57 59 67 76 / 55 -64 -67 -76 / 53 62 69 74 / 50 65 -62 -74 / 55 62 69 70 / 53 -62 -70 -74 / 52 61 69 73 / 0 / 50 60 69 74 <END> 
<S> 58 65 74 / 62 -58 -65 -74 / 52 64 67 72 / 54 69 -64 -72 / 55 62 67 71 / 55 62 67 71 / 53 -62 -67 -71 / 52 60 67 72 / 64 -60 -67 -72 / 55 60 67 74 / 59 -55 -67 -74 / 60 67 76 / 62 -60 -67 -76 <END> 
<S> 52 60 67 72 / 50 62 -67 -72 / 48 67 64 -72 / 65 -48 -67 -72 / 55 67 71 74 / 60 67 76 / 62 -60 -67 -76 / 64 67 71 79 / 59 -64 -67 -79 / 62 67 -59 -79 / 60 -62 -67 -79 / 55 60 69 59 / 62 -55 -72 -76 / 64 67 70 76 / 53 65 69 81 / 55 71 79 -53 / 57 60 69 77 / 59 67 74 -77 <END> 
<S> 59 62 67 79 / 60 65 69 -79 / 58 65 70 79 / 69 -58 -63 -79 / 70 -63 79 <END> 
<S> 46 53 62 74 / 58 -46 -62 -65 / 48 55 60 64 / 46 -55 -60 -64 <END> 
<S> 60 67 76 / 58 -60 -67 -76 / 57 60 72 77 / 62 -57 -72 -77 / 52 64 72 79 / 65 71 -52 -79 <END> 
<S> 48 63 67 72 / 55 62 67 71 / 47 55 62 67 / 45 60 -55 -67 / 47 55 62 67 / 43 59 -55 -67 <END> 
<S> 48 63 67 69 / 55 62 67 71 / 53 -62 -67 -71 / 51 60 67 72 / 50 -60 -67 -72 / 48 65 67 74 / 47 -65 -67 -74 / 48 63 67 75 / 62 -48 -67 -75 <END> 
<S> 43 59 67 74 / 55 75 -67 / 65 -55 -67 -75 / 56 60 63 75 / 55 -60 -63 -75 / 53 68 74 -60 / 55 67 75 -74 / 72 -55 -67 -74 / 65 74 -55 -72 / 43 59 67 74 / 48 63 -43 -67 -74 <END> 
<S> 55 59 67 75 / 60 -55 -67 -75 / 74 -55 -60 -67 / 59 -55 -67 -74 / 48 63 67 72 / 57 60 65 72 / 58 65 74 / 56 -58 -65 -74 / 55 67 70 75 / 51 -67 -70 -75 / 61 65 70 77 / 53 -65 -70 -77 / 52 64 70 79 / 72 -52 -63 -79 <END> 
<S> 58 65 70 74 / 56 -65 -70 -74 / 55 67 70 75 / 53 -67 -70 -75 / 51 65 70 77 / 50 -65 -70 -77 / 51 63 70 79 / 53 58 -70 -79 / 55 -58 -70 -79 / 48 63 79 -70 / 69 -48 -63 -79 <END> 
<S> 58 63 70 79 / 60 -63 -70 -79 / 62 63 69 77 / 71 -62 -65 -77 / 63 67 72 75 / 60 67 72 75 / 58 -67 -72 -75 / 56 60 72 77 / 55 70 75 -60 <END> 
<S> 48 63 72 -67 / 60 63 72 79 / 58 63 70 82 / 79 63 -63 -70 / 62 65 70 77 / 67 -62 -70 -77 / 55 70 75 -62 / 63 67 70 79 <END> 
<S> 63 67 70 79 / 62 65 -70 -79 / 60 63 72 79 / 58 74 -63 -79 / 56 -58 -70 -75 / 53 63 70 75 / 53 -63 -70 -75 / 55 63 70 79 / 62 -55 -70 -75 / 56 60 72 77 / 58 75 -72 -77 / 60 67 72 79 / 53 69 74 79 <END> 
<S> 53 63 72 80 / 55 79 -53 -72 / 56 60 77 -72 / 58 65 74 -77 / 72 -58 -65 -77 / 63 -58 -72 -77 / 68 72 -58 -72 / 67 -58 -72 / 36 70 72 77 / 68 -63 -72 -77 / 68 70 74 77 / 68 -65 -74 -77 / 68 72 -74 / 55 67 71 75 <END> 
<S> 58 68 77 -75 / 74 -58 -68 -77 / 67 70 75 79 / 63 72 -75 -79 / 68 77 -72 -77 / 75 70 75 -65 / 65 68 72 -75 / 74 -65 -68 -72 / 60 67 75 / 58 65 74 / 56 72 -65 / 55 58 67 -72 <END> 
<S> 56 63 72 77 / 67 -56 -72 -77 / 65 -56 -72 -77 / 58 -48 -72 -77 / 68 74 -51 -58 / 47 67 75 -74 / 65 -43 -74 -74 / 56 72 -68 / 74 -56 -56 -72 / 55 65 70 74 / 56 -65 -70 -74 / 55 70 75 -70 / 53 -67 -70 -75 / 51 68 72 77 / 70 75 -48 -77 / 72 -48 -65 -77 / 47 65 74 79 / 48 67 72 75 / 70 -48 -67 -75 <END> 
<S> 58 70 74 77 / 68 -58 -74 -77 / 67 70 72 79 / 63 68 72 79 / 58 70 77 -50 / 51 -70 -77 55 58 70 -51 -51 / -51 -58 -70 -79 / 47 65 68 77 / 62 65 -51 -77 / 51 63 67 75 / 56 60 65 72 / 55 67 74 -65 / 53 -55 -67 -74 / 54 63 68 72 / 62 74 -54 -69 / 43 50 59 -74 / 55 62 -43 -74 <END> 
<S> 55 67 70 75 / 53 68 -67 -75 / 55 62 74 -68 / 67 -58 -62 -74 / 63 67 70 / 65 69 -63 / 62 63 70 / 56 68 -63 -70 / 58 62 70 77 / 68 -58 -62 -77 / 51 63 67 79 / 53 65 68 72 / 59 74 -53 -68 / 43 60 67 76 / 59 -56 -67 -75 <END> 
<S> 51 63 67 -70 / 62 -51 -67 -70 / 53 60 65 68 / 51 58 -65 -68 / 50 58 65 -70 / 46 62 -58 -70 / 51 58 63 67 / 51 58 67 75 / 55 58 63 70 / 56 60 65 68 / 74 -56 -60 -65 <END> 
<S> 51 63 67 70 / 63 -51 -67 -70 / 56 60 67 72 / 58 62 -67 -72 / 57 60 65 72 / 58 65 74 / 60 75 -65 / 58 62 70 77 / 68 -50 -62 -77 / 48 63 67 75 / 69 -48 -63 -75 <END> 
<S> 58 65 70 74 / 60 -65 -70 -74 / 58 65 72 77 / 57 -65 -72 -77 / 58 65 70 74 / 56 -65 -70 -74 / 63 70 -56 / 55 -63 -70 / 56 63 68 72 / 58 -64 -68 -72 / 60 63 67 72 / 58 62 -67 -72 <END> 
<S> 58 63 70 / 60 63 68 -51 / 61 65 70 / 63 72 -60 -70 / 68 58 -63 -72 / 56 74 -68 -72 / 55 63 67 75 / 65 -55 -67 -75 / 53 67 72 -55 / 51 63 -67 -72 / 53 62 65 71 / 50 -62 -65 -71 <END> 
<S> 53 65 68 74 / 63 -53 -68 -74 / 62 65 70 44 / 60 63 67 79 / 58 62 -67 -79 / 57 60 65 77 / 59 62 67 -77 / 60 67 75 -62 / 53 -60 -67 -75 / 55 67 74 -60 / 59 -55 -67 -74 <END> 
<S> 59 62 67 77 / -59 -62 -67 -77 / 60 63 67 75 / 58 62 -67 -75 / 56 60 72 77 / 55 70 75 -60 / 53 65 68 74 / 47 75 -65 -68 / 48 67 72 75 / 50 -67 -72 -75 / 51 60 67 72 / 53 60 69 -67 / 55 59 67 71 / 48 60 67 72 <END> 
<S> 48 67 72 75 / 60 68 -72 -75 / 55 67 70 77 / 53 68 73 -77 / 51 67 72 79 / 50 71 77 -79 / 51 67 72 75 / 53 -67 -72 -75 / 55 67 70 74 / 53 65 68 -74 / 51 72 75 -67 / 55 65 70 74 / 56 -65 -70 -74 <END> 
<S> 56 72 77 / 55 75 -72 -77 / 56 65 72 75 / 53 -56 -72 -75 / 58 62 70 77 / 68 -58 -62 -77 / 60 63 67 75 / 65 69 -60 -75 / 58 65 70 74 / 56 -65 -70 -74 / 55 67 70 75 / 53 -67 -70 -75 / 51 65 70 77 / 72 -51 -65 -77 / 58 62 70 77 / 63 70 79 <END> 
<S> 58 65 74 / 60 -58 -65 -74 / 58 65 70 74 / 55 -65 -70 -74 / 53 65 68 72 / 63 -53 -68 -72 / 60 65 67 -48 / 58 -60 -65 -67 / 60 63 72 / 62 -60 -72 / 63 68 72 -60 / 62 65 -68 -72 / 60 63 67 75 / 58 62 -67 -75 / 56 60 72 77 / 55 75 -60 -72 <END> 
<S> 60 63 67 75 / 58 62 -67 -75 / 56 60 72 77 / 55 70 -60 -77 / 53 65 68 74 / 63 75 -53 -68 / 59 62 68 74 / 61 67 76 79 / 77 -56 -60 -79 / 58 79 50 -79 / 72 80 -58 -63 / 48 58 67 75 / 68 -48 -67 -75 <END> 
<S> 60 75 -65 -69 / 58 62 67 77 / 58 79 -67 57 / 57 65 72 77 / 59 62 67 79 / 77 -62 -67 -72 / 60 67 75 / 63 75 -60 -67 51 58 63 72 79 / 56 -63 -72 -79 / 58 63 70 77 / 65 72 -58 -77 / 68 72 -65 -77 / 58 67 70 79 / 77 -58 -67 -70 <END> 
<S> 63 70 79 / 62 68 -51 -79 / 63 70 75 79 / 65 -70 -75 -79 / 67 72 75 79 / 74 -67 -72 -79 / 67 72 75 -55 / 58 -67 -72 -75 / 56 60 72 77 / 55 70 -60 -77 / 53 60 68 77 / 67 -53 -60 -77 / 56 60 68 72 / 74 -53 -60 -68 <END> 
<S> 56 67 72 77 / 58 -67 -72 -77 / 57 60 72 77 / 53 75 -60 -72 / 58 67 74 -72 / 56 65 -72 -74 / 55 58 70 74 / 53 68 72 -70 / 51 63 67 -72 / 53 65 68 -72 / 55 63 67 71 / 65 -55 -67 -71 / 55 59 67 72 <END> 
<S> 53 68 72 74 / 55 75 -68 -74 / 56 65 72 77 / 55 63 75 -72 / 53 65 74 -72 / 51 -65 -72 -74 / 53 68 72 77 / 55 67 -72 -77 / 65 -55 -60 -74 / 53 60 63 68 / 55 59 -60 -67 / 60 75 -60 -67 / 59 62 67 79 / 60 -62 -67 -79 <END> 
<S> 56 60 72 -65 / 55 -60 -72 -75 / 53 68 74 -72 / 55 71 75 -74 / 56 60 72 77 / 62 71 -56 -77 / 60 68 -56 75 / 55 67 71 74 / 55 67 71 74 <END> 
<S> 56 63 72 / 62 66 -56 -72 / 55 63 67 72 / 55 59 67 74 / 55 67 71 74 / 60 67 72 75 / 58 -67 -72 -75 / 56 65 72 77 / 55 70 75 79 / 58 70 74 77 <END> 
<S> 48 63 67 75 / 62 -48 -67 -75 / 53 60 72 75 / 55 67 72 -75 / 50 65 74 77 / 72 -50 -65 -77 / 55 70 74 -65 / 53 -70 -70 -77 / 51 70 75 79 / 74 -70 -79 -79 / 72 75 79 62 / 74 80 -67 <END> 
<S> 46 62 70 77 / 51 63 70 79 / 53 65 69 -79 / 71 -53 -65 -79 / 63 72 81 / 62 74 -65 / 60 67 75 / 55 58 70 77 / 60 -55 -70 -75 / 53 62 65 71 / 59 63 -53 -65 / 62 65 -59 / 63 60 -65 -68 <END> 
<S> 53 68 72 -63 / 63 -53 -68 -72 / 46 62 65 70 / 58 62 70 77 / 58 62 70 77 / 60 -58 -70 -77 / 68 77 -58 -62 / -68 -58 -62 -77 / 60 63 67 75 / 55 59 67 74 / 53 60 68 74 / 50 -60 -68 -74 <END> 
<S> 56 63 68 72 / 65 -56 -68 -72 / 55 60 67 72 / 59 74 -55 -67 / 67 -55 -59 -74 / 65 -55 -59 -74 / 48 55 63 72 / 60 63 67 72 / 58 -63 -67 -72 <END> 
<S> 55 70 -62 / 60 -51 -55 -70 / 0 / 55 62 67 71 / 53 -62 -67 -71 / 51 63 72 -67 / 50 -63 -67 -72 / 48 62 67 74 / 47 -62 -67 -74 / 48 60 67 75 / 53 -60 -67 -75 <END> 
