<S> 48 60 63 67 / 46 60 65 72 / 44 -60 -65 -72 / 43 62 65 70 / 48 60 63 68 / 67 -48 -60 -63 / 41 60 68 -63 / 56 62 -41 -68 / 43 58 63 67 / 44 -58 -63 -67 / 46 58 65 -63 / 62 -46 -58 -65 / 51 58 63 67 / 68 -51 -58 -63 <END> 
<S> 43 58 63 67 / 44 -58 -63 -67 / 46 58 62 65 / 55 58 63 67 / 51 58 65 / 63 -51 -58 / 50 53 58 65 / 53 62 -58 -65 / 53 57 60 65 / 51 -57 -60 -65 / 50 58 62 65 / 48 -58 -62 -65 / 46 58 62 65 / 44 -58 -62 -65 / 43 60 62 70 / 41 69 -62 -65 / 43 62 67 70 / 48 63 -67 -70 <END> 
<S> 53 60 58 / 61 -53 -53 -58 / 51 58 63 / 58 -48 -63 -63 / 56 60 -58 -63 / 59 -56 -63 / 55 51 60 63 / 53 -55 -60 -63 / 55 59 62 / 43 53 59 -62 / 48 51 55 60 / 46 55 62 67 / 45 -55 -67 -62 / 47 55 62 67 / 43 -55 -62 -67 / 48 55 60 63 / 58 -48 -55 -63 / 44 56 56 65 / 43 59 62 -56 -65 <END> 
<S> 48 55 62 / 71 -48 -55 -62 / 51 55 60 69 / 60 -55 -60 -67 / 59 62 -55 -67 / 49 57 64 67 / 50 62 -57 -67 / 54 57 62 / 43 53 59 -62 / 51 55 60 67 / 38 57 65 -60 / 59 62 -41 -65 / 60 -44 -60 -65 / 43 62 -60 -65 / 55 58 -43 -65 / 57 -43 -55 -62 / 53 55 59 -62 / 48 60 -55 -62 / 47 55 62 / 51 60 -55 -62 / 50 54 62 -50 / 43 59 -50 -62 <END> 
<S> 45 60 65 -63 / 47 55 62 67 / 48 55 60 63 / 50 65 -55 -60 / 51 55 67 -60 / 53 59 -55 -67 / 57 -53 -55 -67 / 55 59 62 -55 / 43 53 -59 -62 / 48 51 55 60 / 48 63 -55 -60 / 55 58 -48 -63 / 41 56 60 65 / 43 55 59 62 <END> 
<S> 55 58 62 / 53 56 -58 -62 / 43 55 58 63 / 50 56 60 65 / 43 55 67 -60 / 53 62 -43 -67 / 41 60 -43 -67 / 65 -43 -60 -71 / 44 48 60 63 / 43 55 62 -60 / 59 -43 -55 -62 / 48 55 60 63 / 44 51 60 -60 <END> 
<S> 36 60 63 67 / 38 -60 -63 -67 / 44 60 65 / 51 58 63 67 / 53 63 65 / 55 58 62 -65 / 56 60 63 / 55 58 61 67 / 53 56 60 65 / 59 -53 -56 -65 <END> 
<S> 55 63 70 / 62 -55 -70 -70 / 53 56 65 72 / 63 -53 -56 -72 / 58 62 70 77 / 68 -58 -62 -77 / 59 63 67 79 / 65 -59 -67 -79 / 60 67 75 / 58 62 -67 -75 / 56 60 72 77 / 55 -60 -72 -77 <END> 
<S> 60 63 67 75 / 58 62 -67 -75 / 57 60 65 77 / 59 -56 -65 -77 / 60 63 67 75 / 53 -60 -67 -75 / 55 60 67 74 / 59 -55 -67 -74 / 48 63 67 72 / 60 63 67 72 / 58 62 -67 -72 <END> 
<S> 60 63 67 75 / 58 62 -67 -75 / 56 60 72 77 / 55 70 -60 -77 / 53 65 68 72 / 74 -53 -65 -68 / 75 -53 -65 -68 / 46 58 65 74 / 48 60 63 75 / 58 -48 -63 -75 / 53 56 65 74 <END> 
<S> 56 60 65 / 55 59 67 -65 / 53 60 68 / 58 -48 -60 -68 / 44 56 60 65 / / 55 72 75 -60 / 53 74 -60 -72 / 55 59 67 -74 / 65 -55 -67 -74 / 48 60 67 72 / 53 60 68 74 / 63 -53 -68 -74 <END> 
<S> 53 68 -60 74 / 55 60 67 75 / 57 60 65 -75 / 58 62 65 74 / 56 64 -65 -74 / 55 65 67 70 / 53 60 -67 -70 / 62 65 69 -53 / 63 -60 -69 / 67 70 -65 / 65 -51 -70 / 56 63 68 72 / 67 71 -56 -63 / 62 65 -56 -67 / 60 60 63 67 <END> 
<S> 57 63 65 72 / 59 62 67 77 / 60 67 75 / 58 -60 -67 -75 / 56 68 72 75 / 55 -68 -72 -75 / 53 60 68 74 / 72 -53 -56 -60 / 55 59 67 74 / 65 -55 -67 -74 / 48 63 67 72 / 60 63 67 72 / 58 -64 -67 -72 <END> 
<S> 53 60 68 74 / 55 75 -60 -68 / 56 65 71 74 / 59 68 -65 -74 / 60 63 67 72 / 55 62 67 71 / 60 63 67 72 / 58 62 67 74 / 56 60 65 77 / 55 -56 -60 -77 <END> 
<S> 63 68 72 -55 / 59 62 67 -55 / 60 63 67 75 / 58 -60 -67 -75 / 56 60 65 74 / 55 67 75 -60 / 53 60 65 68 / 55 59 67 -65 / 60 63 65 / 56 60 -64 -65 / 53 62 65 -60 / 58 64 -62 -65 <END> 
<S> 56 60 63 72 / 65 -56 -60 -72 / 55 62 67 70 / 53 -62 -67 -70 / 51 63 72 -67 / 69 -51 -63 -72 / 50 65 71 74 / 48 67 72 75 / 68 74 77 -48 / 47 -74 -77 -77 / 48 67 72 75 / 51 67 72 79 <END> 
<S> 59 74 -65 -68 / 63 67 -59 -74 / 62 67 -62 -74 / 60 66 67 75 / 58 67 74 79 / -67 -71 -74 / 72 67 -58 -67 / 65 69 -67 -72 / 53 65 70 74 / 62 -53 -70 -74 / 55 63 70 79 / 65 -55 -70 -79 / 53 67 70 75 / 74 -53 -70 -74 / 51 63 70 79 / 50 72 -63 -79 / 77 62 71 77 <END> 
<S> 58 65 70 74 / 56 -65 -70 -74 / 55 67 70 74 / 53 68 -70 -74 / 51 63 70 79 / 55 -63 -70 -79 / 56 63 72 77 / 58 -63 -72 -77 / 57 62 72 77 / 58 -62 -72 -77 / 60 68 72 -56 / 55 62 71 79 <END> 
<S> 56 63 72 / 53 65 74 -72 / 55 67 71 -74 / 54 62 72 -55 / 63 -55 -62 -72 / 56 62 71 -65 / 60 -56 -65 -71 / 55 59 67 74 / 60 68 -67 -74 / 65 67 71 74 / 48 63 72 75 <END> 
<S> 56 60 68 72 / 55 -60 -72 -68 / 53 60 68 74 / 62 -53 -68 -74 / 63 67 70 -53 / 65 -43 -60 -67 / 59 67 74 / 60 67 74 -67 / 65 -43 -67 -74 / 48 72 75 / 60 68 77 / <END> 
<S> 59 62 67 74 / 55 -59 -67 -74 / 60 67 75 / 58 62 -67 -75 / 56 63 72 / 55 -63 -72 / 53 68 72 74 / 55 67 71 74 / 65 -55 -71 -74 / 48 63 67 72 / 51 58 70 79 / 53 -58 -70 -79 / 55 70 -58 82 / 56 60 -70 -79 <END> 
<S> 53 68 72 74 / 55 67 71 -74 / 65 -55 -71 -74 / 48 63 72 / 51 63 70 79 / 56 60 77 77 / 58 70 75 -77 / 72 -58 -70 -77 / 68 -58 -72 -77 / 60 67 75 79 / 58 62 -67 -75 <END> 
<S> 53 68 77 -63 / 58 62 70 -77 / 51 63 79 -70 / 67 72 -51 -79 / 68 77 -51 -72 / 50 70 -68 -77 / 51 70 75 79 / 55 -70 -75 -79 / 70 77 80 -63 / 62 75 -70 51 63 70 79 <END> 
<S> 48 63 72 79 / 53 63 72 80 / 55 63 70 79 / 56 65 72 80 / 58 -65 -72 -80 / 60 63 72 79 / 68 77 -63 -72 / 63 70 75 79 <END> 
<S> 63 72 79 / 60 -63 -72 -79 / 58 70 77 -63 / 62 -58 -70 -77 / 68 -58 -62 -77 / 63 67 75 -58 / 61 -67 -75 -79 / 60 67 79 -63 / 53 -60 -67 -79 / 55 60 72 77 / 56 -60 -72 -77 / 58 74 79 / 77 -58 -74 <END> 
<S> 53 60 68 77 / 55 67 71 75 / 56 72 -67 -75 / 53 68 74 77 / 55 67 72 75 / 54 62 71 74 / 60 66 69 72 / 67 -60 -64 / 63 66 69 / 60 -66 -69 -66 / 58 67 71 / 60 68 72 51 <END> 
<S> 59 67 74 / 60 68 72 75 / 55 62 71 79 / 60 63 72 79 / 58 63 72 77 / 68 -58 -63 -77 / 63 67 70 75 / 65 69 74 77 / 67 70 -74 / 65 68 72 -56 / 53 63 68 72 <END> 
<S> 63 68 72 75 / 67 -63 -72 / 65 68 72 / 63 67 70 -56 / 61 65 68 75 / 50 -65 -68 -75 / 58 65 70 74 / 56 65 71 74 / 77 -56 -65 -71 / 55 63 70 75 / 0 / 55 63 70 79 <END> 
<S> 58 65 70 74 / 56 -65 -70 -74 / 55 67 70 75 / 53 68 77 -75 / 55 62 70 77 / 63 -55 -70 -77 / 56 65 72 77 / 67 -56 -72 -77 / 55 68 72 75 / 53 -68 -72 -75 / 58 67 70 77 / 65 -47 -70 -77 / 48 72 81 -70 / 55 -48 -70 -75 <END> 
<S> 53 60 68 77 / 51 67 70 79 / 53 63 69 -79 / 71 77 -53 -63 / 62 72 -53 -63 / 55 58 70 75 / 52 -55 -70 -79 / 53 60 69 77 / 55 67 -60 -77 / 56 65 72 / 74 -56 -65 -72 / 60 67 75 / 58 -60 -67 -75 / 53 56 65 74 / 51 58 72 75 <END> 
<S> 53 60 69 77 / 56 60 68 -77 / 59 -56 -60 -77 / 60 -56 -68 -77 / 55 60 67 75 / 53 68 -60 -75 / 55 59 67 74 / 56 63 67 -74 / 65 -56 -67 -74 / 60 67 -65 / 64 -60 -67 / 65 -60 -67 / 59 62 67 -55 / 53 -59 -62 -67 / 51 60 67 -67 / 53 -60 -67 -67 / 62 65 -53 -60 / 59 -53 -65 -68 / 60 -53 -65 -68 <END> 
<S> 56 60 67 72 / 65 -56 -60 -72 / 55 60 67 74 / 53 59 -67 -74 / 43 59 67 74 / 55 59 -67 -74 / 60 67 75 75 / 58 -60 -67 -75 / 56 60 72 77 / 55 70 -60 -77 / 53 65 72 80 / 55 70 -65 -80 / 56 65 72 80 55 58 64 74 -72 <END> 
<S> 60 63 67 75 / 58 62 -67 -75 / 56 60 72 77 / 55 70 75 -60 / 53 68 74 77 / 67 75 -53 -60 / 47 62 65 74 / 56 59 -65 -74 / 48 55 63 72 / 60 63 67 75 / 58 62 70 77 <END> 
<S> 53 60 68 74 / 55 72 -60 -75 / 56 74 77 -60 / 59 67 -74 -77 / 60 67 75 -74 / 72 -60 -67 -75 / 55 62 67 71 / 65 -55 -67 -71 / 60 63 67 72 / 58 62 -67 -72 / 57 60 66 77 / 55 62 67 77 / 53 -62 -67 -77 <END> 
<S> 63 72 -55 -60 / 60 69 -55 -63 / 62 65 -55 -60 / 59 63 67 -55 / 57 60 -65 -67 / 59 62 67 / 60 -53 -67 -71 / 55 62 67 74 / 53 -62 -67 -74 / 51 63 67 72 / 50 65 69 74 / 71 -50 -65 -74 / 48 67 72 75 / 58 74 -67 -75 / 56 60 72 77 <END> 
<S> 60 63 67 72 / 56 62 65 -72 / 60 -56 -65 -72 / 55 59 67 74 / 55 59 62 / 53 -55 -59 -62 / 48 55 60 63 / 53 56 60 65 / 51 55 63 67 / 50 58 65 70 / 51 58 63 67 / 53 56 62 65 / 55 58 62 70 / 53 56 -62 -70 / 51 55 63 70 / 50 -55 -63 -70 <END> 
<S> 44 53 60 65 / 59 -53 -53 -65 / 51 55 60 63 / 56 62 -55 -60 / 55 60 62 / 53 59 -60 -64 / 57 -50 -60 -65 / 55 59 62 / 46 53 62 67 / 51 60 -53 -67 / 43 50 59 65 / 48 55 60 63 / 51 55 60 67 / 53 69 -60 -67 / 55 59 62 71 / 56 60 63 72 / 55 58 65 -72 / 56 60 65 -72 <END> 
<S> 51 55 60 67 / 53 60 69 -67 / 55 62 67 71 / 56 60 65 72 / 63 -56 -60 -72 / 55 59 67 74 / 60 67 75 / 58 -60 -67 -75 / 56 60 65 75 / 55 -60 -65 -75 / 53 60 65 68 / 51 60 67 -65 / 53 59 68 74 / 46 -53 -68 -74 <END> 
<S> 60 63 67 75 / 58 -60 -67 -75 / 56 60 72 75 / 55 64 -72 -75 / 53 60 68 74 / 51 59 67 -68 / 65 77 -58 -67 / 60 67 75 / 58 -60 -67 -75 / 56 60 68 77 / 53 -60 -68 -77 / 55 60 67 75 / 53 -60 -67 -75 <END> 
<S> 60 67 72 75 / 58 -67 -72 -75 / 56 60 72 77 / 55 70 -60 -77 / 53 60 68 74 / 55 59 67 -74 / 65 -55 -59 -74 / 48 60 63 72 / 50 58 70 77 <END> 
<S> 55 60 67 75 / 53 -60 -67 -75 / 55 59 67 74 / 65 -55 -59 -74 / 56 60 63 72 / 62 -56 -65 -72 / 55 63 67 70 / 53 65 68 -70 / 67 -53 -65 -70 / 55 63 70 -65 / 60 64 -55 -70 / 56 62 68 / 60 64 -56 -68 / 55 59 67 -63 / 58 61 -67 / -79 56 60 -58 / 56 -56 -60 <END> 
<S> 58 62 67 70 / 65 68 -58 -62 / 56 60 63 -68 / 56 59 65 68 / 60 -56 -65 -68 / 56 60 64 67 / 55 60 65 68 / 53 -60 -65 -68 / 51 -60 -65 -69 / 53 60 68 -65 / 62 -53 -60 -68 / 55 60 63 67 <END> 
<S> 56 60 65 / 55 58 65 74 / 53 -58 -65 -74 / 51 58 67 -65 / 63 -51 -58 -67 / 46 60 65 68 / 62 -46 -51 -68 / 51 58 63 67 / 61 -51 -58 -67 / 56 60 65 72 / 55 62 70 -72 / 53 68 72 74 / 55 67 71 -74 / 65 -55 -71 -74 <END> 
<S> 55 62 67 70 / 53 -62 -67 -70 / 51 65 67 72 / 50 -65 -67 -72 / 48 65 67 74 / 47 -65 -67 -74 / 48 63 67 75 / 62 -48 -67 -75 / 53 60 65 74 / 59 -53 -65 -74 / 54 60 63 69 / 66 -54 -60 -69 <END> 
<S> 56 60 63 72 / 65 -56 -60 -72 / 55 62 67 71 / 48 63 67 72 / 60 67 75 / 58 -60 -67 -75 / 56 60 67 75 / 55 -60 -67 -75 / 53 60 68 77 / 47 67 -53 -77 / 48 60 67 75 <END> 
<S> 56 60 65 77 / 53 72 -60 -77 / 55 67 71 74 / 63 -55 -67 -74 / 56 62 65 77 / 63 -56 -60 -77 / 55 62 70 77 / 68 77 -58 43 58 67 79 / 58 62 79 79 / 51 63 70 -79 <END> 
<S> 58 63 70 75 / 62 65 -70 -75 / 67 -62 -70 -79 / 63 68 72 79 / 59 62 74 79 / 60 63 72 75 / 65 69 -60 -75 / 58 67 70 77 / 68 -58 -75 -77 / 72 -58 -68 -77 / 55 67 70 75 / 53 -67 -70 <END> 
<S> 53 63 72 80 / 70 -53 -63 -72 / 51 65 70 80 / 63 70 -51 / 53 62 68 77 / 60 67 -53 -62 / 55 59 67 74 / 57 60 65 -74 / 59 74 -65 / 63 68 72 -58 <END> 
<S> 59 62 67 74 / 60 -59 -67 -74 / 55 59 67 74 / 60 67 75 / 58 62 67 74 / 57 63 72 75 / 55 62 72 77 / 68 71 -55 -62 / 51 55 67 72 / 53 62 68 -72 / 55 62 67 71 / 48 63 67 72 / 60 67 72 75 <END> 
<S> 59 62 67 74 / 60 67 75 / 58 62 74 -67 / 56 63 72 / 55 -63 -72 / 53 68 74 -72 / 50 65 71 -74 / 51 67 72 / 55 -67 -72 -79 / 60 67 72 -51 / 58 -67 -72 -75 / 56 64 68 72 / 55 70 -63 -68 <END> 
<S> 48 63 68 72 / 67 72 -48 -63 / 50 65 65 70 / 51 63 67 70 / 53 56 68 -67 / 51 55 67 70 / 56 60 65 68 / 58 64 67 -68 / 60 67 -64 -67 / 58 62 65 -67 / 53 60 65 69 / 51 -60 -65 -69 <END> 
<S> 50 58 65 70 / 46 62 -58 -70 / 51 58 63 67 / 62 65 -51 -58 / 56 60 63 72 / 55 58 -63 -72 / 53 56 68 72 / 54 63 -53 -72 / 55 61 64 70 / 52 55 64 -70 / 61 -52 -55 -70 / 53 60 67 68 / 52 -60 -67 -70 <END> 
<S> 56 60 63 72 / 55 58 -63 -72 / 53 56 68 72 / 51 58 67 -72 / 56 60 65 72 / 58 74 -65 / 56 60 65 77 / 55 67 75 -60 / 53 60 68 77 / 63 -53 -68 -77 / 55 62 70 74 / 67 -55 -62 -74 / 56 63 67 72 / 55 -63 -67 -72 <END> 
<S> 55 58 67 75 / 53 57 -67 -75 / 58 62 65 74 / 56 60 -65 -74 / 55 58 67 75 / 53 68 77 -58 / 63 -53 -68 -74 / 50 62 69 77 / 62 71 -62 / 60 63 69 72 / 55 67 -63 -72 / 53 65 69 72 / 63 -53 -69 -72 / 46 62 65 70 / 55 63 67 75 / 65 -55 -67 -75 <END> 
<S> 54 63 69 75 / 62 -54 -69 / 63 70 -54 -69 / 55 67 -63 -70 / 62 -55 -67 -70 / 53 65 69 72 / 51 -65 -69 -72 / 50 65 70 74 / 51 58 -70 75 / 53 68 72 77 / 74 -53 -68 -77 / 55 70 75 -62 / 74 -55 -70 -75 / 56 72 -70 -75 / 55 68 72 75 <END> 
<S> 55 63 70 75 / 53 68 -63 -75 / 55 63 70 75 / 53 -63 -70 -75 / 51 65 70 77 / 50 -65 -70 -77 / 48 63 72 79 / 46 65 70 -79 / 47 67 74 79 / 62 77 -67 -74 / 60 63 75 79 / 58 62 -75 -79 / 56 60 72 77 <END> 
<S> 46 65 70 74 / 46 65 70 74 / 53 -65 -70 -74 / 62 65 69 77 / 71 -62 -65 -77 / 63 67 72 79 / 65 71 74 79 / 60 67 72 75 / 74 -60 -67 -72 / 60 67 75 79 / 58 -67 -75 -79 / 56 72 77 -63 / 62 -72 -56 -77 <END> 
<S> 60 63 72 75 / 62 65 70 77 / 63 70 79 / 62 65 -70 -79 / 60 67 72 75 / 58 -67 -72 -75 / 56 60 72 77 / 55 70 -60 -77 / 53 60 68 74 / 67 -53 -60 -80 / 55 65 -60 -80 / 56 72 -65 52 <END> 
<S> 56 60 72 77 / 55 70 -60 -77 / 53 65 68 72 / 74 -53 -68 / 55 67 72 / 57 60 -72 -75 / 55 62 71 77 / 53 -62 -71 -77 / 51 63 67 79 / 48 -63 -67 -79 / 55 62 71 79 / 60 -55 -71 -79 <END> 
<S> 51 60 72 75 / 70 -51 -60 -75 / 53 65 68 74 / 63 -53 -68 -74 / 55 63 70 -68 / 56 -63 -70 / 58 62 68 77 / 60 -62 -68 -77 / 55 62 67 70 / 75 -55 -62 -70 / 53 57 62 72 / 60 -53 -57 -72 <END> 
<S> 56 63 68 72 / 57 65 75 -72 / 58 -65 -68 -72 / 60 65 68 -51 / 62 -51 -65 -68 / 53 63 72 -70 / 55 58 -63 -72 / 56 60 63 72 / 65 74 -56 -60 / 51 55 67 72 / 53 56 68 74 / 55 62 67 71 <END> 
<S> 56 63 68 72 / 44 -56 -63 -72 / 46 53 62 74 / 55 -46 -74 / 53 56 62 77 / 51 55 67 75 / 53 65 68 74 / 55 59 -65 -74 / 64 -55 72 -74 / 65 71 -55 -74 / 48 63 67 72 75 <END> 
<S> 53 60 68 74 / 50 72 -60 -68 / 55 59 67 71 / 56 60 72 75 / 74 -56 -60 -72 / 55 67 71 74 / 53 65 -71 -74 / 51 67 72 -65 / 70 -51 -65 -70 / 50 65 69 72 / 71 74 -50 -65 / 48 60 67 75 / 53 72 -48 -75 / 50 65 70 74 / 47 -65 -70 -74 <END> 
<S> 55 70 75 / 53 60 68 -75 / 51 67 70 75 / 63 68 -51 -75 / 44 65 68 72 / 67 -44 -65 -72 / 48 60 64 67 / 60 63 72 75 / 56 65 -72 -75 / 55 67 72 74 / 53 68 -72 -74 / 55 62 71 -74 / 65 -55 -71 -74 <END> 
<S> 56 60 65 72 / 55 67 -60 -72 / 53 60 68 74 / 55 59 67 -74 / 65 -55 -67 -74 / 48 60 67 72 / 50 58 70 77 / 51 65 70 -58 / 50 58 -65 -70 / 68 -46 -58 -65 / 51 58 67 -65 / 63 -51 -58 -67 / 60 -51 -58 -67 <END> 
<S> 46 65 70 74 / 44 65 72 75 / 74 -65 42 -72 / 60 63 75 -74 / 65 -60 -75 -75 / 58 72 77 -75 / 74 -58 -72 -77 / -58 70 75 79 / 51 70 77 79 / 72 75 -48 -63 / 53 69 74 77 <END> 
