<S> 60 67 72 75 / 67 74 -60 / 59 -67 -74 / 60 67 75 -74 / 48 72 -67 -75 / 50 65 77 -72 / 70 -50 -65 -77 / 51 70 79 -65 / 53 63 -70 -79 / 62 -53 -70 -79 / 55 63 70 79 / 56 -63 -70 -79 / 58 62 70 77 / 68 -58 -62 -77 / 60 67 75 -62 / 60 -60 -67 -75 <END> 
<S> 51 63 70 79 / 55 63 70 -79 / 53 68 80 -63 / 62 -53 -68 -80 / 55 63 70 79 / 56 65 -70 -79 / 58 62 70 77 / 68 -62 -62 -77 / 60 63 67 75 / 69 -60 -63 -75 / 58 65 70 74 / 56 -65 -70 -74 <END> 
<S> 56 60 68 77 / 58 62 68 77 / 60 67 -65 -77 / 58 62 67 77 / 60 63 67 79 / 58 62 -67 -79 / 56 60 72 77 / 55 70 75 -60 / 53 65 69 74 / 71 74 -53 -65 / 55 72 75 / 58 67 74 <END> 
<S> 53 60 72 77 / 56 -60 -72 -77 / 55 71 74 79 / 55 -71 -74 / 51 67 72 / 48 -67 -72 / 53 62 70 -72 / 51 63 70 72 / 53 65 68 77 / 63 -53 -68 -77 / 55 62 70 -60 / 59 68 -55 -62 / 54 60 62 69 / 56 60 63 -69 / 62 65 -53 -72 <END> 
<S> 58 65 70 74 / 56 -65 -70 -74 / 55 67 70 75 / 51 70 -67 -75 / 53 68 72 75 / 74 -53 -68 -80 / 72 68 -53 -68 / 55 67 70 / / 63 68 72 / 50 62 -68 -72 / 48 63 67 72 / 68 -48 -63 -72 / 46 65 68 74 <END> 
<S> 47 68 74 -65 / 67 -47 -74 -77 / 48 67 72 75 / 50 -67 -72 -75 / 51 67 72 47 / 53 -67 -72 / 48 55 67 70 / 41 65 68 -58 / 51 58 67 -65 / 63 -51 -58 -67 / 46 58 65 -63 / 62 -46 -58 -65 / 45 53 60 65 / 47 55 63 -65 / 48 56 60 65 / 41 53 55 62 <END> 
<S> 44 60 65 / 45 53 -60 -65 / 46 62 65 -53 / 58 -46 -62 -65 / 48 55 60 64 / 51 58 60 65 / 41 56 63 72 / 43 58 62 70 / 39 58 63 67 / 45 -58 -63 -67 / 46 58 65 -63 / 62 -46 -58 -65 / 56 -46 -62 -65 / 48 55 63 -62 <END> 
<S> 46 53 62 65 / 55 58 63 67 / 56 65 -58 -63 / 39 58 63 67 / 41 68 -58 -63 / 46 58 62 65 / 44 -46 -62 -65 / 39 55 58 63 / 51 58 63 67 / 50 60 65 -58 / 48 51 63 67 <END> 
<S> 44 60 65 -63 / 58 62 -44 -65 / 60 -44 -53 -65 / 43 62 -53 -65 / 63 67 -53 -61 / 44 60 62 -67 / 61 -44 -60 -67 / 44 60 65 / 36 64 -60 -67 / 41 60 65 68 / 46 -60 -65 -68 / 48 60 64 68 / 50 58 65 -68 / 51 58 63 67 / 62 -51 -58 -67 / 51 60 63 67 <END> 
<S> 44 60 63 65 / 45 61 -63 -65 / 47 62 65 67 / 47 65 -65 -68 / 48 60 64 67 / 53 60 68 74 / 55 59 67 74 / 65 -55 -59 -74 / 48 60 63 72 / 50 58 70 77 <END> 
<S> 60 60 67 75 / 55 -60 -67 -75 / 53 68 77 -60 / 59 67 -53 -77 / 51 60 67 75 / 53 -60 -75 -75 / 55 59 74 77 / 56 60 -74 -77 / 55 60 75 58 / 53 68 74 77 / 51 63 75 79 / 56 63 77 78 / 55 75 -63 50 <END> 
<S> 53 60 68 74 / 55 75 -60 -68 / 56 60 71 77 / 62 -56 -60 -77 / 55 58 -62 -65 / 60 63 -55 -58 / 53 56 60 68 / 55 58 70 -60 / 49 56 65 / 48 55 -49 -65 / 44 53 60 65 / 41 -53 -55 -60 / <END> 
<S> 56 60 65 72 / 55 70 -60 -72 / 53 68 72 -60 / 55 59 67 74 / 60 -55 -67 -74 / 56 60 65 -74 / 53 -60 -65 -70 / 55 59 67 -65 / 60 63 -55 -67 / 53 62 65 -55 / 60 -53 -65 -65 / 58 62 65 70 / 56 60 65 72 <END> 
<S> 56 60 63 / 55 60 65 / 53 62 -60 -65 / 60 -53 -60 -65 / 58 62 -53 -65 / 51 60 63 67 / 53 62 65 -67 / 63 -53 -67 -72 / 62 65 -53 -72 / 60 63 -53 -72 / 58 62 65 -72 / 60 64 67 72 / 62 65 -67 -72 <END> 
<S> 56 60 65 72 / 55 -60 -65 -72 / 53 60 68 72 / 55 63 70 -60 / 58 61 67 / 68 -58 -61 / 55 60 63 70 / 53 -58 -63 -70 / 51 58 63 67 / 56 60 63 -51 / 53 56 60 68 / 55 59 50 -68 <END> 
<S> 58 62 65 70 / 63 -58 -70 -70 / 68 77 -63 -70 / 62 70 -65 / 60 63 68 75 / 58 65 70 74 / 56 -65 -70 -74 / 55 67 70 75 / 53 -67 -70 -75 / 51 65 72 77 / 50 -65 -72 -77 / 63 70 79 -53 / 52 55 -70 -79 / 53 60 68 77 / 59 -53 -68 -77 <END> 
<S> 53 65 68 72 / 63 72 -53 -68 / 55 58 67 -72 / 56 60 65 -72 / 58 64 67 74 / 56 60 65 72 / 65 74 -56 -60 / 55 60 67 75 / 53 -60 -67 -75 / 55 60 67 74 / 59 -55 -67 -74 / 48 63 67 72 / 60 -63 -67 -72 <END> 
<S> 60 63 67 72 / 59 62 -67 -72 / 60 57 67 72 / 55 -67 -72 / 54 57 69 74 / 55 62 67 71 / 55 62 67 71 / 53 -62 -67 -71 / 51 63 67 72 / 48 -63 -67 -72 / 55 62 67 70 / 60 63 67 / 58 -60 -63 -67 <END> 
<S> 48 63 67 72 / 55 67 71 74 / 60 67 72 75 / 62 65 70 77 / 63 70 79 / 62 -63 -70 -79 / 60 63 72 79 / 58 -63 -72 -79 <END> 
<S> 60 63 72 80 / 62 65 -72 -80 / 63 79 -65 -72 / 63 -72 70 / 57 63 72 77 / 58 62 70 77 / 57 63 72 -77 / 65 68 71 -77 / 63 67 70 75 / 62 65 -70 -74 <END> 
<S> 58 63 70 79 / 62 66 -70 -79 / 55 63 70 79 / 57 72 -63 -70 / 58 62 65 74 / 67 -58 -62 -74 / 56 60 68 75 / 55 -60 -68 -75 / 53 68 77 -60 / 55 60 -68 -77 / 56 60 68 77 / 58 -56 -68 -77 / 53 68 74 77 / 72 -53 -68 -77 <END> 
<S> 56 60 68 77 / 53 -60 -68 -77 / 55 60 67 75 / 53 -60 -67 -75 / 51 60 67 75 / 53 72 74 -67 / 55 67 71 74 / 65 -55 -71 -74 / 48 63 72 / 70 -48 -63 -72 / 53 65 68 72 / 67 -53 -65 -72 / 48 63 69 72 / 55 62 67 70 <END> 
<S> 48 63 67 72 / 60 63 72 79 / 58 65 74 80 / 56 -65 -71 -74 / 55 67 70 75 / 65 68 -55 -75 / 53 63 68 72 / 62 -53 -68 / 63 -53 -68 -77 / 58 62 70 79 / 63 -58 -70 -79 / 65 77 -58 -70 / 67 75 -58 -65 / 56 63 72 77 / 58 -63 -72 -77 / 57 65 72 77 / 55 70 75 79 <END> 
<S> 53 65 68 72 / 63 -53 -68 -72 / 46 62 65 70 / 55 58 67 75 / 57 60 -67 -75 / 58 62 65 74 / 63 67 -58 -74 / 53 65 68 72 / 71 74 -53 -65 / 55 67 72 75 / 53 -67 -72 -75 / 55 62 71 74 / 67 -55 -71 -74 / 48 63 67 72 / 60 -63 -67 -72 <END> 
<S> 53 65 69 72 / 60 -53 -69 -72 / 46 62 70 74 / 48 63 69 75 / 65 -48 -69 -75 / 46 65 70 74 / 43 -65 -70 -74 / 55 65 70 75 / 53 -65 -70 -75 / 51 65 70 77 / 50 -65 -70 -77 / 51 63 70 79 / 62 77 -51 -70 / 56 60 72 75 / 55 70 -60 -75 <END> 
<S> 55 58 70 75 / 53 68 -58 -75 / 51 63 67 79 / 44 -51 -67 -79 / 50 77 -67 -72 / 48 63 72 75 / 65 -63 -72 -75 / 77 63 67 -72 / 62 65 -67 -72 / 60 63 67 75 / 58 -60 -67 -75 / 56 72 77 / 55 63 75 -72 / 53 65 74 -72 / 75 -53 -65 -72 <END> 
<S> 56 65 68 72 / 55 -65 -68 -72 / 53 60 68 -67 / 62 65 -53 -68 / 63 79 -48 -65 / 53 58 62 -65 / 60 63 -53 / 57 62 -60 -63 / 58 62 65 -62 / 67 60 -58 -65 / 63 57 62 72 / 53 69 -62 -72 / 55 62 67 70 / 53 -62 -67 -70 / 51 60 67 70 / 53 -60 -67 -70 <END> 
<S> 57 60 65 72 / 58 -65 -72 / 60 57 66 -72 / 70 -57 -60 -66 / 53 60 68 77 / 62 -53 -68 -77 / 60 63 67 79 / 59 62 -67 -79 / 60 67 72 75 / 59 -67 -72 -75 / 57 60 72 77 / 55 62 71 79 / 60 63 72 77 <END> 
<S> 60 67 75 / 55 60 67 75 / 43 59 65 74 / 72 75 -59 / -68 67 63 67 / 65 68 -51 -77 / 39 67 70 75 / 51 60 -67 -75 / 53 60 69 -67 / 55 62 67 71 / 59 65 -55 -71 <END> 
<S> 63 67 70 -51 / 50 65 -67 -70 / 48 67 72 -65 / 63 -48 -67 -72 / 56 65 71 74 / 55 67 72 75 / 65 -55 -72 -75 / 56 60 72 75 / 58 -56 -72 -75 / 56 60 72 77 / 55 67 75 -72 <END> 
<S> 56 60 72 77 / 58 70 74 -77 / 53 72 75 79 / 55 67 74 -79 / 58 65 74 79 / 55 63 70 79 / 53 68 -63 -70 / 51 60 67 -70 / 50 58 65 70 / 48 56 -65 -70 / 46 58 65 70 / 62 -46 -58 -70 / <END> 
<S> 55 70 75 / 53 60 -70 -75 / 56 65 72 -75 / 55 71 74 -75 / 56 72 75 / 51 63 -72 -75 / 53 68 72 77 / 74 -53 -68 -77 / 55 70 75 79 / 56 72 -70 -75 / 58 74 77 -70 / 75 -58 -62 -77 / 51 63 70 77 / 55 67 75 -77 <END> 
<S> 63 68 72 77 / 53 -68 -68 -77 / 51 63 70 79 / 55 82 -63 -79 / 56 60 77 -63 / 62 -56 -60 -77 / 58 60 67 77 / 56 60 65 77 / 55 58 67 75 / 53 60 68 77 / 62 -53 -68 -77 / 51 63 67 79 / 55 58 -67 -79 / 57 60 -67 77 <END> 
<S> 53 60 68 75 / 55 67 70 74 / 65 -55 -70 -74 / 56 63 72 / 55 -63 -72 / 53 68 72 44 / 51 65 -72 -80 / 50 65 71 -77 / 51 63 70 79 / 62 -63 -70 -79 / 48 63 68 72 / 67 -63 -63 -72 <END> 
<S> 58 62 65 74 / 56 60 -65 -74 / 55 67 70 75 / 53 68 74 77 / 55 75 -74 -77 / 56 74 -68 -77 / 72 -56 -68 -77 / 55 67 70 75 / 53 -67 -70 -75 / 51 65 70 77 / 53 -65 -70 -77 / 63 70 79 / 62 -70 -75 -79 / 60 72 75 79 / 58 -72 -75 <END> 
<S> 53 63 68 72 / 55 62 70 -68 / 56 60 65 72 / 53 65 68 72 / 74 -53 -65 -68 -74 / 80 -68 -68 / 67 70 -51 / 50 63 -67 -70 / 48 65 68 72 / 47 -65 -68 -74 / 48 60 67 75 / 58 62 -67 -75 / 56 60 68 77 / 55 75 -60 -68 <END> 
<S> 48 67 72 75 / 56 -67 -72 -77 / 55 67 71 74 / 53 60 -67 -74 / 52 59 67 79 / 53 -59 -67 -74 / 48 60 67 75 / 72 -48 -67 -75 / 55 67 71 74 / 50 -67 -71 -74 / 51 67 72 / 57 65 -67 -72 / 55 62 67 70 / 75 -55 -62 -70 / 53 60 68 72 / 55 58 67 -72 <END> 
<S> 48 67 72 75 / 50 65 72 77 / 71 -50 -65 -77 / 51 67 72 75 / 53 -67 -72 -75 / 55 67 71 74 / 51 67 70 79 / 60 -51 -70 -79 / 58 62 70 77 / 56 60 72 77 / 55 67 71 -60 <END> 
<S> 48 63 72 77 / 51 70 75 79 / 53 72 77 -63 / 62 71 -53 -77 / 51 63 72 79 / 60 -63 -72 -79 / 59 65 74 -72 / 67 71 -62 -74 / 60 63 67 75 / 69 -60 -63 -75 / 58 65 70 74 <END> 
<S> 56 72 77 -64 / 57 60 -72 -77 / 58 74 77 -68 / 67 75 -58 -74 / 54 69 74 75 / 55 67 72 75 / 58 -67 -72 -75 / 56 63 72 77 / 55 75 -63 -72 / 53 65 70 74 / 51 63 70 79 / 55 67 70 75 <END> 
<S> 48 67 75 75 / 65 -48 -67 -75 / 67 -48 -67 -76 / 53 65 68 72 / 51 63 67 72 / 55 65 68 74 / 59 62 67 77 / 60 63 67 / 58 62 -60 -67 / 53 57 62 72 / 60 -57 -69 -72 / 55 62 67 70 / 48 63 67 70 / 50 58 65 68 <END> 
<S> 60 63 72 -67 / 62 65 -67 -72 / 63 67 70 / 57 61 -67 -70 / 53 60 65 68 / 58 62 -65 -68 / 51 58 63 67 / 48 60 63 -67 / 56 -48 -63 / 55 63 -48 -63 / 39 56 60 65 / 58 62 65 / 53 68 -62 -65 <END> 
<S> 56 60 63 72 / 65 -56 -60 -72 / 55 62 67 70 / 48 64 67 -70 / 53 59 65 68 / 51 60 63 67 / 53 68 -60 -63 / 51 58 60 67 / 61 -51 -58 -67 / 52 58 60 67 / 41 -51 -60 -67 / 43 50 58 65 / 39 55 59 -50 / 51 55 60 67 / 50 65 -55 -60 <END> 
<S> 50 58 65 -62 / 51 58 67 -65 / 63 -51 -58 -67 / 46 60 65 -63 / 62 -46 -58 -65 / 56 -46 -62 -65 / 48 55 60 64 / 46 -55 -60 -64 / 45 53 60 65 / 63 -45 -53 -60 / 46 53 62 -60 / 58 -46 -53 -60 / 41 53 60 -58 / 57 -53 61 / <END> 
<S> 46 55 62 70 / 48 53 56 -62 / 46 55 58 63 / 44 53 60 65 / 43 55 59 -65 / 42 57 60 63 / 62 -42 -57 -60 / 43 55 59 62 / 51 58 60 67 / 53 57 60 69 / 51 55 -60 -69 <END> 
<S> 41 56 60 62 / 43 55 59 -60 / 53 -43 -59 -62 / 51 51 55 60 / 48 60 63 67 / 50 -60 -63 -67 / 51 58 63 67 / 53 56 65 68 / 51 55 63 70 / 49 55 68 -70 / 53 68 -51 -67 / 44 -53 -67 -68 / 46 65 -51 -68 / 48 67 -65 / 64 -48 -67 -70 <END> 
<S> 56 60 63 72 / 58 62 68 -63 / 51 58 67 75 / 51 58 67 74 / 55 67 70 75 / 56 65 70 72 / 67 -56 -65 -70 / 58 62 65 68 / 60 63 67 75 / 69 -60 -63 -75 / 55 65 71 74 / 62 67 71 <END> 
<S> 51 63 67 72 / 62 -51 -67 -72 / 51 60 65 72 / 63 -60 -72 / 69 -60 -63 -72 / 58 65 74 / 60 67 75 / 67 -60 -70 -75 / 58 68 74 77 / 75 -58 -68 -77 / 56 70 72 77 / 68 -56 -72 -77 / 55 67 72 77 / 53 68 -72 -77 / 51 67 72 79 / 77 -51 -67 -70 <END> 
<S> 58 70 74 77 / 68 77 -58 -77 / 60 67 72 75 / 74 -60 -67 -72 / 53 65 69 72 / 63 -53 -69 -72 / 46 62 65 70 / 55 63 70 75 / 56 60 68 77 / 55 67 70 75 / 53 68 74 77 / 55 67 75 75 / 72 -55 -67 -75 <END> 
<S> 58 62 65 77 / 60 75 -55 -65 / 55 58 70 77 / 53 68 -63 -77 / 51 63 70 79 / 72 -51 -63 -79 / 56 65 74 77 / 55 75 -65 -77 / 53 74 70 55 / 51 63 72 79 / 53 60 68 77 / 70 -53 -60 -77 / 55 60 69 77 / 53 -60 -69 -75 <END> 
<S> 56 65 77 / 51 67 75 79 / 53 68 77 74 / 55 67 74 -74 / 43 71 -67 -74 / 65 -43 -71 -74 / 48 72 55 63 / 60 63 67 72 / 58 62 -67 -72 / 56 60 65 72 / 55 67 -63 -72 / 53 60 68 77 / 62 -53 -68 -77 <END> 
<S> 56 63 72 -48 / 55 -56 -63 -72 / 53 56 68 74 / 46 -53 -68 -74 / 48 67 72 75 / 50 65 72 74 / 55 63 70 -74 / 53 72 -63 -70 / 55 63 70 41 62 56 65 -70 / 63 -56 -60 -70 / 53 62 65 70 / 60 -62 -65 -70 / 55 65 70 72 / 56 -65 -70 <END> 
<S> 53 56 65 74 / 72 -53 -56 -65 / 55 58 67 75 / 65 -55 -58 -75 / 56 60 63 75 / 55 58 -63 -75 / 53 56 65 74 / 50 58 -65 -74 / 51 58 63 67 / 55 -51 -63 -67 / 48 56 65 68 / 53 58 -65 -68 / 51 58 67 70 / 65 -51 -58 -70 / 46 67 -58 -70 / 48 68 -58 -67 45 <END> 
<S> 55 58 63 70 / 53 -58 -63 -70 / 55 63 68 72 / 53 68 74 -72 / 51 70 72 75 / 55 68 74 -72 / 67 75 -55 -72 / 54 69 74 -48 / 72 -54 -60 -66 / 55 62 67 70 / 75 -55 -62 -67 / 51 63 67 72 / 69 -51 -63 -72 / 50 58 65 74 / 51 67 75 -58 / 60 -51 -67 -70 <END> 
<S> 55 63 70 75 / 53 -63 -70 -70 / 51 63 70 -70 / 53 -63 -70 -70 / 62 65 69 -70 / 71 -53 -62 -70 / 55 67 72 -62 / 57 60 -67 -72 / 55 59 62 67 <END> 
<S> 50 62 65 71 / 62 -50 -62 -71 / 55 60 62 67 / 53 57 -62 -67 / 50 59 62 67 / 60 -50 -62 -67 / 43 62 65 -53 / 50 59 -43 -65 / 51 60 63 67 / 48 -58 -63 -67 / 43 55 63 70 / 62 -43 -55 -70 <END> 
<S> 48 55 60 63 / 46 -55 -60 -63 / 44 56 60 65 / 43 -56 -60 -65 / 41 62 65 -56 / 58 63 -62 -68 / 56 62 63 -62 / 53 56 -62 -70 / 51 55 63 70 / 53 -55 -63 -70 / 51 60 68 -67 / 57 -51 -60 -67 / 43 60 67 -67 / 62 65 -43 -67 / 63 -43 -67 -67 / 60 65 -43 -67 / 59 62 -43 -67 / 48 55 63 67 / 60 -51 -67 -70 / 53 60 65 68 / 46 58 65 -68 / 56 -46 -65 / 47 55 -65 74 <END> 
<S> 48 60 63 68 / 43 55 -60 -63 / 62 65 -55 -60 / 59 -55 -62 -65 / 60 -50 -59 -65 / 43 55 60 62 / 53 62 -43 -60 / 59 -43 -53 -62 / 41 -50 -59 -60 / 43 55 59 62 / 51 55 60 / 47 55 62 / 48 55 60 63 -48 58 50 56 60 65 / 55 59 62 67 / 53 57 63 72 / 62 -53 -56 -72 <END> 
<S> 41 48 60 68 / 50 53 -60 -68 / 51 55 63 -60 / 59 62 -43 -55 / 55 60 63 69 / 53 -55 -60 -69 / 51 60 67 / 50 58 -67 -67 / 65 -50 -55 -67 / 48 55 63 70 / 60 -48 -63 -68 / 56 -48 -60 -63 / 41 55 60 67 / 58 65 68 -50 / 53 56 65 72 / 55 58 67 74 <END> 
<S> 48 56 65 68 / 63 -48 -48 -68 / 47 62 67 68 / 44 60 67 75 / 43 58 70 75 / 63 68 72 -58 / 62 65 -68 -72 / 60 63 67 75 / 58 62 -67 -75 / 56 60 72 77 / 55 70 -60 -77 / 53 60 67 79 / 76 -53 -60 -79 / 53 62 72 74 / 55 59 71 -74 / 65 -55 -59 -74 <END> 
<S> 56 60 65 77 / 58 -56 -63 -77 / 60 63 66 -50 / 55 59 67 / 55 59 67 / 60 63 70 79 / 58 -63 -70 -79 / 56 63 72 77 / 58 65 70 -77 / 74 -58 -65 -70 / 67 72 75 / 74 -65 -70 / 53 63 69 72 / 65 -53 -69 -72 <END> 
<S> 58 65 74 / 75 -58 -65 -74 / 56 65 72 75 / 74 -56 -65 -72 / 55 63 70 75 / 53 65 68 -70 / 51 67 67 -70 / 50 48 -67 -70 / 65 -47 -50 -67 / 48 60 63 67 / 46 -60 -63 -67 / 45 53 65 -60 / 47 55 62 67 <END> 
<S> 48 63 67 72 / 50 -63 -67 -72 / 51 62 67 70 / 53 -62 -67 -70 / 55 58 67 74 / 57 60 -67 -74 / 58 62 67 74 / 72 -58 -62 -67 / 48 64 67 72 / 50 65 -67 -72 / 51 67 72 -67 / 53 -67 -72 -75 / 55 67 71 74 / 51 58 70 79 / 55 -58 -70 -79 / 60 -55 -70 -79 <END> 
<S> 48 67 72 75 / 60 -67 -72 -75 / 67 70 74 77 / 66 -70 -74 -77 / 72 -70 -75 / 55 62 71 74 / 51 67 72 79 / 50 65 69 77 / 71 -50 -65 -77 / 48 67 72 75 / 53 68 74 77 <END> 
<S> 53 69 72 77 / 60 67 72 75 / 74 -60 -67 -72 / 53 68 72 75 / 74 -53 -68 -72 / 55 70 74 79 / 56 -70 -74 -79 / 58 70 75 77 / 68 -58 -74 -77 / 55 67 72 75 / 77 -55 -67 -72 / 56 67 72 / 65 -57 -72 -72 <END> 
<S> 56 68 72 77 / 58 -68 -72 -77 / 60 67 72 75 / 69 -60 -72 -75 / 59 68 74 77 / 60 67 -74 -77 / 59 68 74 77 / 55 67 -74 -77 / 60 67 75 -74 / 58 -60 -67 -75 / 56 60 72 77 / 55 -60 -72 -77 <END> 
