<S> 51 55 60 / 53 -55 -60 / 51 53 57 -60 / 50 59 62 -53 / 48 55 60 63 / 63 -48 -55 -63 / 46 58 65 -63 / 62 -46 -58 -65 / 51 58 63 67 / 60 65 69 -51 / 50 62 65 70 / 52 67 -62 -70 / 53 60 65 69 / 54 63 -60 -69 / 55 62 67 -60 / 46 58 -62 -67 <END> 
<S> 46 62 67 -58 / 45 60 65 -67 / 58 62 65 / 57 64 -46 -65 / 47 55 62 67 / 48 60 63 67 / 58 -48 -64 -67 / 53 56 65 / 55 58 -49 -65 / 53 56 60 / / 53 60 65 / 44 53 60 65 / 43 55 59 62 <END> 
<S> 56 60 65 / 53 55 59 65 / 48 55 60 67 / 55 59 62 67 / 53 60 63 68 / 56 65 -53 -68 / 46 62 67 -65 / 63 -46 -62 -67 / 62 65 -62 / 60 -43 -62 -62 / 55 62 62 / 53 60 -62 -70 / 55 59 62 / 53 -55 -59 -62 <END> 
<S> 58 62 65 / 56 60 63 / 59 -56 -60 -63 / 56 60 62 65 / 60 -56 -60 -65 / 55 59 62 67 / 55 58 62 70 / 53 -55 -62 -70 / 51 55 67 72 / 48 57 65 -72 / 55 59 67 74 / 48 60 67 75 / 48 60 67 74 / 50 59 65 -74 <END> 
<S> 55 62 67 71 / 53 62 65 71 / 51 63 -65 -71 / 48 63 66 72 / 47 62 67 / / 60 65 69 -51 / 55 62 67 71 / 51 67 72 -62 / 57 60 65 -72 / 55 59 67 74 / 48 60 67 75 / 53 60 65 68 <END> 
<S> 51 63 67 72 / 56 62 66 -72 / 60 67 -56 -72 / 55 59 67 74 / 60 63 68 / 58 62 67 70 / 68 -58 -62 -62 / 63 67 -58 -62 / 65 56 60 65 / 62 -56 -65 -68 / 60 63 67 -65 / 59 62 -67 / 55 60 67 75 <END> 
<S> 62 65 70 -56 / 55 -62 -65 -70 / 53 60 65 70 / 51 -60 -65 -70 / 53 60 65 69 / 58 62 -53 -65 / 55 58 63 70 / 57 60 -63 -67 / 46 58 62 70 / 55 58 63 70 / 53 68 -58 -63 / 51 63 67 70 / 53 -63 -67 -70 <END> 
<S> 55 63 68 70 / 61 -63 -68 -70 / 60 63 68 -70 / 65 -60 -63 -68 / 57 60 -65 -70 / 55 59 65 67 / 60 -55 -67 / 53 62 -60 -67 / 59 62 67 -55 / 53 -59 -62 -67 / 51 60 67 -65 / 53 62 65 69 / 51 63 -65 -69 / 50 62 65 70 / 51 60 63 67 <END> 
<S> 55 60 62 / 54 60 63 69 / 46 62 65 70 / 53 -62 -65 -70 / 51 55 63 70 / 60 -51 -55 -70 / 41 56 60 68 / 62 -41 -56 -68 / 43 55 63 67 / 44 60 65 -63 / 58 62 -44 -65 / 56 60 63 / -53 55 -60 -63 / 53 62 -60 43 55 59 62 -48 / 50 57 60 64 / 48 -55 -60 -64 <END> 
<S> 56 60 63 72 / 55 -60 -63 -72 / 53 62 68 -72 / 68 -53 -56 -68 / 55 63 67 70 / 65 -55 -67 -70 / 53 67 68 72 / 55 -67 -68 -72 / 53 65 70 72 / 56 -65 -70 <END> 
<S> 53 60 65 68 / 51 58 63 67 / 49 -58 -63 -67 / 56 60 63 65 / 53 56 62 65 / 60 -53 -56 -65 / 53 55 59 62 / 60 -53 -55 -62 / 43 55 60 64 / 55 59 62 / 48 55 60 64 <END> 
<S> 44 60 63 / 43 59 62 -63 / 39 55 60 67 / 41 62 -55 -60 / 43 59 59 -55 / 53 -43 -59 -67 / 48 51 60 67 / 43 53 59 62 / -43 -53 -59 -62 / 51 55 60 / 50 53 65 -60 / 55 59 -50 -65 / 56 -50 -59 -65 <END> 
<S> 43 55 62 71 / 50 -55 -62 -71 / 48 55 63 72 / 50 -55 -63 -72 / 51 60 -55 -67 / 53 57 60 69 / 55 59 67 / 57 60 -67 / 43 55 60 67 / 53 62 65 -60 / 59 -43 -62 -65 / 57 60 64 / 65 -57 -60 / 43 55 59 62 <END> 
<S> 53 60 62 67 / 55 -60 -67 / 57 60 65 / 59 62 -65 / 63 60 65 / 58 62 -60 -65 / 60 62 67 / 58 -62 -67 / 57 60 65 -51 / 50 -57 -60 -65 / 51 55 58 63 / 50 -55 -58 -63 / 48 51 55 63 / 60 -48 -51 -63 <END> 
<S> 55 58 62 / 43 53 -58 -62 / 55 58 70 / 51 56 60 -70 / 41 -51 60 68 / 53 68 72 -53 / 40 -53 -68 -72 / 46 53 65 74 / 58 65 -46 -74 / 56 59 65 74 / 55 58 -65 -74 <END> 
<S> 50 53 65 70 / 51 58 63 67 / 53 56 65 68 / 58 62 -53 -68 / 56 60 65 / / 55 60 -65 / 55 58 67 75 / 53 68 -58 -75 / 55 62 70 74 / 64 67 72 0 / 65 65 -72 -72 / 63 67 -72 38 / 59 -63 -67 -72 <END> 
<S> 58 62 65 70 / 0 / 63 67 70 77 / 62 65 70 77 / 60 -65 -70 -77 / 59 67 77 -70 / 60 67 75 -77 / 55 67 74 -60 / 59 -55 -67 -74 / 56 60 67 72 / 65 -56 -60 -72 / 50 62 65 71 / 51 59 67 72 <END> 
<S> 53 68 72 74 / 55 67 71 -74 / 65 -55 -71 -74 / 48 63 67 72 / 58 65 70 74 / 56 -65 -70 -74 / 55 67 70 75 / 61 70 -55 -75 / 56 68 -61 -75 / 58 62 68 74 / 67 -58 -62 -74 / 53 65 68 74 / 63 -53 -68 -74 / 55 59 67 71 / 55 59 67 74 <END> 
<S> 56 63 68 72 / 61 65 68 -56 / 60 63 67 -56 / 55 59 67 74 / 48 60 67 75 / 58 -48 -67 -75 / 53 56 65 74 / 55 72 75 / 74 77 -65 / 55 67 72 75 / 53 -67 -72 -75 <END> 
<S> 56 60 68 72 / 55 74 -60 -68 / 53 59 68 -74 / 65 -43 -53 -74 / 48 55 63 72 / 62 -48 -55 -72 / 60 63 67 / 59 -60 -63 -67 / 57 60 65 72 / 60 -60 -65 -72 / 67 -60 -60 -72 / 58 68 74 -67 / 57 65 72 -74 / 55 70 75 79 / 53 -70 -79 -79 / 51 72 79 -79 <END> 
<S> 48 60 64 72 / 60 63 75 / 46 58 65 74 / 63 72 -58 / 55 59 67 74 / 48 60 67 75 / 50 58 65 74 / 51 58 67 75 / 53 60 68 77 / 62 -53 -68 -77 <END> 
<S> 48 63 67 72 / 62 65 -48 -72 / 63 60 67 / 59 59 67 / 68 -55 -59 -74 / 47 62 67 74 / 48 63 67 75 / 50 65 -67 -75 / 51 67 72 75 / 53 -67 -72 -75 <END> 
<S> 48 60 67 75 / 55 60 67 72 / 56 71 -67 -56 / 72 -56 -67 / 45 65 -56 -72 / 47 62 65 -56 / 48 55 60 64 / 44 56 60 65 / 55 67 -51 -63 / 50 63 67 / 46 58 62 -67 / 56 60 63 72 / 55 70 -60 -63 -72 <END> 
<S> 48 55 60 63 / 46 -55 -60 -63 / 44 56 60 63 / 43 -56 -60 -63 / 41 56 62 65 / 60 -41 -56 -65 / 53 56 59 62 / 68 -53 -56 -62 / 55 63 -50 -59 / 57 -43 -55 -63 / 39 55 59 62 / 45 -55 -59 -62 / 48 51 55 60 / 48 51 63 -60 / 50 53 58 -63 / 55 -50 -53 -62 / 39 55 58 63 / 51 55 58 67 <END> 
<S> 41 56 60 62 / 43 55 59 -62 / 53 -43 -59 -62 / 36 51 55 60 / 48 60 63 67 / 50 -60 -63 -67 / 51 60 67 / 58 -51 -67 / 57 60 65 -51 / 50 58 62 -65 / 51 58 63 67 / 50 -58 -63 -67 <END> 
<S> 48 60 63 67 / 55 58 63 70 / 53 56 65 72 / 51 55 67 70 / 50 65 -67 -70 / 48 63 67 72 / 53 62 65 -72 / 51 60 67 72 / 63 -51 -67 -72 / 41 68 74 77 / 72 -68 -74 -68 / 51 67 -68 -74 / 67 72 -43 -67 / 65 69 -55 -72 <END> 
<S> 56 60 63 72 / 55 -60 -63 -72 / 53 65 68 72 / 55 67 -65 -72 / 56 65 -67 / 58 65 74 / 45 60 -65 -74 / 70 74 -60 -65 / 59 68 75 -53 / 60 -53 -68 -74 / 75 -53 -60 -68 / 46 58 65 74 / 48 63 -58 75 / 50 65 70 77 / 51 63 70 79 <END> 
<S> 53 60 65 69 / 63 -53 -60 -69 / 46 62 65 70 / 48 63 68 75 / 47 68 74 77 / 67 -47 -74 -77 / 55 67 72 75 / 53 -67 -72 -75 / 55 62 71 74 / 65 -55 -71 -74 / 48 63 67 72 / 65 74 -48 -58 <END> 
<S> 53 67 74 / / 72 75 -67 / 55 65 74 -72 / 71 -55 -65 -74 / 48 67 72 75 / 55 59 67 74 <END> 
<S> 68 74 -58 / 59 67 -74 -74 / 60 67 75 -74 / 51 -60 -67 -75 / 53 60 69 77 / 60 -53 -69 -77 / 55 59 67 -74 / 60 63 72 / 62 74 -60 / 58 65 75 <END> 
<S> 56 60 63 72 / 65 74 -56 -60 / 55 60 67 75 / 53 -60 -67 -75 / 55 60 67 74 / 59 -55 -67 -74 / 65 72 -55 -59 / 48 55 64 72 <END> 
<S> 63 67 70 / 62 65 -67 -70 / 60 63 67 75 / 62 -60 -67 -75 / 53 60 68 77 / 55 60 67 75 / 56 68 74 65 / 51 63 72 79 / 50 65 72 77 / 71 -50 -65 -77 <END> 
<S> 56 60 68 77 / 55 62 75 79 / 53 63 70 79 / 51 58 -70 -79 / 56 60 72 77 / 55 70 -60 -77 / 53 65 69 72 / 71 74 -53 -65 / 48 67 72 75 / 60 68 74 77 <END> 
<S> 56 60 72 77 / 55 -60 -72 -77 / 53 60 70 79 / 52 -60 -70 -79 / 53 60 68 77 / 55 59 67 79 / 56 60 72 -79 / 58 62 70 77 / 68 -62 -65 -77 / 63 70 75 79 / 63 -70 -75 -79 / 58 70 77 -63 / 62 -58 -70 -77 / 63 70 79 -58 55 62 65 70 82 <END> 
<S> 53 65 72 80 / 74 -53 -65 -80 / 55 58 75 79 / 56 60 -75 -79 / 58 62 74 77 / 68 -58 -62 -77 / 60 67 75 -62 / 58 -60 -67 -75 / 53 57 72 74 / 55 58 67 -74 / 57 60 65 68 / 50 59 -65 -68 / 60 65 68 / 48 -60 -65 -68 <END> 
<S> 53 60 68 74 / 55 70 -60 -74 / 56 60 66 74 / 72 -56 -60 -65 / 55 59 67 74 / 55 59 67 74 / 60 67 74 / 58 64 67 72 <END> 
<S> <END> 
<S> 56 60 64 72 / 65 74 -60 -72 <END> 
<S> 72 -57 -65 / 47 62 67 70 / 48 60 67 76 / 61 -48 -67 -76 <END> 
<S> 53 60 69 / 58 -53 -60 -69 / 48 60 67 68 / 64 -48 -60 -67 / 54 57 62 74 / 62 -54 -57 -74 <END> 
<S> 0 / 43 59 64 67 / 45 60 65 69 / 47 -60 -65 -69 / 48 60 64 67 / 59 -48 -64 -67 <END> 
<S> 67 70 -48 -64 / 50 60 67 69 / 59 -50 -67 -69 / 52 58 67 70 / 64 -55 -58 -70 / 56 60 69 77 / 59 62 -69 -77 <END> 
<S> 58 62 65 74 / 67 -58 -62 -74 / 54 69 -62 -74 / 72 -54 -62 -69 / 55 62 67 70 / 53 -62 -67 -70 / 52 60 67 72 / 58 -52 -67 -72 / 53 57 65 72 / 51 58 65 -72 <END> 
<S> 60 64 67 / 58 -60 -64 -67 / 57 60 65 / 55 58 64 67 / 53 56 65 68 / 58 62 -53 -68 / 48 60 64 67 / 60 72 -64 -67 / 44 60 65 / <END> 
<S> 56 60 65 / 55 59 67 / 55 60 67 74 / 53 59 62 67 / 51 60 63 -67 / 50 62 65 -67 / 48 63 67 / 55 62 -48 -67 / 60 53 59 62 / 55 60 63 / 53 -55 -60 -63 / 55 60 62 / 43 59 -62 -55 / 53 -43 -59 -62 <END> 
<S> 48 60 63 67 / 58 62 -48 -67 / 53 56 60 65 / 51 55 58 67 / 50 55 58 70 / 48 54 63 69 / 46 53 62 70 / 48 63 -53 -68 / 46 58 62 65 <END> 
<S> 53 63 69 -67 / 62 -53 -69 / 60 -53 -69 -72 / 46 62 65 70 / 48 63 69 / 60 63 69 -48 / 46 -60 -63 -69 / 45 60 65 69 / 63 -45 -60 -69 / 46 65 -60 -69 / 48 60 63 67 / 46 -60 -63 -67 <END> 
<S> 43 60 63 -67 / 58 62 -43 -67 / 56 60 65 -51 / 53 58 65 / 56 -53 -65 -65 / 55 58 67 -65 / 63 -55 -58 -67 / 53 60 63 68 / 58 62 -53 -68 / 51 60 67 -68 / 63 -51 -67 -68 / 65 -51 63 -68 / 67 -46 -58 -63 <END> 
<S> 55 63 -63 -70 / 56 62 65 -70 / 60 64 68 72 / 53 65 68 72 / 46 65 68 74 / 55 70 -65 -68 / 63 -55 -68 -70 / 53 -63 -68 -70 / 51 63 67 70 / 69 -51 -63 -67 / 67 75 -51 -67 / 50 65 -67 -75 / 51 67 72 75 / 53 -67 -72 -75 <END> 
<S> 48 63 68 72 / 51 -63 -68 -72 / 51 63 67 70 / 0 / 50 65 69 / 55 46 63 70 / 62 65 -46 -70 / 51 63 67 70 / 48 -63 -67 -70 / 46 61 67 -70 / 44 -61 -67 -70 / 0 / 48 60 69 75 <END> 
<S> 48 63 68 / 61 -48 -63 -67 / 51 63 67 70 / 65 -51 -63 -70 / 46 58 63 70 / 62 -46 -58 -70 / 56 60 63 72 / 55 70 -60 -63 / 53 60 68 -67 / 65 -53 -60 -68 / 48 60 65 67 / 58 -48 -65 -67 / 49 56 65 / 53 49 58 -65 / 64 -49 -53 -58 <END> 
<S> 56 60 65 72 / 58 -56 -65 -72 / 60 64 67 / 48 -60 -67 -76 / 53 60 68 77 / 53 60 67 75 / 55 59 62 74 / 55 63 71 / 62 -55 -71 / 48 60 67 72 / 63 -60 -67 -72 <END> 
<S> 54 60 63 69 / 55 59 62 67 / 55 67 71 74 / 60 67 72 75 / 59 -67 -72 -75 / 57 67 72 77 / 71 -67 -72 -77 / 68 72 74 / 55 -68 -72 -74 / 53 70 68 74 / 51 67 70 -74 / 50 72 -67 -70 / 55 62 -67 -72 / 71 -55 -62 -67 <END> 
<S> 56 72 -67 -72 / 65 -56 -72 -72 / 63 -56 -72 -72 / 55 62 71 74 / 56 60 64 72 / 74 -56 -60 -63 / 55 59 67 75 / 53 56 -67 -75 / 51 55 67 70 / 50 65 -67 -70 / 48 64 67 72 / 60 65 74 -72 / 55 67 75 -60 / 53 60 -67 -75 / 55 59 65 74 / 56 72 -59 -74 <END> 
<S> 51 67 72 75 / 53 -67 -72 -75 / 55 67 71 74 / 51 58 67 79 / 53 60 -58 -79 / 55 59 70 74 / 53 68 74 / 51 58 67 75 / 65 -51 -58 -75 / 51 63 67 72 / 50 65 70 74 / 48 63 67 72 / 53 68 74 -72 <END> 
<S> 55 58 67 75 / 53 68 -58 -75 / 55 63 70 74 / 56 72 -63 -70 / 58 65 68 74 / 53 75 -65 -68 / 77 -53 -65 -70 / 55 67 70 75 / 65 -55 -70 -75 / 56 63 68 72 / 62 -56 -65 -72 / 60 63 67 72 / 58 62 -67 -72 / 56 60 65 72 / 55 74 -65 -72 <END> 
<S> 56 63 72 / 65 74 -56 -72 / 55 67 71 74 / 53 68 -71 -74 / 51 67 72 75 / 50 -67 -72 -75 / 55 67 74 -72 / 65 -55 -72 -74 / 63 -70 -72 / 62 70 -56 52 / 55 63 75 79 / 62 65 74 -79 / 60 67 75 79 / 58 -67 -75 -79 <END> 
<S> 51 63 70 -67 / 53 -63 -70 / 55 63 -63 -70 / 56 -63 -63 -70 / 55 65 70 -63 / 46 62 -65 -70 / 51 63 70 -70 / 63 -51 -70 -70 / 50 65 69 77 / 71 -50 -65 -77 / 48 67 72 75 / 53 68 74 -72 / 50 67 71 -74 / 55 67 72 58 / 70 -55 -67 -75 <END> 
<S> 55 67 72 75 / 53 -67 -72 -75 / 55 67 71 74 / 65 -55 -71 -74 / 48 63 67 72 / 53 65 70 74 / 75 -53 -65 -70 / 77 -53 -65 -70 / 55 63 70 79 / 56 -63 -70 -79 / 58 63 70 77 / 62 -58 -70 -77 / 68 -58 -62 -77 / 51 58 67 75 / 58 62 70 77 <END> 
<S> 53 56 72 77 / 53 70 75 -77 / 51 65 72 79 / 50 -58 -72 -79 / 48 62 72 79 / 50 -62 -72 -79 / 51 67 75 79 / 53 -67 -74 -79 / 51 67 72 79 / 53 -67 -72 -79 / 55 67 71 74 / 60 67 72 75 <END> 
<S> 56 72 75 / 53 68 -72 -75 / 55 62 71 74 / 65 -55 -71 -74 / 48 55 63 72 / 51 67 70 75 / 56 65 72 77 / 53 68 72 -77 / 55 70 75 79 / 53 68 77 -75 / 74 -53 -68 -77 / 70 -53 -68 -74 <END> 
<S> 53 65 68 74 / 63 72 -53 -68 / 55 62 67 70 / 65 -55 -62 -70 / 56 60 63 72 / 55 -60 -63 -72 / 53 68 -60 -72 / 59 62 -53 -68 / 63 67 -53 -62 / 51 60 66 69 / 67 59 68 / 50 62 -67 -71 / 51 60 67 68 / 53 59 -67 -68 / 74 -53 -59 -68 / 48 60 63 75 / 58 62 -48 -75 <END> 
<S> 51 63 67 72 / 68 -51 -63 -72 / 50 -59 -67 -72 / 48 60 67 75 / 53 -60 -67 -75 / 55 59 67 74 / 56 72 77 / / 74 -56 -68 / 55 62 67 72 / 48 63 67 70 / 50 65 -67 -70 / 51 60 67 72 / 56 -60 -67 -72 / 55 62 67 71 / 53 -62 -67 -71 <END> 
<S> 48 63 67 72 / 68 -48 -63 -67 / 50 65 67 70 / 51 66 69 36 / 63 67 70 -51 / 72 -51 -63 -67 / 53 63 68 72 / 51 70 -63 -68 / 55 63 70 -70 / 56 67 -63 -70 / 58 65 68 74 / 53 -65 -68 -74 / 55 67 70 75 / 53 68 49 -75 <END> 
<S> 53 65 68 72 / 63 -53 -68 -72 / 58 62 68 70 / 67 -58 -62 -74 / 56 63 72 / 55 65 -72 / 63 67 72 -72 / 53 65 68 -72 / 63 -53 -68 -72 / 61 65 68 / 60 63 67 -49 / 50 65 -60 -68 / 51 58 67 75 / 53 60 68 77 / <END> 
<S> 56 65 68 72 / 58 -65 -68 -72 / 60 67 72 / 64 -60 -72 / 53 65 68 74 / 53 63 68 -74 / 62 65 68 -74 / 64 67 72 -55 / 65 -45 -67 -72 / 43 62 67 71 / 55 59 62 67 <END> 
