<S> 48 64 67 72 / 55 59 67 74 / 60 67 76 / 59 62 67 74 / 57 64 69 72 / 66 -57 -69 -72 / 55 62 67 71 / 50 62 67 69 / 66 -50 -62 -69 / 55 59 62 67 <END> 
<S> 57 64 69 72 / 66 -57 -69 -72 / 55 62 67 71 / 50 62 66 69 / 55 59 62 67 / 52 60 67 / 57 60 65 69 / 53 59 65 69 / 64 67 -53 -69 / 62 -53 -67 -72 / 60 64 67 71 / 59 65 -67 -71 / 60 64 67 72 / 62 65 -67 -72 <END> 
<S> 58 64 67 / 62 65 -58 -67 / 60 64 67 / 59 62 -67 -67 / 60 66 69 -62 / 55 59 64 71 / 55 59 67 74 / 60 67 76 / 59 62 67 77 / 57 64 -62 -67 / 55 62 65 69 / 53 -62 -65 -69 / 64 67 71 / 65 -52 -67 -71 <END> 
<S> 59 67 74 / 55 -59 -67 -74 / 60 67 76 / 69 -60 -76 / 62 78 -67 -72 / 64 71 -69 / 64 68 -64 -71 / 57 62 66 71 / 59 62 67 -71 / 60 64 69 72 / 62 -64 -69 -72 / 64 71 69 -64 / 56 64 71 -71 <END> 
<S> 57 64 72 / 62 71 -57 -72 / 60 62 69 -77 / 59 62 71 77 / 64 76 -71 / 57 60 69 77 / 59 62 -69 -77 / 60 64 67 76 / 65 69 -60 -76 / 53 67 71 74 / 52 67 72 / 50 65 69 74 / 71 -50 -65 -74 / 48 64 72 76 / 50 65 77 -72 <END> 
<S> 57 60 69 77 / 59 62 -69 -77 / 60 64 67 76 / 53 65 69 -76 / 65 67 71 74 / 64 -67 -71 -74 / 62 67 72 76 / 77 -50 -62 -72 / 55 62 71 79 / 56 64 71 -79 / 57 60 72 81 / 62 -57 -72 -81 / 81 64 71 79 / 62 65 71 -79 <END> 
<S> 67 72 79 / 66 69 74 / 59 62 -69 -69 / 67 71 -57 -67 / 50 66 69 74 / 55 59 67 74 / 54 57 62 74 / 52 64 -57 -74 / 50 54 62 71 / 64 -50 -62 -71 / 51 66 69 / 43 67 -62 -67 / 47 62 67 69 / 48 64 67 71 / 72 -48 -64 -67 <END> 
<S> 55 64 69 / 59 -55 -64 -69 / 54 57 62 69 / 59 62 -54 -69 / 52 55 60 67 / 59 62 -55 -67 / 57 69 -55 -60 / 55 62 67 70 / 54 63 69 72 / 66 -54 -69 -72 / 55 62 67 71 / 52 55 62 71 <END> 
<S> 54 62 69 / 62 -54 -54 -69 / 55 62 71 / 50 55 -71 -71 / 51 55 60 72 / 52 55 60 -72 / 50 53 69 -60 / 48 51 60 67 / 47 62 -55 -67 / 45 48 60 65 / 47 55 62 67 / 48 55 60 64 <END> 
<S> 47 55 62 67 / 48 55 60 64 / 50 59 65 -55 / 48 55 60 64 / 47 55 62 65 / 57 -47 -55 -62 / 47 50 55 62 / 53 -50 -55 -62 / 48 55 62 -62 / 60 -48 -55 -62 / 43 59 62 -55 <END> 
<S> 50 62 65 71 / 47 50 -65 -71 / 48 52 60 67 / 55 52 60 67 / 53 69 -60 -67 / 55 59 65 -53 / 52 -55 -59 -65 / 47 55 62 -55 / 53 -47 -55 -62 / 48 52 55 64 / 50 53 -55 -64 / 52 55 64 / 53 57 -55 -64 / 55 59 62 / 53 -55 -59 / 52 55 59 62 / 50 -55 -59 -62 / 48 55 60 64 / 52 -55 -60 -64 <END> 
<S> 50 53 57 65 / 59 -50 -53 -65 / 52 55 60 64 / 53 -55 -60 -64 / 55 59 62 / 53 55 61 64 / 52 -55 -61 -64 / 50 57 62 65 / 59 -50 -62 -65 / 57 60 64 / 55 59 -60 -64 / 53 57 60 62 / 59 -53 -53 -62 / 52 55 60 64 / 47 -55 -60 -64 / 48 53 62 65 / 47 -53 -62 -65 <END> 
<S> 50 57 62 65 / 59 -50 -62 -65 / 52 55 60 64 / 54 57 -60 -64 / 55 59 62 / 52 59 64 67 / 62 -52 -59 -67 / 45 57 60 65 / 47 55 62 -65 / 48 55 60 64 / 47 55 62 65 / 48 55 60 64 / 47 62 -55 -60 / 45 57 60 64 / 43 -57 -60 -64 <END> 
<S> 48 55 60 64 / 55 59 -48 -63 / 41 57 60 -55 / 43 55 59 62 / 44 53 57 60 / 36 52 55 60 / 38 53 57 60 / 40 52 55 -60 / 50 55 -52 -60 / 47 55 67 / 49 49 66 69 / 50 50 62 70 / 52 55 60 72 / 53 59 62 67 <END> 
<S> 48 55 57 60 / 41 50 -57 -60 / 43 55 59 62 / 41 53 57 60 / 51 52 72 -57 / 55 -52 -57 -72 / 53 57 60 69 / 59 62 -53 -69 / 48 60 64 67 / 58 -48 -64 -67 / 49 57 64 69 / 67 -49 -57 -64 / 50 57 66 -64 / 62 -50 -57 -66 / 52 60 64 67 / 53 60 -60 -64 <END> 
<S> 50 57 60 65 / 59 -50 -57 -65 / 45 57 60 64 / 43 55 64 -60 / 41 57 60 62 / 43 55 59 -62 / 53 -43 -59 -62 / 36 52 55 60 / 48 60 64 67 / 50 60 65 69 / 52 -60 67 -65 / 47 62 65 -67 / 48 60 64 69 <END> 
<S> 48 60 64 -55 / 48 55 60 64 / 47 55 62 65 / 48 55 64 -62 / 60 -48 -55 -64 / 41 56 62 -60 / 59 -41 -53 -62 / 43 52 55 60 / 53 62 -43 -60 / 45 55 60 76 / 43 57 -60 -72 / 50 53 -60 -69 / 48 55 71 -60 / 41 52 -59 -62 / 38 48 57 60 / 41 52 57 -60 / <END> 
<S> 45 48 60 65 / 47 50 -60 -65 / 48 52 55 64 / 50 53 57 -64 / 52 55 64 71 / 53 62 -64 -71 / 52 60 64 67 / 57 60 64 -67 / 65 -57 -60 -72 / 55 59 62 67 / 64 -55 -59 -67 / 50 57 62 66 / 43 59 62 67 / 55 62 67 71 <END> 
<S> 55 59 62 67 / 53 57 -62 -67 / 52 55 60 67 / 50 53 -60 -67 / 52 55 60 67 / 55 59 -52 -67 / 53 57 60 69 / 59 62 -53 -69 / 48 60 64 67 / 58 -48 -64 -67 / 53 56 60 / 52 55 59 67 <END> 
<S> 50 57 64 65 / 62 -50 -57 -65 / 45 57 62 64 / 43 57 61 -64 / 41 57 62 65 / 40 55 59 67 / 60 -40 -52 -67 / 41 62 69 -60 / 43 59 -62 -69 / 64 -43 -59 -62 / 48 55 60 64 / 0 <END> 
<S> 38 57 62 65 / 44 59 -38 -65 / 43 57 60 64 / 41 53 60 62 / 40 55 59 62 / 50 57 60 64 / 59 62 -57 -64 / 52 57 60 64 / 50 53 -60 -64 / 55 59 62 -50 / 53 -55 -59 -62 <END> 
<S> 47 57 62 65 / 47 55 -62 -65 / 48 55 60 64 / 48 52 60 67 / 41 50 -60 -67 / 48 52 60 67 / 50 52 -60 -67 / 52 55 60 67 / 53 -55 -60 -67 / 55 59 62 / 55 -55 -59 -62 / 38 53 62 -55 / 53 57 -50 -62 <END> 
<S> 53 60 62 69 / 50 53 -60 -69 / 55 59 62 67 / 64 -55 -60 -67 / 54 60 62 69 / 59 62 67 76 / 52 60 -67 -69 / 53 59 67 74 / 52 -59 -67 -74 / 50 60 67 76 / 55 -60 -67 -76 / 52 60 67 79 / 53 -60 -67 -79 / 55 60 67 74 / 72 -55 -60 -67 / 55 59 74 -67 / 65 -55 -59 -74 <END> 
<S> 60 67 76 / 55 -60 -67 -76 / 55 67 74 -60 / 59 -55 -67 -74 / 48 64 67 72 / 60 64 67 72 / 59 62 67 79 / 60 67 76 / 59 -60 -67 -76 / 56 60 72 77 / 62 71 79 -77 / 72 76 -62 -77 / 59 67 74 77 / 55 67 71 74 / 65 71 74 <END> 
<S> 59 62 74 79 / 67 -59 -74 -79 / 60 67 76 79 / 62 69 78 -79 / 70 -62 -78 -79 / 65 74 81 58 / 64 70 43 41 57 62 72 77 / 56 59 -62 -77 / 57 64 72 76 / 57 65 72 77 / 59 65 67 -77 / 60 65 69 77 / 60 72 -69 -77 <END> 
<S> 57 60 69 77 / 59 67 76 -77 / 60 67 76 -76 / 59 74 -67 -76 / 57 72 76 -74 / 71 -57 -76 -76 / 57 69 72 -76 / 77 -57 -69 -72 / 59 67 74 79 / 72 77 -67 47 52 67 79 / 50 -52 -67 -79 / 52 67 72 79 / 53 -67 -72 -79 / 55 67 71 74 / 52 67 73 79 / 65 -52 -52 -79 <END> 
<S> 52 67 72 79 / 50 65 -72 -79 / 52 67 79 79 / 53 -67 -79 -79 / 62 67 72 -79 / 66 -62 -72 -79 / 55 67 71 74 / 55 67 71 79 / 72 -52 -67 -79 / 53 62 71 79 / 52 60 72 79 / 50 65 77 -72 / 71 -50 -65 -77 <END> 
<S> 52 67 72 79 / 50 69 74 -79 / 71 -50 -67 -79 / 51 67 72 81 / 62 -67 -72 -76 / 55 67 71 76 / 53 65 69 81 / 52 62 67 71 / 50 -62 -67 -71 / 48 62 67 72 / 60 66 69 74 / 59 67 74 / 55 67 71 -74 <END> 
<S> 50 62 67 71 / 51 66 -62 -71 / 51 59 66 72 / 55 59 62 74 / 52 60 64 70 / 57 60 65 -60 / 53 60 65 / 53 58 62 65 / 53 55 60 63 / 48 55 60 65 / 47 55 62 65 <END> 
<S> 55 62 67 71 / 53 60 65 69 / 62 65 -53 -69 / 60 63 67 / 62 65 -60 -67 / 60 63 67 / 59 -60 -67 / 60 65 68 -51 / 58 62 67 70 / 68 -58 -62 -65 / 63 67 -58 -62 / 57 60 -63 -70 <END> 
<S> 56 60 65 / 55 -56 -60 -65 / 53 56 65 72 / 46 53 -65 -72 / 44 65 72 / 48 64 67 -72 / 50 65 68 77 / 51 60 67 79 / 53 60 68 77 / 62 -53 -68 -77 / 55 63 67 75 / 56 65 74 65 <END> 
<S> 51 58 67 75 / 48 63 70 / 55 65 70 72 / 63 -55 -70 -74 / 56 63 70 72 / 55 -63 -70 -75 / 53 65 68 72 / 60 74 -53 -65 / 48 60 67 75 / 55 67 70 -75 / 56 68 72 77 / 58 -67 -72 -77 <END> 
<S> 60 68 77 -51 / 75 -48 -60 -68 / 55 59 67 74 / 53 -59 -67 -74 / 51 58 67 75 / 58 65 74 -51 -58 / -58 -65 -74 / 63 72 -58 / 62 66 -72 / 63 69 -72 / 67 71 -63 / 62 65 69 / 60 63 -65 -69 / 59 62 67 74 / 60 67 75 / <END> 
<S> 63 67 70 -63 / 62 -63 -67 -70 / 60 63 67 -70 / 58 62 -67 -70 / 57 60 65 72 / 50 -60 -65 -72 / 51 58 67 / 53 60 69 -67 / 62 65 -55 -69 / 60 63 67 -55 / 62 77 -60 -67 / 60 75 -67 / 58 62 67 74 / 56 65 72 48 / 55 67 71 <END> 
<S> 56 60 63 72 / 65 74 -56 -60 / 51 58 67 75 / 53 68 74 77 / 55 67 74 / 65 71 -55 -74 / 43 59 67 72 / 48 55 63 72 / 55 62 67 71 <END> 
<S> 55 63 67 72 / 56 62 -67 -72 / 60 -56 -67 -72 / 55 65 74 -60 / 59 -55 -65 -74 / 48 60 64 75 / 53 60 65 68 / 52 64 67 67 / 58 65 -67 -72 / 56 63 72 / 41 -63 -72 <END> 
<S> 41 60 68 68 / 55 -60 -68 -68 / 53 60 65 68 / 0 / 48 60 64 67 / 53 60 65 69 / 51 60 65 67 / 58 62 -65 -67 <END> 
<S> 44 60 65 / 60 -44 -65 -60 / 46 62 -65 -65 / 63 -46 -65 / 63 46 58 62 / 51 56 63 67 / 65 -43 -55 -63 / 45 60 63 65 / 46 58 62 -65 / 56 -46 -62 -65 / 39 55 58 63 <END> 
<S> 46 62 65 / 55 63 -46 -65 / 56 65 63 -46 / 45 60 -63 -65 / 58 65 70 -63 / 62 -55 -58 -70 / 53 60 63 68 / 58 65 -53 -68 / 51 67 -53 -65 / 63 -51 -58 -67 / 44 60 65 68 / 46 58 62 68 <END> 
<S> 53 60 65 68 / 51 58 63 67 / 68 -58 -63 -67 / 46 63 65 70 / 62 -46 -65 -70 / 51 58 67 -65 / 60 63 -51 -67 / 53 62 65 70 / 46 -53 -65 -70 / 55 58 63 70 / 62 -55 -58 -70 / 56 60 63 72 / 55 58 -63 -72 / 53 56 65 74 / 63 -53 -56 -74 <END> 
<S> 51 63 68 -58 / 50 -58 -63 -68 / 48 63 68 -58 / 46 61 -63 -70 / 44 -46 -63 -70 / 46 62 65 70 / 51 63 67 70 / 61 -51 -67 -70 / 52 60 67 70 / 53 60 65 68 / 58 64 -53 -68 / 51 56 60 65 / 48 52 -60 -65 <END> 
<S> 51 58 67 -65 / 63 -51 -58 -67 / 44 60 65 72 / 63 -44 -60 -72 / 46 62 65 70 / 48 63 67 / 68 -51 -67 -63 / 50 58 65 70 / 48 63 -58 -70 / 50 65 69 77 / 71 -50 -62 -77 / 52 55 72 60 / 54 57 -72 -72 <END> 
<S> 55 58 67 70 / 53 60 -67 -70 / 69 -53 -60 -67 / 59 62 67 -53 / 51 60 67 -67 / 62 -51 -67 -67 / 48 63 69 -67 / 50 62 66 -69 / 60 -50 -66 -69 / 55 59 62 67 / 51 60 67 <END> 
<S> 50 62 65 71 / 48 63 67 72 / 48 63 67 72 / 60 69 -48 -72 / 54 62 71 74 / 60 63 67 72 / 62 -60 -67 -72 / 60 65 67 74 / 59 -65 -67 -74 <END> 
<S> 57 60 64 72 / 55 59 67 74 / 53 -59 -67 -74 / 51 60 67 75 / 53 -60 -67 -75 / 55 60 67 74 / 68 72 -55 -60 / 43 59 67 74 / 65 -43 -59 -74 <END> 
<S> 56 60 67 72 / 65 -56 -60 -72 / 55 62 67 70 / 53 -62 -67 -70 / 51 63 67 72 / 53 69 -67 -72 / 55 62 67 71 / 48 60 67 75 / 63 -48 -60 -75 / 53 60 68 74 / 55 72 -60 -68 / 56 60 68 71 / 62 -56 -60 -65 <END> 
<S> 48 63 67 72 / 60 63 -48 -67 / 53 56 65 68 / 62 67 -56 -65 / 53 60 68 68 / 51 -60 -68 -68 / 50 59 67 -65 / 60 63 -59 -67 / 60 65 -51 -67 / 46 58 65 68 / 67 -46 -58 -65 / 47 65 68 74 / 62 -47 -68 -68 <END> 
<S> 60 63 67 / 51 60 -60 -67 / 53 56 60 65 / 55 59 62 -53 / 51 55 60 63 / 57 -51 -60 -64 / 55 58 62 / 53 -50 -58 -62 / 48 51 58 67 / 50 53 58 -67 / 51 55 60 -67 / 50 59 -60 -67 <END> 
<S> 48 51 55 63 / 50 -48 -55 -63 / 48 51 55 63 / 46 53 62 65 / 44 51 60 67 / 43 50 58 70 / 48 55 63 -70 / 53 56 60 68 / 50 55 65 -68 / 46 58 62 -65 / 58 -46 -62 -65 <END> 
<S> 51 58 67 / 55 -51 -58 -67 / 44 60 63 72 / 46 53 62 -72 / 39 55 58 62 / 36 55 -58 -62 / 43 53 60 -55 / 53 62 -43 -60 / 59 -43 -53 -62 / 44 51 60 -59 / 41 51 60 -60 / 43 50 59 -60 / 44 51 56 60 <END> 
<S> 41 60 48 62 / 43 55 59 -62 / 53 -43 -59 -62 / 36 51 55 60 / 48 60 63 67 / 50 62 -60 -67 / 51 55 60 -67 / 53 59 62 67 / 51 55 60 -67 / 63 56 62 71 / 55 59 62 67 <END> 
<S> 48 55 63 72 / 50 -55 -63 -72 / 51 55 63 / 57 60 -55 -63 / 58 62 65 -55 / 53 59 62 67 / 51 60 63 -67 / 56 62 65 -51 / 55 63 67 / 53 65 68 / 51 67 72 / 55 -51 -67 -72 / 50 65 68 -72 <END> 
<S> 56 60 63 72 / 55 58 -63 -72 / 53 56 68 74 / 58 -53 -68 -74 / 51 60 68 77 / 50 58 -68 -77 / 51 70 79 -65 / 63 -51 -70 -79 / 70 77 -51 -70 / 62 67 -70 <END> 
<S> 51 63 67 72 / 53 -63 -67 -72 / 55 62 67 71 / 56 63 71 / 62 -56 -67 -71 / 57 60 67 72 / 65 -57 -60 -72 / 60 67 -65 / 60 65 -60 -67 / 58 -60 -65 -67 / 60 68 -65 / 60 64 67 / 62 74 -60 -67 <END> 
<S> 61 67 70 / 55 65 -67 -70 / 61 67 48 -70 / 53 60 68 68 / 51 -53 -60 -68 / 49 58 65 -68 / 48 56 -65 -68 / 46 58 62 68 / 44 60 -58 -68 / 43 59 62 67 / 45 60 -55 -67 / 47 62 67 -55 / 43 59 65 -67 / 48 55 60 63 / 44 51 55 -63 / 41 56 62 -56 / 55 -41 -56 -62 / 39 55 55 59 / 51 63 -55 / 50 55 58 65 <END> 
<S> 48 55 60 63 / 56 -48 -60 -63 / 43 55 60 63 / 53 62 -56 -60 / 55 59 -43 -62 / 53 -43 -59 -62 / 48 51 55 60 / 48 60 63 67 / 50 62 65 70 / 51 63 67 -70 / 53 62 65 69 / 47 -53 -65 -69 / 48 63 67 69 / 45 60 -65 -69 / 46 58 65 70 / 60 -46 -65 -70 <END> 
<S> 48 60 63 67 / 50 -60 -63 -67 / 51 58 62 / 70 -44 -51 -58 / 53 60 65 / / 58 63 -53 / 54 62 62 -46 / 39 55 58 63 / 53 56 60 65 / 58 -53 -60 -65 / 51 60 67 / 53 -60 -67 / 51 55 67 72 / 50 65 70 -55 <END> 
<S> 44 60 65 -63 / 58 -44 -63 -65 / 62 -44 -58 -65 / 60 63 -41 -65 / 46 58 62 65 / 53 56 60 68 / 62 -53 -56 -68 / 51 55 63 67 / 49 56 65 / -79 -46 58 -65 / 44 58 65 / 63 -46 -58 -65 / 46 62 65 70 / 65 -46 -62 -70 / 51 58 63 67 / 50 65 -58 -67 <END> 
<S> 44 60 65 / 63 -44 -60 -65 / 46 62 -65 / 46 58 63 -46 / 44 56 60 63 / 46 61 65 -56 / 39 51 67 -58 / 53 -39 -58 -67 / 41 48 56 65 / 47 63 -56 -65 / 48 62 -56 -65 / 39 55 58 63 / 44 51 60 63 <END> 
<S> 39 51 56 63 / 47 55 62 65 / 45 60 -55 -62 / 43 47 55 62 / 43 55 59 62 / 48 55 60 63 / 50 58 65 -55 / 48 56 63 / 43 55 60 -63 / 41 53 62 -60 / 43 55 59 -62 / 53 -43 -59 -62 <END> 
<S> 48 50 55 63 / 51 60 -55 -63 / 54 57 62 -60 / 58 62 -54 -57 / 57 55 59 62 / 55 -55 -59 -62 / 48 53 60 -55 / 53 62 -48 -55 / 55 60 63 -48 / 50 65 -55 -60 / 51 55 60 67 / 58 -52 -55 -67 / 53 56 60 68 / 51 58 -60 -67 / 50 53 59 68 / 62 -53 -58 -68 / 51 58 63 67 <END> 
<S> 48 55 60 63 / 50 55 58 -63 / 51 60 67 / 53 57 60 65 / 55 59 62 67 / 55 60 62 67 / 53 59 62 67 / 51 60 65 68 / 50 58 65 70 <END> 
<S> 55 59 62 67 / 60 -55 -67 / 62 -55 -60 -67 / 43 59 62 67 / 48 60 63 67 / 50 65 -60 -67 / 51 55 63 67 / 60 -51 -67 / 53 60 68 74 / 59 -53 -68 -74 / 51 60 67 72 / 56 59 65 74 <END> 
<S> 56 60 67 72 / 65 -56 -60 -72 / 55 62 67 70 / 53 -62 -67 -70 / 51 63 67 72 / 53 65 69 -72 / 46 65 69 74 / 58 65 70 74 / 56 -65 -70 -74 / 55 70 75 79 / 51 -55 -70 -75 <END> 
<S> 46 58 65 74 / 67 -58 -74 / 65 -58 -70 -74 / 51 63 67 72 / 53 65 68 -72 / 55 63 67 -70 / 62 65 -55 -70 / 60 63 -55 -70 / 53 62 -60 -70 / 51 60 67 -60 / 53 -60 -67 -70 / 55 62 67 71 / 43 63 69 72 / 62 -43 -53 -72 / 55 60 62 70 / 59 -55 -62 -71 <END> 
<S> 54 60 63 72 / 62 -54 -60 -72 / 55 62 67 71 / 48 55 64 67 / 62 -48 -55 -67 / 53 57 60 69 / 51 55 -60 -69 / 50 53 65 70 / 51 58 67 / 53 57 60 65 / 59 62 67 -53 / 52 60 67 -67 <END> 
