<S> 48 63 67 75 / 50 -63 -67 -75 / 51 63 67 72 / 53 -63 -67 -72 / 55 62 67 70 / 53 -62 -67 -70 / 51 63 67 72 / 50 65 71 74 / 48 67 72 75 / 51 -67 -72 -75 / 53 68 74 -72 / 55 67 71 -74 / 65 -55 -71 -74 / 48 63 67 72 / 60 67 72 75 <END> 
<S> 48 67 72 75 / 51 -67 -72 -75 / 53 68 74 -72 / 55 67 71 -74 / 65 -55 -71 -74 / 48 63 67 72 / 60 67 72 75 / 58 -67 -72 -75 / 56 60 72 75 / 55 70 -60 -75 / 53 60 68 74 / 55 59 67 -74 / 56 60 67 72 / 65 -56 -60 -72 <END> 
<S> 56 63 72 / 55 65 -63 -72 / 56 62 65 72 / 60 -56 -65 -72 / 55 59 67 74 / 60 63 67 / 65 68 -60 / 58 67 -65 / 56 60 64 72 / 53 65 68 -72 / 46 65 70 74 / 63 -46 -70 -70 / 53 65 68 -70 / 39 63 67 70 / 61 -51 -67 -70 <END> 
<S> 53 57 65 74 / 58 63 67 -74 / 56 65 68 72 / 58 64 -68 -72 / 74 -65 -68 -72 / 75 67 0 / 65 70 -56 -72 / 56 68 72 / 65 -56 -72 / 64 -56 -68 -72 / 55 62 67 72 / 43 -55 -67 -72 / 65 -43 -55 -71 / 48 55 63 72 / <END> 
<S> 59 67 74 -63 / 65 -59 -67 -74 / 55 60 67 72 / 62 -55 -67 -72 / 48 64 67 72 / 53 65 68 72 / 55 63 70 42 / 57 62 66 -75 / 43 59 67 74 / 55 59 62 50 53 53 62 67 <END> 
<S> 56 63 65 72 / 62 -56 -65 -72 / 51 60 67 75 / 58 -52 -67 -75 / 53 56 65 68 / 58 67 -53 -65 / 49 56 65 74 / 49 58 64 67 / 52 60 65 68 / 50 58 -65 -68 / 51 67 -58 -65 / 63 -51 -58 -67 <END> 
<S> 49 58 65 68 / 50 58 -65 -68 / 51 58 67 -65 / 50 63 -58 -67 / 57 60 65 -63 / 47 -57 -60 -65 / 48 55 60 64 / 59 -48 -55 -64 / 43 55 58 63 / 53 -43 -58 -63 / 55 59 62 / 53 56 60 <END> 
<S> 48 55 60 63 / 46 -55 -60 -63 / 44 56 60 65 / 43 50 59 67 / 55 58 62 67 / 53 56 -62 -67 / 51 55 63 67 / 60 -51 -55 -67 / 50 53 65 -60 / 59 -50 -53 -65 / 51 55 60 / 53 62 -55 -60 / 50 55 60 -62 / 50 -55 -60 -62 / 55 59 -50 -62 / 43 55 59 62 / 48 55 60 63 / 56 -48 -60 -63 <END> 
<S> 55 59 62 / 53 55 -55 -62 / 51 55 -55 -60 / 53 60 -55 -60 / 59 -53 -55 / 55 71 -43 -55 / 48 52 60 -55 / 45 53 60 65 / 51 58 63 / 50 58 -63 57 / 51 63 -58 -63 / 53 57 60 -63 / 55 58 62 -63 / 53 56 62 65 / 58 -53 -56 -62 / 53 57 -53 -60 / 55 -53 -57 -60 / 46 53 62 -55 / 58 -46 -53 -62 <END> 
<S> 50 53 58 65 / 55 -50 -58 -65 / 46 53 62 -58 / 53 57 60 / 46 51 58 61 / 51 58 67 / 50 -58 65 / 48 56 60 63 / 46 -48 -56 -63 / 41 53 56 62 / 43 55 58 -62 / 44 60 -55 / 43 59 62 -55 / 39 55 60 63 <END> 
<S> 48 51 55 63 / 46 62 -55 -63 / 44 60 65 -55 / 46 -56 -60 -65 / 34 58 62 65 / 39 58 63 67 / 51 58 63 67 / 50 65 -58 -67 / 48 63 67 72 / 50 62 65 71 / 51 67 -65 -71 / 53 59 -67 -71 / 51 60 67 72 / 50 62 -67 -72 / 48 63 -67 -72 / 53 65 68 -72 / 60 -53 -65 -72 <END> 
<S> 55 62 67 70 / 53 -62 -67 -70 / 51 60 67 72 / 50 -60 -67 -72 / 48 65 67 74 / 47 -65 -67 -74 / 48 63 67 75 / 62 -48 -67 -75 / 50 60 65 74 / 59 -50 -65 -74 / 51 63 67 72 / 56 62 65 -72 / 60 -56 -65 -72 / 55 59 67 74 / 60 63 67 / 65 68 -55 -60 <END> 
<S> 51 63 67 72 / 56 -63 -67 -72 / 65 -50 -56 -72 / 55 62 67 71 / 48 63 67 72 / 50 57 65 74 / 55 58 67 75 / 57 60 65 77 / 59 62 67 -77 / 60 63 68 75 <END> 
<S> 46 62 65 70 / 63 -46 -70 -70 / 62 65 69 77 / 60 63 69 -77 / 59 62 -63 -69 / 60 63 69 75 / 62 65 70 77 / 63 -65 -70 -77 / 65 68 72 39 55 67 70 75 <END> 
<S> 53 62 68 77 / 60 63 67 -53 / 59 62 68 77 / 51 60 67 75 / 55 59 67 74 / 48 63 67 72 / 62 74 -48 -67 / 60 75 -67 <END> 
<S> 56 60 63 72 / 65 74 -56 -60 / 51 67 72 75 / 53 -67 -72 -75 / 55 67 71 74 / 48 67 72 75 / 50 -67 -72 -75 / 51 67 72 75 / 53 -67 -72 -75 / 55 67 70 75 / 56 60 68 -75 / 58 62 70 -68 / 63 67 -58 -70 / 53 65 68 72 / 51 74 -65 -72 / 50 71 -65 -74 / 51 67 72 / 50 65 -72 / 48 67 -65 -72 <END> 
<S> 56 60 68 77 / 55 75 -60 -68 / 53 68 74 -60 / 59 -43 -68 -74 / 48 60 67 75 / 53 60 68 74 / 51 -60 -68 -74 / 50 59 68 74 / 67 -50 -59 -74 / 48 55 63 72 / 56 60 65 -72 / 58 67 70 74 / 53 -58 -67 -74 <END> 
<S> 50 59 67 74 / 48 67 75 -67 / 50 -67 -67 -71 / 51 60 67 72 / 70 -60 -67 / 53 65 69 72 / 53 -65 -69 -72 / 63 -53 -69 -72 / 46 62 65 70 / 0 / 63 67 70 77 / 61 -67 -70 <END> 
<S> 53 60 65 68 / 58 62 -53 -65 / 48 55 63 72 / 46 -55 -63 -72 / 44 56 60 72 / 43 58 70 75 / 41 53 65 -75 / 74 -53 -65 -68 / 51 58 63 67 / 55 58 65 70 / 60 63 68 -55 <END> 
<S> 46 65 68 -61 / 62 74 -46 -68 / 63 -46 -68 -74 / 65 69 -58 -74 / 63 67 70 -55 / 65 -43 -61 -70 / 56 60 72 -70 / 55 58 70 75 / 53 68 -58 -75 / 51 58 67 75 / 44 72 -51 -75 / 50 65 72 74 / 71 -50 -65 -74 <END> 
<S> 55 62 67 70 / 53 -62 -67 -70 / 51 63 67 72 / 50 65 74 / 51 67 75 / 53 -67 -72 -75 / 55 67 71 74 / 53 -67 -71 -74 / 51 63 72 79 / 53 -63 -72 -79 / 55 62 71 74 / 56 60 71 <END> 
<S> 48 63 67 72 / 68 -48 -63 -67 / 50 65 67 70 / 52 62 67 -70 / 53 60 65 68 / 55 67 -60 -65 / 56 60 65 -60 / 53 60 -60 -65 / 58 62 65 68 / 46 62 -65 -68 / 51 58 63 67 / 53 68 -58 -63 / 55 62 63 70 / 53 68 -63 <END> 
<S> 53 60 65 68 / 51 -60 -65 -68 / 50 58 -65 -68 / 46 -58 -65 / 63 -46 -58 -70 / 48 60 63 69 / 50 -60 -63 -69 / 51 58 63 67 / 50 -58 -67 -79 / 48 65 72 -58 / 63 -48 -48 -72 / 46 62 65 74 / 59 -50 -65 -74 / 48 60 63 72 / 48 63 72 79 <END> 
<S> 51 60 67 72 / 53 -60 -67 -72 / 55 62 65 71 / 48 63 67 72 / 60 63 67 72 / 59 62 67 79 / 58 67 77 / 60 75 -67 / 58 62 67 74 / 65 68 -46 -74 <END> 
<S> 62 68 77 / 60 63 75 / 55 58 -63 -75 / 56 60 65 77 / 50 62 -65 -77 / 60 63 67 -53 / 58 -60 -67 -75 / 53 56 68 74 / 55 58 -68 -74 / 56 60 68 72 / 50 -60 -68 -72 <END> 
<S> 56 60 63 72 / 55 -60 -63 -72 / 53 65 68 72 / 55 67 71 75 / 65 -55 -68 -75 / 60 63 67 75 / 74 -60 -63 -75 / 53 60 68 75 / 65 -53 -68 -75 / 58 62 65 70 / 56 -62 -65 -70 / 77 -58 -62 -70 <END> 
<S> 53 57 65 74 / 55 58 -65 -74 / 56 63 72 -58 / 55 63 70 75 / 53 65 68 77 / 51 67 70 75 / 56 68 72 77 / 55 70 -68 -77 / 56 72 75 / 53 74 -72 / 55 67 71 75 / 56 65 72 -75 <END> 
<S> 53 68 77 -63 / 58 62 70 77 / 56 63 70 -77 / 65 -56 -70 / 55 58 67 70 53 56 64 68 72 / 53 65 68 72 / 74 -53 -65 -68 / 60 63 75 -68 / 67 -60 -63 -75 / 58 65 74 -75 / 68 -58 -65 -74 / 55 67 75 -74 / 72 -55 -67 -75 / 55 67 74 / 65 -55 -67 -74 <END> 
<S> 53 65 68 74 / 63 75 -53 -68 / 46 62 65 70 / 51 63 67 / 58 65 -51 -67 / 56 60 63 72 / 55 -60 -63 -72 / 53 62 68 72 / 63 -53 -68 -72 / 55 65 70 74 / 64 -55 -70 -74 / 65 -55 -70 -74 / 56 63 72 -70 / 55 67 -63 -72 / 53 65 68 72 / 51 63 -68 -72 <END> 
<S> 53 57 63 72 / 62 52 -57 -72 / 56 60 63 72 / 55 58 62 70 / 53 57 72 -70 / 68 -53 -56 -72 / 55 62 67 70 / 48 63 67 -70 / 41 56 65 68 / 58 62 -65 -68 / 60 63 67 -65 / 62 65 -67 / 60 63 67 / 53 -60 -67 -75 <END> 
<S> 46 63 67 70 / 65 -43 -63 -70 / 44 63 70 72 / 55 67 -63 -72 / 53 62 67 70 / 51 63 -67 -70 / 53 62 65 69 / 55 63 70 -69 / 53 56 65 68 / 58 -53 -65 -68 / 60 67 -65 / 64 -60 -67 / 62 65 77 -58 <END> 
<S> 56 63 67 72 / 65 -56 -63 -72 / 55 62 67 70 / 53 60 65 68 / 58 -53 -65 -68 / 48 60 65 68 / 60 64 -48 -68 / 46 58 65 68 / 60 -46 -65 -68 / 47 62 65 67 / 48 60 64 67 <END> 
<S> <END> 
<S> 46 65 68 74 / 53 -65 -68 -74 <END> 
<S> 81 -67 / 58 65 74 / 64 -58 -74 -74 / 57 65 72 75 / 55 67 70 75 <END> 
<S> 53 60 69 74 / 58 65 70 74 / 56 -65 -70 -74 / 55 67 70 74 / 56 72 -67 -70 <END> 
<S> 67 70 -56 / 55 -67 -70 / 56 65 68 72 / 53 74 -65 -68 -70 / 67 72 -53 -65 / 55 58 70 74 / 51 70 -58 -75 <END> 
<S> 48 60 68 75 / 0 / 63 67 72 79 / 65 68 74 77 / 55 -65 -74 -77 / 75 -55 -70 -74 / 53 65 70 -74 / 51 63 67 70 / 62 -51 -67 -70 <END> 
<S> 63 67 70 79 / 62 65 -70 -79 / 60 63 72 79 / 58 80 -63 -72 / 56 63 72 77 / 58 -63 -72 -77 / 57 60 72 75 / 58 65 70 74 / 53 65 70 72 / 74 -53 -65 -70 <END> 
<S> 56 63 72 77 / 60 -56 -72 -77 / 58 62 70 77 / 68 -58 -62 -77 / 51 58 67 75 / 48 60 67 75 / 55 59 67 74 / 68 -59 -67 -74 / 60 67 67 75 / 66 -60 -67 -75 <END> 
<S> 51 60 67 75 / 60 -51 -67 -75 / 53 60 68 74 / 59 -53 -68 -74 / 54 60 69 72 / 62 -54 -60 -69 / 55 62 67 70 / 52 55 -62 -70 / 53 60 67 68 / 58 65 -53 -68 / 51 67 -58 -65 / 63 -51 -58 -67 <END> 
<S> 55 60 62 70 / 62 -55 -62 -70 / 67 55 -62 -70 / 53 -62 -67 -70 / 51 60 67 72 / 48 -60 -67 -72 / 53 60 68 74 / 55 59 67 -74 / 65 -55 -67 -74 / 56 65 72 / 55 -65 -72 <END> 
<S> 55 58 67 75 / 57 60 65 77 / 59 62 67 74 / 77 -62 -67 -74 / 63 67 72 79 / 65 -67 -72 -79 / 67 70 72 79 / 53 -67 -70 -79 / 67 72 79 -53 / 58 -67 -72 -80 56 60 68 72 75 / 65 -68 -72 -75 <END> 
<S> 51 67 72 79 / 53 69 72 77 / 67 -53 -72 -77 / 54 69 72 75 / 55 67 71 74 / 65 -55 -71 -74 / 56 63 72 / 62 77 -56 -72 / 55 65 71 -77 / 72 -56 -65 74 / 55 67 71 74 / 55 67 71 74 <END> 
<S> 56 63 72 / 70 -56 -63 -72 / 55 65 70 74 / 53 -65 -70 -74 / 58 70 74 77 / 59 62 -74 -77 / 60 63 67 75 / 58 62 70 77 / 56 -62 -70 -77 / 55 62 70 77 / 53 -62 -70 -77 / 51 63 70 79 / 55 58 -70 -79 / 53 60 69 77 / 74 -53 -60 -69 <END> 
<S> 51 58 67 79 / 55 70 -51 -79 / 56 60 70 77 / 68 72 75 -60 / 58 62 70 77 / 67 -58 -62 -77 / 68 -58 -62 -77 / 51 58 67 75 / 48 60 67 75 / 55 59 67 74 / 68 -55 -59 -74 <END> 
<S> 56 60 68 77 / 58 62 70 77 / 68 -58 -62 -77 / 63 67 75 -58 / 60 68 44 59 / 62 77 -57 -60 / 60 63 -68 -77 / 59 62 67 77 / 55 -62 -67 -79 / 60 75 -55 -70 / 56 60 72 77 / 55 71 -60 -77 <END> 
<S> 56 60 63 72 / 65 -56 -60 -72 / 55 62 67 71 / 48 63 67 72 / 53 57 65 72 / 46 62 65 70 / 51 58 63 67 / 57 60 -63 -67 <END> 
<S> 58 65 70 / 63 -58 -65 -70 / 56 60 63 70 / 53 60 65 68 / 51 60 67 -68 / 53 59 68 44 / 51 60 67 -68 / 65 -51 -60 -68 / 51 58 67 -65 / 63 -51 -58 -67 <END> 
<S> 44 60 65 68 / 46 63 67 -68 / 65 -46 -63 -67 / 44 60 63 65 / 59 62 -44 -65 / 60 60 65 / 63 -44 -60 -68 / 55 59 62 67 / 60 -56 -62 -67 / 55 60 63 -67 / 53 56 62 68 <END> 
<S> 56 60 63 / 55 60 65 -63 / 53 56 62 65 / 58 63 -53 -65 / 50 53 62 -65 / 60 -50 -53 -65 / 46 58 62 65 / 51 58 63 67 / 50 -58 -63 -67 / 48 63 -58 -67 / 56 -48 -63 -67 <END> 
<S> 43 58 63 70 / 44 63 -70 -70 / 44 63 68 72 / 46 -63 -68 -72 / 48 62 67 70 / 64 -48 -67 -70 / 50 65 68 74 / 67 -50 -65 -74 / 69 -50 -56 -65 / 55 62 67 -70 / 53 60 68 72 / 74 -53 -60 -68 / 55 59 67 75 / 55 -58 -67 -75 <END> 
<S> 55 62 67 70 / 56 -62 -67 -70 / 51 55 67 70 / 53 56 65 -70 / 55 63 -53 -70 / 62 -53 -55 -70 / 55 60 63 72 / 62 -55 -60 -72 / 55 60 63 72 / 53 68 -60 -63 / 51 58 65 -68 / 50 -58 -65 -68 / 51 58 67 -65 / 63 -51 -58 -67 / 56 60 63 72 / 55 58 -63 -72 <END> 
<S> 55 58 62 67 / 56 63 -58 -67 / 56 60 65 / 55 63 -60 / 55 59 62 67 / 60 67 / 75 -60 / 58 -48 -67 -75 / 56 65 72 / 68 -56 -65 -72 / 55 63 67 72 / 60 68 -55 -67 / 43 62 67 70 / 65 -43 -62 -70 / 48 60 64 67 / 0 -60 <END> 
<S> 56 60 63 72 / 65 74 -56 -60 / 55 60 67 75 / 53 68 -60 -75 / 55 60 65 74 / 62 -55 -60 -74 / 43 59 67 75 / 65 74 -43 -59 / 63 72 -43 -59 / 60 -43 -56 -72 / 55 62 71 79 / 60 63 67 79 <END> 
<S> 48 60 63 -65 / 60 63 -48 -60 / 60 -48 -55 -60 / 47 55 62 67 / 48 55 60 63 / 58 -48 -55 -63 / 45 53 56 65 / 60 -48 -53 -65 / 46 -56 -60 -65 / 48 58 63 -51 / 44 56 60 -63 / 46 55 62 65 / 53 56 -55 -62 <END> 
<S> 45 48 60 65 / 63 -48 -48 -60 / 47 55 62 67 / 60 -47 -55 -67 / 43 55 59 62 / 67 -43 -55 -62 / 48 55 60 63 / 48 52 60 67 / 53 60 68 / 51 -53 -60 -68 / 49 56 65 68 / 58 -49 -65 -68 / 48 60 64 67 / 49 58 65 -68 <END> 
<S> 44 53 60 68 / 43 51 -53 -60 -68 / 45 65 -53 -60 / 41 53 -60 -65 / 41 60 -53 -60 / 56 59 62 -53 / 48 55 60 63 / 50 55 58 65 / 51 63 67 -58 / 53 60 -67 / 55 62 67 -60 / 59 -55 -67 -62 / 48 55 63 69 / 62 -48 -55 -69 / 60 -48 -55 -67 <END> 
<S> 48 51 63 67 / 50 53 -60 -67 / 51 55 60 67 / 48 51 -60 -67 / 50 53 65 -60 / 59 -50 -53 -65 / 51 55 60 / 47 55 62 67 / 48 55 60 63 / 50 53 65 -60 / 55 59 -50 -65 / 56 -50 -59 -65 / 51 55 60 63 / 50 -55 -60 -63 / 48 55 -60 -63 / 53 59 62 -55 <END> 
<S> 48 60 63 67 / 50 -60 -60 -67 / 52 55 60 70 / 48 62 -55 -70 / 53 56 60 68 / 58 -53 -56 -68 / 48 65 68 -53 / 47 -48 -65 -68 / 48 55 63 -70 / 41 -55 -63 -70 / 46 55 63 70 / 43 -55 -63 -70 / 48 55 63 72 / 53 56 65 72 / 51 58 67 <END> 
<S> 50 60 65 -68 / 51 58 67 / 43 -51 -58 -67 / 50 59 65 74 / 51 67 62 67 / 53 65 69 72 / 63 -53 -69 -72 / 46 62 65 70 / 55 58 67 75 / 57 60 -67 -75 / 55 58 62 65 / 53 67 -58 -62 <END> 
<S> 50 65 70 77 / 51 63 70 79 / 53 63 68 77 / 55 71 75 -77 / 56 72 74 / / 67 70 75 / 65 68 74 / 51 67 70 75 / 65 68 -46 -75 / 63 67 70 -44 / 68 -63 -67 <END> 
<S> 51 68 72 75 / 53 -68 -72 -75 / 55 67 70 75 / 56 65 -70 -75 / 58 63 68 74 / 65 -58 -68 / 63 67 -58 / 60 -51 -67 -75 / 47 62 67 74 / 56 -47 -62 -74 / 51 55 63 72 / 48 -55 -63 -72 / 47 55 62 74 / 48 60 -55 -67 <END> 
<S> 55 59 62 67 / 51 60 67 70 / 48 63 -67 -70 / 50 65 68 71 / 62 65 -50 -68 / 51 63 67 69 / 60 -51 -67 -72 / 46 65 74 -60 / 59 -38 -65 -68 / 48 60 64 67 / 69 -48 -60 -64 <END> 
<S> 46 62 67 70 / 66 -46 -62 -70 / 51 58 67 70 / 50 65 -58 -70 / 51 58 67 77 / 48 60 -67 -70 / 53 -48 -60 -67 / 51 55 60 72 / 53 68 74 -60 / 55 59 67 75 / 65 -55 -59 -74 / 48 60 63 72 / 53 60 63 70 / 56 62 65 -48 <END> 
<S> 56 60 68 72 / 55 -60 -72 -75 / 53 68 74 -60 / 55 59 67 -74 / 65 -55 -60 -74 / 56 59 67 / 53 65 68 72 / 48 64 67 72 / 55 67 71 74 / 60 67 72 75 / 53 68 72 74 / 65 -53 -68 -74 <END> 
