<S> 50 57 62 66 / 48 -57 -62 -66 / 46 58 62 67 / 45 60 66 69 / 43 62 67 70 / 42 62 69 72 / 43 62 67 70 / 38 66 69 -62 / 60 -38 -66 -69 / 43 59 62 67 / 47 55 62 67 <END> 
<S> 43 62 67 70 / 66 -43 -62 -67 / 60 63 67 -43 / 58 62 -67 / 56 60 65 75 / 55 67 -60 -75 / 53 60 68 74 / 55 59 67 -74 / 65 -55 -67 -74 / 48 63 67 72 / 50 58 70 77 <END> 
<S> 53 60 68 74 / 50 -60 -68 -74 / 55 59 67 -74 / 65 -55 -59 -74 / 48 55 63 72 / 51 63 67 79 / 60 63 69 -51 / 61 65 70 74 / 56 -65 -70 -74 / 55 70 74 -60 <END> 
<S> 53 60 65 68 / 63 -53 -60 -68 / 55 59 67 74 / 55 59 74 / 65 -55 -59 -74 / 56 60 63 72 / 74 -56 -60 -63 / 55 59 62 79 / 57 60 72 77 / 59 67 74 -77 / 60 67 76 -74 / 72 -60 -67 -76 <END> 
<S> 55 60 67 75 / 56 60 68 77 / 55 60 67 75 / 53 60 68 77 / 62 -53 -68 -77 / 51 63 67 79 / 53 57 -67 -79 / 55 59 67 74 / 55 60 67 -79 / 53 60 68 77 <END> 
<S> 56 60 63 72 / 65 74 -56 -60 / 55 67 72 75 / 53 68 74 -75 / 55 62 71 74 / 63 72 -55 -71 / 65 74 -55 -71 / 48 63 67 72 / 60 63 67 72 / 58 62 -67 -72 <END> 
<S> 48 63 67 72 / 60 63 67 72 / 58 65 74 / 56 -58 -65 -74 / 55 67 70 75 / 53 -67 -70 -75 / 51 65 70 74 / 53 -65 -70 -74 / 51 63 70 79 / 62 77 -70 -79 / 60 72 75 79 / 58 -72 -75 <END> 
<S> 58 62 70 77 / 67 -62 -70 -77 / 65 69 77 -62 / 63 70 79 77 / 62 -70 -77 / 60 63 72 75 / 55 67 74 -75 / 53 65 70 74 / 51 63 67 72 / 50 65 69 77 / 71 -50 -65 -77 / 48 67 72 75 / 55 74 -72 -75 <END> 
<S> 55 62 67 75 / 60 75 -67 / 58 62 74 / 56 60 65 75 / 55 67 75 -58 / 53 68 77 -75 / 55 74 70 -77 / 56 -68 -77 -77 / 60 68 77 -77 / 75 -60 -68 -77 / 58 74 79 -68 / 55 -58 -74 -79 / 57 65 75 77 / 58 75 -65 -81 <END> 
<S> 53 68 74 77 / 51 67 75 -60 / 56 60 72 77 / 62 70 -56 -77 / 55 63 72 75 / 53 65 74 -72 / 55 62 71 74 / 51 63 72 / 48 63 67 -72 / 65 74 -48 -67 <END> 
<S> 56 60 72 -65 / 62 -56 -60 -72 / 55 62 67 71 / 55 59 62 67 / 48 55 63 72 / 65 74 -48 -55 / 60 67 75 / 56 60 68 75 / 55 -60 -68 -75 / 53 60 68 79 / 51 -60 -68 -80 <END> 
<S> 55 60 67 75 / 56 60 68 -67 / 53 65 68 74 / 63 -53 -68 -74 / 62 65 68 -56 / 59 64 67 / 61 65 -44 -59 / 60 -48 -55 -65 / 55 60 63 -48 / 46 -55 -60 -63 <END> 
<S> 58 62 65 70 / 56 60 -65 -70 / 55 62 70 -60 / 59 -62 -65 -70 / 60 63 67 / 59 -60 -67 -75 / 57 60 65 75 / 58 62 65 74 / 46 67 75 -62 / 48 63 -67 -75 <END> 
<S> 44 60 65 77 / 60 67 75 / 58 -60 -67 -75 / 56 68 72 75 / 53 -68 -72 -75 / 55 62 71 74 / 65 -55 -71 -74 / 48 63 67 72 / 68 71 77 / 63 67 72 -77 / 65 68 74 -72 / 63 70 -68 -74 / 55 65 72 75 / 53 74 -68 55 <END> 
<S> 56 63 68 72 / 65 -56 -68 -72 / 55 61 67 70 / 53 65 68 72 / 48 64 67 72 / 60 63 72 79 / 53 63 72 80 / 55 79 -72 -80 / 56 65 71 77 / 58 62 67 75 / 60 63 51 -75 <END> 
<S> 53 63 68 72 / 60 63 -68 -72 / 56 62 67 71 / 55 59 67 74 / 67 70 -55 / 53 60 -67 -70 / 55 59 62 67 / 53 -59 -62 -67 / 51 60 63 -67 / 58 62 65 / 57 60 63 72 <END> 
<S> 55 59 62 67 / 60 67 75 / 58 -60 -67 -75 / 56 60 68 75 / 55 -60 -68 -75 / 53 60 68 77 / 51 67 -60 -77 / 59 65 67 79 / 55 -67 -79 -79 / 60 67 75 77 / 76 -60 -67 -75 / 56 60 72 77 / 53 -60 -72 -77 <END> 
<S> 60 67 75 / 58 -60 -67 -75 / 56 60 72 75 / 55 70 -60 -75 / 53 65 68 74 / 59 67 -53 -74 / 51 60 67 79 / 50 -60 -67 -79 / 48 67 72 77 / 47 -67 -72 -77 / 48 68 72 75 / 74 -48 -68 -72 / 50 65 70 59 / 53 68 72 77 / 74 -53 -68 -72 <END> 
<S> 48 63 67 72 / 60 -48 -67 -72 / 55 60 67 74 / 59 -55 -67 -74 / 53 60 67 72 / 62 -53 -67 -72 / 54 63 69 72 / 55 -63 -69 -72 / 54 62 -69 -72 / 55 62 67 71 / 60 66 69 -55 / 62 67 -60 -69 / 59 62 67 71 / 57 60 66 72 <END> 
<S> 50 62 67 71 / 66 -50 -62 -67 / 55 62 67 71 / 53 -62 -67 -71 / 51 60 67 72 / 69 -60 -63 -72 / 58 65 74 -72 / 56 65 72 75 / 55 67 74 -72 / 53 67 70 75 / 51 -67 -70 -75 / 50 65 70 74 / 68 -50 -65 -74 <END> 
<S> 55 67 70 75 / 53 68 72 77 / 55 -68 -72 -77 / 56 70 74 -77 / 68 -56 -74 -77 / 47 67 74 79 / 55 67 71 -79 / 77 -55 -70 / 56 60 67 75 / 55 -60 -67 -75 / 53 65 68 74 / 55 59 -65 -74 / 48 60 63 75 / 56 -48 -63 72 / 51 55 67 70 / 61 -51 -67 -70 <END> 
<S> 60 67 75 / 55 -60 -67 -75 / 56 60 72 75 / 55 -72 -75 / 53 68 72 74 / 50 65 71 -74 / 69 -50 -65 -74 / 55 62 71 74 / 55 67 71 74 / 48 67 72 75 <END> 
<S> 55 62 67 -70 / 53 68 -62 -67 / 51 60 67 68 / 50 -60 -67 -75 / 52 60 67 70 / 53 65 68 -60 / 60 -53 -65 -68 / 60 63 67 / 61 -60 -67 / 53 60 65 68 / 63 -53 -60 -68 / 55 59 62 67 / 67 -55 -62 -67 <END> 
<S> 56 60 65 / 55 -60 -65 / 53 62 65 -55 / 55 63 -60 / 56 59 62 -55 / 55 60 -55 -67 / 53 56 60 68 / 51 55 58 67 / 57 63 -51 -67 / 50 58 65 68 / 51 67 -58 -65 / 53 60 65 68 / 50 58 65 -68 <END> 
<S> 51 60 65 68 / 50 58 -65 -68 / 51 58 63 67 / 50 -58 -63 -67 / 51 58 63 67 / 56 60 63 72 / 53 62 68 -60 / 55 58 67 75 / 56 60 68 -75 / 58 62 74 -68 / 56 67 -62 -74 <END> 
<S> 56 63 65 72 / 55 -56 -63 -72 / 53 56 68 72 / 74 -53 -56 -68 / 55 58 67 75 / 56 60 65 -75 / 58 62 65 74 / 56 60 -65 -74 / 55 67 70 -60 / 53 60 68 68 / 55 59 67 74 / 56 60 65 -74 / 64 72 -56 -60 <END> 
<S> 56 60 63 72 / 65 -60 -56 -72 / 55 63 67 70 / 53 65 68 -70 / 62 -53 -65 -68 / 55 63 70 75 / 56 -63 -70 -75 / 58 65 70 74 / 60 63 68 75 / 67 -60 -63 -75 / 62 65 70 77 / 43 -65 -70 -77 / 55 70 -65 51 63 64 -55 -70 <END> 
<S> 58 67 70 77 / 68 -58 -70 -77 / 63 70 79 79 / 63 70 79 -79 / 59 68 79 -79 / 60 75 79 / 62 74 77 / 59 -62 -74 -77 / 60 63 75 79 / 58 67 75 -79 / 56 65 77 -75 / 55 74 75 -82 / 72 -55 -75 -75 <END> 
<S> 60 65 74 79 / 58 64 79 -79 / 57 65 72 77 / 55 67 75 79 / 53 -67 -74 -79 / 51 67 72 79 / 53 -67 -72 -79 / 55 67 71 74 / 60 67 72 75 / 77 -60 -67 -72 <END> 
<S> 48 67 72 75 / 53 -67 -72 -75 / 55 67 71 74 / 56 -55 -67 -74 / 60 68 75 -56 / 55 -60 -68 -75 / 53 65 68 72 / 51 60 67 -65 / 50 -60 -67 -70 / 51 60 67 72 / 53 -60 -67 -72 <END> 
<S> 55 60 67 75 / 53 -60 -67 -75 / 55 59 67 74 / 56 65 -59 -74 / 48 60 67 72 / 55 59 67 74 / 56 63 71 / 65 -56 -63 / 55 60 67 75 / 53 68 -60 -75 / 55 62 71 74 / 43 67 71 74 <END> 
<S> 56 63 67 72 / 62 65 -56 -72 / 60 64 -56 -72 / 55 62 71 -72 / 67 -55 -72 / 48 67 72 -72 / 71 -48 -67 -72 / 54 62 69 74 / 67 72 -62 -74 / 55 62 70 74 / 54 63 -69 -74 / 67 -54 -63 -74 / 62 66 69 -74 / 60 67 70 / 62 66 69 74 <END> 
<S> 54 69 74 72 / 50 67 71 74 / 52 67 72 / 65 70 -51 -67 / 48 63 -67 -70 / 53 65 68 / 60 63 67 -53 / 55 62 67 70 / 65 -55 -62 -70 / 56 60 63 72 / 55 62 -60 -72 / 53 68 72 -60 / 55 65 -68 -72 / 56 60 -65 -72 <END> 
<S> 56 63 68 72 / 55 65 -68 -72 / 53 67 70 72 / 52 -67 -70 / 53 68 72 -60 / 0 / 48 63 67 72 / 41 56 65 74 / 58 63 67 70 / 56 62 -67 -70 / 66 -56 -60 -67 / 55 59 62 67 <END> 
<S> 46 62 65 70 / 64 -46 -65 -70 / 46 65 65 70 / 51 -65 -65 -70 / 60 63 -65 -70 / 62 -60 -65 -70 / 60 63 67 / 58 -60 -63 -67 / 56 60 63 / 51 55 60 72 / 53 56 62 72 / 55 67 71 -53 <END> 
<S> 56 60 63 -65 / 59 62 -56 -65 / 60 -56 -56 -65 / 55 62 67 / 58 64 67 -55 / 57 60 65 -43 / 59 62 -65 / 60 63 -56 -65 / 58 62 -48 -65 / 53 60 -58 -65 / 46 58 62 65 / 58 -46 -62 -65 / 56 62 65 / 55 45 60 63 <END> 
<S> 46 58 62 65 / 59 62 -62 -65 / 60 60 63 / 57 -60 59 62 / 54 57 61 -62 / 60 -54 -57 -62 / 55 59 62 / 53 55 59 -62 / 48 51 55 60 / 48 51 60 67 / 50 53 -60 -67 / 51 55 60 67 / 59 -51 -55 -67 / 44 53 60 68 / 62 -53 -56 -60 <END> 
<S> 48 51 55 63 / 50 -72 -55 -63 / 44 51 60 67 / 43 -51 -60 -67 / 41 60 68 -53 / 46 -53 -60 -68 / 44 51 60 67 / 58 -51 -67 / 56 60 65 72 / 55 67 -60 -72 / 53 65 68 72 / 51 -65 -68 -72 / 50 65 68 74 / 63 -50 -68 -74 / 55 62 70 77 / 67 -55 -70 -77 / 50 63 67 -70 / 68 -61 -63 <END> 
<S> 53 60 65 68 / 56 63 -53 -68 / 55 62 65 71 / 59 -55 -62 -65 / 53 60 63 70 / 51 -60 -63 -70 / 46 58 63 68 / 62 -46 -58 -70 / 52 55 70 -62 / 53 60 -55 -70 / 55 58 62 / 53 56 60 65 / 58 52 67 70 / 50 65 -58 -70 / 58 62 70 -50 / 52 -58 -62 -70 / 53 60 65 68 / 55 67 -60 -63 <END> 
<S> 55 58 62 70 / 56 60 65 -70 / 68 -56 -60 -65 / 51 58 67 -65 / 63 -51 -58 -67 / 56 60 65 68 / 55 -60 -65 -68 / 63 -60 61 67 55 59 62 67 / 55 58 67 70 / 48 60 67 68 / 47 -60 -67 -68 / 44 60 67 75 / 56 72 -51 -67 / 53 65 68 72 / 63 -53 -68 -72 / 46 58 65 70 / 48 58 63 67 <END> 
<S> 56 60 67 72 / 65 74 -56 / 55 58 63 75 / 53 56 65 -75 / 51 67 -56 47 / 53 68 68 74 / 55 62 67 71 / 48 63 67 72 / 60 67 72 75 / 62 65 71 74 / 72 -62 -65 / 63 67 -56 / 55 62 -67 42 <END> 
<S> 51 63 67 72 / 56 62 65 -72 / 60 -56 -65 -72 / 55 59 67 74 / 55 59 62 74 / 48 55 63 72 / 48 55 63 72 / 46 56 65 74 <END> 
<S> 53 60 69 74 / 55 59 67 74 / 65 -55 -67 -74 / 48 63 67 72 / 58 62 70 77 / 56 -62 -70 -77 / 55 63 75 79 / 53 79 80 -79 / 55 70 75 79 / 56 65 72 77 <END> 
<S> 51 63 70 79 / 53 -63 -70 -79 / 55 63 70 79 / 56 60 -70 -75 / 58 62 65 74 / 67 75 -58 -62 / 56 60 68 77 / 55 62 70 -77 / 53 -59 -62 -77 / 51 58 79 77 / 51 60 70 79 <END> 
<S> 53 60 68 77 / 55 -60 -68 -77 / 56 60 -68 -77 / 58 62 65 -77 / 67 75 -58 -65 / 60 63 68 75 / 53 65 68 74 / 51 58 67 75 / 56 60 65 77 / 75 -56 -60 -68 <END> 
<S> 51 63 67 72 / 53 63 69 -67 / 46 65 70 74 / 47 62 67 74 / 67 -47 -62 -67 / 48 60 67 75 / 58 60 -67 -75 / 56 60 65 77 / 55 -60 -65 -77 / 53 56 70 -60 / 58 52 -61 -70 / 53 57 60 72 / 62 -57 -57 -72 <END> 
<S> 60 67 75 / 58 -60 -67 -75 / 56 60 75 -68 / 55 -60 -67 -75 / 53 65 74 -60 / 59 -53 -65 -74 / 51 60 63 79 / 58 62 77 -51 / 56 60 -51 77 / 50 59 62 -77 / 48 60 63 75 / 47 55 67 74 / 45 60 65 77 / 47 62 67 -77 / 48 60 67 75 <END> 
<S> 53 60 68 77 / 55 -60 -68 -77 / 56 60 71 77 / 62 -56 -60 -77 / 55 60 65 75 / 53 -60 -65 -75 / 51 60 67 75 / 53 -60 -67 -75 / 55 60 67 74 / 56 59 -67 -74 / 65 74 -56 -60 / 55 59 67 75 / 53 57 -67 -74 / 51 63 67 / 62 65 70 <END> 
<S> 55 59 67 75 / 56 60 -67 -75 / 55 62 67 74 / 53 -59 -62 -74 / 51 63 67 72 / 62 65 -51 -72 / 63 75 / -72 -63 -75 / 74 -63 72 <END> 
<S> 58 62 65 74 / 56 60 -65 -74 / 55 58 67 75 / 53 68 -58 -75 / 55 58 70 74 / 56 65 -70 -74 / 68 -56 -65 / 55 65 70 74 / 63 -55 -70 -70 / 69 -55 -63 -70 / 65 -55 -60 -70 / 59 -50 -65 -70 <END> 
<S> 55 58 63 75 / 67 -55 -58 -75 / 65 -55 -58 -75 / 56 63 70 75 / 68 -56 -63 -75 / 58 62 68 77 / 67 75 -62 -68 / 55 59 67 74 / 60 75 -67 / 58 62 65 77 / 56 -62 -65 -77 / 55 63 67 75 / 53 68 77 -75 <END> 
<S> 59 62 67 74 / 58 67 75 / 57 60 -67 -75 / 58 62 65 74 / 59 67 74 -65 / 60 63 67 75 / 58 62 -67 -75 / 56 60 72 77 / 55 70 -60 -77 / 53 65 68 72 / 53 74 -65 -68 / 51 63 67 72 / 50 65 74 -72 / 48 67 72 75 <END> 
<S> 56 60 65 74 / 55 -60 -65 -74 / 53 60 67 72 / 55 65 -67 -72 / 53 65 68 72 / 63 -53 -68 -72 / 62 65 -68 -72 / 60 63 67 75 / 58 65 74 / 55 72 -65 75 / 62 77 -67 -72 / 63 67 79 -72 / 60 -63 -72 -79 / 56 65 72 77 / 55 70 74 -77 / 68 -56 -74 59 / 67 72 75 -53 / 47 68 74 -72 / 68 -47 -68 -74 <END> 
<S> 57 63 72 77 / 59 62 -72 -77 / 60 63 72 75 / 67 -60 -63 -75 / 53 68 72 74 / 55 58 -68 -74 / 56 60 65 72 / 74 -56 -60 -72 / 53 -60 -68 -72 / 55 67 -60 -72 / 59 -55 -67 -74 / 72 -55 -59 -67 / 48 55 67 72 / 60 63 67 72 / 54 62 69 74 / 56 62 66 71 <END> 
<S> 56 60 63 72 / 65 74 -56 -60 / 55 60 67 75 / 53 60 68 74 / 55 59 67 74 / 65 -55 -59 -74 / 48 55 63 72 / 56 60 68 72 / 62 -56 -68 -72 / 55 63 67 70 / 65 -55 -67 -70 / 53 61 67 -70 / 68 -50 -58 -67 / 55 63 67 70 / 56 62 65 -70 / 60 -56 -65 / 58 62 65 -51 / 47 62 -65 -79 <END> 
<S> 51 60 67 75 / 58 -60 -67 -75 / 56 60 67 75 / 55 -60 -67 -75 / 53 68 77 -60 / 55 67 75 -60 / 56 65 -67 -75 / 63 74 -56 -67 / 59 62 67 74 / 65 -59 -74 -74 / 60 63 72 79 / 74 -60 -63 -72 / 59 74 77 -63 / 62 -59 -74 -77 / 60 63 75 -74 / 55 72 -60 -75 / 53 -72 68 74 / 55 59 67 -74 / 60 -55 -67 -74 / 48 60 67 75 / 58 -67 74 -75 <END> 
<S> 59 62 74 79 / 60 -71 -74 -79 / 72 74 78 -60 / -69 -72 -74 / 55 67 72 75 / 53 -67 -72 -75 / 55 62 67 74 / 48 67 75 / 53 60 65 -75 / 52 59 67 -65 / 50 53 -59 -67 / 51 55 60 67 / 48 -60 -63 -67 / 55 62 65 -48 / 63 67 -55 / 59 65 -55 / 55 60 63 / 53 -55 -60 -63 <END> 
<S> 55 67 70 -60 / 53 60 68 -67 / 62 -53 -60 -68 / 48 60 63 67 / 46 -60 -63 -67 / 44 60 63 72 / 43 58 -63 -72 / 41 56 65 -72 / 39 58 67 75 / 56 60 68 77 / 59 -56 -68 -77 / 60 -56 -68 -77 / 55 59 67 75 / 53 68 74 74 <END> 
<S> 44 56 60 65 / 55 -44 -60 -65 / 46 56 62 65 / 44 -56 -62 -65 / 51 58 67 75 / 65 -51 -58 -75 / 46 65 74 -58 / 59 -46 -68 -74 / 51 60 67 75 / 53 60 69 74 / 55 59 67 -74 / 65 -55 -67 -74 / 48 63 67 72 / 50 58 70 77 <END> 
<S> 53 60 69 75 / 55 65 70 74 / 63 -60 -68 -74 / 59 62 67 77 / 60 67 75 / 55 60 -67 -75 / 75 -55 -60 -67 / -75 53 74 -60 / 58 -53 -58 -74 / 51 67 -58 -74 / 50 -58 -67 -74 / 51 60 72 -67 / 53 58 65 74 / 51 63 67 72 / 55 -51 -63 -72 / 53 60 67 70 / 55 -60 -67 -70 / 44 60 65 68 / 64 -60 -60 -68 <END> 
<S> 48 56 67 72 / 60 65 75 -72 / 56 65 71 74 / 55 63 71 75 / 53 62 68 77 / 60 -53 -68 -77 / 55 62 70 -60 / 55 63 67 70 / 53 65 68 72 / 74 -53 -65 -68 / 60 63 67 75 / 69 -60 -63 -75 / 58 65 70 74 / 56 65 72 / 55 67 -72 <END> 
<S> 53 65 68 74 / 63 -53 -68 -74 / 55 58 70 -68 / 56 63 68 72 / 65 74 -56 -68 / 48 67 72 75 / 53 68 72 74 / 55 67 71 -74 / 65 -55 -71 -74 / 48 63 72 / 46 62 70 77 <END> 
<S> 53 68 72 74 / 65 -53 -72 -74 / 55 62 71 74 / 63 -55 -71 -74 / 65 -55 -71 -74 / 48 63 67 72 / 55 67 71 74 <END> 
<S> 50 62 65 71 / 48 60 63 72 / 67 74 -60 -63 / 59 67 74 -48 / 58 -67 -74 <END> 
<S> 67 72 -51 / 50 65 -67 -72 / 63 -50 -67 -72 / 55 62 -67 -72 / 67 -55 -59 -74 / 65 -55 -59 -74 / 48 55 63 72 / 60 63 67 75 / 58 62 -67 -75 / 56 60 72 75 / 55 70 -60 -75 <END> 
<S> 48 60 63 68 / 56 60 65 72 / 62 -56 -60 -72 / 55 60 67 72 / 53 62 65 71 / 55 63 67 70 / 62 -55 -67 -70 / 56 60 65 72 / 53 74 -65 -72 <END> 
