<S> 52 60 67 72 / 53 -60 -67 -72 / 55 59 62 67 / 53 -59 -62 -67 / 52 60 67 72 / 50 65 69 74 / 71 -50 -65 -74 / 48 67 72 76 / 0 / 52 67 72 79 <END> 
<S> 48 60 67 72 / 0 / 48 67 72 76 / 50 77 -67 -72 / 52 67 72 79 / 65 -52 -72 -79 / 64 69 72 79 / 47 -64 -64 -79 / 48 64 72 77 / 62 -48 -72 -77 / 52 60 67 -72 / 53 59 74 -67 <END> 
<S> 52 67 72 79 / 65 -52 -72 -79 / 52 64 79 -72 / 67 70 -52 -79 / 53 65 69 72 / 48 64 72 76 / 60 -48 -72 -76 / 55 67 74 -72 / 71 -55 -67 -74 / 51 67 71 74 / 50 65 73 <END> 
<S> 55 62 67 71 / 43 59 62 67 / 48 55 64 72 / 50 53 65 -72 / 52 60 67 -72 / 53 65 69 72 / 46 62 65 70 / 48 60 64 69 / 50 58 65 70 / 51 58 -65 -70 <END> 
<S> 53 60 65 69 / 51 -60 -65 -69 / 50 58 65 70 / 46 -58 -65 -70 / 51 58 67 -65 / 63 -51 -58 -67 / 56 60 63 72 / 55 58 -63 -72 / 56 60 65 72 / 53 74 -65 -72 / 63 67 -53 -74 / 55 62 71 -67 / 57 60 72 -67 / 63 -57 -60 -72 <END> 
<S> 56 60 63 72 / 53 65 68 74 / 63 -53 -68 -74 / 55 62 67 71 / 43 59 67 74 / 55 59 62 74 / 53 -59 -62 / 51 55 60 63 / 53 60 65 68 / 46 58 65 68 <END> 
<S> 55 59 62 67 / 56 60 63 -67 / 62 65 -56 -60 / 51 60 63 67 / 58 62 65 68 / 53 63 68 72 / 74 -53 -65 -68 / 48 63 67 75 / 65 74 -48 -60 / 55 63 72 75 / 53 68 74 -72 <END> 
<S> 56 60 63 72 / 65 74 -56 -60 / 51 58 67 75 / 53 65 74 -75 / 55 63 70 75 / 56 65 68 -75 / 58 67 68 74 / 65 -68 -74 / 53 63 68 72 / 55 74 -68 -72 / 53 -62 -67 -74 <END> 
<S> 56 63 68 72 / 55 -63 -68 -72 / 53 61 67 70 / 52 -61 -67 -70 / 53 60 67 68 / 64 -53 -60 -68 / 65 -53 -60 -68 / 58 60 65 -68 / 64 67 -60 / 55 60 65 70 / 53 -60 -65 -70 <END> 
<S> 46 60 65 70 / 53 -60 -65 -70 / 48 60 65 68 / 63 -48 -60 -68 / 55 59 67 75 / 55 62 71 74 / 67 -55 -71 -74 / 65 -55 -71 -74 / 48 63 67 72 / 62 65 70 77 <END> 
<S> 55 63 67 75 / 57 65 -67 -75 / 58 65 74 74 / 63 72 -55 -74 / 54 62 74 -72 / 43 69 -62 -74 / 55 62 71 74 / 56 60 72 76 / 55 70 74 77 / 53 -70 -74 -77 51 51 70 79 55 50 -70 -75 <END> 
<S> 57 60 72 75 / 55 67 -72 -75 / 53 -67 -72 -75 / 55 74 -67 -72 / 65 -55 -72 -74 / 56 63 72 / 55 65 -72 / 63 67 72 75 / 46 -67 -72 -75 / 56 65 72 77 / 0 -56 -72 -77 / 55 67 72 75 53 68 -55 -67 -72 <END> 
<S> 56 65 72 77 / 67 -56 -72 -77 / 55 68 72 75 / 53 -68 -72 -75 / 58 67 70 75 / 65 77 -58 -70 / 56 63 72 77 / 62 -56 -68 -77 / 60 75 -62 -67 / 51 62 67 71 / 50 -62 -67 -71 / 51 60 67 72 / 53 -60 -67 -72 / 55 60 67 74 / 59 -55 -67 -74 / 65 -55 -59 -74 <END> 
<S> 55 62 67 71 / 55 59 62 67 / 53 -59 -62 -67 / 51 60 67 72 / 50 65 74 -60 / 48 67 72 75 / 53 68 74 77 / 55 67 71 74 / 55 67 71 75 <END> 
<S> 51 60 67 75 / 58 -60 -67 -75 / 56 60 68 77 / 55 -60 -68 -77 / 53 60 70 79 / 52 -60 -70 -79 / 53 60 68 77 / 55 59 67 -77 / 56 60 67 72 / 66 -56 -60 -72 / 55 62 67 70 / 72 -55 -62 -67 / 43 62 67 74 / 68 -46 -62 -74 <END> 
<S> 53 60 68 77 / 55 60 67 75 / 56 -60 -67 -75 / 51 60 67 75 / 53 68 74 -75 / 55 67 74 -74 / 72 -55 -67 -74 / 43 71 -67 -74 / 65 -43 -71 -74 / 48 63 72 / 55 68 72 75 / 53 65 68 74 / 55 67 70 75 / 65 -55 -70 -75 <END> 
<S> 48 63 67 72 / 60 67 72 75 / 58 65 74 53 56 63 72 70 / 55 63 70 75 / 53 62 65 70 / 51 60 67 79 / 58 -52 -67 -79 / 56 60 65 77 / 55 -60 -65 -77 / 53 62 70 79 / 55 -70 -70 -79 / 53 65 72 81 / 71 -53 -65 -81 <END> 
<S> 55 63 70 75 / 56 65 -63 -75 / 58 64 67 70 / 60 63 68 72 / 62 65 68 77 / 63 79 -68 -68 / 58 65 70 74 / 55 -58 -65 -74 / 68 72 -58 -55 / 57 60 65 72 / 59 62 67 -56 / 60 67 75 / 58 -60 -67 -75 <END> 
<S> 57 63 72 / / 58 65 74 / 56 62 -65 -74 / 55 63 67 72 / 53 68 -63 -72 / 51 63 67 70 / 53 68 -63 -70 / 55 63 70 / 44 56 65 -70 / 46 58 68 74 / 46 62 67 -46 <END> 
<S> 53 63 68 72 / 51 56 -68 -72 / 50 53 68 70 / 51 58 67 -70 / 53 -51 -58 -67 / 48 60 67 -53 / 55 59 -48 -67 / 44 56 60 65 / 59 62 -44 -56 <END> 
<S> 48 63 67 / 60 -48 -67 -63 / 50 57 65 70 / 53 58 62 -70 / 51 58 67 -62 / 53 57 60 69 / 55 59 62 -69 / 53 60 -55 -70 / 52 55 60 67 / 48 51 -60 -67 <END> 
<S> 55 59 62 67 / 60 -55 -62 -67 / 43 60 69 -67 / 62 66 -43 -60 / 59 -43 -62 -67 / 47 62 67 74 / 48 -62 -67 -74 / 55 62 67 74 / 60 -55 -67 -74 / 55 59 67 74 <END> 
<S> 59 62 67 74 / 60 76 -67 / 66 -60 -60 -76 / 55 59 67 74 / 65 -55 -59 -74 / 57 60 64 72 / 53 69 -57 -72 / 50 62 65 71 / 60 69 -65 -71 / 55 59 67 74 / 62 71 -55 -67 / 60 64 69 -55 <END> 
<S> 50 62 65 71 / 62 69 -50 -65 / 60 -50 69 -65 / 59 62 68 -69 / 67 -58 -62 -70 / 45 60 69 72 / 57 60 69 76 / 53 60 69 81 / 62 -53 -69 -81 / 64 -53 -69 -72 / 50 65 71 79 / 69 -50 -65 -79 <END> 
<S> 57 60 64 69 / 55 59 64 -69 / 53 57 65 69 / 52 62 -57 -69 / 64 71 -57 / 50 57 66 74 / 60 -38 -54 -66 / 43 55 59 67 / 55 59 62 67 / 53 -59 -62 -67 / 52 60 67 72 / 50 65 -60 -72 / 52 60 67 72 / 48 -60 -67 -72 <END> 
<S> 55 59 62 67 / 52 55 64 71 / 57 60 -64 / 55 59 62 67 / 53 -59 -62 -67 / 52 59 67 / 50 57 65 -67 / 55 59 67 / 53 65 -59 -67 / 48 55 60 64 / 59 62 -48 -55 / 47 53 57 60 / 59 -50 -53 -57 <END> 
<S> 47 55 62 67 / 48 55 60 64 / 59 -48 -55 -64 / 50 57 62 66 / 43 59 59 62 67 / 48 52 60 67 / 47 50 62 -67 / 45 48 64 72 / 47 52 -64 -72 / 48 55 62 71 / 64 -55 -55 -71 / 54 60 69 -55 / 54 57 62 -69 / 56 59 62 71 <END> 
<S> 48 55 64 69 / 45 -55 -64 -69 / 71 -45 -55 -64 / 72 -45 -64 -55 / 50 62 66 71 / 59 -50 -66 -71 / 51 59 67 / 52 55 59 -67 / 60 69 -52 -67 / 55 71 69 74 / 72 -55 -67 -74 / 55 67 71 74 / 65 -55 -71 -74 <END> 
<S> 52 60 67 72 / 70 -52 -60 -67 / 53 60 65 69 / 52 -60 -65 -69 / 50 62 65 71 / 52 55 67 72 / 48 64 71 / 62 -52 -64 -72 / 54 57 62 74 / 72 -54 -57 -62 / 55 55 64 71 / 54 -55 62 -71 <END> 
<S> 52 60 64 67 / 62 65 -52 -67 / 48 60 64 69 / 59 62 -48 -69 / 67 57 60 66 / 59 62 -51 -66 / 52 60 64 67 / 54 62 69 -60 / 56 62 71 <END> 
<S> 50 62 66 71 / 52 60 -66 -69 / 54 59 62 67 / 55 59 62 67 / 60 64 69 -55 / 54 62 69 74 / 56 59 62 -74 / 64 72 -55 -57 / 57 -48 -64 -72 / 47 55 62 71 / 48 64 -55 -71 / 50 62 65 69 / 48 60 64 -69 / 67 -48 -60 -64 <END> 
<S> 54 62 69 72 / 55 62 67 71 / 48 60 64 67 / 59 -48 -64 -67 / 50 57 66 74 / 59 -50 -66 -74 / 55 59 62 74 / 57 72 -55 -74 / 59 62 67 74 / 72 -59 -62 -67 / 52 64 67 72 <END> 
<S> 59 62 67 74 / 52 60 67 76 / 54 69 -60 -76 / 55 67 71 74 / 52 67 72 / 71 -52 -67 -72 / 53 65 69 72 / 71 -53 -65 -69 / 64 -53 -69 -72 / 62 65 71 74 / 64 67 72 76 / 65 74 81 -67 <END> 
<S> 53 60 69 72 / 62 74 -53 -69 / 72 76 -53 -69 / 55 71 74 -69 / 67 -55 -71 -74 / 65 -55 -71 -74 / 48 64 67 72 / 60 64 67 72 <END> 
<S> 53 69 72 / 52 -65 -69 -72 / 50 65 71 -81 / 48 64 76 79 / 50 69 77 -79 / 71 74 79 -53 / 52 67 -74 -79 / 50 69 74 77 / 50 -69 -74 -77 / 52 70 76 79 / 55 74 -69 -79 / 67 71 -55 -79 / 65 -67 -71 -76 <END> 
<S> 52 67 72 79 / 50 65 -72 -79 / 52 67 71 79 / 53 77 -67 -79 / 52 67 72 79 / 53 69 -72 -79 / 55 67 71 74 / 52 67 71 79 / 65 -52 -71 -79 / 57 64 72 77 / 62 70 77 -77 / 60 79 81 -70 / 77 -60 -67 -75 <END> 
<S> 60 64 69 81 / 62 -60 -69 -76 / 60 67 76 / 58 -60 -67 -76 / 57 60 72 77 / 55 -60 -72 -77 / 53 67 70 79 / 55 -70 -70 -79 / 57 60 72 77 / 53 74 -60 -77 / 55 76 -60 -67 / 53 69 -60 -76 / 55 59 67 74 / 64 -55 -59 -74 / 65 -55 -59 -74 <END> 
<S> 53 60 69 72 / 65 74 -53 -60 / 47 62 67 74 / 65 -47 -62 -74 / 48 64 67 76 / 53 65 72 81 / 67 79 -53 -65 / 49 69 76 / 50 -49 -69 -76 / 52 61 69 76 <END> 
<S> 58 65 74 / 57 61 -65 -74 / 52 60 67 76 / 53 -60 -67 -76 / 55 59 67 74 / 52 67 70 79 / 57 69 73 77 / 59 67 74 -77 / 60 67 76 -74 / 72 -60 -67 -76 / 55 67 72 74 / 71 -55 -67 -74 / 65 -55 -71 -74 <END> 
<S> 67 76 -62 / 50 66 -67 -74 / 55 67 71 74 / 53 -67 -71 -74 / 52 64 68 71 / 57 64 69 72 / 59 62 67 74 / 60 67 76 / 62 77 -60 -67 / 48 64 67 72 <END> 
<S> 59 62 67 69 / 64 -62 -67 -69 / 62 65 69 81 / 64 72 -69 -81 / 62 65 71 79 / 67 72 76 / 65 74 -67 -72 / 60 67 72 76 / 53 69 72 77 / 62 67 74 77 / 60 76 -67 -74 / 55 59 67 74 / 55 -67 -72 <END> 
<S> 67 72 74 / 65 -67 -72 -74 / 55 62 71 79 / 60 64 72 79 / 65 74 -60 -79 / 59 67 76 79 / 60 77 -67 -79 / 59 74 79 -67 / 77 -59 -67 -79 / 60 67 72 76 / 66 69 74 -60 / 59 67 71 79 / 60 67 72 76 / 62 74 -67 -72 <END> 
<S> 67 72 76 / 53 -67 -72 -76 / 55 67 71 74 / 72 -55 -67 -76 / 65 -55 -71 -76 / 56 64 71 / 57 64 69 72 / 60 65 67 74 / 59 -60 -67 -74 / 45 60 65 76 / 47 62 74 -65 / 48 57 64 -74 / 50 55 62 71 / 38 54 -62 -71 <END> 
<S> 57 60 65 74 / 59 -60 -65 -74 / 60 64 67 76 / 65 69 -60 -76 / 55 67 71 74 / 53 -67 -71 -74 / 52 67 72 79 / 50 65 77 -72 / 52 67 72 79 / 53 69 -72 -79 / 55 67 71 74 / 65 69 -55 -74 <END> 
<S> 50 65 69 77 / 70 -50 -65 -77 / 48 65 72 81 / 64 -48 -72 -81 / 55 62 71 79 / 60 64 69 76 / 62 -60 -69 -76 / 59 67 74 79 / 64 71 79 -79 / 72 -64 81 -67 / 66 74 78 81 / 71 -66 -74 -81 / 72 81 -67 -76 / 47 62 74 79 <END> 
<S> 59 64 67 79 / 62 -59 -67 -79 / 60 67 72 76 / 59 -67 -72 -76 / 57 69 72 77 / 55 62 71 79 / 64 -55 -71 -79 / 50 65 69 77 / 71 -50 -65 -77 / 52 67 72 76 / 53 -67 -72 -76 / 55 67 71 74 / 55 67 71 74 <END> 
<S> 50 65 69 77 / 71 -50 -65 -77 / 52 67 72 76 / 53 -67 -72 -76 / 55 67 71 74 / 55 67 71 74 / 60 67 72 76 / 59 -67 -72 -76 / 57 69 72 77 / 59 67 74 79 / 77 -59 -67 -74 / 60 76 -67 -74 / 69 72 77 -60 / 70 -60 -72 -77 <END> 
<S> 60 67 72 76 / 59 -67 -72 -76 / 57 69 72 77 / 59 67 74 79 / 77 -67 -74 / 62 65 71 77 / 69 76 -62 -77 / 60 67 76 77 / 59 74 77 -67 / 57 72 76 43 / 55 71 74 -81 / 53 69 72 81 / 52 -69 -72 -79 <END> 
<S> 57 60 69 77 / 59 62 -69 -77 / 60 64 67 76 / 65 -60 -76 -76 / 59 67 74 -60 / 58 76 -67 -74 / 57 65 72 77 / 55 67 74 -72 / 53 67 71 74 / 65 -53 -71 -74 / 52 67 72 / 50 65 74 77 / 48 76 -74 -77 <END> 
<S> 53 60 69 72 / 53 65 69 74 / 64 -53 -69 -74 / 55 62 69 -74 / 54 -62 -69 -74 / 55 59 62 67 -55 / 52 60 67 79 / 53 60 69 77 / 62 -53 -69 -77 / 48 67 72 76 / 55 -67 -72 -76 <END> 
<S> 53 60 69 77 / 76 -53 -60 -69 / 55 58 67 74 / 57 60 65 -74 / 59 64 67 74 / 55 65 74 / 53 67 73 76 / 52 -67 -73 -76 / 50 69 74 77 / 52 67 72 76 / 53 67 72 74 / 55 -67 -72 -74 <END> 
<S> 57 60 69 76 / 55 60 69 77 / 53 -60 -69 -77 / 52 60 67 79 / 58 -52 -67 -79 / 53 57 65 72 / 47 55 65 74 / 48 60 67 76 / 50 -60 -67 -76 / 52 60 67 76 / 53 -60 -67 -76 / 55 59 67 74 / 56 72 -59 -67 <END> 
<S> 47 56 65 74 / 49 58 64 67 / 45 57 60 65 / 58 -45 -57 -65 / 46 58 62 / 70 55 -62 / 48 55 63 72 / 48 63 68 -55 / 50 54 61 67 <END> 
<S> 58 65 70 / 63 -58 -65 -70 / 62 65 70 77 / 63 -62 -70 -77 / 62 -62 -70 -77 / 58 -62 75 -62 / 51 58 70 79 / 64 67 70 -79 / 56 65 68 72 / 55 67 70 75 <END> 
<S> 53 63 69 72 / 51 58 67 79 / 50 -58 -67 -79 / 48 60 67 77 / 72 -60 -48 -67 / 44 56 60 74 / 72 -56 -60 -65 / 55 62 67 70 / 53 -62 -67 -70 / 51 60 67 75 / 58 -60 -67 -75 / 56 60 65 68 / 55 -60 -65 -68 <END> 
<S> 60 67 -56 -65 / 55 -60 -67 -70 / 53 60 68 -67 / 65 -53 -60 -68 / 55 60 64 67 / 57 60 65 75 / 58 -60 -63 -75 / 56 60 65 -75 / 55 75 -60 -65 / 53 60 74 / 55 58 67 -74 / 56 60 65 72 / 67 -56 -60 -72 / 55 62 65 71 / 53 -62 -65 -71 / 51 60 67 69 / 48 -60 -67 -67 <END> 
<S> 60 65 -60 / 59 62 67 -60 / 55 60 64 -67 / 54 60 62 -67 / 55 59 62 67 / 55 63 70 / 53 62 65 / 51 55 60 63 / 56 62 65 / 55 63 67 / 53 57 65 72 / 58 65 70 74 / 56 65 72 / 55 74 -60 / 55 67 75 / 65 68 -55 -74 <END> 
<S> 55 60 63 70 / 53 56 65 -70 / 51 55 67 70 / 50 65 -55 -70 / 48 55 63 72 / 51 53 65 68 / 50 58 65 -68 / 51 58 67 -65 / 63 -51 -58 -67 / 56 60 65 -51 / 58 -56 -60 -65 / 51 60 67 -65 / 48 63 -60 -67 / 53 60 65 68 / 50 58 67 -65 / 56 65 -53 -65 / 48 55 60 -65 / 57 -48 -60 -65 <END> 
<S> 46 58 65 67 / 53 63 -46 -67 / 55 65 -46 -67 / 63 67 -48 -55 / 47 56 62 65 / 68 -46 -56 -62 / 47 55 62 67 / 48 60 63 67 / 46 -60 -63 -67 / 44 60 65 -63 / 47 62 -65 / 48 55 64 -62 / 60 -48 -55 -64 / 41 56 62 -60 / 53 59 -41 -62 / 57 -41 -53 -62 / 43 50 55 59 / 62 51 -55 -59 <END> 
<S> 45 48 60 65 / 63 -48 -60 -65 / 46 62 -60 -65 / 39 58 60 67 / 55 61 -60 -67 / 52 53 60 -60 / 55 -36 -60 / 46 50 62 -55 / 48 55 63 / 50 65 -55 -63 / 51 55 63 67 / 50 -55 -63 -67 / 48 55 62 67 / 43 59 62 -67 / 55 59 62 67 / 53 -59 -62 -67 <END> 
<S> 48 55 62 63 / 47 -55 -62 -63 / 48 55 62 -62 / 60 -48 -55 -62 / 43 55 59 62 / 55 59 -43 -59 / 48 55 60 63 / 46 -55 -60 -63 / 44 56 60 63 / 43 -56 -60 -63 / 44 56 60 65 / 41 58 62 -65 / 60 63 -41 -60 -65 <END> 
<S> 48 51 55 60 / 46 62 -51 -55 / 44 51 60 63 / 46 50 -60 -63 / 45 48 60 65 / 53 63 -45 -60 / 46 58 62 65 / 56 -46 -62 -65 / 55 58 62 67 / 53 60 62 / 57 60 63 / 66 -57 -60 58 <END> 
<S> 46 58 65 / 50 53 -58 -65 / 56 -46 -58 -65 / 45 55 60 63 / 41 53 62 -60 / 60 -53 -60 -62 / 50 58 62 65 / 51 58 67 -65 / 63 -51 -58 -67 / 46 65 -51 -58 / 53 -46 -58 -65 / 51 58 67 / 55 -51 -58 -67 <END> 
<S> 51 58 65 67 / 63 -51 -58 -67 / 46 58 65 -63 / 62 -46 -58 -65 / 48 60 63 / 58 -48 -63 / 56 -48 -63 / 55 -48 -63 -68 / 46 61 65 68 / 50 58 65 -68 / 51 58 67 -65 / 63 -51 -58 -67 / 56 60 63 65 / 55 -60 -63 -65 / 53 56 60 65 / 59 -53 -53 -65 / 51 60 63 / 50 53 58 62 <END> 
<S> 51 56 65 68 / 50 58 -65 -68 / 51 58 67 / 65 -51 -58 -67 / 56 60 63 72 / 55 -60 -63 -72 / 53 62 68 72 / 63 -53 -68 -72 / 55 65 67 71 / 63 -55 -67 -71 / 65 -55 -67 -71 / 48 63 67 72 / 60 63 72 75 <END> 
<S> 59 68 -63 -65 / 57 60 -65 -68 / 55 59 62 67 / 56 60 63 -67 / 65 -56 -60 / 55 58 62 / 56 60 -55 -63 / 55 62 -56 -60 / 53 59 -56 -62 / 48 51 55 60 / 50 55 58 62 / 51 54 60 63 / 48 55 62 -63 / 60 69 -55 / 43 55 59 62 / 57 -43 -57 -62 <END> 
