<S> 57 64 69 72 / 59 62 67 74 / 60 67 76 / 77 -60 -67 / 52 60 67 79 / 50 60 69 77 / 55 59 67 -77 / 48 60 67 76 / 60 67 72 76 / 77 -60 -67 -72 <END> 
<S> 67 76 -60 / 59 62 -67 -76 / 57 60 64 72 / 65 -57 -60 -72 / 55 59 67 74 / 53 -59 -67 -74 / 52 60 67 76 / 53 -60 -67 -76 / 55 60 67 74 / 43 59 65 -74 / 45 64 72 -43 / 48 64 67 72 / 60 -64 -67 -72 <END> 
<S> 55 60 67 76 / 59 -55 -67 -76 / 48 57 64 74 / 50 66 -57 -74 / 52 67 72 -57 / 54 62 69 -72 / 55 62 67 71 / 53 -62 -67 -71 / 52 60 67 72 / 53 -60 -67 -72 / 52 65 67 71 / 50 -65 -67 -71 / 48 62 67 72 / 60 69 -67 -72 / 55 67 71 74 / 60 67 72 76 <END> 
<S> 53 60 69 72 / 62 -53 -69 -72 / 64 -53 -69 -72 / 59 62 74 -69 / 67 -59 -62 -74 / 61 64 69 76 / 62 65 -69 -72 / 64 67 69 -72 / 62 66 -69 -72 / 55 62 67 71 / 53 59 62 67 / 52 60 67 72 / 50 65 69 74 / 71 -50 -65 -74 / 48 67 72 76 / 50 77 -72 81 / 52 79 -72 47 <END> 
<S> 55 62 67 70 / 72 -55 -62 -67 / 53 60 69 72 / 65 74 -53 -69 / 55 67 76 / 62 74 -67 / 64 -55 -67 -74 / 65 -55 -70 -74 / 57 64 72 73 / 69 -57 -64 -72 / 55 62 67 71 / 53 -62 -67 -71 / 52 60 67 79 / 50 -60 -67 -79 / 52 60 67 79 / 53 60 69 81 / 55 59 67 76 / 65 -55 -59 -76 <END> 
<S> 55 59 62 67 / 53 -59 -62 -67 / 52 60 67 / 58 64 -52 -67 / 54 57 62 69 / 55 59 -62 / 60 64 -55 / 40 60 62 / 44 59 59 62 / 45 57 60 64 / 65 -45 -57 -60 / 43 59 62 / -65 47 -59 -62 <END> 
<S> 43 55 59 62 / 43 55 59 62 / 48 55 60 64 / 48 52 60 64 / 50 55 58 65 / 51 -55 -58 -65 / 48 55 60 64 / 53 62 65 / 71 -53 -53 -62 <END> 
<S> 48 55 60 64 / 50 -55 -60 -64 / 52 55 60 / 53 59 62 -55 / 45 55 60 64 / 43 55 62 -60 / 59 -43 -55 -62 / 55 59 62 67 / 53 57 -62 -67 / 52 55 61 67 / 50 57 62 -67 <END> 
<S> 45 57 60 65 / 47 55 62 -65 / 48 55 64 -62 / 60 -48 -55 -64 / 41 57 60 62 / 44 59 -62 -62 / 57 -38 -62 -62 / 43 59 62 -62 / 55 -43 -59 -62 / 48 52 55 60 / 47 62 -55 -67 / 48 60 64 67 / 50 -60 -64 -67 <END> 
<S> 43 55 60 62 / 59 -43 -55 -62 / 53 -43 -59 -62 / 45 48 60 -53 / 47 52 55 62 / 48 55 60 64 / 59 -48 -55 -64 / 57 72 -48 -55 / 55 59 62 / 53 59 62 67 / 48 -59 -62 -67 / 50 60 64 69 / 66 -50 -60 -69 / 55 59 67 71 / 60 64 69 72 / 62 71 74 <END> 
<S> 41 60 69 -64 / 62 -41 -60 -69 / 60 64 -41 -69 / 43 59 62 67 / 48 60 64 67 / 50 65 -60 -67 / 52 67 72 / 70 -60 -67 / 53 60 65 69 / 60 64 67 76 / 69 -60 -64 -67 / 59 62 67 71 / 76 -59 -62 -67 / 55 59 67 74 <END> 
<S> 52 60 67 / 59 -52 -67 / 0 / 53 57 69 72 / 71 -53 -53 -69 / 48 52 67 72 / 55 64 -67 -72 / 60 64 67 72 / 62 69 -60 -72 / 59 67 71 74 / 62 72 -67 -71 / 60 64 72 79 / 65 -64 -72 -79 / 64 67 72 79 / 53 -67 -72 -79 <END> 
<S> 64 67 71 / 62 66 -63 -71 / 60 62 67 69 / 57 -62 -67 -69 / 55 62 69 71 / 50 -62 -69 -71 / 52 55 64 72 / 53 62 71 79 / 52 55 72 79 / 71 -52 -67 -79 / 57 66 69 72 / 59 62 67 -69 / 60 67 71 / 62 -60 -67 -71 <END> 
<S> 52 64 72 -58 / 57 -64 -72 -79 / 55 62 71 74 / 67 -55 -62 -74 / 0 / 0 / 60 66 69 74 / 59 65 71 74 / 57 64 71 76 / 57 66 -57 -72 / 55 59 62 74 / 53 59 68 -62 / 52 61 -59 67 <END> 
<S> 59 62 67 79 / 57 60 69 -79 / 59 62 67 79 / 57 60 72 77 / 55 67 76 -72 / 53 69 74 -72 / 50 65 -72 -74 / 55 62 71 -74 / 67 -55 -71 -74 / 65 -55 -71 -74 / 48 64 67 72 / 60 67 72 76 <END> 
<S> 55 67 72 74 / 62 -55 -67 -74 / 43 59 62 67 / 65 -43 -59 -74 / 47 55 62 67 / 48 55 64 69 / 50 65 -55 -69 / 52 60 67 / 48 58 64 / 57 60 64 -48 / 65 -57 -60 55 / 55 60 67 -65 / 64 -60 -55 -67 / 53 60 69 69 / 52 -60 -69 -69 <END> 
<S> 48 60 64 67 / 50 -60 -64 -67 / 52 55 67 72 / 53 -55 -67 -72 / 52 55 67 72 / 50 65 -55 -72 / 48 64 -55 -72 / 53 62 -48 -72 / 48 60 -53 -72 / 47 62 67 71 / 48 60 64 69 / 50 59 65 -69 / 52 60 64 67 / 59 62 -52 -67 / 53 60 65 69 / 52 -60 -65 -69 <END> 
<S> 48 60 64 69 / 47 -60 -64 -69 / 48 52 64 71 / 45 55 64 71 / 62 -52 -55 -71 / 45 57 60 64 / 46 62 -57 -69 / 48 57 64 67 / 60 -48 -64 -67 / 50 57 65 -60 / 59 62 -50 -65 / 52 55 60 64 / 55 59 62 -64 / 53 57 62 / 52 55 59 -62 / 50 53 57 62 / 59 -53 -57 -62 <END> 
<S> 58 64 -45 43 / 53 -58 -63 -69 / 55 59 62 67 / 52 60 67 / 53 59 65 69 / 64 -53 -55 -69 / 62 65 -53 -69 / 59 62 67 -53 / 52 60 64 67 / 59 -52 -64 -67 / 50 57 65 -64 / 62 -50 -57 -65 / 60 -50 -57 -65 / 59 59 62 / 65 -53 -59 <END> 
<S> 52 57 64 67 / 62 -52 -57 -64 / 54 57 62 69 / 55 -57 -62 -69 / 52 57 62 71 / 50 -57 -62 -71 / 52 55 72 -71 / 57 64 -55 -72 / 47 55 62 67 / 43 71 -55 -62 / 48 55 64 -62 / 60 -48 -55 -64 / 43 55 62 -60 / 59 59 -43 -55 / 53 -43 -59 / 48 52 55 60 <END> 
<S> 47 55 62 67 / 45 60 -55 -67 / 43 55 59 62 / 47 62 -55 -64 / 48 55 60 64 / 50 65 -55 -60 / 52 55 60 64 / 59 -55 -64 / 55 57 60 62 / 59 62 -55 -65 / 48 55 60 64 / 46 -55 -60 -64 / 45 53 60 65 / 41 -53 -60 -65 / 43 55 59 67 / 43 -55 -59 -67 <END> 
<S> 45 60 64 69 / 47 -60 -64 -69 / 45 57 64 71 / 40 55 64 72 / 42 57 72 -64 / 43 59 62 71 / 52 60 -43 -62 / 53 60 -52 -60 / 55 59 62 / 43 55 -55 -62 / 48 55 64 -62 / 50 60 -55 -64 / 45 52 60 64 / 43 -52 -60 -64 / 41 53 60 62 / 43 55 59 62 / 53 -43 -59 -62 <END> 
<S> 48 55 60 64 / 47 -55 -60 -64 / 45 57 60 65 / 43 -57 -60 -65 / 41 55 60 69 / 38 -60 -69 -60 / 43 59 67 -43 / 48 -43 -59 -67 / 36 55 67 72 / 38 -55 -67 -72 / 40 55 62 72 / 62 71 -55 -62 / 49 55 64 69 / 50 54 62 -69 / 60 -50 -54 -69 <END> 
<S> 36 55 64 72 / 38 54 62 -72 / 43 55 62 67 / 38 60 -55 -67 / 47 62 -55 -67 / 43 55 59 62 / 47 55 62 67 / 48 55 60 64 / 50 53 59 -60 / 52 55 60 64 / 53 57 -60 -64 / 59 -57 -53 -62 <END> 
<S> 48 55 62 65 / 48 60 -55 -65 / 47 55 62 67 / 65 -47 -55 -62 / 48 55 60 64 / 59 62 -55 -55 / 53 57 60 / 62 52 -53 -57 / 55 50 59 67 / 55 -55 -59 -67 / 48 55 64 69 / 45 57 65 -64 / 47 55 62 67 / 48 60 69 -67 <END> 
<S> 52 55 60 64 72 / 50 55 62 71 / 48 55 64 72 / 52 55 64 71 / 54 57 62 69 / 59 62 -53 -69 / 52 60 64 67 / 57 -52 -64 -67 / 50 57 62 66 / 59 -50 -62 -66 / 44 60 62 67 / 43 59 62 67 <END> 
<S> 50 57 64 69 / 62 -50 -57 -69 / 52 60 64 67 / 50 -60 -64 -67 / 48 55 64 67 / 45 -55 -64 -67 / 38 55 62 69 / 60 -55 -62 -69 / 43 62 67 71 / 53 59 -67 -71 / 52 60 67 72 / 57 69 -60 -72 / 50 62 71 74 / 55 67 -71 -74 / 65 72 -55 -71 <END> 
<S> 52 60 67 72 / 50 62 -67 -72 / 48 64 67 69 / 50 62 66 -69 / 60 -50 -66 -69 / 55 59 62 67 / 60 64 67 / 58 62 69 -67 / 57 64 -62 -69 / 50 62 66 71 / 51 55 67 72 / 54 69 -64 -72 / 55 62 71 71 / 69 -55 -62 -71 / 50 62 69 69 / 66 -50 -62 -69 / 60 -50 -66 -69 <END> 
<S> 57 64 66 72 / 67 -57 -64 -72 / 62 66 69 / 60 -62 -66 -69 / 55 62 67 71 / 57 60 66 72 / 55 59 67 74 / 60 67 76 / 59 -60 -67 -76 / 57 60 67 77 / 62 -57 -67 -72 / 55 59 62 67 / 55 59 67 74 <END> 
<S> 59 62 67 74 / -59 -62 -67 -74 / 60 64 67 76 / 62 66 69 -76 / 60 -66 -69 -74 / 59 67 74 79 / 55 64 71 79 / 57 60 69 77 / 59 62 -69 -77 / 60 64 67 76 / 62 65 77 -60 / 64 79 -60 -72 / 58 65 74 -79 / 57 64 73 76 / 62 65 69 77 <END> 
<S> 64 67 79 / 57 66 69 -79 / 59 67 74 -67 / 72 76 -67 47 / 62 65 74 81 / 62 71 45 -81 / 64 67 72 79 / 57 65 74 81 / 59 71 74 79 / 60 64 72 -79 / 66 69 74 -60 / 58 67 76 -74 67 / 69 -67 -76 -79 <END> 
<S> 59 74 79 / 55 64 71 -79 / 60 64 69 79 / 57 60 -69 -79 / 59 69 74 / 62 -38 -69 -74 / 56 62 71 76 / 56 64 71 -76 / 57 64 71 72 / 69 -57 -64 -72 / 50 57 69 74 / 67 77 -57 52 <END> 
<S> 57 60 69 77 / 59 62 -69 -77 / 60 64 67 76 / 53 65 69 -76 / 55 67 71 74 / 55 67 71 74 / 53 -67 -71 -74 / 52 67 71 79 / 65 -52 -71 -79 / 64 71 79 81 / 69 -64 -81 -79 / 59 67 79 -79 / 76 77 -67 -79 <END> 
<S> 47 62 74 79 / 67 -47 -71 -79 / 51 67 72 76 / 50 65 74 77 / 52 67 76 79 / 53 69 77 -79 / 55 70 74 79 / 55 71 -74 -79 / 57 65 72 81 / 53 -65 -72 -81 / 55 65 -72 -72 / 60 65 -72 -77 / 58 74 -65 -77 / 76 -58 -65 -74 <END> 
<S> 53 65 72 81 / 64 -53 -72 -81 / 55 62 71 79 / 77 -55 -62 -71 / 48 60 67 76 / 55 59 67 74 / 52 60 67 79 / 48 60 69 77 <END> 
<S> 52 60 67 79 / 50 -60 -67 -79 / 52 60 72 79 / 71 -52 -60 -79 / 54 60 69 74 / 55 59 67 76 / 66 -55 -59 -76 / 64 -55 -59 -76 / 55 64 69 72 / 54 62 -69 -72 / 55 62 67 71 <END> 
<S> 52 60 64 -69 / 53 60 69 -60 / 55 59 -60 -69 / 52 60 67 -59 / 58 -52 -67 -67 / 53 57 65 69 / 64 -53 -57 -69 / 57 62 66 -57 / 55 59 67 / 55 60 64 67 / 59 62 65 -67 / 60 64 67 / 57 62 65 74 / 64 72 -57 / 62 65 -72 74 / 60 64 67 76 / 65 69 -60 -76 <END> 
<S> 45 60 64 67 / 62 -45 -60 -67 / 50 57 62 65 / 59 62 -57 -69 / 55 60 64 / 53 57 -60 -64 / 50 53 59 62 / 60 -50 -53 -62 / 43 55 59 62 / 53 -43 -59 -62 / 48 52 55 60 / 48 52 60 67 / 45 52 60 69 / 59 -45 -52 -69 <END> 
<S> 48 55 62 64 / -48 -55 -59 -64 / 43 55 60 62 / 59 -43 -55 -62 / 53 -43 -59 -62 / 48 52 55 60 / 0 / 55 62 67 71 / 54 62 69 72 / 52 67 71 -62 / 50 60 67 76 / 48 -67 -60 -76 / 55 59 67 74 / 43 43 -55 -74 <END> 
<S> 55 59 67 74 / 57 72 -67 / 47 66 74 / / 72 -66 -74 / 55 59 67 -74 / 60 67 76 / 59 67 74 / 57 64 69 72 / 55 62 71 79 / 60 64 72 48 / 65 74 -60 64 / 67 76 -60 58 <END> 
<S> 57 64 69 72 / 59 62 74 -69 / 60 67 76 / 77 -60 -67 / 59 74 67 74 / 65 -59 -74 / 64 67 72 / 48 64 67 -72 / 62 65 69 77 / 71 79 -65 -77 / 74 72 -65 59 67 74 -65 / 64 67 72 84 62 66 74 -72 <END> 
<S> 57 60 69 77 / 59 62 -69 -77 / 60 64 67 76 / 53 65 69 -76 / 64 67 71 77 / 47 62 -67 79 / 48 60 67 76 / 53 60 81 -67 / 62 76 -53 -69 / 43 59 67 74 / 65 -59 -74 / 57 60 64 72 / 66 -57 -60 -72 / 55 62 67 71 <END> 
<S> 62 66 69 / 60 -62 -66 -69 / 59 62 67 71 / 57 60 72 -67 / 66 -57 -60 -72 / 55 59 67 74 / 52 59 68 76 / 57 60 64 72 / 55 58 -64 -72 / 57 65 69 72 / 59 74 -65 -69 / 60 64 67 76 / 62 65 -67 -76 <END> 
<S> 57 60 69 -64 / 62 65 -57 -60 / 58 64 67 -62 / 59 62 -55 -67 / 57 60 64 72 / 55 59 62 -72 / 53 57 -59 -72 / 52 55 64 72 / 50 57 62 66 / 48 -57 -66 -74 / 47 62 67 / 65 -47 -62 -67 <END> 
<S> 52 55 60 72 / 57 64 -55 -72 / 54 62 69 74 / 50 59 67 -74 / 52 67 72 / 54 -67 -72 / 55 67 71 74 / -67 -71 -74 / 69 66 71 -74 / 72 -50 -66 -71 / 52 55 67 71 / 50 -55 -67 -71 / 48 64 67 72 / 50 57 66 74 / 55 59 62 67 <END> 
<S> 55 67 72 74 / 62 71 -55 -74 / 64 69 72 -55 / 54 62 -69 -72 / 55 62 69 71 / 59 64 67 -71 / 52 64 67 72 / 55 -52 -67 -72 / 53 67 70 74 / 65 -53 -70 -74 / 55 67 70 -70 / 56 65 -70 -70 / 63 68 -55 -70 / 50 62 65 70 / 62 -50 -62 -70 / 55 60 63 -62 / 58 56 60 65 <END> 
<S> 62 65 69 -72 / 53 -62 -69 -72 / 52 62 67 71 / 55 -62 -67 -71 / 48 64 67 72 / 50 -64 -67 -72 / 52 62 67 71 / 59 -62 -67 -71 / 60 67 69 76 / 54 -60 -69 -76 / 55 67 70 74 / 65 -55 -70 -74 / 55 63 69 72 / 67 -55 -63 -72 / 54 62 69 74 / 72 -54 -62 -69 <END> 
<S> 60 66 69 74 / 59 -66 -74 -74 / 60 66 69 74 / 62 71 -69 / 54 63 69 72 / 55 62 71 -69 / 67 -55 -62 -71 / 50 62 66 69 / 55 59 62 67 / 52 67 -59 -67 / 57 60 65 69 / 59 62 67 / 60 64 69 -53 / 59 62 67 71 / 64 72 -59 -67 <END> 
<S> 62 71 -67 / 69 60 66 69 / 59 62 67 71 / 57 64 72 -71 / 71 -57 -64 -72 / 54 69 -64 -72 / 55 59 67 74 / 52 64 67 72 / 62 -52 -67 -72 / 53 60 65 69 / 64 -53 -69 / 47 62 67 71 / 65 -47 -62 -67 / 48 60 64 67 / 59 -48 -64 -67 <END> 
<S> 54 62 69 72 / 55 64 71 -69 / 53 62 69 72 / 52 71 -62 -69 / 50 -62 -69 -71 / 48 55 64 72 / 60 64 67 / 65 69 -60 / 59 62 67 71 / 57 -62 -64 -71 / 59 62 65 67 / -59 -62 -65 -67 / 59 62 67 79 / 57 69 -62 -79 / 55 62 71 79 / 61 64 69 -79 <END> 
<S> 55 62 71 74 / 53 -62 -71 -74 / 52 67 72 76 / 50 65 70 -76 / 49 64 69 79 / 50 62 77 81 / 81 -50 -62 -77 / 43 67 74 79 / 55 74 -67 -79 / 53 72 81 -67 / 71 -53 -69 -81 / 79 67 72 47 / 65 74 81 -67 <END> 
<S> 55 67 74 -72 / 71 -55 -67 -74 / 69 -55 -74 / 71 74 -55 -67 / 57 72 -67 / 59 62 67 / 55 60 67 74 / 59 65 -67 -74 / 60 64 67 / 62 66 -60 -67 / 60 64 67 71 / 59 72 -67 -64 / 57 60 65 -72 / 59 62 67 74 / 60 -59 -67 -74 / 59 62 67 74 / -59 -62 -67 <END> 
<S> 59 62 67 71 / 60 -62 -67 -71 / 62 65 69 / 50 -62 -65 -69 / 55 62 71 74 / 53 59 71 74 / 52 60 72 76 / 74 -52 -60 -72 / 53 69 72 77 / 74 -53 -69 -77 / 55 67 76 -74 / 43 58 -67 -76 / 64 72 -55 -60 / 54 62 69 74 / 55 62 67 -74 / 64 -55 -67 -74 / 65 -55 -74 -74 <END> 
<S> 57 69 72 76 / 55 -69 -72 -76 / 53 57 72 74 / 71 -53 -57 -74 / 52 55 72 76 / 53 74 -72 -76 / 55 67 71 74 / 65 -55 -71 -74 / 48 64 67 72 / 55 67 71 74 / 55 67 71 74 / 53 -67 -71 -74 / 52 67 71 79 / 65 -52 -71 -79 <END> 
<S> 48 64 67 72 / 62 -48 -67 -72 / 60 -48 -67 -72 / 55 60 67 74 / 59 -55 -67 -74 / 48 64 67 72 / 60 64 67 72 / 55 65 70 74 / 64 67 73 76 / 65 69 72 77 / 67 74 -65 -77 <END> 
<S> 49 64 67 69 / 50 65 -64 -69 / 52 62 67 71 / 50 -62 -67 -71 / 52 60 67 72 / 54 62 -67 -72 / 55 62 67 71 / 48 64 67 69 / 50 62 66 -69 / 60 -50 -66 -69 / 43 59 62 67 <END> 
<S> 50 62 66 69 / 60 -50 -66 -69 / 55 59 62 67 / 60 -44 72 -55 / 43 62 -55 -72 / 45 60 72 -67 / 47 62 67 -72 / 48 64 67 72 / 60 -48 -64 -67 / 55 60 64 67 <END> 
<S> 48 64 67 72 / 60 -64 -67 -72 / 55 62 67 71 / 0 / 59 62 67 / 57 60 67 72 / 59 65 74 / 57 60 65 72 / 52 64 -60 -72 / 53 62 69 77 / 71 -53 -62 -77 <END> 
<S> 60 64 67 76 / 58 62 -67 -76 / 57 60 65 77 / 59 62 67 -77 / 60 64 69 76 / 49 69 -64 -69 / 50 62 69 74 / 67 -53 -62 -74 / 52 62 72 -69 / 50 71 -62 -78 / 52 62 67 -71 / 50 -62 -67 -71 / 48 67 72 -67 / 66 -48 -67 -76 <END> 
<S> 50 62 69 71 / 67 -62 -62 -71 / 52 60 67 72 / 64 71 -60 -67 / 54 60 69 -67 / 62 66 69 / 60 -62 -66 -69 / 59 62 67 71 / 55 -62 -67 -71 / 60 64 67 72 / 69 -60 -64 -67 / 64 67 71 -64 / 62 66 66 69 / 55 62 67 71 / 62 71 -67 -71 <END> 
<S> 64 69 72 -64 / 66 -57 -69 -72 / 55 62 67 71 / 59 64 67 / 57 64 74 -67 / 59 62 74 -67 / 60 64 72 76 / 65 -60 -72 -76 / 55 67 71 74 / 62 -55 -71 -74 / 57 64 72 / 62 -57 -72 / 64 -57 -72 / 59 65 71 74 / 57 60 69 76 / 52 -60 -69 -76 <END> 
<S> 57 64 72 / 59 62 -72 / 60 69 -62 / 47 62 67 / 48 64 67 72 / 60 64 67 72 / 59 62 67 74 / 76 -59 -62 -67 / 77 -58 -62 -67 / 60 69 76 / 55 -60 -69 -76 / 53 62 70 77 / 52 -65 -70 -77 / 50 65 69 77 / 58 70 -50 -77 <END> 
<S> 60 64 67 / 59 62 67 79 / 55 -67 -71 -79 / 60 64 72 79 / 53 65 72 81 / 64 79 -53 -72 / 65 74 77 -59 / 76 67 -65 -74 / 60 67 76 -74 / 72 -60 -67 -76 / 55 67 71 74 / 59 74 -67 -74 / 60 67 76 -74 / 62 72 -60 -67 / 64 67 74 / 71 -67 -67 <END> 
<S> 60 67 72 76 / 65 74 -72 -76 / 55 67 71 74 / 62 65 71 -74 / 64 67 72 76 / 65 69 81 / 64 67 71 79 / 62 65 -71 -79 / 52 64 72 79 / 55 62 -52 -79 / 57 60 69 77 / 59 -60 -69 -77 / 60 67 76 / 58 -60 -67 -76 <END> 
<S> 59 62 71 79 / 69 -59 -62 -79 / 59 62 71 79 / 60 -62 -71 -79 / 62 69 79 / 81 -62 -69 / 50 62 71 78 / 52 55 -62 -79 / 50 62 71 77 / 52 67 72 -77 / 53 67 71 74 / 55 -67 -71 -74 / 57 67 72 / 55 -67 -70 / 53 65 69 72 / 46 -65 -69 -72 / 74 -53 -65 -69 / 48 67 76 -62 / 60 64 -48 -76 <END> 
<S> 52 67 72 -58 / 57 64 69 -72 / 55 65 71 74 / 53 67 76 / 52 -67 -67 -76 / 50 65 69 74 / 59 67 -50 -74 / 48 69 72 76 / 47 -69 -72 -76 / 52 67 72 -64 / 53 69 -72 -79 / 55 67 71 74 / 65 -55 -71 -74 / 48 64 67 72 / 52 60 67 72 <END> 
