<S> 0 67 / 48 55 63 -67 / 51 60 67 / 48 55 63 -67 / 56 60 63 65 / 0 59 62 -65 / 0 60 63 -62 / 51 55 60 -63 / 53 56 60 62 / 50 55 59 -62 / 53 57 -50 -62 / 55 59 -62 / 43 53 -59 -62 / 48 51 60 / 53 59 -48 -60 / 0 51 60 -60 / 0 50 62 -60 <END> 
<S> 56 60 65 / 55 59 62 -65 / 60 63 -55 -59 / 53 59 62 -55 / 53 -43 -59 -62 / 48 51 55 60 / 60 -48 -51 -60 / 43 55 59 62 / 44 51 60 67 / 41 48 -60 -67 / 43 55 60 70 / 53 -43 -60 -70 / 48 55 60 63 / 56 -48 -60 -63 <END> 
<S> 48 51 60 67 / 46 -51 -60 -67 / 44 53 60 65 / 46 55 58 -65 / 56 -46 -58 -65 / 46 55 58 63 / 51 58 63 67 / 50 65 -58 -63 / 51 58 63 67 / 50 -58 -63 -67 <END> 
<S> 44 53 65 -63 / 62 -44 -53 -65 / 60 -44 -53 -65 / 46 62 -53 -65 / 39 58 63 67 / 55 62 -58 -67 / 68 -55 -58 -63 / 43 58 62 70 / 48 60 63 67 / 46 52 -60 -67 / 45 53 60 65 / 47 55 -53 -65 / 48 55 60 63 / 44 56 60 65 / 43 59 62 67 <END> 
<S> 50 55 62 67 / 51 60 -55 -67 / 53 60 62 67 / 55 71 -60 -67 / 57 60 65 68 / 59 62 -65 / 63 67 -53 -60 / 55 62 -45 -67 / 60 63 67 / 62 -60 -67 / 60 65 67 / 63 -60 -67 / 58 62 65 / 56 60 63 72 / 55 67 -63 -72 / 53 62 67 70 / 53 -62 -67 -70 <END> 
<S> 60 63 67 72 / 55 62 -67 -72 / 54 63 69 72 / 55 62 71 74 / 56 60 72 76 / 55 77 -60 -72 / 53 59 67 72 / 51 -53 -67 -72 / 53 65 69 74 / 50 65 -69 -74 / 55 62 71 79 / 63 -55 -71 -79 / 56 65 72 77 / 53 63 -72 -77 / 58 62 70 77 / 46 -62 -70 -77 / 51 63 67 75 / 75 -62 -67 -75 <END> 
<S> 53 57 69 74 / 58 -53 -69 -74 / 54 62 74 -69 / 72 -54 -62 -69 / 55 62 67 70 / 51 63 67 70 / 53 65 68 -70 / 63 67 -53 -70 / 55 62 67 71 / 56 60 72 -67 / 65 -56 -60 -72 / 55 67 -60 -60 / 59 62 -55 -67 / 55 59 67 / 65 -55 -67 <END> 
<S> 58 62 67 70 / 55 67 70 75 / 57 -67 -70 -75 / 58 65 74 77 / 55 -65 -74 -77 / 60 63 72 79 / 62 65 -72 -79 / 64 67 72 79 / 60 63 -72 -79 / 61 65 70 77 / 62 -65 -70 -77 / 58 -62 -70 -77 / 55 63 70 75 / 62 -55 -70 -75 <END> 
<S> 57 63 72 77 / 62 65 -72 -77 / 63 70 79 79 / 62 -70 -79 / 60 63 72 79 / 59 62 74 79 / 60 67 72 77 / 63 -60 -72 -77 / 58 74 77 -63 / 50 62 -74 -77 / 58 67 70 77 / 68 -58 -74 -77 <END> 
<S> 60 75 -65 -75 / 58 62 74 79 / 67 -58 -74 -79 / 57 63 72 75 / 70 -63 -72 / 62 65 70 72 / 60 63 -65 -70 / 62 65 70 82 / 63 70 79 / 62 -63 -70 -79 / 60 63 79 -70 / 58 62 -67 -79 <END> 
<S> 63 67 70 / 60 63 72 75 / 58 -63 -72 -75 / 56 72 77 -63 / 58 62 65 74 / 63 67 72 75 / 48 63 72 79 / 53 68 72 77 / 71 -53 -68 -77 <END> 
<S> 56 63 72 77 / 58 62 70 -77 / 68 -58 -62 -77 / 51 63 67 75 / 60 67 72 75 / 58 -67 -72 -75 / 56 60 72 77 / 55 75 -60 -72 <END> 
<S> 48 63 72 75 / 60 -48 -72 -75 / 53 68 74 77 / 55 67 75 -74 / 65 -55 -74 -74 / 63 67 72 -55 / 43 -67 -72 / 65 71 74 -56 / 63 -43 -70 -74 / 56 63 72 / 65 -56 -72 / 55 63 67 70 / 53 68 -63 / 55 58 62 70 / 48 63 -58 -70 <END> 
<S> 56 63 67 72 / 65 -56 -67 -72 / 55 62 67 / 59 -51 -62 -67 / 53 60 67 68 / 65 -53 -60 -68 / 55 59 62 67 / 60 63 67 72 / 58 62 -67 -72 / 56 60 65 77 / 55 67 -60 -77 / 53 65 68 77 / 63 72 -60 -77 / 59 62 74 79 / 67 -59 -74 -79 / 60 67 75 -74 / 48 63 -67 -75 <END> 
<S> 60 63 67 79 / 58 62 -67 -79 / 56 60 72 77 / 55 70 -60 -77 / 53 68 72 74 / 55 67 71 -74 / 65 -55 -71 -74 / 48 63 67 72 / 58 65 70 74 / 56 -65 -70 -74 / 55 70 75 -65 / 53 -65 -70 -75 <END> 
<S> 48 63 67 70 / 63 67 72 / 62 67 -48 -72 / 60 63 67 75 / 69 -60 -63 -75 / 58 62 70 74 / 56 65 72 77 / 67 -56 -72 -77 / 55 62 71 77 / 53 -62 -71 -77 / 51 63 68 79 / 48 -63 81 -79 <END> 
<S> 51 63 67 79 / 53 -63 -67 -79 / 55 62 67 71 / 53 -62 -67 -71 / 51 63 67 72 / 50 -63 -67 -72 / 48 62 67 74 / 47 -62 -67 -74 / 48 60 67 75 / 58 -67 -75 / 56 60 72 77 / 55 75 -60 -72 <END> 
<S> 48 63 67 72 / 62 -48 -67 -72 / 60 63 67 75 / 58 -63 -67 -75 / 56 60 65 72 / 55 67 -60 -72 / 53 60 67 70 / 51 -60 -67 -70 / 53 68 60 68 / 55 59 67 -68 / 56 60 -67 -68 / 58 60 65 68 / 53 60 68 -65 <END> 
<S> 56 60 67 72 / 65 -60 -56 -72 / 55 60 67 70 / 53 -60 -67 -70 / 55 60 67 72 / 53 68 -60 -72 / 55 62 67 71 / 43 59 62 67 / 48 60 67 75 / 51 -60 -67 -75 / 56 60 72 77 / 53 -60 -72 -77 / 55 67 71 74 / 55 59 67 74 / 60 67 75 <END> 
<S> 47 62 67 74 / 48 60 65 75 / 67 -48 -60 -75 / 58 65 74 77 / 56 60 72 75 / 55 70 -60 -75 / 53 68 72 74 / 67 -53 -68 -74 / 48 67 72 75 / 65 -48 -72 -75 / 55 62 71 74 / 51 63 67 72 / 65 -51 -67 -72 <END> 
<S> 55 67 72 75 / 53 -67 -72 -75 / 55 62 71 74 / 65 -55 -71 -74 / 48 63 67 72 / 53 57 65 -75 / 47 65 -56 74 / 55 59 67 74 / 48 60 75 -74 / 72 -48 -60 -75 / 55 62 71 74 <END> 
<S> 56 60 65 / 55 59 67 74 / 53 56 60 72 / -53 74 -53 -72 / 55 60 67 -72 / 74 -55 -67 -74 / 72 -55 -67 -74 / 65 67 71 -55 / 63 -55 -67 -71 / 62 -55 -67 -70 / 48 63 67 72 / 60 63 67 <END> 
<S> 55 67 74 -72 / 71 -55 -67 -74 / 57 72 -67 / 66 -57 -57 -72 / 55 59 67 74 / 55 59 67 75 / 60 67 75 / 58 61 -67 -75 / 56 68 72 75 / 55 -68 -72 -75 / 53 70 74 79 / 55 47 -74 79 / 57 72 77 / 47 50 74 -77 / 60 67 -50 -60 / 51 -60 -67 <END> 
<S> 60 67 75 / 58 62 -67 -75 / 56 63 72 75 / 55 -68 -72 -75 / 53 68 72 74 / 50 65 77 -72 / 43 71 -65 -74 / 63 72 -43 -71 / 65 74 -52 -71 / 48 67 72 75 / 60 67 72 75 / 55 67 71 74 <END> 
<S> 56 60 72 -65 / 60 68 -56 -72 / 55 62 67 71 / 59 62 67 / / 60 67 72 / 63 75 -67 -72 / 65 68 74 -60 / 59 67 74 / 65 60 -67 -74 / 59 67 74 79 / 65 -59 -74 -79 <END> 
<S> 63 67 70 / 62 65 -70 / 60 63 67 72 / 58 62 70 -67 / 68 -58 -62 / 63 70 -44 -62 / 61 -51 -67 -70 / 67 59 67 79 / 60 67 77 / 58 62 -67 -77 / 56 60 68 72 / 55 70 -60 -72 <END> 
<S> 60 63 67 75 / 58 62 -67 -75 / 56 60 72 77 / 55 70 -60 -77 / 53 65 68 74 / 63 75 -55 -68 / 44 65 68 74 / 46 65 -68 -74 / 51 67 72 -58 / 57 -51 -67 -72 / 55 58 67 74 / 57 60 -67 -74 / 58 62 65 70 / 53 63 70 72 <END> 
<S> 48 67 72 75 / 63 -48 -72 -75 / 53 65 74 -72 / 50 65 71 -74 / 51 63 67 72 / 62 -51 -67 -72 / 56 60 65 -72 / 55 67 74 -60 / 52 60 67 79 / 53 68 -60 -79 / 55 60 67 74 / 59 -55 -67 -74 <END> 
<S> 56 60 63 72 / 65 74 -56 -60 / 55 60 67 75 / 53 -60 -67 -75 / 55 59 67 74 / 65 -55 -59 -74 / 56 60 63 72 / 55 -60 -65 -72 / 53 60 68 77 / 62 -53 -68 -77 / 60 63 67 75 / 65 69 74 -60 <END> 
<S> 56 60 63 72 / 55 -60 -63 -72 / 53 68 74 -60 / 59 67 -53 / 51 60 67 -67 / 44 53 65 -60 / 55 59 64 -53 / 53 57 60 63 / 62 -53 -60 -56 <END> 
<S> 48 60 63 68 / 46 -60 -63 -68 / 45 60 65 68 / 47 -60 -65 -68 / 48 60 67 68 / 50 -60 -67 -68 / 51 60 67 / 58 62 -51 -67 / 53 60 63 69 / 51 -60 -63 -69 <END> 
<S> 44 60 65 74 / 46 -60 -65 -68 / 48 60 67 -65 / 64 -48 -60 -67 / -48 -60 -63 / 55 62 67 70 / 53 62 67 70 / 65 69 -53 -62 / 55 63 67 70 / 65 -55 -63 -70 / 51 58 67 75 / 53 63 -58 -75 / 51 -58 -63 -70 / 53 58 70 / / 55 -58 -70 <END> 
<S> 51 63 67 70 / 50 65 -67 -70 / 48 63 67 79 / 53 60 68 77 / 59 -60 -68 -77 / 60 67 -53 / 53 59 62 74 / 51 60 67 72 / 55 59 74 -67 / 65 -55 -59 -74 / 56 60 63 72 / 55 -60 -63 -72 <END> 
<S> 55 62 67 71 / 55 59 62 67 / 53 -59 -62 -67 / 51 60 67 72 / 48 63 -60 -72 / 50 65 71 74 / 48 63 67 72 / 65 74 -48 -67 / 60 67 72 -51 / 58 -67 -72 -75 / 56 60 72 77 / 55 70 -60 -77 <END> 
<S> 48 63 67 72 / 56 65 -67 -72 / 55 67 71 74 / 53 67 70 75 / 51 -67 -70 -75 / 53 65 69 72 / 63 74 -53 -69 / 59 62 67 74 / 65 -59 -62 -74 / 60 63 67 75 / 62 -60 -67 -75 / 54 60 69 75 / 55 67 71 74 / 60 67 72 75 / 58 -67 -72 -75 <END> 
<S> 60 63 67 75 / 62 -60 -67 -75 / 54 60 69 75 / 55 67 71 74 / 60 67 72 75 / 58 -67 -72 -75 / 57 60 72 77 / 55 70 -60 -77 / 53 65 69 72 / 74 -53 -65 -69 / 75 -53 -65 -69 / 46 58 65 70 / 48 60 63 -70 <END> 
<S> 57 60 72 77 / 55 70 -60 -77 / 53 65 69 72 / 74 -53 -65 -69 / 55 58 67 75 / 57 60 -67 -75 / 58 62 67 74 / 65 -59 -74 / 63 67 72 / 62 74 -67 -72 / 60 67 75 / 58 62 -67 -75 / 56 63 72 / 55 -63 -72 / 53 68 74 -72 / 55 67 71 74 / 65 -55 -71 -74 <END> 
<S> 60 67 75 / 58 62 -67 -75 / 56 63 72 75 / 55 -63 -72 -75 / 53 68 74 -60 / 59 67 -53 -74 / 51 60 67 75 / 55 -60 -67 -75 / 53 60 65 68 / 63 -53 -65 -68 / 59 62 65 74 / 58 61 67 77 / 60 -58 -67 -77 / 56 60 72 77 / 55 75 -60 -72 <END> 
<S> 60 63 67 72 / 58 62 -67 -72 / 56 60 65 72 / 55 67 -60 -72 / 53 60 68 74 / 55 59 67 74 / 65 -55 -67 -74 / 48 63 67 72 / 60 63 67 72 / 58 62 -67 -72 <END> 
<S> 48 63 67 72 / 60 -48 -67 -72 / 55 60 67 74 / 59 -55 -67 -74 / 0 / 48 63 67 72 / 66 -48 -63 -72 / 55 62 67 71 <END> 
<S> 50 62 65 71 / 51 60 67 72 / 58 62 -67 -72 / 56 60 65 72 / 55 67 -60 -72 / 53 60 65 68 / 59 62 67 -53 / 51 60 67 75 / 53 68 74 -60 <END> 
<S> 56 60 63 72 / 55 -60 -63 -72 / 53 65 68 74 / 72 75 -53 -68 / 55 67 71 74 / 43 59 -67 -74 / 65 -55 -59 -74 / 48 55 64 72 / 53 57 65 72 / 58 65 74 / 57 60 66 72 <END> 
<S> 48 55 63 72 / 56 65 72 -48 / 58 -48 -67 -72 / 60 63 67 72 / 58 62 -67 -72 / 56 60 65 77 / 55 72 -65 -77 / 53 68 74 -65 / 50 -74 -68 -74 / 67 71 -50 -74 / 65 72 -71 -74 <END> 
<S> 62 65 77 / 60 75 -65 / 59 62 67 74 / 60 67 75 / 58 62 -67 -75 / 56 63 72 75 / 55 -63 -72 -75 / 53 68 72 74 / 71 75 -53 -68 / 55 67 72 74 / 43 59 -67 -74 / 65 -43 -59 -74 <END> 
<S> 56 65 72 77 / 67 -56 -72 -77 / 55 68 72 75 / 53 -68 -72 -75 / 58 67 70 75 / 65 77 -58 -70 / 56 63 72 77 / 55 70 -63 -77 / 53 61 70 79 / 52 -61 -70 -79 / 53 60 68 77 / 55 59 67 -77 <END> 
<S> 51 58 70 79 / 53 -58 -70 -79 / 55 58 70 79 / 56 60 -70 -79 / 58 62 65 74 / 67 75 -58 -62 / 59 62 68 77 / 60 67 75 / 55 59 74 -60 / 53 -59 -74 -74 <END> 
<S> 56 60 68 77 / 55 -60 -68 -77 / 60 67 72 75 / 58 74 -67 -72 / 56 65 72 75 / 55 70 -63 -72 / 53 65 70 74 / 51 67 72 75 / 70 -51 -67 -75 / 53 65 68 72 / 51 -65 -68 -72 <END> 
<S> 53 68 68 74 / 55 62 -68 -74 / 67 -55 -62 -74 / 65 -55 -67 -74 / 48 63 67 75 / 51 67 72 -75 / 53 68 72 74 / 55 67 71 -74 / 65 -55 -71 -74 / 48 63 67 72 / 50 58 70 77 <END> 
<S> 53 68 72 74 / 50 65 -72 -74 / 55 62 71 -74 / 63 -55 -71 -74 / 65 -55 -71 -74 / 48 63 67 72 / 60 63 67 75 / 58 62 -67 -75 / 56 60 72 77 / 55 70 -60 -77 / 53 65 72 -70 / 74 -53 -65 -72 / 75 -53 -65 -72 <END> 
<S> 60 63 67 75 / 58 62 -67 -75 / 56 60 72 77 / 55 70 75 -60 / 53 68 74 -60 / 55 59 67 -74 / 65 -55 -59 -74 / 48 60 63 72 / 50 58 70 77 <END> 
<S> 56 60 67 72 / 65 -56 -60 -72 / 55 47 67 74 / 72 -55 -67 / 43 59 67 74 / 55 59 62 67 <END> 
<S> 53 62 67 / 60 69 -53 -67 / 55 62 67 71 / 48 60 64 67 <END> 
<S> 67 77 -57 -67 / 59 62 67 -67 / 60 64 67 72 / 65 69 72 -60 / 64 67 72 76 / 62 65 71 77 <END> 
<S> 57 64 72 / 55 -57 -72 -72 / 53 69 72 -72 / 74 -53 -69 -72 / 55 67 71 -74 / 65 -55 -71 -74 / 48 64 67 72 / 60 64 67 72 <END> 
<S> 48 64 67 72 / 55 62 67 71 / 60 -55 -62 -67 / 58 60 67 76 / 69 -60 -60 -67 / 70 -60 -65 -69 / 58 65 69 74 / 60 64 -69 -74 / 62 -60 -69 -76 / 53 60 69 77 <END> 
<S> 58 62 67 / 57 60 69 -67 / 55 62 67 70 / 53 -62 -67 -70 / 52 67 72 -67 / 53 65 69 -67 / 64 65 -53 -69 / 60 -53 -65 -69 / 59 67 -53 -65 / 60 64 67 / 62 60 66 69 / 55 59 67 74 / 65 74 -55 -59 <END> 
<S> 50 57 65 65 / 59 62 67 -65 / 60 64 -59 -67 / 43 59 62 65 / 59 62 67 -65 / 52 60 67 -59 / 50 59 65 74 / 52 59 64 68 / 74 -55 -59 -64 / 48 57 64 72 / 55 62 71 / 53 60 69 -55 / 52 55 67 -60 / 59 -52 -55 -67 <END> 
<S> 43 59 67 74 / 45 60 -67 -74 / 47 62 67 74 / 43 59 65 -74 / 45 59 64 72 / 47 57 -64 -72 / 56 -47 -64 -72 / 72 -57 -64 -72 / 50 65 71 74 / 52 67 71 -74 / 54 57 69 72 / 55 67 72 -69 / 54 62 69 -72 / 55 62 67 71 <END> 
<S> 57 64 69 72 / 66 -57 -69 -72 / 55 62 67 71 / 52 59 67 / 57 64 69 72 / 55 -64 -69 -72 / 53 65 69 74 / 71 -53 -65 -74 / 48 64 72 76 / 50 65 -72 -76 / 52 67 72 79 / 53 -67 -72 -79 / 55 67 74 -72 / 71 -55 -67 -74 / 69 -55 -67 -74 / 67 -55 71 -74 / 65 -55 -71 -74 <END> 
<S> 53 65 69 74 / 71 -53 -65 -74 / 72 -50 -65 -72 / 55 62 71 74 / 67 -55 -71 -74 / 65 -55 -71 -74 / 48 64 67 72 / 60 67 72 76 / 59 67 74 79 / 76 -59 -67 -79 / 57 65 77 <END> 
<S> 58 62 74 -69 / 67 72 -58 -74 / 55 67 71 74 / 72 -55 -67 -74 / 67 71 -55 -74 / 65 -55 -71 -74 / 48 64 67 72 / 55 58 67 74 / 57 72 -67 -74 / 58 65 74 / 57 72 -58 -74 / 55 70 74 53 55 72 -70 -74 <END> 
<S> 55 58 67 75 / 53 65 68 72 / 51 63 67 70 / 50 65 68 71 / 51 63 67 72 / 53 -63 -67 -72 / 55 62 67 70 / 60 63 67 75 / 58 62 -67 -75 <END> 
<S> 51 63 67 72 / 53 -63 -67 -72 / 55 62 67 71 / 48 63 67 72 / 60 67 72 75 / 58 65 70 74 / 56 63 72 / 55 70 -63 -72 / 53 68 74 -72 / 67 71 -53 -74 / 65 72 -50 -68 / 47 67 74 -65 / 48 67 75 -74 / 72 -48 -67 -75 <END> 
<S> 56 68 72 75 / 55 -63 -72 -75 / 56 70 74 77 / 61 -68 -74 / 60 67 72 75 / 53 -67 -72 -75 / 55 67 71 74 / 51 67 72 / 50 65 70 74 / 48 63 70 79 / 53 68 77 -63 / 62 -53 -68 -77 <END> 
<S> 51 67 70 75 / 53 -67 -70 -75 / 51 67 70 75 / 50 -67 -70 -75 / 46 62 70 77 / 48 63 75 79 / 50 65 77 77 / 71 -50 -77 -77 / 51 67 72 75 / 53 -67 -72 -75 / 55 67 71 74 / 65 -55 -71 -74 <END> 
<S> 50 65 72 77 / 71 -50 -65 -77 / 52 67 72 75 / 53 -67 -72 -75 / 55 67 71 74 / 65 -55 -71 -74 / 56 63 72 / 70 -56 -63 55 / 53 65 68 80 / 59 74 -53 -65 / 68 -53 -59 -74 / 47 55 -68 -74 / 56 72 75 -48 / 58 -48 -72 <END> 
