<S> 55 62 67 71 / 50 62 66 69 / 60 -50 -66 -69 / 43 59 62 67 / 53 59 62 67 / 51 60 67 69 / 50 65 68 71 / 57 64 69 72 / 56 64 71 74 <END> 
<S> 52 60 67 72 / 50 65 -58 -72 / 52 60 67 72 / 48 -60 -67 -72 / 53 60 67 69 / 65 -53 -60 -69 / 55 59 62 67 / 60 -55 -62 -67 / 60 60 -55 -67 / 53 59 62 67 / 52 60 -67 / 50 65 59 74 / 48 60 67 -74 <END> 
<S> 48 60 64 67 / 55 59 -48 -67 / 53 57 60 69 / 52 55 -60 -69 / 50 53 65 71 / 55 -50 -65 -71 / 48 57 65 72 / 55 64 -48 -72 / 53 62 -48 -72 / 48 55 64 72 / 60 64 -48 -72 / 47 62 65 -72 / 45 60 69 77 / 47 62 -69 -77 / 48 64 -57 -72 / 50 62 65 71 <END> 
<S> 48 64 72 -58 / 50 -48 -64 -72 / 52 55 62 71 / 48 55 64 72 / 48 62 65 71 / 64 -48 -60 -71 / 66 -48 -64 -72 / 55 59 67 71 / 60 69 -55 -59 / 64 62 -55 -69 / 62 -55 -62 -65 / 59 62 67 69 / 60 -62 -67 -69 / 55 62 67 71 / 50 62 65 69 <END> 
<S> 59 62 67 71 / 52 60 67 -67 / 50 65 69 74 / 71 -50 -65 -74 / 48 67 72 76 / 59 74 -72 / 60 67 76 / 59 62 -67 -76 / 57 60 69 77 / 55 71 -60 -77 / 57 60 72 76 / 74 -57 -60 -72 / 52 67 72 76 / 53 -67 -72 -76 / 55 67 71 74 / 60 67 72 76 / 77 -60 -67 -72 <END> 
<S> 60 64 72 76 / 62 -60 -72 -76 / 55 72 74 -60 / 59 -43 -55 -74 / 55 60 64 72 / 65 74 -55 -60 / 55 60 67 76 / 53 -60 -67 -76 / 55 59 67 74 / 65 -55 -59 -74 / 52 60 67 72 / 54 69 -60 -72 / 55 62 67 71 / 57 64 66 69 / 59 62 67 71 <END> 
<S> 50 60 65 74 / 64 -50 -60 -74 / 43 62 71 74 / 55 59 74 -74 / 52 60 67 76 / 54 69 -60 -76 / 55 67 70 74 / 65 69 -55 -74 / 67 70 -55 -74 / 65 69 -55 -74 / 56 64 71 76 / 74 -56 -64 -71 / 57 64 69 72 / 55 -64 -69 -72 <END> 
<S> 53 65 69 72 / 53 65 69 72 / 74 -53 -65 -69 / 55 67 72 76 / 57 74 -67 -72 / 55 59 69 74 / 54 57 62 -74 / 55 59 62 74 53 / 60 64 76 -55 / 54 62 69 74 / 52 67 -69 -74 / 53 65 69 -74 / 64 -50 -69 -74 / 66 74 -69 39 / 67 -74 71 <END> 
<S> 62 66 69 / 60 64 67 / 62 65 -67 -71 / 57 64 72 / 59 74 -64 -72 / 60 76 -59 -72 / 59 71 74 -60 / 57 60 69 76 / 59 62 -69 -76 / 64 71 -76 / 50 66 69 -76 / 55 64 67 71 62 / 66 -55 -71 -74 / 52 67 71 72 / 57 67 69 72 / 59 67 74 -67 <END> 
<S> 57 62 69 72 / 55 71 -69 -77 / 53 67 72 76 / 52 -67 -72 -76 / 50 65 72 77 / 71 -50 -65 -77 / 52 67 72 76 / 53 -67 -72 -76 / 55 67 74 -72 / 71 -55 -67 -74 / 0 / 56 64 71 76 <END> 
<S> 50 65 69 77 / 71 -50 -65 -77 / 52 67 72 76 / 53 -67 -72 -76 / 55 67 74 -72 / 71 -55 -67 -74 / 69 -55 -67 -74 / 71 -55 -67 -74 / 0 / 56 64 71 72 / 69 -56 -64 -72 / 52 62 68 71 / 50 -62 -71 <END> 
<S> 48 64 67 72 / 55 62 67 72 / 55 62 71 74 / 67 -55 -71 -74 / 65 -55 -71 -74 / 48 63 67 72 / 55 67 71 74 / 53 -67 -71 -74 / 52 67 72 76 / 50 65 72 77 <END> 
<S> 48 64 67 72 / 60 64 67 72 / 69 -60 -64 -72 / 55 65 71 74 / 69 -55 -65 -74 / 48 64 67 72 / 55 67 -64 -72 / 62 66 69 72 / 50 -62 -69 -72 / 55 62 67 71 / 53 -62 -67 -71 <END> 
<S> 48 64 69 -67 / 50 62 66 -69 / 60 -50 -66 -69 / 43 59 62 67 / 52 60 67 72 / 50 62 65 71 / 52 64 67 / 60 -52 -67 / 67 76 -48 -60 / 59 -48 -67 -76 / 54 57 69 74 <END> 
<S> 47 62 67 71 / 48 -62 -67 -71 / 50 62 69 -67 / 48 64 69 -69 / 47 62 67 -69 / 45 66 -62 -69 / 47 59 62 67 / 44 -59 -62 -67 / 45 57 64 72 / 66 -45 -57 -72 / 47 62 67 71 / 48 -62 -67 -71 / 50 62 66 69 / 55 62 67 71 / 43 55 62 71 <END> 
<S> 47 62 67 -55 / 43 60 -55 -67 / 59 -43 -55 -67 / 41 60 69 -55 / 54 38 62 -60 -69 / 50 59 62 67 / 57 -50 -62 -67 / 52 55 64 72 / 53 57 -64 -72 / 55 59 62 74 / 60 64 -55 -71 / 53 62 69 72 / 54 -62 -69 -72 / 55 62 67 71 / 48 64 67 69 / 50 62 66 -69 <END> 
<S> 54 57 62 72 / 50 -57 -62 -72 / 55 62 71 / 52 64 71 79 / 62 -52 -64 -79 / 57 60 69 77 / 55 59 71 76 / 74 -55 -59 -67 / 45 60 64 72 / 47 74 -64 / 48 62 72 76 / 50 71 77 -76 / 52 67 72 76 / 53 69 77 -72 <END> 
<S> 57 60 64 76 / 59 -57 -64 -76 / 57 60 64 -76 / 55 66 -60 -76 / 53 59 67 74 / 52 59 -67 -74 / 57 60 67 76 / 65 -57 -60 -76 / 52 59 65 74 / 74 -52 -59 -74 / 57 60 64 76 / 65 -57 -60 -76 / 52 60 67 -65 / 53 59 -60 -67 <END> 
<S> 57 60 67 76 / 55 59 -60 -76 / 57 60 65 / 59 50 -57 -65 / 45 57 60 65 / 74 -57 -60 / 55 59 64 / 53 -55 -59 -60 / 52 55 60 -55 / 53 -52 -60 -72 / 55 59 62 74 / 53 -55 -59 -74 / 52 59 68 76 / 61 -52 -59 57 <END> 
<S> 53 55 60 62 / 52 55 60 67 / 50 53 58 65 / 48 52 57 -58 / 47 55 57 60 / 48 52 57 -60 / 50 50 59 67 / 41 -50 -59 -67 / 40 55 59 67 / 45 55 60 64 / 38 54 57 62 / <END> 
<S> 50 55 62 71 / 52 55 -62 -71 / 53 57 60 69 / 50 62 65 71 / 52 64 67 72 / 62 -52 -67 -72 / 64 -43 -67 -72 / 43 62 -67 -72 / 48 60 64 -69 / 59 -48 -64 -69 / 45 57 64 72 / 62 71 -57 / 47 55 62 67 / 45 52 -55 -67 / 43 -52 -55 -67 / 50 54 57 62 / 48 60 -54 -57 -69 <END> 
<S> 45 64 69 72 / 47 -64 -64 -72 / 48 62 67 71 / 50 -62 -67 -71 / 51 66 72 / 51 66 69 -72 / 59 62 67 71 / 69 -59 -62 -69 / 55 59 67 71 / 53 60 69 72 / 57 64 69 72 / 55 -64 -69 -72 / 53 60 69 74 / 62 -53 -69 -74 / 55 59 67 -74 / 65 -55 -59 -74 / 48 55 64 72 <END> 
<S> 62 69 78 / 60 -62 -69 -69 / 59 62 67 -69 / 60 66 74 -59 / 60 -60 -66 -69 / 59 62 67 71 / 55 -62 -67 -71 / 57 60 65 69 / 53 -60 -65 -69 / 55 59 64 67 / 60 64 67 / 59 -60 -64 -67 / 57 60 64 65 / 0 / 59 62 64 67 <END> 
<S> 53 60 63 69 / 62 65 -53 -69 / 52 60 64 67 / 58 -52 -64 -67 / 49 57 65 -64 / 50 62 -57 -65 / 52 61 64 67 / 50 57 62 65 / 64 -57 -50 -57 / 57 55 62 71 / 53 55 -62 -71 / 52 55 60 72 / 54 57 62 -72 <END> 
<S> 50 57 62 65 / 48 60 -57 -65 / 47 55 62 65 / 43 -55 -62 -65 / 48 55 60 64 / 0 / 55 59 62 / 53 57 60 / 55 59 62 / -57 -55 -62 <END> 
<S> 55 60 62 / 53 -55 -60 -62 / 55 59 62 -55 / 53 -55 -59 -62 / 48 55 60 64 / 52 55 60 67 / 50 -55 -60 -67 / 48 55 60 65 / 47 62 -55 -65 / 45 57 60 64 / 47 -57 -60 -64 / 60 50 57 66 / 55 -50 -60 -66 <END> 
<S> 55 60 62 / 43 53 -55 -60 / 59 -43 -53 -56 / 55 -43 -59 -62 / 36 55 60 64 / 46 -55 -60 -64 / 45 53 60 65 / 41 -53 -60 -65 / 43 55 60 64 / 59 -43 -55 -64 / 57 -43 -55 -64 / 31 59 62 -55 / 53 -31 -59 -62 <END> 
<S> 43 55 60 64 / 59 -55 -60 -64 / 45 57 60 -60 / 43 55 59 62 / 53 -43 -59 -62 / 48 52 55 60 / 47 55 62 67 / 48 55 60 64 <END> 
<S> 43 62 65 -60 / 47 50 -62 -65 / 48 52 55 64 / 52 55 60 / 47 55 62 67 / 48 55 60 69 <END> 
<S> 50 62 65 71 / 60 -50 -65 -71 / 52 59 67 71 / 64 -52 -67 -71 / 62 69 -67 -71 / 50 -62 -67 -71 / 60 62 67 72 / 59 -62 -67 -72 / 60 67 72 76 / 77 -60 -67 -72 / 55 67 74 -72 / 71 -55 -67 -74 <END> 
<S> 62 67 76 / 64 60 69 -76 / 55 67 71 74 / 64 72 -55 -74 / 55 62 71 74 / 0 / 47 50 74 -67 / 45 66 -50 -69 / 52 55 -45 -69 / 40 54 57 69 / 38 59 67 74 / 60 68 76 / 59 62 67 77 <END> 
<S> 47 62 67 74 / 48 -62 -67 -74 / 50 62 66 69 / 55 62 67 71 / 52 60 67 71 / 50 59 65 -67 / 48 55 64 67 / 60 -48 -64 -67 / 45 60 65 69 / 67 -45 -60 -65 / 58 64 69 73 / 62 65 -58 -69 / 57 60 64 62 / 58 -57 -64 -72 / 56 57 60 65 / 59 62 -57 -65 <END> 
<S> 48 60 67 76 / 50 -60 -67 -76 / 52 60 67 76 / 53 -60 -67 -76 / 55 60 67 74 / 72 -55 -60 -67 / 55 59 65 74 / 62 -55 -59 -74 / 48 55 64 72 / 60 64 67 72 <END> 
<S> 55 60 67 74 / 64 -55 -60 -74 / 59 -55 -67 -74 / 48 64 67 72 / 60 64 67 72 / 59 -64 -67 -72 / 57 69 72 -64 / 66 -57 -69 -72 / 55 67 72 74 / 53 -67 -72 -74 / 55 67 71 74 / 65 -55 -71 -74 <END> 
<S> 60 64 67 76 / 62 -60 -67 -76 / 52 60 67 72 / 53 69 74 -60 / 55 59 67 76 / 65 -55 -59 -76 / 48 64 -55 72 / 55 62 71 / 53 60 69 72 / 52 67 71 58 / 50 65 72 77 / 52 67 -72 -77 / 53 69 -72 -77 <END> 
<S> 60 64 67 72 / 62 65 71 74 / 64 67 72 76 / 71 -67 -71 -79 / 60 67 72 76 / 62 78 -72 -76 / 64 71 79 / 62 71 -79 / 68 -59 -62 -74 / 57 64 72 76 / 55 71 -64 -76 / 54 69 -64 50 / 62 -54 -69 -74 / 55 62 71 79 / 64 -55 -71 -79 / 65 72 81 -55 / 71 -55 -65 -81 <END> 
<S> 59 62 74 79 / 67 -59 -62 -79 / 60 64 67 79 / 58 62 -67 -79 / 57 60 69 77 / 55 67 71 76 / 57 74 -67 -71 / 52 67 72 / 54 57 69 -72 / 55 64 69 72 / 54 62 -69 -72 / 55 62 67 71 / 53 59 62 67 <END> 
<S> 57 67 69 72 / 50 66 -69 -72 / 55 64 67 71 / 53 59 62 67 / 52 60 67 72 / 50 74 -67 / 52 67 72 / 53 -67 -72 / 52 -67 -72 / 50 65 -52 -72 / 64 -50 48 -65 / 55 62 65 71 / 60 64 -50 -65 <END> 
<S> 52 55 67 72 / 54 57 69 -72 / 55 59 67 70 / 62 66 -55 -70 / 60 64 67 / 59 62 -67 -64 / 57 60 66 74 / 59 62 -66 -69 / 57 60 69 -62 / 55 62 71 -69 / 53 -62 -71 / <END> 
<S> 62 66 69 / 66 -62 -66 / 60 62 66 69 / 59 62 67 71 / 57 60 66 69 / 59 62 67 74 / 57 61 69 76 / 60 -57 -69 -76 / 62 65 71 77 / 64 67 72 76 / 65 69 74 -67 <END> 
<S> 59 62 67 79 / 60 69 -67 -79 / 62 67 71 79 / 63 67 72 79 / 62 65 79 81 / 60 64 62 79 / 58 65 74 / 60 67 76 -74 / 55 59 76 79 / 57 60 -76 -79 <END> 
<S> 58 62 65 74 / 67 -58 -62 -77 / 57 60 69 76 / 77 -57 -60 -69 / 55 58 67 74 / 53 56 -67 -74 / 52 55 67 72 / 50 53 70 74 / 52 55 70 76 / 53 56 68 77 / 58 62 70 -77 <END> 
<S> 53 60 72 -70 / 69 -53 -60 -72 / 55 62 71 79 / 63 -55 -71 -79 / 65 -55 -59 -79 / 48 55 63 72 / 56 62 65 -72 / 60 -56 -65 -72 / 55 59 67 74 / 60 63 -67 / 65 68 -60 <END> 
<S> 44 60 65 72 / 63 -60 -72 / 41 62 65 -72 / 63 -41 -72 -77 / 46 62 70 77 / 50 62 69 77 / 51 67 70 75 / 53 65 -70 -75 / 46 -53 -65 -70 / 55 63 70 / 61 -55 -63 -70 <END> 
<S> 51 67 70 75 / 58 -67 -70 -75 / 56 66 72 75 / 55 70 -63 -75 / 53 60 68 74 / 55 59 67 -74 / 68 -55 -62 -74 / 43 58 67 74 / 60 -43 -67 -70 / 48 60 67 75 / 53 60 68 77 / 62 -53 -68 -77 / 63 67 70 79 / 62 71 -67 -79 <END> 
<S> 48 55 63 72 / 60 63 67 72 / 58 62 -67 -72 / 56 60 65 72 / 55 -60 -65 -72 / 53 59 68 74 / 58 -53 -68 -74 / 51 58 67 75 / 56 60 72 77 / 55 75 -60 -72 <END> 
<S> 56 60 67 72 / 65 -56 -60 -72 / 55 60 67 74 / 59 -55 -67 -74 / 48 63 67 72 / 56 59 65 74 / 60 -56 -65 / 55 59 62 67 / 55 62 67 70 / 60 63 67 70 / 53 65 68 / 60 67 -53 -65 <END> 
<S> 56 60 63 72 / 55 -60 -63 -72 / 53 60 68 74 / 55 59 67 -74 / 56 60 65 -74 / 72 -60 -65 / 55 59 67 74 / 60 63 67 <END> 
<S> 55 63 67 72 / 62 -55 -67 -72 / 60 -55 -67 -72 / 43 62 67 71 / 65 -43 -67 -71 / 48 60 67 72 / 52 60 67 79 / 53 60 69 77 / 55 62 71 79 / 56 60 72 77 / 58 74 -60 -77 / 67 72 -58 -77 / 65 -43 -67 -74 <END> 
<S> 60 67 75 / 58 62 -67 -75 / 56 63 72 -58 / 55 -63 -72 -75 / 53 68 74 -72 / 67 75 -53 -72 / 65 68 74 77 / 63 -68 -74 -77 / 65 72 75 / 71 74 -65 -81 / 60 64 72 79 / 53 65 72 80 / 62 79 -53 -72 / 51 58 70 79 / 60 -51 -70 -79 <END> 
<S> 63 72 70 79 / 68 -63 -75 -79 / 60 63 75 79 / 58 -63 -75 -79 / 56 72 77 -63 / 62 -72 -77 / 60 67 72 75 / 58 62 70 -75 / 56 63 72 77 / 62 65 70 -56 / 60 67 75 / 67 72 -60 -75 <END> 
<S> 56 63 72 77 / 53 68 72 75 / 58 65 70 -75 / 56 60 72 51 / 58 63 70 74 / 68 -58 -63 -77 / 50 58 70 77 / 51 70 75 79 / 51 67 70 79 / 50 65 70 77 / 51 67 -70 -77 <END> 
<S> 58 62 70 77 / 68 -58 -62 -77 / 60 63 67 79 / 55 -60 -67 -75 / 53 65 68 74 / 59 -65 -68 -74 / 60 63 67 72 / 56 -60 -67 -72 / 53 65 68 74 / 50 -65 -68 -74 / 55 70 74 -65 / 72 -55 -70 -76 / 56 74 77 75 / 43 67 75 -77 / 65 68 72 75 <END> 
<S> 53 65 68 74 / 63 -53 -68 -74 / 62 65 70 56 / 63 67 79 -70 / 62 -67 -70 -79 / 60 67 72 75 / 58 -67 -72 -75 / 56 72 77 -61 / 60 -56 -56 -77 / 55 62 70 77 / 53 -62 -70 -77 / 51 63 70 79 / 55 75 -70 -79 <END> 
<S> 56 63 72 77 / 53 -63 -72 -77 / 58 62 70 77 / 51 67 70 75 / 48 63 70 79 / 53 65 70 80 / 63 -53 -70 -80 / 53 62 70 77 / 62 -53 -70 -77 / 55 63 70 79 / 62 77 -55 -70 / 56 60 63 72 / 55 58 -63 -72 / 53 68 74 77 / 58 67 75 77 / 51 70 79 <END> 
<S> 53 68 77 -63 / 62 -53 -68 -77 / 60 63 67 79 / 58 62 -67 -79 / 56 60 72 77 / 53 -60 -72 -77 / 55 67 71 75 / 58 65 74 77 / 60 63 72 75 / 58 62 70 77 / 68 -58 -62 -77 / 51 63 67 79 / 60 -51 -67 -79 <END> 
<S> 60 63 68 75 / 62 65 70 -60 / 63 59 67 79 / 62 77 -67 / 60 60 75 -67 / 58 -60 -67 -75 / 56 60 68 75 / 55 -60 -68 -75 / 53 60 68 74 / 55 59 67 -74 / 56 60 67 72 / 60 -56 -67 -72 <END> 
<S> 56 60 63 72 / 65 74 -56 -60 / 55 60 67 75 / 53 -60 -67 -75 / 55 59 67 74 / 65 -55 -59 -74 / 56 60 63 72 / 55 72 -60 -65 / 53 65 -60 -72 / 55 59 67 74 / 65 -55 -59 -74 / 56 60 63 72 / 55 -60 -63 -72 <END> 
<S> 56 60 63 72 / 65 74 -56 -60 / 55 58 67 75 / 53 68 -58 -75 / 55 62 70 77 / 56 65 72 -77 / 58 67 74 77 / 68 -58 -74 -77 / 51 67 70 75 / 53 69 72 -75 / 55 67 71 74 / 65 69 -55 -74 <END> 
<S> 58 65 74 77 / 67 72 75 / 68 74 -72 / 70 67 72 / 65 68 74 / 63 67 72 75 / 65 69 74 77 / 67 75 -60 -74 / 58 65 72 75 / 56 65 -72 -75 / 58 67 74 77 / 68 75 -55 -74 / 51 70 79 -68 / 67 72 -51 -75 / 65 68 74 -72 / 67 -65 -72 / 56 65 68 74 <END> 
<S> 58 68 74 77 / 67 75 -74 / 55 68 70 74 / 67 75 -55 -70 / 53 68 72 77 / 55 70 -68 -77 / 56 -68 72 77 / 53 68 74 -77 / 55 75 75 -60 / 58 74 56 -75 / 56 72 75 77 / 56 74 -72 -77 / 55 67 71 74 / 53 65 -71 -74 <END> 
<S> 53 68 74 77 / 72 75 -53 -68 / 55 62 71 74 / 67 -55 -71 -74 / 48 63 67 72 / 60 63 67 72 / 58 -63 -67 -72 / 56 62 72 77 / 60 -56 -72 -77 / 55 62 71 79 / 55 62 71 79 <END> 
<S> 63 68 72 / 55 58 67 75 / 69 -55 -58 -75 / 51 60 68 75 / 55 74 -51 -75 / 56 65 72 75 / 63 -56 -72 -77 / 55 70 75 79 / 53 77 -70 -75 / 51 70 75 79 / 50 72 77 65 / 48 67 72 75 <END> 
<S> 53 68 77 -63 / 55 62 70 -77 / 56 60 72 77 / 53 62 70 -77 / 68 -53 -62 -77 / 51 63 67 75 / 58 62 70 77 / 56 63 72 / 55 58 70 -63 / 53 60 68 -55 / 53 56 68 -60 / 55 62 67 -53 / 72 -55 -60 -67 / 43 60 65 -60 <END> 
<S> 56 63 68 72 / 53 65 68 -72 / 63 -53 -68 -72 / 58 62 67 70 / 43 -58 -67 -70 / 44 60 72 77 / 62 70 -60 -77 / 62 -56 -70 -77 / 60 63 67 75 / 69 77 -60 -63 / 50 65 70 -77 / 46 68 74 77 / 51 -68 -68 -77 <END> 
<S> 53 60 68 77 / 51 60 67 79 / 58 61 68 77 / 57 60 69 77 / 55 70 -60 -77 / 53 65 68 72 / 74 -53 -65 -68 / 75 -53 -65 -68 / 46 65 70 74 / 48 63 72 -70 / 50 62 66 70 / 51 -62 -66 -69 <END> 
