<S> 48 63 67 72 / 60 63 67 / 58 -63 -67 / 57 63 67 72 / 56 62 65 74 / 60 -56 -65 -74 / 55 59 67 75 / 56 60 72 77 / 53 -60 -72 -77 / 55 67 72 74 / 71 -55 -67 -74 / 65 -55 -71 -74 <END> 
<S> 55 59 67 75 / 60 -55 -67 -75 / 53 62 74 -67 / 59 65 -68 -74 / 51 63 67 72 / 56 62 65 -72 / 67 -56 -65 -72 / 55 59 67 74 / 60 67 75 / 58 -60 -67 -75 / 56 60 75 77 / 55 -60 75 -77 / 53 65 70 -77 / 51 -65 -70 -80 / 58 65 70 77 / 58 62 -70 -77 / 68 -58 -62 -77 <END> 
<S> 60 63 67 75 / 58 62 -67 -75 / 56 60 72 75 / 55 70 -60 -75 / 53 68 74 -60 / 55 59 67 -74 / 56 60 65 -74 / 72 -56 -60 -65 / 55 62 67 70 / 50 62 65 70 / 51 60 66 69 / 50 62 66 -69 / 60 -50 -66 -69 <END> 
<S> 52 60 67 72 / 55 62 -67 -72 / 48 63 67 72 / 53 68 72 -63 / 55 62 67 71 / 48 64 67 72 / 60 63 -67 -72 / 55 62 67 72 / 69 -55 -62 -72 / 43 62 71 -67 <END> 
<S> 52 60 67 72 / 54 60 69 74 / 55 67 71 74 / 65 -55 -71 -74 / 63 63 72 / 62 65 70 / 59 67 -55 -70 / 53 -59 -67 -70 / 51 60 67 72 / 58 74 -67 -72 / 56 60 65 72 / 65 -56 -60 -72 <END> 
<S> 60 63 67 72 / 58 62 -67 -72 / 56 60 65 77 / 55 62 67 75 / 60 63 67 75 / 58 62 65 74 / 56 60 65 72 / 55 67 -60 -72 / 53 60 69 -67 / 65 74 -53 -60 / 46 58 65 67 / 74 -46 -58 -65 / 46 58 65 74 <END> 
<S> 57 60 65 72 / 55 -60 -65 -72 / 53 60 70 79 / 55 -60 -70 -79 / 53 60 72 79 / 55 70 -60 -79 / 56 60 72 77 / 65 -56 -60 -77 / 58 67 72 77 / 60 68 75 -72 / 55 67 71 75 <END> 
<S> 56 60 65 77 / 72 -56 -60 -65 / 55 59 67 75 / 53 68 -59 74 / 55 58 64 75 / 57 -55 -63 -75 / 53 58 62 74 / 55 58 67 -74 / 65 -55 -58 -74 / 63 69 -55 -58 / 54 62 70 74 / 51 67 -62 -70 / 50 62 66 69 / 60 -50 -66 -69 <END> 
<S> 58 63 65 74 / 62 -58 -65 -74 / 60 63 67 75 / 58 62 -67 -75 / 56 60 72 77 / 55 70 -60 -77 / 53 65 68 72 / 74 -53 -65 -68 / 48 63 67 72 / 41 56 65 74 / 55 58 67 74 <END> 
<S> 53 60 68 74 / 58 -53 -68 -74 / 54 62 72 74 / 55 62 70 -74 / 53 63 72 -70 / 69 -53 -63 -72 / 67 70 74 / 55 68 -67 -74 / 72 -55 -67 -75 / 53 65 74 -72 / 63 -53 -72 -74 / 55 62 71 74 / 67 75 -55 -71 <END> 
<S> 53 68 72 74 / 50 65 -72 -74 / 55 62 71 -74 / 63 -55 -71 -74 / 65 -55 -71 -74 / 48 63 67 72 / 60 63 72 79 / 58 62 70 77 / 56 60 72 75 / 55 70 -60 -75 / 53 68 75 <END> 
<S> 63 68 72 -58 / 62 65 70 -44 / 60 63 67 75 / 69 -60 -63 -75 / 58 65 70 74 / 56 68 72 / 55 67 70 -72 / 53 60 68 77 / 67 72 -53 -60 / 55 62 67 71 / 43 59 62 67 <END> 
<S> 56 65 68 72 / 58 74 -65 -68 / 60 67 76 / 53 60 69 77 / 55 59 67 74 / 65 -55 -59 -74 / 56 60 63 72 / 62 66 -56 -72 / 55 62 67 71 / 48 63 67 72 / 59 74 -48 -67 <END> 
<S> 55 60 67 75 / 53 62 -67 -75 / 63 -53 -67 -75 / 58 62 65 74 / 56 60 -65 -74 / 55 58 67 75 / 53 60 68 77 / 50 60 68 77 / 48 59 67 -77 / 54 60 69 75 / 55 58 70 74 / 56 60 65 -74 / 55 59 67 75 / 53 57 -67 -75 <END> 
<S> 55 59 67 75 / 53 56 65 74 / 55 59 -65 -74 / 56 60 63 72 / 62 -56 -60 -72 / 55 62 67 71 / 53 -62 -67 -71 / 51 63 67 72 / 53 -63 -67 -72 / 55 62 67 71 / 56 60 72 -67 / 62 -56 -60 -72 / 55 60 67 71 / 55 59 67 74 / 60 67 74 / 65 72 -43 <END> 
<S> 56 63 72 -68 / 68 -56 -63 -72 / 50 62 65 70 / 51 63 67 -70 / 53 56 68 72 / 51 55 70 74 / 50 58 65 -70 / 48 63 68 72 / 67 -48 -63 -72 / 50 62 65 70 / 51 -62 -65 -70 / 53 60 65 69 / 51 -60 -65 -69 / 50 58 65 70 / 46 -58 -65 -70 / 51 58 63 67 / 50 65 -58 -67 <END> 
<S> 50 65 70 -60 / 53 58 -70 / 51 67 -53 -58 / 53 -52 -67 -70 / 46 53 62 -67 / 50 58 65 -62 / 51 55 58 63 / 50 -55 -58 -63 / 51 55 60 63 / 48 -55 -60 -67 / 42 57 60 65 / 50 62 -57 -65 / 43 55 59 63 / 53 -43 -59 -67 / 48 51 55 60 / 46 -51 -55 -60 <END> 
<S> 48 55 62 63 / 60 -48 -55 -63 / 55 59 62 / 54 60 63 / 58 62 65 / 63 -58 -62 / 43 55 59 67 / 48 55 60 72 / 50 53 62 -72 / 51 55 71 -62 / 53 -51 -55 -70 / 48 55 63 72 / 41 56 65 74 / 43 55 67 70 / 45 60 65 68 <END> 
<S> 51 55 60 / 53 59 62 -55 / 48 55 60 63 / 58 -48 -60 -63 / 41 56 60 65 / 43 55 58 -65 / 53 -43 -58 -58 / 39 51 55 60 / 41 53 56 60 / 59 -41 -53 -56 / 51 55 60 / 50 62 -55 / 51 55 60 / 50 53 59 65 <END> 
<S> 51 58 62 65 / 56 -51 -62 -65 / 46 55 58 63 / 44 60 63 65 / 46 58 62 65 / 56 -46 -62 -65 / 39 55 58 63 / 51 55 58 67 / 50 55 63 69 / 48 -55 -63 -69 / 50 53 62 70 / 60 -50 -53 -70 / 55 59 62 67 / 60 -53 -55 -67 / 48 55 62 67 / 60 -48 -55 -67 <END> 
<S> 51 55 58 67 / 50 53 -67 -70 / 48 51 -67 -67 / 50 60 65 69 / 59 -50 -65 -69 / 48 60 67 -65 / 51 60 -60 -67 / 55 59 67 -60 / 53 60 68 -55 / 55 59 62 67 / 55 59 62 67 <END> 
<S> 51 55 60 67 / 53 -60 -67 / 55 59 62 / 67 -55 -59 -79 / 55 62 67 71 / 53 -62 -67 -71 / 51 60 67 72 / 48 -60 -67 -72 / 48 67 65 47 / 55 59 -65 -77 / 60 63 75 -55 / 58 -60 -63 -67 <END> 
<S> 48 60 63 67 / 56 60 63 72 / 55 -60 -63 -72 / 53 60 68 72 / 62 -53 -68 -72 / 63 67 70 79 / 65 68 -63 -79 / 63 67 70 75 / 63 -67 -70 <END> 
<S> 60 63 69 -67 / 62 65 71 / 60 63 72 / 69 -60 -63 -72 / 58 65 70 74 / 60 -65 -70 -74 / 58 65 72 75 / 57 -65 -72 -75 / 58 65 70 74 / 56 -65 -70 -74 / 55 63 70 75 / 43 -55 -63 -75 / 53 62 68 -75 / 55 63 67 75 <END> 
<S> 53 65 68 74 / 63 75 -53 -68 / 55 62 67 70 / 65 -55 -62 -70 / 56 60 63 72 / 55 -60 -63 -72 / 53 60 68 77 / 50 -60 -68 -68 / 51 58 67 / 46 50 -67 -75 / 44 74 77 -67 / 43 65 72 75 <END> 
<S> 56 60 63 72 / 62 65 -56 -60 / 55 63 67 72 / 59 68 74 / 55 60 67 72 / 55 59 67 74 / 48 60 67 75 / 50 -60 -67 -75 / 51 60 67 75 / 53 -60 -67 -75 <END> 
<S> 48 63 67 72 / 60 63 67 72 / 58 65 74 / 56 -58 -65 -74 / 55 67 70 75 / 53 -67 -70 -75 / 51 65 70 77 / 50 -65 -70 -77 / 51 63 70 79 / 72 -51 -63 -79 / 50 62 70 77 / 68 -50 -62 -77 <END> 
<S> 58 65 70 74 / 60 -65 -70 -74 / 58 65 68 77 / 67 75 -65 / 55 65 70 74 / 53 -65 -70 -74 / 51 63 70 79 / 77 -51 -63 -70 / 73 -51 -63 -70 / 68 -46 -51 -68 / 47 67 68 74 / 39 -47 -67 -74 <END> 
<S> 58 79 -63 -68 / 56 -58 -63 -79 / 51 58 70 77 / 68 -51 -58 -66 / 46 62 65 70 / 63 67 70 / 62 65 69 / 63 -62 -65 -70 / 58 62 70 77 / 68 -58 -63 -77 / 60 63 67 79 / 62 77 -67 / 60 67 72 75 <END> 
<S> 63 70 -67 / 65 -63 -70 / 56 63 68 72 / 55 -63 -68 -72 / 53 68 70 -68 / 51 63 68 72 / 67 -51 -63 -72 / 51 58 68 67 / 49 64 -67 -68 / 48 68 -58 -63 / 46 56 -68 -63 / 51 58 67 70 / 65 -51 -55 -70 / 56 60 63 72 / 55 58 -63 -72 <END> 
<S> 50 58 65 70 / 51 58 63 67 / 53 56 65 74 / 55 -53 -65 -74 / 53 57 65 72 / 63 -53 -57 -72 / 55 62 65 71 / 64 -55 -71 -74 / 65 -55 -71 -74 / 48 63 67 72 / 60 65 72 75 / 58 65 74 -72 / 56 -65 71 77 <END> 
<S> 53 57 68 74 / 58 -53 -68 -74 / 51 60 67 72 / 62 74 -60 -67 / 60 66 69 75 / 58 62 67 70 / 63 67 70 79 / 62 65 -70 -79 / 60 63 72 79 / 58 74 -63 -67 <END> 
<S> 62 70 77 / 60 63 75 -70 / 69 -60 -63 -75 / 58 65 70 74 / 56 65 72 77 / 55 70 -65 -77 / 53 68 72 75 / 70 -53 -68 -75 / 53 68 72 77 / 60 75 -53 -65 / 46 62 74 77 / 55 67 -47 -79 <END> 
<S> 53 65 68 74 / 63 72 -53 -68 / 55 62 67 71 / 63 72 -55 -67 / 65 74 -55 -67 / 53 62 67 71 / 55 -62 -67 -71 / 57 60 63 72 / 50 65 -72 -72 / 52 67 72 / 60 -52 -67 -72 / 53 57 69 74 / 55 62 -69 -74 / 54 63 -69 -74 / 72 -54 -60 -69 <END> 
<S> 52 60 67 72 / 70 -52 -60 -67 / 53 60 65 69 / 51 -60 -65 -69 / 50 58 65 70 / 46 62 -65 -70 / 48 60 63 -70 / 50 58 65 68 / 51 58 63 67 / 39 58 63 67 / 61 -51 -58 -67 / -51 56 60 65 / 58 -56 -65 / 56 60 63 / -56 -60 -56 55 <END> 
<S> 51 58 63 67 / 50 -58 -63 -67 / 48 60 63 67 / 46 -60 -63 -67 / 44 58 65 -63 / 47 62 67 -65 / 48 60 65 68 / 64 -60 -68 / 55 58 63 67 / 56 68 72 / 60 63 -68 -72 / 55 63 70 72 / 65 68 -55 -72 <END> 
<S> 60 63 67 / 53 60 65 68 / 51 55 65 70 / 50 58 -65 -70 / 51 58 63 67 / 50 -58 -63 -67 / 48 60 63 68 / 53 -60 -63 -68 / 51 55 58 67 / 56 60 63 -67 / 58 65 -43 -63 / 44 56 60 -63 / 55 70 62 / -52 -56 -58 <END> 
<S> 51 58 63 67 / 53 68 -63 / 55 62 70 -53 / 51 55 67 -70 / 53 68 -51 -67 / 50 53 65 68 / 59 -50 -65 -68 / 51 60 67 / 50 53 -60 -67 / 51 55 67 -60 / 53 -55 -60 -67 / 55 60 62 -55 / 59 -39 -55 -63 / 65 -43 -55 -59 / 48 -43 -55 -65 / 48 55 -55 / 63 -48 -55 <END> 
<S> 55 60 67 -51 / 55 59 67 74 / 53 -59 -67 -74 / 51 60 67 72 / 50 -60 -67 -72 / 48 62 67 74 / 47 -62 -67 -74 / 48 60 67 75 / 55 62 -67 -75 / 60 63 67 75 / 58 62 -67 -75 / 56 60 72 77 / 55 -56 -72 -77 <END> 
<S> 48 63 67 72 / 60 63 67 72 / 58 62 -67 -72 / 57 60 65 72 / 58 65 74 / 60 75 -58 -65 / 62 65 77 63 / 71 -62 -77 / 60 63 75 43 / 58 -63 -75 -79 / 56 72 77 60 / 58 74 -77 -77 / 60 67 75 -56 / 51 -60 -67 -75 <END> 
<S> 60 63 67 75 / 58 62 -67 -75 / 56 60 72 77 / 55 70 -60 -77 / 53 65 68 74 / 63 75 -53 -68 / 59 62 68 74 / 55 60 67 77 / 56 59 68 -77 / 60 -56 -68 -77 / 55 62 67 71 / 53 -62 -67 -71 / 60 63 67 72 / 58 62 -67 -72 <END> 
<S> 60 63 67 / 59 -60 -67 -75 / 57 60 67 75 / 55 -60 -67 -75 / 53 60 68 74 / 55 59 67 74 / 65 -55 -67 -74 / 48 63 67 72 / 59 62 67 79 <END> 
<S> 48 63 67 72 / 60 -63 -67 -72 / 58 65 74 / 56 -58 -65 -74 / 56 60 68 75 / 65 -56 -60 -75 / 55 58 67 75 / 53 60 68 77 / 51 67 70 79 / 50 63 70 79 / 48 -63 -70 -74 <END> 
<S> 55 60 67 75 / 53 -60 -67 -75 / 55 60 67 74 / 59 -55 -67 -74 / 48 60 67 75 / 53 60 68 77 / 76 -53 -60 -68 / 55 58 67 74 / 56 65 -55 -74 <END> 
<S> 56 60 65 72 / 55 -60 -65 -72 / 53 65 70 72 / 68 -53 -65 -72 / 67 72 -53 -72 / 41 68 72 -72 / 53 -67 -72 -74 / 55 67 71 -60 / 59 62 -55 -55 / 53 -59 -59 -62 <END> 
<S> 0 / -65 47 62 67 / 48 60 63 67 / 46 -60 -63 -67 / 44 60 65 -63 / 58 62 -44 -65 / 56 -44 -60 -65 / 43 55 59 67 / 46 62 67 / 55 -46 -62 -67 <END> 
<S> 44 53 65 -60 / 59 -44 -53 -65 / 46 55 60 64 / 41 56 60 62 / 43 55 59 62 / 53 -43 -59 -62 / 48 51 55 60 / 47 55 62 67 / 48 55 60 63 / 53 -48 -60 -63 <END> 
<S> 41 48 60 68 / 50 -41 -60 -68 / 43 51 58 67 / 47 50 62 67 / 48 51 60 -67 / 50 53 60 70 / 51 55 58 67 / 53 57 60 69 / 50 62 65 71 / 51 63 69 72 <END> 
<S> 44 51 60 67 / 41 -51 -60 -67 / 43 70 -51 -60 / 67 -43 -51 -60 / 48 52 60 67 / 46 -52 -60 -67 / 45 53 60 65 / 63 -45 -53 -60 / 46 53 62 -60 / 58 -46 -53 -62 / 50 53 60 65 / 51 58 67 / 53 65 68 -58 <END> 
<S> 49 53 56 65 / 48 56 60 -53 / 49 55 60 65 / 56 -38 -61 -65 / 43 55 60 63 / 53 62 -60 -60 / 59 -43 -55 -60 / 53 59 62 -60 / 51 55 60 63 / 50 53 -60 -60 / 51 55 60 <END> 
<S> 44 60 65 / 53 62 -44 -65 / 60 -44 -53 -65 / 46 53 62 -65 / 58 -41 -62 -65 / 56 -46 -62 -65 / 39 55 58 63 / 44 56 60 63 / 43 -56 -60 -63 / 41 56 62 -60 / 43 -56 59 -62 / 48 55 60 63 / 51 -55 -60 -63 / 51 56 60 67 / 58 -52 -67 -67 <END> 
<S> 41 56 60 62 / 43 55 59 62 / 53 -43 -59 -62 / 36 51 55 60 / 48 60 63 67 / 50 -60 -63 -67 / 51 60 63 67 / 46 -60 -63 -67 / 44 58 60 65 / 43 58 63 -51 / 41 56 62 -63 / 39 58 63 67 / 61 -39 -58 -67 <END> 
<S> 44 60 65 -51 / 46 -51 -60 -65 / 45 53 60 65 / 41 56 -53 -65 / 46 55 58 63 / 46 53 60 65 / 53 -46 -53 -65 / 42 55 60 72 / 53 56 62 -72 / 51 55 72 -62 / 50 -55 -62 -72 / 48 55 63 -62 / 60 -48 -55 -63 <END> 
<S> 53 60 65 69 / 51 -60 -60 -69 / 50 53 -60 -69 / 51 55 58 67 / 50 57 60 69 / 48 60 -57 -69 / 47 53 62 67 / 48 51 60 67 / 50 53 -60 -67 / 51 55 67 -60 / 59 -51 -55 -67 / 44 48 60 63 / 46 55 62 67 / 44 53 60 65 / 43 55 59 63 / <END> 
<S> 47 51 67 / 48 55 -51 -67 / 45 60 -55 -67 / 47 62 65 -55 / 43 59 62 67 / 48 60 67 75 / 53 60 65 68 / 55 59 62 67 / 56 60 63 -67 / 62 65 -56 -60 / 55 60 63 / 58 62 -55 -60 / 59 -43 -55 -59 / 48 55 60 63 / 48 51 60 63 / 53 56 62 -60 / 44 55 59 65 / 56 -48 -65 -71 <END> 
<S> 55 60 63 75 / 53 -60 -63 -67 / 55 59 62 67 / 60 -55 -59 -67 / 48 55 60 63 / 48 55 60 63 / 58 -48 -55 -63 / 53 56 60 68 / 50 55 -60 -68 / 51 58 67 / 50 65 -58 / 63 -43 -58 -67 / 44 60 65 -63 / 46 58 62 -65 / 51 58 63 67 / 51 58 63 67 / 51 55 63 67 / 60 -51 -55 -67 <END> 
<S> 50 53 65 70 / 51 58 67 -70 / 53 60 68 -67 / 62 65 -53 -68 / 63 -53 -62 -68 / 59 62 67 / 55 60 63 -46 / 56 65 -60 -63 / 58 62 65 70 / 56 60 63 72 / 55 62 67 70 / 53 68 -62 -70 / 55 63 67 70 / 53 62 65 -70 / 51 63 72 -70 / 55 -63 -70 -72 / 48 -63 -72 -70 / 50 58 65 -68 / 51 58 67 -65 / 63 -51 -58 -67 <END> 
<S> 58 65 70 74 / 56 -65 -70 -74 / 55 67 70 75 / 65 74 -55 -70 / 56 63 72 / 55 -63 -72 / 57 65 72 77 / 53 68 74 -77 / 58 70 74 77 / 63 70 75 79 / 63 70 79 -79 / 72 78 79 -65 / 74 77 -70 / 56 60 -70 -77 / 53 70 75 79 / 52 68 72 80 <END> 
<S> 58 73 73 56 / 68 77 -51 -58 / 55 58 70 75 / 74 -55 -63 -70 / 56 63 72 / 66 -56 -63 -72 / 55 62 70 / 50 55 59 67 / 48 51 60 67 / 50 53 -60 -67 / 51 55 67 -60 / 59 -51 -55 -67 / 45 48 60 65 / 47 55 62 -65 / 48 55 62 63 / 60 -48 -55 -63 <END> 
<S> 48 55 62 63 / 56 -48 -63 -72 / 55 59 65 74 / 53 -59 -65 -74 / 51 58 67 -65 / 50 63 -58 -67 / 62 -55 -58 -67 / 52 60 72 48 / 53 62 70 77 / 63 -53 -70 -77 / 53 62 69 77 / 51 63 70 79 / 50 58 -70 -79 / 48 63 69 72 / 46 65 70 74 / 52 67 70 77 / 53 -67 -70 <END> 
<S> 53 60 65 69 / 51 63 67 70 / 53 62 65 70 / 60 63 -53 -70 / 46 62 65 70 / 59 62 67 -65 / 60 63 67 / 58 62 65 / 56 63 72 / 55 65 67 72 / 53 65 68 72 / 63 -53 -68 -72 / 55 62 67 71 / 43 -62 -67 -71 <END> 
<S> 62 65 71 -56 / 60 63 -65 -70 / 62 65 70 -56 / 55 -65 -70 / 53 63 70 -55 / 51 63 67 -70 / 53 65 68 72 / 63 -53 -68 -72 / 55 62 67 71 / 55 59 62 67 <END> 
<S> 50 65 -63 -70 / 62 -50 -65 -70 / 51 60 63 -70 / 53 62 65 69 / 63 -53 -65 -69 / 46 62 65 70 / 51 63 67 70 / 50 65 -67 -70 / 48 67 72 75 / 60 65 74 77 / 59 67 74 77 / 58 -67 -74 <END> 
<S> 48 63 68 72 / 50 65 -68 -72 / 51 63 67 70 / 62 -51 -67 -70 / 53 60 65 68 / 55 58 63 67 / 62 -58 -67 / 43 -58 -63 -67 / 65 -58 -70 / 46 62 65 70 / 51 63 70 -65 / 63 -51 -63 -70 / 62 65 70 / 56 60 -65 -70 / 65 -56 -60 <END> 
<S> 51 63 67 70 / 51 -63 -67 -70 / 53 63 68 72 / 65 -53 -68 -72 / 55 61 67 70 / 65 -55 -67 -70 / 48 60 63 68 / 56 -60 -63 59 / 55 60 63 68 / 53 59 -63 -68 / 51 60 67 / 53 68 -60 -67 / 55 60 67 74 / 59 -55 -67 -74 / 65 -55 -59 -74 <END> 
<S> 56 60 63 72 / 55 -60 -63 -72 / 53 65 68 74 / 55 67 75 / 62 74 -67 / 65 -55 -67 -74 / 63 67 -55 -71 / 65 -55 -67 -71 / 48 63 67 72 / 60 67 72 75 / 55 67 71 74 <END> 
