<S> 48 51 60 67 / 53 56 60 65 / 51 -56 -60 -65 / 47 50 62 67 / 48 55 60 63 / 41 56 60 62 / 63 -41 -56 -60 / 65 -41 -56 -60 / 43 55 59 62 / 53 -43 -59 -62 / 48 51 55 60 / 48 51 55 60 / 53 62 -48 -55 <END> 
<S> 41 56 60 62 / 63 72 -56 -60 / 44 -53 -60 -63 / 41 62 65 -56 / 60 -38 -53 -65 / 43 59 62 67 -53 / 52 60 67 / 53 62 65 69 / 63 -53 -65 -69 / 46 65 65 70 / 51 58 63 67 / 53 62 65 -67 / 51 63 67 / 58 62 -51 -67 / 56 60 65 68 / 55 59 67 75 / 56 60 65 -75 <END> 
<S> 51 58 65 67 / 63 -51 -58 -67 / 49 58 65 68 / 51 58 63 67 / 46 62 65 -67 / 67 -46 -58 / -67 -51 -67 / 44 60 65 -51 / 63 -51 -60 / -65 46 58 62 65 -46 56 63 -46 / 47 55 62 -46 / 45 -47 -55 -62 / 48 63 55 / 43 62 -48 -67 / 41 53 60 69 / 51 -60 -53 -69 <END> 
<S> 44 60 63 72 / 46 -60 -63 -72 / 48 65 68 -46 / 47 -65 -68 -68 / 48 60 67 -65 / 64 -48 -60 -67 / 43 58 63 67 / 62 65 -46 -67 / 51 58 63 67 / 59 68 -58 -63 / 55 58 63 70 / 53 68 -63 -70 / 51 63 67 70 / 65 -51 -67 -70 <END> 
<S> 46 58 65 68 / 50 58 65 -68 / 51 58 63 67 / 62 -51 -58 -67 / 51 60 63 67 / 58 -51 -63 -67 / 39 56 63 68 / 51 58 -63 -67 / 49 56 65 -61 / 53 56 60 65 / 58 -48 -56 -63 / 41 56 62 68 / 43 53 -56 -68 / 44 51 56 65 / 41 -51 -56 -65 / 51 58 67 / 50 -58 -67 <END> 
<S> 44 56 63 65 / 60 -44 -56 -65 / 46 53 61 -65 / 53 58 -46 -65 / 56 -46 -61 -65 / 39 55 58 63 / 51 58 63 67 / 48 60 63 67 / 46 53 65 70 / 53 -46 -65 -70 / 46 58 62 -65 / 56 -46 -62 -65 / 39 55 58 63 <END> 
<S> 63 67 -43 -58 / 45 60 65 -63 / 53 58 62 -45 / 60 -53 -58 -62 / 46 58 62 65 / 58 -46 -62 -65 / 39 58 62 67 / 55 62 67 70 / 51 63 67 70 / 50 65 69 -67 / 48 60 65 67 / 53 -60 -65 -67 <END> 
<S> 55 62 67 70 / 51 63 67 70 / 53 62 65 69 / 51 60 63 -69 / 50 58 65 -68 / 51 58 67 -65 / 63 -51 -58 -67 / 46 65 70 -63 / 62 -46 -70 / 51 58 67 79 / 55 -51 -67 -79 / 57 60 65 77 / 59 62 67 -77 <END> 
<S> 51 63 67 70 / 61 -51 -67 -70 / 52 60 67 68 / 58 -60 -67 -67 / 56 60 65 -68 / 63 -56 -60 -68 / 55 59 62 67 / 61 70 -55 -67 / 48 60 67 / 68 -52 -60 -67 / 44 60 65 68 / 56 56 65 72 / 55 74 -65 / 67 72 75 / 53 68 74 77 <END> 
<S> 56 60 63 72 / 65 74 -56 -60 / 55 67 75 -60 / 53 59 68 -75 / 55 60 74 -68 / 56 59 65 -74 / 48 60 63 72 / 50 65 70 74 / 51 58 67 75 / 53 60 65 77 / 51 -60 -65 -77 / 58 62 70 77 / 68 -58 -62 -77 <END> 
<S> 53 60 65 69 / 51 -60 -65 -69 / 50 62 65 70 / 68 -50 -65 -74 / 51 63 67 79 / 62 -51 -67 -79 / 48 60 -67 75 / 55 67 74 -60 / 59 -55 -67 -74 / 51 58 67 72 / 60 -51 -67 -72 <END> 
<S> 48 63 67 75 / 72 -48 -63 -75 / 50 65 70 74 / 51 67 70 75 / 53 -67 -70 -75 / 55 67 70 74 / 56 65 68 -74 / 58 64 67 70 / 65 -46 -58 -67 <END> 
<S> 51 67 70 72 / 53 -67 -70 -72 / 55 65 71 74 <END> 
<S> 72 60 67 69 / 62 -60 -67 -75 / 70 -60 -60 -67 <END> 
<S> 60 67 72 / 59 -60 -67 -72 <END> 
<S> -57 -65 / 47 55 62 67 / 48 55 60 64 / <END> 
<S> 50 62 65 / 52 60 67 <END> 
<S> 50 53 62 71 / 48 -53 -62 -71 / 43 55 60 69 / 63 -43 -55 -60 / 59 -43 -55 -67 / 41 60 69 -55 / 53 -43 -60 -60 / 48 51 60 67 / 48 -60 -63 -67 <END> 
<S> 43 55 60 72 / 53 -43 -60 -68 / 55 59 67 -50 / 51 60 -55 -67 / 50 55 62 -67 / 48 60 63 -67 / 50 65 -60 59 / 43 59 62 -65 / 51 55 60 63 / 53 62 65 -56 / 55 63 67 / 71 -55 -63 -67 <END> 
<S> 48 55 63 -62 / 60 -48 -55 -63 / 41 56 60 65 / 43 55 59 62 / 53 -43 -59 -62 / 48 51 55 60 / 47 55 62 67 / 48 55 60 63 <END> 
<S> 44 48 60 65 / 41 -60 -65 -68 / 46 67 -65 -60 / 58 64 -46 -67 / 46 56 65 -61 / 51 55 63 67 / 51 60 -63 -67 / 53 60 68 / 51 60 67 / 61 -48 -67 <END> 
<S> 44 60 65 / 60 -56 -65 / 46 62 65 / 58 63 -46 -65 / 56 61 64 / 55 62 0 / 0 / 48 55 63 72 / 56 60 65 72 / 53 74 -60 -65 <END> 
<S> 48 60 63 68 / 50 65 -60 -68 / 51 58 67 / 55 -51 -58 -67 / 60 63 67 69 / 58 62 -67 70 / 57 63 72 -67 / 55 62 65 70 <END> 
<S> 50 62 65 71 / 51 60 67 72 / 58 -51 -67 -72 / 53 57 65 74 / 55 58 67 76 / 57 60 65 -75 / 58 62 74 77 / 56 60 -65 -74 <END> 
<S> 56 60 63 72 / 65 74 -56 -60 / 55 60 67 75 / 53 -60 -67 -75 / 55 59 67 74 / 65 -55 -59 -74 / 56 60 63 72 / 55 -60 -63 -72 / 53 60 68 77 / 58 62 -68 -77 / 60 63 67 75 / 65 69 -60 -75 <END> 
<S> 56 60 63 72 / 55 -60 -63 -72 / 53 68 74 -60 / 55 59 67 -74 / 65 -55 -59 -74 / 56 59 63 72 / 48 55 63 72 / 46 62 65 70 <END> 
<S> 48 60 64 67 / 60 63 72 79 / 57 65 72 77 / 59 67 74 -77 / 60 67 75 -74 / 72 -60 -67 -75 / 55 67 74 -72 / 71 -55 -67 -74 <END> 
<S> 59 67 74 79 / 77 -59 -67 -74 / 60 67 72 76 / 53 69 72 74 / 55 67 71 74 / 65 -55 -71 -74 / 48 64 67 72 / 53 57 69 72 / 71 -53 -57 -69 / 52 60 67 76 / 50 -60 -67 -76 <END> 
<S> 55 64 69 72 / 54 62 -69 -72 / 55 62 67 71 / 53 59 -62 -67 / 52 60 67 72 / 50 -60 -67 -72 / 52 67 71 / 47 64 67 72 / 45 60 -67 -72 / 43 62 67 71 / 48 60 -67 69 / 50 59 67 74 / 52 -59 -67 -74 <END> 
<S> 47 62 67 71 / 48 -62 -67 -72 / 50 60 67 74 / 52 -67 -71 -74 / 50 67 72 74 / 76 -50 -67 -72 / 55 62 71 74 / 67 -55 -71 -74 / 65 -55 -71 -74 / 48 64 67 72 / 57 66 74 -72 / 52 59 68 71 / 57 64 72 -71 / 55 71 -64 -71 <END> 
<S> 48 64 67 72 / 55 62 67 -72 / 71 -55 -62 -67 / 60 64 69 72 / 66 -60 -69 -72 / 55 67 71 74 / 69 72 -55 -74 / 71 -55 -62 -74 / 48 64 67 72 / 50 66 74 -72 / 52 59 67 72 / 54 57 69 72 / 55 62 67 70 / 53 60 65 69 / 52 57 60 -65 -69 <END> 
<S> 52 64 67 72 / 54 62 69 -72 / 55 62 67 71 / 53 59 62 67 / 52 60 67 72 / 50 53 69 74 / 71 -50 -53 -74 / 48 55 72 76 / 41 56 65 -72 / 74 -48 -65 -72 <END> 
<S> 53 60 65 69 / 52 -60 -65 -69 / 50 62 65 71 / 55 59 64 67 / 65 -55 -59 -67 / 48 60 64 67 / 59 62 -48 -67 / 45 57 60 69 / 48 55 64 72 / 53 62 65 71 / 52 64 67 72 / 38 65 -64 -72 <END> 
<S> 45 60 64 72 / 47 55 62 -72 / 48 52 60 67 / 52 55 60 67 / 53 52 55 -67 / 50 65 -55 -60 / 52 55 60 / 47 50 62 -55 / 45 48 55 64 / 43 59 -48 -55 <END> 
<S> 50 55 62 71 / 52 55 67 -71 / 54 60 69 -55 / 62 71 -53 -57 / 55 64 67 72 / 62 65 -53 -72 / 55 60 64 67 / 62 -55 -60 -67 / 52 60 -55 -60 / 53 59 62 -55 / -55 -59 -62 / 50 57 60 64 / 52 -57 -60 -64 / 50 57 62 65 <END> 
<S> 55 62 65 71 / 60 64 -55 -71 / 43 62 66 74 / 59 -43 -62 -74 / 48 55 60 64 / 47 55 62 67 / 48 55 64 72 / 50 65 71 74 / 52 64 67 72 / 53 65 -47 -72 / 55 67 -65 -72 / 64 -55 -67 -72 / 65 -55 -72 <END> 
<S> 48 55 60 64 / / 57 60 65 / 53 60 69 -65 / 52 60 67 -60 / 58 -48 -52 -67 / 53 -43 -58 -67 / 41 48 57 69 / 49 55 64 69 / 50 54 62 69 / 60 -50 -54 -69 / 43 50 59 67 <END> 
<S> 50 57 62 65 / 47 55 62 67 / 48 55 60 64 / 59 -48 -55 -64 / 41 57 62 66 / 43 50 59 67 <END> 
<S> 48 55 64 72 / 60 -48 -64 -72 / 55 60 62 71 / 59 -55 -62 -71 / 69 -50 -55 -59 / 38 54 57 62 / 47 55 62 67 / 48 55 64 -62 / 60 -48 -55 -64 <END> 
<S> 43 59 62 67 / 45 52 60 -67 / 47 50 62 67 / 48 57 -62 -67 / 50 55 62 69 / 60 -50 -55 -69 / 55 59 62 / 69 -55 -62 / 43 55 62 71 / 53 60 -43 69 / 43 59 -60 -69 / 45 52 61 -60 <END> 
<S> 47 55 62 67 / 48 55 60 64 / 47 55 62 67 / 48 55 60 64 / 50 65 -55 -60 / 52 60 67 / 48 58 -60 -67 / 53 57 60 69 / 59 62 -53 -69 / 52 60 64 67 / 50 58 65 -64 <END> 
<S> 53 60 65 69 / 47 62 -65 -69 / 48 64 67 69 / 50 62 66 -69 / 60 -50 -66 -69 / 55 59 62 67 / 52 55 59 67 / 50 57 60 69 / 59 62 -50 -69 / 48 60 64 67 / 53 60 65 69 / 53 62 65 69 <END> 
<S> 57 60 66 72 / 55 59 67 74 / 60 -55 -67 / 59 62 67 / 60 64 67 / 65 69 74 / 71 -65 -74 -74 / 67 72 73 76 / 57 69 72 76 <END> 
<S> 59 62 67 79 / 64 -62 -67 -79 / 60 64 79 -67 / 58 65 74 -79 / 57 69 72 77 / 55 67 72 76 / 57 60 72 -76 / 55 67 71 74 / 53 -67 -71 -74 / 52 67 72 76 / 53 69 72 77 <END> 
<S> 57 64 72 / / 66 -57 -72 / 55 67 71 74 / 53 59 62 74 / 52 55 60 76 / 57 60 69 77 / 59 62 67 -77 / 60 67 76 / 59 -60 -67 -76 / 57 60 65 77 / 55 59 67 76 / 53 57 69 74 <END> 
<S> 57 64 69 72 / 55 67 71 74 / 53 67 73 -74 / 52 72 -67 -76 / 50 69 74 77 / 71 -50 -74 -77 / 55 67 72 76 / 53 69 -72 -76 / 55 71 74 50 / 64 67 -55 -74 / 65 69 72 77 / 74 -69 -77 / 67 76 -72 / 69 77 -55 <END> 
<S> 55 67 72 76 / 53 69 -72 -76 / 67 71 74 -53 / 52 -67 -71 -74 / 50 67 72 76 / 48 -67 -72 -76 / 55 67 74 -72 / 71 -55 -67 -74 / 65 -55 -71 -74 / 56 64 71 / 57 64 69 72 / 52 67 72 -57 / 53 -67 -72 -76 / 55 67 71 74 / 56 65 71 -74 / 52 64 68 72 / 57 -64 -72 <END> 
<S> 57 64 69 72 / 55 -64 -69 -72 / 54 60 69 74 / 55 -60 -69 -74 / 52 59 68 76 / 64 72 -52 / 57 65 74 -57 / 55 59 67 76 / 54 57 69 74 / 52 55 68 72 / 54 62 69 -72 / 55 62 70 -69 / 67 -55 -62 -70 / 50 69 -62 -67 / 66 -50 -62 -69 / 60 -50 -66 -69 <END> 
<S> 57 65 69 74 / 59 67 74 / 60 67 76 / 59 -60 -67 -76 / 57 60 65 77 / 55 67 76 -60 / 53 60 69 74 / 55 59 67 -74 / 74 -55 -60 -67 / 48 64 67 72 <END> 
<S> 57 60 69 76 / 55 -60 -69 -76 / 53 60 69 74 / 52 67 -60 -74 / 50 65 77 -60 / 52 59 -50 -77 / 60 74 -56 -59 / 45 59 64 73 / 57 60 64 72 / 55 59 -64 -72 / 54 57 62 -72 / 72 -54 -57 -62 <END> 
<S> 57 60 64 72 / 55 59 -64 -72 / 54 57 62 72 / 50 55 62 71 / 64 -50 -55 -71 / 65 -47 -55 -71 / 48 55 64 69 / 45 60 -55 -69 / 50 54 57 62 / 59 -50 -54 -62 / 43 55 59 62 / 43 55 59 62 <END> 
<S> 50 54 62 69 / 52 55 -62 -69 / 54 57 62 69 / 55 62 67 -69 / 45 60 64 67 / 47 62 -64 -67 / 48 60 64 67 / 52 -60 -67 -67 / 50 60 67 69 / 59 -50 -67 -69 / 52 60 67 71 / 50 65 69 74 / 55 59 67 74 / 62 -47 -65 -74 <END> 
<S> 45 60 64 69 / 47 62 67 -69 / 48 64 67 71 / 50 62 -67 -71 / 52 60 67 72 / 53 69 -60 -72 / 52 62 71 -69 / 64 67 -52 -71 / 65 -52 -67 -71 / 59 67 72 48 / 60 76 -67 -72 / 65 71 74 -60 / 69 76 50 -65 / 71 74 -68 64 / 62 71 76 -76 <END> 
<S> 52 60 67 72 / 50 62 65 74 / 52 67 -65 -74 / 53 60 67 69 / 65 -53 -60 -69 / 55 60 67 -65 / 62 65 -55 -67 / 60 64 -55 -65 / 55 59 62 67 <END> 
<S> 53 62 67 71 / 50 -62 -67 -71 / 52 67 72 / -67 -52 -67 / 57 60 65 69 / 59 62 67 71 / 52 60 67 76 / 54 -60 -67 -76 / 55 74 -60 -67 / 53 59 -67 -74 / 52 59 67 / 55 59 74 -67 / 65 -55 -59 -74 <END> 
<S> 55 59 67 74 / 52 61 67 76 / 50 69 74 77 / 52 67 72 76 / 53 -67 -72 -76 / 55 67 71 74 / 65 -55 -71 -74 / 45 64 69 72 / 45 -64 -69 -72 / 67 -45 72 -64 / 50 62 66 74 <END> 
<S> 50 69 74 77 / 76 -50 -69 -77 / 55 67 74 76 / 53 -67 -72 -76 / 55 71 74 -67 / 65 -55 -71 -74 / 48 64 67 72 / 55 60 67 72 / 69 -55 -60 -72 / 55 62 71 -69 / 67 -52 -55 -71 / 69 -55 -67 -70 / 50 62 69 -72 / 66 -50 -62 -69 / 60 -50 -66 -69 <END> 
<S> 52 60 67 72 / 55 62 -67 -72 / 54 -55 -69 -72 / 55 62 67 71 / 52 64 67 / 62 -52 -67 -71 / 50 60 67 69 / 48 -60 -67 -67 / 50 57 65 69 / 59 -50 -65 -69 / 60 -50 -65 -69 / 55 59 62 67 / 55 59 67 74 <END> 
<S> 50 62 65 69 / 52 62 -65 -69 / 52 60 64 67 / 53 60 69 76 / 57 60 65 69 / 59 62 65 69 / 60 64 69 -65 / 62 -60 -69 / 57 60 64 -69 / 59 62 65 -69 / 60 64 67 / 59 62 -64 -67 <END> 
<S> 53 60 65 69 / 62 -53 -65 -69 / 52 60 64 67 / 58 -52 -64 -67 / 53 57 60 65 / 53 65 69 / 74 -53 -60 -65 / 64 67 -53 -60 / 65 -53 -60 / <END> 
<S> 55 70 -64 / 62 65 -55 -70 / 60 64 67 72 / 57 60 69 74 / 59 -60 -69 -74 / 45 60 67 76 / 65 71 -57 -76 / 56 64 68 71 / 74 -56 -64 -67 / 57 64 69 72 / 55 65 71 74 <END> 
<S> 57 60 65 72 / 60 -57 -65 -72 / 55 67 -60 -65 / 53 59 65 74 / 52 -60 -65 -74 / 53 60 74 79 / 58 77 -53 -81 / 74 -53 -58 -81 / 67 72 -58 58 / 55 65 72 79 / 74 -55 -65 58 / 48 76 79 -65 / 53 69 77 <END> 
<S> 53 65 72 81 / 63 -53 -72 -81 / 58 62 79 79 / 57 60 69 -79 / 59 62 67 77 / 60 69 77 / 55 59 67 74 / 60 67 76 / 59 62 67 74 / 60 67 72 76 / 59 67 71 74 <END> 
<S> 50 62 65 77 / 60 67 76 -53 / 52 -60 -67 -76 / 53 69 74 -60 / 55 59 67 -74 / 60 64 -55 -67 / 57 65 -55 -76 / 53 57 65 74 / 50 59 65 74 / 57 60 64 43 43 50 60 74 / 41 60 -60 -74 <END> 
<S> 55 59 62 67 / 53 -59 -62 -67 / 52 60 67 72 / 53 69 -60 -72 / 52 65 74 -72 / 50 -65 -72 -74 / 48 67 72 76 / 50 -67 -72 -76 / 52 67 72 76 / 54 -67 -72 -76 / 55 67 71 74 / 52 67 72 / 50 65 70 74 <END> 
<S> 52 67 72 / 50 65 -67 -72 / 48 67 72 -65 / 64 -48 -67 -72 / 55 62 67 71 / 53 -62 -67 -71 / 52 64 67 72 / 50 65 74 -67 / 52 67 72 / 54 57 -67 -72 / 55 59 67 71 / 62 69 -55 -67 / 52 62 67 71 / 50 -62 -67 -71 / 52 67 72 76 / 53 -67 -72 -76 <END> 
