<S> 47 55 62 67 / 48 55 60 63 / 56 60 65 / 51 55 60 67 / 53 56 60 63 / 50 55 59 62 / 48 51 55 60 / 48 60 63 67 / 50 -60 -63 -67 <END> 
<S> 53 60 68 / 51 55 67 -60 / 50 59 62 65 / 51 60 63 72 / 50 62 65 -72 / 69 -50 -62 -65 / 55 67 71 -62 / 63 -55 -67 -71 / 62 67 -55 -67 / 53 60 65 68 / 51 63 -60 -68 / 50 65 70 -68 / 46 62 -65 -70 / 48 63 67 -65 / 60 63 -51 -67 <END> 
<S> 55 63 70 / 52 55 -63 -70 / 53 56 68 72 / 58 74 -53 -68 / 67 -53 -58 -74 / 56 65 68 -74 / 55 59 67 75 / 53 60 68 74 / 50 58 65 -68 / 51 58 67 -65 / 63 -51 -58 -67 / 56 60 63 72 / 55 -60 -63 -72 <END> 
<S> 51 58 67 / 50 -58 -67 / 48 63 68 72 / 46 62 65 70 / 51 58 63 67 / 58 62 65 / 56 60 63 / 55 62 65 77 / 53 -62 -65 -77 / 51 63 67 79 / 53 60 68 77 / 59 67 -53 -77 / 51 60 67 72 / 53 -67 -72 -75 <END> 
<S> 56 60 63 72 / 65 -56 -60 -72 / 55 62 67 70 / 60 63 67 70 / 68 -60 -64 -67 / 58 61 67 70 / 56 65 -61 -70 / 55 63 70 -56 / 53 56 68 -63 / 51 55 58 67 / 56 60 68 -51 / 50 65 -56 -68 <END> 
<S> 56 60 63 68 / 53 65 68 72 / 46 -65 -68 -72 / 44 63 72 -68 / 41 65 -68 -72 / 46 61 67 70 / 65 68 -46 -61 / 48 55 63 67 / 56 -48 -63 -67 / 58 -48 -64 -67 / 41 56 65 -58 / 53 60 -41 -56 / 51 55 60 67 / 50 62 65 -67 / 48 60 63 -67 / 58 -48 -60 -67 <END> 
<S> 44 60 65 72 / 63 -44 -60 -72 / 46 62 65 -72 / 39 58 63 67 / 51 63 67 68 / 50 62 65 -68 / 51 63 67 / 62 -51 -67 / 60 -51 -67 / 47 55 67 74 / 55 -47 -67 -74 / 65 -55 -67 -74 / 48 63 67 72 / 55 62 -67 -72 / 60 -55 -67 -72 / 43 62 67 71 / 65 -43 -67 -71 <END> 
<S> 51 67 -46 -62 / 50 60 -51 -67 / 51 55 62 -67 / 59 -55 -62 -67 / 44 60 63 69 / 43 58 62 70 / 48 55 63 69 / 53 60 65 68 / 58 62 -53 -68 / 51 60 67 / 46 -51 -60 -67 / 44 60 65 68 / 47 62 67 / 48 60 64 67 <END> 
<S> 56 60 65 -51 / 55 58 67 -65 / 53 56 65 72 / 51 55 67 / 50 65 -55 -67 / 48 63 67 72 / 51 -63 -67 -72 / 53 68 72 74 / 50 65 -72 -74 / 55 62 71 -74 / 43 67 72 75 / 48 -67 -72 -75 <END> 
<S> 51 67 72 / 70 -51 -67 -72 / 53 56 65 68 / 55 58 67 -65 / 63 -55 -58 -67 / 56 60 63 72 / 55 -60 -63 -72 / 53 65 72 -70 / 68 74 -53 -65 / 51 67 75 79 / 55 -67 -70 -79 / 53 68 72 77 / 67 -53 -72 -77 / 51 65 72 75 / 50 -65 -72 -75 / 51 63 -72 -75 / 56 62 -72 -75 / 58 70 74 77 / 63 -58 -70 -77 <END> 
<S> 51 67 72 75 / 53 -67 -72 -75 / 55 70 74 77 / 56 72 -70 -77 / 68 -56 -70 -77 / 57 65 72 44 / 55 70 75 -72 / 53 68 72 77 / 74 -53 -68 -77 / 55 70 75 / 46 65 -70 -75 / 51 63 70 77 / 62 -51 -70 -77 / 48 63 72 79 / 55 63 -72 -79 <END> 
<S> 53 70 72 -58 / 56 -70 -72 -75 / 58 70 74 77 / 68 -58 -74 -77 / -68 67 72 / 55 70 75 -67 / 60 -55 -70 -75 / 56 68 74 -80 / 55 63 75 79 / 56 -55 -75 -75 / 58 74 70 75 / 53 68 -58 -74 / 55 58 70 74 / 56 72 -65 -74 / 55 70 74 -65 / 53 -67 -70 -74 / 51 70 72 75 / 55 74 -70 -75 <END> 
<S> 53 68 72 77 / 74 -53 -68 -77 / 55 63 70 75 / 56 72 -63 -75 / 58 62 74 77 / 56 63 75 55 / 58 70 77 77 / 68 -58 -74 -77 / 51 67 70 75 / 51 67 70 75 / 58 65 70 74 / 56 65 68 72 55 55 67 70 / 53 60 68 74 / 59 67 74 -53 / 52 60 67 -74 / 56 72 -60 -67 / 60 65 -56 -72 / 50 62 71 -65 <END> 
<S> 55 70 75 75 / 56 60 -70 -75 / 58 62 65 74 / 67 75 -58 -62 / 56 60 68 77 / 55 62 70 -77 / 53 -62 -70 -77 / 51 63 70 79 / 50 65 -70 -79 / 51 63 72 79 / 70 -51 -63 -79 / 53 68 77 -63 / 55 62 70 -77 / 60 63 70 79 / 65 -60 -70 -79 / 59 67 79 -70 / 57 -67 -72 -79 <END> 
<S> 58 65 70 74 / 56 -65 -70 -74 / 55 67 70 75 / 53 -67 -70 -75 / 51 65 72 77 / 50 74 -65 -77 / 51 67 72 75 / 53 -67 -72 -75 / 55 67 71 74 / 65 -55 -71 -74 / 56 63 72 / 62 -56 -72 / 51 55 70 79 <END> 
<S> 50 65 72 77 / 71 -50 -65 -77 / 48 67 72 75 / 50 69 77 -72 / 55 62 67 71 / 55 59 62 67 / 53 -59 -62 -67 / 51 60 67 72 / 50 -60 -67 -72 / 48 65 67 74 / 47 -65 -67 -74 / 48 63 67 75 / 62 -48 -67 -75 <END> 
<S> 48 60 67 75 / 55 67 72 74 / 71 -55 -67 -74 / 65 -55 -71 -74 / 56 63 72 / 55 62 70 77 / 56 -62 -70 -77 / 55 54 -70 -77 / 53 75 -58 -70 / 51 65 70 77 / 50 -65 -70 -77 / 51 63 70 79 / 62 71 77 -51 / 56 60 72 75 / 55 70 -60 -75 <END> 
<S> 55 58 70 75 / 53 -58 -70 -75 / 51 65 70 77 / 50 -65 -70 -77 / 51 63 70 79 / 62 77 -70 45 / 60 72 75 79 / 58 -72 -75 -79 / 56 72 77 -59 / 58 62 74 -77 / 51 67 70 -77 / 53 63 69 72 / 55 67 71 74 / 55 67 70 75 <END> 
<S> 56 68 72 77 / 58 -68 -72 -77 / 60 67 72 75 / 65 74 -60 -75 / 58 67 72 75 / 74 -58 -67 -75 / 56 72 75 -67 / 55 68 -72 -75 / 53 68 74 77 / 55 75 -68 -74 / 56 65 71 74 / 55 -65 -71 -74 / 48 64 67 72 / 55 67 71 74 / 60 67 72 75 / 58 -67 -72 -75 <END> 
<S> 56 68 72 75 / 55 -68 -72 -75 / 53 72 80 -75 / 74 -53 -68 -80 / 55 70 79 -53 / 56 -70 -77 -79 / 58 70 75 77 / 68 -58 -74 -77 / 51 67 70 75 / 58 65 70 74 / 60 63 68 75 / 67 -60 -63 -75 / 62 65 70 77 / 68 -62 -70 -77 / 63 67 70 79 / 72 -63 -67 -79 <END> 
<S> 58 63 68 75 / 67 -58 -75 / 58 63 70 74 / 61 65 70 77 / 60 -65 -70 -77 / 58 65 73 77 / 56 -65 -72 -77 / 70 -56 -65 -77 / 55 63 75 54 / 62 74 -55 <END> 
<S> 63 70 79 / 62 -63 -70 -79 / 60 63 72 79 / 58 -63 -72 -79 / 56 63 72 77 / 58 62 70 -77 / 68 -58 -62 -77 / 51 58 67 75 / 63 70 79 <END> 
<S> 58 63 65 77 / 62 -58 -65 -77 / 60 63 67 75 / 58 62 -67 -75 / 56 60 72 77 / 55 70 -60 -77 / 53 65 68 72 / 74 -53 -65 -68 / 75 -53 -65 -68 / 46 65 70 74 / 48 63 72 -70 / 50 62 65 70 / 51 -62 -65 -70 <END> 
<S> 53 60 69 75 / 65 -53 -60 -75 / 55 59 67 74 / 55 59 67 74 / 48 67 74 / 75 / -67 72 51 / 58 68 72 75 / 56 -68 -72 -75 / 55 70 74 -67 / 65 -55 -70 -74 / 48 63 67 72 / 48 63 72 79 <END> 
<S> 55 67 72 75 / 53 68 -72 -75 / 55 62 71 74 / 67 72 -55 -71 / 48 67 72 75 / 60 -67 -72 -75 / 58 74 70 77 / 56 72 -58 51 55 55 63 70 / 50 65 -55 -70 / 53 60 63 70 / 65 -60 -53 -70 / 51 58 67 70 / 56 63 68 72 / 55 -63 -67 -72 <END> 
<S> 55 70 -65 / 63 -55 -70 / 53 56 65 72 / 63 -53 -56 -72 / 46 62 70 74 / 55 67 70 75 / 65 74 -55 -70 / 56 63 68 72 / 55 -63 -68 -72 / 53 61 67 70 / 52 -61 -67 -70 / 53 60 67 68 / 55 -60 -67 -68 / 56 60 65 68 / 53 -60 -65 -68 <END> 
<S> 56 62 67 72 / 60 -56 -67 -72 / 55 65 74 70 / 60 67 75 / 69 74 -60 -67 / 59 67 75 79 / 77 -59 -67 -79 / 60 67 72 75 / 53 -67 -72 -75 / 55 67 71 74 / 65 -55 -71 -74 / 56 63 72 / 53 65 70 / 68 -53 -65 -72 <END> 
<S> 60 67 75 / 58 62 -67 -75 / 56 63 72 / 55 -64 -72 / 53 68 72 74 / 67 -53 -72 -74 / 53 68 72 -74 / 55 63 -68 -72 / 54 69 -63 -72 / 62 -54 -69 -72 / 55 62 67 71 / 51 60 67 72 / 48 69 -60 -72 / 55 62 71 71 <END> 
<S> 55 62 71 -67 / 63 -55 -67 -71 / 65 -55 -67 -71 / 48 63 67 72 / 53 60 65 68 / 51 55 63 67 / 49 56 65 / 55 63 -46 -65 / 46 61 -65 / 48 55 63 -46 -67 -48 56 60 65 -48 -48 / 48 -60 -65 / 53 -48 -60 -63 / 47 55 62 67 / 48 55 63 -67 / 62 65 -55 -48 / 60 -55 -65 / 43 55 59 62 / 55 63 67 / 62 -55 -67 -67 <END> 
<S> 50 54 62 71 / 43 55 -62 -71 / 51 55 67 72 / 48 63 67 -72 / 55 62 67 71 / 53 -62 -67 -71 / 51 63 67 72 / 50 65 74 -67 / 48 67 72 75 / 50 65 70 74 / 51 67 70 75 / 53 -67 -70 -75 / 55 67 70 75 / 56 60 68 77 / 58 62 70 -77 / 68 -58 -62 -77 / 63 67 75 -53 / 72 -48 -67 -75 <END> 
<S> 51 67 72 / 63 70 -51 -72 / 53 68 74 -63 / 55 65 70 -74 / 56 -65 -68 -74 / 55 70 74 -60 / 59 -55 -67 -74 / 56 60 64 -74 / 48 55 64 72 / 50 53 65 70 / 51 55 -65 -70 / 53 60 65 68 / 50 59 -65 -68 / 51 60 67 -65 / 48 60 64 -67 <END> 
<S> 52 55 67 72 / 53 56 65 -72 / 55 59 62 67 / 60 -55 -59 -67 / 48 60 63 67 / 48 60 63 67 / 58 62 -48 -67 / 53 56 60 68 / 51 55 -60 -68 / 50 53 58 70 / 46 50 -53 -68 / 51 51 67 -58 / 50 -51 -58 -67 / 51 55 63 70 / 68 -51 -55 -70 <END> 
<S> 50 53 65 -60 / 59 -50 -53 -65 / 55 60 63 / 53 56 62 -60 / 55 59 62 / 53 56 60 -62 / 58 -53 -56 -63 / 55 56 60 63 / 62 65 -55 -56 / 55 60 63 67 / 53 68 -60 -63 / 55 62 -60 -67 / 57 60 67 72 / 65 -57 -60 -72 / 59 62 67 74 / 65 -59 -62 -74 / 60 63 72 75 / 48 -63 -72 -75 <END> 
<S> 56 60 63 72 / 65 -56 -60 -72 / 55 62 67 70 / 53 -62 -67 -70 / 51 63 67 70 / 53 65 68 -70 / 55 63 67 70 / 62 -55 -67 -70 / 53 60 65 68 / 58 -53 -65 -68 / 48 60 67 68 / 72 -48 -60 -68 / 0 / 55 67 70 -60 <END> 
<S> 55 63 70 / 61 -55 -63 -70 / 56 60 65 68 / 53 -60 -65 -68 / 60 65 -53 -69 / 46 -60 -65 -68 / 60 64 67 / 0 / 53 60 65 68 / 0 / 48 60 67 75 / 62 -48 -67 -75 / 50 63 67 71 <END> 
<S> 60 63 68 / 59 62 67 / 60 -56 -67 / 51 55 62 67 / 59 -55 -62 / / 55 60 67 75 / 53 68 74 -60 / 55 59 67 74 / 65 -55 -59 -74 / 48 60 63 72 / 48 63 72 79 <END> 
<S> 55 60 67 75 / 53 -60 -67 -75 / 55 59 67 74 / 65 -55 -59 -74 / 48 60 63 72 / 56 60 65 -72 / 60 -56 -60 -65 / 58 61 65 70 / 68 -58 -65 -70 / 48 67 -65 -70 / 63 -48 -67 -70 / 69 -48 -63 -72 / 67 -48 -63 -72 / 62 -48 -67 -72 / 60 63 67 72 / 58 62 -67 -72 <END> 
<S> 48 63 67 72 / 51 -63 -67 -72 / 53 62 -67 -72 / 65 -53 -62 -72 / 55 59 67 74 / 55 59 62 67 / 51 55 63 70 / 48 55 67 -70 / 53 68 68 72 / 74 -53 -68 -68 / 55 67 75 / 72 -55 -67 -75 / 55 -67 -72 -75 / 53 67 74 77 / 59 67 -74 -77 <END> 
<S> 51 60 67 72 / 53 -51 -67 -72 / 51 65 68 74 / 47 -65 -68 -74 / 48 63 67 79 / 62 -48 -67 -79 / 60 67 77 -48 / 59 62 -67 -77 / 60 63 72 75 / 55 -60 -63 -75 <END> 
<S> 48 60 67 75 / 55 67 75 -60 / 71 -55 -67 -75 / 65 -55 -67 -75 / 53 63 68 74 / 51 63 67 79 / 72 -51 -63 -79 / 56 65 74 -72 / 50 67 74 -72 / 55 67 71 -74 / 60 67 72 75 <END> 
<S> 56 63 72 / 51 -56 -63 -72 / 53 56 68 74 / 58 -53 -68 -74 / 67 75 -53 -58 / 51 60 67 58 / 64 74 79 -60 / 59 65 68 74 / 58 67 75 -74 / 56 72 -67 -75 / 55 70 -67 -75 / 53 68 72 77 / 53 68 74 -72 / 55 70 -74 -74 / 56 72 -70 / 65 68 -56 -72 <END> 
<S> 59 68 74 77 / 60 67 75 -77 / 55 74 -67 -75 / 53 68 72 -75 / 55 62 74 -72 / 67 -55 -72 -74 / 48 63 67 75 / 50 65 -67 -75 / 51 67 72 75 / 53 -67 -72 -75 / 55 67 71 74 / 60 67 72 75 / 58 -67 -72 -75 / 57 60 72 77 / 55 70 -60 -77 <END> 
<S> 51 67 72 75 / 53 -67 -72 -75 / 55 67 71 74 / 65 -55 -71 -74 / 56 63 72 / 70 -56 -63 -72 / 55 65 70 74 / 53 -65 -70 -74 / 68 -65 72 -74 / 59 67 74 79 / 60 67 72 75 / 48 -67 -72 -75 <END> 
<S> 58 65 68 74 / 63 72 -68 / 55 62 67 71 / 63 -55 -67 -71 / 65 -55 -67 -71 / 60 63 67 72 / 62 -60 -67 -72 / 48 65 68 74 / 72 -65 -68 / 60 63 72 / 60 63 68 79 <END> 
<S> 56 60 67 72 / 65 -56 -60 -72 / 60 63 67 -56 / 55 -60 -67 -67 / 53 59 62 67 / 58 60 -53 -67 / 52 60 67 -58 / 53 60 68 -60 / 57 -53 -60 -69 / 65 -53 -60 -69 / 48 60 65 67 <END> 
<S> 55 60 67 / 53 68 -60 -67 / 52 60 67 / 53 65 68 -60 / 60 63 -53 -68 / 46 58 62 68 / 56 -46 -62 -65 / 39 55 58 63 / 51 55 58 63 / 50 -55 -58 -70 <END> 
<S> 44 60 65 -63 / 62 -44 -65 / 60 -44 -65 / 46 58 62 67 / 56 63 -46 / 55 58 64 67 / 56 60 65 / 58 62 65 / 56 63 -62 -65 / 39 55 58 70 / <END> 
<S> 56 60 65 / 58 -56 -60 -65 / 53 61 -56 -65 / 58 -48 -53 -65 / 46 53 60 63 / 44 56 60 65 / 41 -44 -60 -65 / 48 53 60 67 / 58 -48 -67 -75 / 56 65 68 72 / 67 -56 -65 <END> 
<S> 44 60 63 / 53 60 -44 -63 / 43 55 58 62 / 57 -43 -55 -62 / 55 58 70 / 57 -55 -58 -70 / 46 55 62 70 / 53 -62 -50 -70 / 51 55 65 -62 / 63 -51 -55 -60 / 46 55 62 65 / 46 -55 -62 -65 / 48 55 63 -62 / 60 -48 -55 -63 <END> 
<S> 55 62 65 / 56 60 -55 -65 / 43 55 60 67 / 53 62 -60 -67 / 43 55 62 -67 / 59 -43 -43 -67 / 48 -43 -59 -67 / 45 48 60 65 / 47 55 62 67 / 48 55 60 63 / 44 53 60 65 / 41 55 60 63 / 44 56 -55 -60 <END> 
<S> 48 60 67 / 50 62 -60 -67 / 52 55 60 67 / 53 60 69 -67 / 55 58 62 -69 / 60 63 -58 -68 / 58 65 -63 -69 / 57 62 66 72 / 46 62 66 -72 / 51 58 67 70 / 57 65 69 72 / 63 -57 -69 -72 / 62 65 67 71 <END> 
<S> 58 62 65 70 / 69 -51 -58 -65 / 60 67 75 / 58 62 -67 -75 / 56 60 72 77 / 55 71 -60 -77 / 53 65 68 72 / 74 -53 -65 -68 / 48 63 69 0 / 50 57 66 72 / 52 60 67 70 / 58 62 -67 -70 <END> 
<S> 53 60 69 74 / 50 58 65 74 / 51 58 67 -74 / 50 58 65 77 / 62 -50 -58 -77 / 52 55 70 79 / 53 56 -70 -79 / 55 70 75 79 / 56 65 70 -79 <END> 
<S> 51 58 63 67 / 60 63 68 / 48 63 65 72 / 46 58 62 70 / 44 60 63 72 / 62 -44 -60 -72 / 48 63 67 72 / 68 -48 -63 -72 / 50 66 74 -72 / 71 -50 -66 -74 <END> 
<S> 60 65 -51 -67 / 50 58 -65 -68 / 51 63 67 -58 / 60 -51 -63 -67 / 56 60 63 72 / 58 62 65 -72 / 56 60 65 72 / 55 67 -60 -72 / 53 60 65 68 / 72 -53 -60 -65 / 60 -53 -60 -68 / 53 60 65 70 / 48 55 63 67 <END> 
<S> 56 60 65 72 / 55 -60 -72 -72 / 53 68 74 -72 / 55 59 -68 -74 / 53 60 68 72 / 52 55 -60 -72 / 53 57 60 69 / 55 59 62 -69 / 60 64 -55 -59 / 56 60 48 -60 / 55 59 -60 -63 / 53 57 60 68 / 50 62 65 / 51 63 67 70 / 65 -51 -67 -70 <END> 
<S> 55 60 62 67 / 68 72 -55 -62 / 43 55 62 71 / 53 -43 -62 -71 / 48 55 60 63 / 51 55 60 67 / 53 60 69 -67 / 62 65 -53 -69 / 63 -44 -56 -68 / 50 58 65 70 / 46 62 -65 -70 / 51 58 67 -65 / 63 -51 -58 -67 <END> 
<S> 53 60 65 69 / 51 63 -60 -69 / 50 58 65 70 / 48 63 -58 -70 / 50 53 65 70 / 55 63 69 -50 / 53 60 65 -69 / 59 62 -53 -69 / 60 -53 -53 -69 / 46 58 62 67 / 48 63 69 -58 <END> 
<S> 55 60 63 69 / 53 -60 -63 -69 / 55 62 67 70 / 47 -62 -67 -70 / 48 63 67 72 / 50 -63 -67 -72 / 51 62 67 -72 / 53 -62 -67 -72 / 55 62 67 71 / 48 63 67 72 / 53 56 65 72 <END> 
<S> 55 62 67 70 / 52 60 67 -70 / 53 60 65 69 / 51 -60 -65 -69 / 53 60 65 68 / 58 65 -53 -68 / 60 64 67 / 58 -60 -64 -67 / 57 60 65 75 / 61 67 -57 -76 / 54 60 69 75 / 54 60 -69 -75 <END> 
<S> 56 60 65 72 / 55 -60 -65 -72 / 53 -60 70 74 / 55 59 67 -74 / 65 -55 -59 -74 / 56 60 63 72 / 55 -60 -63 -72 / 53 56 65 68 / 46 58 65 -68 / 56 -46 -65 -70 <END> 
<S> 53 56 65 68 / 63 -53 -56 -68 / 55 61 70 / 44 68 -55 -70 / 46 70 67 74 / 46 65 -67 -74 / 48 63 67 75 / 51 67 72 -75 / 53 68 74 -72 / 55 67 71 -74 / 65 -55 -71 -74 / 48 63 67 72 <END> 
<S> 53 68 72 74 / 55 67 71 -74 / 65 -55 -71 -74 / 48 63 67 72 / 51 58 70 79 / 56 60 -70 -79 / 55 58 70 77 / 53 68 72 -77 / 51 58 67 79 / 77 -51 -58 -67 / 51 58 67 75 / 60 -51 -67 -75 <END> 
<S> 58 63 70 77 / 68 -58 -63 -77 / 51 58 67 75 / 51 58 67 75 / 63 73 -58 -75 / 56 72 -63 -75 / 55 70 75 -75 / 53 74 -70 -75 / 51 70 75 79 / 50 72 77 77 / 71 -50 -77 -77 <END> 
<S> 55 67 70 75 / 56 72 -67 -75 / 53 68 74 77 / 55 -68 -74 -77 / 56 63 72 75 / 55 -63 -72 -75 / 53 68 72 77 / 71 74 -53 -68 / 51 67 72 75 / 53 -67 -72 -75 / 55 67 70 74 / 53 65 68 -74 <END> 
<S> 53 68 72 74 / 65 -53 -72 -74 / 55 62 71 -74 / 67 -55 -71 -74 / 65 -55 -71 -74 / 48 63 67 72 / 58 65 70 74 / 56 -65 -70 -74 / 55 67 70 74 / 53 -67 -70 -74 / 51 65 70 79 / 63 -65 -70 -79 / 57 -65 -70 -74 / 55 63 70 75 <END> 
