<S> 56 62 65 72 / 60 -56 -65 -72 / 55 62 67 71 / 53 -62 -67 -71 / 51 63 67 72 / 50 65 69 74 / 71 -50 -65 -74 / 48 67 72 75 / 43 71 74 -67 / 65 -43 -71 -74 / 48 63 67 72 / 60 63 67 72 / 69 -60 -63 -72 <END> 
<S> 48 67 72 75 / 50 65 71 74 / 51 67 72 75 / 53 -67 -72 -75 / 55 67 70 74 / 56 60 -67 -74 / 55 59 62 67 / 53 -59 -62 -67 / 51 60 67 72 / 74 -51 -60 -67 / 53 60 65 69 / 51 -60 -65 -69 / 50 58 65 70 / 46 62 -65 -70 <END> 
<S> 60 66 -53 -60 / 55 59 67 -53 / 52 60 -55 -60 / 53 56 60 62 / 55 59 62 -53 / 53 55 62 71 / 51 55 60 72 / 50 53 62 70 / 68 -50 -53 -60 / 51 58 67 / 41 -51 -58 -67 / 44 51 72 -58 / 56 -51 -51 -72 / 50 53 70 74 <END> 
<S> 53 55 60 68 / 51 50 60 67 / 58 -52 -60 -67 / 41 53 60 68 / 51 58 67 -53 / 50 53 58 65 / 51 55 -58 -65 / 53 57 60 / 55 59 62 / 51 55 60 63 / 50 53 65 -60 / 59 -50 -53 -65 <END> 
<S> 51 55 58 67 / 53 60 68 -67 / 55 62 67 71 / 65 -55 -62 -71 / 48 55 64 72 / 50 55 62 71 / 54 69 -50 -62 / 55 59 67 -62 / 60 67 -55 -67 / 50 62 66 69 / 51 60 66 -69 / 50 59 62 67 <END> 
<S> 55 62 71 -67 / 66 -55 -62 -71 / 60 63 67 72 / 69 -63 -63 -72 / 62 74 -67 -72 / 48 67 72 75 / 55 62 71 74 / 60 63 72 79 / 58 -63 -72 -79 / 57 65 72 77 / 55 70 75 79 / 58 70 75 77 / 69 75 50 59 67 <END> 
<S> 60 63 72 75 / 62 65 70 77 / 63 79 -70 / 68 -63 -63 -79 / 58 65 70 77 / 68 -58 -65 -77 / 60 67 75 -58 / 53 72 -67 -75 / 55 -67 -72 -75 / 56 60 -72 -75 / 55 58 74 -60 / 53 59 68 -62 <END> 
<S> 53 68 72 74 / 55 75 -68 -74 / 56 65 72 77 / 58 74 -68 -77 / 60 67 75 / 53 72 -60 -75 / 55 67 74 -72 / 70 -55 -67 -74 / 56 65 72 75 / 74 -56 -65 -72 / 72 -56 -65 -72 / 55 65 67 71 / 48 63 67 75 / 60 -48 -67 -75 <END> 
<S> 56 72 -65 / 65 -56 -72 / 56 65 72 74 / 55 -65 -72 -74 / 53 36 -69 -72 / 50 54 -69 -72 / 55 62 67 71 / 51 60 67 79 / 60 -51 -67 -79 / 55 62 71 79 / 60 63 72 56 / 59 62 74 79 / 77 -59 -62 -74 <END> 
<S> 51 60 67 75 / 62 -60 -67 -75 / 48 60 67 75 / 58 -48 -67 -75 / 53 56 68 72 / 51 67 -56 -72 / 55 62 71 74 / 60 67 72 75 / 58 67 74 77 / 59 68 75 77 <END> 
<S> 53 62 68 77 / 72 -53 -68 -77 / 55 70 72 75 / 46 -67 -72 -75 / 51 63 72 -75 / 53 68 77 -63 / 0 / 52 55 67 72 / 54 62 70 -72 <END> 
<S> 51 67 72 / 63 -51 -72 / 53 65 72 -72 / 74 -53 -65 -72 / 55 63 67 72 / 65 -55 -67 -72 / 60 -55 -67 -72 / 59 62 67 -55 / 53 -59 -62 -67 <END> 
<S> 58 65 70 / 60 64 69 / 62 67 70 / 62 65 69 -70 / 63 -62 -69 -75 / 58 62 70 77 / 56 -62 -70 -77 / 55 63 70 79 / 53 72 80 -70 / 67 71 74 -53 / 52 67 72 79 <END> 
<S> 58 63 65 69 / 67 -58 -63 -65 / 57 -58 -63 / 55 58 62 70 / 55 67 -58 -70 / 68 -55 -58 -70 / 46 49 62 70 / 68 -46 -62 -70 / 48 60 67 67 / 52 60 67 79 / 53 60 69 77 <END> 
<S> 58 63 65 70 / 62 -58 -65 -70 / 52 58 65 70 / 49 58 -65 -70 / 48 58 63 67 / 46 53 -63 -67 / 48 51 63 67 / 46 53 70 -67 / 44 65 68 72 / 45 -65 -68 -72 / 46 62 65 70 / 63 -46 -70 -70 / 65 -46 -70 / -70 63 67 70 / 62 65 70 -70 / 60 63 68 -70 / 55 59 67 -70 / 62 72 -55 -67 / 60 63 67 <END> 
<S> 46 70 65 -63 / 62 -46 -65 -70 / 51 58 67 -65 / 53 60 63 69 / 55 62 71 -69 / 56 60 72 75 / 74 -56 -60 -72 / 55 67 71 74 / 53 68 71 -74 / 51 63 72 79 / 50 -51 -72 -79 / 77 -50 -57 -72 / 48 67 72 76 <END> 
<S> 60 63 68 75 / 62 65 -68 -75 / 63 67 72 / / 62 -67 -72 / 60 63 67 72 / 58 62 -67 -72 / 56 60 65 -72 / 55 -60 -65 -72 / 53 62 -60 -69 / 58 62 67 74 / 60 63 68 72 / 62 65 74 -72 / 63 -62 -68 -72 / 65 69 71 -60 / 59 63 67 73 <END> 
<S> 57 63 65 72 / 60 -57 -65 -72 / 58 62 65 74 / 67 -58 -62 -74 / 48 60 64 68 / 50 65 -60 -68 / 51 67 67 -58 / 53 60 -67 -70 / 55 62 67 71 / 53 -62 -67 -71 / 51 60 67 72 / 48 -60 -67 -72 / 50 65 67 71 / 51 66 -67 -71 / 51 63 66 72 / 48 -63 -67 -72 <END> 
<S> 60 63 67 72 / 62 71 -67 / 43 60 67 72 / 55 63 -67 -72 / 67 -55 -63 -72 / 66 69 -55 -72 / 59 -55 -67 -74 / 60 67 75 / 58 -60 -67 -75 / 56 60 68 75 / 55 -60 -68 -75 / 53 60 70 79 / 55 -60 -70 -79 / 53 68 80 60 / 55 62 67 82 <END> 
<S> 60 63 67 / 58 -60 -63 -67 / 56 60 72 -67 / 62 -56 -60 -72 / 55 62 67 71 / 53 -62 -67 -71 / 51 63 67 72 / 53 69 -63 -72 / 62 -53 -69 -72 / 55 62 71 74 / 72 -62 -71 -74 / 55 67 72 75 / 57 -67 -72 -75 / 58 62 65 74 / 59 67 -65 -74 <END> 
<S> 50 65 69 74 / 71 -50 -65 -74 / 48 67 72 75 / 50 65 71 77 / 51 63 72 79 / 53 68 77 -72 / 55 67 71 74 / 51 63 72 79 <END> 
<S> 56 60 72 77 / 68 -56 -60 -77 / 55 67 72 / / 53 -67 -72 / 55 62 67 71 / 48 63 67 72 / 60 67 72 75 <END> 
<S> 41 68 74 -60 / 58 67 75 -74 / 56 74 -67 -74 / 55 72 75 -67 / 57 65 72 -75 / 58 65 70 74 / 51 58 67 70 / 53 65 68 -58 <END> 
<S> 56 63 72 / 55 70 -63 -72 / 53 56 68 74 / 58 65 70 74 / 75 -58 -65 -70 / 56 63 77 / 55 60 -63 -77 / 60 66 -56 -63 / 46 58 62 68 <END> 
<S> 58 62 70 77 / 60 63 68 79 / 65 -60 -63 -80 / 58 63 75 79 / 60 -58 -75 -79 / 56 72 77 -63 / 53 -72 -77 -77 / 58 70 74 77 / 68 -58 -74 -77 / 67 70 74 -58 <END> 
<S> 53 68 77 -63 / 58 62 70 -77 / 51 63 79 -70 / 67 77 -51 -70 / 56 72 -67 -70 / 58 65 74 -68 / 72 -58 -65 -74 / 63 65 72 0 / 62 -65 -72 / 60 64 67 -72 / 58 62 -67 -72 / 56 60 72 77 / 55 75 -60 -72 <END> 
<S> 56 63 72 / 55 -63 -72 / 53 56 68 74 / 51 58 -68 -68 / 50 58 67 70 / 51 60 68 79 / 67 -51 -51 -79 / 53 60 68 77 / 55 67 75 -60 / 74 -55 -60 -67 / 65 -55 -60 -67 / 48 60 67 -65 / 60 63 67 70 <END> 
<S> 53 60 68 74 / 55 72 -60 -68 / 56 65 71 -60 / 58 64 67 74 / 60 66 68 75 / 67 -60 -68 -75 / 55 65 67 71 / 53 -65 -70 -79 / 51 63 70 79 / 55 -51 -70 -79 / 53 68 72 77 / 71 -53 -68 -77 / 60 67 72 75 / 58 74 -67 -75 <END> 
<S> 53 60 68 74 / 55 59 67 -74 / 56 60 65 72 / 48 64 67 72 / 53 60 65 68 / 62 -53 -68 -68 / 55 63 67 70 / 65 -55 -63 -70 / 56 63 -63 -70 / 55 62 65 70 / 51 63 67 70 / 65 -51 -67 -70 <END> 
<S> 61 64 67 70 / 62 65 -67 -70 / 60 63 67 75 / 58 62 -67 -75 / 56 60 72 77 / 55 -60 -72 -77 / 53 62 70 79 / 51 63 -70 -79 / 53 68 72 -63 / 62 -53 -68 -77 / 60 63 67 -77 / 59 69 -63 -67 / 58 62 65 77 / 62 -62 -65 -77 <END> 
<S> 53 60 68 77 / 55 -60 -68 -77 / 56 60 -68 -77 / 62 -56 -60 -77 / 59 63 67 79 / 62 -59 -67 -79 / 60 67 75 / 58 -60 -67 -75 / 56 60 65 77 / 55 67 75 -60 / 53 60 68 74 / 55 59 67 -74 / 65 -55 -67 -74 / 48 63 67 72 / 50 58 70 77 <END> 
<S> 53 60 69 74 / 55 59 67 -74 / 65 -55 -67 -74 / 48 63 67 72 / 50 58 70 77 / 51 58 -70 -77 / 53 -58 -70 -77 / 55 -58 -70 -77 / 56 60 -70 -77 / 58 62 65 74 / 56 60 -65 -74 / 55 59 67 75 / 53 -59 -67 -75 / 51 60 67 72 / 53 65 69 -72 / 63 -53 -69 -72 <END> 
<S> 56 60 63 72 / 65 -56 -60 -72 / 55 62 67 71 / 53 -62 -67 -71 / 51 63 72 -67 / 71 -51 -63 -67 / 48 60 67 75 / 69 -60 -63 -75 / 58 62 70 77 / 56 -62 -70 -77 / 55 63 70 79 / 53 -63 -70 -79 / 51 63 70 79 / 55 -63 -70 -79 <END> 
<S> 63 67 70 79 / 62 65 -70 -79 / 60 63 75 79 / 58 62 74 79 / 68 -58 -62 -79 / 63 67 70 75 / 65 69 -75 / 63 67 70 75 / 56 65 68 -75 / 55 67 70 75 / 53 68 -67 -75 / 55 67 74 / 70 -55 -67 -74 <END> 
<S> 58 65 70 74 / 67 -58 -70 -74 / 68 -58 -70 -74 / 51 63 67 72 / 68 74 -63 / 48 63 67 75 / 50 65 -67 -75 / 51 67 72 75 / 53 -67 -72 -75 / 55 67 71 74 / 56 65 72 75 / 58 65 74 -72 / 67 -58 -65 -74 <END> 
<S> 51 67 72 75 / 53 68 72 77 / 55 62 71 79 / 56 60 72 77 / 53 74 -60 -77 / 55 59 67 75 / 56 60 -67 -75 / 55 62 67 75 / 53 -62 -67 -70 / 51 60 67 72 / 63 -51 -60 -72 / 53 65 68 74 / 59 67 -53 -74 / 51 60 67 -74 <END> 
<S> 55 67 75 -60 / 53 60 -67 -75 / 55 59 65 74 / 62 72 -55 -74 / 56 62 71 77 / 60 -56 -71 -77 / 74 -56 -60 -68 / 55 59 67 74 / 53 -59 -67 -74 / 51 60 67 75 / 53 -60 -67 -75 / 55 67 71 74 / 47 62 67 74 / 65 -47 -62 -74 <END> 
<S> 60 67 75 / 58 -60 -67 -75 / 56 60 72 75 / 55 70 -60 -75 / 53 60 68 74 / 55 59 67 -74 / 56 60 67 72 / 65 -56 -60 -72 / 50 62 65 71 / 65 -50 -62 -71 / 48 63 67 72 / 60 -48 -67 -72 / 55 58 67 74 <END> 
<S> 53 62 69 74 / 72 -53 -60 -69 / 55 62 67 71 / 55 59 62 67 / 53 -59 -62 -67 / 51 60 67 72 / 50 62 -67 -72 / 48 63 67 72 / 47 62 67 74 / 48 60 67 75 / 55 59 67 74 / 55 71 -67 -74 <END> 
<S> 47 62 67 74 / 48 -62 -67 -74 / 55 62 67 71 / 53 -62 -67 -71 / 51 63 67 72 / 38 53 62 -67 -72 / 55 62 67 71 / 48 63 67 72 / 53 57 65 72 / 64 -53 -69 -77 / 58 65 74 / 60 75 -58 -65 / 59 62 67 77 / 60 -62 -65 -77 / 55 62 67 79 / 71 -55 -62 -79 <END> 
<S> 51 60 67 72 / 64 -60 -67 -72 / 54 62 69 74 / 72 -54 -69 -74 / 55 62 70 -74 / 72 -55 -63 -70 / 55 67 70 -63 / 48 63 67 70 / 53 56 -63 -67 / 51 55 63 70 / 53 56 68 -63 / 58 62 -53 -68 / 60 65 -53 -68 / 46 58 62 67 / 51 58 67 68 <END> 
<S> 53 56 65 68 / 51 58 67 -65 / 63 -51 -58 -67 / 46 65 -58 -63 / 62 -46 -58 -65 / 60 -46 -58 -65 / 58 62 65 70 / 51 58 63 67 / 57 60 63 65 / 59 62 -44 -63 / 60 57 60 66 / 58 62 65 -57 / 53 58 64 67 / 60 66 -51 -67 <END> 
<S> 60 63 65 / 58 -60 -63 / 56 60 65 / 53 62 -56 -65 / 60 55 67 75 / 53 56 62 65 / 55 61 70 / 53 56 68 72 / 58 74 -53 -68 / 67 72 -53 -57 / 54 62 69 -72 / 55 62 67 70 / 53 -62 -67 -70 <END> 
<S> 53 60 65 69 / 63 -53 -60 -69 / 46 62 65 70 / 48 63 67 69 / 50 58 65 70 / 51 58 63 67 / 44 60 -63 -67 / 46 58 62 65 / 56 -46 -62 -65 / 39 55 58 63 <END> 
<S> <END> 
<S> 46 36 55 74 / 48 52 56 67 <END> 
<S> 41 60 69 77 / 53 60 68 77 / 62 71 -53 -77 <END> 
<S> 51 60 67 75 / 53 -60 -67 -75 <END> 
<S> 56 60 68 -46 / 65 -56 -60 -68 <END> 
<S> 72 77 / 62 -69 -72 -77 <END> 
<S> 49 64 67 / 57 60 64 69 -67 <END> 
<S> 70 75 / 46 65 70 74 <END> 
<S> 72 75 -60 -67 -72 <END> 
<S> 72 77 / 62 71 -77 -77 69 60 69 77 76 -53 -60 -69 <END> 
<S> 36 64 69 72 / 67 -64 -72 / 58 65 74 / 56 59 -65 -74 / 48 55 64 72 <END> 
<S> 57 60 65 77 / 59 62 67 -77 / 60 67 76 -62 / 72 -60 -67 -76 / 55 67 71 74 / 53 -67 -71 -74 <END> 
<S> 58 67 74 / 57 66 72 -74 / 55 62 70 70 / 53 -62 -70 -70 / 51 63 67 70 / 62 -51 -67 -70 / 53 60 65 68 / 55 58 67 70 / 56 60 68 77 / 58 62 70 -77 / 60 63 -70 -77 / 62 65 70 77 / 58 -62 -70 -77 <END> 
<S> 53 60 62 70 / 51 58 60 67 / 53 56 60 65 / 55 58 62 70 / 56 -55 -62 -70 / 55 55 63 70 / 53 56 62 -70 / 51 55 63 70 / 53 56 65 -70 / 55 63 -53 -70 / 46 62 -55 -70 / 53 68 60 -62 / 55 59 -53 -62 / 56 60 -53 -59 / 44 53 60 / 43 55 59 67 / <END> 
<S> 56 62 65 71 / 60 -56 -65 -71 / 55 59 67 74 / 53 60 -67 / 62 -53 -60 -67 / 53 59 62 65 / 51 60 63 / 44 56 60 65 / 47 55 62 67 / 45 60 -55 -67 / 43 55 59 62 / 44 60 -55 -63 / 56 59 62 -43 -56 <END> 
<S> 48 55 60 63 / 46 -55 -60 -63 / 44 56 60 65 / 43 50 -60 -65 / 55 59 62 -51 / 53 -43 -59 -62 / 48 55 60 63 / 51 58 -48 -63 / 53 56 60 / 55 -53 -60 -63 / 55 59 62 -53 / 53 -53 -59 -62 / 51 55 60 / 50 55 59 62 / 48 -55 -59 -62 / 48 55 60 / 62 -48 -51 -55 <END> 
<S> 44 53 56 60 65 / 59 -56 -56 -65 / 50 57 65 -56 / 47 50 -56 -65 / 43 50 55 65 / 59 -43 -50 -55 / 48 48 55 63 / 46 62 -55 -48 / 51 60 67 -48 / 50 -60 -67 / 48 55 60 63 / 58 -48 -55 -63 / 44 53 56 65 / 43 75 -53 -60 / 41 62 -53 -60 / 59 67 -53 -58 / 51 60 -53 -67 / 53 51 -60 -67 <END> 
<S> 48 51 60 68 / 50 53 58 -68 / 51 55 67 / 48 51 60 -67 / 41 56 60 65 / 53 55 59 62 / 51 55 60 67 / 59 62 68 -55 / 53 60 63 69 / 62 -53 -60 -69 / 55 58 62 70 / 60 64 -55 -70 <END> 
<S> 48 55 60 63 / 58 -48 -63 -63 / 44 56 60 65 / 58 -44 -56 -65 / 44 53 56 65 / 41 60 -53 -65 / 63 -41 -53 -65 / 46 58 62 67 / 43 -58 63 -67 / 45 60 65 -63 / 47 62 -65 -68 / 48 63 67 / 47 62 -67 -67 / 48 60 67 75 / 53 -60 -67 -75 <END> 
<S> 43 54 63 70 / 62 -43 -63 -70 / 46 56 63 72 / 44 63 -56 -72 / 46 53 62 74 / 55 -46 -68 -74 / 53 60 68 72 / 50 65 74 -72 / 51 63 67 72 79 / 53 -67 -72 -79 / 55 67 71 74 / 65 -55 -71 -74 / 56 63 72 / 65 68 -56 -72 <END> 
<S> 51 67 72 75 / 53 -67 -72 -75 / 55 67 70 74 / 51 58 70 75 / 53 68 -58 -75 / 55 67 70 75 / 56 65 72 -75 / 58 74 -67 -75 / 51 63 72 75 / 53 65 72 77 / 50 -65 -72 -72 / 51 63 70 79 / 62 77 -70 <END> 
<S> 53 63 68 72 / 51 -63 -68 -72 / 50 65 68 71 / 55 63 67 / 62 65 -55 / / 60 63 67 75 / 65 68 -60 -75 / 55 67 71 74 / 72 -55 -67 -74 / 71 -55 -67 -74 / 65 -55 -71 -74 / 48 63 67 72 / 60 63 67 72 <END> 
