<S> 48 63 67 72 / 50 62 65 -72 / 51 60 63 67 / 53 69 -60 -63 / 55 62 71 / 67 -55 -62 -71 / 57 60 65 72 / 63 -57 -60 -72 / 59 62 67 74 / 55 59 75 -67 / 77 -55 -59 -67 / 60 67 75 / 53 68 74 -60 / 55 67 74 -60 / 43 59 -67 -74 / 48 63 67 72 <END> 
<S> 59 62 67 74 / 59 62 -67 -74 / 63 67 71 -62 / 62 66 -62 -79 / 60 67 75 / 59 -67 74 / 57 60 72 75 / 55 -60 -72 -75 / 53 62 71 79 / 60 63 72 79 / 58 62 65 74 / 67 -58 -62 -74 / 55 62 67 71 / 48 60 67 72 / 59 62 67 74 / 63 -47 -67 -74 <END> 
<S> 53 68 74 -61 / 55 75 -68 -74 / 56 71 74 55 / 55 72 -67 / 65 74 -55 -60 / 48 60 67 75 / 55 59 67 74 / 60 67 75 / 58 62 -67 -75 / 56 60 63 75 / 55 -60 -63 -75 / 53 57 65 72 / 47 74 -65 -68 / 48 63 67 75 / 50 62 -67 -75 <END> 
<S> 55 63 67 72 / 62 74 -55 -67 / 60 -55 -67 -74 / 55 62 67 71 / 53 -62 -67 -71 / 51 63 72 -67 / 50 -63 -67 -72 / 48 62 67 74 / 47 -62 -67 -74 / 48 60 67 75 / 53 -60 -67 -75 / 55 59 67 74 / 65 -55 -59 -74 / 56 60 63 72 / 55 -60 -63 -72 / 53 68 77 -60 / 59 62 67 -53 / 51 60 67 75 / 58 -51 -67 -75 <END> 
<S> 48 55 63 72 / 56 65 -48 -72 / 55 67 -48 -72 / 53 62 68 -67 / 63 65 -53 -68 / 59 62 67 -65 / 60 63 -65 / 56 62 65 39 / 60 63 67 75 / 59 62 67 74 / 61 76 -67 41 57 60 65 77 / 56 59 62 -77 / 60 -56 -72 <END> 
<S> 60 63 65 / 58 -60 -65 / 60 72 -58 -60 / 55 58 62 70 / 51 58 63 67 / 48 63 67 72 / 50 65 74 -72 / 71 -50 -65 -74 / 51 67 72 / 53 65 69 -72 / 63 -53 -69 -72 / 55 62 67 71 / 60 63 67 72 / 58 62 67 77 / 60 67 75 <END> 
<S> 51 67 72 -67 / 65 -51 -67 -72 / 48 63 67 -72 / 62 -48 -67 -72 / 60 -48 -67 -75 / 43 60 65 74 / 59 68 74 / 60 67 72 75 / 55 67 72 -75 / 53 68 72 74 / 50 67 71 -74 / 65 -50 -71 -74 / 48 63 72 / 50 74 -63 -72 <END> 
<S> 60 67 72 75 / 62 65 71 74 / 63 67 72 / 62 65 71 74 / 60 63 67 75 / 58 62 -67 -75 / 56 60 72 77 / 55 70 -60 -77 / 53 60 68 77 / 68 -53 -60 -77 / 55 59 67 74 / 60 75 -55 -74 / 65 72 -60 -75 <END> 
<S> 56 60 72 77 / 53 -60 -72 -77 / 52 60 67 79 / 58 -52 -67 -79 / 53 60 65 77 / 67 -53 -60 -77 / 58 62 67 77 / 56 -62 -67 -77 / 55 62 67 77 / 53 -62 -67 -77 / 51 60 67 75 / 58 65 74 / 56 72 -65 <END> 
<S> 53 60 69 77 / 63 -53 -69 -77 / 46 62 65 70 / 58 62 70 77 / 57 60 69 75 / 55 58 70 -75 / 53 68 -58 -75 / 55 63 70 -50 / 51 -63 -70 / 55 63 70 52 / 55 -63 -70 -79 / 56 62 70 77 / 68 -62 -65 -77 / 60 65 70 75 / 58 65 70 74 / 60 -58 -70 -74 <END> 
<S> 53 62 68 77 / 58 70 -68 -77 / 56 63 72 / 62 65 70 -56 / 60 63 67 75 / 69 -60 -63 -75 / 58 65 70 74 / 56 65 68 74 / 55 58 67 74 / 53 -58 -67 -74 / 51 58 67 75 / 51 74 -51 -67 / 50 -58 -67 -70 <END> 
<S> 58 65 70 74 / 56 -65 -70 -74 / 55 67 70 75 / 74 -55 -70 -75 / 56 63 72 75 / 55 68 -72 -75 / 53 67 70 75 / 51 -67 -70 -75 / 56 65 72 75 / 58 77 -65 -72 / 64 67 79 / 62 71 79 -79 <END> 
<S> 51 63 70 79 / 56 -63 -70 -79 / 55 63 70 79 / 53 -63 -70 -79 / 51 63 70 79 / 55 -63 -70 -79 / 56 63 72 77 / 53 -63 -72 -77 / 58 62 70 -77 / 68 -62 -77 / 51 67 70 75 / 58 -67 -70 -75 <END> 
<S> 56 63 72 77 / 53 -63 -72 -77 / 58 62 70 77 / 51 67 70 75 / 51 70 75 79 / 63 70 75 79 / 65 68 -75 -79 / 67 74 75 -65 / 63 -67 -75 -75 / 60 65 72 80 / 74 -60 -65 -80 <END> 
<S> 58 62 70 77 / 63 -62 -70 -77 / 65 68 77 -58 / 47 62 67 -77 / 75 -47 -62 -67 / 44 65 72 77 / 67 72 -48 -77 / 58 68 74 77 / 56 -68 -72 -77 / 55 70 75 79 / 53 -70 -75 -79 / 51 72 75 79 <END> 
<S> 48 63 72 75 / 50 65 -72 -75 / 51 67 70 75 / 53 -67 -70 -75 / 55 67 70 74 / 56 67 72 / 65 74 -56 -72 / 55 67 71 75 / 65 -55 -71 -75 / 48 64 67 72 / 53 65 68 -72 / 55 63 -68 -72 / 56 62 65 71 / 55 64 67 72 <END> 
<S> 53 68 72 74 / 55 67 71 -74 / 65 -55 -71 -74 / 48 63 72 / 60 63 67 75 / 58 62 -67 -75 / 56 60 72 77 / 55 70 -60 -77 / 53 65 72 80 / 74 -53 -65 -80 / 55 58 75 79 / 56 -58 -75 -79 / 58 70 74 77 / 68 -58 -74 -77 <END> 
<S> 53 60 65 68 / 55 63 67 70 / 56 60 63 68 / 59 62 -63 -68 / 60 -56 -63 -68 / 44 58 62 65 / 60 63 -58 -65 / 59 62 65 70 / 60 63 -65 / 62 58 77 -65 / 60 63 67 79 / 62 -60 -67 -79 <END> 
<S> 60 63 65 / 58 -60 -65 / 60 75 -53 -65 / 58 62 70 77 / 56 60 72 75 / 55 70 -60 -72 / 53 68 72 77 / 53 -68 -72 -77 / 56 68 72 77 / 55 -68 -72 -77 / 56 60 72 77 / 62 74 -56 -72 / 55 71 -62 -74 / 53 60 68 72 / 62 -53 -60 -72 <END> 
<S> 56 72 -65 / 55 65 70 74 / 53 63 68 72 / 51 67 70 75 / 50 58 65 -75 / 63 75 -58 -68 / 50 65 70 74 / 46 62 70 74 / 68 -46 -62 -74 / <END> 
<S> 50 65 68 77 / 51 62 -68 -77 / 58 63 70 79 / 62 -63 -70 -79 / 60 63 72 79 / 58 -63 -72 -79 / 56 63 72 77 / 58 62 70 -77 / 68 -58 -62 -77 / 51 63 67 75 / 58 70 74 79 / 63 70 82 79 <END> 
<S> 56 63 72 77 / 58 -63 -72 -77 / 68 -58 -62 -77 / 78 66 74 -56 / 55 67 71 75 / 60 67 72 75 / 65 68 72 77 / 67 75 -65 -72 / 63 65 72 80 / 62 -63 -72 -80 / 55 63 70 79 / 53 -63 -70 -79 / 51 63 70 79 / 55 71 -63 -79 / 56 72 75 -63 / 62 77 -56 -72 <END> 
<S> 60 67 72 75 / 58 -67 -72 -75 / 56 68 72 75 / 58 -68 -72 -75 / 57 60 72 77 / 55 67 -60 -72 / 53 65 69 -72 / 59 74 -53 -68 / 48 60 67 75 / 50 60 65 77 / 48 63 67 75 / 55 59 67 74 / 60 63 67 / 58 -60 -63 -67 <END> 
<S> 47 62 67 74 / 48 60 67 75 / 55 59 67 74 / 72 -55 -59 -67 / 48 63 67 72 / 55 58 67 70 / 56 60 65 -70 / 53 55 65 68 / 51 54 -60 -68 / 50 70 -60 -65 / 46 62 68 -58 / 63 -46 -62 -70 <END> 
<S> 55 70 -60 -63 / 53 60 -60 -70 / 55 59 62 67 / 53 -59 -62 -67 / 51 60 63 -67 / 53 -60 -63 -67 / 55 62 67 -53 / 51 60 -55 -67 / 53 60 68 -67 / 50 65 -60 -68 / 48 58 67 75 / 46 65 74 -75 / 44 72 -65 -75 / 74 -44 -60 -68 / 43 59 67 -74 / 60 64 -67 -72 <END> 
<S> 51 60 67 72 / 58 -51 -67 -72 / 53 56 65 74 / 51 58 67 -65 / 53 63 68 72 / 62 -53 -68 -72 / 55 63 67 70 / 56 68 -63 -75 / 58 65 70 74 / 64 67 -58 -70 / 53 65 68 72 / 74 -53 -65 -68 / 60 63 67 75 / 58 62 -67 -75 / 56 60 65 77 / 55 67 75 -60 / 53 60 -67 -75 <END> 
<S> 58 63 67 70 / 62 65 -58 -70 / 56 60 63 72 / 55 58 -63 -72 / 53 56 68 72 / 51 58 67 / 60 -51 -67 / 50 58 65 74 / 59 -50 -65 -74 / 48 60 63 68 / 47 62 67 74 / 48 60 67 75 / 55 59 67 74 <END> 
<S> 55 62 67 71 / 53 -62 -67 -71 / 51 60 67 72 / 48 -60 -67 -72 / 53 60 65 68 / 62 -53 -60 -68 / 55 59 62 67 / 60 63 67 / 58 62 -67 / 56 60 63 72 / 55 -60 -63 -72 / 53 62 68 72 / 58 65 -68 -72 / 64 67 -65 -72 / 65 65 -68 -72 <END> 
<S> 60 64 67 72 / 60 -60 -67 -72 / 55 67 74 -60 / 59 -55 -67 -74 / 48 63 67 72 / 60 63 67 72 / 58 62 67 74 / 56 60 63 72 / 65 -56 -60 -72 / 55 62 67 71 / 53 -62 -67 -71 / 51 63 72 -67 / 53 69 -63 -72 / 62 65 71 74 / 55 67 72 75 <END> 
<S> 60 67 -65 / 53 -60 -67 -70 / 55 59 67 74 / 56 60 72 75 / 55 58 74 -72 / 53 70 72 -60 / 51 67 -60 -72 / 50 65 70 -72 / 50 65 68 -72 / / 63 70 74 / 62 65 -70 -74 <END> 
<S> 46 67 70 74 / 65 68 -46 -74 / 63 70 -68 / 55 62 67 70 / 60 63 67 70 / 53 65 68 74 / 63 72 -53 -68 / 55 59 67 74 / 65 -55 -59 -74 / 56 60 63 72 / 55 -60 -63 -72 <END> 
<S> 56 63 68 72 / 55 65 -68 -72 / 53 67 70 / 52 -67 -70 / 53 56 68 72 / 51 60 67 75 / 50 -60 -67 -75 / 51 67 74 -60 / 53 59 -67 -74 / 51 75 67 / 58 74 -67 -75 / 56 65 72 75 / 55 70 74 79 <END> 
<S> 47 67 74 75 / 43 -58 -67 -74 / 55 67 71 -74 / 72 -55 -67 -74 / 55 67 71 74 / 60 67 72 75 / 62 65 74 77 / 63 70 75 79 / 62 -63 -70 -79 / 58 63 72 79 / 70 -58 -63 -79 / 56 65 72 77 <END> 
<S> 60 63 67 75 / 62 65 70 77 / 63 -62 -70 -77 / 58 -62 -70 -77 / 55 -58 75 -77 / 57 60 72 77 / 55 70 -60 -77 / 53 65 69 72 / 74 -53 -65 -69 / 75 -53 -65 -69 / 46 65 70 74 / 48 63 72 -70 / 70 -48 -63 -70 / 50 58 65 -70 / 69 -50 -58 -65 <END> 
<S> 53 60 69 72 / 51 70 -60 -69 / 50 65 69 74 / 71 -50 -65 -74 / 48 67 72 75 / 51 -67 -72 -75 / 53 68 72 74 / 50 -59 -72 -74 / 55 67 71 -74 / 65 -55 -71 -74 / 48 64 67 72 / 58 62 70 77 <END> 
<S> 53 69 74 / 50 -53 -69 -74 / 55 70 75 -74 / 56 -55 -67 -74 / 55 72 75 -55 / 53 68 74 -72 / 50 67 71 -74 / 55 67 72 75 / 65 -55 -72 -75 / 63 67 72 75 / 59 -67 -72 -75 / 57 67 72 75 / 65 -56 -72 -75 / 58 65 72 74 / 56 -65 -68 -74 <END> 
<S> 60 67 75 / 63 72 -67 -75 / 55 65 72 74 / 53 -68 -72 -74 / 55 67 71 74 / 65 -55 -71 -74 / 48 63 67 72 / 60 66 69 75 / 62 65 71 74 / 63 72 79 / 62 71 74 -79 / 60 67 72 75 / 74 -67 -72 / 53 68 72 74 / 55 67 71 -74 / 65 -55 -71 -74 <END> 
<S> 60 65 72 77 / 71 -60 -65 -77 / 60 67 72 75 / 55 68 71 74 / 67 -55 -71 -74 / 65 -55 -71 -74 / 51 63 67 72 / 55 65 70 74 / 56 -65 -70 -74 / 55 63 70 -70 / 53 -63 -70 -70 / 51 63 70 79 / 55 -63 -70 -79 <END> 
<S> 55 67 70 75 / 61 70 -67 -75 / 62 68 65 77 / 60 75 -65 -68 / 55 67 71 74 / 55 72 75 / 74 -55 -72 / 56 60 72 75 / 55 58 74 77 / 53 75 -74 -77 / 51 67 74 55 / 47 74 -67 -74 <END> 
<S> 56 65 74 77 / 55 67 71 -74 / 63 72 -55 -67 / 53 62 68 74 / 55 67 70 -74 / 56 65 68 -74 / 72 -56 -65 -68 / 55 67 70 -65 / 63 -55 -67 -70 / 62 -55 -67 -70 / 53 57 65 72 / 51 58 67 -65 / 50 60 65 68 / 62 -50 -65 -68 <END> 
<S> 56 60 63 75 / 53 56 65 72 / 47 55 67 74 / 65 -47 -55 -74 / 48 55 63 72 / 50 65 -55 -72 / 71 -50 -55 -72 / 52 55 72 70 / 53 56 68 -72 / 55 67 -53 -72 / 53 57 60 67 <END> 
<S> 55 62 67 71 / 48 63 67 72 / 53 60 65 68 / 51 63 67 70 / 65 -51 -67 -70 / 50 67 72 -51 / 52 -67 -72 -75 / 53 65 74 -72 / 50 59 -65 -74 / 48 67 74 -60 / 47 59 67 74 / 65 -47 -59 -74 <END> 
<S> 51 58 67 75 / 50 -58 -67 -75 / 48 65 77 / 60 63 67 -48 / 46 62 65 -67 / 48 63 67 72 / 45 60 -67 -72 / 47 62 67 74 / 48 -62 -67 -74 / 50 62 66 71 / 51 60 67 72 / 52 -60 -67 -72 / 53 60 67 74 / 55 59 67 -74 / 65 -55 -59 -74 <END> 
<S> 48 67 75 -62 / 50 -62 -67 -75 / 55 62 71 74 / 53 61 -71 -74 / 52 67 72 -58 / 57 60 65 -72 / 55 59 67 74 / 55 62 67 70 / 48 60 67 75 / 55 59 74 <END> 
<S> 58 62 65 74 / 56 60 -65 -74 / 55 58 67 75 / 53 68 77 -58 / 51 63 67 79 / 50 -63 -67 -79 / 48 62 72 77 / 70 -48 -62 -77 / 53 63 69 72 / 51 67 70 75 / 50 58 -67 -75 <END> 
<S> 48 63 69 75 / 50 65 70 74 / 51 -65 -70 -74 / 53 65 69 72 / 71 74 -53 -65 / 60 67 72 75 / 58 -67 -72 -75 / 56 60 72 77 / 55 67 75 -60 <END> 
<S> 63 72 -55 -70 / 56 60 65 -72 / 63 -56 -60 -72 / 58 62 65 / 56 -58 -65 -74 / 55 58 67 75 / 51 60 67 79 / 48 60 63 79 / 56 60 72 77 / 58 70 75 -77 / 72 -56 -65 -77 / 58 65 74 77 / 67 -58 -74 -77 / 65 69 77 <END> 
<S> 60 63 72 79 / 62 65 77 -72 / 59 62 67 79 / 60 63 67 75 / 69 -60 -63 -75 / 58 65 70 74 / 56 -65 -70 -74 / 55 67 70 74 / 53 68 -70 -74 / 51 67 70 75 / 56 72 -67 -70 / 55 59 67 74 / 60 67 75 / 58 62 70 77 <END> 
<S> 58 67 70 75 / 46 65 70 74 / 51 67 70 75 / 58 65 70 74 / 56 -65 -70 -74 / 55 70 75 45 / 53 -70 -75 / 51 68 72 75 / 56 60 -72 -75 / 55 58 70 74 / 56 65 -70 -74 <END> 
<S> 53 68 77 -63 / 55 62 -68 -77 / 56 63 68 72 / 66 -56 -63 -72 / 55 61 67 70 / 53 61 67 70 / 52 60 67 -70 / 53 60 65 68 / 48 60 64 67 / 59 -48 -64 -67 / 44 56 65 -60 <END> 
<S> 56 60 63 72 / 65 -56 -60 -72 / 55 62 67 70 / 53 -62 -67 -70 / 51 63 67 70 / 53 65 68 74 / 55 67 75 / 62 -55 -67 -75 / 56 60 65 72 / 58 74 -65 -68 -72 60 67 72 75 / 55 63 70 75 <END> 
<S> 63 67 -48 -63 / 62 -51 -67 / 60 65 -67 -72 / 59 65 67 74 / 60 -65 -68 -74 / 59 62 67 74 / 58 -62 -67 -74 / 60 67 76 / 62 77 -60 -67 / 63 79 -67 -70 / 62 65 71 77 / 60 75 -65 59 / 74 -60 -65 / 59 67 75 / 74 -59 -67 <END> 
<S> 59 62 67 77 / 60 75 -67 / 55 62 67 70 / 48 64 67 70 / 53 60 65 68 / 51 67 -60 -68 / 50 65 68 -60 / 59 62 68 -53 / 60 -53 -68 / 55 59 67 74 / 56 60 65 -74 / 65 72 -57 -60 <END> 
<S> 56 60 63 68 / 55 -60 -63 -68 / 53 61 67 70 / 52 -60 -67 -70 / 53 60 65 68 / 51 -60 -65 -68 / 50 62 65 70 / 46 62 -65 -70 / 63 67 -46 -62 / 47 62 65 -67 / 48 60 63 67 / 68 -48 -60 -63 / 47 62 67 / 56 72 -47 -67 / 65 -56 -56 -72 <END> 
<S> 48 63 67 72 / 60 -48 -67 -72 / 55 67 74 -60 / 59 -55 -67 -74 / 51 58 67 75 / 60 65 -51 -79 / 58 62 65 77 / 67 -58 -62 -77 / 60 63 68 75 / 65 -60 -63 -75 / 63 67 70 / 61 -67 -70 / 60 67 72 / 58 -60 -67 -72 <END> 
<S> 63 68 -58 / 60 75 -65 -68 / 59 62 67 74 / 55 58 63 75 / 51 -55 -63 -75 / 56 60 -51 -75 / 39 58 -56 -65 / 56 -46 -65 / 55 59 67 75 / 48 51 -67 -75 / 50 65 72 74 / 71 -50 -65 -74 / 48 67 72 75 / 53 68 74 -72 <END> 
<S> 56 60 68 72 / 55 -60 -63 -72 / 53 -60 -68 -72 / 58 62 67 71 / 51 60 67 70 / 53 65 68 72 / 63 -53 -69 -72 / 46 62 65 70 / 48 63 69 75 / 50 62 70 77 / 51 63 70 79 / 53 -63 -70 -79 / 55 63 70 79 / 56 -63 -70 -79 <END> 
<S> 50 62 65 70 / 51 63 67 72 / 53 65 68 -72 / 55 -65 -68 -72 / 60 63 67 72 / 62 -60 -67 -72 / 60 65 68 74 / 64 -60 -68 -74 / 57 65 72 77 / 55 -65 -72 -77 / 53 -65 -72 -72 / 69 -53 -72 42 / 54 74 -60 -72 <END> 
<S> 57 60 65 72 / 60 -57 -65 -72 / 58 65 74 / 56 -58 -65 -74 / 55 58 67 75 / 57 60 -67 -75 / 58 62 65 74 / 56 60 65 -74 / 55 59 67 74 / 53 -59 -67 -74 / 51 60 67 75 / 58 -67 -75 / 56 65 72 77 / 53 68 74 -77 / 55 62 74 79 / 71 -55 -62 -79 <END> 
<S> 48 60 67 75 / 72 -48 -67 -75 / 55 67 71 74 / 60 67 72 75 / 58 74 -67 -72 / 56 65 72 75 / 55 70 -63 -72 / 53 68 72 77 / 67 -53 -68 -77 / 51 67 70 75 / 55 -51 -70 -75 / 56 60 72 77 / 55 75 -60 -72 <END> 
<S> 51 63 67 75 / 53 65 68 74 / 55 63 67 -74 / 56 60 68 72 / 65 -56 -60 -72 / 55 62 67 70 / 53 -62 -67 -70 / 51 60 67 72 / 53 -60 -67 -72 / 52 55 67 72 / 48 -55 -67 -72 / 56 60 65 -72 / 62 -56 -60 -72 / 55 60 63 -72 / 53 62 -60 -72 / 55 60 67 -60 / 53 59 -60 -67 <END> 
<S> 56 60 67 72 / 65 -60 -56 -72 / 55 60 67 74 / 59 -55 -67 -74 / 48 63 67 72 / 56 60 65 72 / 55 67 -63 -72 / 53 62 67 71 / 65 -53 -62 -71 / 55 60 63 67 / 59 -55 -63 -67 / 56 60 65 -63 / 55 62 -60 -65 / 53 59 62 68 / 51 58 60 -68 / 50 56 -60 -68 <END> 
<S> 54 63 69 72 / 62 -54 -69 -72 / 55 62 67 71 / 60 64 -55 -71 / 54 60 62 69 / 62 -54 -62 -69 / 55 62 71 -62 / 53 59 62 67 / 51 60 63 67 / 57 -51 -63 -67 / 47 55 62 67 / 48 53 60 68 / 47 62 -53 -68 / 48 51 60 67 / 58 -51 -67 -75 / 56 60 68 72 / 55 62 67 70 <END> 
<S> 55 62 63 70 / 53 56 65 68 / 51 54 63 67 / 50 65 -60 -67 / 48 60 67 75 / 58 -48 -67 -75 / 54 57 63 74 / 72 -54 -57 -62 / 55 58 70 75 / 46 -55 -70 -75 / 51 68 77 -75 / 67 70 -51 -77 / 51 70 72 79 / 70 -51 -70 -79 / 53 68 77 55 / 62 67 -53 -77 <END> 
<S> 50 62 65 77 / 60 -50 -65 -77 / 55 58 67 75 / 56 60 65 -75 / 58 62 65 74 / 51 60 67 75 / 50 59 65 74 / 48 60 -65 -74 / 50 59 67 74 / 65 -59 -67 -74 / 60 63 67 75 / 62 -60 -67 -75 / 54 60 69 74 / 55 59 67 -74 / 51 60 67 72 / 64 -51 -67 <END> 
<S> 51 67 -43 -60 / 53 60 68 -67 / 55 59 62 67 / 55 71 -62 -67 / 56 60 63 72 / 65 74 -56 -60 / 55 60 67 75 / 53 -60 -67 -75 / 55 59 67 74 / 65 -55 -59 -74 / 56 60 63 72 / 55 67 -60 -72 / 54 69 -60 -72 / 62 67 -53 -72 / 54 63 69 -72 / 55 62 70 -69 / 67 -55 -62 -70 / 50 63 69 72 / 66 -50 -69 -72 / 43 62 67 70 / 46 -62 -67 -70 <END> 
