<S> 47 55 62 67 / 48 60 63 67 / 50 57 62 65 / 52 55 60 72 / 54 57 62 -72 / 55 58 62 70 / 60 64 -55 -70 / 50 62 66 69 / 60 -50 -66 -69 / 43 58 62 67 / 50 58 65 70 <END> 
<S> 55 58 62 70 / 64 -55 -58 -70 / 50 54 57 69 / 55 -75 -50 -69 / 43 50 58 70 / 48 60 69 -55 / 53 60 -48 -69 / 46 55 62 67 / 48 63 -55 -67 / 46 62 66 -48 / 43 58 62 67 / 45 -58 -62 -67 <END> 
<S> 47 55 62 67 / 48 55 60 63 / 56 -48 -60 -63 / 50 55 59 65 / 53 -50 -59 -65 / 51 55 60 67 -51 -55 -60 -63 / 51 55 60 / 50 53 59 62 / 48 55 60 63 / 51 55 60 -63 / 50 53 62 -60 / 59 -50 -55 <END> 
<S> 55 62 70 -48 / 47 55 62 67 / 48 60 -55 -67 / 53 60 69 / 51 55 -60 -69 / 50 58 65 70 / 60 -50 -65 -70 / 48 58 62 65 / 60 63 -48 -65 / 46 55 62 65 / 44 -55 -62 -65 / 43 62 67 -58 / 45 60 -63 -67 / 43 62 65 70 / 41 62 -65 -70 / 48 63 63 67 / 44 60 -63 -67 <END> 
<S> 50 62 65 71 / 51 -62 -65 -71 / 53 63 69 / 48 -53 -69 / 46 65 74 -53 / 48 51 63 -68 / 46 50 62 65 / 68 -46 -62 / 51 55 62 67 / 52 60 67 / 53 59 62 68 / 51 60 63 67 / 57 60 63 -51 / 46 58 62 65 / 48 55 63 67 <END> 
<S> 55 63 67 72 / 43 62 -67 -72 / 48 60 65 75 / 63 -48 -60 -75 / 58 65 70 74 / 53 63 68 72 / 51 58 67 70 / 60 63 67 69 / 58 62 65 70 / 57 63 -62 -70 / 55 62 70 70 / 53 68 -62 -70 <END> 
<S> 63 67 70 / 61 65 69 / 60 63 67 / 58 62 65 / 56 -58 -65 -74 / 55 58 70 75 / -55 -58 -70 -75 / 56 60 68 75 / 55 -60 -68 -75 / 53 60 68 74 / 55 59 67 -74 / 56 60 65 -74 / 72 -56 -60 -65 / 55 62 67 70 / 50 62 65 70 / 51 60 63 67 / 62 -51 -67 -67 <END> 
<S> 55 59 67 75 / 53 56 65 74 / 72 -53 -65 / 63 -53 -56 -72 / 62 65 -53 -72 / 59 -53 -65 -71 / 60 63 67 72 / 48 -63 -67 -72 / 50 65 68 74 / 58 67 -50 -74 / 68 -50 -74 50 / 55 62 70 -77 / 67 -55 -62 -70 / 56 60 67 72 / 65 68 -56 -60 / 55 61 67 70 / 53 68 -61 -70 / 55 67 70 75 / 53 -67 -70 -75 <END> 
<S> 51 60 67 70 / 46 -51 -67 -70 / 48 65 68 74 / 67 -48 -65 -74 / 53 65 69 72 / 71 74 -53 -65 / 60 67 72 75 / 58 -67 -72 -75 / 56 60 72 77 / 55 75 -60 -72 / 53 68 74 -72 / 55 67 71 -74 / 65 -55 -71 -74 <END> 
<S> 56 65 72 77 / 55 70 -65 -77 / 53 65 68 72 / 74 -53 -65 -68 / 48 67 76 / 60 72 77 -48 / 75 -48 -60 -72 / 58 65 74 -72 / 56 59 -65 -74 / 57 60 72 77 / 62 71 79 -77 / 63 72 79 60 62 71 74 -79 55 60 67 75 / 53 -60 -67 -75 <END> 
<S> 60 63 72 80 / 62 65 70 -80 / 63 79 -70 -65 / 60 63 70 -79 / 59 68 74 -63 / 62 -59 -74 -77 / 60 63 67 72 / 55 59 67 74 <END> 
<S> 58 62 65 77 / 67 75 -58 -62 / 56 60 68 77 / 53 56 -68 -77 / 55 70 75 79 / 53 68 -75 -79 / 51 75 79 79 / 50 70 -79 -79 / 48 72 75 77 / 76 -68 -72 -77 <END> 
<S> 55 70 75 77 / 56 65 74 -77 / 58 70 75 79 / 63 -58 -70 -79 / 56 65 72 77 / 55 70 -65 -77 / 53 68 72 75 / 58 67 74 77 / 56 60 -74 -77 55 58 70 74 / 53 -58 -70 -74 <END> 
<S> 53 68 72 77 / 74 -53 -68 -77 / 51 63 75 79 / 58 62 -75 -79 / 56 60 72 77 / 58 70 75 -77 / 68 72 -58 -77 / 59 67 74 79 / 58 65 74 / 56 60 65 45 / 55 -60 -65 -79 / 53 62 67 70 / 50 65 -62 -70 <END> 
<S> 59 62 67 77 / 60 63 -67 -77 / 62 65 72 77 / 71 -62 -65 -77 / 60 67 72 75 / 58 -67 -72 -75 / 56 60 72 77 / 55 70 75 -60 / 53 60 68 74 / 55 59 67 -74 / 56 60 65 72 / 48 74 -65 -65 / 60 63 67 79 / 62 72 -67 -79 <END> 
<S> 53 60 68 74 / 72 -53 -60 -68 / 55 59 67 74 / 55 59 67 74 / 48 60 67 75 / 63 -48 -67 -75 / 53 65 68 74 / 67 -53 -65 -74 / 54 63 69 72 / 55 62 67 70 / 55 58 62 70 / 53 68 -58 -62 <END> 
<S> 53 65 69 74 / 46 65 70 74 / 46 62 65 -70 / 67 -46 -62 -70 / 51 60 67 69 / 50 62 65 70 / 51 63 67 70 / 53 60 68 -67 / 60 -53 -68 -68 / 55 59 67 74 / 62 -55 -67 -74 / 60 63 67 75 / 65 -60 -75 <END> 
<S> 51 63 67 72 / 50 -63 -67 -72 / 48 62 -67 -72 / 47 -62 -67 -72 / 48 62 67 72 / 46 -62 -67 -72 / 44 60 65 74 / 58 -44 -65 -74 / 54 63 69 72 / 55 62 67 70 / 60 63 67 75 / 58 -63 -67 -75 <END> 
<S> 46 62 65 70 / 51 63 67 70 / 53 63 69 -70 / 55 62 71 -69 / 60 63 67 72 / 55 59 67 74 / 53 60 67 70 / 69 -53 -60 -75 / 55 62 70 74 / 67 -55 -70 -74 / 65 -55 -70 -74 / 56 72 -65 -74 / 55 65 70 74 / 53 -65 -70 -74 51 63 67 70 79 / 55 -63 -70 -79 <END> 
<S> 58 62 74 -69 / 67 -58 -74 -74 / 72 -58 -67 -74 / 55 67 71 74 / 72 -67 -71 / 62 67 71 -55 / 63 67 -51 -71 / 62 65 69 72 / 60 65 -69 -72 / 59 65 74 / / 60 -65 -74 / 63 -60 -68 -74 / 59 -60 -68 -74 / 53 60 68 72 / 55 74 -60 -72 / 56 71 74 77 / 55 67 72 75 <END> 
<S> 56 60 63 72 / 65 74 -56 -60 / 55 67 72 -60 / 53 68 74 -60 / 55 59 67 -74 / 65 -55 -67 -74 / 48 63 67 72 / 58 62 70 77 / 56 60 63 72 / 65 68 -56 -60 / 58 67 61 67 / 53 60 68 77 / 55 70 -60 -77 / 56 60 72 75 / 58 74 -60 -75 / 53 65 72 -77 / 55 74 79 -65 / 56 63 -72 -74 <END> 
<S> 53 60 68 77 / 51 -60 -68 -77 / 75 -53 -60 -69 / 46 58 65 74 / 51 58 67 75 / 60 65 -51 -75 / 63 -51 72 -67 / 62 65 -51 -72 / 63 67 70 / / 65 68 72 / 74 -65 -68 / 60 63 67 75 / 58 62 -67 -75 / 56 60 72 77 / 55 75 -60 -72 <END> 
<S> 48 63 67 75 / 60 67 72 75 / 53 65 72 74 / 55 -65 -72 -74 / 56 -65 -72 -77 / 58 62 70 77 / 48 63 72 79 / 50 65 77 82 / 51 63 75 79 / 53 68 77 -63 / 62 71 -53 -81 / 51 60 72 79 / 53 62 70 79 <END> 
<S> 63 68 72 -53 / 55 62 67 71 / 60 67 72 / 63 -60 -72 / 53 65 72 80 / 55 -65 -72 -80 / 56 60 -72 -77 / 58 62 74 -77 / 60 67 72 -77 / 59 68 74 -77 / 60 67 75 -74 / 72 -60 -67 -75 / 55 67 71 74 <END> 
<S> 56 60 65 72 / 55 67 -60 -72 / 53 60 68 74 / 55 59 67 74 / 65 -55 -67 -74 / 48 63 67 72 / 56 65 72 77 / 58 67 74 77 / -58 -68 -74 -77 <END> 
<S> 58 65 74 -68 / 63 72 -58 -74 / 62 70 74 77 / 55 -70 -74 -77 / 55 70 75 79 / 53 -70 -75 -79 / 51 70 75 79 / 73 -51 -70 -79 / 69 72 77 -51 -58 50 58 65 -77 / 51 67 70 75 / 53 69 -67 -75 <END> 
<S> 58 70 77 -65 / 53 -58 -70 -77 / 52 -58 -70 79 / 55 70 82 79 / 48 60 -70 -79 / 53 62 72 -70 / 50 -62 -72 -72 / 51 55 67 72 / 48 63 67 -72 / 51 60 -67 -72 / 53 59 68 74 / 67 -53 -59 -74 / 51 60 67 75 / 58 -60 -67 -75 <END> 
<S> 51 67 72 -51 / 53 -67 -72 -72 / 55 67 71 74 / 48 67 74 47 / 72 -48 -67 47 / 58 67 74 / 68 -58 -58 -74 / 56 63 72 / 74 / -63 -72 / 55 63 70 75 / 61 -55 -70 -75 / 56 60 68 -75 / 58 62 70 74 / 63 -58 -70 <END> 
<S> 63 67 70 75 / 62 65 -67 -70 / 60 63 72 75 / 58 63 72 -75 / 56 65 72 77 / 63 -56 -72 -77 / 55 62 71 79 / 77 -55 -62 -71 / 48 60 67 77 / 50 -60 -67 -77 / 51 60 67 75 / 58 -51 -67 -75 / 56 65 72 77 / 55 70 75 79 / 58 70 74 77 / 68 -58 -74 -77 <END> 
<S> 60 63 67 75 / 58 62 -67 -75 / 56 60 72 77 / 55 70 -60 -77 / 53 65 68 74 / 59 74 -65 -68 / 60 63 67 72 / 67 -60 -63 -72 / 58 65 74 / 57 72 -58 -65 / 56 65 70 74 / 55 58 -70 -74 / 53 68 72 -70 / 65 -53 -72 -80 / 51 67 75 79 / 77 -51 -70 -79 / 71 -62 -70 -79 <END> 
<S> 55 63 70 75 / 75 -55 -63 -75 / 56 72 77 -63 / 58 62 67 -77 / 60 63 67 75 / 68 72 -60 -75 / 62 70 74 77 / 68 -62 -74 -77 / 63 70 75 / 55 65 -70 -75 / 58 63 70 75 / 56 -63 -70 -75 / 58 62 65 77 / 67 75 -62 -65 <END> 
<S> 58 65 70 74 / 68 -58 -74 -77 / 67 -58 -74 -77 / 60 -68 -74 -77 / 58 62 70 77 / 68 -58 -62 -77 / 60 63 67 75 / 69 -60 -63 -75 / 58 65 70 74 / 56 -65 -70 -74 / 55 67 70 75 / 53 -67 -70 -75 / 51 65 70 72 / 50 74 -65 -70 / 51 63 70 79 / 55 -51 -70 -79 / 53 65 68 72 / 63 67 -53 -72 <END> 
<S> 53 68 72 74 / 50 71 -62 -74 / 69 -50 -65 -74 / 55 62 71 74 / 67 -55 -71 -74 / 65 -46 -71 -74 / 48 63 67 72 / 55 67 70 75 / 65 69 -55 -75 / 59 62 67 74 / 63 -59 -67 -74 / 60 67 75 / 62 77 -60 -67 / 63 79 -67 / 62 65 71 -79 <END> 
<S> 51 63 67 72 / 56 62 65 71 / 60 63 67 72 / 55 59 67 74 / 53 68 74 / 51 -67 -74 / 65 72 -51 -57 / 63 -51 -65 -72 / 59 65 67 74 / 58 65 -67 -74 / 60 -44 -65 -74 / 48 60 67 75 / 70 -48 -60 -75 <END> 
<S> 59 67 74 -65 / 60 67 76 / 59 62 67 74 / 48 63 67 72 / 65 74 -48 -67 / 60 67 72 75 / 58 -67 -72 -75 / 56 66 72 75 / 58 -67 -72 -75 / 57 60 72 77 / 55 70 -60 -77 / 53 65 72 79 / 63 -53 -72 -79 <END> 
<S> 60 67 72 75 / 58 -67 -72 -75 / 56 60 72 75 / 55 -60 -72 -75 / 53 60 68 74 / 55 59 67 -74 / 65 -55 -67 -74 / 48 63 67 72 / 74 / 58 67 72 / 56 60 65 -72 / 65 -56 -60 -72 <END> 
<S> 48 63 67 72 / 60 63 72 79 / 58 -64 -72 -79 / 56 64 72 79 / 55 -64 -72 -79 / 53 65 72 77 / 71 74 -65 -77 / 48 67 72 75 / 53 60 68 77 / 62 -53 -68 -77 / 60 63 67 70 / 69 -63 -63 <END> 
<S> 53 68 72 77 / 76 -53 -68 -72 / 55 62 71 74 / 67 -55 -71 -74 / 48 63 67 72 / 60 63 67 72 / 58 62 -67 -72 / 56 60 72 77 / 55 -60 -72 -77 / 53 60 70 79 / 52 -60 -70 -79 / 53 68 77 -60 / 59 67 -53 -77 <END> 
<S> 60 63 67 72 / 58 62 -67 -72 / 56 60 65 77 / 55 62 67 -77 / 75 -62 -65 -67 / 60 63 67 / 58 62 -67 / 57 60 65 72 / 68 -57 -60 -72 / 55 62 67 70 / 48 63 67 70 / 53 58 65 68 <END> 
<S> 57 60 65 72 / 55 -60 -65 -72 / 56 60 65 74 / 58 -60 -65 -68 / 53 59 68 -65 / 55 58 67 -65 / 63 -55 -58 -67 / 56 60 65 / 55 58 67 75 / 53 56 68 77 / 51 58 67 75 / 56 65 71 74 <END> 
<S> 56 60 65 77 / 58 62 70 -77 / 68 -58 -62 -77 / 64 67 72 -45 / 65 -67 -72 / 63 67 72 / 58 -67 -63 / 65 56 65 / -79 55 58 -65 / 53 -58 -65 / 46 58 65 74 / 62 -46 -58 -74 / 55 62 70 77 / 53 -62 -70 <END> 
<S> 58 65 70 / 53 -58 -65 -70 / 46 58 65 -70 / 68 -46 -58 -65 / 48 60 64 67 / 58 -48 -64 -67 / 49 56 65 / 53 -49 -65 / 64 -49 -53 -65 / 48 60 63 67 / 75 -60 -63 -67 / 58 62 65 / 56 60 63 72 / 55 62 -60 -72 <END> 
<S> 44 60 63 72 / 56 60 63 -72 / 62 -56 -60 -72 / 47 60 62 67 / 65 -47 -60 -67 / 51 60 67 / 58 62 70 -67 / 56 60 65 68 / 63 -56 -60 -68 / 55 58 63 70 / 53 68 -58 -63 / 51 58 67 79 / 50 65 -58 -75 <END> 
<S> 51 58 65 67 / 63 -51 -58 -67 / 56 60 63 72 / 55 -60 -63 -72 / 53 60 68 72 / 55 -60 -68 -72 / 56 60 -68 -72 / 55 59 67 75 / 53 57 -67 -74 / 55 59 65 74 / 56 60 72 75 / 77 -56 -60 -72 / 44 56 72 74 / 50 71 77 -74 / 48 67 72 75 / 53 -67 -72 -75 <END> 
<S> 60 64 67 72 / 55 62 -67 -72 / 60 -55 -67 -72 / 53 62 -67 -72 / 60 63 -67 -72 / 62 65 -67 -72 / 64 67 72 48 / 63 72 -67 -75 / 68 74 77 -60 -67 / 59 67 75 77 / 60 63 -67 -79 / 55 62 74 77 / 71 -55 -62 -77 / 48 63 67 75 / 53 65 68 72 / 74 -53 -65 -68 <END> 
<S> 60 67 72 75 / 62 65 70 77 / 63 70 79 / 62 -63 -70 -79 / 60 63 67 79 / 58 62 -67 -79 / 60 63 72 79 / 58 65 74 82 / 63 -58 -70 -82 / 72 77 -63 / 55 62 70 77 <END> 
<S> 58 65 74 / 60 75 -58 -65 / 58 62 77 78 / 67 74 -58 -77 / 65 -58 -74 -77 / 60 63 75 79 / 58 62 -75 -79 / 56 60 -75 -79 / 58 74 77 -56 / 56 -74 -77 -77 / 55 70 75 79 / 53 -70 -75 -79 / 51 75 79 -67 <END> 
<S> 56 60 72 77 / 53 68 -72 -77 / 58 62 70 -77 / 68 -58 -62 -77 / 51 63 67 75 / 58 65 70 74 / 56 -65 -70 -74 / 55 67 70 75 / 53 -67 -70 -75 / 51 65 70 77 / 50 -65 -70 -77 / 51 63 70 79 / 63 70 79 <END> 
<S> 58 65 70 74 / 56 -65 -70 -74 / 55 67 70 75 / 53 74 -67 -70 / 55 63 68 72 / 53 65 -68 -72 / 55 67 71 / 48 63 67 72 / 55 67 71 74 <END> 
<S> 55 63 70 / 62 65 -55 -70 / 53 63 72 -70 / 51 63 70 -72 / 56 65 72 -63 / 55 -56 -65 -72 / 53 56 74 -68 / 51 60 67 75 / 53 69 74 -60 / 55 59 67 74 / 65 -55 -59 -74 <END> 
<S> 56 60 63 72 / 55 -60 -63 -72 / 53 65 68 72 / 63 74 -53 -68 / 59 67 -53 -74 / 52 60 67 -74 / 58 65 -60 -67 / 56 60 65 72 / 55 58 67 -72 / 53 56 65 74 / 72 -53 -56 -65 <END> 
<S> 56 60 63 72 / 55 -60 -63 -72 / 53 65 68 72 / 55 67 -65 -72 / 63 -55 -67 -70 / 56 65 72 50 / 55 64 -72 -72 / 53 65 74 -72 / 71 -53 -65 -74 / 54 63 72 / 55 62 67 70 / 48 63 67 70 / 50 58 -67 -70 <END> 
<S> 53 65 69 72 / 63 -53 -69 -72 / 46 62 65 70 / 55 58 67 75 / 57 60 -67 -75 / 58 62 65 74 / 52 67 70 75 / 50 65 69 77 / 53 62 -69 -77 / 48 67 72 75 / 66 -48 -72 -75 / 55 67 71 74 / 60 67 72 75 / 71 -60 -67 -75 <END> 
<S> 52 72 -65 -70 / 53 65 69 -72 / 55 -65 -68 -72 / 57 60 -65 -68 / 59 62 67 74 / 60 -59 -67 -74 / 55 59 67 74 / 48 67 76 / 60 67 76 / 59 -60 -67 -76 / 57 60 69 77 / 55 67 71 79 / 53 -67 -71 -79 / 52 67 72 77 / 50 -67 -72 -77 <END> 
<S> 60 67 76 / 59 -60 -67 -76 / 57 60 66 77 / 55 62 67 79 / 53 69 74 / 71 -53 -74 / 51 67 72 76 / 55 -67 -72 -76 / 57 69 -72 -76 / 55 71 -69 -76 / 54 69 74 50 / 59 67 74 -54 / 60 67 72 76 <END> 
<S> 52 67 72 -71 / 50 65 69 -72 / 71 -50 -65 -74 / 55 64 72 76 / 74 -55 -64 -72 / 53 69 72 77 / 55 67 71 -77 / 65 -55 -71 -74 / 48 64 67 72 / 55 67 71 74 <END> 
<S> 55 62 69 / 64 -55 -58 -69 / 54 60 69 -69 / 57 -54 -62 -69 / 55 59 67 70 / 52 64 68 72 / 54 -64 -69 -72 / 55 62 70 -69 / 45 60 64 -70 / 69 -48 -60 -64 <END> 
<S> 45 64 69 72 / 47 62 67 74 / 48 67 76 -62 / 50 60 -67 -76 / 52 74 -60 -67 / 53 59 67 74 / 55 59 65 -74 / 74 -55 -65 -59 / 48 55 64 72 / 55 62 71 -48 / 50 -55 -62 -71 <END> 
<S> 55 60 67 74 / 59 -55 -67 -74 / 43 59 67 74 / 65 71 -43 -74 / 48 64 67 72 / 55 67 71 74 / 53 -67 -71 -74 / 52 67 71 79 / 65 -52 -71 -79 / 52 64 73 79 / 62 70 -52 -79 / 53 60 69 77 / 67 -57 -60 -77 <END> 
<S> 55 64 71 72 / 62 -55 -72 -76 / 60 -55 -72 -74 / 55 62 71 74 / 67 -55 -71 -74 / 56 67 72 / 57 69 74 / 52 67 72 -57 / 71 -52 -67 -72 / 54 69 69 -72 / 55 62 67 71 / 64 67 -55 -71 / 65 -55 -67 -71 <END> 
<S> 67 71 74 / 69 -67 -74 / 65 69 71 77 / 64 67 73 76 / 62 74 -67 -79 / 64 67 72 / 62 66 -72 / 55 64 71 -69 / 53 62 -71 -71 / 52 60 67 72 / 50 62 -67 -72 / 48 64 67 72 / 52 -48 -67 -72 / 53 57 69 72 / 55 62 -69 -72 / 64 -55 -72 -72 / 65 -55 -72 -72 / 48 -55 -72 -72 / 69 -55 -72 -72 / 67 71 -55 -74 / 43 64 -67 -74 <END> 
<S> 53 65 69 72 / 64 -53 -69 -72 / 54 62 69 74 / 60 -54 -69 -74 / 55 62 70 74 / 55 59 62 74 / 54 60 69 -55 / 55 58 67 70 / 52 60 -67 -70 / 50 62 65 69 / 60 76 -65 -69 / 59 62 67 71 / 60 -62 -67 -71 / 60 67 72 77 / 59 62 67 79 <END> 
<S> 55 62 71 -67 / 60 64 -55 -71 / 62 -55 -67 -71 / 48 64 72 -67 / 50 65 -64 -72 / 52 62 67 71 / 53 -62 -67 -71 / 55 62 67 71 / 53 -62 -67 -71 / 52 60 67 72 / 62 -60 -67 -72 / 55 60 64 69 / 62 -55 -60 -69 / 55 60 67 71 / 62 66 -55 -71 / 64 -55 -67 -71 / 50 62 66 69 / 62 71 -62 -69 <END> 
<S> 50 57 64 71 / 62 66 -50 -57 / 72 -50 -57 -62 / 38 59 62 67 / 52 60 64 67 / 53 -60 -64 -67 / 55 59 62 67 / 56 64 -59 -62 / 55 59 62 65 / 60 -55 -65 / 47 55 62 67 / 48 57 64 -67 / 50 65 -57 -64 / 52 55 64 67 / 53 62 -55 -67 / 52 55 60 67 / 69 -55 -60 -67 / 43 59 62 -67 / 53 -43 -59 -67 <END> 
<S> 55 59 62 71 / 53 60 69 -55 / 52 60 -55 -69 / 43 50 59 67 / 48 52 60 67 / 41 -52 -60 -67 / 40 55 60 67 / 62 -40 -55 -67 / 45 57 60 65 / 46 58 62 65 / 45 57 60 65 / 47 -57 -60 -65 / 48 55 60 64 / 47 55 62 -60 / 44 52 59 76 / 48 52 -59 -59 / 38 50 60 65 / 40 48 67 -65 / 43 55 59 -67 <END> 
<S> 41 55 60 62 / 43 55 59 64 / 53 -43 -59 -59 / 48 52 55 60 / 60 64 67 / 58 -64 -67 57 / 57 66 72 -57 / 59 -67 -72 / 68 60 66 74 / 43 59 62 67 / 65 -43 -59 -67 / 48 55 64 72 / 55 62 71 / 54 69 -55 -74 / 55 62 67 71 / 48 60 64 67 / 59 -48 -64 -67 <END> 
