<S> 48 60 67 76 / 62 -48 -67 -76 / 60 64 67 74 / 72 -60 -64 -67 / 62 67 74 -60 / 59 -62 -67 -74 / 57 62 71 79 / 55 -62 -71 -79 / 60 64 67 76 / 62 65 -67 -76 / 64 67 72 / 60 69 -67 -72 / 55 67 71 74 <END> 
<S> 60 64 67 76 / 62 65 -67 -76 / 64 67 72 / 60 69 -67 -72 / 55 67 71 74 / 53 59 67 -74 / 52 64 68 76 / 49 64 69 76 / 49 64 69 77 <END> 
<S> 49 57 64 69 / 50 62 65 69 / 52 60 64 67 / 53 60 65 69 / 53 65 69 74 / 71 -53 -65 -74 / 52 67 72 / 64 70 -52 -67 / 53 57 65 69 / 71 74 -53 -65 <END> 
<S> 53 60 65 69 / 49 57 65 69 / 55 64 71 -65 / 53 62 65 -71 / 52 60 67 -65 / 59 -52 -65 -67 / 45 60 65 77 / 47 62 67 -77 / 48 60 67 76 / 71 -48 -60 -76 <END> 
<S> 58 62 65 69 / 56 60 -65 -69 / 55 59 65 74 / 53 -59 -65 -74 / 48 60 64 76 / 71 -48 -60 -64 / 47 62 67 / 65 -47 -62 -67 / 52 59 67 / 50 65 -59 -67 / 48 60 67 -65 / 64 -48 -60 -67 / 57 66 74 -48 / 47 59 67 -74 / 49 58 67 76 / 57 -49 -67 -76 <END> 
<S> 47 55 62 67 / 45 -55 -62 -67 / 47 55 62 / 48 53 -55 -62 / 55 -48 -58 -64 / 50 57 60 65 / 62 -50 -57 -65 / 52 55 64 67 / 53 62 -55 -67 / 57 60 64 -53 / 55 59 62 / 52 55 60 64 / 50 53 65 -60 / 48 60 -53 -65 / 47 55 62 67 / 43 -55 -62 -67 / 48 55 60 64 / 48 55 60 64 / 59 62 -55 -55 <END> 
<S> 50 55 62 71 / 53 69 -62 -55 / 55 59 62 / 53 -55 -59 -62 / 52 55 59 62 / 50 -55 -62 / 57 60 -50 -62 / 55 59 62 / 53 -55 -59 / 48 55 60 64 / 48 -55 -60 -64 / 43 55 60 62 / 59 -43 -55 -62 / 48 55 60 64 / 50 65 -55 -60 / 52 59 62 67 / 50 -55 -59 -67 <END> 
<S> 48 55 60 64 / 47 55 62 67 / 45 60 -55 -67 / 47 55 62 67 / 43 -55 -62 -67 / 48 60 64 69 / 53 60 69 / -69 -41 -60 -69 / 55 59 67 74 / 56 60 64 76 / 62 55 -60 -76 / 53 57 60 69 / 52 55 59 67 / 50 57 60 -67 / 66 -50 -60 -60 <END> 
<S> 52 60 67 72 / 50 62 65 -72 / 64 67 -50 -72 / 65 69 74 / / -65 -69 -74 / 55 70 74 52 / 61 67 76 73 / 73 -61 -67 -76 / 62 69 74 77 / 59 -62 -69 -77 / 57 61 69 76 <END> 
<S> 58 62 70 77 / 57 60 69 76 / 77 -57 -60 -69 / 59 67 74 79 / 55 70 47 -79 / 57 72 76 77 / 59 74 -69 -77 / 60 64 72 76 / 53 -60 -72 -76 / 55 67 71 74 / 59 67 74 -50 65 <END> 
<S> 59 67 74 / 65 -59 -74 -77 / 60 64 67 76 / 62 66 74 -60 / 59 -62 -66 -69 / 60 64 67 / 62 -60 -67 -76 / 57 60 69 77 / 62 -57 -69 -77 / 64 67 71 79 / 62 65 74 81 / 64 72 76 / 62 66 -72 -76 / 60 69 72 76 / 62 71 -69 -76 / 64 67 72 / 65 69 -64 <END> 
<S> 59 62 67 79 / 69 -59 -62 -79 / 60 67 71 -79 / 62 77 -67 -71 / 43 64 71 79 / 57 64 72 / 50 62 74 -72 / 55 62 71 79 / 64 -55 -71 -74 / 65 -55 -71 -74 / 72 -55 -65 -71 / 48 64 67 -72 / 57 60 72 77 / 55 71 -60 -77 <END> 
<S> 55 62 71 / 53 62 65 69 / 67 71 -62 -65 / 63 69 72 / 54 62 -69 -72 / 55 62 69 71 / 53 59 62 67 / 52 60 67 72 / 53 65 69 72 / 46 65 74 -69 / 67 -53 -65 -74 / 55 67 72 74 / 58 -67 -72 -74 <END> 
<S> 57 60 69 72 / 63 -57 -69 -72 / 62 65 70 74 / 58 -62 -70 -74 / 55 63 70 75 / 72 -55 -63 -75 / 53 74 77 -63 / 62 71 -74 -77 / 60 67 72 75 / 74 -60 -67 -72 / 53 68 72 74 / 55 67 71 -74 / 65 -55 -71 -74 <END> 
<S> 55 67 70 75 / 53 68 72 -75 / 55 62 71 74 / 56 60 71 -77 / 62 -56 -56 -77 / 55 60 68 75 / 53 -60 -68 -75 / 55 60 74 -60 / 56 59 67 -74 <END> 
<S> 56 60 65 77 / 55 -60 -65 -77 / 53 60 70 79 / 55 -60 -70 -79 / 53 60 68 79 / 51 60 67 79 / 53 60 69 77 / 71 -60 -53 -77 / 51 60 72 75 / 53 65 -72 -75 / 55 62 71 77 / 56 60 72 51 <END> 
<S> 53 60 69 77 / 56 60 65 -69 / 55 59 67 74 / 60 -55 -67 -74 / 43 59 65 74 / 63 72 -43 -59 / 65 -43 -59 -71 / 48 55 63 72 / 48 60 63 79 / 50 60 77 -79 / 77 -50 -60 -77 / 48 67 72 75 / 53 68 72 74 <END> 
<S> 48 60 75 -67 / 50 60 66 74 / 52 60 67 -74 / 54 60 69 75 / 55 -60 -69 -72 / 60 67 70 / 58 62 -67 -70 / 56 63 72 / 55 65 -63 -72 / 56 65 68 72 / 58 -65 -68 -72 / 60 67 -65 / 64 -60 -67 <END> 
<S> 68 -50 -65 -68 / 55 63 67 70 / 62 66 -55 -70 / 60 63 67 72 / 58 67 70 74 / 56 65 -70 -74 / 55 67 70 75 / 53 -67 -70 -75 / 58 65 74 -70 / 56 -65 -70 -74 / 55 67 70 75 / 53 -67 -70 -75 <END> 
<S> 58 67 70 75 / 46 -58 -67 -75 / 51 63 72 79 / 71 -51 -63 -79 / 56 60 68 75 / 55 70 -60 -77 / 53 60 68 77 / 67 -53 -60 -77 / 54 59 74 / 62 72 -55 -74 / 55 62 70 74 / 61 70 -55 -70 / 56 60 68 72 / 65 74 -56 -60 / 55 63 70 75 / 56 -63 -70 -75 / 58 62 70 77 / 68 -58 -62 -77 <END> 
<S> 53 60 65 68 / 63 67 -60 59 / 60 63 69 / 59 62 67 71 / 60 -62 -67 -71 / 55 62 67 71 / 53 59 62 67 / 51 60 67 72 / 50 74 -60 -67 / 48 60 67 75 / 53 60 65 68 / 74 -53 -60 -68 / 55 58 67 -60 / 43 59 -55 -67 <END> 
<S> 51 60 67 72 / 50 -60 -67 -72 / 48 65 67 74 / 43 59 67 74 / 48 67 74 75 / 48 67 72 75 / 50 -67 -72 -75 / 51 67 72 75 / 53 -67 -72 -75 / 55 67 70 75 / 56 60 68 77 / 58 62 70 79 / 60 63 -70 -79 / 62 65 70 77 -51 / 53 63 68 77 <END> 
<S> 48 67 72 75 / 60 -67 -72 -75 / 58 70 74 77 / 56 72 -70 -77 / 55 63 70 79 / 53 -63 -70 -79 / 51 63 70 79 / 55 82 -63 -79 / 56 60 68 77 / 62 -56 -60 -77 / 58 60 75 79 / 51 -59 -75 -79 / 53 60 72 77 / 55 79 -60 -72 <END> 
<S> 56 60 72 77 / 53 68 -60 -77 / 58 62 67 -77 / 68 -58 -62 -77 / 51 63 67 75 / 58 65 70 74 / 56 -65 -70 -74 / 55 67 70 75 / 53 -67 -70 -75 / 51 65 70 77 / 50 -65 -70 -77 / 51 63 70 79 / 72 -51 -63 -79 / 47 62 74 77 <END> 
<S> 51 58 70 75 / 53 68 -58 -75 / 55 61 70 -75 / 56 60 -70 -75 / 58 62 65 74 / 68 -58 -62 -77 / 48 63 67 79 / 60 63 72 79 / 53 65 72 80 / 56 -65 -72 -80 / 46 58 65 74 / 51 58 67 79 / 50 -51 -67 -79 / 48 60 67 77 / 76 -48 -67 -60 <END> 
<S> 53 65 68 74 / 63 -53 -68 -74 / 62 65 -53 -72 / 59 62 67 74 / 58 65 74 / 57 60 63 -74 / 55 62 70 77 / 53 -62 -70 -77 / 51 67 70 79 / 55 58 -70 -79 / 56 60 72 77 / 76 -60 -72 -77 <END> 
<S> 58 63 68 79 / 67 -63 -63 -79 / 58 63 77 -70 / 60 75 79 -65 / 58 62 77 77 / 68 -58 -62 -77 / 60 63 67 75 / 53 60 -67 -75 / 55 59 67 74 / 55 65 71 74 <END> 
<S> 56 65 72 / 63 -56 -72 / 56 65 72 -56 / 58 -56 -65 -72 / 51 60 63 67 / 58 62 65 77 / 56 60 68 77 / 55 59 67 75 / 53 60 68 74 / 50 59 65 -74 <END> 
<S> 56 60 63 72 / 65 74 -56 -60 / 55 60 67 75 / 53 -60 -67 -75 / 55 60 67 74 / 59 -55 -67 -74 / 0 / 53 63 68 72 <END> 
<S> 50 62 65 71 / 52 60 67 72 / 70 -51 -60 -67 / 53 60 65 69 / 63 -60 -65 -69 / 58 62 65 70 / 58 65 70 74 / 56 -65 -70 -74 <END> 
<S> 56 60 65 72 / 53 68 -60 -72 / 51 58 65 70 / 50 63 -58 -70 / 48 63 68 77 / 46 67 -63 -74 / 48 -46 55 -70 / 47 68 -46 -62 / 39 51 58 67 / 39 -51 -58 -67 <END> 
<S> 44 51 60 65 / 41 -51 -60 -65 / 46 50 58 -65 / 39 55 58 63 <END> 
<S> 46 58 65 74 / 62 -46 -58 -65 / 56 60 63 / 55 58 62 -63 / 53 56 -62 -70 / 51 55 67 70 / 50 -51 -67 -70 <END> 
<S> 58 62 70 / 63 69 -58 -62 / 56 60 65 71 / 53 56 62 72 / 51 55 63 72 / 53 57 65 -72 / 55 58 67 70 / 56 60 68 -67 / 58 62 68 / 56 60 65 -68 <END> 
<S> 53 56 65 68 / 58 63 -53 -68 / 56 60 65 -68 / 61 67 76 / 55 60 67 72 / 53 56 62 -72 / 60 63 -56 -72 / 50 62 65 70 / 48 63 67 69 / 55 59 67 74 <END> 
<S> 55 58 62 70 / 53 68 -58 -62 / 51 63 67 -58 / 53 60 -63 -70 / 55 62 67 70 / 55 63 67 70 / 53 65 68 -70 / 51 67 70 / 55 -51 -67 -70 / 53 65 68 72 / 63 -53 -68 -77 / 59 61 67 79 / 60 -67 -75 <END> 
<S> 51 63 67 70 / 62 -51 -67 -70 / 53 60 68 -67 / 55 59 67 -53 / 56 60 65 72 / 62 74 -65 / 60 64 67 72 / 55 62 -67 -72 / 53 62 67 70 / 55 65 -67 -70 / 56 63 72 -55 / 55 64 65 -72 / 53 56 68 -72 / 51 60 67 -56 / 50 56 59 -67 / 65 -55 -55 -71 <END> 
<S> 57 60 67 72 / 65 -57 -60 -72 / 60 63 67 / 58 -60 -67 / 53 57 65 72 / 53 69 -65 / 58 62 65 70 / 58 61 65 69 / 74 -58 -60 -65 / 59 62 67 77 / 60 -59 -67 -77 / 55 60 67 75 / 55 59 67 74 / 0 / 53 62 71 79 <END> 
<S> 58 62 67 / 60 64 69 48 / 62 65 71 / 60 63 72 67 / 55 59 67 74 / 63 70 -55 / 60 63 67 72 / 58 62 68 77 / 67 -58 -62 -77 / 56 63 -58 -70 / 55 61 70 -63 / 53 -62 -67 -70 / 51 60 67 70 / 48 -60 -67 -70 <END> 
<S> 56 60 63 72 / 53 65 68 74 / 63 67 -53 -74 / 72 -53 -63 -72 / 55 62 71 74 / 48 63 67 72 / 48 63 67 72 / 65 74 -48 -67 / 60 67 72 -51 / -67 -51 -72 -79 / -67 -72 -75 / 55 74 -72 -74 / 65 -55 -72 -74 / 56 63 72 / 62 74 -56 -72 <END> 
<S> 48 63 67 75 / 56 60 -67 -75 / 55 65 74 -60 / 53 59 -65 / 48 52 55 -65 / 60 63 -48 -55 / 57 -48 -55 -60 / 47 55 62 -55 / 53 -47 -55 -62 / 48 51 55 63 / 46 62 -55 -63 / 44 56 60 63 / 58 -44 -60 -63 / 41 56 60 68 / 62 -41 -56 -68 <END> 
<S> 48 51 55 60 / 46 -51 -55 -60 / 44 51 60 67 / 41 -51 -60 -67 / 45 55 60 65 / 47 55 62 -65 / 48 55 60 63 / 44 56 60 65 / 43 55 59 62 / 55 -43 -59 -62 <END> 
<S> 44 56 60 65 / 58 -44 -56 -65 / 43 56 60 64 / 41 53 57 60 / 41 60 -53 -57 / 50 53 62 -60 / 68 -53 -53 -62 / 46 53 58 62 / 44 -53 60 -58 <END> 
<S> 46 53 62 65 / 44 -53 -58 -65 / 57 61 64 / 60 -49 -64 / 55 59 62 65 / 53 -55 -62 -65 / 48 55 62 63 / 50 -55 -60 -63 / 55 -50 -60 -63 / 55 59 62 / 53 53 -59 -62 / <END> 
<S> 48 55 63 / 46 -55 -63 -63 / 44 60 65 -63 / 43 62 67 -65 / 45 60 65 -67 / 47 62 65 68 / 67 -46 -62 -65 / 39 63 67 -67 / 0 / 56 -67 -59 / 60 -67 -67 / 65 -56 -60 -67 / 55 59 62 67 / 55 58 67 70 / 68 -55 -58 -67 <END> 
<S> 48 63 67 68 / 50 -63 -67 -68 / 48 62 67 70 / 53 68 -62 -70 / 51 63 67 72 / 55 -51 -67 -72 / 56 60 65 -72 / 53 68 72 74 / 64 -53 -68 -72 / 55 62 71 74 / 67 -55 -71 -74 / 65 -55 -71 -74 / 48 63 67 72 / 55 63 72 77 <END> 
<S> 53 68 72 74 / 59 75 -53 -72 / 56 60 -72 -75 / 55 74 -60 -72 / 53 72 -60 -74 / 55 59 67 -74 / 65 -55 -67 -74 / 48 63 67 72 / 56 74 -67 -72 / 55 67 71 74 / 53 -67 -71 -74 <END> 
<S> 68 -51 -60 -65 / 50 60 65 -68 / 51 67 -60 -65 / 48 60 -60 -67 / 44 60 65 75 / 46 58 65 74 / 56 -46 -65 -74 / 47 55 67 74 / 48 71 75 -55 <END> 
<S> 56 60 65 72 / 58 74 -60 -63 / 56 60 72 75 / 55 70 -60 -72 / 53 65 68 74 / 59 75 -65 -68 / 60 63 -65 -74 / 53 65 72 41 / 74 -53 -65 -72 / 55 67 71 75 / 65 -55 -71 -71 <END> 
<S> 44 60 65 72 / 46 -60 -65 -72 / 51 58 67 75 / 53 60 68 77 / 62 -53 -68 -77 / 51 63 67 79 / 55 65 71 74 / 56 63 72 75 / 55 -63 -72 -75 / 53 62 70 77 / 63 -53 -70 -79 / 55 65 70 79 / 62 -55 -70 -79 <END> 
<S> 63 67 70 75 / 62 65 -67 -70 / 60 63 67 75 / 58 62 -67 -75 / 56 60 72 77 / 55 70 -60 -77 / 53 65 68 72 / 74 -53 -65 -68 / 60 63 67 75 / 58 62 -67 -75 / 56 60 65 -75 / 55 67 -60 -75 / 53 60 68 74 / 55 59 67 -74 / 65 -55 -67 -74 <END> 
<S> 56 65 72 75 / 74 -56 -65 -72 / 55 67 71 75 / 54 -67 -71 -75 / 60 67 72 75 / 58 -67 -72 -75 / 56 65 72 75 / 58 77 -65 -72 / 60 75 77 -48 / 47 62 74 77 / 68 72 -53 -77 / 51 67 75 79 / 51 79 -67 -79 <END> 
<S> 58 74 77 -65 / 56 60 72 75 / 55 70 74 77 / 53 -70 -74 -77 51 51 70 79 55 / 51 -70 -79 / 53 68 72 77 / 67 -53 -72 -77 / 51 69 72 75 / 50 -69 -72 -75 / 55 62 71 74 / 53 -62 -71 -74 <END> 
<S> 50 65 72 77 / 71 -50 -65 -77 / 52 67 72 75 / 53 -67 -72 -75 / 55 67 71 74 / 65 -55 -71 -74 / 56 63 72 / 74 -56 -63 -72 / 55 67 72 75 / 53 -67 -72 -75 / 55 67 71 74 / 65 -55 -71 -74 <END> 
<S> 51 67 72 / 60 -51 -67 -72 / 53 65 68 -72 / 63 -53 -68 -72 / 46 62 68 74 / 55 67 70 -74 / 65 72 -55 -70 / 53 -65 -70 -72 / 51 55 70 72 / 56 -51 -70 -72 / 46 58 65 74 / 68 -46 -58 -74 / 55 -46 -74 <END> 
<S> 51 58 65 67 / 63 -51 -58 -67 / 48 60 63 68 / 46 58 65 68 / 51 58 63 67 / 60 51 63 67 / 58 62 65 / 56 60 63 -65 / 55 58 62 70 / 68 -56 -58 -62 <END> 
<S> 51 63 65 68 / 50 -58 -65 -68 / 51 58 63 67 / 58 65 -51 -67 / 50 -58 -65 -68 / 51 58 63 67 / 56 60 63 72 / 58 -60 -63 -72 / 61 65 70 -58 / 55 63 70 -70 / 56 62 68 -70 / 68 -56 -60 -68 / 47 65 68 -68 / 63 67 -43 -65 / 65 77 -60 -65 <END> 
<S> 63 68 -58 -63 / 60 62 67 -65 / 58 62 65 -67 / 56 60 63 72 / 55 -60 -63 -72 / 53 68 74 -60 / 59 67 -53 -74 / 44 60 65 -74 / 56 59 -65 -74 / 60 64 72 / 55 -60 -64 -72 / 54 60 69 74 / 50 -60 -69 -74 / 55 59 62 -74 / 60 72 -55 46 / 55 71 74 -60 / 53 67 71 74 / 52 -67 -74 <END> 
<S> 56 60 63 72 / 65 74 -56 -60 / 55 60 67 75 / 53 -60 -67 -75 / 55 60 67 74 / 59 -55 -67 -74 / 65 -55 -59 -74 / 48 55 60 72 / 51 58 67 70 / 56 60 63 72 / 62 65 -56 -72 / 55 63 67 72 / 53 65 68 74 / 62 65 -53 -68 <END> 
<S> 48 60 63 68 / 55 58 63 70 / 56 60 -63 -70 / 65 68 -56 -60 / 55 58 67 -65 / 53 62 68 -67 / 51 58 65 67 / 64 -58 -67 / 65 -55 -58 -67 / 48 60 63 -67 / 58 -48 -63 -67 / 53 56 62 68 / 55 -53 -62 -68 / 53 59 62 67 / 65 -53 -59 -62 / 52 55 60 72 / 50 -55 -60 -72 <END> 
<S> 56 60 63 67 / 53 65 68 74 / 55 63 67 70 / 65 -55 -67 -75 / 53 60 68 74 / 58 -60 -74 -74 / 56 60 72 / / 74 -56 -60 / 55 58 67 75 / 56 60 -67 -75 / 58 62 65 74 / 63 67 70 / 65 65 -70 <END> 
<S> 60 63 67 75 / 58 62 -67 -75 / 56 60 72 77 / 55 75 -60 -72 / 53 68 74 -72 / 55 67 71 -74 / 65 -55 -71 -74 / 48 64 67 72 / 47 62 67 79 / 48 60 67 75 / 52 -60 -67 -75 <END> 
<S> 48 63 67 72 / 60 63 67 72 / 58 65 74 / 56 68 -65 -74 / 55 67 70 75 / 53 -67 -70 -75 / 51 65 70 77 / 53 -65 -70 -77 / 63 -58 -70 -77 / 69 77 -58 -63 / 58 67 70 / 55 -58 -67 -74 / 53 56 68 72 / 51 55 75 -72 / 50 65 70 77 / 68 -50 -65 -77 <END> 
<S> 55 70 75 -51 / 53 68 -58 -75 / 74 -53 -58 -74 / 55 70 74 -51 / 56 72 -70 / 55 70 74 75 / 56 -70 -70 -75 / 55 63 70 77 / 53 62 -70 -77 / 51 63 70 79 / 56 72 77 -63 / 55 58 70 75 / 60 -55 -70 -75 <END> 
<S> 58 63 70 77 / 62 65 -70 -77 / 58 67 70 75 / 77 -58 -67 -75 / 79 -58 -67 -70 / 56 65 77 -63 / 63 -56 -77 -77 / 60 75 -56 -65 / 58 62 70 77 / 68 -58 -62 -77 / 51 63 67 75 / 69 -51 -75 -79 / 53 68 74 77 / 55 75 -74 -77 / 56 72 75 / 55 74 -72 -75 <END> 
<S> 58 62 70 77 / 68 -58 -62 -77 / 60 63 67 75 / 53 65 68 74 / 63 72 -53 -68 / 55 59 67 74 / 65 -55 -59 -74 / 56 60 63 72 / 55 -60 -63 -72 / 53 60 68 77 / 62 -53 -68 -77 / 48 63 67 79 / 72 -48 -63 -79 / 53 65 72 80 <END> 
