<S> 47 50 55 67 / 65 -47 -50 -55 / 48 55 64 / 47 50 62 -55 / 45 52 57 60 / 53 59 -45 -60 / 40 55 60 67 / 41 55 60 69 / 43 53 -60 -69 / 52 -43 -60 -69 / 45 53 60 69 / 47 53 -60 -69 / 48 52 60 67 / 47 55 62 67 <END> 
<S> 41 53 60 69 / 44 -53 -60 -69 / 43 50 59 67 / 48 52 60 67 / 47 62 -52 -67 / 45 52 60 72 / 54 -45 -60 -72 / 47 55 62 71 / 48 55 64 / 50 55 62 71 / 38 -55 -62 -71 / 52 55 60 67 72 / 54 57 62 -72 / 55 62 69 71 / 53 67 -55 -71 <END> 
<S> 48 55 64 69 / 55 71 -48 -64 / 72 -48 -55 -64 / 50 55 62 71 / 52 55 64 72 / 53 -55 -64 -72 / 55 62 71 / 48 -55 64 -71 / 50 62 66 69 / 60 -50 -66 -69 / 55 59 62 67 / 60 67 76 / 59 62 74 -67 <END> 
<S> 47 55 62 67 / 48 60 -55 -67 / 47 55 62 67 / 43 -62 -55 -67 / 48 55 64 69 / 45 -55 -64 -69 / 50 54 62 69 / 43 59 62 67 / 48 60 64 67 / 58 -48 -64 -67 / 41 57 64 69 / 62 -41 -57 -69 / 64 -41 71 -57 / 65 -57 -57 -71 / 55 59 64 67 / 62 65 -59 -59 <END> 
<S> 47 62 67 71 / 48 -62 -67 -71 / 50 62 66 69 / 55 62 67 71 / 72 -55 -62 -67 / 48 64 69 -67 / 50 62 66 -69 / 60 -50 -66 -69 / 55 59 67 / 48 60 67 / 50 62 -60 -67 / 52 60 67 76 / 58 -52 -67 -76 / 53 57 69 74 / 55 59 67 -74 / 74 -55 -59 -67 -74 72 57 60 67 / 55 59 67 74 / 53 -59 -67 -74 <END> 
<S> 48 63 67 69 / 50 66 71 -69 / 55 62 67 71 / 53 59 62 67 / 52 60 64 67 / 50 53 65 69 / 48 64 -53 -69 / 47 55 62 67 / 48 55 60 64 / 48 55 64 -60 / 50 65 -55 -60 / 52 55 60 67 / 50 -55 -60 -67 <END> 
<S> 52 55 67 72 / 50 -55 -67 -72 / 48 55 67 74 / 47 -55 -67 -74 / 48 60 67 76 / 55 59 67 74 / 53 69 -59 -74 / 52 64 71 79 / 50 -64 -71 -79 / 52 64 71 79 / 62 -52 -71 -79 / 57 60 69 77 / 59 62 -69 -77 <END> 
<S> 52 64 72 79 / 62 -52 -72 -79 / 52 60 71 79 / 69 -52 -60 -79 / 59 67 74 49 / 65 -59 -74 / 45 60 67 72 / 57 69 72 76 / 77 -57 -69 -72 / 59 62 67 79 / 60 64 -62 -79 / 55 62 72 79 / 71 -55 -62 -79 / 60 67 72 76 <END> 
<S> 57 67 72 76 / 59 -67 -72 -76 / 57 66 72 39 / 59 62 74 / / 60 -62 -69 / 64 67 71 -53 / 54 62 -67 -71 / 60 62 67 71 / 52 -60 -67 -71 / 54 57 62 72 / 55 59 62 74 / 53 -59 -62 -74 / 52 55 67 72 / 64 74 -55 -67 <END> 
<S> 55 62 67 71 / 52 60 64 -67 / 53 60 65 69 / 52 -60 -65 -69 / 50 62 65 69 / 48 64 -62 -69 / 50 62 65 69 / 48 60 -65 -69 / 47 74 -60 -65 / 45 60 64 72 / 47 62 -60 -72 / 48 52 60 67 / 50 53 -60 -67 <END> 
<S> 48 60 64 67 / 60 -48 -64 -67 / 53 62 65 69 / 46 -62 -65 -69 / 51 67 -65 / 61 -51 -67 -67 / 50 60 65 72 / 59 -50 -65 -72 / 52 60 64 70 / 48 55 -64 -70 / 53 60 65 69 / 52 -60 -65 -69 <END> 
<S> 54 60 69 -65 / 55 62 67 70 / 48 64 67 69 / 50 62 66 -69 / 60 -50 -66 -69 / 43 58 62 67 / 42 57 62 69 / 43 55 62 70 / 53 -43 -62 -70 <END> 
<S> 49 64 69 -67 / 50 66 69 -69 / 55 62 67 71 / 52 55 67 72 / 48 64 67 -72 / 50 62 69 -67 / 66 -50 -62 -69 / 55 59 62 67 / 55 59 62 / 53 60 -55 -62 / 55 59 62 / 53 -55 -59 -62 <END> 
<S> 50 62 67 69 / 54 -50 -62 -69 / 43 59 62 67 / 48 52 60 67 / 53 60 69 / 52 55 60 64 / 45 57 60 65 / 0 / 58 -45 -65 -77 / 60 57 64 -65 / 42 57 62 66 <END> 
<S> 53 57 60 69 / 50 65 -57 -60 / 55 59 62 -65 / 43 59 -55 -65 / 53 57 60 69 / 52 62 65 / 50 53 -62 -65 / 48 55 64 -62 / 60 -48 -55 -64 / 43 55 60 62 / 44 59 64 -50 / 45 57 60 -64 / 43 55 60 -60 <END> 
<S> 48 55 60 64 / 48 55 60 64 / 59 -48 -55 -64 / 42 57 60 62 / 38 -57 -62 -66 / 43 59 62 67 / 55 59 62 67 / 53 -59 -62 -67 / 52 55 60 72 / 50 -55 -60 -72 / 52 55 62 71 / 48 55 60 69 / 53 62 65 69 / 71 -53 -65 -69 / 52 60 67 69 / 59 -52 -67 -72 <END> 
<S> 48 55 64 69 / 72 -48 -55 -64 / 70 -48 -57 -64 / 42 55 64 72 / 62 69 -55 -72 / 43 67 71 -62 / 47 60 67 -67 / 48 55 64 -67 / 60 -48 -55 -67 / -57 55 60 67 / 62 66 -48 -60 / 58 67 -48 -62 / 47 50 62 67 / 45 48 60 72 / 47 55 62 -72 / 48 69 -55 -59 / 53 62 -48 -64 <END> 
<S> 48 60 64 67 / 58 -48 -64 -67 / 45 57 65 72 / 47 55 62 67 / 48 60 64 67 / 47 55 62 67 / 48 55 60 64 / 50 65 -55 -60 / 52 60 67 / 48 -60 -60 -67 / 55 59 67 -48 / 47 62 -55 -67 / 48 55 60 64 / 58 -48 -55 -64 / 41 57 60 62 / 43 55 59 -62 / 53 -43 -59 -62 <END> 
<S> 45 48 60 65 / 47 55 62 67 / 48 55 60 64 / 62 -48 -55 -60 / 59 -48 -55 / 40 55 60 67 / 41 57 60 69 / 43 55 59 62 / 53 -43 -59 -62 / 48 52 55 60 / 49 57 64 / <END> 
<S> 48 55 60 64 / 46 -55 -60 -64 / 45 57 65 -60 / 43 59 -57 -65 / 48 55 60 64 / 60 62 67 / 58 60 64 69 / 57 60 64 67 / 62 -57 -60 -67 / 55 59 62 67 / 53 -59 -62 -67 / 52 57 60 65 / 53 57 -60 -65 <END> 
<S> 53 60 65 69 / 52 -60 -65 -69 / 50 60 64 67 / 48 -60 -67 -67 / 50 65 -60 -67 / 59 -50 -53 -65 / 52 55 60 / 53 57 62 -48 / 55 59 62 / 60 67 -55 / 53 59 62 67 / 48 52 60 67 / 50 62 65 69 / 64 -50 -69 <END> 
<S> 55 58 62 74 / 57 -55 -62 -74 / 55 58 62 70 / 53 60 69 / -70 -53 54 -69 / 55 58 67 / 60 64 -53 -67 / 65 69 -53 -60 / 59 62 -53 -69 / 55 60 67 75 / 74 -55 -60 -67 / 56 60 65 72 / 74 -56 -60 -65 / 51 60 67 75 / 53 68 74 -60 <END> 
<S> 57 60 67 72 / 65 -57 -60 -72 / 60 67 -65 / 58 -60 -67 / / 69 -58 -67 / 46 62 65 70 / 51 58 67 70 / 56 60 65 -70 / 68 -56 -60 -65 / 51 58 65 67 / 53 -60 -67 / 55 62 67 71 / 65 -55 -62 -71 / 48 60 63 68 / 50 58 65 -68 / 51 67 -58 -65 / 63 -51 -58 -67 <END> 
<S> 55 62 65 71 / 56 -62 -65 -71 / 55 58 67 75 / 60 -67 -55 -75 / 53 65 68 74 / 54 63 67 72 / 74 -63 -67 / 61 67 76 / 50 60 69 77 / 58 62 70 77 / 60 63 -70 -77 / 58 62 70 77 / 68 -58 -62 -77 / 60 63 67 75 / 53 65 69 74 <END> 
<S> 46 65 70 74 / 53 65 69 72 / 46 65 70 74 / 48 63 69 72 / 67 -48 -63 -72 / 50 62 66 70 / 60 69 -50 -66 / 51 58 67 / 53 69 -58 -67 / 55 70 67 / 57 -51 -67 -70 / 50 58 65 69 / 60 -50 -65 -69 <END> 
<S> 55 62 70 / 55 62 67 -70 / 53 60 65 69 / 51 -60 -65 -69 / 50 62 65 70 / 46 62 67 74 / 68 -62 -62 -65 / 63 67 -62 / 60 69 -63 / 50 58 65 <END> 
<S> 57 60 65 / 55 60 -60 -65 / 53 -60 68 -60 / 55 58 62 70 / 53 67 -58 -70 / 68 -50 -58 -67 / 51 58 67 / 50 53 65 70 / 48 63 -53 -70 / 50 53 62 69 <END> 
<S> 44 60 65 / 63 67 -56 -60 / 58 62 -67 -68 / 60 63 68 75 / 58 62 -68 -75 / 56 60 75 55 / 55 -60 75 -79 / 53 60 68 74 / 55 59 67 -74 / 65 -55 -59 -74 <END> 
<S> 56 60 65 77 / 62 -56 -65 -77 / 60 64 67 75 / 53 65 69 74 / 55 59 67 74 / 65 -55 -59 -74 / 56 60 63 72 / 55 -60 -63 -72 / 53 60 68 77 / 62 -53 -68 -77 / 60 63 67 75 / 65 69 74 -60 <END> 
<S> 56 60 63 72 / 53 56 68 72 / 51 58 67 77 / 50 60 69 77 / 55 59 67 -77 / 53 61 69 74 / 51 60 67 75 / 48 58 72 77 / 56 60 74 77 / 55 67 72 75 <END> 
<S> 53 60 68 74 / 55 67 70 -74 / 56 65 68 72 / 63 -56 -68 -72 / 60 64 67 -72 / 65 68 -60 -72 / 59 67 -65 / 60 64 -65 / 60 -60 -64 / 58 -60 -64 <END> 
<S> 46 62 65 / 63 -46 -62 -65 / 47 56 62 / -70 -43 -62 -62 / 48 55 63 -62 / 50 57 60 65 / 55 58 62 / 53 53 -58 / 55 51 52 -53 / 67 -52 -51 -60 / 70 -52 -55 -60 <END> 
<S> 55 62 70 -48 / 48 63 -55 -70 / 50 58 65 70 / 62 -58 -65 -70 / 51 58 63 67 / 62 65 -51 -58 / 56 60 63 -51 / 55 58 -63 / / 53 56 63 72 / 68 -53 -56 -72 / 51 58 67 75 / 51 58 67 79 / 55 70 -58 -79 <END> 
<S> 55 58 63 70 / 56 -58 -63 -70 / 77 58 62 68 / 55 67 -58 -63 / 56 60 65 68 / 53 -60 -65 -68 / 60 64 67 / 58 62 -67 -79 / 56 60 72 75 / 58 77 -72 -75 / 53 75 79 -72 / 67 72 77 -63 / 58 65 74 77 56 60 72 75 / 55 58 70 75 <END> 
<S> 60 63 69 77 / 62 -60 -69 -77 / 75 -60 -62 -69 / 55 58 70 75 / 46 -55 -58 -75 / 46 74 -58 -58 / 53 -46 -58 -74 / 51 58 67 75 / 50 65 70 77 / 68 -50 -65 -77 / 48 63 72 79 / 53 65 72 77 / 71 -53 -65 -72 / 51 63 72 79 / 53 -63 -72 -79 / 55 62 71 79 / 60 63 -55 -79 <END> 
<S> 51 67 72 75 / 53 -67 -72 -75 / 55 67 70 74 / 65 -55 -70 -74 / 56 63 68 72 / 74 -56 -60 -68 / 55 59 67 75 / 60 -55 -67 -75 / 48 60 67 75 / 50 -60 -67 -75 / 51 60 67 75 / 53 -60 -67 -75 / 55 60 67 74 / 72 -55 -60 -67 / 55 59 67 74 <END> 
<S> 48 60 67 75 / 72 -48 -67 -75 / 55 67 71 74 / 72 75 -55 -67 / 53 65 74 / 63 72 -60 / 59 62 67 74 / 60 67 72 75 / 55 65 71 74 / 0 / 55 67 71 74 <END> 
<S> 59 62 67 77 / 60 76 -67 / / 55 67 72 / 71 -55 -67 / 48 63 67 70 / 53 56 68 / 51 58 67 70 / 65 -51 -58 -70 / 46 -51 -58 -70 / 44 51 60 68 / 55 61 70 -51 <END> 
<S> 46 58 65 70 / 63 -46 -65 -70 / 46 58 65 68 / 50 62 65 70 / 51 58 63 67 / 62 -58 -58 -67 / 56 60 63 72 / 55 62 70 -60 / 53 60 68 77 / 53 62 68 -77 / 63 -53 -68 -74 / 65 59 68 -74 / 60 72 -65 -68 / 64 67 -60 -72 / 62 65 -67 -72 / 48 63 67 72 / 60 63 72 79 <END> 
<S> 56 60 67 72 / 65 -56 -60 -72 / 55 62 67 71 / 53 -62 -67 -71 / 51 63 67 72 / 53 69 -63 -72 / 62 65 71 74 / 60 63 72 / 62 65 77 -72 / 63 67 70 79 / 62 65 -71 -79 / 60 63 72 79 / 59 62 74 79 <END> 
<S> 63 72 -58 -63 / 60 62 65 -72 / 58 62 -65 -72 / 57 60 72 -65 / 62 66 -57 -72 / 55 62 67 71 / 55 62 67 71 / 53 -62 -67 -71 / 51 60 67 72 / 48 -60 -67 -72 / 55 67 70 74 / 72 -55 -67 -74 / 53 -67 -72 -74 65 / 59 74 -67 -74 / 65 -59 -74 <END> 
<S> 55 63 67 72 / 62 -55 -67 -72 / 48 60 67 75 / 63 -60 -67 -75 / 56 60 68 74 / 55 -60 -68 -77 / 53 -60 -68 -69 / 55 59 67 79 / 53 -59 -67 -79 / 51 60 72 79 / 70 -52 -60 -79 / 53 60 68 77 <END> 
<S> 56 60 72 77 / 62 -56 -72 -77 / 55 63 70 72 / 53 -63 -70 -75 / 55 63 70 75 / 74 -55 -63 -70 / 56 63 72 -63 / 65 -56 -63 -72 / 52 55 67 70 / 53 60 68 -55 / 53 59 67 -53 / 51 51 60 -67 / 44 53 60 65 / 55 63 -45 -60 <END> 
<S> 53 56 68 74 / 50 59 65 -74 / 51 58 63 67 / 50 -58 -63 -67 / 48 63 68 -63 / 50 -48 -63 -68 / 51 58 67 70 / 50 65 69 77 / 70 -50 -65 -77 / 48 63 72 79 / 55 -63 -70 -79 / 60 63 72 -70 / 68 -58 -63 -72 <END> 
<S> 51 58 67 72 / 51 63 70 79 / 62 -51 -70 -79 / 48 60 68 75 / 55 -60 -68 -75 / 53 60 68 77 / 55 59 -68 -77 / 56 60 63 72 / 65 74 -56 -60 / 55 60 67 75 / 53 -60 -67 -75 / 55 59 67 74 / 65 -55 -59 -74 / 56 60 63 72 / 55 -60 -63 -72 <END> 
<S> 60 67 -53 -72 / 55 -60 -67 -75 / 53 60 68 74 / 55 59 67 -74 / 65 -55 -67 -74 / 48 63 67 72 / 50 58 70 77 / 51 56 -70 -77 / 53 55 68 74 / 50 70 -58 -74 / 51 63 72 -70 / 67 -51 -63 -72 / 53 -63 -67 -72 / 55 62 -67 -72 / 43 67 -62 -72 / 44 60 65 72 / 59 74 -44 -65 / 60 67 75 / 58 -60 -67 -75 <END> 
<S> 51 67 72 -51 -67 / 53 65 48 -72 / 55 63 70 -53 / 53 65 68 -60 / 51 58 67 / 65 -51 -58 / 47 56 67 -65 / 48 60 65 -56 / 50 -60 -65 -68 / 51 58 63 67 / 51 58 67 / 65 -51 -58 -67 / 56 60 63 -65 / 59 62 -56 -63 / 55 60 62 / 53 59 -62 -62 / 51 58 60 67 / 50 53 60 -67 <END> 
<S> 51 60 67 70 / 53 -60 -67 -70 / 55 62 67 70 / 53 -62 -67 -70 / 51 63 67 72 / 48 -63 -67 -72 / -51 -67 -63 -72 / 62 65 -51 -72 / 47 67 -65 -72 / 48 60 63 68 / 62 -48 -60 -67 / 53 60 65 68 / 62 -53 -65 -68 / 55 58 63 67 / 56 60 -63 -67 / 58 62 65 / 56 60 63 -65 / 55 62 65 70 / 53 68 -62 -65 <END> 
<S> 53 60 65 68 / 51 -60 -65 -68 / 50 58 -65 -68 / 46 58 63 -65 / 51 63 -58 -67 / 43 -58 -63 -67 / 48 60 63 68 / 49 -60 -63 -68 / 51 58 63 67 / 58 62 -51 -67 / 53 60 65 / 51 55 -60 -65 / 50 58 62 65 / 48 -58 -62 -65 / 46 58 62 65 / 48 -58 -62 -65 <END> 
<S> 56 60 65 -51 / 55 58 63 70 / 53 60 68 -63 / 51 63 -53 -68 / 46 50 65 -68 / 48 55 63 / / 51 61 -63 / 44 56 60 65 / 55 59 67 74 / 53 -59 -67 -74 / 51 60 67 75 / 58 -60 -67 -75 / 56 60 68 77 / 55 -60 -68 -77 <END> 
<S> 48 60 63 68 / 56 -48 -60 -68 / 55 59 67 75 / 53 68 -67 -75 / 51 65 67 74 / 50 59 -67 -74 / 48 60 67 75 / 58 62 -67 -75 / 56 60 65 77 / 55 67 -60 -77 / 53 68 -60 -67 / 62 74 -53 -68 / 63 70 -48 -74 <END> 
<S> 48 60 67 75 / 58 -48 -67 -75 / 53 56 68 74 / 72 -53 -56 -74 / 55 67 70 -74 / 56 68 72 75 / 55 -68 -72 -75 / 53 68 74 77 / 72 75 -53 -68 / 55 62 67 71 / 63 -55 -71 -74 / 60 63 67 72 / 58 62 -67 -72 / 57 65 72 77 / 58 62 70 77 <END> 
<S> 53 68 72 74 / 65 -53 -72 -74 / 55 62 71 -74 / 67 -55 -62 -74 / 65 -55 -71 -74 / 48 63 67 72 / 60 63 67 72 / 69 -60 -63 -72 / 58 65 70 74 / 56 -65 -70 -74 / 55 58 67 74 / 53 68 -58 -74 / 51 63 70 79 / 62 65 -70 -79 / 63 67 70 79 / 62 -67 -70 -79 <END> 
<S> 55 63 70 / 51 61 -63 -70 / 56 60 65 -70 / 53 58 65 70 / 51 58 63 67 / 56 62 65 / 55 60 63 / 53 55 59 62 / 51 -55 -59 -62 / 50 55 60 63 <END> 
<S> 56 60 63 65 / 55 58 -63 -65 / 53 56 62 65 / 53 -53 -62 -65 / 51 55 63 70 / 46 -55 -63 -70 / 48 55 63 70 / 61 -48 -55 -70 / 44 53 56 72 / 46 -53 -56 -72 / 44 53 56 60 / 46 52 58 67 / 45 53 60 65 / 47 55 62 -65 / 48 55 63 -62 / 60 -48 -55 -63 <END> 
<S> 50 53 58 65 / 60 -50 -53 -65 / 48 58 62 -65 / 46 -58 -62 -65 / 51 58 63 67 / 50 65 -58 -67 / 48 63 67 / 53 60 -67 -70 / 55 62 67 71 / 53 -62 -67 -71 / 51 63 72 -55 / 70 -51 -55 -63 / 53 65 68 -60 / 55 59 67 -65 / 56 60 65 44 / 62 -56 -65 <END> 
<S> 55 63 67 72 / 55 -63 -67 -72 / 57 65 -55 -72 / 63 -57 -65 -72 / 59 62 74 -56 / 60 -59 -65 -74 / 62 67 -59 / 63 66 -62 -74 / 60 63 67 79 / 58 62 -67 -79 / 56 60 72 77 / 55 -60 -72 -77 / 57 60 70 -77 / 53 75 -60 -74 / 55 67 70 -60 / 53 59 -67 -70 <END> 
<S> 60 63 67 79 / 58 62 -67 -79 / 57 60 72 77 / 59 62 74 -77 / 60 67 76 -74 / 72 -60 -67 -75 / 55 67 71 74 / 53 -67 -71 -74 / 51 67 72 75 / 65 -51 -72 -75 / 67 -51 -65 -72 / 53 65 68 72 / 55 63 67 -72 / 56 65 68 72 / 58 -65 -68 -72 <END> 
<S> 51 67 70 75 / 53 -67 -70 -75 / 55 67 70 74 / 56 72 -67 / 58 65 74 / 56 72 -58 -65 / 55 65 70 -72 / 48 64 68 72 / 67 74 -48 -67 / 67 60 67 -51 / 58 -51 -67 -67 / 57 60 65 -67 / 65 -60 -60 / 63 -53 -60 -65 / 58 62 65 68 / 46 -58 -65 -68 <END> 
<S> 48 67 75 -62 / 60 -48 -67 -75 / 55 59 67 74 / 52 60 67 79 / 58 -52 -67 -79 / 53 60 65 77 / 67 -53 -60 -77 / 55 62 71 79 / 63 -55 -71 -79 / 56 65 77 -72 / 63 70 -56 -77 / 55 -63 -70 -82 / 53 62 67 77 / 60 -53 -67 -77 / 55 59 67 74 / 57 60 65 -74 <END> 
<S> 47 62 65 79 / 67 -46 -62 -79 / 60 65 77 -51 / 50 58 65 -77 / 51 67 75 -65 / 53 60 68 77 / 46 62 67 74 / 43 63 70 75 / 65 68 72 77 / 68 75 -53 -65 / 63 67 70 -53 / 47 62 67 74 / 65 -47 -62 <END> 
<S> 58 65 70 74 / 56 -65 -70 -74 / 55 67 70 75 / 53 68 68 77 / 51 63 67 79 / 72 -51 -63 -79 / 50 65 74 77 / 71 -65 -74 / 48 67 72 75 / 53 -67 -72 -75 / 55 67 71 74 / 53 67 70 79 <END> 
<S> 50 72 77 -65 / 71 -50 -65 -77 / 48 67 72 75 / 53 68 74 77 / 55 62 71 74 / 56 60 72 / 62 74 -56 -60 / 55 59 62 67 / 53 -59 -62 -67 / 52 60 67 72 / 58 -52 -67 -72 / 53 57 65 72 / 51 58 67 75 <END> 
<S> 56 64 72 / 55 65 -72 / 63 72 -55 -72 / 53 68 74 -72 / 55 67 71 -74 / 65 -55 -71 -74 / 48 63 67 72 / 48 63 72 79 / 50 65 -72 -79 / 51 67 72 79 / 53 -67 -72 -79 / 55 67 74 -72 / 70 -55 -67 -74 / 52 67 70 72 / 53 65 68 72 <END> 
<S> 48 64 67 72 / 54 63 72 74 / 62 67 71 -74 / 60 66 72 75 / 62 67 70 75 / 65 68 74 -60 / 59 67 74 -53 / 51 60 67 79 / 60 -51 -67 -79 / 50 65 77 -60 / 59 -50 -65 -77 / 51 60 67 75 / 53 -60 -67 -75 <END> 
<S> 60 63 67 75 / 58 62 -67 -75 / 56 60 72 77 / 55 70 -60 -77 / 53 65 68 72 / 74 -53 -65 -68 / 48 63 67 75 / 69 -48 -63 -75 / 50 65 70 74 / 51 -65 -70 -74 / 53 65 70 72 / 51 60 -70 -72 / 53 68 74 -60 / 55 59 67 -74 <END> 
