<S> 60 64 67 / 58 -60 -64 -67 / 57 60 64 67 / 55 -60 -64 -67 / 53 60 65 69 / 52 -60 -65 -69 / 50 62 65 69 / 55 62 65 71 / 64 -55 -62 -71 / 43 55 62 71 / 48 55 64 72 <END> 
<S> 55 62 65 71 / 64 -55 -62 -71 / 43 55 62 -67 / 65 -43 -55 -62 / 48 55 60 64 / 47 55 62 / 51 -47 -62 / 47 50 62 67 / 45 60 -50 -67 / 43 55 62 67 / 59 -43 -55 -67 / 48 55 60 64 / 46 62 -55 -60 / 45 53 60 69 / 65 -53 -53 -69 / 48 52 67 -65 / 64 -48 -52 -67 <END> 
<S> 47 50 62 67 / 65 -47 -50 -62 / 45 57 60 64 / 43 -57 -60 -64 / 41 57 60 62 / 38 53 59 -62 / 57 -38 -53 -62 / 55 59 62 -48 / 47 -55 -62 -65 / 48 55 60 64 / 62 -48 -55 -60 / 43 55 59 62 / 55 -43 -55 -59 / 47 65 -55 -59 <END> 
<S> 43 55 62 67 / 59 -43 -55 -67 / 45 57 60 65 / 47 55 62 -65 / 48 55 60 64 / 50 65 -55 -60 / 55 59 62 / 43 55 59 62 / 53 -43 -59 -62 / 48 52 55 60 / 60 64 67 <END> 
<S> 41 57 62 -60 / 43 50 59 -62 / 48 55 60 64 / 47 55 62 67 / 45 60 -55 -67 / 47 55 62 67 / 43 59 -55 -67 / 48 55 60 64 / 40 55 60 64 / 41 -55 -60 -64 / 43 57 62 / 55 59 59 / 53 57 62 <END> 
<S> 48 55 60 64 / 46 -55 -60 -64 / 45 57 65 -60 / 47 50 -57 -65 / 47 55 62 67 / 43 -55 -60 -67 / 48 55 60 64 / 62 -48 -55 -60 / 43 55 59 62 / 43 52 59 67 / 50 -43 -59 -67 <END> 
<S> 36 48 55 64 / 46 55 62 -64 / 45 60 65 -55 / 47 55 62 -65 / 43 55 60 64 / 53 62 -60 -55 / 55 60 62 / 43 -55 -60 -62 / 55 59 62 / 53 -43 -59 -62 / 48 52 55 60 / 47 50 62 65 <END> 
<S> 55 62 -60 / 55 -43 -60 -62 / 59 -43 -55 -62 / 53 -43 -59 -62 / 36 52 55 60 / 0 / 48 55 60 64 / 53 57 60 65 / 52 64 67 -60 / 53 62 69 -67 / 62 65 -53 -69 / 64 -41 -62 -69 / 61 64 69 / 44 -64 -64 -69 <END> 
<S> 52 60 67 72 / 50 53 69 74 / 71 -50 -53 -74 / 48 72 77 -57 / 47 52 60 79 / 49 57 64 69 / 50 62 65 69 / 52 60 67 71 / 53 -60 -67 -71 / 55 59 67 74 / 65 -55 -59 -74 / 57 60 64 72 / 55 -60 -64 -72 / 53 65 69 72 / 74 -65 -69 / 76 -53 -69 -69 <END> 
<S> 52 60 67 72 / 48 62 -67 -72 / 64 71 -48 -67 / 50 64 69 -67 / 62 66 -50 -69 / 60 -50 -66 -69 / 59 62 67 71 / 52 59 62 67 / 57 64 71 -55 / 59 62 -64 -71 / 60 64 67 72 / 59 -64 -67 -72 / 54 62 69 74 / 72 -54 -62 -69 / 55 62 71 -69 / 67 -55 -62 -71 / 50 62 66 69 / 51 60 66 71 <END> 
<S> 57 64 71 / 62 -57 -64 -71 / 55 59 66 69 / 52 54 -62 -69 / 54 62 67 71 / 52 60 64 72 / 45 52 64 72 / 48 52 57 -72 / 50 53 59 71 / 48 52 55 60 / 47 55 62 67 <END> 
<S> 50 57 66 74 / 47 -50 -54 -71 / / 52 59 67 / 49 52 57 -67 / 50 53 65 69 / 52 62 -53 -69 / 45 52 61 64 / 38 53 62 69 / 40 55 60 71 / 38 57 60 72 / 43 55 -60 -72 / 41 57 60 69 / 43 -60 -41 -60 <END> 
<S> 49 57 64 67 / 50 62 65 -57 / 64 -50 -57 -62 / 45 57 61 64 / 54 57 62 72 / 42 55 62 72 / 43 55 62 71 / 45 60 -55 -71 / 47 55 62 67 / 48 57 60 69 / 55 59 62 67 / 52 60 -55 -67 <END> 
<S> 47 55 62 71 / 48 55 60 64 / 50 62 65 -55 / 52 55 64 / / 57 -48 -64 / 55 59 62 / -52 -59 -55 -62 / 52 55 58 64 / 42 57 62 65 / 55 59 62 / 60 67 -55 -59 / 53 60 62 69 / 52 50 -62 -65 / 48 64 -57 -62 / 50 57 62 / 43 50 59 62 <END> 
<S> 55 58 62 65 / 64 -55 -58 -58 / 53 57 61 69 / 55 -57 -60 -69 / 52 55 60 67 / 50 53 62 -67 / 43 55 62 65 / 59 -43 -55 -65 / 48 55 60 64 / 47 -55 -60 -64 / 45 57 60 65 / 50 -57 -60 -65 / 43 55 59 67 / 55 -55 -59 -67 / 48 55 64 69 <END> 
<S> 48 55 64 -62 / 60 -48 -55 -64 / 43 55 62 -60 / 59 -43 -55 -62 / 36 55 60 64 / 0 / 52 55 60 64 / 38 53 65 -60 / 59 -38 -53 -65 / 43 55 59 64 / 41 -55 -59 -62 / 48 55 60 64 / 47 -55 -60 -64 <END> 
<S> 47 55 62 65 / 48 55 60 64 / 43 58 62 -55 / 53 -43 -59 -62 / 48 52 55 60 / 48 55 60 64 / 50 -55 -60 -64 / 52 55 60 64 / 50 -55 -60 -64 / 55 59 62 / 43 55 59 62 / <END> 
<S> 48 55 62 64 / 60 -48 -55 -64 / 43 55 62 -60 / 59 -43 -55 -62 / 36 55 60 64 / 53 -43 -60 -64 / 52 55 -60 -64 / 50 57 62 65 / 55 59 -62 -65 / 53 57 62 65 / 53 -57 -62 -65 / 45 60 64 -53 / 43 55 59 62 / 41 53 62 -59 / 40 48 60 -53 / 48 52 55 -60 / <END> 
<S> 50 57 62 65 / 59 -50 -62 -65 / 52 55 60 64 72 / 54 57 62 74 / 55 59 62 71 / 67 55 -59 -62 / 60 -55 -59 -67 / 50 57 62 66 / 60 -50 -57 -66 / 47 55 62 67 / 43 59 -55 -67 / 45 48 60 72 / 43 55 62 71 / 54 -43 -62 -71 / 48 52 60 69 / 48 57 64 71 / 55 59 -64 -64 / 62 72 -55 -64 / 59 62 67 -55 <END> 
<S> 47 55 62 67 / 65 -47 -55 / 48 55 64 64 / 71 -55 -64 / 45 -55 -64 -64 / 50 54 62 69 / 60 -50 -66 -69 / 43 50 59 67 / 48 52 60 67 / 44 52 60 67 / 45 60 65 69 / 47 62 67 70 / 48 64 67 69 / 50 62 66 -69 <END> 
<S> 45 52 60 69 / 47 50 -59 -69 / 48 52 60 64 / 48 55 -52 -64 / 50 60 65 -55 / 53 -50 -60 -65 / 48 55 67 -60 / 47 55 62 -67 / 45 60 72 -55 / 43 55 59 62 / 36 55 60 64 / 48 52 60 67 <END> 
<S> 47 55 62 67 / 48 60 -55 -67 / 50 62 65 -55 / 54 62 -50 -65 / 60 -50 -54 -69 / 43 50 59 67 / 48 52 60 67 / 47 62 -60 -67 / 45 60 64 69 / 45 -60 -64 -69 / 50 57 62 71 / 48 -57 -62 -71 / 47 55 62 67 / 65 -47 -55 -67 / 48 55 60 64 / 55 59 62 67 <END> 
<S> 40 60 67 72 / 52 -60 -67 -72 / 53 60 69 -67 / 50 65 -53 -69 / 48 64 67 72 / 52 55 64 71 / 53 57 62 69 / 52 55 64 71 / 57 64 -55 -64 / 62 -57 -64 / 55 59 62 / 64 -55 -59 -62 / 48 52 60 64 / 50 66 -52 -60 / 52 60 67 -60 / 59 62 -52 -67 / 69 -52 -60 -67 / 38 57 69 74 / 55 58 67 -74 / 57 64 72 -67 / 66 -57 -72 <END> 
<S> 55 58 64 74 / 60 69 -55 -64 / 55 62 71 74 / 67 72 -62 -74 / 68 72 -62 -74 / 64 67 -72 -74 / 65 69 -72 -76 / 67 71 74 -55 / 57 72 -67 -74 / 59 64 74 -67 / 55 64 71 79 / 56 64 71 -79 / 62 72 77 81 / 60 76 -72 -76 / 55 67 71 74 / 77 -55 -67 -74 <END> 
<S> 47 62 74 79 / 71 -47 -74 -79 / 52 67 72 / / 74 -52 -67 -72 / 53 69 72 76 / 55 67 71 74 / 50 69 74 77 / 67 76 -57 / 65 69 74 77 / 67 76 -74 / 64 67 72 84 / 65 74 -67 -83 / 60 67 72 76 <END> 
<S> 57 69 69 -76 / 50 65 71 77 / 52 64 72 79 / 53 60 -72 -79 / 55 67 71 74 / 55 62 71 / 48 64 72 -55 / 60 67 -55 -74 / 62 72 -53 -67 / 52 64 67 -72 / 65 -52 -72 / 64 67 72 / 58 65 -67 -72 / 57 62 66 -72 / 59 62 -64 -72 <END> 
<S> 53 57 69 72 / 59 62 -53 -69 / 52 60 67 / 50 58 65 -67 / 52 67 -58 / 53 57 62 69 / 55 -57 -62 -69 / 52 60 67 72 / 50 69 -60 -72 / 52 60 67 -72 / 53 -60 -67 -72 / 55 60 67 74 / 72 -55 -60 -67 / 55 59 74 -67 / 65 -55 -59 -74 <END> 
<S> 50 60 65 69 / 59 -50 -65 -69 / 52 60 67 71 / 61 -52 -67 -71 / 53 65 69 72 / 55 -65 -69 -72 / 60 64 69 72 / 66 74 -60 -69 <END> 
<S> 43 59 67 74 / 45 60 65 -74 / 47 62 67 74 / 48 60 67 76 / 50 77 -60 -76 / 52 60 72 79 / 53 69 -60 -72 / 55 67 71 74 / 48 67 72 76 <END> 
<S> 52 60 67 72 / 58 -52 -67 -72 / 53 57 69 72 / 59 74 -53 -69 / 52 60 67 76 / 55 -52 -67 -76 / 53 57 65 77 / 47 62 67 -77 / 48 60 67 76 / 55 59 67 74 / 55 59 67 74 <END> 
<S> 50 62 65 77 / 60 67 76 -53 / 58 -60 -67 -76 / 55 59 67 77 / 55 70 75 -77 / 57 72 -70 -77 / 58 70 74 79 / 52 70 72 53 <END> 
<S> 58 62 65 70 / 64 67 70 79 / 62 65 -70 -79 / 60 63 72 79 / 74 -60 -63 -67 / 59 60 67 76 / 77 -59 -60 -67 / 48 60 67 79 / 72 -48 -67 -76 <END> 
<S> 59 67 79 / 61 -64 -67 -79 / 60 65 79 / 62 67 -60 -79 / 58 64 79 -67 / 61 69 -79 -79 / 62 70 77 79 / 69 75 -62 -65 / 58 62 70 79 / 64 -58 -70 -76 / 57 64 70 77 / 55 62 -70 -77 <END> 
<S> 60 63 69 79 / 57 -60 -69 -79 / 62 66 72 81 / 72 -62 -66 -81 / 55 67 71 74 / 60 67 76 -55 / 59 62 -67 -76 / 60 64 67 76 / 59 -64 -67 -76 / 57 64 72 -64 / 62 71 -57 / 60 64 69 / 59 62 -64 -69 <END> 
<S> 57 64 71 72 / 55 -64 -72 -76 / 54 62 69 74 / 71 -54 -62 -74 / 64 69 72 -55 / 54 62 -69 -72 / 55 62 69 71 / 59 67 74 -55 / 53 69 59 / 52 67 -59 57 / 50 59 65 -67 / 62 -50 -65 -67 / 52 60 64 67 / 53 -60 -64 -67 / 55 62 67 -53 / 52 60 64 67 / 54 60 69 -64 / 55 62 67 71 / 52 60 64 67 <END> 
<S> 57 64 69 72 / 55 -64 -69 -72 / 55 62 71 -69 / 67 71 -55 / 65 -55 -67 -71 / 48 64 67 72 / 50 62 66 74 / 52 67 61 64 / 54 57 62 69 / 72 -54 -57 -62 / 55 62 71 -69 / 67 -55 -62 -71 / 50 62 67 69 / 66 -50 -62 -69 / 60 -50 -66 -69 / 43 59 62 67 / 47 55 62 67 <END> 
<S> 55 62 71 74 / 50 66 69 74 / 55 62 67 70 / 53 62 69 -67 / 52 60 67 -69 / 50 -60 -67 -70 / 48 55 67 74 / 47 -55 -67 -74 / 45 60 72 -67 / 66 -45 -60 -72 / 47 62 67 71 / 48 -62 -67 -71 / 50 62 66 69 / 55 62 67 71 / 43 55 62 71 <END> 
<S> 48 64 67 72 / 71 -48 -64 -67 / 50 57 67 69 / 55 62 -67 -69 / 38 54 62 -69 / / 59 -38 -62 -69 / 60 -54 59 62 / 52 59 -62 -66 / 53 57 62 69 / 62 -53 -57 -69 / 52 59 62 67 / 57 60 -52 -67 / 55 59 65 / 53 -59 -65 / 48 55 60 64 <END> 
<S> 50 57 62 65 / 59 -50 -62 -65 / 52 55 60 64 / 54 57 -60 -64 / 55 59 62 / 52 59 64 67 / 62 -52 -59 -67 / 45 57 60 65 / 47 55 62 -65 / 48 55 64 -62 / 60 -48 -55 -64 / 43 55 60 62 / 40 55 59 67 / 45 52 60 64 <END> 
<S> 48 57 64 65 / 47 55 62 -65 / 48 55 60 64 / 48 55 60 64 / 50 65 -55 -60 / 52 55 60 67 / 53 69 -55 -60 / 55 59 62 / / 55 -55 -62 <END> 
<S> 50 53 57 65 / 59 -50 -53 -65 / 52 55 60 64 / 53 -55 -60 -64 / 55 59 62 / 53 -59 61 -62 / 52 55 60 67 / 50 65 -55 -60 / 48 55 60 64 / 46 -55 -60 -64 / 45 57 60 65 / 43 -57 -60 -65 <END> 
<S> 48 55 60 64 / 49 55 58 65 / 48 53 -58 -65 / 46 53 61 70 / 41 -53 -58 -70 / 43 52 55 70 / 45 72 -55 -60 / 44 52 60 67 / 41 -51 -55 -67 / 41 48 57 65 / 46 58 62 -65 / 45 67 -46 -62 / 47 58 62 67 / 49 -58 -62 -67 <END> 
<S> 58 50 65 70 / 46 58 62 -70 / 68 -46 -58 -62 / 60 -46 -62 -65 / 46 58 62 67 / 51 58 63 67 / 50 -58 -58 -67 / 48 56 65 72 / 63 -48 -56 -72 / 47 62 67 70 / 48 -62 -67 -70 / 50 58 67 70 / 48 60 -67 -70 <END> 
<S> 48 60 63 67 / 58 -48 -63 -67 / 53 56 65 68 / 51 58 67 / 55 58 63 70 / 56 65 -63 -70 / 56 63 68 72 / 55 -63 -68 -72 / 53 61 67 70 / 52 68 -61 -70 / 53 60 68 72 / 55 -60 -68 -72 <END> 
<S> 56 63 68 72 / 58 -63 -67 -72 / 60 63 68 72 / 55 67 -63 -72 / 56 60 68 72 / 58 62 -68 -72 / 60 63 67 72 / 58 -63 -67 -72 / 57 63 72 77 / 58 -63 -72 -77 / 57 63 72 77 / 65 -57 -72 -77 / 58 67 72 77 / 70 -58 -65 -77 / 60 72 75 79 / 58 62 70 77 <END> 
<S> 53 65 72 80 / 63 -53 -72 -80 / 58 62 70 77 / 51 67 70 75 / 55 -51 -70 -75 / 53 56 68 77 / 51 60 67 79 / 59 68 74 79 / 57 60 72 56 / 59 -57 -72 / 60 -57 -72 -77 / 62 66 74 -48 / 72 -54 -62 -69 <END> 
<S> 57 60 75 77 / 55 -60 -72 -75 / 55 74 77 -60 / 59 -55 -74 -77 / 60 67 75 / 60 67 75 / 58 -60 -67 -75 / 56 68 72 75 / 55 -68 -72 -75 / 53 68 72 74 / 67 -53 -72 -74 / 65 71 -74 -77 / 55 67 72 75 / 74 -55 -67 -72 <END> 
<S> 53 68 72 74 / 55 71 -74 / 65 -55 -71 -74 / 56 63 72 / 55 58 -63 -72 / 53 56 65 68 / 58 62 -65 -68 / 64 -58 -65 -70 / 56 65 68 72 / 55 70 -65 -68 / 53 60 68 68 / 55 -60 -68 -68 / 56 60 65 68 / 58 -60 -65 -68 / 60 67 -65 / 64 -60 -67 / 58 62 65 / 56 -58 -63 -72 / 56 58 62 65 <END> 
<S> 53 65 68 74 / 63 70 -53 -74 / 72 -63 -68 / 63 67 70 / 62 65 -67 -70 / 60 63 68 72 / 58 62 -68 -72 / 60 64 67 72 / 48 -60 -67 -72 / 56 60 65 77 / 55 -56 -65 -77 / 53 55 72 -65 / 53 -55 -60 -72 / 51 60 67 75 / 53 68 74 <END> 
<S> 60 63 67 72 / 56 62 72 77 / 60 -56 -72 -77 / 55 67 71 74 / 55 67 71 74 / 60 67 72 75 / 58 70 -67 77 / 56 63 72 / 55 65 -63 -72 / 53 58 65 74 / 51 58 -65 -74 / 48 60 68 72 / 50 65 70 74 <END> 
<S> 62 67 70 / 65 -62 -70 / 63 63 67 70 / 56 -63 -67 -70 / 58 63 70 / 53 -58 -63 -70 / 55 58 70 75 / 53 -58 -70 -75 / 51 65 72 77 / 50 -65 -72 -77 / 51 67 70 75 / 53 -67 -70 -75 / 65 -53 -70 -75 / 55 63 70 75 / 56 65 -63 -75 / 58 62 68 74 / 51 63 67 72 <END> 
<S> 51 67 70 75 / 53 -67 -70 -75 / 55 62 70 77 / 56 60 -70 -77 / 55 62 70 77 / 53 -62 -70 -77 / 51 63 79 -70 / 57 66 72 -79 / 71 -57 -66 -67 / 69 72 -66 51 / 71 -67 -75 / 62 67 77 / 60 63 -67 -77 / 58 62 70 77 / 68 -58 -62 -77 / 56 63 67 70 / 53 65 68 72 / 63 -53 -68 -72 <END> 
<S> 55 67 70 75 / 53 -67 -70 -75 / 51 67 72 77 / 47 74 -67 -77 / 48 67 75 -74 / 50 72 74 -67 / 55 67 72 75 / 53 -67 -72 -75 / 55 62 71 74 / 53 -62 -71 -74 / 51 63 67 79 / 62 -51 -67 -79 / 48 60 65 77 / 55 67 75 79 / 56 60 74 -75 / 58 62 74 77 / 56 -62 -74 -77 <END> 
<S> 56 59 67 75 / 60 -56 -67 -75 / 55 62 67 74 / 53 -62 -67 -74 / 51 60 67 75 / 58 -60 -67 -75 / 56 60 65 75 / 55 -60 -65 -75 / 53 60 65 74 / 67 -53 -60 -74 / 54 60 69 -74 / 56 59 68 72 / 74 -56 -56 -68 / 50 56 65 77 / / 48 -65 -77 / 58 75 -48 / 60 67 75 -48 <END> 
<S> 53 60 69 75 / 53 60 69 -75 / 58 -53 -69 -74 / 51 67 72 -58 / 50 74 77 -72 / 48 63 -72 -77 / 53 65 70 -77 / 51 79 -65 -70 / 53 63 70 79 / 55 -63 -70 -79 / 56 72 -63 51 / 58 -63 -72 -77 / 56 62 70 77 / 72 -56 -62 -77 / 55 62 67 71 <END> 
<S> 53 68 77 -63 / 58 62 70 -77 / 51 63 79 -70 / 67 -51 -63 -79 / 48 60 68 77 / 55 -60 -77 -77 / 53 60 68 -77 / 55 59 71 79 / 56 60 72 77 / 53 62 70 -77 / 68 -62 75 -77 / 67 70 75 79 / 65 -70 -75 -79 / 67 72 75 -63 62 65 -67 -72 <END> 
<S> 55 70 75 / 56 74 -70 / 55 63 68 72 / 53 68 -72 -68 / 51 58 -68 -68 / 50 59 -68 -68 / 48 60 68 -65 / 47 53 65 68 / 67 -47 -53 -68 / 51 58 67 67 / 41 -58 -67 -67 / 43 63 70 -67 / 48 -63 -67 -70 / 50 65 70 -69 / 51 -65 -70 -70 / 53 65 70 -70 / 51 -65 -70 -70 / 46 65 70 74 / 46 62 70 77 <END> 
<S> 48 60 63 68 / 50 65 -60 -68 / 51 67 -60 -65 / 48 60 -60 -67 / 59 -48 -60 -67 / 50 57 65 -60 / 59 62 -50 -65 / 52 60 67 / 58 62 -52 -67 / 53 60 65 68 / 51 -60 -65 -68 / 49 58 64 70 / 62 -49 -58 -70 / 51 58 63 67 <END> 
<S> 56 60 65 65 / 47 -60 -65 -65 / 60 67 -65 / 64 -60 -67 / 54 60 69 -63 / 62 -54 -60 -69 / 55 59 62 67 / 51 60 67 72 / 48 63 67 72 / 50 62 65 -72 / 51 60 67 / 53 60 65 68 / 59 62 67 -65 / 51 60 67 75 / 53 -60 -67 -75 <END> 
<S> 51 55 67 72 / 53 60 68 -72 / 55 62 67 71 / 48 63 67 72 / 60 63 67 72 / 59 62 67 79 / 60 67 75 / 58 -60 -67 -75 / 56 60 65 77 / 55 -60 -65 -77 / 53 60 67 79 / 52 -60 -67 -79 <END> 
<S> 59 62 67 74 / 58 60 67 75 / 58 60 65 -75 / 56 62 65 74 / 55 58 62 74 / 53 -58 -62 -74 / 51 58 67 75 / 57 60 65 -75 / 50 -57 -65 -65 / 51 58 67 75 / 61 -51 -67 -75 / 56 60 68 72 / 65 -56 -60 -72 <END> 
<S> 55 63 70 75 / 61 -55 -70 -75 / 56 60 68 -75 / 51 58 67 75 / 55 63 70 / 56 63 68 72 / 65 -56 -68 -72 / 60 63 67 75 / 68 -60 -67 -75 / 55 65 68 74 / 53 67 70 75 / 51 -67 -70 -75 <END> 
<S> <END> 
<S> 44 60 65 74 <END> 
<S> -46 -62 -65 / 55 59 62 67 / 53 -59 -62 -67 <END> 
<S> 75 / 67 -63 -72 / 65 68 74 / 63 75 -68 / 62 65 70 <END> 
