<S> 60 67 72 75 / 63 67 -60 -75 / 65 68 74 -60 / 58 67 -74 / 56 60 72 -67 / 65 -56 -60 -72 / 58 70 74 -56 / 55 75 -58 -70 / 53 60 77 -70 / 68 -53 -60 -77 / 61 70 79 -53 / 52 67 -61 -79 / 53 60 68 77 / 59 -53 -68 -77 / 48 60 67 75 / 66 -48 -60 -75 <END> 
<S> 53 60 77 -70 / 68 -53 -60 -77 / 56 60 67 75 / 65 -56 -60 / 55 58 63 67 / 56 68 -63 / 58 58 64 -68 <END> 
<S> 50 -58 -65 -68 / 48 60 63 68 / 46 -60 -63 -68 / 45 58 65 -63 / 63 -45 -58 -65 / 46 62 65 / 53 -46 -62 -65 / 55 58 62 -46 / 51 55 -58 -62 <END> 
<S> 46 58 65 -63 / 62 -46 -58 -65 / 60 53 -46 -58 / 55 58 -46 -62 / 53 56 60 62 / 44 53 60 65 / 41 55 -60 -65 / 48 55 60 63 / 44 59 62 65 / 60 -44 -56 -65 <END> 
<S> 44 56 60 63 / 44 54 60 63 / 43 55 63 -60 / 59 -43 -55 -63 / 57 -43 -55 -60 / 59 -50 -56 -60 / 51 58 60 / 57 50 59 -60 / 55 58 -50 / 53 -43 -58 -60 / 44 51 55 60 / 53 62 -44 -60 / 59 -41 -53 -53 / 43 51 60 -55 / 41 56 62 -60 / 50 55 59 -62 / 53 -43 -59 -62 / 36 51 55 60 <END> 
<S> 44 51 60 62 / 43 -51 -60 -62 / 53 -43 -60 -62 / 41 60 -53 -60 / 43 53 59 62 / 44 -53 -59 -62 / 36 51 55 60 / 48 51 55 -60 / 60 -48 -51 -60 / 44 53 60 -60 / 43 55 59 -60 / 53 -43 -59 -59 / 44 51 60 / 51 55 60 / 58 -51 -51 / 50 53 60 -51 / 48 51 58 67 / 46 53 65 68 / 51 -41 -53 -68 / 44 50 65 71 / 43 59 -65 -68 / 60 64 -43 -68 / 62 -43 -60 -68 <END> 
<S> 44 48 60 63 / 47 55 -60 -63 / 44 56 60 65 / 43 -56 -60 -65 / 44 53 62 65 / 46 58 62 -65 / 56 -46 -62 -65 / 51 55 58 67 / 51 60 63 67 / 59 -51 -63 -67 / 45 60 65 69 / 63 -45 -60 -69 / 46 62 65 70 / 53 -62 -65 -70 / 51 63 65 70 / 51 63 -65 -70 / 41 62 65 69 / 60 63 67 / 59 62 67 <END> 
<S> 44 60 65 / 63 -44 -60 -65 / 46 62 -65 / 62 -41 -62 -65 / 39 58 63 67 / 51 58 63 67 / 50 65 -58 -67 / 48 63 67 / 46 -63 -67 / 44 60 65 72 / 46 67 -65 -72 / 44 65 68 72 / 53 -65 -68 -72 / 48 64 72 -68 / 55 67 -63 -72 <END> 
<S> 48 60 63 68 / 50 -60 -63 -68 / 51 58 67 / 50 65 -58 -67 / 51 63 67 / 62 -51 -67 / 60 60 69 -51 / 55 58 63 75 / 51 60 67 55 / 53 60 68 / 55 59 67 -53 / 51 60 67 -67 / 50 -60 -67 -67 / 52 60 67 / 70 -60 -67 <END> 
<S> 56 60 63 72 / 55 -60 -63 -72 / 53 68 74 -60 / 53 59 -68 -74 / 51 56 60 -74 / 53 68 72 -60 / 52 60 67 -72 / 53 68 -60 -72 / 55 62 67 71 / 48 63 67 72 / 48 60 67 75 / 53 60 68 74 / 55 59 67 74 / 56 60 65 -74 / 62 -56 -65 -77 <END> 
<S> 51 60 67 72 / 55 74 -60 -67 / 60 67 75 / 53 59 68 74 / 55 59 67 -74 / 65 -55 -67 -74 / 56 63 72 / 70 -56 -63 -72 / 55 65 68 74 / 53 75 -68 / 55 67 71 74 / 65 -55 -71 -74 / 48 63 67 72 <END> 
<S> 56 60 68 72 / 55 -60 -68 -72 / 53 68 -60 -69 / 59 62 -53 -68 / 51 60 63 67 / 68 74 -60 -63 / 55 58 67 75 / 56 -58 -67 -75 / 58 63 68 77 / 62 65 -70 -77 / 63 67 70 77 / 65 75 -70 / 63 67 70 -75 <END> 
<S> 63 67 70 / 61 64 -67 -70 / 60 67 -56 -65 / 58 -60 -65 -67 / 48 60 63 68 / 58 -48 -63 -68 / 51 56 63 67 / 65 -43 -58 -63 / 44 60 63 65 / 46 58 62 -65 / 53 58 63 -46 / 55 58 63 / 51 55 60 67 / 53 60 68 -67 / 65 -53 -60 -68 <END> 
<S> 56 60 63 65 / 58 -60 -63 -72 / 56 60 68 72 / 53 65 68 -72 / 64 -53 -68 -72 / 55 63 70 -68 / 65 -55 -63 -70 / 70 -55 -62 -70 / 48 63 67 72 / 60 67 72 75 / 58 70 74 77 56 65 -70 -74 <END> 
<S> 48 63 67 72 / 60 63 72 79 / 58 65 74 82 / 67 72 75 -65 / 62 -67 -72 -75 / 67 -58 -72 -77 / 56 68 72 -77 / 55 70 78 79 / 53 -70 80 -70 / 51 63 70 79 / 50 72 77 -67 / 48 67 72 75 / 43 71 74 <END> 
<S> 56 63 72 77 / 53 -63 -72 -77 / 58 62 70 77 / 51 67 70 -77 / 60 -51 -70 -77 / 62 -46 -70 -77 / 75 -53 -62 -70 / -81 58 62 70 / 63 67 -58 -70 / 57 65 69 72 / 59 -65 -69 -72 / 60 65 67 72 / 58 -64 -67 -72 / 57 62 72 77 / 55 70 75 -62 / 56 65 72 -75 / 74 -56 -65 -72 <END> 
<S> 60 63 67 75 / 58 62 -67 -75 / 56 60 72 77 / 55 -60 -72 -77 / 53 76 -60 -72 / 67 -53 -72 -80 / 55 65 71 74 / 56 63 72 / 74 -56 -64 -72 / 67 72 77 / 59 -67 -72 -77 / 60 67 72 75 / 74 -60 -67 -72 / 54 69 72 74 / 55 67 71 -74 / 65 -55 -71 -74 <END> 
<S> 60 67 75 / 58 62 -67 -75 / 56 63 72 75 / 55 -63 -72 -75 / 53 68 72 74 / 53 -68 -72 / 55 67 70 74 / 65 -55 -74 -77 / 56 64 72 / 66 74 -56 -72 / 39 67 70 75 / 53 -67 -70 -75 / 55 67 70 74 / 53 56 -70 -74 <END> 
<S> 53 68 72 74 / 55 67 -74 -74 / 65 -55 -74 -74 / 72 -55 -65 -74 / 48 55 63 72 / 43 59 67 74 / 60 67 72 75 / 58 -67 -72 -75 / 57 60 72 77 / 55 70 -60 -77 / 53 65 69 72 / 46 -65 -72 -75 / 58 65 74 77 / 56 65 72 77 <END> 
<S> 60 67 75 / 58 -60 -67 -75 / 56 60 68 75 / 55 -60 -68 -75 / 53 60 68 74 / 55 59 67 -74 / 56 60 65 72 / 64 -56 -60 -72 / 55 62 67 72 / 54 63 69 72 / 55 67 71 -63 / 62 66 69 / 60 -62 -66 -69 / 58 62 67 / 57 60 66 72 <END> 
<S> 58 64 67 72 / 57 60 66 74 / 55 59 62 67 / 55 58 62 70 / 63 -55 -58 -70 / 56 60 63 68 / 56 59 65 -63 / 62 -56 -56 -65 / 51 55 63 67 / 60 -51 -67 / 55 58 67 74 / 53 68 -58 -74 / 51 63 70 79 / 55 -63 -70 -79 / 56 63 72 77 / 53 -63 -72 -77 <END> 
<S> 60 63 68 / 55 59 67 / 63 60 -67 / 48 60 67 -67 / 50 58 65 68 / 51 58 63 -65 / 63 -58 -63 / 62 65 -58 -63 / 55 60 63 70 / 53 56 65 -70 / 51 -53 -65 -70 / 46 65 67 70 / 45 -65 -67 -70 <END> 
<S> 53 60 65 69 / 51 -60 -65 -69 / 50 58 65 70 / 46 58 62 -65 / 60 63 -46 -65 / 44 59 65 -63 / 43 55 62 -65 / 47 55 62 65 / 63 -47 -55 -59 / 48 60 65 / 47 55 62 -65 / 53 -47 -62 / 55 51 60 / 53 56 60 -60 / 59 -53 -56 <END> 
<S> 51 55 63 / 53 60 68 -55 / 59 -53 -55 -68 / 48 60 63 67 / 55 59 62 67 / 53 -59 -62 -67 / 51 60 67 / 55 58 -67 -67 / 56 65 68 / 53 63 -68 -68 / 55 63 67 70 / 65 -55 -67 -70 / 51 58 67 75 / 48 63 67 72 / 62 69 -48 -72 <END> 
<S> 55 67 70 -60 / 63 -55 -67 -70 / 65 -55 -63 -70 / 56 63 68 72 / 53 -63 -68 -72 / 51 67 70 / 47 65 68 74 / 48 60 67 75 / 58 -60 -67 -75 / 53 56 65 72 / 63 -53 -56 -72 / 55 58 62 70 / 56 60 65 -70 / 53 62 65 69 / 51 63 67 70 / 56 63 65 <END> 
<S> 52 60 67 72 / 58 -52 -67 -72 / 53 57 65 72 / 63 -53 -57 -72 / 58 62 65 74 / 67 75 -58 -65 / 65 77 -59 -65 / 63 -77 -59 -65 / 60 63 75 / 58 62 65 -75 / 56 60 72 77 / 55 62 67 71 53 53 68 77 -62 / 53 60 67 -53 / 51 -53 -60 -68 <END> 
<S> 57 60 63 72 / 65 -60 -72 / 63 67 70 -65 / 63 -60 -67 -70 / 53 60 65 68 / / 58 64 67 / 56 65 -58 -67 / 51 56 67 -65 / 63 72 -51 / 50 -67 -70 / 51 70 -67 -70 / 53 65 69 -70 / 46 62 -65 -70 / 51 63 67 70 / 53 65 68 -70 <END> 
<S> 51 60 67 75 / 53 -60 -67 -75 / 55 59 67 74 / 65 -55 -59 -74 / 56 60 63 72 / 55 -60 -63 -72 / 53 60 68 77 / 62 -53 -68 -77 / 60 63 67 75 / 65 69 74 -60 / 55 67 71 74 / 62 72 -55 -74 / 67 -55 -72 -74 / 65 71 -55 -74 <END> 
<S> 58 65 74 / 68 -58 -62 -74 / 51 67 70 75 / 53 -67 -70 -75 / 55 67 70 75 / 56 60 -70 -75 / 58 62 65 74 / 56 60 -65 -74 / 55 58 70 75 / 53 68 -58 -75 / 55 67 70 74 / 56 65 72 75 / 58 65 70 74 / 63 67 70 79 <END> 
<S> 53 68 77 -63 / 55 62 -68 -77 / 56 60 -68 -74 / 55 59 67 75 / 53 68 74 / / 58 65 75 77 / 56 -65 -74 -77 / 55 70 75 79 / 53 -70 -75 -79 / 51 72 81 -67 / 50 65 -72 -80 / 51 67 70 -77 / 53 -62 -70 -77 / 51 63 79 79 / 70 -63 -79 <END> 
<S> 53 69 72 77 / 74 -53 -68 -77 / 55 67 74 75 / 71 -55 -67 -74 / 60 67 72 75 / 58 -67 -72 -75 / 57 65 72 77 / 59 62 67 79 / 63 67 70 75 / 65 77 -63 -70 / 63 70 79 -65 / 63 72 80 79 / 62 74 77 <END> 
<S> 58 64 67 79 / 62 -58 -67 -79 / 60 63 67 79 / 58 -63 -67 -79 / 57 60 65 77 / 59 -57 -65 -77 / 60 -56 -65 -77 / 55 59 67 75 / 54 60 69 -75 / 55 62 67 71 / 48 55 67 72 / 50 59 67 74 <END> 
<S> 55 60 67 75 / 53 -60 -67 -75 / 55 59 67 74 / 65 -55 -59 -74 / 48 60 63 72 / 51 -60 -63 -72 / 50 65 70 77 / 46 -65 -70 -77 / 68 72 -65 45 63 67 74 / 52 67 72 -67 / 53 60 68 -67 / 65 -53 -60 -68 / 48 67 -60 -65 <END> 
<S> 56 65 72 / 55 71 74 -62 / 51 55 67 72 / 56 -51 -67 / / 48 67 72 / 68 -57 -72 / 63 70 -56 -72 / 50 65 70 74 / 46 62 65 -70 / 59 62 67 77 / 60 -62 -67 -77 / 55 60 67 75 / 53 68 -67 -75 <END> 
<S> 50 65 70 72 / 51 -65 -70 / 53 60 65 69 / 63 -53 -60 -69 / 46 62 65 70 / 51 63 67 70 / 56 63 68 72 / 58 65 74 -68 / 67 -58 -65 -74 / 65 63 72 -58 / 62 -63 -72 -75 / 63 65 70 79 / 62 -65 -70 -79 / 60 63 72 79 / 58 -63 -72 -79 <END> 
<S> 63 67 70 / 61 -63 -67 / 56 60 63 / 58 -56 -60 -63 / 56 60 65 / 53 -56 -60 -65 / 58 62 70 -53 / 51 63 67 -58 / 45 60 65 -51 / 46 58 62 -65 / 56 -46 -62 -65 / 39 55 58 63 <END> 
<S> 46 58 65 -63 / 62 -51 -58 -65 / 60 -51 -58 -65 / 47 62 65 / 48 51 60 63 / 50 53 58 65 / 51 63 67 -58 / 53 56 60 68 / 55 59 62 -53 / 56 60 -53 -62 / 55 59 62 -53 / 48 -55 -59 -62 / 72 -48 -55 -60 <END> 
<S> 56 60 63 / 44 56 60 65 / 43 55 62 -65 / 53 -43 -62 -65 / 44 51 60 / 43 51 60 67 / 41 68 -51 -60 / 43 55 58 63 / 39 55 58 -63 / 44 51 60 -58 / 56 -44 -60 -63 <END> 
<S> 39 51 58 67 / 41 -51 -58 -67 / 43 51 70 -58 / 44 -51 -58 -70 / 46 50 58 65 <END> 
<S> 53 60 68 / 51 55 -60 -68 / 50 53 59 68 / 55 -46 -53 -68 / 45 60 65 -53 / 58 <END> 
<S> 50 65 70 74 / 52 -65 -70 -74 / 53 65 72 -70 / 74 -53 -65 -70 / 75 -53 -65 -70 -81 / 74 -48 -67 -70 / 53 60 69 72 <END> 
<S> 48 63 67 72 / 60 64 67 72 / 55 59 67 74 / 0 / 53 62 70 77 / 51 -62 -70 -77 / 50 65 70 -77 / 62 70 -50 -65 <END> 
<S> 48 60 67 75 / 55 63 70 -75 / 56 68 72 75 / 58 -67 -72 -75 / 56 60 72 77 / 55 70 -60 -77 / 53 60 68 75 / 67 72 -53 -60 / 55 59 67 74 / 68 -55 -59 -74 / 57 60 67 72 / 65 -57 -60 -72 <END> 
<S> 56 60 68 77 / 55 -60 -68 -77 / 59 62 67 79 / 63 -62 -67 -79 / 60 67 75 / 63 69 -67 -75 / 62 65 70 77 / 67 -62 -70 -77 / 55 63 70 75 / 53 65 69 72 / 51 67 -65 -70 / 50 65 69 74 / 71 -50 -65 -74 / 48 67 72 75 / 58 -67 -72 -75 / 56 60 72 77 / 55 67 75 -60 <END> 
<S> 48 67 72 75 / 53 -67 -72 -75 / 55 71 74 -67 / 65 -55 -71 -74 / 48 63 67 72 / 62 65 69 77 / 60 63 67 75 / 58 62 -67 -75 / 57 60 65 77 / 53 -60 -65 -77 / 55 58 70 75 / 68 -55 -58 -75 / 51 63 67 79 / 62 -51 -67 -79 / 48 60 65 77 / 58 67 75 <END> 
<S> 60 63 67 75 / 62 -60 -67 -75 / 60 68 74 77 / 58 -68 -68 -77 / 56 68 72 75 / 55 -68 -72 -75 / 53 68 72 77 / 71 74 -53 -77 / 51 67 72 75 / 53 -67 -72 -75 / 55 67 71 74 / 48 67 72 75 / 50 65 74 -72 <END> 
<S> 56 68 72 77 / 58 -68 -72 -77 / 60 67 72 -77 / 70 -60 -67 -72 / 53 65 69 74 / 53 63 72 -69 / 55 62 71 45 / 60 63 72 79 / 58 63 -72 -79 / 57 63 72 77 / 59 62 67 -77 / 60 67 75 / 61 69 -67 -75 <END> 
<S> 60 63 72 / 58 62 70 / 63 -55 -58 -70 / 56 60 63 72 / 58 65 -63 -72 / 56 62 65 72 / 55 62 67 71 / 48 63 67 72 / 50 62 65 70 / 51 58 63 67 / 53 68 -58 -63 <END> 
<S> 63 67 -51 -72 / 65 -51 -67 -72 / 63 67 -51 -72 / 41 69 74 -72 / 55 67 71 -74 / 65 -55 -71 -74 / 48 63 67 72 / 55 67 71 74 / 63 67 70 / 53 62 65 70 <END> 
<S> 48 63 67 72 / 60 63 67 72 / 58 65 74 / 56 68 72 75 / 65 74 -56 -72 / 63 70 -56 42 / 65 68 50 50 / 62 67 70 53 / 62 -67 -70 -79 <END> 
<S> 63 70 79 / 62 65 -70 -79 / 60 67 72 75 / 69 -60 -72 -75 / 58 65 70 74 / 56 65 72 / 58 74 -65 -72 / 60 67 75 -74 / 55 67 72 75 / 53 -67 -72 -75 <END> 
<S> 58 62 70 77 / 68 -58 -62 -77 / 60 63 67 75 / 57 65 -60 -75 / 58 67 74 77 / 75 -58 -67 -77 / 56 63 72 75 / 55 -72 -63 -75 / 53 62 72 77 / 68 -53 -62 -77 / 51 62 70 79 / 69 -62 -63 -79 / 58 70 75 79 <END> 
<S> 53 63 72 80 / 62 -53 -72 -80 / 55 63 70 79 / 41 -55 -63 -79 / 56 62 77 / 53 59 -62 -77 / 60 75 -56 -62 / 55 59 62 74 / 55 59 62 -74 / 54 60 69 74 / 55 67 71 74 / 55 -67 -71 -74 / 65 67 72 -55 / 64 -55 -70 -72 <END> 
<S> 57 60 67 75 / 55 -60 -67 -75 / 53 68 74 -60 / 55 59 67 -74 / 65 -55 -59 -74 / 48 60 63 72 / 50 58 70 77 / 51 67 79 -70 / 53 63 69 77 / 62 71 -53 -77 / 55 63 72 75 / 53 56 -72 -75 / 55 67 71 74 / 53 -67 -71 -74 <END> 
<S> 53 65 68 72 / 63 -53 -69 -72 / 46 62 65 70 / 67 -46 -62 -70 / 48 60 67 75 / 55 59 67 74 / 51 60 67 79 / 50 60 65 77 / 62 -50 -65 -77 / 48 63 67 75 / 69 -48 -63 -75 <END> 
<S> 51 60 67 75 / 58 -60 -67 -75 / 56 60 68 75 / 55 -60 -68 -75 / 53 62 67 77 / 60 63 67 77 / 58 62 68 77 / 51 67 70 75 / 53 69 72 77 / 55 75 -72 -77 / 56 74 -72 / 55 67 -72 -74 / 65 -55 -72 -75 <END> 
<S> 53 68 77 50 / 67 75 -53 -68 / 51 63 -67 -75 / 53 65 72 -75 / 74 -53 -65 -72 / 51 58 70 75 / 74 -51 -58 -70 / 53 56 68 72 / 55 67 70 75 / 56 65 68 72 <END> 
<S> 51 67 70 75 / 53 -67 -70 -75 / 55 67 70 75 / 56 65 68 74 / 58 67 70 / 64 -58 -67 -70 / 56 63 67 72 / 58 62 -67 -72 / 57 60 65 72 / 55 67 -60 -72 <END> 
<S> 56 63 72 / 55 65 -63 -72 / 53 63 68 -72 / 58 62 -68 -72 / 60 67 -53 / 55 59 -67 -70 / 65 -55 -67 -71 / 48 60 67 72 75 / 60 67 72 75 / 55 67 71 74 <END> 
<S> 48 63 67 72 / 60 63 72 79 / 58 74 77 -63 / 56 60 72 75 / 58 70 75 -75 / 56 72 77 -75 / 58 74 77 -77 / 68 72 -53 -77 / 59 67 71 79 / 77 -59 -67 -79 <END> 
<S> 56 63 72 77 / 55 -63 -72 -77 / 57 61 70 77 / 53 60 68 -77 / 74 -53 -58 -68 / 55 59 67 75 / 65 -55 -67 -75 / 65 -55 -67 -75 / 63 -55 -67 / 58 62 -55 -67 / 57 60 65 75 / 58 62 -65 / 64 -58 -58 <END> 
<S> 51 67 72 75 / 48 -67 -72 -75 / 53 68 72 74 / 50 65 71 -74 / 55 62 67 71 / 53 59 62 67 / 52 60 67 72 / 48 64 -60 -67 -72 <END> 
<S> 55 62 67 71 / 53 -62 -67 -71 / 51 60 67 72 / 48 -60 -67 -72 / 53 60 67 74 / 59 -53 -67 -74 / 54 60 62 74 / 56 60 65 -74 / 74 -56 -60 -65 / 55 59 67 74 / 53 -59 -67 -74 <END> 
<S> 56 60 65 72 / 55 70 -60 -65 / 53 60 68 -67 / 65 -53 -60 -68 / 48 60 64 67 / 58 -48 -64 -67 / 53 56 65 / 72 -56 -56 -65 / 55 58 67 70 / 56 60 -67 -70 / 62 65 -56 -60 / 44 53 60 65 <END> 
<S> 56 60 63 72 / 65 -56 -60 -72 / 55 62 67 70 / 48 63 67 69 / 53 62 68 71 / 51 60 67 -68 / 50 65 -60 -67 / 48 60 67 75 / 53 60 65 68 / 62 -53 -65 -68 <END> 
<S> 51 63 67 72 / 48 -63 -67 -72 / 55 62 67 71 / 60 -55 -67 -71 / 62 -55 -67 -71 / 48 63 67 72 / 56 65 72 / 63 -56 -65 -72 / 53 65 74 / 55 58 -65 -74 / 56 60 68 / 55 -60 -67 <END> 
