<S> 59 62 67 74 / 57 60 -67 -74 / 55 59 67 74 / 53 -59 -67 -74 / 52 60 67 72 / 53 60 65 69 / 64 -53 -60 -69 / 59 62 67 -53 / 52 60 64 69 / 50 62 65 71 / 52 55 67 72 / 48 60 -67 -72 / 55 67 74 -60 / 59 -55 -67 -74 <END> 
<S> 52 60 67 72 / 62 -52 -67 -72 / 48 64 71 -67 / 50 66 69 66 / 60 -50 -66 -69 / 43 59 62 67 / 52 60 67 72 / 50 65 69 74 / 71 -50 -65 -74 / 48 67 72 76 / 60 74 77 -48 / 76 79 -48 -60 / 53 59 74 77 / 60 72 76 -53 <END> 
<S> 52 60 67 72 / 50 65 69 74 / 71 -50 -65 -74 / 48 67 72 76 / 60 74 77 -48 / 76 79 -48 -60 / 53 59 74 77 / 60 72 76 -53 / 55 67 71 74 / 56 64 71 76 <END> 
<S> 53 60 69 77 / 58 62 70 77 / 57 -62 -70 -77 / 55 62 69 77 / 53 67 -62 -77 / 52 67 70 76 / 53 65 69 72 / 46 65 74 -72 / 45 64 69 72 / 43 74 62 71 / 59 -43 -62 -71 <END> 
<S> 50 65 69 74 / 71 -50 -65 -74 / 48 67 72 76 / 52 -67 -72 -76 / 53 69 74 -72 / 50 67 -72 -74 / 55 62 71 -74 / 67 -55 -71 -74 / 65 -55 -71 -74 / 48 64 67 72 / 55 67 71 74 <END> 
<S> 53 69 74 / 52 67 -74 / 50 65 72 / 67 -50 -72 / 55 65 -72 / 64 -55 -72 / 64 69 -55 -72 / 59 62 67 71 -55 / 57 60 64 76 / 59 65 74 / 52 60 67 72 / 50 -60 -67 -72 / 48 62 67 71 / 47 -62 -67 -71 / 48 60 67 69 / 52 -60 -67 -69 <END> 
<S> 57 64 71 72 / 59 -57 -64 -72 / 45 57 64 72 / 62 71 -57 -57 / 52 55 64 72 / 50 54 62 -72 / 55 59 62 71 / 53 55 -59 -71 / 52 55 60 72 / 53 69 -55 -60 / 59 62 -53 -55 / 54 60 -54 -62 / 50 59 62 67 / 55 64 69 / 60 54 57 62 <END> 
<S> 52 55 64 72 / 54 62 -64 -72 / 55 62 71 / 59 -55 -62 -74 / 54 57 69 74 / 52 55 -69 72 / 54 57 62 72 / 50 62 66 -72 / 52 64 67 71 / 50 62 66 69 / 55 62 67 71 / 64 -55 -67 -71 / 50 62 66 69 / 66 -50 -62 -69 / 55 59 62 67 / 52 59 64 67 <END> 
<S> 62 67 69 / 66 -62 -67 / 64 66 62 -69 / 67 71 -62 / 43 64 69 -67 / 50 62 66 69 / 45 60 66 -69 / 43 59 67 / 60 -43 -67 / 44 60 66 72 / 59 62 67 74 / 57 67 -62 -74 / 55 64 69 72 / 54 42 -69 -72 / 52 55 -69 -72 / 64 69 -55 -72 / 50 62 69 71 / 48 69 -50 -65 <END> 
<S> 45 64 72 -67 / 66 -45 -64 -72 / 47 62 67 71 / 48 -62 -67 -71 / 50 62 67 69 / 48 -62 -67 -69 / 50 62 67 69 / 66 -50 -62 -69 / 55 62 67 71 / 52 59 67 / 65 -52 -59 -67 / 57 60 64 72 / 55 59 67 74 / 53 -59 -67 -74 / 52 61 67 76 / 50 65 69 77 <END> 
<S> 48 64 67 76 / 50 65 -67 -76 / 52 67 72 -76 / 53 -67 -72 -76 / 55 67 72 74 / 71 -55 -67 -74 / 55 67 71 -74 / 72 -55 -67 / 57 65 71 74 / 59 67 -74 / 65 -59 -71 -74 / 64 67 72 / 48 64 71 -67 / 50 65 66 69 <END> 
<S> 55 67 74 -72 / 71 -55 -67 -74 / 65 -55 -71 -74 / 48 64 67 72 / 55 67 71 74 / 55 67 74 / 74 / -67 -74 -74 / 66 74 -74 / 64 67 -74 / 65 69 74 / 71 -65 -69 -74 / 64 69 73 76 / 57 -64 76 -76 <END> 
<S> 59 67 74 79 / 61 67 76 -79 / 77 -61 -67 -79 / 60 69 76 77 / 59 -69 -69 -76 / 61 67 76 -76 / 57 60 69 77 <END> 
<S> 59 67 74 79 / 60 -67 -74 -79 / 59 67 74 79 / 57 -67 -74 -79 / 55 67 74 79 / 53 -67 -74 -79 / 55 67 71 74 / 53 76 -67 -74 / 52 67 71 -76 / 65 -52 -71 -76 <END> 
<S> 52 60 67 79 / 50 -60 -67 -79 / 52 60 72 79 / 71 -52 -60 -79 / 54 60 69 74 / 55 59 67 76 / 43 77 -55 -60 / 59 -43 -55 -74 / 45 52 60 72 / 45 52 72 -60 / 47 62 67 71 <END> 
<S> 45 60 67 74 / 59 -45 -67 -74 / 45 60 72 -67 / 62 77 -57 -72 / 64 -44 -72 -77 / 58 62 70 77 / 57 60 69 -77 / 55 70 76 53 / 58 -63 -70 -76 / 64 -58 -70 -79 / 65 77 -58 -70 / 67 -58 -70 -77 / 60 69 72 -77 / 70 -60 79 79 / 60 69 72 77 <END> 
<S> 58 64 79 -70 / 57 64 69 -79 / 58 62 70 77 / 57 60 69 -77 / 58 67 70 76 / 53 -58 -70 -77 / 67 -58 -70 -77 / 50 -58 -70 -77 / 51 70 75 -65 / 52 67 72 79 <END> 
<S> 51 63 67 79 / 60 63 69 -79 / 53 65 71 74 / 55 72 -65 / 60 67 -55 -72 / 55 67 71 74 / 59 67 71 <END> 
<S> 62 65 69 / 63 -62 -65 / 59 62 67 77 / 60 77 47 62 / 55 62 58 69 / 54 60 62 -69 / 55 58 62 67 / 60 69 -55 -67 <END> 
<S> 59 62 67 71 / 57 60 -62 -67 / 66 -57 -60 -66 / 55 59 62 67 / 55 59 67 / 53 60 65 69 / 52 64 -60 -69 / 50 62 65 71 / 48 64 67 72 / 55 62 67 74 / 43 59 -67 -74 / 59 -43 -55 -67 <END> 
<S> 53 60 65 69 / 52 -60 -65 -69 / 50 62 65 71 / 52 55 67 72 / 53 59 -67 -72 / 52 60 67 72 / 50 65 69 74 / 71 -50 -65 -74 / 48 67 72 76 / 50 77 -72 -76 / 52 67 72 79 / 53 74 77 -72 <END> 
<S> 60 64 67 72 / 62 74 -67 -72 / 71 -62 -67 -74 / 60 64 69 76 / 62 65 -69 -76 / 64 67 71 79 / 64 -64 -67 -79 / 59 67 74 79 / 76 -59 -67 -79 / 60 69 77 / 59 62 -69 -77 / 60 67 76 / 53 69 77 -60 <END> 
<S> 59 64 67 79 / 62 65 -59 -79 / 60 64 67 79 / 58 62 -67 -79 / 57 60 65 77 / 59 62 67 -77 / 60 64 76 -67 / 66 72 -60 -76 / 55 67 71 74 / 52 -67 -71 -74 / 59 67 71 -52 -71 / 57 69 73 77 / 59 74 -69 -77 <END> 
<S> 55 67 71 74 / 60 67 72 76 / 59 -67 -72 -76 / 57 69 72 77 / 55 -69 -72 -77 / 57 72 -69 -72 / 55 71 -69 -72 / 54 57 69 -72 / 50 62 71 77 / 52 62 67 -77 / 72 -52 -62 -67 / 50 53 69 74 / 52 67 71 -74 / 53 65 69 72 / 52 -65 -69 -72 <END> 
<S> 54 69 69 74 / 52 67 -74 -74 / 72 -55 -67 -74 / 71 -55 -67 -74 / 65 72 -67 -71 / 48 64 67 72 / 53 65 69 72 / 60 64 67 72 / 58 62 74 -67 / 57 60 67 76 / 55 59 -67 -76 / 53 57 65 72 / 62 74 -53 -57 / 55 52 64 76 / 60 -52 -64 -67 / 48 60 65 -64 <END> 
<S> 57 64 72 -71 / 74 -56 -64 -71 / 52 64 69 72 / 53 -64 -69 -72 / 55 62 67 71 / 53 60 65 69 / 64 -53 -60 -69 / 59 62 67 74 / 61 -59 -67 -74 / 60 65 76 / 67 77 -60 / 52 60 67 79 / 53 59 -67 -79 / 55 60 72 77 / 71 -60 -77 <END> 
<S> 60 64 67 76 / 62 -60 -67 -76 / 57 60 65 74 / 72 -57 -60 -65 / 55 59 67 74 / 60 -55 -67 -74 / 43 59 67 74 / 65 -43 -59 -74 / 48 55 64 72 / 55 62 71 / 54 60 69 -55 / 52 55 62 67 / 59 -55 -62 -67 / 55 60 67 69 / 53 -60 -67 -69 <END> 
<S> 48 55 64 72 / 60 67 76 / 69 -60 -67 -76 / 55 67 70 74 / 57 64 -67 -74 / 56 62 65 77 / 64 72 -55 -60 / 65 74 -55 -60 / 55 59 67 74 / 60 -55 -67 -74 / 48 60 67 76 / 65 77 -48 -60 / 60 -48 -65 / 47 62 67 79 / 48 64 77 -67 <END> 
<S> 48 55 64 72 / 60 67 76 / 69 -60 -67 / 59 62 67 74 / 57 60 69 -74 / 55 59 67 74 / 53 -59 -67 -74 / 52 59 67 76 / 50 77 -59 -67 / 45 60 67 76 / 47 -60 -67 -76 / 54 60 69 77 / 55 -60 -69 -77 <END> 
<S> 47 57 67 74 / 72 -47 -67 -74 / 52 59 67 74 / 50 57 65 74 / 59 62 67 74 / 60 64 76 / 62 67 -60 -76 / 60 64 67 76 / 59 -60 -67 -76 / 57 60 72 76 / 55 62 71 79 / 64 -55 -71 -79 / 56 60 64 77 / 62 -60 -77 -77 / 60 67 76 -77 / 59 67 74 79 / 57 72 81 -67 / 55 65 74 59 <END> 
<S> 57 60 72 77 / 59 62 -72 -77 / 60 64 76 -72 / 60 71 -60 -76 / 65 69 74 -60 / 59 -65 -69 -74 / 57 -65 -69 -74 / 59 71 74 -69 / 64 68 72 76 / 47 62 71 79 / 48 67 71 76 / 50 -67 -71 -76 / 52 67 72 76 / 57 69 77 -76 / 55 67 72 76 / 57 69 74 -72 <END> 
<S> 57 64 72 76 / 59 62 -72 -76 / 60 64 72 76 / 65 -60 -72 -76 / 58 67 74 / 57 72 -67 -74 / 55 70 74 -67 / 53 -67 -70 -74 / 52 67 72 -70 / 53 65 69 -72 / 64 -53 -69 -72 / 55 62 67 71 / 48 64 67 72 / 55 62 67 71 <END> 
<S> 53 69 72 / 52 -53 -69 -72 / 50 65 71 74 / 69 -50 -65 -74 / 55 71 74 -65 / 67 -55 -71 -74 / 65 -55 -71 -74 / 48 64 67 72 / 55 67 71 74 / 55 67 71 74 / 53 -67 -71 -74 / 52 67 71 79 / 65 -52 -71 -79 <END> 
<S> 55 65 71 74 / 64 -55 -71 -74 / 65 -55 -71 -74 / 48 67 72 76 / 60 64 69 -76 / 62 65 71 74 / 55 67 72 76 / 71 -55 -67 -76 / 57 66 72 77 / 59 67 -72 -77 / 60 67 72 76 / 71 -60 -67 -76 <END> 
<S> 59 67 74 / 57 64 72 76 / 78 -57 -64 -72 / 54 62 69 74 / 59 67 -62 -74 / 60 67 76 / 59 -60 -67 -76 / 57 60 65 77 / 55 67 76 -60 / 53 59 65 74 / 55 59 67 74 / 65 -55 -59 -74 <END> 
<S> 60 67 76 / 59 -60 -67 -76 / 57 60 65 77 / 53 69 -60 -77 / 46 62 70 77 / 48 72 76 -60 / 50 65 -72 -76 / 52 67 73 79 / 50 69 77 -79 / 62 70 74 79 / 52 67 72 79 / 53 69 77 -72 / 47 50 -69 -72 / 48 67 76 -62 / 60 -48 -67 -76 <END> 
<S> 52 67 72 79 / 53 -67 -72 -79 / 55 67 71 74 / 65 -55 -71 -74 / 56 64 71 76 / 62 74 -56 -67 / 45 60 72 76 / 54 -45 -72 -76 / 43 67 70 74 / 50 65 -70 -74 / 52 67 72 / 53 65 69 74 / 64 -53 -69 -74 / 55 62 67 71 / 43 59 62 67 <END> 
<S> 50 65 69 74 / 71 -50 -65 -74 / 48 72 76 -69 / 50 -69 -72 -76 / 52 67 71 -76 / 50 65 69 81 / 52 -65 -69 -81 / 64 71 79 / 62 74 -71 -79 / 60 69 76 / 57 60 72 77 / 62 -57 -72 -77 <END> 
<S> 60 64 67 79 / 62 65 -67 -79 / 64 67 72 / 59 62 -67 -72 / 60 67 76 / 57 -60 -67 -76 / 77 -57 -60 -69 / 59 67 74 79 / 55 65 71 -79 / 52 60 67 79 / 62 -52 -67 -79 / 48 64 72 79 / 53 65 74 -72 / 64 -53 -72 -74 / 55 65 71 74 <END> 
<S> 60 64 67 76 / 65 -60 -67 -76 / 55 59 67 74 / 57 65 -67 -74 / 55 59 67 74 / 60 66 74 / 59 67 -74 / 54 69 -59 -74 / 55 62 71 -74 / 53 -62 -71 -74 / 52 60 67 72 / 50 74 -60 -67 / 48 67 76 / 47 50 -67 -76 <END> 
<S> 55 59 67 74 / 52 60 -67 -74 / 50 62 65 71 / 48 64 67 72 / 55 59 67 74 / 55 59 67 74 / 60 67 76 / 59 69 -67 -76 / 57 64 69 77 / 62 -69 -74 -77 / 67 72 76 -62 / 60 -67 -72 -76 <END> 
<S> 60 67 72 / 59 62 67 74 / 60 67 76 / 59 -60 -67 -76 / 57 60 69 77 / 55 62 71 79 / 57 60 69 77 / 59 62 -69 -77 / 60 64 67 76 / 61 -64 -67 -76 <END> 
<S> 59 62 67 79 / 60 64 -67 -79 / 62 69 77 / 62 69 -62 -77 / 67 -62 -69 -77 / 60 69 76 -69 / 67 71 -60 -76 / 53 62 69 74 / 55 59 67 -74 / 64 67 72 -55 / 65 -55 -67 -72 / 60 67 76 / 62 -60 -67 -76 / 60 66 74 -60 / 59 67 -60 -66 <END> 
<S> 52 67 72 / 50 65 69 -72 / 52 64 -69 -72 / 53 57 -69 -72 / 50 60 65 74 / 55 59 67 -74 / 65 -55 -59 -74 / 48 55 64 72 / 53 60 68 72 / 74 -53 -60 -68 / 48 60 67 76 / 55 60 67 77 / 43 59 62 71 <END> 
<S> 55 62 65 71 / 48 64 67 72 / 55 59 67 74 / 53 59 62 67 / 52 60 67 72 / 50 53 69 74 / 71 -50 -53 -67 / 48 48 67 72 <END> 
<S> 57 60 69 76 / 55 -60 -69 -76 / 53 74 -60 -69 / 59 67 -53 -74 / 52 60 67 76 / 50 77 -60 -67 / 52 60 67 76 / 53 -60 -67 -76 / 55 59 67 74 / 56 59 71 -67 <END> 
<S> 50 62 65 71 / 52 55 67 72 / 53 59 74 -67 / 52 60 67 -74 / 50 66 -60 -67 / 55 64 67 72 / 62 71 -55 / 55 64 69 72 / 54 62 -69 -72 / 55 62 69 71 / 64 -55 -71 / 69 64 -52 -71 <END> 
<S> 48 64 67 72 / 55 62 67 71 / 53 59 62 67 / 52 60 67 72 / 50 65 69 74 / 71 -50 -65 -74 / 48 67 72 76 / 50 59 -72 -76 / 52 60 67 76 / 53 74 -60 -67 / 55 59 67 74 / 56 64 71 76 <END> 
<S> 52 64 67 72 / 50 -64 -67 -72 / 48 62 67 74 / 47 -62 -67 -74 / 45 60 72 76 / 55 77 -60 -72 / 53 69 72 -60 / 52 67 -60 -72 / 50 65 69 74 / 71 -50 -65 -74 / 48 67 72 76 / 70 -48 -72 -76 / 53 69 72 77 / 74 -53 -69 -72 / 55 67 72 76 / 70 -55 -67 -76 <END> 
<S> 52 60 67 72 / 53 69 74 / 71 -53 -69 -74 / 54 69 72 74 / 55 62 71 -74 / 43 59 62 67 / 48 55 64 72 <END> 
<S> 50 62 65 71 / 48 60 64 67 / 59 -48 -64 -67 / 57 64 -48 -67 / 55 59 62 67 / 57 60 -62 -67 / 58 62 65 74 / 59 67 -62 -74 <END> 
<S> 57 60 66 74 / 55 59 67 74 / 53 -59 -67 -74 / 52 59 67 76 / 50 -59 -67 -79 / 48 60 67 76 / 55 59 67 74 / 55 59 67 74 <END> 
<S> 55 62 67 71 / 53 -62 -67 -71 / 52 60 67 72 / 48 -60 -67 -72 / 55 60 67 74 / 59 -55 -67 -74 / 69 -55 -59 -74 / 57 62 71 -74 / 72 -57 -62 -66 / 55 62 71 74 / 55 62 71 79 <END> 
<S> 50 62 65 71 / 48 60 64 67 / 62 -48 -67 -76 / 47 62 67 74 / 66 -47 -62 -74 / 64 67 71 79 / 50 65 -67 -71 / 52 67 72 / 57 69 74 -67 / 59 -69 -72 -76 / 57 60 72 76 / 55 70 -60 -76 <END> 
<S> 48 64 67 76 / 53 62 -67 -72 / 55 60 67 74 / 59 -55 -67 -74 / 57 60 64 72 / 62 -57 -72 / 64 -57 -72 / 50 59 71 -77 / 57 60 69 -77 / 59 62 -69 -77 / 60 64 67 76 / 59 -64 -67 -76 / 57 62 72 78 / 55 62 71 79 / 64 -62 -71 -79 <END> 
<S> 50 57 66 71 / 52 55 -66 -71 / 54 54 62 -71 / 52 55 64 72 / 71 -52 -55 -64 / 54 57 69 74 / 59 -53 -69 -74 / 52 64 67 72 / 54 -64 -72 / 55 62 67 71 / 52 64 67 71 <END> 
<S> 57 64 69 / 62 66 -57 -72 / 55 59 67 74 / 52 61 67 76 / 54 62 69 74 / 55 64 71 -74 / 65 -55 -59 -74 / 48 64 67 72 / 55 62 67 72 / 62 -55 -67 -72 / 60 67 76 / 59 -67 74 / 45 60 67 76 <END> 
<S> 48 64 67 72 / 60 67 72 76 / 59 -67 -72 -76 / 57 60 69 76 / 59 62 -69 -76 / 60 64 67 76 / 65 69 -60 -76 / 59 67 71 74 / 76 -59 -67 -71 / 57 69 72 77 / 55 76 -69 -72 / 53 56 71 74 <END> 
<S> 57 60 69 77 / 59 62 -69 -77 / 60 64 67 76 / 53 -60 -67 -76 / 55 67 74 -60 / 59 -55 -67 -74 / 48 64 67 72 / 60 64 67 72 / 54 62 69 74 / 55 62 67 70 / 60 66 69 -55 / 58 67 74 -54 / 57 69 72 77 <END> 
<S> 57 64 67 72 / 62 65 -57 -72 / 52 64 67 71 / 50 -64 -67 -79 / 48 62 67 77 / 76 -62 -67 -48 / 50 60 67 74 / 59 -50 -67 -74 / 52 60 67 76 / 53 -60 -67 -76 / 55 59 67 74 / 56 65 -59 -74 / 57 60 64 72 / 74 -57 -60 -64 / 55 60 76 -60 / 53 59 -60 -66 <END> 
<S> 55 59 67 76 / 53 -59 -67 -76 / 52 60 67 76 / 50 -60 -67 -76 / 48 60 67 76 / 65 -48 -76 -76 / 55 67 71 74 / 76 -55 -67 -72 / 53 69 72 74 / 62 -53 -69 -72 / 55 67 71 74 / 65 -55 -71 -74 / 48 64 67 72 / 55 67 71 74 <END> 
<S> 53 69 72 / 52 64 -69 -72 / 50 65 69 74 / 71 -50 -65 -74 / 48 67 72 76 / 52 -67 -72 -76 / 55 67 74 -72 / 53 69 -67 -72 / 55 62 67 71 / 64 72 -55 -67 / 65 69 -55 -64 / 59 62 67 -55 / 48 60 64 67 / 47 55 62 67 <END> 
<S> 55 67 70 74 / 53 -67 -70 -74 / 51 67 72 48 -67 / 66 -48 -67 -72 / 55 67 71 74 / 58 67 74 / 65 -58 -74 / 64 -58 -69 -74 / 70 -58 -64 -74 / 53 57 72 -70 / 52 67 -57 -72 / 50 65 69 -72 / 52 64 67 -72 / 53 62 68 -72 <END> 
<S> 57 60 72 -67 / 65 -57 -60 -72 / 60 67 -65 / 58 64 -67 / 62 65 -67 / 63 72 -67 / 59 65 74 / 60 67 75 / 60 -60 -67 -75 / 53 60 68 74 / 55 59 67 -74 / 65 -55 -67 -74 / 48 63 67 72 / 50 58 70 77 / 51 58 -67 -70 / 53 56 68 72 / 55 70 -60 -63 / 56 60 65 68 / 53 -60 -65 -68 <END> 
<S> 60 67 75 / 53 -60 -67 -75 / 55 59 67 74 / 55 70 74 -67 / 60 67 72 75 / 58 -67 -72 -75 / 56 63 72 77 / 53 -56 -63 -72 / 55 62 70 70 / 51 63 67 -70 / 69 -51 -63 -70 / 50 65 70 74 / 48 -65 -70 -74 / 50 58 70 77 / 68 -50 -53 -77 <END> 
<S> 55 63 70 75 / 53 68 -63 -75 / 51 63 70 79 / 46 -63 -70 -79 / 51 63 80 79 / 73 -51 -63 -79 / 50 62 77 78 / 48 63 75 -60 / 55 67 70 75 / 53 68 77 -72 / 74 -53 -68 -77 / 51 67 75 79 / 72 -51 -75 -79 / 53 68 74 -72 / 55 67 71 -74 <END> 
