<S> 59 62 74 79 / 55 64 72 79 / 65 71 -55 -79 / 48 64 72 79 / 81 -48 -64 -72 / 50 62 65 82 / 52 67 -62 -82 / 53 60 69 81 / 65 70 -53 -81 / 48 65 72 79 / 64 -48 -72 -79 / 53 69 72 77 / 47 67 74 79 <END> 
<S> 53 60 69 81 / 65 70 -53 -60 / 48 65 69 72 / 74 -48 -65 -74 / 53 63 72 81 / 62 -53 -72 -81 / 54 62 72 79 / 58 -54 -72 -79 / 70 60 -53 -79 / 52 -60 -70 -76 / 53 60 69 76 / 55 67 71 -60 / 59 62 -55 -67 <END> 
<S> 55 70 -65 / 60 64 -55 -70 / 53 62 69 72 / 57 -53 -69 -72 / 55 62 67 70 / 50 66 -62 -70 / 51 62 67 71 / 50 -62 -67 -71 / 48 62 67 72 / 64 -48 -67 -72 / 47 62 67 74 / 66 -47 -62 -74 / 55 64 67 72 / 54 62 69 74 <END> 
<S> 48 62 67 76 / 60 66 69 -76 / 62 67 71 74 / 66 69 -62 -74 / 64 67 70 79 62 65 74 79 55 -67 -70 / 65 67 71 -79 / 63 -67 -70 -76 / 62 74 77 / 60 72 76 -48 / 47 67 74 79 / 77 -47 -67 -74 / 48 67 72 76 <END> 
<S> 59 67 74 79 / 65 -59 -74 -79 / 60 64 72 79 / 58 -64 -72 -79 / 56 64 72 81 / 55 62 71 -81 / 67 -55 -62 -74 / 60 67 76 / 53 69 -60 -76 / 55 67 71 74 / 52 76 -67 -74 / 52 67 71 74 / 48 64 67 72 <END> 
<S> 57 60 69 76 / 55 -60 -69 -76 / 53 60 69 74 / 52 67 -60 -74 / 50 65 77 -60 / 52 72 -60 -65 / 53 59 67 74 / 64 -53 -67 -74 / 50 65 69 -74 / 71 -50 -65 -74 / 52 67 72 76 / 53 -67 -72 -76 / 55 67 74 -72 / 71 -55 -67 -74 / 57 69 72 77 / 59 -69 -72 -77 <END> 
<S> 52 60 67 72 / 53 69 -60 -72 / 52 65 71 74 / 50 -65 -71 -74 / 48 67 72 76 / 77 -48 -67 -72 / 60 67 72 79 / 59 74 -67 -72 / 60 67 76 / 66 69 -60 -76 / 55 -60 -69 -72 / 54 62 74 -69 / 55 64 67 -74 / 65 -55 -67 -74 / 64 67 72 43 / 59 62 74 -67 <END> 
<S> 60 67 72 76 / 59 -67 -72 -76 / 57 69 72 77 / 59 62 74 79 / 77 -59 -62 -74 / 60 76 76 / 67 74 77 -60 / 76 -57 -60 -67 / 69 74 77 / 59 67 -74 -77 / 57 67 72 76 / 60 -57 -72 -76 / 62 65 71 74 / 69 76 -62 -74 / 67 71 74 -64 / 65 -55 -71 -74 <END> 
<S> 67 76 45 / 66 74 -67 / 64 67 69 72 / 66 71 74 -84 / 60 67 72 76 / 54 62 72 81 / 55 62 71 79 / 57 60 69 77 / 59 62 -69 -77 / 60 64 67 76 / 66 69 -60 -76 / 62 67 74 58 <END> 
<S> 59 62 67 79 / 57 60 69 -79 / 59 62 71 79 / 57 60 72 76 / 55 59 67 74 / 57 60 -67 -74 / 59 62 67 74 / 55 59 -67 -74 / 52 60 67 79 / 59 -52 -67 -79 / 54 57 69 72 / 55 59 67 71 / 72 -55 -59 -67 <END> 
<S> 59 62 67 74 / 59 -59 -62 -67 / 78 60 67 76 / 57 72 77 -60 / 55 67 74 -60 / 53 59 -67 -74 / 52 59 68 74 / 50 -59 -68 -74 / 52 59 67 76 / 65 -52 -59 -76 / 57 64 72 -52 / 54 62 69 74 / 55 62 67 71 / 60 69 -62 -67 / 58 62 67 71 / 57 64 -62 -67 <END> 
<S> 52 60 67 72 / 54 69 -60 -72 / 55 59 67 71 / 62 -55 -67 -71 / 48 64 69 -67 / 50 62 66 -69 / 60 -50 -66 -69 / 55 59 62 67 / 52 59 67 / 57 60 65 69 / 59 62 67 / 60 64 69 -67 / 62 65 71 74 / 56 64 72 76 / 74 -56 -64 -72 / 45 57 69 77 / 50 75 -57 -72 <END> 
<S> 57 64 67 72 / 59 62 67 74 / 60 67 76 / 62 77 -60 -67 / 61 64 69 79 / 62 69 77 / 59 68 -62 -77 / 57 61 69 76 / 57 60 69 76 / 77 -57 -60 -69 / 52 60 67 79 / 50 -60 -67 -79 / 52 60 72 79 / 52 -60 -72 -79 <END> 
<S> 60 64 67 / 62 -60 -67 / 45 60 65 69 / 47 -60 -65 -69 / 48 60 64 67 / 58 -60 -64 -67 / 59 56 64 -64 / 57 -49 -64 / 47 62 65 / / 59 -47 -65 / 48 60 64 67 / 50 62 -60 -67 / 52 55 60 67 / 53 59 -55 -67 <END> 
<S> 50 57 62 65 / 59 -50 -62 -65 / 60 57 62 64 / 55 -57 -64 -72 / 53 57 62 71 / 50 -57 -62 -71 / 52 55 64 72 / 57 64 -48 -72 / 55 59 62 67 / 52 -55 -59 -67 / 50 57 62 69 / 55 62 71 -57 / 55 -55 -62 -71 / 54 -55 -62 -71 / 52 60 67 72 / 50 71 -67 -72 / 48 67 72 76 <END> 
<S> 55 62 69 71 / 52 64 67 -71 / 50 62 66 69 / 60 -50 -62 -69 / 55 59 62 67 / 53 57 59 67 / 65 69 -57 -59 / 52 59 64 67 / 62 -52 -64 -67 / 45 60 64 69 / 47 -57 -60 -69 / 48 52 60 67 / 47 50 62 -67 / 45 52 60 72 / 52 -45 -60 -72 <END> 
<S> 47 57 62 67 / 64 72 -55 -67 / 55 62 67 71 / 60 76 -67 / 69 72 -60 / 58 62 74 -67 / 48 64 67 72 / 65 -48 -64 -72 / 55 62 67 71 / 50 -55 -62 -67 / 52 55 67 72 / 72 -55 -67 -72 / 55 62 67 71 / 53 -62 -67 -71 / 52 60 67 72 / 48 -60 -67 -72 <END> 
<S> 52 55 67 72 / 48 64 71 -55 / 50 62 65 69 / 60 -50 -65 -69 / 55 59 62 67 / 60 64 -55 -67 / 65 -55 -60 / / 55 67 74 -60 / 52 60 -67 -74 / 53 59 67 74 / 65 -53 -59 -74 / 48 60 64 72 / 60 64 67 -72 / 65 69 74 -60 <END> 
<S> 52 60 67 72 / 53 69 -60 -72 / 52 65 71 74 / 50 -65 -71 -74 / 48 67 72 76 / 60 -67 -72 -76 / 69 74 77 -60 / 59 67 -74 -77 / 60 67 76 -74 / 72 -60 -67 -76 / 55 67 71 74 / 53 -67 -71 -74 / 48 67 72 76 / 65 77 -48 -72 <END> 
<S> 60 64 67 76 / 65 -60 -67 -76 / 55 67 71 74 / 62 -55 -67 -74 / 60 64 67 72 / 53 69 72 74 / 50 65 71 -74 / 69 -50 -65 -74 / 55 64 74 -71 / 53 69 -55 -74 / 55 71 74 -53 / 52 72 -55 -74 / 50 65 -72 -74 / 52 67 -72 -74 / 53 69 -72 -76 / 55 67 71 74 / 55 67 -74 / 65 -55 -67 -74 <END> 
<S> 53 69 74 -69 / 55 76 -69 -74 / 57 60 69 76 / 59 62 -69 -76 / 60 64 67 / 59 62 66 69 / 60 64 67 / 57 64 -60 -67 / 50 62 66 74 / 69 -50 -62 -74 / 55 62 67 71 / 67 -55 -62 -67 / 50 67 69 74 / 66 -50 -69 -74 / 52 64 71 79 / 56 -52 -71 -79 / 50 72 77 -60 / 59 -50 -65 -77 <END> 
<S> 57 64 69 72 / 62 66 -69 -72 / 55 62 67 71 / 53 59 62 67 / 52 60 67 72 / 50 65 69 74 / 71 -50 -65 -74 / 48 67 72 76 / 50 59 -72 -76 / 52 60 67 76 / 53 74 -60 -67 / 55 59 67 74 / 56 64 71 76 <END> 
<S> 52 67 72 / 50 65 69 74 / 71 -50 -65 -74 / 48 64 72 76 / 69 -48 -72 -76 / 67 -48 -72 -76 / 53 69 72 77 / 60 -53 -72 -77 / 55 62 71 79 / 57 60 69 -79 / 59 62 71 79 / 55 -62 -71 -79 / 60 66 74 -50 / 59 67 -74 -81 / 64 76 81 -67 / 62 38 81 83 <END> 
<S> 57 64 72 / 55 -64 -72 / 54 69 74 / / 55 67 72 -74 / 69 -55 -72 -74 / 55 67 71 74 / 65 -55 -71 -74 / 48 64 67 72 / 55 67 71 74 / 53 67 73 76 / 52 -67 -73 -76 / 50 69 74 77 / 52 -69 -74 -77 / 53 69 74 77 / 55 -69 -74 -77 <END> 
<S> 55 67 71 74 / 48 67 72 76 / 60 64 -67 -72 / 59 62 74 79 / 57 69 72 -79 / 77 -57 -69 -72 / 55 67 72 76 / 53 -67 -72 -76 / 55 67 71 74 / 62 72 -67 -74 / 64 -55 -72 -76 / 65 -55 -72 -76 <END> 
<S> 69 74 77 / 76 67 -62 -74 / 66 72 69 -50 / 55 70 71 74 / 64 67 71 76 / 69 -55 -64 -76 / 50 65 74 77 / 67 76 -50 -65 / 53 69 74 78 / 55 67 74 83 / 60 67 76 83 / 74 -67 -76 65 / 48 67 72 76 / 60 67 76 -72 / 72 -67 -72 -76 / 54 69 72 74 / 62 -69 -72 -74 / 62 71 -69 -74 / 67 -62 -71 -74 / 65 69 -55 -74 <END> 
<S> 57 69 72 76 / 77 -57 -72 -76 / 52 67 72 79 / 53 74 77 / 72 76 -53 -69 / 55 62 71 74 / 64 72 -55 -60 / 65 -55 -60 -72 / 59 62 67 -55 / 48 60 67 76 / 50 62 -67 -76 / 52 60 67 76 / 53 -67 -60 -76 / 55 59 67 74 / 56 64 71 -74 / 57 72 -64 / 64 -55 -57 -64 <END> 
<S> 52 60 67 72 / 50 53 -60 -67 / 48 52 67 -60 / 53 60 69 -48 / 55 62 67 / 47 65 -55 -67 / 48 55 64 69 / 48 55 64 71 / 50 65 -55 -71 / 52 55 64 72 / 62 -55 -64 -72 / 55 60 64 69 / 59 -55 -64 -69 / 54 57 62 69 / 56 59 71 74 <END> 
<S> 50 55 64 71 / 48 -55 -64 -67 / 50 62 65 69 / 59 -62 -65 -69 / 60 64 67 -65 / 59 62 -67 -65 / 60 69 -59 -62 / 55 62 71 79 / 57 60 72 77 / 59 62 74 -77 / 60 67 76 / 72 77 -60 -67 / 70 79 -60 -67 / 53 60 69 81 / 55 59 71 74 / 0 / 56 64 71 76 <END> 
<S> 59 62 67 79 / 57 -62 -67 -79 / 55 62 67 71 / 72 -57 -62 -67 / 55 62 67 71 / 53 62 65 71 / 52 64 67 / 57 65 74 -52 / 64 67 76 -53 / 62 65 71 74 / 64 67 -71 -74 / 65 69 73 76 / 64 -69 -73 -76 / 50 65 74 81 <END> 
<S> 57 64 69 72 / 59 62 67 74 / 60 67 76 / 62 77 -60 -67 / 61 64 69 79 / 62 69 77 / 59 68 -62 -77 / 57 61 69 76 / 57 60 69 76 / 77 -57 -60 -69 <END> 
<S> 57 64 69 72 / 77 -57 -69 -72 / 55 67 72 76 / 53 57 -67 -72 / 52 55 72 -67 / 50 65 -55 -72 / 48 64 67 -55 / 53 62 -48 -67 / 52 60 64 67 / 59 62 65 -67 <END> 
<S> 50 62 65 71 / 52 60 67 72 / 52 -60 -67 -72 / 53 65 69 74 / 59 -53 -69 -74 / 48 60 67 76 / 48 60 64 81 / 72 -48 -60 -76 / 55 67 71 74 / 52 67 71 76 <END> 
<S> 55 60 64 69 / 57 60 65 -69 / 55 59 67 / 53 60 65 69 / 64 -53 -60 -69 / 62 65 69 / 60 -62 -65 -69 64 67 58 65 / 57 62 65 -65 / 46 58 62 65 / 64 67 -46 -58 <END> 
<S> 62 65 69 / 60 64 -65 -69 / 46 58 62 / 48 58 62 / 51 56 -62 -65 / 47 55 62 67 / 45 60 -55 -67 / 43 55 62 70 / 43 59 67 -70 / 48 55 67 69 / 50 60 66 -69 / 52 60 67 / 58 -52 -60 -67 <END> 
<S> 51 55 67 72 / 50 -55 -67 -72 / 48 60 67 74 / 53 59 68 74 / 55 60 67 74 / 56 59 65 -74 / 48 60 64 72 / 60 67 75 / 58 -60 -67 -75 <END> 
<S> 60 68 -65 / 64 67 -60 -60 / 62 -60 -67 -75 / 57 60 65 75 / 53 -60 -65 -75 / 55 60 67 70 / 65 -55 -60 -70 / 56 60 63 72 / 58 -56 -63 -72 / 68 -56 -61 -72 / 47 62 65 74 / 67 -47 -62 -74 / 48 63 72 75 <END> 
<S> 56 60 67 -65 / 58 62 -67 -67 / 60 63 67 57 / 72 -60 -64 / 71 -60 74 / 55 67 72 75 / 51 -67 -72 -75 / 55 67 71 74 / 53 -67 -71 -74 / 51 60 67 75 / 48 -60 -67 -75 / 55 59 67 74 / 68 77 -59 -74 / 60 67 72 75 / 55 67 71 74 <END> 
<S> 56 63 72 77 / 58 -63 -72 -77 / 57 72 75 -77 / 58 70 74 77 / 55 70 74 79 / 55 70 75 79 / 56 -70 -75 -79 / 58 70 75 77 / 74 -58 -70 -77 / 72 -58 -70 -77 / 56 70 72 77 / 68 -56 -72 -77 / 58 67 74 79 / 77 -58 -74 -79 / 68 72 -58 -79 <END> 
<S> 51 70 75 79 / 53 -70 -75 -79 / 67 72 75 -53 / 58 -67 -72 -75 / 56 60 72 77 / 55 70 75 79 / 53 -67 -70 -79 / 51 65 70 79 / 50 -65 -70 -79 / 48 63 72 79 / 62 70 -48 -79 <END> 
<S> 58 65 70 74 / 60 -65 -70 -74 / 58 65 72 77 / 57 -65 -72 -77 / 58 70 74 79 / 63 -58 -70 -79 / 56 62 68 77 / 58 -62 -68 -77 / 60 63 67 -57 / 66 -60 -63 <END> 
<S> 51 63 70 79 / 60 -51 -70 -79 / 53 60 69 75 / 55 67 71 74 / 65 72 -55 -74 / 67 -55 -72 / 65 -55 -72 -74 / 48 64 67 72 / 60 64 67 72 <END> 
<S> 53 68 72 74 / 55 -67 -72 -74 / 56 65 71 -74 / 55 64 -71 -74 / 60 64 67 72 / 58 62 70 77 / 53 -58 -62 -70 / 51 55 63 70 / 53 56 -63 -70 <END> 
<S> 63 70 -55 / 57 60 -63 -70 / 56 60 63 72 / 53 56 65 74 / 55 58 70 75 / 56 60 -70 -75 / 58 62 65 74 / 53 56 68 74 / 51 58 67 75 <END> 
<S> 53 56 65 74 / 63 -53 -56 -74 / 62 -53 -56 -72 / 55 58 62 70 / 63 -55 -58 -70 / 69 -55 -58 -63 / 67 70 -55 -63 / 49 60 67 69 / 62 65 70 -60 / 63 61 69 / 62 65 68 / 60 63 67 46 62 65 -43 -55 <END> 
<S> 62 65 69 / 60 63 69 -69 / 58 65 -63 -69 / 58 62 -65 -70 / 60 63 68 -46 / 53 65 -68 -74 / 51 67 70 75 / 65 -51 -70 -75 / 63 67 70 79 / 62 65 -70 -79 / 60 63 72 79 / 58 74 -63 -79 <END> 
<S> 63 67 70 -56 / 62 65 / -70 60 63 -65 -68 58 63 65 70 / 56 63 65 72 / 62 -56 -65 -72 / 51 60 63 67 / 58 62 -51 -67 / 53 60 65 68 / 48 67 -60 -65 / 55 59 62 67 <END> 
<S> 56 60 65 / 55 70 -56 -65 / 53 68 -56 -65 / 46 65 -53 -68 / 51 58 67 75 / 60 67 -51 -75 / 53 65 68 74 / 63 72 -53 -68 / 55 62 67 71 / 43 59 62 67 / 55 62 67 70 / 60 63 67 70 <END> 
<S> 50 63 67 70 / 55 62 -67 -70 / 51 60 67 72 / 53 69 74 -60 / 55 65 71 -74 / 72 -55 -64 -71 / 48 64 67 72 / 53 60 65 68 / 64 -53 -60 -68 / 55 59 67 74 / 55 59 67 74 <END> 
<S> 56 62 65 71 / 60 -56 -65 -71 / 55 59 67 71 / 53 60 68 72 / 51 60 67 75 / 50 60 -67 -75 / 55 62 67 74 / 43 -55 -67 -74 / 65 -43 -55 -71 -74 48 48 63 67 72 / 55 67 70 74 / 77 -55 -70 -74 <END> 
<S> 48 60 67 75 / 68 72 -48 -75 / 50 65 70 74 / 51 67 72 / 53 56 -72 -75 / 46 55 62 74 / 68 -47 -55 -74 / 48 67 70 75 / 50 65 -67 -70 / 51 63 67 72 / 62 -51 -67 -72 / 52 60 67 72 / 74 -52 -60 -67 / 53 60 69 -67 / 65 -53 -60 -69 <END> 
<S> 48 63 67 72 / 60 67 72 75 / 58 -67 -72 -75 / 56 60 72 77 / 55 70 -60 -77 / 53 60 68 74 / 67 -53 -60 -77 / 53 65 -60 -74 / 59 62 67 74 / 60 -62 -67 / 43 59 62 67 / 55 60 63 -67 / 53 56 62 67 / 51 60 63 -67 / 57 -51 -60 -67 <END> 
<S> 54 60 69 74 / 55 62 70 -74 / 72 -55 -62 -70 / 55 67 71 -72 / 56 65 72 / 55 63 67 -72 / 53 65 68 74 / 60 63 75 -53 / 58 62 68 77 / 60 63 72 79 / 58 -63 -72 -79 / 56 64 72 77 / 55 62 79 -77 / 57 60 72 -77 <END> 
<S> 53 63 72 80 / 62 77 -53 -72 / 63 67 -53 -77 / 55 62 70 79 / 56 60 -70 -79 / 58 62 70 77 / 68 -62 -65 -77 / 60 63 67 75 / 62 65 -67 -75 / 63 67 70 / 63 -67 -70 / 53 65 68 / 58 -65 -68 / 56 60 65 72 / 55 -56 -60 -72 <END> 
<S> 60 63 67 75 / 58 62 -67 -75 / 56 60 72 77 / 55 -60 -72 -77 / 57 60 72 75 / 55 67 -60 -72 / 53 65 74 -72 / 59 -65 -68 -74 / 60 63 67 75 / 69 -60 -63 -75 / 58 62 70 77 / 56 -62 -70 -77 55 55 63 70 75 / 53 68 77 -75 / 58 67 74 77 / 56 71 74 -77 <END> 
<S> 51 60 67 75 / 53 -60 -67 -75 / 55 60 67 74 / 72 -55 -60 -67 / 55 59 67 74 / 48 60 67 75 / 62 -48 -67 -75 / 50 65 70 74 / 51 -65 -70 -74 / 53 65 70 77 / 51 60 -70 -77 / 53 60 69 77 / 62 71 -53 -77 / 55 63 72 75 / 57 65 -72 -75 / 58 65 74 / 58 74 -58 -65 <END> 
<S> 53 60 65 69 / 51 63 67 70 / 53 68 -63 -67 / 55 62 63 70 / 56 65 -63 -70 / 58 62 -65 -70 / 60 63 68 -58 / 57 62 73 -69 / 67 -57 -62 -72 / 60 63 68 -71 / 62 65 -68 / 60 63 67 / 46 -60 -63 -67 <END> 
<S> 60 62 65 69 / 63 -60 -65 -69 / 58 62 65 70 / 60 63 66 72 / 62 -60 -65 -72 / 58 61 67 70 / 60 65 -51 -70 / 61 67 70 72 / 56 -67 -70 -72 / 50 65 70 74 / 68 77 -65 -70 / 67 70 75 / 63 -67 -70 -79 <END> 
<S> 46 63 70 -58 / 46 -58 -63 -70 / 48 51 63 70 / 68 -48 -63 -70 / 50 60 65 68 / 58 62 -65 -68 / 48 60 63 68 / 62 67 -48 -60 / 58 60 65 / 63 -46 -58 -65 / 46 62 65 70 / 51 60 63 67 / 48 -60 -63 -67 <END> 
<S> 44 60 65 72 / 55 64 -44 -72 / 53 57 74 -72 / 53 58 -74 -74 / 50 60 75 -74 / 53 72 -60 -75 / 55 67 71 74 / 47 55 62 74 / 65 -47 -55 -74 / 48 55 63 72 / 50 53 65 70 / 51 67 -53 -70 <END> 
<S> 55 60 67 75 / 53 -60 -67 -75 / 55 59 67 74 / 65 -55 -59 -74 / 48 60 63 72 / 51 63 67 70 / 56 63 65 70 / 60 -56 -65 -71 / 46 58 65 68 / 68 -46 -58 -65 / 48 60 64 67 <END> 
<S> 56 63 68 72 / 55 -63 -68 -72 / 53 61 67 70 / 52 -61 -67 -70 / 53 60 67 68 / 55 -60 -67 -68 / 53 60 65 68 / 56 -53 -65 -68 / 55 70 -65 -68 / 63 67 -55 -70 / 56 60 65 68 / 62 -56 -60 -68 <END> 
<S> 56 60 63 72 / 55 -60 -63 -72 / 53 65 68 72 / 74 -53 -68 -68 / 75 -53 -68 -68 / 77 -53 -68 -68 / 55 67 75 / 72 -55 -67 -75 / 55 67 71 74 -55 / 53 -67 -74 -79 / 52 70 74 79 / 56 72 -70 77 <END> 
<S> 48 63 67 75 / 62 -48 -67 -75 / 50 60 65 74 / 59 67 -50 -65 / 51 63 69 72 / 54 -63 -69 -72 / 55 62 67 71 / 55 58 62 67 / 53 -58 -62 -67 / 51 60 67 72 / 50 62 70 -67 / 48 63 67 69 / 53 60 65 68 <END> 
<S> 55 62 70 / 53 68 -55 -62 / 51 55 67 72 / 50 74 -67 -72 / 48 67 72 75 / 65 74 -67 -72 / 63 67 72 / 62 74 -67 -72 / 60 67 74 / 59 -74 -67 -74 / 60 67 75 -67 / 72 -60 -67 -75 / 62 67 74 -75 / 70 -67 -74 65 <END> 
<S> 67 72 74 / 59 -67 -72 / 60 67 72 / 58 -67 -72 / 57 60 -72 77 / 55 58 -72 -77 / 57 60 72 77 / 55 70 -60 -77 / 53 65 69 72 / 74 -53 -65 -69 / 55 58 67 75 / 57 60 -67 -75 / 58 62 65 74 <END> 
