<S> 48 55 60 64 / 47 -55 -60 -64 / 45 57 60 65 / 48 -57 -60 -65 / 47 50 62 67 / 45 60 -50 -67 / 43 52 59 67 / 47 -52 -59 -67 / 45 52 60 / 43 -52 -60 / 41 57 60 62 / 43 55 59 -62 / 36 55 60 64 <END> 
<S> 41 53 60 69 / 40 -53 -60 -69 / 48 52 60 67 / 50 -60 -52 -67 / 52 55 60 67 / 50 53 65 -60 / 59 -50 -53 -65 / 52 55 60 64 / 53 -55 -60 -64 / 55 59 62 / 53 55 61 64 / 52 -55 -61 -64 <END> 
<S> 47 55 62 67 / 65 -47 -55 -59 / 48 55 60 64 / 59 62 -55 -55 / 53 57 60 62 / 52 59 64 67 / 57 60 64 65 / 47 59 62 67 / 48 55 64 -62 / 60 -48 -55 -64 / 42 57 60 62 / 44 59 64 <END> 
<S> 53 57 60 69 / 62 65 -57 -69 / 55 59 64 67 / 62 -55 -64 -67 / 55 59 62 / 55 61 67 / 65 69 -55 -61 / 50 54 62 70 / 60 -50 -54 -69 / 43 50 59 67 / 47 50 59 67 <END> 
<S> 55 58 62 70 / 67 -55 -58 -70 / 50 55 60 69 / 53 60 65 -69 / 59 -50 -65 -69 / 60 64 67 / 60 64 -60 -67 / 55 60 62 67 / 59 -55 -62 -67 / 57 60 64 72 / 55 -60 -64 -72 / 53 65 69 72 / 52 -65 -69 -72 <END> 
<S> 60 64 67 / 0 / 60 64 67 / 55 59 62 67 / 53 -59 -62 -67 / 52 55 67 72 / 70 -52 -55 -67 / 53 60 65 69 / 52 -60 -65 -69 / 50 64 71 -65 / 62 -50 -64 -71 / 48 60 64 69 / 50 -60 -64 -69 <END> 
<S> 52 60 64 72 / 50 65 -60 -72 / 52 60 67 -65 / 48 -60 -67 -70 / 53 60 69 74 / 50 -60 -69 -74 / 55 59 67 -74 / 72 -55 -59 -67 / 48 64 67 72 / 55 62 71 71 / 50 55 62 -71 79 <END> 
<S> 48 55 64 72 / 55 62 71 -48 / 50 -55 -62 -71 / 48 55 62 -62 / 60 -48 -55 -62 / 43 55 59 62 / 55 64 -43 -55 / 45 48 65 -55 / 50 -45 -55 -65 / 40 48 57 64 / 50 65 -57 -64 / 52 57 60 / -65 57 -60 -60 <END> 
<S> 48 55 60 64 / 76 -48 -55 -60 / / 55 60 67 / 40 48 60 64 / 41 50 60 65 / 43 55 59 -65 / 48 55 60 64 / 41 55 60 62 / 53 69 -60 / 55 59 62 / 42 57 61 64 / 57 60 64 -57 / 55 -57 -60 -64 <END> 
<S> 41 60 62 65 / 43 55 64 -60 / 41 57 60 62 / 43 55 59 -62 / 53 -43 -59 -62 / 48 52 55 60 / 48 60 64 67 / 47 62 -60 -67 / 48 52 60 67 / 50 65 -60 -67 / 52 55 67 71 / 50 -55 -67 -71 <END> 
<S> 48 55 60 64 / 50 55 59 65 / 74 -50 -55 -59 / 48 55 60 64 / 59 62 -48 -55 / / 55 60 -48 / 43 55 59 62 / 42 -43 -59 -62 / 36 48 55 60 <END> 
<S> 43 55 60 62 / 59 -43 -55 -62 / 53 -43 -59 -62 / 48 52 55 60 / 47 55 62 67 / 48 55 64 -62 / 50 57 65 -48 / 52 55 59 64 / 53 60 -55 -64 / 55 59 62 / 55 59 62 / 53 -55 -59 -62 / 57 -53 -57 -62 <END> 
<S> 48 55 62 64 / 45 -55 -62 -64 / 47 55 62 62 / 64 -55 -55 -62 / 38 54 62 69 / 60 -38 -65 -69 / 43 59 62 67 / 45 52 60 -67 / 47 50 62 -67 / 48 57 64 72 / 50 -57 -64 -72 / 52 55 64 72 / 53 -55 -64 -72 <END> 
<S> 48 52 67 69 / 49 64 -67 -69 / 50 62 66 -69 / 43 62 67 71 / 43 59 62 67 / 45 60 64 69 / 47 65 68 74 / 48 64 67 76 / 50 65 -67 -71 / 52 67 72 / 53 -67 -72 -76 / 55 62 67 74 / 71 -55 -67 -74 / 52 59 67 72 / 48 70 -67 <END> 
<S> 52 64 67 72 / 54 62 69 -72 / 55 62 71 -69 / 67 -55 -62 -71 / 50 62 66 69 / 51 59 66 71 / 52 59 64 67 / 57 64 71 -67 / 62 64 -57 -71 / 59 62 66 -71 / 45 60 64 69 / 57 66 -45 -69 / 43 59 67 71 / 48 64 67 72 / 62 -48 -67 -72 <END> 
<S> 57 64 69 72 / 59 -64 -69 -72 / 60 67 74 / 59 60 -67 -74 / 57 60 66 74 / 50 59 -66 -74 / 57 60 64 -50 / 55 59 62 74 / 53 -59 -59 -74 / 52 61 64 67 / 50 62 65 69 / 64 -50 -69 -69 / 50 62 -69 71 / 52 67 -62 -71 / 50 -62 -67 <END> 
<S> 57 60 64 72 / 55 59 -64 -72 / 54 57 62 -72 / 50 74 -57 -62 / 52 55 71 -62 / 53 57 -55 -71 / 52 55 72 -58 / 57 -55 -64 -72 / 55 59 62 71 / 52 55 59 67 / 48 60 64 69 / 53 60 69 71 / 52 62 66 69 / 64 -50 -62 -69 / 47 62 66 71 / 48 -62 -66 -71 <END> 
<S> 52 55 59 71 / 54 69 -52 -59 / 55 59 67 -52 / 53 69 -55 -59 / 54 57 62 69 / 55 59 62 67 / 52 60 64 67 / 50 65 -60 -67 / 52 60 67 / 58 -52 -60 -67 / 53 57 60 69 / 55 62 67 71 / 53 -62 -67 -71 <END> 
<S> 52 60 67 / 58 -52 -60 -67 / 53 57 60 69 / 59 62 -53 -69 / 48 60 64 67 / 47 62 -60 -67 / 45 52 69 72 / 71 -45 -52 -67 / 69 -48 -52 -67 / 50 62 66 -69 / 60 -50 -66 -69 / 43 59 62 67 / 48 -59 60 67 / 47 -48 -60 -67 <END> 
<S> 45 64 69 72 / 47 -67 -64 / 57 62 65 71 / 52 59 64 67 / 45 57 64 72 / 47 62 -57 -72 / 48 57 64 72 / 50 -57 -64 -72 / 52 55 64 71 / 54 57 62 71 / 55 59 64 71 <END> 
<S> 50 57 62 66 / 43 59 62 67 / 45 52 60 72 / 48 57 64 71 / 55 59 62 67 / 60 -55 -59 -67 / 52 55 60 67 72 / 65 -55 -60 / 59 62 -55 -67 / 57 60 -55 -67 / 50 62 65 / 55 59 64 67 / 53 62 65 71 <END> 
<S> 48 57 64 67 / 62 -48 -64 -67 / 50 60 66 71 / 55 59 62 67 / 52 59 64 67 / 54 60 62 69 / 55 62 71 -69 / 54 -62 -71 -74 / 52 55 72 50 / 71 -55 -62 / 48 55 64 69 / 50 62 65 -69 / 60 -50 -65 -69 / 52 59 67 / 50 62 -52 -67 <END> 
<S> 55 62 71 74 / 50 69 74 -62 / 55 67 74 62 / 59 -55 -67 -74 / 55 -55 -67 -74 / 60 67 69 -43 / 59 62 67 79 / 57 64 69 72 / 55 65 -69 -72 / 53 67 70 / 52 64 72 -70 / 53 60 69 -72 / 50 65 -69 -72 / 64 -50 -65 -72 / 55 62 67 71 / 48 60 67 76 / 48 60 67 76 <END> 
<S> 62 69 77 / 60 76 -69 / 59 67 74 -81 / 52 76 -67 -79 / 61 65 69 -79 / 50 62 65 77 / 52 60 67 76 / 53 60 69 77 / 55 67 71 74 / 55 67 71 74 <END> 
<S> 50 62 65 77 / 60 -50 -65 -77 / 55 67 74 -60 / 55 59 -67 -74 / 48 67 72 76 / 60 67 72 76 / 59 -67 -72 -76 / 57 69 72 77 / 59 -69 -72 -77 / 60 67 72 76 / 53 60 69 -72 <END> 
<S> 60 67 72 76 / 59 -67 -72 -76 / 57 69 72 77 / 59 67 74 79 / 77 -59 -67 -74 / 60 76 -67 -74 / 69 72 -60 -76 / 70 -60 -72 -76 / 53 69 72 74 / 55 67 71 74 / 65 -55 -71 -74 / 48 64 67 72 <END> 
<S> 53 69 74 / 71 -53 -69 -74 / 52 67 72 56 / 55 -67 -72 -76 / 53 67 72 -72 / 52 -67 -72 -72 / 53 68 72 74 / 57 -53 -69 -74 / 55 59 67 -74 / 65 -55 -59 -74 / 64 -55 -59 -74 / 60 67 72 / 59 -67 -72 / 57 67 72 -72 / 59 65 74 -72 / 60 67 72 76 / 48 71 -67 -76 <END> 
<S> 48 60 67 72 / 60 64 67 72 / 58 62 67 74 / 57 60 66 -74 / 55 59 67 74 / 54 57 62 -74 / 52 55 -62 -74 / 53 72 60 69 / 52 59 67 74 / 50 57 65 74 / 64 -50 -57 -74 / 45 57 65 74 <END> 
<S> 57 60 69 76 / 55 -60 -69 -76 / 54 57 74 -69 / 72 -54 -57 -69 / 55 62 67 71 / 52 59 67 / 65 -52 -59 -67 / 57 60 64 72 / 55 59 -64 -72 / 54 57 62 72 / 64 -57 -57 -72 / 50 62 66 -72 / 74 -50 -62 -66 / 60 54 62 69 / 55 59 62 67 <END> 
<S> 57 60 64 72 / 55 59 -64 -72 / 54 57 69 74 / 50 59 62 -74 / 48 55 64 72 / 50 65 71 74 / 52 64 68 72 / 57 -64 -72 / 55 71 74 / 52 55 67 72 / 65 -55 -72 / 64 67 -55 -72 / 62 -55 -67 -72 / 43 -55 -67 -72 / 65 74 -55 -72 <END> 
<S> 57 64 69 72 / 65 -57 -69 -72 / 52 64 67 71 / 62 -52 -67 -72 / 53 60 69 74 / 55 59 71 -74 / 57 60 72 76 / 59 74 -57 -72 / 45 57 76 72 / 50 74 77 -57 / 52 76 -57 -60 / 53 59 67 74 / 52 60 -67 -74 / 50 59 65 74 / 52 56 -65 -74 <END> 
<S> 59 67 74 / 41 -59 -67 -74 / 52 60 67 76 / 62 -52 -67 -76 / 64 76 -60 -69 / 50 62 65 71 / 55 60 64 69 / 53 60 65 71 / 52 59 65 67 / 62 -52 -59 -67 / 45 60 65 74 / 47 59 -65 -74 / 48 55 64 72 / 47 55 62 67 <END> 
<S> 57 60 65 / 64 64 -57 -60 / 55 59 62 67 / 53 -59 -62 -67 / 52 60 67 72 / 53 69 -60 -72 / 0 / 48 65 72 64 / 64 -48 -72 -79 / 55 67 74 -72 / 71 -55 -67 -74 / 66 -55 -71 -74 / 60 67 76 -71 / 57 69 -67 -76 <END> 
<S> 52 67 72 -57 / 53 -67 -72 -72 / 55 67 71 74 / 52 67 71 79 / 65 -52 -71 -79 / 62 64 -71 -79 / 60 72 77 -64 / 62 74 77 -60 / 55 71 74 -41 57 62 65 74 / 64 72 -55 -74 / 65 -55 -72 -74 / 53 67 72 -72 / 48 -67 -72 -72 <END> 
<S> 60 69 76 -62 / 60 -60 -69 -76 / 67 -60 -69 -76 / 58 67 74 / 57 60 72 -74 / 55 58 70 76 / 53 69 -58 -76 / 55 62 70 77 / 76 -55 -62 -70 / 53 60 69 77 / 55 -60 -69 -77 / 55 60 70 76 / 65 -55 -60 -76 / 48 67 72 76 / 41 74 -67 -72 / 55 67 71 74 / 72 -55 -67 -76 / 54 69 74 77 / 62 -69 -74 -77 <END> 
<S> 53 60 65 69 81 / 65 71 -60 -81 / 64 67 72 -81 / 62 71 79 -81 / 60 69 72 75 / 59 67 74 79 / 60 67 76 -74 / 52 67 72 79 / 71 -52 -67 -79 / 53 67 72 76 / 52 -67 -72 -76 / 49 69 77 50 / 50 -69 -72 -77 / 52 67 74 76 / 73 -52 -67 -76 <END> 
<S> 59 67 74 79 / 77 -59 -67 -74 / 60 67 76 -74 / 72 -60 -67 -76 / 55 67 72 74 / 71 -55 -67 -74 / 48 67 72 76 / 50 65 71 77 / 52 64 72 79 / 53 -72 55 / 55 67 72 74 / 71 -55 -67 -74 / 52 67 72 76 <END> 
<S> 52 67 72 -64 / 50 65 -67 -72 / 52 67 71 / 65 -52 -67 -71 / 53 59 67 72 / 52 68 -67 -72 / 50 65 69 -72 / 50 71 -69 -72 / 43 62 71 -69 / 67 -43 -62 -71 / 44 60 69 72 / 53 57 69 -72 / 53 60 -69 -72 / 60 -53 -69 -72 / 55 59 67 74 / 52 60 67 76 <END> 
<S> 50 62 69 71 / 51 -62 -66 -71 / 50 54 69 -71 / 52 55 68 72 / 54 -45 -51 -72 / 47 55 62 70 / 48 64 69 -55 / 50 62 69 -55 / 54 -50 -62 -69 / 60 -50 -54 -69 / 43 59 59 67 / 48 51 60 67 / 47 62 -52 -67 / 48 55 60 64 / 50 65 -55 -60 / 52 60 67 / 53 62 -60 -67 / 59 -53 -62 -67 / 57 60 64 -53 / 55 59 62 67 / 52 -55 -59 -67 <END> 
<S> 47 50 62 67 / 45 55 -62 -67 / 43 60 69 -55 / 59 -43 -55 -67 / 48 60 64 67 / 47 62 -60 -67 / 45 48 60 65 / 47 55 62 -65 / 48 55 62 64 / 60 -48 -55 -64 / 43 55 60 62 / 59 -43 -43 -62 / 48 52 55 60 / 47 55 62 67 <END> 
<S> 45 48 60 65 / 47 50 -60 -65 / 48 52 55 64 / 50 53 57 62 / 52 55 59 67 / 48 55 60 69 / 59 62 67 71 / 57 60 64 -67 / 50 62 66 -57 / 55 -50 -66 -69 / 55 59 62 67 / 52 60 67 72 / 53 65 69 72 / 64 -53 -69 -72 <END> 
<S> 57 60 67 72 / 64 -57 -60 -72 / 59 62 65 71 / 57 60 -65 -71 / 55 59 67 74 / 53 -59 -67 -74 / 52 59 67 76 / 50 77 -59 -67 / 45 60 69 72 / 55 59 67 74 / 53 65 70 <END> 
<S> 47 59 67 74 / 49 76 -59 -67 / 52 60 67 77 / 53 -60 -67 -77 / 55 59 67 74 / 72 -55 -59 -67 / 52 60 67 72 / 62 -52 -67 -72 / 48 64 67 72 / 50 65 -64 -72 / 52 64 67 -72 / 62 -52 -67 -72 / 64 -52 -72 -67 / 50 65 71 -67 / 48 67 69 51 <END> 
<S> 52 64 67 72 / 54 62 -64 -72 / 55 62 71 / 52 55 64 67 / 53 62 69 -55 / 50 62 -55 -69 / 55 59 62 67 / 64 -55 -59 / 57 60 65 / 55 59 62 -65 / 55 58 64 -62 / 57 -55 -64 -67 / 55 59 62 67 <END> 
<S> 55 62 65 71 / 60 64 -55 -71 / 43 62 65 71 / 59 -43 -62 -65 / 48 55 60 64 / 50 57 65 -60 / 52 59 67 -57 / 53 -59 -59 -67 / 40 55 60 67 / 41 62 65 -55 / 43 55 59 64 / 42 57 62 <END> 
<S> 47 55 62 67 / 45 -55 -62 -67 / 43 55 59 62 / 47 62 -55 -64 / 48 55 60 64 / 50 65 -55 -60 / 52 55 60 / / 59 -55 -60 / 55 55 59 62 / 53 -55 -59 -62 / 52 55 57 60 / 59 -52 -55 -64 <END> 
<S> 47 55 62 67 / 48 55 60 64 / 55 59 62 67 / 52 55 60 67 / 50 57 65 -60 / 59 -50 -57 -65 / 48 55 60 64 / 43 55 60 62 / 59 -43 -55 -62 / 53 -43 -59 -62 / 48 52 55 60 <END> 
<S> 55 62 67 / 43 60 -55 -67 / 53 -43 -60 -67 / 55 59 62 -53 / 52 -43 -55 -59 / 48 55 60 64 / 47 55 62 65 / 48 55 60 64 / 47 55 62 65 / 48 55 60 64 / 46 -55 -60 -64 <END> 
<S> 48 55 60 64 / 43 55 59 62 / 55 -43 -59 -62 / 48 55 60 64 / 48 55 60 64 / 50 -55 -60 -64 / 52 55 60 64 / 47 -55 -60 -64 / 48 55 60 64 / 43 59 62 -53 / 52 -43 -59 -59 / 45 52 60 -59 <END> 
<S> 41 55 60 62 / 43 55 60 64 / 53 -43 -60 -64 / 52 55 59 -62 / 53 -43 -59 -62 / 45 52 57 60 / 48 52 55 60 / 57 -48 -55 -60 / 59 50 57 66 / 59 -50 -53 -65 / 40 58 61 67 / 41 57 60 65 / 43 -57 -60 -65 <END> 
<S> 49 52 57 67 / 45 -52 -57 -67 / 47 55 62 67 / 48 -55 -62 -67 / 47 55 62 67 / 43 59 -55 -67 / 48 55 60 64 / 52 55 -60 -64 / 53 57 60 65 / 50 55 -60 -65 / 53 62 69 / 55 71 -62 / 53 57 62 72 / 59 -53 -57 -72 <END> 
<S> 55 60 62 / 53 -55 -60 -62 / 52 55 59 -60 / 53 57 62 -60 / 55 -57 -60 -62 / 57 -43 -60 -62 / 43 55 59 62 / 53 -43 -59 -62 / 45 52 55 60 / 45 52 55 72 / 54 -45 -55 -72 / 43 55 62 71 / 38 69 -55 -62 / 40 55 60 67 / 62 -55 -67 / 49 64 67 69 / 50 62 65 69 / 52 62 64 71 / 53 55 62 71 <END> 
<S> 47 57 62 66 / 42 60 -57 -69 / 43 59 62 67 / 50 62 65 69 / 64 -50 -62 -69 / 43 62 71 -69 / 50 -62 -69 -71 / 51 66 69 72 / 48 64 67 -72 / 71 -48 -64 -67 / 50 57 66 69 / 60 -50 -66 -69 / 43 59 62 67 / 48 60 64 67 / 47 62 67 <END> 
<S> 64 67 69 -55 / 50 62 66 -69 / 60 -50 -66 -69 / 55 59 62 67 / 52 59 64 67 / 57 60 64 72 / 65 -57 -60 -72 / 60 67 -65 / 64 -60 -67 / 62 66 -60 -67 / 55 60 64 67 <END> 
<S> 57 64 67 72 / 59 62 67 74 / 60 67 76 / 59 62 -67 -76 / 57 60 64 76 / 55 60 69 77 / 53 -60 -69 -77 / 52 60 67 79 / 50 77 -60 -67 / 48 60 67 76 <END> 
<S> 60 64 69 76 / 57 -60 -69 -76 / 62 69 71 77 / 67 -62 -70 -77 / 50 69 72 77 / 48 -69 -72 -77 / 70 76 -48 -72 / 55 69 72 77 / 53 -69 -72 -77 / 52 68 72 76 / 70 -52 -72 -79 <END> 
<S> 48 69 72 76 / 50 65 -72 -76 / 52 67 72 53 / 53 -67 -72 / 55 59 67 74 / 60 69 -74 / 64 67 71 / 62 65 -67 -71 / 60 64 67 72 / 62 -60 -67 -76 / 48 60 67 76 / 60 64 72 76 <END> 
<S> 52 64 67 72 / 62 -52 -67 -72 / 53 60 69 -72 / 55 65 71 74 / 57 64 69 72 / 55 62 69 74 / 67 61 76 / 56 60 69 77 / 50 -60 -69 -77 / 55 70 76 -60 / 52 -60 -69 -76 / 50 69 -60 -77 / 59 67 74 -50 / 68 -59 -74 <END> 
<S> 50 67 69 77 / 62 66 69 -77 / 60 67 70 -77 / 64 69 72 -55 / 53 -69 -72 -76 / 55 62 72 -72 / 43 71 -55 -72 / 48 55 64 72 / 53 57 65 72 / 52 59 67 -72 / 50 57 65 74 / 64 -50 -57 -74 / 54 62 69 74 / 55 62 67 71 / 60 64 67 -55 / 58 62 65 -55 59 <END> 
<S> 57 64 69 72 / 55 -64 -69 -72 / 53 65 69 72 / 52 -65 -69 -72 / 53 60 69 77 / 62 -53 -69 -77 / 75 -53 -69 -72 / 46 62 67 74 / 49 58 67 76 / 57 60 72 77 / 70 -57 -60 -77 / 55 67 72 76 / 53 65 74 -72 / 55 62 71 -74 / 67 -55 -62 -71 / 65 -55 -59 -71 <END> 
<S> 53 65 69 72 / 53 65 69 81 / 64 -53 -69 -72 / 58 62 74 -69 / 67 -58 -62 -74 / 65 -58 -74 -74 / 60 64 67 76 / 67 -60 -64 -76 / 62 65 69 77 / 60 64 67 79 / 59 62 -67 -79 / 60 64 81 -67 / 65 -60 -69 -81 / 59 67 76 -53 / 52 -59 -67 -76 / 57 60 69 77 / 55 59 67 -77 <END> 
<S> 60 64 67 / 45 60 65 69 / 71 -60 -65 / 60 64 67 / 59 62 -67 / 60 64 69 72 / 55 62 67 71 / 53 59 62 67 / 52 60 67 72 / 58 -52 -67 -72 / 53 57 69 72 / 55 65 -69 -72 / 53 56 65 72 / 74 -53 -65 -69 / 48 67 76 -74 / 58 -48 -67 -76 / 53 57 65 72 <END> 
<S> 60 67 76 / 64 -60 -67 -76 / 62 66 69 78 / 71 -62 -66 -69 / 59 62 67 71 / 60 -62 -67 -71 / 62 66 69 / 60 -62 -66 -69 / 59 62 67 71 / 57 -62 -67 -71 / 55 62 67 71 / 53 -62 -67 -71 / 52 60 67 72 / 48 -60 -67 -72 / 55 60 67 74 / 59 -55 -67 -74 / 48 67 76 / -67 / 47 65 -67 / 48 64 67 72 <END> 
<S> 48 62 67 76 / 60 -48 -67 -76 / 55 60 67 74 / 72 -55 -60 -67 / 43 59 67 74 / 65 -43 -59 -74 / 48 60 64 67 / 60 67 72 / 69 -60 -67 -72 / 50 65 69 72 / 71 -50 -65 -72 / 52 67 72 / 62 74 -52 -67 / 53 60 69 76 / 55 59 67 74 / 64 -55 -59 -74 / 65 71 -55 -74 <END> 
<S> 55 67 71 74 / 60 67 72 76 / 59 -67 -72 -76 / 57 69 72 77 / 59 67 74 79 / 77 -59 -67 -74 / 60 76 -67 -74 / 69 72 -60 -76 / 71 -60 -66 -76 / 57 69 72 76 / 55 71 74 -76 / 53 69 72 81 / 52 67 72 79 <END> 
<S> 64 67 72 / 65 74 -67 -72 / 60 67 76 / 62 77 -60 -67 / 48 64 79 -67 / 60 -48 -67 -79 / 50 60 69 77 / 71 -50 -60 -77 / 52 67 72 76 / 53 -67 -72 -76 / 55 67 74 -72 / 71 -55 -67 -74 / 60 67 72 76 / 58 -67 -72 -76 / 57 67 72 77 / 59 -67 -72 -77 <END> 
