<S> 48 57 62 66 / 46 58 67 -62 / 45 60 66 69 / 43 62 67 70 / 55 63 66 -70 / 67 -55 -63 -70 / 69 72 -55 -63 / 54 62 -69 -72 / 55 62 69 70 / 51 55 67 -70 / 48 57 69 -67 / 58 -48 -67 -69 / 50 60 66 -69 / 43 60 62 67 / 59 -43 -62 -67 / 47 55 62 67 / 65 -47 -55 -62 <END> 
<S> 55 70 -62 -69 / 51 67 -55 -62 / 50 60 69 -55 / 54 -50 -60 -69 / 43 55 59 67 / 48 51 60 67 / 45 52 60 72 / 53 -45 -60 -72 / 47 50 67 74 / 48 67 -50 -74 / 55 59 67 74 / 60 -55 -67 -74 / 43 59 67 74 / 53 59 -67 -74 <END> 
<S> 47 55 62 67 / 48 55 60 / 53 62 -48 -55 / 60 -53 -48 / 47 55 62 / 41 53 69 -55 / 58 -41 -53 -69 / 43 67 70 -60 / 38 54 62 69 / 55 59 62 67 / 52 60 67 72 / 48 65 69 -72 / 64 -48 -69 -72 / 62 74 -69 -72 / 50 71 -69 -74 / 69 -50 -66 -74 / 55 62 71 59 / 67 -55 -59 -71 / 48 63 69 -67 <END> 
<S> 45 52 64 72 / 54 -45 -64 -72 / 47 55 62 71 / 48 -55 -67 -71 / 50 54 69 69 / 49 -50 -69 -69 / 50 59 62 -69 / 52 60 67 72 / 50 69 -60 -72 / 48 64 67 71 / 50 62 -67 -71 / 52 60 67 72 / 64 74 -60 -67 / 65 -55 -60 -67 / 43 59 65 74 / 55 62 -65 -74 <END> 
<S> 50 62 67 69 / 69 -50 -62 -69 / 55 62 67 71 / 53 -62 -67 -71 / 52 60 72 -67 / 50 -60 -67 -72 / 52 60 67 74 / 48 -52 -67 -74 / 50 67 72 -67 / 66 -50 -67 -72 / 48 66 69 -55 / 55 62 67 71 / 53 59 62 67 <END> 
<S> 50 62 69 78 / 62 -50 -69 / 47 55 62 71 / 48 55 64 72 / 48 55 60 64 / 59 62 -48 -55 -79 / 50 57 60 69 / 59 62 67 -57 / 52 60 64 -67 / 59 62 -52 -67 / 57 60 65 69 / 47 62 -60 -69 <END> 
<S> 42 57 60 72 / 43 55 59 71 / 45 -55 -59 -71 / 36 52 55 60 / 48 55 62 -60 / 45 57 -55 -60 / 59 50 62 66 / 55 59 62 67 / 53 57 65 69 / 52 62 65 71 / 50 -62 -65 -71 <END> 
<S> 47 55 62 66 / 47 -55 -62 -67 / 48 59 64 / 57 -48 -64 / 59 -48 -64 -72 / 54 60 69 74 / 50 -60 -69 -74 / 52 59 68 -74 / 57 64 72 / 54 69 -64 -72 / 55 62 71 74 / 59 67 74 / 65 67 74 -51 -58 -67 -74 <END> 
<S> 57 64 69 72 / 47 62 74 -69 / 67 -47 -53 -74 / 48 67 71 76 / 50 65 -67 -76 / 52 67 72 76 / 53 -67 -72 -76 / 55 67 71 74 / 57 -67 -71 -74 / 59 62 67 71 <END> 
<S> 50 65 69 77 / 71 -50 -65 -77 / 52 67 72 76 / 53 -67 -72 -76 / 55 67 74 -72 / 71 -55 -67 -74 / 69 -55 -59 -74 / 72 -55 -59 -60 / 55 59 67 74 / 60 67 76 / 58 -52 -67 -76 / 53 57 65 74 / 50 72 -57 -62 <END> 
<S> 48 60 67 76 / 55 67 71 74 / 69 -55 -67 -74 / 52 67 71 53 / 65 -52 -71 -74 / 57 64 69 72 / 55 -64 -69 -72 / 53 65 69 74 / 71 -65 -53 -74 / 52 64 72 / 57 64 71 72 / 0 -57 -64 -72 <END> 
<S> 53 57 69 74 / 62 71 -57 -74 / 52 64 67 73 / 53 69 -64 -76 / 50 62 71 -69 / 55 64 69 62 / 53 71 -62 / 50 55 62 71 / 53 -50 -62 -71 / 52 60 67 72 / 48 64 -60 -72 / 55 62 71 -60 / 55 59 62 / 50 53 -55 -59 <END> 
<S> 50 62 65 69 / 60 -50 -65 -69 / 55 59 62 67 / 52 60 67 70 / 53 65 69 -60 / 62 -53 -65 -69 / 60 64 67 72 / 65 74 -60 -65 / 55 67 76 -60 / 53 60 69 74 / 55 59 67 -74 / 64 72 -55 -60 / 43 59 74 -67 <END> 
<S> 55 60 67 76 / 64 -60 -67 -76 / 65 77 -60 59 59 67 74 / 57 60 69 75 / 74 -60 -60 -69 / 72 -60 69 39 / 55 71 -69 -76 / 65 -55 -71 -74 / 56 64 71 -71 / 62 -56 -71 -71 / 57 60 69 72 / 55 71 -60 -72 / 53 60 69 77 / 50 -60 -69 -77 <END> 
<S> 55 62 71 74 / 60 64 69 -55 / 65 -55 -60 -72 / 55 59 67 74 / 60 64 -55 -74 / 54 60 69 74 / 43 59 62 -74 / 45 60 72 76 / 48 -45 -72 -76 / 50 62 71 77 / 69 -50 -62 -77 / 52 62 67 79 / 59 -52 -67 -79 / 53 60 69 77 / 76 -53 -60 -69 <END> 
<S> 48 60 67 76 / 55 59 67 74 / 82 -59 -67 -74 / 57 67 71 76 / 59 -67 -71 -76 / 56 60 72 77 / 55 62 71 79 / 64 -55 -71 -79 / 72 -48 -64 -67 / 50 65 74 -72 / 52 64 67 72 / 53 57 69 74 <END> 
<S> 59 67 74 79 / 60 65 -74 -79 / 59 62 74 79 / 64 -62 -74 -79 / 55 62 70 79 / 57 61 69 -79 / 59 62 69 74 / 77 -59 -62 -74 / 52 61 69 76 / 53 57 69 74 <END> 
<S> 62 69 77 / 60 -62 -69 -77 / 59 62 67 77 / 57 60 72 76 / 52 60 67 72 / 50 53 -67 71 / 52 55 67 72 / 48 74 -55 -67 / 43 60 67 -67 / 59 -43 -43 -67 / 45 -43 -60 -67 / 43 50 65 -60 / 59 -43 -50 -65 / 45 -50 -53 -65 / 47 55 62 / 43 -47 -55 -62 / 48 55 64 -62 / 45 60 -55 -64 / 43 55 59 62 / 43 55 59 62 / 48 55 60 64 <END> 
<S> 48 55 64 67 / 47 62 -55 -67 / 45 57 60 69 / 43 59 -57 -69 / 42 57 60 69 / 42 57 62 72 / 43 64 -57 -72 / 42 -43 -57 -64 / 40 55 72 -47 / 45 48 60 64 / 67 -45 -60 -64 / 54 -45 -60 -64 / 34 59 -54 -55 / 55 -43 -59 -62 / 36 55 60 64 / 42 57 62 65 / 47 -57 -62 -65 / 48 55 60 64 / 53 59 62 -60 <END> 
<S> 38 57 62 65 / 40 60 -57 -65 / 40 55 59 67 / 41 60 -55 -64 / 43 55 59 62 / 67 -43 -59 -62 / 44 52 60 67 / 47 50 62 65 / 48 55 64 -62 / 60 -48 -55 -64 / 41 57 60 62 / 43 55 59 -62 / 53 -43 -59 -62 / 36 52 55 60 <END> 
<S> 36 48 55 64 / 36 55 60 64 / 38 -55 -60 -64 / 43 55 59 62 / 55 59 -43 -62 / 45 52 57 60 / 47 50 -57 -64 / 48 50 55 -57 -65 / 40 55 -57 -65 / 59 -38 -50 -65 / 40 55 60 64 / 41 -55 -60 -64 / 43 55 59 62 / 55 -43 -59 -62 <END> 
<S> 41 50 57 62 / 55 59 -38 -62 / 40 55 60 64 / 58 -55 -64 -64 / 45 53 65 -60 / 59 -53 -53 -65 / 48 55 60 64 / 57 -48 -60 -64 / 43 59 62 -55 / 53 -59 -43 -59 / 48 52 55 60 / 47 55 62 / 51 -47 -55 -62 / 38 55 62 71 / 53 -50 -62 -71 <END> 
<S> 55 60 62 / 52 -55 -60 / 43 50 59 62 / 55 -43 -59 -62 / 48 52 55 60 / 48 52 55 60 / 50 55 60 69 / 59 -50 -55 -69 / 48 56 60 64 / 41 55 60 69 / 43 55 59 62 / 48 52 60 67 / 47 55 62 67 <END> 
<S> 47 50 62 65 / 48 55 -62 -65 / 47 55 62 67 / 48 55 62 47 / 64 -43 -55 -64 / 65 -43 -55 -59 / 48 52 60 67 / 55 -52 -60 -67 / 53 60 69 -55 / 55 -53 -60 -69 / 52 67 -60 / 50 58 65 67 / 49 57 64 69 / 50 57 65 69 / 48 64 -57 -69 / 60 -45 -57 -69 / 59 62 -45 -69 <END> 
<S> 53 60 65 69 / 48 60 67 -53 / 52 60 64 67 / 58 62 -52 -67 / 45 57 60 65 / 47 55 62 -65 / 48 55 60 64 / 47 55 62 65 / 48 64 -55 -62 / 47 60 62 -55 / 59 -47 -55 -64 / 42 57 62 -60 / 43 55 59 -62 / 45 57 -55 -62 / 47 55 62 / 43 54 62 69 / 48 60 -54 -69 <END> 
<S> 48 55 60 64 / 48 52 55 64 / 50 62 -55 -64 / 52 60 -55 -64 / 53 59 62 -67 / 55 60 76 -48 / -59 -60 -69 / 55 60 67 / 58 62 -53 -67 / 52 55 60 67 / 59 -52 -55 -67 / 52 55 60 67 / 53 62 -52 -67 / 55 71 -52 -67 / 53 57 69 -67 / 59 62 -53 -69 / 60 -53 -62 -69 / 59 62 67 -53 <END> 
<S> 53 60 65 69 / 52 -60 -65 -69 / 50 71 -60 -65 / 48 55 64 72 / 52 55 -64 -72 / 60 69 -55 -64 / 53 62 67 71 / 52 60 67 -65 / 50 62 65 69 / 64 -50 -69 / 55 62 71 -69 / 67 -55 -62 -71 / 50 60 69 -67 / 66 -50 -60 -69 / 55 59 62 67 / 52 59 67 / 53 62 -59 -67 <END> 
<S> 52 64 67 72 / 50 62 66 -72 / 48 64 67 69 / 65 71 -48 -67 / 50 60 64 -67 / 59 62 -50 -67 / 52 60 67 76 / 53 -60 -67 -76 / 55 59 67 74 / 65 -55 -59 -74 / 56 60 64 72 / 55 59 -64 -72 / 54 57 62 74 / 50 -57 -62 -74 / 55 62 71 76 / 54 -62 -71 -76 <END> 
<S> 52 60 67 71 / 50 65 -60 -67 / 48 55 67 72 / 43 59 74 -67 / 45 60 67 76 / 65 -45 -60 -76 / 47 62 67 74 / 48 64 67 76 / 65 -48 -67 -76 / 55 67 72 74 / 71 -55 -67 -74 / 57 66 72 43 55 59 67 74 / 53 -59 -67 -74 <END> 
<S> 47 67 74 / / 72 -47 -67 / 44 74 77 -72 / 76 -48 -72 -72 / 53 69 74 -72 / 50 65 -72 -74 / 55 62 71 -74 / 67 -55 -71 -74 / 65 -55 -71 -74 / 48 64 67 72 / 60 66 69 74 <END> 
<S> 69 74 -60 -64 / 59 71 -66 -76 / 64 67 72 -64 / 66 69 74 -64 / 55 67 71 76 / 53 -67 -71 -76 / 52 67 72 79 / 50 -67 -72 -79 / 52 67 72 79 / 53 -67 -72 -79 / 55 67 71 74 / 53 76 -67 -74 / 52 59 67 76 / 56 60 -52 -67 <END> 
<S> 52 67 72 79 / 50 -67 -72 -79 / 52 67 72 79 / 53 -67 -72 -79 / 55 67 71 74 / 53 -67 -71 -74 / 52 62 71 79 / 68 -52 -71 -79 / 48 67 72 76 / 69 77 -48 -76 / 50 69 77 -60 / 52 62 -69 -77 / 72 -52 -60 -69 / 53 67 70 74 / 52 65 -70 -74 <END> 
<S> 57 69 72 76 / 77 -57 -69 -72 / 52 67 72 79 / 53 -67 -72 -79 / 55 67 71 74 / 52 55 -67 -74 / 53 59 67 71 / 52 60 -67 -71 / 50 59 65 69 / 62 -50 -65 -69 / 52 61 64 67 / 50 62 -64 -67 / 52 60 64 67 / 53 60 -60 -67 <END> 
<S> 52 60 67 72 / 50 62 -67 -72 / 48 64 67 72 / 47 62 -67 -72 / 45 60 69 72 / 43 67 71 74 / 45 -67 -71 -74 / 57 65 72 / 47 62 67 -72 / 48 60 67 76 / 52 60 67 72 / 53 69 74 -60 / 52 76 -60 -69 / 65 69 77 -60 <END> 
<S> 48 64 67 72 / 60 66 69 74 / 59 67 71 74 / 57 67 72 76 / 59 74 -72 / 60 76 -69 -72 / 62 71 77 / 64 69 -62 -77 / 62 71 -62 -77 / 60 64 72 76 / 62 77 -72 -76 / 79 71 79 -65 / 74 -52 -65 -79 <END> 
<S> 60 67 72 76 / 59 -67 -72 -76 / 57 69 72 77 / 59 67 74 79 / 60 67 76 -79 / 55 60 69 77 / 71 -60 -65 -77 / 60 67 72 76 / 59 74 -67 -72 / 57 69 72 77 / 59 62 74 79 <END> 
<S> 53 60 69 77 / 53 60 69 -77 / 56 60 71 76 / 74 -53 -60 52 / 55 59 74 79 / 53 -59 -74 -79 / 52 59 76 79 / 56 64 71 -79 / 57 64 69 72 / 55 -64 -69 -72 / 53 69 74 -69 / 55 67 71 -74 / 52 72 -67 -74 / 74 -52 -67 -74 <END> 
<S> 57 64 72 / 59 62 74 / 60 60 64 76 / 59 62 77 -60 / 57 60 76 -77 / 55 67 76 -79 / 53 74 81 -67 / 62 71 -53 -81 / 64 67 72 -81 / 62 65 81 81 / 64 67 -74 -81 / 65 81 81 -67 / 64 67 79 -81 / 62 -64 81 -79 / 61 69 76 79 <END> 
<S> 59 64 67 79 / 61 -64 -67 -79 / 60 64 69 -79 / 65 71 -69 / 64 67 69 76 / 65 71 74 79 / 64 72 47 62 62 71 79 / 55 62 71 79 / 60 64 72 79 / 74 -60 -64 -81 / 53 60 76 77 / 60 69 76 -81 / 77 -60 -69 -81 <END> 
<S> 59 62 71 79 / 60 64 72 -79 / 65 74 81 -67 / 62 72 78 -81 / 55 62 71 79 <END> 
<S> 55 67 74 / 62 71 -55 -74 / 64 -55 -71 -74 / 65 -55 -71 -74 / 48 64 67 72 / 69 -48 -64 -72 / 50 65 71 74 / 71 -50 -65 -71 <END> 
<S> 64 74 -48 -60 / 45 60 66 -45 / 47 59 67 74 / 65 -47 -59 -74 / 48 55 64 72 / 50 62 71 -55 / 52 55 64 72 / 54 57 62 -72 / 55 59 62 71 / 60 64 -55 -71 / 57 62 66 69 <END> 
<S> 50 55 62 71 / 54 -50 -62 -71 / 52 60 67 71 / 59 -52 -67 -71 / 57 64 69 72 / 55 67 71 74 / 53 76 69 74 / 48 72 76 -69 / 47 74 77 -64 / 67 76 -74 / 65 69 -55 -74 / 57 64 71 72 / 62 -57 -71 -76 / 60 69 76 -62 / 60 -60 -69 -76 <END> 
<S> 0 / 77 -57 -64 -72 / 74 64 71 76 / 56 -64 -71 -76 / 57 64 71 72 / 69 -50 -64 -72 / 62 71 69 74 / 67 -62 -71 -74 / 62 67 72 76 / 60 66 72 81 / 67 74 -72 / 71 -67 -74 / 72 67 72 / 62 69 74 -67 / 62 67 69 -74 / 72 -62 -69 -77 / 55 67 71 74 / 55 67 71 74 / 65 -55 -71 -74 <END> 
<S> 67 72 76 / 66 74 -72 / 60 67 72 76 / 66 69 74 -60 / 67 71 70 79 / 62 67 71 79 / 60 67 74 76 / 59 -67 -74 -76 / 57 72 76 / 65 74 -72 / 64 67 72 / 55 62 71 74 / 53 67 71 -74 / 52 67 72 76 <END> 
<S> 57 67 72 76 / 58 -67 -72 -76 / 57 66 72 77 / 55 62 71 79 / 57 64 72 81 / 55 65 -72 / 64 53 72 79 / 60 64 -72 -79 / 65 70 74 -60 / 53 -65 -70 -74 / 62 69 73 77 / 50 -62 -69 -77 / 57 64 72 76 / 55 -64 -72 -76 <END> 
<S> 53 65 69 72 / 53 65 69 74 / 62 65 -53 -72 / 63 69 72 -55 / 70 -55 -63 / 61 -55 -64 / 57 60 64 / 56 59 65 72 / 74 -57 -65 / 55 64 67 76 / 53 65 69 -76 / 55 67 71 74 / 55 67 71 74 / 60 67 72 76 / 74 -67 -60 -67 <END> 
<S> 57 60 69 72 / 55 60 67 -72 / 53 -60 -67 -76 / 55 59 67 74 / 65 -55 -59 -74 / 48 55 64 72 / 48 67 72 76 / 50 65 71 77 / 69 -50 -65 -77 / 55 64 67 71 / 62 74 -55 -67 / 57 64 69 72 / 59 74 -69 -69 <END> 
<S> 52 55 67 72 / 50 65 -55 -72 / 48 64 67 72 / 55 62 67 71 / 48 60 64 67 / 59 -48 -64 -67 / 50 57 66 -64 / 62 -50 -57 -65 / 60 -50 -57 -65 / 55 59 62 -65 / 55 59 62 / 53 62 -59 -62 <END> 
<S> 50 57 62 66 / 60 -50 -57 -66 / 47 55 62 67 / 43 -55 -62 -67 / 48 55 60 64 / / 52 55 60 67 / 53 69 -52 -60 / 55 59 62 / 57 -55 -62 / 55 59 62 / 53 -55 -59 -62 / 52 55 60 64 / 50 -55 -60 -64 <END> 
<S> 50 58 65 -64 / 62 -50 -58 -65 / 45 57 62 64 / 61 -57 -57 -64 / 41 57 62 65 / 45 -57 -62 -65 / 46 55 62 67 / 53 62 -55 -67 / 43 55 62 71 / 53 -43 -62 -71 / 52 -43 -59 -62 / 45 -52 -59 -62 / 47 52 55 67 / 48 -40 -55 -67 / 41 56 60 69 / 62 -41 -53 -69 / 43 -38 -53 -62 -69 <END> 
<S> 52 55 60 / 50 53 -60 -64 / 48 55 60 64 / 50 -55 -60 -64 / 55 59 62 / 53 -55 -59 -62 / 52 55 60 67 / 50 -55 -60 -67 / 48 55 62 65 / 47 -55 -62 -65 / 48 55 60 64 / 48 52 60 64 / 50 53 -60 -64 / 52 55 59 67 / 53 62 -59 -67 <END> 
<S> 48 55 60 64 / 58 -48 -55 -64 / 43 53 55 62 / 41 -53 -58 -62 / 43 55 60 64 / 53 -43 -60 -64 / 59 -43 -53 -64 / 41 60 -53 -60 / 43 55 59 62 / 53 -43 -59 -62 / 36 51 55 60 / 48 60 64 67 / 50 -60 -64 -67 <END> 
<S> 48 55 60 64 / 41 -55 -60 -64 / 43 55 59 62 / 55 59 62 67 / 57 -55 -62 -67 / 43 55 59 62 / 47 62 -55 / / 48 55 60 64 / 50 -55 -60 -64 / 52 55 60 64 / 50 -55 -60 -64 / 52 55 60 / 50 -55 -60 -64 / 55 59 62 / 43 55 -59 -62 <END> 
<S> 48 55 62 64 / 71 -55 -48 -64 / 43 59 62 71 / 54 59 -43 -62 / 48 52 55 60 / -72 52 55 67 / 50 55 62 -67 / 45 60 64 72 / 47 -60 -64 -72 / 48 60 64 69 / 45 -60 -64 -67 / 50 62 66 66 / 60 -50 -66 -66 / 55 59 62 67 / 52 59 71 79 <END> 
<S> 52 64 67 72 / 62 -52 -67 -72 / 45 60 66 -72 / 43 59 62 67 / 48 60 64 67 / 69 -48 -60 -64 / 47 62 65 71 / 48 64 67 72 / 48 64 67 -72 / 62 -48 -67 -72 / 60 76 -55 -67 / 59 62 67 -55 / 55 59 64 67 <END> 
<S> 47 62 67 69 / 48 66 69 -62 / 55 59 62 67 / 60 64 -55 -67 / 54 60 62 69 / 56 59 64 71 / 57 60 64 72 / 55 59 -64 -72 / 53 60 69 / 52 55 64 71 / 50 57 65 -64 / 48 55 64 -65 / 60 -48 -55 -64 / 41 57 62 / 43 55 59 64 / 45 57 60 64 / 43 55 59 -64 / 53 57 62 / 40 52 55 -62 <END> 
<S> 57 60 64 67 / 55 -60 -64 -67 / 53 60 65 69 / 52 -60 -65 -69 / 53 60 67 69 / 48 60 64 67 / 45 65 -60 -64 / 47 62 65 67 / 43 -62 -65 -67 / 48 55 64 69 / 50 62 65 -69 / 52 60 64 67 / 62 -52 -60 -67 / 53 60 65 69 / 52 -60 -65 -69 <END> 
<S> 45 60 64 69 / 47 67 -64 -69 / 52 64 72 -69 / 71 -52 -64 -72 / 49 64 69 -72 / 50 62 -69 -72 / 60 64 67 -69 / 59 -64 -67 -76 / 57 60 69 77 / 55 76 -60 -69 / 53 59 74 -69 / 52 60 67 76 / 50 77 -60 -67 / 48 60 67 76 / 50 -60 -67 -76 / 52 59 67 74 / 52 67 71 79 <END> 
<S> 59 62 67 79 / 60 -62 -67 -79 / 55 60 67 72 / 50 74 -67 -72 / 65 71 74 77 / 64 67 72 76 / 74 77 -67 -72 / 67 76 -74 / 65 69 72 <END> 
<S> 58 64 74 -67 / 67 -58 -74 / 43 -58 -67 -74 / 72 -58 -43 -67 / 55 62 69 72 / 54 74 -69 -62 / 55 67 70 -62 / 53 69 -67 -74 / 52 67 72 / 70 -52 -67 / 50 53 67 69 / 52 55 -67 -69 / 50 65 -55 -69 / 48 64 -60 -65 / 47 62 -53 -65 / 48 52 60 67 / 58 -48 -52 -67 <END> 
<S> 55 70 -62 -70 / 55 62 67 69 / 50 54 62 69 / 60 -50 -54 -69 / 43 55 59 67 / 48 60 64 67 / 50 60 -60 -67 / 52 55 60 67 / 53 58 -60 -67 / 55 59 62 / 53 -55 -59 -62 / 51 55 60 / 50 55 59 62 / 48 55 60 64 <END> 
<S> 48 55 60 64 / 49 55 -60 -64 / 41 53 62 -60 / 43 55 59 62 / 45 -43 -55 -62 / 47 55 62 -55 / 47 55 62 -55 / 48 55 60 64 / 58 -48 -55 -64 / 41 57 60 66 / 43 55 59 62 / 42 57 62 69 / 55 62 62 71 / 48 55 64 72 / 55 59 62 74 <END> 
<S> 41 48 62 -55 / 41 -48 -62 -55 / 43 54 60 69 / 62 -55 -60 -69 / 61 67 70 -55 / 58 62 -67 -70 / 38 60 65 69 / 63 -60 -69 / 61 -60 -69 / 69 -57 -60 -69 / 49 58 65 69 / 50 58 65 70 / 52 60 67 -70 / 53 60 65 69 / 62 -53 -65 -69 / 55 60 64 67 / 62 -55 -64 -67 / 43 60 65 -64 <END> 
<S> 50 58 65 70 / 69 -50 -65 -70 / 51 60 67 70 / 53 60 69 -67 / 58 62 -53 -69 / 52 60 67 72 / 50 62 -67 -72 / 48 62 67 71 / 47 -62 -67 -71 / 45 60 69 72 / 66 -45 -60 -69 / 47 62 67 71 / 48 -62 -67 -71 <END> 
<S> 48 60 64 67 / 58 -60 -64 -67 / 54 60 62 69 / 45 60 64 72 / 47 55 -64 -72 / 48 55 62 72 / 50 71 -55 -62 / 52 55 62 67 / 53 -55 -62 -67 / 48 55 60 65 / 48 63 -55 -65 / 43 55 62 67 <END> 
