<S> 56 63 72 / 55 58 63 70 / 53 60 65 68 / 62 -53 -65 -68 / 51 58 63 67 / 44 60 63 65 / 46 58 62 -65 / 51 58 63 67 / 47 62 67 74 <END> 
<S> 51 58 63 67 / 48 60 63 69 / 55 58 63 70 / 53 -58 -63 -70 / 51 58 65 70 / 50 -58 -65 -70 / 51 58 63 67 / 50 -58 -63 -67 / 51 58 63 67 / 50 -58 -63 -67 / 48 56 63 68 / 46 58 62 -68 <END> 
<S> 50 65 70 -60 / 51 -60 -63 -70 / 53 60 65 69 / 50 -60 -65 -69 / 51 58 67 / 50 65 -58 -67 / 55 63 -58 -70 / 53 61 68 -55 / 51 54 60 67 / 59 -51 -60 -67 / 52 60 67 -60 / 53 69 -60 -67 / 59 62 67 -53 / 51 60 63 72 / 50 65 74 -60 / 48 63 67 75 <END> 
<S> 53 60 68 68 / 55 62 67 70 / 56 65 -62 -70 / 57 63 65 72 / 55 62 -65 -72 / 60 63 67 -56 / 55 59 41 -67 / 60 60 67 72 / 62 -60 -67 / 54 63 69 72 / 55 67 71 -63 / 62 -55 -67 -71 / 60 63 67 72 / 58 62 74 -67 / 56 60 65 75 / 55 -60 -65 -75 <END> 
<S> 51 60 67 75 / 62 65 -67 -75 / 63 67 70 75 / 68 77 -63 44 / 61 70 75 79 / 72 -58 -70 -79 / 68 72 75 77 / 68 74 77 -68 / 70 73 79 / 69 77 -73 -79 / 67 72 79 <END> 
<S> 58 -65 73 56 / 63 70 79 / 62 -63 -70 -79 / 60 63 70 79 / 62 -63 -70 -79 / 60 63 68 80 / 59 62 -68 -75 / 60 63 67 75 / 69 -60 -63 -75 / 58 65 74 -75 <END> 
<S> 60 63 67 75 / 62 -60 -67 -75 / 54 60 69 75 / 55 67 71 74 / 60 67 72 75 / 58 -67 -72 -75 / 57 60 72 77 / 55 70 -60 -77 / 53 65 69 81 / 75 -53 -65 -69 / 58 65 70 74 / 58 65 70 74 <END> 
<S> 57 60 72 77 / 55 70 -60 -77 / 57 65 72 77 / 53 75 -65 -69 / 58 65 70 74 / 63 -58 -70 -79 / 56 62 72 77 / 67 -56 -62 -77 / 55 62 67 79 / 77 -55 -63 -67 / 58 62 -67 -79 / 60 63 79 -67 / 58 62 65 77 <END> 
<S> 56 63 72 / 55 62 70 74 / 53 67 70 75 / 51 -67 -70 -75 / 58 65 70 74 / 53 63 69 72 / 51 65 70 -72 / 53 65 68 72 / 50 -65 -68 -72 / 51 63 67 70 / 53 60 68 -70 / 51 58 67 72 / 56 65 -51 -72 <END> 
<S> 53 68 -58 -67 / 62 65 -58 -68 / 60 63 67 68 / 59 62 -67 -68 / 60 67 72 75 / 68 -60 -75 -75 / 58 65 74 77 / 56 -65 -74 -77 / 55 63 70 75 / 53 68 72 77 / 74 -53 -68 -77 / 51 63 75 79 / 58 -63 -70 -79 <END> 
<S> 55 70 75 -65 / 56 60 -70 -75 / 58 62 65 74 / 56 60 -65 -74 / 55 58 67 75 / 53 68 77 -58 / 63 79 -53 -68 / 50 62 69 72 / 46 62 70 -78 / 55 67 70 75 / 53 68 74 77 / 63 70 75 79 / 51 67 72 79 / 53 -62 -72 -79 <END> 
<S> 51 63 67 70 / 60 63 69 -51 / 55 58 -63 -68 / 53 56 65 68 / 46 -53 -65 -68 / 55 58 64 67 / 60 65 -55 -67 / 53 58 65 68 / 46 -58 -65 -68 / 48 58 65 63 / 41 -48 -63 -70 / 46 62 65 -63 / 62 -46 -62 -65 / -46 -62 -65 / 63 66 -58 / 60 66 -57 -66 <END> 
<S> 58 65 -63 / 56 62 -65 / 60 63 -56 -65 / 55 58 62 70 / 53 56 -58 -70 / 51 58 68 70 / 50 65 -58 -70 / 51 58 67 77 / 50 -58 -67 -77 / 51 60 67 75 / 53 -60 -67 -75 / 55 59 67 74 / 56 60 66 -74 / 74 -56 -60 -66 / 55 59 67 -60 / 53 57 -60 -67 / 62 -53 -56 -67 <END> 
<S> 55 62 67 71 / 56 60 65 72 / 55 58 -65 -72 / 53 56 68 72 / 58 62 -53 -68 / 60 63 67 / 58 65 -60 -67 / 58 60 67 75 / 62 65 77 -58 / 56 63 72 79 / 55 -63 -70 -79 / 57 63 72 77 / 59 62 74 -77 / 60 63 67 75 / 48 60 67 75 <END> 
<S> 59 62 67 74 / 58 60 67 77 / 51 60 67 79 / 53 60 69 77 / 55 67 71 75 / 56 -67 72 -75 / 58 74 -67 -72 / 56 63 72 / 55 65 70 / 63 -55 -70 -82 / 53 68 70 77 / 47 -67 -68 -77 / 48 67 75 -74 / 72 -48 -67 -75 / 55 67 71 74 / 67 -55 -67 -74 / 56 72 -67 / 60 65 -56 -72 <END> 
<S> 60 67 72 75 / 62 65 70 77 / 63 70 79 / 62 -63 -70 -79 / 60 63 67 79 / 58 62 -67 -79 / 57 60 72 77 / 59 62 74 -77 / 60 67 75 -74 / 72 -60 -67 -75 / 55 67 71 74 / 59 67 74 <END> 
<S> 59 62 67 77 / 60 75 -62 -67 / 55 62 71 74 / 67 72 -55 -71 / 54 62 69 74 / 55 62 67 70 / 62 66 69 / 60 63 66 70 / 58 67 -63 -63 / 62 63 -58 -67 <END> 
<S> 55 62 70 -69 / 67 -55 -62 -70 / 50 69 -62 -67 / 66 -50 -62 -69 / 60 -50 -66 -69 / 43 55 59 67 / 46 62 67 -67 / 48 60 64 67 / 52 60 67 / 53 60 65 69 / 48 60 65 67 / 69 -48 -60 -65 / 58 -48 -64 -68 <END> 
<S> 48 60 64 67 / 58 -60 -64 -67 / 54 60 62 69 / 55 62 67 71 / 63 67 -55 -71 / 53 62 65 72 / 51 60 67 -65 / 63 -51 -60 -67 / 62 65 -48 -72 / 47 -65 -68 -72 / 48 67 72 -65 / 64 -48 -67 -72 / 65 65 74 -48 / 67 -60 -65 -74 / 69 72 -60 -65 / 59 62 67 74 / 60 64 67 72 / 65 74 -60 -67 <END> 
<S> 56 60 68 72 / 55 -60 -72 -67 / 53 69 72 74 / 68 -53 -56 -74 / 55 62 67 71 / 43 59 65 67 / 48 72 63 72 / 68 -48 -63 -72 / 50 65 68 70 / 51 58 67 -70 / 53 60 65 69 / 63 -53 -60 -69 / 46 62 65 70 / 51 63 67 70 / 53 56 65 -70 <END> 
<S> 46 67 -58 -63 / 62 -46 -58 -70 / 56 -46 -62 -65 / 55 58 63 67 / 55 60 -63 -67 / 53 59 62 68 / 51 58 67 / 47 50 67 74 / 48 60 67 75 / 53 65 68 -75 / 55 63 -68 / 56 62 65 -68 / 59 68 -62 -65 / 60 63 -53 -68 / 62 -48 -60 -69 / 72 -48 -55 -64 <END> 
<S> 48 60 67 75 / 51 -60 -67 -75 / 53 68 74 77 / 72 -53 -68 -74 / 55 70 74 -50 / 55 67 -70 -74 / 48 63 67 72 / 53 56 65 74 / 51 58 63 67 / 56 60 63 / 51 61 -60 -63 / 61 56 65 -61 / 53 56 60 -63 / 55 62 65 / 53 56 -62 -65 <END> 
<S> 56 60 65 / 53 55 60 65 / 62 -55 -60 -65 / 44 60 63 -60 / 43 62 -60 -60 / 59 -43 -56 -62 / 44 51 60 63 / 55 -44 -60 -63 / 41 53 -60 -60 / 43 55 59 62 / 53 -43 -59 -62 / 45 51 60 / 43 58 64 / 53 56 62 / 55 58 62 / 56 60 -55 -62 <END> 
<S> 41 56 60 62 / 63 -41 -56 -60 / 65 -41 -56 -60 / 43 55 59 62 / 53 -43 -59 -62 / 48 51 55 60 / 48 51 55 60 / 46 -51 -55 -60 / 44 51 60 <END> 
<S> 48 55 63 -62 / 60 -48 -55 -63 / 43 55 59 67 / 55 62 67 / 53 60 -62 -67 / 51 55 67 -60 / 50 59 65 -55 / 48 55 60 63 / 53 57 60 -63 / 55 58 62 -48 / 56 -48 -55 -62 <END> 
<S> 48 55 63 65 / 47 62 -55 -65 / 48 55 60 63 / 53 56 60 65 / 55 58 62 67 / 56 -58 -62 -67 / 55 63 67 / 58 62 -67 / 56 60 65 68 / 55 58 -65 -68 / 51 58 63 67 / 62 -51 -58 -67 <END> 
<S> 56 60 65 72 / 53 68 71 74 / 55 62 67 75 / 53 -55 -67 -70 / 51 63 67 70 / 50 65 -67 -70 / 48 67 72 75 / 59 -67 -72 -75 / 56 60 72 77 / 55 62 71 79 <END> 
<S> 51 63 67 72 / 53 65 68 74 / 55 62 67 71 / 56 60 63 72 / 65 74 -56 -60 / 55 67 72 75 / 53 68 -72 -75 / 55 62 71 74 / 65 -55 -71 -74 / 48 63 67 72 / 56 62 71 77 / 60 63 75 79 / 58 -64 -67 -79 <END> 
<S> 56 63 72 / 60 65 -56 -72 / 55 59 67 74 / 55 60 67 70 / 65 -55 -67 -70 / 63 -55 -67 -70 / 65 -55 -67 -70 / 48 63 67 72 / 60 63 67 72 / 58 -63 -67 -72 <END> 
<S> 63 67 70 / 61 -51 -67 -70 / 56 60 67 72 / 65 -60 -56 -72 / 55 63 67 70 / 61 65 -55 -70 / 53 56 60 68 / 58 62 -53 -67 / 51 60 67 -65 / 63 -60 -67 / 58 65 68 74 <END> 
<S> 56 60 65 68 / 55 59 -65 -69 / 60 64 67 / 58 -60 -67 -75 / 53 60 72 77 / 56 60 71 77 / 63 68 72 -77 / 59 62 74 79 / 67 -59 -62 -79 / 60 63 72 79 / 58 -63 -72 -77 <END> 
<S> 55 63 70 75 / 53 65 -70 -75 / 51 67 70 79 / 63 -67 -70 -79 / 65 68 72 -58 / 63 -68 -72 -80 / 58 62 70 77 / 67 -58 -62 -77 / 56 60 68 75 / 55 -60 -68 -75 / 53 60 68 77 / 55 59 -68 -77 <END> 
<S> 56 60 63 72 / 65 74 -56 -60 / 51 67 72 75 / 53 -67 -72 -75 / 55 62 71 74 / 56 60 66 -74 / 74 -56 -60 -67 / 50 59 68 74 / 55 59 62 -74 / 53 60 68 72 / 74 -53 -60 -68 / 48 67 75 -60 / 55 59 67 74 <END> 
<S> 55 62 67 70 / 53 -62 -67 -70 / 51 65 67 72 / 50 74 -65 -67 / 48 63 67 72 / 60 -48 -67 -72 / 55 59 67 74 / 55 62 67 70 / 60 63 66 72 / 58 -63 -67 -72 <END> 
<S> 55 62 67 71 / 55 59 62 67 / 53 -59 -62 -67 / 51 60 67 72 / 48 63 -67 -72 / 53 65 68 72 / 63 -53 -68 -72 / 62 65 69 44 / 63 -69 0 / 62 65 71 74 <END> 
<S> 56 60 65 72 / 55 74 -60 -67 / 53 60 69 72 / 55 59 -69 -72 / 60 68 72 76 / 58 -60 -72 -76 / 56 60 65 77 / 53 69 -60 -77 / 55 67 70 75 / 53 -67 -70 -75 / 51 65 70 77 / 50 -65 -70 -77 / 51 63 70 79 / 72 -51 -70 -79 <END> 
<S> 55 70 75 / 53 63 -70 -75 / 51 54 68 72 / 50 74 -68 -72 / 51 63 70 75 / 55 -63 -70 / 53 68 74 46 / 51 67 72 75 / 56 65 72 75 / 58 -65 -72 -75 / 60 -58 -72 -75 / 53 68 74 77 / 47 -68 -74 -77 / 48 67 72 75 / 51 -67 -72 -75 <END> 
<S> 55 67 70 75 / 56 72 -67 -75 / 53 68 74 -72 / 55 -68 -74 -72 / 56 72 -63 -72 / 55 62 71 74 / 51 67 72 79 / 50 65 70 77 / 48 63 72 75 / 50 65 77 -72 / 71 -50 -65 -77 / 51 67 72 75 / 53 -67 -72 -75 <END> 
<S> 51 67 72 75 / 53 68 74 -72 / 55 67 71 -74 / 65 -55 -71 -74 / 48 63 67 72 / 51 67 70 77 / 48 67 70 75 / 50 -67 -70 -75 / 51 67 70 75 / 53 -67 -70 -75 / 51 65 70 77 / 50 -65 -70 -77 <END> 
<S> 48 67 70 75 / 51 -67 -70 -75 / 53 65 69 72 / 63 74 -53 -69 / 59 62 67 74 / 58 60 65 74 / 57 60 66 -74 / 55 59 67 74 / 53 68 -67 -74 / 55 60 65 75 / 74 -55 -60 -65 <END> 
<S> 55 62 67 70 / 56 63 -62 -70 / 53 55 65 70 / 53 63 68 -55 / 53 60 68 -55 / 50 59 -53 -68 / 48 51 63 67 / 46 50 -60 -67 -75 / 51 60 67 -75 / 53 -60 -67 -75 / 55 59 74 -67 / 65 -55 -59 -74 / 56 60 63 72 / 55 59 63 70 / 53 56 68 -63 / 51 58 67 70 / 56 60 65 68 <END> 
<S> 48 60 63 -67 / 46 61 -63 -67 / 44 60 65 / 53 56 60 63 / 62 65 -53 -56 / 46 58 62 67 / 56 -46 -62 -67 / 65 -56 -56 / 39 55 67 / 47 50 65 -55 / 48 51 55 64 / 46 53 62 70 / 55 -46 -70 -70 / 53 65 69 72 / 63 -53 -65 -69 / 46 58 65 70 / 48 60 63 69 / 46 61 70 -63 / 45 60 65 -70 / 46 62 65 70 / 63 -46 -62 -70 / 56 60 63 / 62 -56 -60 -63 <END> 
<S> 47 55 62 67 / 53 -47 -62 -67 / 48 51 60 67 / 50 -51 -60 -67 / 48 51 60 68 / 53 -48 -60 -68 / 47 55 62 67 / 45 -47 -55 -67 / 47 55 62 / 48 60 -55 -67 / 43 59 62 67 / 55 59 62 67 <END> 
<S> 47 55 62 67 / 55 -47 -62 -67 / 48 60 63 67 / 50 -60 -63 -67 / 51 55 62 -67 / 56 60 -51 -67 / 50 55 58 70 / 68 -50 -55 -58 / 43 51 58 67 / 39 -51 -58 -67 / 41 -51 56 -58 / 43 51 58 -58 / 44 51 56 -58 / 51 58 -51 / 68 -48 -51 -58 <END> 
<S> 43 50 65 70 / 55 -43 -50 -70 / 48 51 55 68 / 50 53 58 -68 / 51 55 67 / 49 52 -67 / 44 60 65 65 / 47 62 -65 / 48 55 63 -62 / 53 56 62 68 / 60 -53 -56 -68 / 55 59 62 67 / 53 59 62 67 <END> 
<S> 50 53 62 70 / 51 58 -50 -70 / 53 56 60 65 / 55 59 67 -53 / 51 60 -55 -67 / 53 60 68 -60 / 50 58 -53 -68 / 51 55 67 72 / 53 -51 -67 -72 / 48 63 67 -72 / 41 65 68 74 / 55 67 71 42 / 63 67 72 / 62 65 71 74 <END> 
<S> 50 65 67 71 / 51 63 -67 -71 / 53 65 68 72 / 62 74 -53 -68 / 60 63 75 -68 / 58 62 74 77 / 56 72 75 / 55 63 -72 -75 / 53 68 77 -72 / 71 -53 -68 -77 / 51 67 72 79 / 53 -67 -72 -79 / 51 67 72 79 / 53 -67 -72 -79 / 55 67 70 75 / 57 65 77 -75 <END> 
<S> 56 72 77 -65 / 53 68 -72 -77 / 55 67 72 75 / 53 68 -72 -75 / 55 62 70 74 / 56 64 -70 -74 / 65 70 -56 -70 / 64 -57 -70 -70 / 69 -48 -65 -70 / 58 65 70 74 / 60 -65 -70 -74 / 69 -60 -65 -74 / 60 67 -74 -77 / 58 65 73 56 / 50 -65 -72 -79 / 52 67 79 -72 / 53 -62 -67 -79 / 55 60 67 72 / 53 69 -60 -72 <END> 
<S> 58 67 74 / 57 69 -67 -74 / 55 62 70 79 / 53 -62 -70 -79 / 51 63 70 79 / 55 -63 -70 -79 / 56 63 72 77 / 61 -56 -72 -77 / 75 -58 -62 -77 / 51 70 75 -56 63 72 -51 -75 / 53 68 72 74 / 55 67 71 -74 / 56 72 -67 / 65 74 -56 -72 <END> 
<S> 53 68 72 74 / 55 75 -68 -74 / 56 65 72 56 / 55 63 -72 -75 / 53 65 68 77 / 60 67 75 -53 / 69 -60 -75 -75 / 58 65 70 74 / 53 -58 -70 -74 / 55 58 70 75 / 56 60 -70 -75 / 58 62 68 74 / 65 -59 -62 -74 / 60 63 67 72 / 69 -60 -64 -72 <END> 
<S> 55 70 75 / 53 56 -70 -75 / 51 -53 70 / 51 55 70 79 / 56 72 -70 -79 / 58 77 -70 -77 / 68 -58 -77 -77 / 67 70 76 -77 / 63 70 75 79 / 62 -70 -75 -79 / 60 72 75 79 / 58 -72 -75 -79 / 56 72 75 77 / 58 70 75 -77 <END> 
<S> 63 72 75 -60 / 51 58 65 75 / 56 63 72 77 / 55 63 70 75 / 53 65 68 72 / 51 67 80 / 55 63 70 75 / 61 65 70 77 / 62 68 -70 -77 / 51 63 67 79 / 55 63 70 79 <END> 
<S> 58 65 70 74 / 56 -65 -70 -74 / 55 67 70 75 / 53 68 72 77 / 56 60 70 -77 / 46 62 70 77 / 68 -46 -62 -77 / 48 63 67 75 / 69 -48 -63 -75 / 50 65 70 74 / 51 -65 -70 -74 / 53 65 69 72 / 54 63 -69 -72 / 55 62 67 70 <END> 
<S> 50 58 65 74 / 58 62 -65 -74 / 51 63 67 70 / 62 65 69 -70 / 63 67 70 / 62 65 -67 -70 / 60 63 67 75 / 58 62 -67 -75 / 56 60 72 77 / 55 70 -60 -77 / 53 65 72 80 / 74 -53 -65 -80 / 55 58 75 79 / 57 77 -55 -75 / 58 62 70 77 / 56 -62 -70 -77 <END> 
<S> 53 60 69 77 / 55 70 -60 -77 / 57 65 72 / 55 63 -72 / 53 56 65 74 / 55 58 -65 -68 / 56 60 -65 -68 / 55 58 62 67 / 53 -58 -62 -67 / 51 56 60 68 / 53 68 -60 / 51 55 60 67 / 59 62 -52 -67 / 53 57 60 69 / 51 -57 -60 -69 <END> 
<S> 56 60 63 72 / 55 58 -63 -72 / 53 56 68 72 / 54 63 -56 -72 / 55 62 67 70 / 53 56 65 68 / 51 58 67 -65 / 56 60 65 72 / 62 -56 -60 -72 / 63 -56 -60 -72 / 59 62 74 -53 / 60 -47 -59 -74 / 48 58 62 75 / 63 -48 -55 -75 <END> 
<S> 56 60 63 72 / 55 -60 -63 -72 / 53 56 68 72 / 58 62 -53 -68 / 60 63 67 75 / 69 -60 -63 -75 / 55 65 70 74 / 53 68 72 / 55 67 70 -72 / 56 65 72 / 55 63 -72 -72 <END> 
<S> 53 60 68 68 / 51 58 67 -68 / 65 68 -51 -58 / 53 63 70 72 / 48 -63 -70 -72 / 68 -48 47 47 67 / 47 62 67 77 / 48 67 75 -62 / 53 60 68 74 / 55 59 67 74 / 56 60 65 -74 / 48 60 67 75 / 59 -48 -67 -75 <END> 
<S> 51 60 67 75 / 58 -60 -67 -75 / 56 60 68 77 / 55 75 -60 -77 / 53 68 74 -60 / 55 59 67 -74 / 53 60 65 74 / 52 -60 -65 -74 / 53 60 67 75 / 69 -53 -60 -75 / 50 65 71 74 / 55 62 71 77 / 60 67 72 75 / 74 -67 -72 <END> 
<S> 50 60 65 77 / 51 58 67 75 / 53 60 68 77 / 55 59 67 -77 / 56 60 65 72 / 62 74 -56 -60 / 55 60 63 70 / 53 -60 -63 -70 / 58 62 65 68 / 51 60 63 67 / 56 60 65 / 55 58 62 -65 / 56 60 64 72 / 55 58 67 74 <END> 
<S> 56 60 63 65 / 62 -56 -60 -65 / 60 -56 -65 -72 / 55 58 62 70 / 51 60 63 68 / 48 58 65 68 / 63 67 -48 -58 / 50 62 65 70 / 46 62 65 -70 / 58 65 -46 -70 / 56 60 65 72 / 58 74 -56 -65 / 55 67 72 75 / 53 68 -72 -75 / 55 62 67 74 / 56 71 -67 -74 <END> 
<S> 51 63 67 72 / 56 -51 -67 -72 / 47 55 67 74 / 65 -47 -55 -74 / 48 55 63 72 / 46 -55 -63 -72 / 45 60 65 77 / 47 62 -65 / 48 63 67 72 / 60 67 75 -72 / 58 67 74 75 / 56 60 65 77 / 55 58 75 75 / 56 60 -75 -75 <END> 
<S> 48 67 72 75 / 43 -67 -72 -75 / 67 -43 -72 -75 / 53 -67 -72 -75 / 55 74 -67 -72 / 65 -55 -72 -74 / 56 63 71 74 / 62 72 -56 -72 / 55 62 70 -72 / 68 -55 -62 -70 / 53 60 67 -70 / 62 -53 -67 -70 / 55 63 69 70 / 62 -63 -69 / 67 -57 -63 -72 / 58 62 74 <END> 
<S> 54 62 69 74 / 55 62 70 -74 / 63 72 -55 -70 / 50 65 -72 -72 / 48 62 67 -72 / 60 63 69 -72 / 55 62 67 71 / 55 62 67 71 / 53 -62 -67 -71 / 51 60 67 72 / 48 -60 -67 -72 / 51 67 70 -67 / 65 -51 -67 -70 / 63 64 70 -55 / 55 -63 -67 -70 / 57 72 -63 -67 / 65 -57 -60 -72 <END> 
<S> 51 60 67 72 / 53 62 -67 -72 / 54 63 69 -72 / 55 62 -69 -72 / 54 57 62 74 / 50 55 62 72 / 54 62 -50 -72 / 55 62 71 / 59 -55 -62 -71 / 48 57 63 69 / 50 66 -57 -69 / 52 59 67 71 / 60 -52 -67 -71 / 50 57 66 72 / 62 -50 -66 -72 / 55 62 67 71 / 53 -62 -67 -71 / 51 60 67 72 / 48 -60 -67 -72 <END> 
<S> 43 71 -62 -67 / 69 -43 -51 -67 / 38 50 -67 -69 / 54 62 -50 -69 / 43 55 62 67 / 53 60 65 69 / 48 60 65 67 / 47 -48 -60 -67 / 45 53 60 65 / 47 55 62 67 / 48 55 60 63 / 53 59 62 67 / 51 60 -53 -60 -67 <END> 
