<S> 53 57 60 / 52 55 59 62 / 50 53 -59 -62 / 48 52 60 64 / 62 65 -48 -52 / 64 67 -48 -52 / 47 50 -64 -67 / 45 48 64 65 / 47 55 62 -65 / 48 55 60 64 / 48 55 60 64 / 50 65 -55 -60 <END> 
<S> 45 48 65 -64 / 47 55 62 67 / 47 55 62 67 / 43 -47 -55 -67 / 48 55 60 64 / 62 -48 -55 -64 / 45 60 65 -55 / 47 55 62 -65 / 48 55 60 64 / 48 55 60 65 / 53 56 60 65 / 52 55 -60 -65 / 53 61 65 69 / 41 -53 -65 -69 <END> 
<S> 48 55 60 64 / 50 65 -55 -60 / 52 55 60 / 48 55 -60 -60 / 41 55 60 62 / 43 50 59 -60 / 53 -43 -59 / 48 52 55 60 / 45 52 57 60 / 53 -45 -57 -60 / 0 / 44 -57 -60 <END> 
<S> 48 52 55 60 / 50 -45 -55 -60 / 40 48 60 67 / 41 -60 -60 -67 / 41 60 69 / -60 -60 / 59 -41 -62 -67 / 42 -59 -62 -67 / 39 55 60 69 / 53 -55 -60 -69 / 52 59 67 / 50 65 -59 -67 / 52 60 67 / 53 52 -60 -67 / 55 59 74 -53 / 53 -59 -55 -74 <END> 
<S> 50 59 62 67 / 52 -59 -62 -67 / 53 57 60 69 / 55 59 62 -69 / 52 60 64 67 / 50 -60 -64 -67 / 48 55 62 67 / 47 62 -55 -67 / 45 52 60 69 / 43 59 62 -69 / 45 52 60 64 / 0 -45 / 52 55 60 72 / 50 55 62 71 / 48 -55 -55 -71 <END> 
<S> 45 52 60 72 / 54 -45 -60 -72 / 47 50 62 67 / 48 55 -62 -67 / 50 57 62 69 / 55 59 62 67 / 52 55 60 67 / 53 60 69 -60 / 55 59 62 / 57 60 -55 / 55 59 62 / 55 -55 -59 -62 / 48 55 64 69 / 53 57 65 69 / 52 59 65 67 / 50 60 65 -67 <END> 
<S> 55 60 62 -67 / 62 66 -55 -60 / 43 59 62 67 / 47 55 62 67 / 48 55 60 64 / 62 -48 -55 -60 / 70 -48 -55 / 46 55 62 70 / 53 69 -62 / / 46 67 71 / 55 64 -67 -71 / 62 65 69 / 60 64 67 -69 / 59 62 67 <END> 
<S> 50 62 65 71 / 64 -50 -62 -71 / 44 60 65 69 / -38 -60 -65 -69 / 59 -44 -65 -69 / 60 64 67 / 62 -60 -67 / 59 60 67 / 57 60 69 -67 / 62 65 69 -57 / 64 -57 -69 -69 / 59 62 67 79 / 64 -59 -67 -79 / 60 62 69 77 / 59 62 67 -77 / 60 67 76 / 55 60 64 69 <END> 
<S> 59 67 74 / 57 66 72 -74 / 59 62 67 74 / 60 67 76 / 62 78 -60 -67 / 61 64 69 79 / 62 69 77 / 59 67 -62 -77 / 60 67 76 -74 / 60 -60 -67 -76 / 62 67 74 -60 / 43 59 -67 -74 / 72 -43 -59 -67 / 48 64 67 72 <END> 
<S> 60 62 69 77 / 60 76 -69 -77 / 59 67 71 77 / 60 76 -67 -77 / 59 62 74 79 / 72 -59 -62 -79 / 55 62 71 79 / 57 64 72 76 / 59 62 74 79 / 67 -59 -62 -74 / 64 -59 -74 -79 / 60 64 76 79 / 62 -60 -79 -79 <END> 
<S> 59 62 67 79 / 60 64 69 -79 / 62 65 71 79 / 57 64 72 79 / 60 65 74 / 59 67 74 / 55 64 71 60 / 65 -55 -71 -79 / 57 64 72 43 55 62 74 -72 / 48 67 76 -72 / 60 67 72 76 / 59 -67 -72 -76 / 57 69 72 76 / 52 -69 -72 -76 <END> 
<S> 57 64 72 / 55 64 -72 / 65 -55 -72 / 52 64 67 72 / 48 64 67 -72 / 53 62 -67 -72 / 71 -53 -62 -67 / 52 60 67 72 / 54 69 -60 -72 / 55 62 67 71 / 64 -55 -67 -71 / 65 -55 -67 -71 / 48 64 67 72 / 62 71 -48 -67 / 50 60 69 -67 / 59 62 -50 -67 <END> 
<S> 52 60 67 72 / 62 -52 -67 -72 / 53 60 67 / 58 64 -53 -67 / 54 57 62 74 / 72 -54 -57 -62 / 55 64 70 -57 / 55 54 62 69 / 54 62 69 -62 / 60 -54 -62 -69 / 55 59 62 67 / 43 55 59 62 / 48 55 60 63 / 56 -48 -60 -63 <END> 
<S> 50 62 65 71 / 48 60 64 67 / 47 62 68 -67 / 48 63 67 / 68 -48 -63 -67 / 50 63 67 70 / 54 62 -67 -70 / 52 60 67 72 / 50 -60 -67 -72 / 48 60 67 75 / 53 -60 -67 -75 <END> 
<S> 48 67 63 72 / 68 -48 -63 -72 / 50 65 71 74 / 69 -50 -65 -74 / 55 62 67 71 / 65 -55 -67 -71 / 63 67 -55 -71 / 57 65 -67 -71 / 58 65 67 74 / 53 59 68 74 / 52 60 67 72 / 56 62 65 71 <END> 
<S> 56 63 68 72 / 65 -56 -68 -72 / 55 67 70 75 / 56 64 68 -75 / 60 -56 -68 -68 / 55 61 67 70 / 65 68 -55 -61 / 53 56 60 -68 / 59 62 -53 -56 / 60 -53 -56 -62 / 55 62 -53 -60 / 53 59 -43 -62 / 58 51 60 / 51 55 60 67 / 53 60 68 -60 <END> 
<S> 55 60 62 67 / 53 -60 -67 / 43 59 62 67 / 43 59 62 67 / 45 60 65 72 / 46 62 65 70 / 51 63 67 72 / 48 -63 -67 -72 / 48 55 -67 -72 / 45 52 72 -67 / 54 60 63 -72 <END> 
<S> 43 62 67 71 / 48 72 -67 / 60 67 74 / 59 68 74 -53 / 55 67 71 75 / 56 72 -67 -75 / 58 65 74 / 63 67 72 75 / 58 65 70 74 / 68 -58 -65 -74 / 60 63 72 / 62 74 -60 -72 / 75 -48 -62 -72 <END> 
<S> 60 63 67 75 / 58 62 -67 -75 / 56 60 72 77 / 55 75 -60 -72 / 53 68 74 -72 / 55 67 71 -74 / 65 -55 -71 -74 / 48 63 67 72 <END> 
<S> 53 68 72 / / 65 -53 -72 -81 / 63 -53 -72 41 / 58 62 77 -72 / 56 60 72 77 / 55 58 70 75 <END> 
<S> 48 63 67 75 / 51 63 72 79 / 53 65 72 74 / 51 63 -72 79 / 62 -51 -70 -79 / 77 -51 -62 -70 / 48 75 -62 -70 / 53 60 68 77 / 62 -53 -69 -77 / 52 60 67 79 / 63 -51 -67 -79 <END> 
<S> 56 63 72 77 / 53 -63 -72 -77 / 58 62 70 77 / 51 67 70 -77 / 75 68 -70 -74 / 74 -58 -68 -74 / 51 70 75 79 / 58 70 74 77 / 67 -58 -74 -77 / 60 68 75 -74 / 72 -60 -68 -75 <END> 
<S> 56 68 72 75 / 53 68 72 77 / 55 62 70 79 / 56 60 72 77 / 58 74 79 -77 / 67 -58 -74 / 65 68 72 / 48 63 67 -72 / 74 -48 -60 -67 / 60 67 72 -51 / 58 -60 -67 -72 <END> 
<S> 48 63 72 79 / 53 -48 -72 -79 / 55 67 71 74 / 51 63 67 79 / 60 67 72 75 / 58 -67 -72 -75 / 56 65 72 75 / 55 70 -75 -75 / 56 60 72 75 / 53 68 74 77 / 55 67 71 75 <END> 
<S> 55 67 70 75 / 53 -67 -70 -75 / 51 65 70 77 / 50 -65 -70 -77 / 51 63 70 79 / 72 -51 -63 -79 / 53 68 74 77 / 47 75 -68 -74 / 48 67 72 75 / 46 -67 -70 -75 <END> 
<S> 48 67 -63 75 / 50 65 72 -75 / 51 67 -72 -75 / 53 -67 -72 -75 / 55 67 71 74 / 60 67 72 75 / 70 -60 -67 -75 / 60 67 75 / 53 68 74 -60 / 55 59 67 74 / 65 -55 -59 -74 <END> 
<S> 56 65 72 77 / 53 75 -72 -77 / 58 62 70 77 / 51 67 70 -77 / 75 -58 -67 -70 / 46 65 69 74 / 63 72 -69 / 55 65 71 74 / 63 -55 -71 -74 / 65 -55 -71 -74 / 48 63 67 72 / 60 63 67 72 / 58 62 -67 -72 <END> 
<S> 53 68 74 / / 72 75 -53 / 55 62 71 74 / 67 -55 -71 -74 / 48 63 67 72 / 60 63 67 72 / 58 62 -67 -72 / 56 60 63 72 / 55 58 -63 -72 / 53 57 65 72 / 46 65 -53 -72 / 51 58 65 74 / 57 60 -65 -74 / 48 58 65 75 / 46 -58 -65 -75 <END> 
<S> 57 60 65 72 / 53 65 74 -72 / 55 63 70 75 / 61 -55 -70 -75 / 56 60 68 -75 / 58 62 70 77 / 68 -58 -62 -77 / 60 63 67 75 / 55 59 65 -75 / 53 60 68 77 / 51 -60 -68 -77 / 50 62 70 77 / 68 -50 -62 -77 / 51 63 67 79 / 53 69 -67 -79 <END> 
<S> 58 62 65 74 / 56 60 65 -74 / 55 67 -60 75 / 53 65 68 74 / 55 63 70 -74 / 53 68 -63 -70 / 55 61 67 -70 / 68 72 -55 -67 / 53 56 -67 -72 / 51 60 67 72 / 58 65 70 74 / 56 -65 -70 -74 / 55 58 70 74 / 53 68 -58 -74 <END> 
<S> 53 65 68 72 / 63 -53 -68 -72 / 58 62 68 70 / 67 -58 -62 -70 / 48 63 68 75 / 67 -48 -63 -75 / 50 65 70 74 / 68 -50 -65 -68 / 51 63 67 70 / 62 -51 -67 -70 / 53 60 65 68 / 55 67 -60 -65 / 57 60 65 68 / 53 59 -65 -68 <END> 
<S> 51 67 68 75 / 63 -67 -68 -75 / 65 67 74 -51 / 53 -67 -74 51 / 55 58 70 74 / 56 60 -70 -74 / 68 -56 -60 -74 / 55 59 68 -77 / 53 56 68 74 / 48 60 75 -68 / 50 72 77 -60 / 46 58 62 -77 / 51 60 79 -58 / 48 60 69 77 <END> 
<S> 55 60 67 75 / 53 68 74 -60 / 55 59 67 -74 / 56 72 -67 / 60 65 -56 -72 / 55 59 67 74 / 55 59 67 / 65 -55 -59 <END> 
<S> 56 60 65 72 / 55 -60 -65 -72 / 53 60 68 75 / 58 -60 -68 -72 / 56 60 -68 -74 / 55 59 67 44 / 53 60 -67 / 65 74 -53 -60 / 59 67 -53 -59 / 51 60 -67 -68 / 56 60 65 74 / 59 62 67 -77 <END> 
<S> 56 60 63 72 / 55 -60 -63 -72 / 53 68 74 -60 / 59 -53 -68 -74 / 51 58 67 75 / 56 -51 -67 -75 / 53 75 68 / 55 67 70 75 / 56 65 68 72 / 67 74 -56 -65 / 51 67 72 75 / 53 -67 -72 -72 <END> 
<S> 51 63 67 72 / 53 -63 -67 -72 / 55 62 67 70 / 60 63 67 70 / 56 65 68 72 / 74 -65 -68 / 60 63 67 75 / 58 62 -67 -75 / 56 60 72 77 / 55 75 -60 -72 <END> 
<S> 63 67 70 / 62 65 -67 -70 / 60 63 67 75 / 58 62 -67 -75 / 56 60 72 77 / 55 -60 -63 -72 / 53 60 68 72 / 55 -60 -68 -72 / 53 60 -68 -72 / 58 62 65 70 / 63 67 -58 -70 / 56 65 68 72 / 58 74 -56 -68 / 60 67 76 / 53 65 68 74 <END> 
<S> 53 56 68 74 / 72 -53 -56 -74 / 55 63 67 70 / 65 -55 -67 -74 / 51 67 72 75 / 70 -51 -67 -75 / 53 65 68 74 / -53 -65 -68 -74 / 55 63 70 75 / 56 65 68 -75 / 58 67 74 / 68 -58 -74 / 46 58 65 74 <END> 
<S> 56 65 68 72 / 67 -56 -65 -72 / 55 63 67 70 / 53 65 68 -70 / 51 60 67 75 / 53 -60 -67 -75 / 55 59 67 74 / 72 -55 -59 / -79 65 -55 -72 / 48 67 72 75 / 50 65 68 77 <END> 
<S> 55 60 67 75 / 53 -60 -67 -75 / 55 59 67 74 / 65 -55 -59 -74 / 48 60 63 72 / 51 63 67 72 / 56 62 65 -72 / 60 -56 -65 -72 / 55 59 67 74 / 60 63 67 / 65 68 -55 -60 <END> 
<S> 56 60 63 72 / 55 65 -60 -72 / 53 60 67 72 / 54 -60 -67 -72 / 55 62 67 71 / 56 64 71 / 62 65 -56 -71 / 60 62 67 -56 / 60 -60 -67 / 55 59 67 74 / 55 67 71 74 <END> 
<S> 56 60 63 72 / 55 -60 -63 -72 / 53 65 68 74 / 59 67 74 / 65 68 47 -74 / 55 63 75 79 / 53 -55 -75 -79 / 51 77 -55 -60 / 47 50 62 -77 / 48 60 67 76 / 51 -60 -67 -75 <END> 
<S> 47 55 67 74 / 53 -47 -67 -74 / 51 60 67 74 / 53 -60 -67 -75 / 55 59 67 74 / 65 -55 -59 -74 / 56 60 63 72 / 55 -60 -63 -72 / 53 60 68 77 / 62 -53 -68 -77 / 60 63 67 75 / 65 69 74 -60 <END> 
<S> 56 60 65 72 / 64 -60 -72 / 55 -60 -64 -72 / 53 62 68 71 / 55 59 67 -71 / 48 60 67 75 / 62 -48 -67 -75 / 60 63 67 75 / 58 62 -67 -75 / 56 60 65 77 / 55 67 -60 -77 / 53 59 68 -67 / 65 74 -53 -68 / 48 60 64 67 / 50 65 -60 -67 <END> 
<S> 56 60 65 72 / 55 67 -60 -72 / 53 60 69 -67 / 65 -53 -60 -69 / 46 62 65 71 / 63 67 72 / 62 65 -67 -72 / 60 63 67 75 / 58 -60 -67 -75 / 56 60 72 77 / 55 -60 -72 -77 / 53 60 70 79 / 55 -60 -70 -79 / 53 65 68 81 / 72 -53 -65 -80 / 55 71 79 -65 / 62 71 -55 -79 <END> 
<S> 56 60 65 77 / 55 67 75 -77 / 53 68 75 -60 / 51 58 67 -75 / 50 77 -58 -67 / 48 63 72 -58 / 56 -48 -63 -72 / 47 55 67 71 / 53 -47 -67 -71 / 48 60 63 67 / 58 62 -48 -67 / 56 60 63 -67 / 62 65 -56 -60 / 55 60 63 / 70 -60 -55 -63 / 53 60 62 / 56 -53 -60 -65 / -53 -60 -65 <END> 
<S> 51 60 67 72 / 50 -60 -67 -72 / 48 67 74 -67 / 47 67 -67 -74 / 48 60 -67 75 / 53 60 65 68 / 51 63 67 70 / 55 63 67 70 / 53 65 68 -70 / 51 63 67 70 / 68 -51 -63 -67 / 50 58 65 -68 / 51 58 63 67 / 46 -51 -63 -67 <END> 
<S> 51 67 72 -58 / 53 -51 -72 -75 / 51 58 70 75 / 46 65 70 74 / 48 63 67 75 / 67 72 -48 -75 / 58 68 74 77 / 56 60 75 / 55 58 70 75 / 53 -58 -70 -75 / 55 63 70 77 / 53 65 68 -70 / 51 58 67 -70 / 55 68 -63 -70 <END> 
<S> 57 67 72 77 / 58 -67 -72 -77 / 60 67 72 75 / 65 68 74 -72 / 63 67 72 / 62 65 -67 -72 / 60 63 67 72 / 58 62 -67 -72 / 57 60 65 72 / 55 67 -60 -72 / 53 60 65 69 / 51 63 67 70 / 53 68 -63 -70 / 55 63 70 52 61 -55 -63 -67 <END> 
<S> 57 60 65 72 / 55 -60 -65 -72 / 53 56 -65 -72 / 55 58 -65 -72 / 56 60 65 72 / 55 63 -60 -72 / 53 61 68 -72 / 55 62 -68 -68 / 63 67 -55 -74 / 56 60 65 75 / 74 -56 -60 -65 / 53 60 68 77 / 48 60 67 75 / 70 -48 -60 -75 <END> 
<S> 56 60 63 72 / 65 74 -56 -60 / 55 58 67 75 / 53 56 -67 -75 / 51 58 67 / 50 53 -58 -67 / 52 55 70 77 / 53 60 68 77 / 62 -53 -68 -77 / 51 63 67 79 / 53 68 -63 -79 / 55 62 71 77 / 75 -62 -71 -77 <END> 
<S> 53 60 68 77 / 58 65 74 -77 / 56 -65 -74 -77 / 55 70 75 -65 / 53 60 68 77 / 62 -53 -68 -77 / 51 63 67 79 / 55 59 71 79 / 60 67 72 75 / 59 62 74 77 / 60 67 75 -77 / 58 74 77 -67 / 55 67 72 75 <END> 
<S> 60 63 67 75 / 62 65 -67 -75 / 63 67 72 75 / 60 -67 -72 -75 / 55 67 72 75 / 57 -55 -72 -75 / 58 62 74 77 / 56 63 75 -74 / 55 70 77 -75 / 53 -70 -77 -80 / 51 70 79 79 / 56 72 77 <END> 
<S> 53 72 74 -67 / 55 65 71 -74 / 56 63 72 51 / 55 -63 -72 -75 / 53 62 68 -72 / 55 67 71 -74 / 65 -55 -71 -74 / 48 63 67 72 / 46 62 70 77 / 51 63 70 79 <END> 
<S> 48 63 68 72 / 47 62 67 74 / 48 60 67 75 / 58 -48 -67 -75 / 56 60 65 75 / 55 67 75 -60 / 53 60 68 74 / 55 59 67 -74 / 65 -55 -67 -74 <END> 
<S> 56 60 65 72 / 55 -60 -65 -72 / 53 60 68 72 / 55 74 -60 -68 / 59 67 -53 -74 / 54 60 -68 -74 / 55 59 67 74 / 56 60 -67 -74 / 51 58 67 75 / 53 -58 -67 -79 / 55 -58 -67 -79 / 53 60 68 77 / 62 -53 -68 -77 <END> 
<S> 48 63 67 72 / 60 63 72 79 / 58 63 72 77 / 56 -63 72 77 / 58 62 70 79 / 68 -58 -62 -77 / 60 63 67 75 / 65 74 -60 -60 / 59 67 74 / 57 60 -67 -74 / 59 62 67 74 / 55 59 -67 -74 <END> 
<S> 56 65 72 77 / 55 74 -65 -72 / 53 60 68 74 / 55 59 -68 -74 / 53 60 68 72 / 52 56 68 77 / 53 60 68 79 / 55 61 -70 79 / 56 60 72 77 / 58 62 70 -77 / 68 77 -53 -77 / 59 67 74 79 / 76 -59 -67 -79 <END> 
<S> 53 60 65 -70 / 68 -53 -60 -65 / 53 60 65 74 / 58 -60 -65 -74 / 56 60 65 72 / 74 -56 -60 -65 / 55 58 67 75 / 53 68 -58 -75 / 55 62 70 74 / 53 -62 -70 -74 / 51 63 70 79 / 62 77 -51 -70 / 56 60 72 75 / 55 -60 -72 -75 <END> 
<S> 55 63 70 75 / 51 58 65 67 / 53 63 -58 -67 / 51 63 -58 -67 / 56 60 63 -67 / 56 60 63 -56 / 58 -56 -63 / 56 62 65 -56 / 58 -56 -65 / 56 77 -58 -65 / 60 65 -56 -56 / 55 61 67 70 / 53 68 72 -67 <END> 
<S> 56 60 63 / 55 -60 -63 / 53 60 65 68 / 55 63 67 70 / 56 65 68 72 / 58 65 67 74 / 60 63 68 75 / 67 -60 -63 -75 / 62 65 70 77 / 68 -62 -65 -77 / 63 67 70 79 / 62 65 -70 -79 / 60 63 72 79 / 58 -64 -72 -79 <END> 
<S> 63 67 70 / 61 -63 -67 / 56 63 72 / 70 -56 -63 -72 / 55 63 70 74 / 53 68 -63 -74 / 55 61 70 75 / 56 60 65 -75 / 58 65 74 / 56 68 -65 -74 / 77 -56 -65 -70 / 53 55 63 70 / 51 60 -55 -67 / 53 56 60 68 / 55 58 -53 -68 <END> 
<S> 53 63 68 72 / 51 58 -68 -72 / 56 60 -68 -72 / 55 65 70 -60 / 59 -55 -65 -70 / 48 64 67 72 / 48 60 64 67 / 60 63 72 79 / 58 65 70 74 <END> 
<S> 60 64 67 72 / 62 -60 -67 -72 / 60 63 67 75 / 58 -63 -67 -75 / 56 65 72 77 / 53 68 75 -72 / 46 65 70 74 / 65 70 -65 <END> 
<S> 58 65 74 / 68 -58 -58 -74 / 58 67 74 -58 / 57 69 -74 -74 / 55 67 70 75 / 53 -67 -70 -75 / 51 63 67 70 / 53 56 68 -63 <END> 
<S> -65 -68 -77 / 63 70 75 / 62 65 -70 -75 / 63 67 70 79 / 72 77 -63 -67 / 58 63 75 -67 / 51 -63 -75 <END> 
