<S> 59 62 67 / 57 60 69 -67 / 66 -57 -60 -69 / 55 62 67 71 / 53 -62 -67 -71 / 52 64 67 72 / 69 -52 -64 -72 / 50 65 71 74 / 69 -50 -65 -74 / 44 64 71 76 / 74 -44 -64 -71 / 45 64 69 72 / 57 69 72 76 / 77 -57 -69 -72 <END> 
<S> 45 64 69 72 / 52 -64 -69 -72 / 54 62 69 74 / 50 -62 -69 -74 / 55 62 71 -69 / 64 -55 -62 -71 / 50 60 66 69 / 59 62 67 71 / 52 60 67 70 / 53 65 69 74 / 71 -53 -65 -74 / 48 67 72 76 / 64 -48 -72 -76 / 53 69 72 74 / 50 65 -72 -74 / 55 62 71 -74 / 67 -55 -71 -74 <END> 
<S> 48 67 72 76 / 50 65 77 -72 / 69 -50 -65 -77 / 55 67 70 74 / 76 -55 -67 -70 / 53 60 69 77 / 55 -60 -69 -77 / 53 60 70 79 / 52 -60 -70 -79 / 53 60 69 81 / 55 71 -60 -79 / 56 60 72 77 / 59 62 -72 -77 / 60 76 -72 67 / 55 71 74 -67 / 65 -55 -71 -74 <END> 
<S> 53 60 69 77 / 53 60 69 75 / 50 65 70 74 / 55 58 67 75 / 65 -55 -58 -75 / 56 60 63 72 / 58 62 70 74 / 68 -58 -62 -77 / 60 63 67 75 / 48 -60 -67 -75 / 53 65 68 74 / 50 53 -68 -74 / 55 62 67 70 / 61 -55 -67 -70 / 56 60 67 72 / 62 74 -67 -72 / 60 66 69 74 / 58 62 67 -74 / 65 69 -43 -62 <END> 
<S> 58 62 65 74 / 67 -58 -62 -74 / 60 67 72 75 / 58 -67 -72 -75 / 56 66 72 75 / 58 -67 -72 -75 / 57 60 72 77 / 55 70 75 79 / 53 68 72 77 / 74 -53 -68 -77 / 55 70 75 79 / 56 -70 -75 -79 / 58 60 -70 -75 / 56 62 68 77 / 60 -56 -68 -77 / 55 59 67 79 / 55 77 -55 -67 <END> 
<S> 53 65 72 80 / 60 -65 -72 -80 / 70 -60 -65 -75 / 61 65 69 77 / 60 63 -65 -77 / 58 64 79 79 / 60 -63 -79 -79 / 59 65 74 79 / 72 -65 -70 -79 / 59 65 79 79 / 60 63 72 -79 / 59 68 74 77 / 60 -68 -74 -77 / 55 67 71 76 / 53 60 69 81 / 62 71 -53 -81 <END> 
<S> 60 65 72 / 67 74 -60 -65 / 48 60 67 75 / 55 60 67 75 / 43 59 68 74 / 65 -59 -74 -77 / 48 63 67 72 / 55 67 71 74 <END> 
<S> 55 62 67 75 / 60 -55 -67 -75 / 55 62 67 74 / 53 -62 -67 -74 / 51 67 72 -67 / 50 69 -67 -72 / 48 63 -67 -72 / 53 62 65 -72 / 50 71 -65 -68 / 51 63 67 69 / 53 -62 -67 -70 / 55 62 67 71 / 53 -62 -67 -71 <END> 
<S> 51 63 67 70 / 50 62 -67 -70 / 48 60 67 72 / 63 -48 -67 -72 / 56 65 72 -48 / 53 -56 -65 -72 / 51 55 63 70 / 62 -51 -55 -70 / 53 56 60 68 / 55 58 67 70 / 56 60 68 72 / 58 74 -60 -68 <END> 
<S> 56 60 63 72 / 55 -60 -63 -72 / 53 65 68 72 / 63 74 -53 -68 / 59 67 76 / 60 77 -67 / 58 62 65 77 / 51 63 67 79 / 60 63 69 79 <END> 
<S> 44 63 72 / 60 -63 -72 / 46 58 62 70 / 68 -46 -62 -70 / 48 63 67 69 / 50 62 66 71 / 51 60 67 72 / 58 62 -67 -72 / 54 63 69 72 / 55 62 67 70 / 54 57 62 72 / 50 62 66 -72 <END> 
<S> 51 63 67 72 / 60 -51 -67 -72 / 53 65 68 74 / 59 67 -53 -74 / 51 60 72 -67 / 50 65 -60 -72 / 51 -60 -65 -72 / 53 62 71 48 / 55 -62 -71 -71 / 65 -55 -60 -71 / 48 60 64 -67 / 53 60 65 68 / 52 -60 -65 -68 <END> 
<S> 55 59 67 74 / 53 60 -67 -74 / 52 59 67 79 / 65 77 -51 -59 / 79 60 67 -51 / 53 60 69 77 / 62 -53 -69 -77 / 48 67 75 -62 / 72 -48 -64 -75 / 55 62 71 74 / 62 71 -62 -74 / 60 63 67 72 / 65 69 -60 -72 / 59 67 71 74 / 60 67 72 75 / 65 74 -60 -72 <END> 
<S> 60 67 72 / 64 -60 -67 -72 / 62 65 74 / 60 72 -65 -74 / 70 -60 -65 -76 / 53 65 69 72 / 46 62 -65 -69 / 51 58 63 67 / 57 60 -63 -67 / 58 62 65 / 53 68 77 -58 / 51 60 67 79 / 53 60 69 -79 / 55 67 71 74 / 50 -67 -71 -74 / 48 67 72 75 / 50 -67 -72 -75 <END> 
<S> 53 60 69 74 / 55 -60 -69 -74 / 56 59 -60 -74 / 72 -56 -60 -64 / 65 74 -56 -60 / 55 59 75 -60 / 56 60 65 -74 / 53 59 67 74 / 52 -59 -67 -74 / 50 60 67 75 / 48 -60 -67 -75 / 50 60 66 74 / 59 -50 67 -74 / 51 55 67 72 / 51 63 67 70 / 48 63 -67 -70 <END> 
<S> 60 -51 -67 -69 / 50 62 67 71 / 55 62 67 71 / 60 63 67 72 / 58 62 74 -67 / 57 60 65 75 / 58 74 -65 / 56 63 72 / 55 71 -63 -72 / 57 65 72 77 / 67 -57 -72 -77 / 55 65 74 -77 / 53 75 -65 -74 / 51 58 67 79 <END> 
<S> 57 63 72 -65 / 58 62 70 77 / 68 -58 -62 -77 / 60 63 67 75 / 58 65 -67 -75 / 56 65 72 77 / 55 70 75 -77 / 53 68 72 75 / 74 -53 -68 -68 / 55 67 75 -60 / 53 -55 -67 -75 / 55 60 67 74 / 59 -55 -67 -74 / 51 58 67 75 / 60 -51 -67 -75 <END> 
<S> 53 68 72 44 / 55 -68 -72 -81 / 56 74 77 -60 / 59 75 -74 -77 / 60 67 75 -74 / 58 -67 -74 -75 / 56 60 72 -75 / 55 70 -60 -75 / 53 60 68 74 / 55 59 67 -74 / 56 60 67 72 / 65 -56 -60 -72 / 50 62 65 71 / 53 -62 -65 -71 / 51 63 69 -71 / 60 -51 -69 / 67 58 <END> 
<S> 53 60 74 -68 / 72 -60 -53 -60 / 55 59 67 74 / 55 59 65 74 / 60 63 67 75 / 58 62 67 -75 / 60 63 68 75 / 58 65 70 74 / 56 63 72 / 55 77 -63 -72 / 53 61 70 79 / 52 55 -70 -79 <END> 
<S> 63 67 70 / 61 65 68 / 60 63 67 / 58 62 65 77 / 56 -65 -70 -77 / 55 63 70 79 / 53 68 80 60 / 51 67 75 79 / 56 68 -75 -79 / 55 70 75 79 / 56 -70 -75 -79 <END> 
<S> 55 60 70 75 / 53 -60 -70 -75 / 51 65 70 77 / 50 -65 -70 -77 / 51 63 70 79 / 72 75 -63 / 62 65 74 77 / 67 71 75 -77 / 63 72 75 79 / 65 74 77 -60 / 67 70 75 79 <END> 
<S> 58 63 72 80 / 56 -58 -72 -75 / 58 64 70 77 / 56 65 72 -77 / 55 70 74 -65 / 53 68 -70 -74 / 51 63 70 79 / 55 72 -63 -79 / 56 62 72 77 / 70 -56 -62 -77 / 55 68 75 77 / 53 -68 -68 -77 <END> 
<S> 51 63 70 79 / 53 -63 -70 -79 / 55 63 70 79 / 56 -63 -70 -79 / 58 65 70 74 / 60 63 72 75 / 53 68 74 77 / 55 67 71 75 / 63 72 -55 -75 / 56 60 63 75 / 55 -60 -63 -75 <END> 
<S> 55 68 75 75 / 74 -55 -67 -75 / 56 72 -67 -75 / 65 -56 -72 -75 / 58 63 70 77 / 65 68 74 / 63 67 70 / 69 74 -65 / 59 63 67 72 / 60 67 75 / 53 60 68 74 / 55 59 67 -74 / 56 60 65 72 / 74 -56 -60 -65 <END> 
<S> 56 68 72 75 / 55 70 -68 -75 / 57 65 72 77 / 53 75 -65 -72 / 58 65 70 74 / 56 62 -65 -74 / 55 58 70 75 / 53 68 -58 -75 / 55 67 70 74 / 53 68 -58 -74 / 51 58 67 75 / 65 74 -51 -58 / 63 67 72 -58 / 62 69 -67 -72 / 70 63 67 / 63 69 -63 -67 / 58 65 68 <END> 
<S> 53 68 77 -60 / 55 60 67 -53 / 56 65 -60 -74 / 55 59 67 74 / 53 68 74 / 65 -53 -74 / 48 55 64 72 / 50 55 65 -72 / 71 -50 -55 -72 / 48 55 64 72 / 60 69 -55 -72 / 55 59 67 74 <END> 
<S> 50 57 65 72 / 55 58 67 74 / 48 60 67 75 / 53 68 72 74 / 55 67 71 -74 / 65 -55 -71 -74 / 48 63 72 / 51 63 70 79 <END> 
<S> 53 68 74 -68 / 50 -53 -68 -74 / 55 70 -50 -69 / 56 66 72 -55 / 55 67 71 74 / 50 -67 -74 -74 / 55 70 74 -74 / 53 72 -70 -77 / 52 68 -72 79 / 50 -72 77 <END> 
<S> 60 63 67 72 / 58 62 74 -67 / 57 60 72 75 / 55 70 -60 -75 / 53 65 72 80 / 74 -53 -65 -72 / 55 58 75 79 / 56 60 -75 -79 / 58 62 70 77 / 68 -58 -62 -77 / 51 63 67 75 / 53 69 72 -75 / 55 63 70 77 / 56 72 -70 -77 <END> 
<S> 56 60 75 -65 / 58 62 70 77 / 68 -58 -62 -77 / 60 63 68 75 / 65 74 -60 -68 / 58 67 75 / 57 74 77 / 59 -74 -67 -77 / 60 69 75 / 51 67 -60 -72 / 53 60 69 -67 / 55 65 71 -69 / 63 68 -55 -71 / 62 66 -55 -72 / 60 62 67 -72 / 58 -62 -67 -72 <END> 
<S> 60 63 67 72 / 57 60 -67 -72 / 55 67 74 -72 / 71 -55 -67 -74 / 65 -55 -71 -74 / 56 62 67 72 / 66 -56 -62 -72 / 55 62 67 71 / 53 55 62 71 / 51 55 60 72 / 51 60 67 <END> 
<S> 55 62 67 70 / 53 63 69 72 / 51 67 -63 -72 / 50 65 -67 -72 / 71 -50 -65 -72 / 48 51 67 72 / 53 60 68 -72 / 55 59 67 74 / 56 60 65 -74 / 65 -56 -60 -71 <END> 
<S> 51 63 67 72 / 50 69 -63 -72 / 48 62 71 74 / 47 67 -62 -74 / 48 60 67 75 / 55 -60 -67 -75 / 57 60 75 -67 / 58 62 74 / 57 60 72 77 / 59 62 -72 -77 / 60 63 72 75 / 65 74 -60 -72 <END> 
<S> 60 67 75 / 58 -60 -67 -75 / 56 60 68 75 / 55 -63 -68 -75 / 53 62 68 77 / 68 -53 -68 -77 / 75 -53 -68 -68 / 58 67 70 74 / 56 -65 -70 -74 / 55 70 75 -65 / 53 -67 -70 -75 / 51 65 70 77 / 50 -65 -70 -77 <END> 
<S> 58 67 70 74 / 65 -58 -70 -74 / 58 63 70 77 / 62 69 -70 -77 / 67 70 79 -62 -65 / 63 75 -67 / 65 72 74 / 71 74 -65 / 56 72 76 / 60 -56 -72 / 67 72 -56 -60 / 55 59 62 74 / 53 -59 62 -74 <END> 
<S> 59 65 74 79 / 60 63 72 80 / 62 -60 -72 -80 / 60 63 67 79 / 58 62 -67 -79 / 56 60 72 77 / 55 67 71 -77 / 53 75 -67 -70 / 51 65 70 77 / 50 -65 -70 -77 / 51 63 70 79 / 62 66 -70 -79 / 50 -62 -65 -70 <END> 
<S> 55 67 70 75 / 61 70 -67 -75 / 62 68 -58 -72 / 63 70 -53 -68 / 65 68 -46 -70 / 46 63 67 -70 / 65 68 -46 -61 / 53 56 63 -68 / 60 -53 -63 -68 / 65 -53 -60 -68 / 44 60 63 67 / 48 -60 -63 -67 / 53 56 65 68 / 63 72 -53 -68 / 55 59 67 74 / 60 63 67 72 / 65 68 -60 -72 <END> 
<S> 56 60 63 72 / 55 -60 -63 -72 / 53 65 68 72 / 55 62 67 71 / 48 63 67 72 / 58 -48 -67 -72 / 53 56 65 72 / 51 58 65 79 / 57 60 -51 -79 / 50 62 77 78 / 55 -62 -74 -77 / 53 60 75 -70 / 74 -53 -60 -65 <END> 
<S> 56 60 63 72 / 55 -60 -63 -72 / 53 68 -60 -72 / 58 65 -53 -68 / 48 60 64 67 / 58 -48 -64 -67 / 53 56 65 72 / 51 -56 -65 -72 / 49 58 65 70 / 48 63 -58 -70 / 46 53 65 70 / 48 60 -53 -70 <END> 
<S> 53 60 65 69 / 51 -60 -65 -69 / 50 58 65 70 / 46 58 -65 -70 / 48 60 65 / 53 -65 -48 -60 / 55 -48 -60 / 47 55 62 / 50 59 62 67 / 48 60 63 67 / 50 65 -60 -67 / 51 60 67 -60 / 53 -60 -67 <END> 
<S> 48 55 63 72 / 50 65 -55 -72 / 51 60 67 -72 / 53 60 69 -72 / 51 63 67 70 / 50 65 -67 -70 / 51 63 67 72 / 53 -63 -67 -72 / 55 62 67 71 / 48 60 67 75 / 62 -48 -67 -75 <END> 
<S> 51 63 67 72 / 60 -51 -67 -72 / 48 65 69 -72 / 71 -48 -65 -69 / 63 67 72 / 50 62 69 -72 / 55 62 71 -69 / 67 -55 -62 -71 / 50 60 67 69 / 48 -60 -67 -69 / 50 59 65 71 / 43 62 67 -71 / 65 -43 -67 -71 <END> 
<S> 55 62 67 70 / 60 63 67 -70 / 69 -60 -63 -67 / 62 65 71 -60 / 63 -60 -65 -70 / 59 65 67 74 / 60 -65 -67 -74 / 55 67 72 75 / 71 -55 -67 -75 / 56 60 72 75 / 55 68 74 -75 <END> 
<S> 60 63 67 75 / 62 -60 -67 -75 / 54 60 69 -75 / 55 67 74 71 / 59 -55 -67 -74 / 60 67 75 / 53 69 74 / 51 63 67 70 / 65 -48 -63 -70 / 56 63 67 72 / 65 74 -56 -72 / 55 67 71 74 / 72 -55 -67 -74 / 65 -55 -67 -71 <END> 
<S> 51 63 67 72 / 70 -51 -63 -67 / 53 60 65 68 / 48 60 64 67 / 60 65 68 74 / 59 67 -65 -74 / 60 64 67 75 / 56 -64 -67 -75 / 55 65 72 74 / 53 -65 -70 -74 / 55 63 70 75 / 53 -63 -70 -75 <END> 
<S> 60 64 67 76 / 58 62 -67 -76 / 56 60 72 77 / 55 70 -60 -77 / 53 68 72 80 / 74 -53 -68 -74 / 55 67 75 -74 / 72 -55 -67 -75 / 43 74 -67 -72 / 65 -43 -74 -74 / 63 72 -43 -74 / 65 -43 -72 -74 / 48 64 67 72 / 0 / 48 67 72 79 <END> 
<S> 48 64 68 72 / 60 -48 -64 -72 / 55 67 71 74 / 55 67 71 74 / 60 67 72 75 / 58 -67 -72 -75 / 56 65 72 77 / 55 58 75 79 / 56 60 72 77 / 53 68 74 -77 / 50 70 -68 -77 / 65 69 -50 -74 / 67 71 -65 -74 / 63 67 72 / 62 74 -67 -72 <END> 
<S> 56 63 72 / 55 65 -63 -72 / 53 63 70 72 / 51 -63 -70 -72 / 53 62 68 72 / 50 -62 -68 -72 / 51 63 67 71 / 53 65 68 72 / 55 67 70 / 53 68 -67 -74 / 55 67 72 75 / 74 -55 -67 -72 / 54 69 74 72 / 55 75 -69 -74 / 54 62 70 74 / 64 72 -70 -74 <END> 
<S> 53 65 68 74 / 51 63 67 -74 / 67 72 -58 / 58 -67 -67 / 60 67 75 / 58 -60 -67 -75 / 56 60 68 75 / 55 -60 -68 -75 / 53 60 68 74 / 55 59 67 -74 / 56 60 65 72 / 74 -56 -60 -65 / 55 60 67 75 / 53 68 77 -60 / 55 67 70 75 / 56 65 -67 -75 <END> 
<S> 55 59 67 75 / 60 67 75 / 58 -60 -67 -75 / 56 60 68 75 / 55 67 -60 -75 / 53 60 68 77 / 55 67 71 -60 / 56 60 65 72 / 53 -60 -65 -72 / 55 67 71 74 / 63 67 71 <END> 
<S> 56 60 65 77 / 55 -60 -65 -77 / 53 62 70 55 / 63 70 -53 79 / 62 65 -70 -79 / 67 -62 -65 61 / 58 -62 -70 -77 / 60 63 67 75 / 69 -60 -63 -75 / 58 65 70 74 / 56 -65 -70 -74 / 55 67 70 75 / 69 77 -55 -70 <END> 
<S> 60 63 67 75 / 58 62 -67 -75 / 56 60 72 77 / 55 70 -60 -77 / 53 65 68 72 / 74 -53 -65 -68 / 75 63 67 -53 / 58 65 68 77 / 67 75 -58 / 65 74 -58 / 56 63 72 75 / 55 62 70 -75 / 53 60 67 -70 / 68 -53 -60 -67 <END> 
<S> 58 65 70 74 / 60 63 68 75 / 67 -60 -63 -75 / 58 62 65 74 / 55 67 71 75 / 60 -55 -67 -75 / 48 63 67 72 / 50 62 65 -72 / 51 63 67 72 / 62 -51 -67 -72 / 60 67 72 -51 / 55 -67 -72 -72 / 71 -55 -67 -74 / 60 67 72 75 / 58 -67 -72 -75 <END> 
<S> 48 63 67 72 / 60 68 -48 -67 / 55 60 67 74 / 53 59 65 68 / 64 -53 -65 -68 / 55 58 65 67 / 63 -55 -58 -67 / 60 63 72 -67 / 58 65 70 74 / 56 -65 -70 -74 / 55 67 70 75 / 53 -67 -70 -75 / 51 65 72 77 / -62 -65 -72 -77 / 72 79 -65 -72 / 63 71 -72 -75 / 62 65 72 77 / 60 63 -72 -77 / 58 62 70 77 / 56 63 70 -77 <END> 
<S> 53 63 68 72 / 62 65 70 74 / 63 67 70 75 / 72 77 -63 -67 / 59 67 74 -67 / 60 67 75 -74 / 51 72 -67 -75 / 53 68 74 74 / 55 67 -74 -74 / 56 72 -67 -74 / 55 71 -67 -74 / 56 72 -67 / 60 65 -56 -72 / 55 59 67 74 / 55 59 67 75 <END> 
<S> 56 67 72 75 / 53 -67 -72 -75 / 55 62 71 74 / 65 -55 -71 -74 / 48 63 67 72 / 60 63 69 75 / 65 -60 -69 -75 / 59 65 74 -53 / 52 60 -74 / 54 60 69 74 / 72 -54 -60 -69 / 55 62 67 71 / 51 55 62 67 / 48 60 63 -67 <END> 
<S> 59 62 67 74 / 60 63 72 75 / 58 65 74 -75 / 56 -65 -72 -74 / 55 63 70 75 / 65 -55 -70 -75 / 53 67 70 74 / 51 75 -70 -70 / 53 65 69 72 / 63 -53 -69 -72 / 46 62 65 70 / 55 58 67 75 / 57 -55 -67 -75 <END> 
<S> 53 65 68 72 / 63 -53 -68 -72 / 58 62 70 70 / 68 -58 -62 -70 / 51 63 67 70 / 60 63 67 72 / 58 -63 -67 -72 / 56 63 72 77 / 58 62 70 79 / 77 -58 -62 -70 / 51 67 70 75 / 58 65 70 74 / 55 82 -70 -74 / 53 68 72 75 / 51 65 70 77 / 50 -70 -77 -77 / 51 70 -68 -77 / 50 -70 -70 -77 <END> 
<S> 58 65 70 74 / 56 -65 -70 -74 / 55 67 70 75 / 53 -67 -70 -75 / 51 65 70 77 / 50 -65 -70 -77 / 51 63 70 79 / 72 -51 -63 -79 / 50 62 77 -72 / 68 -50 -62 -77 / 48 63 67 69 / 66 -48 -63 -69 / 46 62 67 70 / 60 66 69 -50 / 55 62 67 70 / 43 58 63 68 / 45 60 -63 -70 / 46 62 65 70 / 41 60 63 69 <END> 
<S> 48 63 67 70 / 50 62 -67 -70 / 51 60 67 72 / 53 69 -60 -72 / 54 62 74 -69 / 50 62 66 -74 / 55 62 67 -74 / 60 -55 -67 -74 / 43 59 67 74 / 55 59 67 74 / 60 67 75 / 58 -60 -67 -75 <END> 
<S> 51 60 67 72 / 55 -51 -67 -72 / 54 57 62 -72 / 55 59 67 74 / 55 59 67 75 / 56 60 -67 -75 / 58 62 68 74 / 53 68 -62 -74 / 55 67 70 74 / 72 -55 -67 -70 / 55 67 70 75 <END> 
<S> 62 67 70 75 / 63 65 70 75 / 62 65 -70 -75 / 63 67 70 75 / 63 81 -67 -70 / 59 65 67 74 / 62 -59 -67 -74 / 60 63 67 75 / 58 -60 -67 -75 <END> 
<S> 63 67 70 72 / 62 65 -70 -72 / 60 63 69 72 / 57 62 65 71 / 55 63 67 72 / 54 62 74 -72 / 43 62 71 74 / 55 -62 -71 -74 / 51 63 67 72 / 50 65 68 77 <END> 
<S> 63 74 -69 / 62 66 -69 / 60 63 67 -69 / 62 66 -60 / 60 -62 -67 / 59 62 67 67 / 60 67 75 / 55 62 67 71 / 55 63 67 72 / 57 65 -67 -72 / 59 74 -65 / 63 -59 -66 -74 <END> 
<S> 55 62 67 71 / 43 59 62 67 / 47 62 67 74 / 48 67 -62 -74 / 50 62 65 77 / 62 67 -62 -77 / 60 67 75 / 58 -60 -67 -75 / 56 60 65 77 / 53 72 -60 -77 / 55 70 -60 -72 / 56 60 -72 -72 / 58 74 -56 -72 / 56 72 -52 -74 <END> 
<S> 60 67 75 / 58 -60 -67 -75 / 56 60 68 75 / 55 -60 -68 -75 / 53 62 68 77 / 63 -53 -68 -77 / 55 59 67 74 / 57 60 -67 -74 / 59 62 68 74 / 55 67 -62 -74 / 60 63 68 -55 / 56 60 65 68 / 59 67 67 -56 <END> 
