<S> 59 62 67 79 / 69 -59 -62 -79 / 55 67 71 79 / 65 -55 -71 -79 / 60 64 72 79 / 62 65 -72 -79 / 64 67 72 79 / 53 65 72 81 / 64 -53 -72 -81 / 55 62 71 79 / 67 77 -55 -71 / 60 67 72 76 / 59 67 74 <END> 
<S> 53 65 72 81 / 64 -53 -72 -81 / 55 62 71 79 / 77 -55 -71 -71 / 48 67 72 76 / 53 59 72 79 / 60 77 -53 -72 / 59 62 74 79 / 52 67 71 -79 / 77 -52 -67 -71 / 50 69 76 77 / 52 -69 76 -77 <END> 
<S> 60 67 76 / 62 77 -60 -67 / 61 64 70 79 / 62 69 77 -64 / 59 62 74 -77 / 55 67 71 -74 / 57 64 71 76 / 57 65 69 72 / 64 67 71 -57 / 62 66 69 / 60 64 67 -69 / 58 64 -67 -76 <END> 
<S> 57 64 69 72 / 65 71 74 -57 / 55 62 69 76 / 54 62 -69 -76 / 55 62 69 71 / 56 64 67 72 / 65 -56 -64 -72 / 55 59 64 74 / 62 -55 -64 -74 / 56 59 71 76 <END> 
<S> 53 62 67 71 / 52 68 -62 -67 / 50 64 67 69 / 65 -47 -67 -69 / 44 60 65 -69 / 62 -44 -60 -65 / 60 64 67 -60 / 59 -60 -64 -67 / 57 60 65 72 / 55 59 67 / 53 76 -59 -67 / 57 -52 -67 / 64 38 -57 -60 / 55 62 65 72 / 69 -55 -62 <END> 
<S> 57 60 65 72 / 55 59 67 / 53 57 69 -67 / 52 62 65 71 / 50 -62 -65 -71 / 52 60 64 72 / 57 65 -64 -72 / 55 58 62 70 / 53 57 -62 -70 / 69 -53 -53 -62 / 55 58 62 67 / 64 -55 -58 -67 / 50 57 65 69 / 55 62 67 70 / 53 60 65 68 <END> 
<S> 54 62 69 74 / 50 59 -62 -74 / 72 -50 -62 -66 / 43 62 67 71 / 62 -43 -62 -67 / 44 60 64 72 / 66 -57 -60 -72 / 55 59 67 74 / 60 68 -55 -74 / 58 64 67 -74 / 57 65 -43 72 / 55 59 64 67 <END> 
<S> 56 64 67 72 / 62 65 -56 -72 / 64 67 -48 -72 / 65 69 -48 -64 / 59 67 74 -53 / 52 67 76 -74 / 72 -57 -67 -76 / 55 74 -67 -72 / 65 71 -55 -74 / 69 -55 -71 / 69 -55 -58 -72 / 54 62 69 74 / 55 74 -62 -69 -74 <END> 
<S> 50 65 74 -72 / 71 -50 -65 -74 / 52 67 72 / 60 74 -67 -72 / 53 69 72 74 / 50 67 74 -72 / 48 67 72 76 / 50 65 77 -72 / 69 -50 -65 -77 / 52 67 72 79 / 58 -67 -72 -79 / 57 65 72 81 / 55 70 74 79 <END> 
<S> 50 65 77 -72 / 67 -50 -65 -77 / 48 67 72 75 / 55 67 71 74 / 55 67 71 74 / 48 67 72 76 / 50 65 71 74 / 69 -50 -65 -74 / 52 64 71 79 / 56 -64 -71 -79 / 59 64 74 79 / 57 60 72 76 / 77 -57 -60 -72 <END> 
<S> 55 67 71 74 / 60 67 72 76 / 59 67 74 79 / 57 69 72 77 / 59 -69 -72 -77 / 60 67 72 76 / 53 69 72 74 / 55 67 71 74 / 48 67 72 76 <END> 
<S> 57 69 72 77 / 59 -69 -72 -77 / 60 67 72 76 / 53 69 72 74 / 55 67 71 -74 / 65 -55 -71 -74 / 48 64 67 72 / 55 67 71 74 <END> 
<S> 67 72 74 / 65 69 -72 / 55 64 71 -69 / 62 -55 -64 -71 / 48 64 69 72 / 67 -48 -64 -72 / 50 62 69 -72 / 66 -50 -69 -72 / 55 71 -62 -69 / 59 67 -62 -71 / 68 -53 -62 -67 / 52 60 67 72 / 50 62 -67 -72 <END> 
<S> 43 59 62 67 / 45 52 -59 -67 / 43 -52 59 -67 / 45 57 60 69 / 47 62 -60 -69 / 48 64 69 / 50 64 71 -69 / 48 64 67 72 / 62 -48 -64 -67 / 50 60 65 69 / 59 -50 -65 -69 / 52 60 64 67 / 53 62 65 69 <END> 
<S> 45 64 69 72 / 47 -64 -69 -72 / 48 36 64 -69 / 50 57 66 71 / 52 59 67 67 / 50 -59 -67 -67 / 48 60 67 69 / 72 -60 -67 / 55 59 74 -72 / 56 60 71 76 / 65 -56 -60 -71 / 48 64 67 72 / 60 -64 -67 -72 <END> 
<S> 48 67 72 76 / 50 71 -67 -76 / 52 67 72 -76 / 53 -67 -72 -76 / 55 67 72 74 / 71 -55 -67 -74 / 69 -55 -67 -74 / 71 -55 -67 -74 / 72 -55 -67 -71 / 48 67 71 74 / 50 65 -74 -74 / 52 67 72 -74 / 48 64 -72 79 / 50 65 -72 -79 / 52 67 79 -72 / 53 69 77 -79 <END> 
<S> 48 64 72 79 / 50 65 -72 -79 / 52 67 72 79 / 53 -67 -72 -79 / 55 67 74 -72 / 71 -55 -67 -74 / 52 67 71 74 / 65 -67 -71 -74 / 48 64 67 72 / 69 -48 -64 -72 / 50 65 71 74 / 52 64 67 72 / 53 62 69 -72 <END> 
<S> 48 64 67 72 / 55 62 67 -72 / 71 -55 -62 -67 / 69 -55 -62 -67 / 66 69 -55 -60 / 38 54 62 -69 / 60 -38 -54 -69 / 43 55 59 67 / 48 52 60 67 / 47 62 -52 -67 / 45 52 72 -67 / 38 65 -52 -72 / 50 54 60 64 / 48 -60 -65 / 43 55 60 64 <END> 
<S> 48 52 67 -59 / 60 -52 -51 -67 / 50 57 65 -60 / 59 -50 -57 -65 / 48 55 60 65 / 41 60 -55 -60 / 43 55 59 62 / 36 55 60 64 / 0 / 52 60 64 67 <END> 
<S> 44 60 65 / 59 -43 -60 -65 / 45 60 64 -60 / 43 55 -60 -64 / 62 -43 -55 -60 / 48 55 60 64 / 55 59 67 74 / 52 -55 -59 -67 / 56 59 64 67 / 60 66 -52 -67 / 43 62 67 71 / 72 -43 -62 -67 / 65 -43 -53 -72 / 62 -43 -53 -72 / 64 71 -53 -55 / 52 55 60 69 / 50 -55 -60 -69 <END> 
<S> 48 64 67 71 / 45 -64 -67 -76 / 50 62 66 74 / 52 60 -66 -74 / 52 59 67 / -52 -67 -59 / -67 -52 -59 -67 / 52 67 -59 -67 / 60 -52 -67 -67 / 50 57 69 -67 / 62 66 -50 -69 / 43 59 67 / 62 -43 -59 -67 / 45 60 72 -67 / 66 -45 -60 -72 / 47 62 67 71 / 48 -62 -67 -71 / 50 62 65 69 / 48 60 64 -69 <END> 
<S> 43 59 62 67 / 45 57 60 -67 / 47 55 62 67 / 43 -55 -62 -67 / 48 55 64 72 / 54 62 -48 -55 / 38 55 62 71 / 38 54 69 72 / 55 -45 63 -72 / 38 -55 -60 -72 / 42 55 62 72 / 38 -55 -62 -72 / 43 62 71 -55 / 45 60 -55 -71 / 47 55 62 67 / 43 71 -55 -67 <END> 
<S> 47 50 62 67 / 43 55 -62 -67 / 60 69 -43 -55 / 55 62 -43 -69 / 59 67 -55 -62 / 54 60 62 69 / 55 59 62 67 / 52 55 67 72 / 57 65 -52 -72 / 50 59 67 71 / 48 -50 -67 -71 / 50 62 66 69 / 51 -62 -66 -69 / 43 59 62 67 <END> 
<S> 52 60 67 72 / 50 62 -67 -72 / 48 64 67 71 / 50 62 -67 -71 / 52 60 67 72 / 48 -60 -67 -72 / 55 60 67 74 / 72 -55 -60 -67 / 55 59 74 -67 / 65 -55 -59 -74 / 57 60 64 72 / 74 -57 -60 -64 / 55 59 62 77 <END> 
<S> 55 59 67 74 / 56 64 71 76 / 62 -56 -64 -71 / 57 60 69 -64 / 62 66 -57 -72 / 55 62 67 71 / 53 59 62 67 / 52 60 67 72 / 50 65 69 74 / 71 -50 -65 -74 / 48 67 72 76 / 50 77 -72 -76 / 52 67 72 76 / 53 69 -72 -76 <END> 
<S> 58 64 67 73 / 57 65 -67 -74 / 58 65 67 74 / 55 63 67 72 / 53 65 68 74 / 48 64 67 76 / 50 65 69 77 / 71 -50 -65 -77 / 52 67 72 76 / 53 -67 -72 -76 / 55 67 74 -72 / 71 -55 -67 -74 / 0 / 56 68 71 76 <END> 
<S> 50 65 69 72 / 67 74 -50 -65 / 48 63 67 76 / 53 65 69 81 / 63 -53 -69 -72 / 46 62 65 70 / 67 -46 -62 -70 / 48 60 69 -67 / 63 -48 -69 -69 / 62 67 71 74 / 47 67 74 79 / 65 -47 -74 -79 / 48 67 72 75 / 70 -48 -67 -75 <END> 
<S> 60 64 67 72 / 62 65 -67 -72 / 63 67 70 / 57 63 -67 -70 / 56 63 72 / 55 71 -63 -72 / 53 68 74 -72 / 67 72 -53 -74 / 55 71 -74 -74 / 72 -55 -60 -74 / 55 67 74 -60 / 59 -55 -67 -74 / 48 63 67 72 / 60 67 72 75 / 70 -60 -67 -75 <END> 
<S> 48 63 67 72 / 60 63 72 79 / 55 63 72 80 / 53 62 65 -72 / 51 67 -65 -72 / 63 -51 -67 -72 / 62 67 -51 -72 / 60 65 -51 -72 / 67 58 65 74 / 56 63 -65 -74 / 55 63 70 75 / 61 -55 -70 -75 / 53 56 68 74 / 51 55 67 75 / 56 60 65 68 / 58 65 -60 -68 <END> 
<S> 56 62 65 68 / 60 -56 -65 -68 / 55 61 67 70 / 53 68 -61 -70 / 51 67 72 -58 / 53 56 65 -72 / 46 55 62 -65 / 51 58 63 / 79 -51 -58 -63 -79 / 60 65 77 -51 / 53 -65 -70 -77 / 68 -65 -70 -77 / 46 65 70 74 / 51 67 70 / 55 -51 -67 -70 <END> 
<S> 53 57 65 74 / 58 72 -65 / 63 74 -55 -58 / 55 58 67 75 / 57 60 -67 -75 / 58 62 65 74 / 55 67 70 -74 / 56 65 72 / 63 -53 -72 / 55 59 67 -72 / 60 -55 -67 -72 / 43 62 67 -60 / 59 -43 -62 -67 / 48 60 63 67 / 60 63 67 72 / 55 62 -67 -72 / 53 60 67 72 / 55 -60 -67 -72 <END> 
<S> 60 63 67 72 / 58 -60 -67 -72 / 54 57 62 -72 / 72 -54 -57 -62 / 55 58 64 / 62 -55 -58 -67 / 48 63 69 -67 / 50 62 66 -69 / 60 -50 -66 -69 / 43 59 62 67 / 48 60 63 67 / 46 -60 -63 -67 / 45 65 -60 -63 / 63 -45 -60 -65 / 46 62 65 / 53 -59 -62 -65 <END> 
<S> 43 62 67 70 / 65 69 -62 -69 / 63 67 70 -51 / 62 65 -41 -70 / 60 63 72 -51 / -63 -63 -72 / 63 65 72 -63 / 62 63 -72 / 62 74 66 -72 / 60 -62 -66 -72 / 55 62 67 71 / 55 62 67 71 <END> 
<S> 63 67 72 -63 / 62 66 -55 -72 / 60 63 67 72 / 58 62 -67 -72 / 57 60 65 72 / 59 62 67 77 / 60 67 75 / 58 62 -67 -75 / 56 63 72 77 / 55 -63 -72 -77 / 57 65 72 -77 / 53 -65 -72 -77 / 58 65 70 74 / 56 65 68 -74 <END> 
<S> 62 65 69 45 60 -62 -65 -69 / 58 62 67 70 / 63 -58 -62 -70 / 56 60 63 72 / 55 58 -63 -72 / 53 56 68 72 / 58 74 -53 -68 / 48 60 67 76 / 55 59 67 74 / 0 / 48 63 67 72 <END> 
<S> 53 60 68 68 / 50 -60 -68 -68 / 51 59 67 67 / 50 59 65 74 / 48 60 63 72 / 51 67 -60 -72 / 53 65 68 72 / 63 74 -53 -68 / 59 62 67 74 <END> 
<S> 56 60 65 72 / 55 67 -60 -72 / 53 60 65 68 / 59 62 67 -53 / 51 60 67 75 / 63 -51 -67 -75 / 65 74 -51 -60 / 67 -46 -60 -74 / 47 65 67 74 / 47 -62 -67 -74 / 48 60 67 75 / 53 -60 -67 -75 <END> 
<S> 48 60 67 75 / 55 67 74 -60 / 71 -55 -67 -74 / 65 -55 -71 -74 / 48 63 67 72 / 60 63 67 72 / 58 62 -67 -72 / 56 60 65 72 / 55 67 -60 -72 / 53 60 68 74 / 55 59 -68 -74 / 56 60 -68 -74 / 65 72 -56 -60 / 50 62 -65 -72 / 59 -50 -65 -68 <END> 
<S> 56 60 67 72 / 65 -56 -60 -72 / 55 60 67 74 / 59 -55 -67 -74 / 56 60 63 72 / 65 -56 -60 -72 / 55 62 67 71 / 53 -62 -67 -71 / 51 60 67 -67 / 48 -60 -67 -67 / 53 65 -60 -67 / 59 62 -53 -67 / 60 -43 -53 -67 / 55 62 67 / 60 -55 -67 <END> 
<S> 48 60 63 67 / 46 -60 -63 -67 / 45 53 65 72 / 63 -45 -53 -72 / 46 62 65 70 / 47 62 67 / 48 51 67 72 / 63 -51 -67 -72 / 53 62 68 -72 / 50 -62 -68 -72 / 55 62 67 71 / 59 65 67 74 / 60 63 67 75 <END> 
<S> 51 63 67 72 / 50 65 69 74 / 48 63 67 -74 / 50 59 65 68 / 67 -50 -58 -65 / 51 60 67 75 / 58 -60 -67 -75 / 56 60 65 72 / 68 -56 -60 -72 / 55 62 67 71 / 53 -62 -67 -71 / 51 63 72 -67 / 57 69 -63 -72 / 62 65 71 74 <END> 
<S> 56 60 65 72 / 55 74 -60 -72 / 53 -60 -67 -72 / 62 -53 -60 -72 / 55 58 65 70 / 56 60 -65 -70 / 46 58 62 65 / 56 -46 -62 -65 / 51 55 63 67 / 0 / 48 60 67 / 44 -51 -60 -67 / 44 51 60 67 / 48 -44 -60 -67 <END> 
<S> 48 60 63 67 / 50 -60 -63 -67 / 51 58 63 67 / 61 -51 -58 -67 / 53 56 60 68 / 58 62 -53 -68 / 60 63 67 / 46 58 62 -67 / 56 60 72 75 / 55 70 -60 -72 / 53 65 69 72 / 74 -53 -65 -69 / 75 -53 -65 -69 / 46 58 65 74 / 62 -46 -58 -65 / 58 61 64 70 / 57 60 65 72 / 60 63 67 -60 <END> 
<S> 57 60 65 72 / 67 -57 -60 -72 / 58 65 69 74 / 56 -65 -65 -74 / 55 58 70 75 / 53 60 68 77 / 62 -53 -68 -77 / 51 63 67 79 / 53 69 -63 -79 / 55 62 71 74 / 56 -62 -71 -74 / 60 67 72 75 / 70 -60 -67 -72 / 53 65 69 74 / 59 -53 -65 -69 <END> 
<S> 55 62 67 75 / 53 60 68 74 / 50 59 65 -74 / 48 55 63 72 / 66 -48 -55 -72 / 41 60 62 67 / 43 -60 -67 -67 / 44 60 65 68 / 46 -60 -65 -68 / 48 60 67 -65 / 64 -48 -60 -67 / 58 -48 -64 -67 / 41 56 65 / 53 58 62 65 <END> 
<S> 48 60 63 67 / 58 -48 -63 -67 / 43 56 63 70 / 55 -43 -63 -70 / 53 56 60 68 / 58 62 -53 -68 / 48 60 63 67 / 69 -48 -60 -63 / 58 -48 -63 / 61 56 65 -58 / 56 60 65 -46 / 47 55 67 -65 / 43 60 63 -67 / 58 62 -48 -67 <END> 
<S> 46 53 62 70 / 55 -46 -62 -70 / 56 -48 60 64 / 50 53 65 70 / 51 58 63 67 / 50 -58 -63 -67 / 48 60 63 67 / 51 -60 -63 -70 / 56 63 72 / 55 -63 -72 / 53 65 74 -72 / 55 67 71 74 / 65 -55 -71 -74 <END> 
<S> 56 60 65 72 / 55 74 -60 -63 / 53 60 68 72 / 55 59 -68 -72 / 63 -55 -60 -72 / 56 62 65 -72 / 67 -56 -65 -72 / 47 62 67 -72 / 65 -47 -62 -72 / 48 60 63 72 / 62 74 -48 -60 / 60 67 75 / 69 -60 -75 -75 / 58 65 70 74 / 56 65 71 -74 <END> 
<S> 48 60 67 75 / 55 67 71 74 / 63 67 72 / 62 67 70 75 / 58 65 70 74 / 56 63 72 / 70 74 -56 -63 / 55 79 -70 62 / 53 -58 -70 -79 / 55 70 75 79 / 56 60 -70 -79 <END> 
<S> 63 67 70 / 65 68 / 63 67 70 / 61 64 70 79 / 53 62 65 77 / 59 -53 -65 -77 / 60 63 67 75 / 69 -60 -63 -75 / 62 65 71 74 / 63 67 72 75 <END> 
<S> 58 62 65 77 / 67 -58 -62 -77 / 60 68 77 / 61 67 68 -77 / 65 68 72 75 / 55 -68 -72 -75 / 56 60 70 75 / 55 -60 -70 -75 / 53 60 68 75 / 55 60 -68 -75 / 56 59 68 77 / 55 60 -68 -77 <END> 
<S> 56 60 68 77 / 53 -60 -68 -77 / 55 60 67 75 / 53 -60 -67 -75 / 55 59 74 -67 / 65 -55 -59 -74 / 48 55 63 72 / 60 63 67 75 / 68 -60 -63 -75 / 55 67 71 -75 / 56 72 77 -67 / 59 67 74 / 65 68 -59 -74 <END> 
<S> 60 63 68 72 / 62 65 -68 -72 / 63 67 70 / 57 66 72 75 / 58 65 70 74 / 64 -58 -70 -74 / 57 65 69 72 / 67 -57 -65 -72 / 60 64 69 / 60 65 -60 -69 <END> 
<S> 54 63 69 72 / 55 62 67 70 / 60 63 67 / 53 -60 -63 -67 / 46 55 62 70 / 53 56 68 72 / 74 -53 -65 -68 / 60 67 76 / 65 74 -60 -60 / 58 61 67 76 / 69 -58 -58 -76 <END> 
<S> 53 56 65 68 74 / 55 -53 -68 -74 / 55 63 72 -58 / 57 -55 -63 -72 / 56 60 65 / 70 -56 -65 / 68 -56 -65 -77 / 63 70 -56 -65 / 68 -50 -61 -65 / 48 60 64 67 / 58 -48 -64 -67 / 49 56 65 / 53 -49 -56 -65 <END> 
<S> 56 60 65 72 / 64 -56 -60 -72 / 55 62 65 71 / 53 63 -62 -70 / 51 55 63 -70 / 53 56 62 -70 / 51 -56 60 72 / 50 53 65 70 / 46 62 -65 -70 / 48 60 63 67 / 59 62 -48 -67 <END> 
<S> 58 62 65 70 / 67 -51 -62 -65 / 51 60 69 -65 / 59 62 -51 -65 / 51 60 67 / 55 58 67 75 / 56 60 65 -75 / 53 58 65 74 / 55 67 -65 -74 / 56 63 72 / 66 -56 -63 -72 <END> 
<S> 56 60 63 72 / 55 -60 -63 -72 / 53 65 68 72 / 63 74 -53 -68 / 59 62 67 -53 / 60 -53 -67 -75 / 55 60 67 74 / 59 -55 -67 -74 / 48 60 67 72 / 55 58 67 70 <END> 
<S> 48 60 67 75 / 58 60 -67 -75 / 56 68 72 75 / 55 -68 -75 -75 / 53 65 70 74 / 63 -53 -70 -74 / 53 65 68 72 / 63 -53 -68 -72 / 58 62 70 -68 / 67 -58 -62 -70 / 48 63 68 75 / 50 65 68 -75 <END> 
<S> 58 62 65 70 / 63 -58 -70 / / 62 65 70 77 / 63 70 79 / 62 -63 -70 -79 / 60 63 67 79 / 59 62 -67 -79 / 57 60 77 -75 / 59 62 74 -77 / 60 63 72 75 / 65 74 -60 -72 / 55 67 71 74 / 63 67 -55 -74 / 65 -55 -67 -74 <END> 
<S> 59 67 74 77 / 60 -67 -74 -77 / 62 71 74 / 55 67 71 -74 / 48 67 72 75 / 50 65 71 74 / 55 67 72 75 / 53 -67 -72 -75 / 55 67 71 74 / 51 67 70 79 <END> 
<S> 63 72 -48 -63 / 55 62 67 71 / 48 63 67 72 / 60 67 72 75 / 58 70 74 77 / 56 -70 -74 -77 / 55 70 75 79 / 53 -70 -75 -79 / 51 75 79 79 / 50 71 -79 -79 <END> 
<S> 63 67 70 75 / 65 68 72 / 63 67 70 / 60 63 -67 -70 / 56 62 68 72 / 55 -56 -67 -72 / 53 56 65 72 / 51 58 -65 -72 / 57 60 65 72 / 55 74 -60 -67 / 53 60 67 72 / 65 -53 -60 -72 / 52 60 67 <END> 
<S> 56 60 63 72 / 65 74 -56 -60 / 55 58 67 75 / 53 -58 -67 -75 / 51 60 68 -67 / 50 65 -68 -68 / 51 67 70 -65 / 63 -51 -67 -70 / 53 60 65 68 / 62 67 -53 -68 / 51 63 68 68 / 50 65 -68 -68 / 48 67 68 -53 -68 / 46 61 -68 -68 <END> 
<S> 53 68 -58 -67 / 52 60 67 72 / 58 -52 -67 -72 / 53 57 65 74 / 72 -53 -57 -60 / 54 60 -57 63 / 55 59 75 / 54 57 60 63 / 44 62 65 / 60 63 67 72 / 53 65 74 -72 / 55 67 71 74 / 51 67 72 / 62 74 -55 -67 <END> 
<S> 49 55 63 72 / 50 65 -55 -72 / 48 63 67 70 / 53 68 -63 / 55 58 62 70 / 56 60 63 -70 / 50 58 65 68 / 53 -58 -65 -68 / 51 58 63 67 / 62 65 -51 -67 / 56 60 63 72 / 55 58 -63 -72 / 53 56 65 72 / 74 -53 -65 -72 / 60 63 75 / 46 62 -60 -75 <END> 
