<S> 60 67 75 / 59 74 -60 -67 / 48 57 67 75 / 66 -48 -57 -75 / 55 59 67 74 / 53 62 67 71 / 51 63 67 72 / 56 62 65 72 / 60 -56 -65 -72 / 55 62 67 71 / 55 62 71 79 <END> 
<S> 51 63 67 72 / 56 62 65 71 / 60 -56 -65 -71 / 55 59 67 71 / 55 59 67 74 / 57 60 -67 -74 / 59 62 67 74 / 55 -62 -67 -74 / 54 63 67 72 / 55 59 67 74 <END> 
<S> 59 62 67 74 / 55 -59 -67 -74 / 60 67 75 / 69 -60 -75 / 58 62 70 77 / 56 -62 -70 -77 / 55 63 75 79 / 53 -55 -67 -79 / 55 67 71 74 / 60 67 75 / 58 62 -67 -75 / 56 63 72 / 55 -63 -72 <END> 
<S> 60 64 67 75 / 62 -60 -67 -75 / 54 60 69 75 / 55 67 71 74 / 59 67 75 79 / 60 -67 -75 -79 / 59 68 74 77 / 57 60 -74 -77 / 56 60 72 75 / 55 70 -60 -75 <END> 
<S> 60 67 75 / 58 -60 -67 -75 / 56 60 72 75 / 55 70 -60 -75 / 53 60 68 74 / 55 59 67 -74 / 56 60 67 72 / 65 -56 -60 -72 / 50 62 65 71 / 53 62 -62 -71 / 51 60 67 72 / 53 60 69 -72 / 54 62 -69 -72 / 60 62 66 -69 <END> 
<S> 54 60 63 72 / 62 -54 -60 -72 / 55 62 67 71 / 48 55 67 72 / 55 59 67 74 / 60 67 75 / 58 -60 -67 -75 / 56 60 65 75 / 55 -60 -65 -75 / 53 60 65 68 / 55 59 -65 -68 / 60 -55 -65 / 56 62 65 -60 <END> 
<S> 60 67 75 / 58 -60 -67 -75 / 56 60 68 75 / 55 -60 -68 -75 / 53 60 68 74 / 55 59 67 -74 / 56 60 65 72 / 74 -56 -60 -65 / 51 60 67 79 / 53 -60 -67 -79 / 55 59 67 74 / 62 77 -59 -74 / 48 60 67 75 / 55 59 67 74 / 53 -59 -62 -74 <END> 
<S> 55 59 67 75 / 56 60 65 72 / 58 74 -56 -65 / 54 60 69 75 / 55 67 71 75 / 56 60 68 77 / 62 72 -56 -77 / 55 63 70 79 / 53 -63 -70 -79 / 51 63 70 79 / 55 -63 -70 -79 / 56 63 72 77 / 53 -63 -72 -77 <END> 
<S> 60 63 67 75 / 72 -60 -67 -75 / 55 67 72 74 / 53 -67 -72 -74 / 55 67 71 74 / 65 -55 -71 -74 / 48 63 67 72 / 53 65 69 -72 / 46 65 67 70 / 48 63 67 69 <END> 
<S> 53 68 72 74 / 53 -67 -72 -74 / 55 62 71 74 / 67 72 -55 -74 / 65 67 71 74 / 64 67 48 55 62 65 -46 48 55 63 / 46 53 58 62 / 44 -53 -58 -62 / 43 58 67 70 <END> 
<S> 46 55 62 70 / 50 54 -62 -70 / 51 55 63 67 / 50 -55 -63 -67 / 48 55 62 67 / 53 -48 -62 -67 / 51 55 60 67 / 39 -51 -55 -67 / 44 48 60 -55 / 56 -48 -48 -60 / 43 55 60 67 / 58 -43 -55 -67 <END> 
<S> 48 60 63 67 / 46 -60 -63 -67 / 44 60 65 70 / 61 -44 -65 -70 / 69 -48 -60 -65 / 46 58 65 70 / 46 62 -58 -70 / 51 58 68 / 55 -51 -58 -67 / 48 60 65 68 / 63 -60 -65 -68 <END> 
<S> 46 58 65 -63 / 62 -46 -58 -65 / 45 53 60 63 / 51 -46 -53 -60 / 46 53 58 61 / 44 -53 -58 -62 / 46 52 55 60 / 53 -46 -61 -60 / 48 55 60 -48 / 46 55 58 62 / 44 53 60 65 / 43 55 59 -65 / 44 56 60 63 / 46 -56 -60 -63 <END> 
<S> 44 51 60 67 / 41 -51 -60 -67 / 43 51 59 67 / 50 -43 -62 -67 / 48 55 62 67 / 47 -55 -62 -67 / 48 60 63 69 / 53 62 65 70 / 51 63 67 70 / 50 58 -67 -70 / 51 60 67 72 / 53 -60 -67 -72 <END> 
<S> 48 60 63 67 / 58 -48 -63 -67 / 53 56 65 39 / 55 -53 -65 -68 / 53 59 62 67 / 58 -52 -67 -67 / 44 60 65 -51 / 45 -60 -65 / 60 64 -45 -60 / 60 63 65 -56 / 46 -55 -60 -65 / 44 53 60 65 / 41 -53 -60 -65 / 43 50 58 67 / 45 60 67 -46 43 47 58 62 -67 <END> 
<S> 38 57 60 65 / 63 -44 -57 -60 / 43 59 62 -43 / 55 -43 -59 -62 / 53 -43 -59 -62 / 44 51 60 / 57 63 67 / 45 -57 -63 -67 / 46 58 62 65 / 47 62 65 / 60 -47 -58 -65 / 48 60 64 -65 / 51 58 -60 -67 / 41 56 60 68 / 63 -41 -56 -68 <END> 
<S> 46 61 67 -46 / 44 -46 -61 -67 / 45 44 65 72 / 46 65 70 74 / 45 -65 -70 -74 / 77 -50 -65 -70 / 48 55 72 75 / 70 -48 -55 -75 / 53 60 68 74 77 / 59 67 -53 -74 / 55 67 72 / 57 66 74 -72 / 58 62 67 70 / 69 -62 -46 -62 <END> 
<S> 46 65 72 74 / 55 67 70 -74 / 65 -55 -70 -74 / 56 63 72 / 51 55 70 75 / 50 53 -67 -70 / 51 55 67 72 / 50 58 -67 -72 / 51 60 67 72 / 53 -60 -67 -72 / 55 62 67 71 / 43 63 67 72 / 45 -63 -67 -72 <END> 
<S> 51 55 67 72 / 50 -55 -67 -72 / 48 62 67 75 / 47 -62 -67 -75 / 51 60 67 75 / 58 -60 -67 -75 / 56 60 68 77 / 55 -60 -68 -77 / 53 60 70 79 / 52 -60 -70 -79 / 53 68 72 77 / 71 -53 -68 -77 / 60 67 72 75 / 55 -60 -67 -75 <END> 
<S> 56 60 72 77 / 53 56 -60 -77 / 55 60 67 75 / 53 -60 -67 -75 / 55 59 67 74 / 65 -55 -59 -74 / 48 60 63 72 / 55 58 67 75 / 57 60 -67 -75 / 58 62 65 74 / 56 60 -65 -74 / 55 58 67 75 / 53 68 77 -58 <END> 
<S> 48 60 63 67 / 56 60 63 79 / 55 63 70 79 / 53 62 68 77 / 60 75 -53 -68 / 55 67 72 74 / 59 -55 -67 -74 / 60 67 75 / 58 -60 -67 -75 / 56 65 74 -60 / 53 75 -60 -65 / 47 55 67 74 / 68 -47 -55 -74 <END> 
<S> 60 67 75 / 58 -60 -67 -75 / 56 68 72 75 / 55 63 -72 -75 / 53 68 72 77 / 67 -53 -72 -77 / 51 68 72 77 / 50 -68 -72 -77 / 48 67 72 75 / 55 67 -72 -75 / 56 60 72 77 / 53 75 -72 -77 / 55 67 72 74 / 71 -55 -67 -74 / 48 67 72 75 <END> 
<S> 56 65 72 77 / 71 -56 -65 -77 / 55 67 72 75 / 53 68 77 -72 / 55 62 67 71 / 48 63 67 72 / 60 67 -48 -72 / 55 59 67 74 / 62 -55 -67 -74 / 60 67 72 75 / 70 -60 -67 -75 / 61 65 69 77 / 60 -65 -69 -77 / 58 65 73 77 / 59 -65 -74 -77 <END> 
<S> 55 67 71 74 / 63 67 70 / 65 -51 -70 / 51 67 70 / 65 -51 -67 -70 / 50 63 67 70 / 48 -63 -67 -70 / 50 62 65 68 / 51 58 63 67 / 56 60 -63 -67 / 65 -56 -60 / 55 59 62 -65 / 53 57 -62 -67 / 51 55 -60 -67 / 53 57 60 68 / 55 62 67 -53 / 53 60 68 72 / 51 63 67 72 / 50 65 -63 -72 <END> 
<S> 56 60 63 72 / 55 -60 -63 -72 / 53 56 68 72 / 58 62 67 74 / 60 67 75 / 65 69 -60 -75 / 55 61 67 75 / 62 74 -55 -67 / 56 60 63 72 / 65 74 -57 -60 / 51 67 72 75 / 53 -67 -72 -75 / 55 67 71 74 / 65 67 -71 -74 / 56 65 38 59 62 65 74 -56 -59 60 <END> 
<S> 57 60 67 72 / 55 -60 -67 -72 / 53 60 67 70 / 52 -60 -67 -70 / 53 60 65 68 / 51 -60 -65 -68 / 50 65 -60 -70 / 62 -50 -65 -70 / 48 55 63 70 / 62 -48 -55 -70 / 53 57 60 69 / 63 -57 -60 -69 / 58 62 65 -69 / 60 -53 -65 -69 <END> 
<S> 54 60 62 -65 / 63 -57 -60 -62 / 55 58 62 / 55 -55 -62 / 48 53 55 63 / 50 -55 -58 -63 / 51 55 60 63 / 53 -51 -60 -63 / 55 58 62 -48 / 56 53 56 60 / 59 62 -53 -56 / 55 60 63 / 58 56 62 -60 / 55 59 -43 -62 / 53 -43 -59 -62 / 48 51 55 60 <END> 
<S> 55 62 65 -48 / 53 62 63 / 43 51 60 -63 / 44 62 65 / 43 51 63 67 / 44 60 65 65 -46 45 60 -65 -65 / 58 62 -44 -65 / 63 -58 -58 -65 / 46 53 62 70 / 51 60 63 69 / 53 58 65 70 <END> 
<S> 53 60 65 68 / 50 58 63 -68 / 51 58 67 / 46 50 -58 -67 / 44 60 63 72 / 46 58 62 -72 / 39 57 63 -72 / 38 65 66 -72 / 40 58 67 67 / 68 -40 -60 -67 / 58 62 65 -67 / 63 67 -58 / 53 60 65 68 / 62 65 -53 -69 / 63 -81 -53 -68 -74 <END> 
<S> 46 62 65 / 53 60 62 70 / 55 62 65 70 / 51 63 67 70 / 63 -51 -67 -70 / 50 58 65 70 / 48 60 63 69 / 46 62 65 70 / 67 -46 -62 -70 / 48 60 63 69 / 50 58 65 70 / 51 58 63 67 / 61 65 -51 -58 <END> 
<S> 50 65 70 -55 / 46 62 -55 -70 / 51 60 63 69 / 58 62 65 70 / 51 67 -62 -65 / 63 60 67 72 / 62 65 -56 -72 / 56 63 68 72 / 55 65 -68 -72 / 53 65 68 72 / 63 -53 -68 -72 / 55 65 -68 -72 / 53 -65 -68 -72 <END> 
<S> 56 60 63 72 / 55 -60 -63 -72 / 53 65 68 72 / 63 -53 -68 -72 / 58 62 68 -68 / 67 -58 -62 -68 / 57 60 65 -74 / 56 72 -60 -65 / 60 -56 -60 -68 / 55 59 67 75 / 60 -55 -67 -75 / 65 74 -60 -67 / 59 67 -55 -74 / 48 60 67 75 / 53 60 68 77 / 51 -60 -68 -77 <END> 
<S> 60 63 67 72 / 58 62 -67 -72 / 56 60 65 72 / 55 67 -60 -72 / 53 60 68 74 / 55 59 67 74 / 65 -55 -67 -74 / 48 63 67 72 / 58 65 70 74 / 56 -65 -70 -74 <END> 
<S> 48 60 67 75 / 58 60 -67 -75 / 56 68 72 77 / 58 -68 -68 -77 / 67 -56 -65 -72 / 65 74 -56 -72 / 55 67 70 75 / 53 68 77 44 / 60 72 79 / 56 62 72 77 <END> 
<S> 44 63 72 / 56 60 65 -72 / 67 -56 -60 -72 / 55 65 70 74 / 53 -65 -70 -74 / 63 70 79 -70 / 53 -63 -70 -79 / 51 72 79 -67 / 50 65 -72 -79 / 48 67 72 75 / 65 -48 -72 -75 / 63 67 70 79 / 68 -63 -79 <END> 
<S> 53 60 69 72 / 54 63 -69 -72 / 55 62 70 -69 / 60 63 67 75 / 58 62 -67 -75 / 56 60 65 77 / 55 -60 -65 -77 / 53 62 70 79 / 68 77 -62 -65 / 59 67 75 -62 / 60 -64 -67 -75 / 55 62 67 72 / 71 -55 -62 -67 <END> 
<S> 58 62 65 -70 / 56 60 65 72 / 55 65 67 71 / 53 63 68 72 / 53 68 74 -68 / 55 67 71 75 / 43 -55 -67 -71 / 65 -43 -55 -71 / 48 55 63 72 / 55 62 71 / 48 55 63 72 / 53 57 65 72 / 59 -53 -65 -72 / 51 60 65 / 63 -56 -60 -65 <END> 
<S> 48 55 63 72 / 55 59 67 74 / 60 -55 -67 / 62 67 70 -55 / 53 -62 -67 -70 / 51 67 72 -67 / -75 -51 -67 -72 / 51 57 67 72 / 66 69 74 / 43 71 -69 / / 62 67 70 <END> 
<S> 51 63 67 72 / 62 -51 -67 -72 / 48 63 69 -72 / 67 71 -63 / 58 62 65 -67 / 60 63 72 -65 / 62 -60 -65 -72 / 60 63 67 75 / 58 -63 -67 -75 / 56 63 72 77 / 58 62 70 79 / 77 -58 -62 -70 / 51 58 67 75 / 55 58 67 75 / 53 -58 -67 -75 <END> 
<S> 60 63 67 75 / 68 72 -60 -75 / 55 67 70 75 / 56 68 72 77 / 58 67 70 -77 / 68 -56 -65 -70 / 51 67 70 / 65 -51 -67 -70 / 48 60 67 75 / 58 60 -67 -75 / 56 68 72 77 / 63 -68 -68 -72 / 55 63 70 72 / 53 68 -63 -72 <END> 
<S> 63 67 70 / 61 65 -67 -70 / 60 63 67 70 / 58 61 -67 -70 / 48 60 68 -67 / 65 -60 -68 / 60 63 67 / 59 -60 -64 -67 / 53 60 65 68 / 51 58 -60 -68 / 53 57 60 68 / 62 -53 -57 -68 <END> 
<S> 56 60 63 72 / 55 -60 -63 -72 / 53 65 68 72 / 74 -53 -68 -68 / 60 67 75 / 58 65 -67 -75 / 56 65 72 77 / 55 63 -72 -77 / 53 65 70 -77 / 51 67 79 55 / 53 74 79 -67 / 48 60 67 79 <END> 
<S> 56 63 72 / 53 68 77 -72 / 51 58 67 -77 / 50 -58 -68 -77 / 51 67 72 75 / 53 -67 -72 -75 / 55 67 70 74 / 53 65 70 -74 / 51 63 70 79 / 67 -51 -63 -79 / 53 68 72 77 / 55 70 75 -65 / 56 65 72 -75 / 58 74 -72 -75 / 60 67 72 75 / 58 -67 -72 -75 <END> 
<S> 58 65 70 74 / 56 -65 -70 -74 / 55 67 70 75 / 74 -51 -67 -70 / 56 63 68 72 / 55 67 -63 -72 / 53 61 67 70 / 52 60 -67 -70 / 53 60 67 68 / 64 -53 -60 -68 / 55 59 67 41 / 56 60 -65 / 74 -53 -60 -65 <END> 
<S> 56 60 63 72 / 65 74 -56 -60 / 55 60 67 75 / 53 -60 -67 -75 / 55 60 67 74 / 59 -55 -67 -74 / 44 60 72 75 / 43 58 70 75 / 57 60 65 77 <END> 
<S> 45 60 65 75 / 46 58 65 74 / 64 -46 -58 -74 / 65 74 -58 -68 / 60 63 67 75 / 62 -60 -67 -75 / 60 65 74 -60 / 59 -60 -65 -74 / 60 63 67 75 / 58 62 -67 -75 / 56 60 72 77 / 55 75 -60 -72 <END> 
<S> 60 63 67 75 / 58 62 -67 -75 / 56 60 72 77 / 55 70 -60 -77 / 53 68 72 75 / 74 -53 -68 -72 / 55 67 72 75 / 56 74 -67 -75 / 65 72 -55 -75 / 55 67 74 -72 / 53 68 -72 -74 / 51 67 72 75 / 50 69 77 -72 / 67 71 -50 -77 / 51 67 72 75 / 53 -67 -72 -75 <END> 
<S> 55 67 70 75 / 56 -67 -70 -75 / 58 65 74 -70 / 67 -58 -65 -74 / 56 72 75 / 55 64 -72 -75 / 53 68 72 77 / 71 -53 -68 -77 / 51 67 72 75 / 53 -67 -72 -75 / 55 67 70 74 / 56 65 -70 -74 / 58 63 68 74 / 62 65 -68 -74 / 60 63 67 75 / 65 74 -60 -75 <END> 
<S> 56 68 72 75 / 55 68 -72 -75 / 53 68 74 77 / 55 75 -68 -77 / 53 65 70 -77 / 51 -60 -70 -75 / 74 -52 -60 -70 / 53 60 68 74 / 55 -60 -68 -74 / 56 59 65 -74 / 63 -56 -59 -74 / 56 60 67 72 / 65 -56 -60 -72 / 50 58 65 70 / 53 62 -65 -70 / 52 60 67 70 / 53 60 65 68 <END> 
<S> 48 63 67 72 / 60 63 67 72 / 58 62 -67 -72 / 57 60 65 72 / 55 67 -60 -72 / 53 65 69 72 / 51 -65 -69 -72 / 50 65 69 77 / 75 -50 -65 -69 / 55 67 70 74 / 51 75 -67 -70 / 53 68 74 77 / 67 75 -53 -68 <END> 
<S> 50 65 70 72 / 52 -65 -70 -70 / 53 65 69 72 / 63 -53 -69 -72 / 46 62 65 70 / 48 67 75 -62 / 58 -48 -67 -75 / 53 60 68 74 / 55 59 67 -74 / 56 60 65 -74 / 72 -56 -60 -65 / 55 62 67 70 / 50 62 65 70 / 51 60 67 -65 / 63 -51 -60 -67 <END> 
<S> 56 60 63 72 / 65 74 -56 -60 / 55 58 67 75 / 57 60 77 -75 / 46 62 70 77 / 51 63 67 79 / 53 62 65 77 / 55 71 -65 -77 / 56 63 72 / 62 74 -56 -72 / 55 67 71 77 / 53 68 -71 -77 / 51 67 72 79 / 52 -67 -72 -79 <END> 
<S> 55 63 70 75 / 53 68 -63 -75 / 51 58 67 75 / 63 67 70 -51 -79 / 56 63 72 77 / 53 -63 -72 -77 / 58 62 70 77 / 46 -62 -70 -77 / 51 67 70 75 / 63 70 79 <END> 
<S> 58 63 79 / 55 -58 -63 -79 / 57 65 77 82 / 59 75 -65 / 63 77 -60 -72 / 59 62 74 79 / 60 63 72 75 / 58 62 -72 -75 / 56 60 72 77 / 55 70 75 -60 / 53 60 68 74 / 55 59 67 -74 / 56 60 65 -74 / 60 64 67 79 / 58 62 -67 -75 <END> 
<S> 56 63 72 77 / 55 65 71 -77 / 53 -65 -70 -77 / 51 -65 -70 79 / 58 70 77 / 62 -58 -70 -77 / 68 -58 -62 -77 / 58 63 67 75 / 55 62 67 70 / 75 -62 -65 -70 / 53 63 68 72 / 55 74 -68 / 53 68 73 77 / 51 70 79 -68 / 55 58 70 75 / 53 60 -70 -75 <END> 
<S> 51 58 67 75 / 56 60 65 77 / 67 -56 -60 -77 / 51 68 72 75 / 53 68 74 77 / 67 -53 -74 -77 / 55 67 72 75 / 53 -67 -72 -75 / 55 62 71 74 / 56 60 -71 -74 / 62 72 -56 -60 / 55 -60 59 -67 / 53 60 67 68 / 48 -60 -67 -67 / 50 60 65 67 / 58 -50 -65 -68 / 51 60 63 67 / 53 60 65 68 / 55 59 67 -53 / 62 60 -55 -67 / 43 55 62 -60 <END> 
<S> 57 64 72 / 55 59 67 / 60 67 72 75 / 58 -67 -72 -76 / 56 68 72 75 / 55 70 -68 -75 / 53 65 72 80 / 74 -53 -65 -80 / 58 65 75 79 / 56 -58 -75 -79 / 58 70 74 77 / 68 -58 -74 -77 / 51 67 70 75 / 58 65 70 74 / 56 -65 -70 -74 <END> 
<S> 56 68 72 77 / 55 70 -68 -77 / 53 65 70 72 / 67 -48 -58 -75 / 53 65 68 72 / 63 -53 -68 -72 / 55 62 67 70 / 65 -55 -62 -70 / 56 60 63 72 / 55 58 -63 -72 / 53 56 68 74 / 58 -53 -68 -74 / 44 60 72 56 / 44 72 75 -60 / 43 65 74 -60 <END> 
<S> 56 60 63 67 / 53 56 65 68 / 47 55 67 -53 / 48 51 60 67 / 68 -48 -60 -51 / 50 58 65 70 / 68 -50 -58 -65 / 51 58 67 -65 / 63 -51 -58 -67 / 56 60 63 72 / 62 65 -56 -72 / 55 63 67 72 / 53 56 62 74 / 51 60 67 75 / 53 -60 -67 -75 <END> 
<S> 51 58 65 67 / 63 -51 -58 -67 / 56 60 63 72 / 55 -60 -63 -72 / 53 60 68 72 / 55 67 70 75 / 56 65 68 -75 / 58 74 -68 -68 / 60 67 76 / / 65 -60 -67 -79 / 60 67 75 / 58 -60 -67 -75 / 56 60 72 77 / 55 75 -60 -72 <END> 
<S> 60 67 75 / 58 -60 -67 -75 / 56 60 68 75 / 55 -60 -68 -75 / 53 65 68 74 / 63 -53 -65 -74 / 59 62 67 74 / 58 60 -67 -74 / 56 72 -60 -74 / 55 70 -60 -72 / 53 65 68 72 / 63 -53 -68 -72 / 46 65 -68 -72 / 48 67 -65 -72 / 47 -65 -67 -74 / 48 60 67 75 / 58 -60 -67 -75 / 53 56 68 77 / 72 -53 -56 -77 / 55 62 71 79 / 55 62 71 79 <END> 
<S> 56 65 72 / 63 -56 -72 / 67 -56 -56 -72 / 52 55 68 72 / 53 -52 -68 -72 / 55 60 67 75 / 57 -60 -67 -75 / 55 60 65 74 / 59 -55 -65 -74 / 48 60 63 72 / 56 60 65 72 / 55 67 75 -60 / 53 60 68 74 / 55 59 67 -74 / 65 -55 -67 -74 <END> 
<S> 48 55 60 72 / 63 -48 -55 -72 / 42 57 63 72 / 62 -41 -56 -72 / 43 55 63 70 / 51 -43 -63 -70 / 41 56 60 65 / 62 -56 -56 -65 / 50 58 63 67 / 55 62 65 / 57 60 63 72 <END> 
<S> 58 62 65 -55 / 56 60 63 / 55 62 65 70 / 55 63 67 72 / 53 -63 -67 -72 / 55 62 67 74 / 60 -55 -67 -74 / 55 59 67 74 / 48 60 67 75 / 65 -48 -60 -75 <END> 
<S> 56 60 68 72 / 55 -60 -68 -72 / 53 67 70 -60 / 52 60 -60 -68 / 53 60 65 68 / 55 59 67 -65 / 56 60 65 / 58 -56 -60 -65 / 56 60 65 68 / 50 -60 -65 -68 / 60 63 67 72 / 58 74 -67 -72 <END> 
<S> 44 60 65 / 60 -44 -60 -65 / 46 62 67 -65 / 58 -62 -65 -67 / 48 63 -58 -67 / 53 60 65 68 / 51 58 63 67 / 56 62 65 / 55 60 63 72 / 55 58 63 70 / 53 68 -58 -63 / 55 62 70 -58 / 56 60 65 -70 <END> 
