<S> 53 63 68 72 / 55 67 -63 -72 / 56 62 65 72 / 60 -56 -65 -72 / 55 62 67 71 / 53 59 62 67 / 51 60 67 72 / 69 -51 -60 -72 / 50 65 71 74 / 48 67 72 75 / 60 67 72 75 <END> 
<S> 51 60 67 72 / 69 -51 -60 -72 / 50 65 71 74 / 48 67 72 75 / 50 65 77 -72 / 51 -65 -72 -77 / 53 -65 -72 -77 / 55 67 70 75 / 62 -55 -70 -75 / 56 60 72 75 / 58 74 -60 -75 / 56 60 72 75 / 55 70 -60 -75 <END> 
<S> 51 67 72 -70 / 53 65 69 -72 / 46 65 70 74 / 58 65 70 74 / 56 -65 -70 -74 / 55 67 70 75 / 65 77 -55 -70 / 60 63 67 75 / 62 -60 -67 -75 / 60 65 74 -60 / 59 -60 -65 -74 / 60 63 -59 -74 / 72 -55 -60 -64 <END> 
<S> 60 67 75 / 58 -60 -67 -75 / 56 60 72 77 / 55 75 -60 -72 / 53 68 74 -72 / 55 67 71 -74 / 65 -55 -71 -74 / 48 64 67 72 / 46 62 70 77 <END> 
<S> 53 69 72 -63 / 62 -53 -69 -72 / 63 -53 -69 -72 / 46 65 70 74 / 51 63 69 72 / 50 65 68 74 / 55 63 67 51 <END> 
<S> 58 65 74 / 56 -58 -65 -74 / 55 58 67 75 / 53 68 -58 -75 / 55 60 70 74 / 56 72 -70 -74 / 55 70 74 -70 / 53 68 -74 -77 / 51 67 79 55 / 58 -67 -71 -79 <END> 
<S> 63 70 -51 -63 / 50 65 -63 -70 / 62 -53 -65 -70 / 60 63 70 79 / 58 62 70 77 / 57 60 72 75 / 55 58 70 <END> 
<S> 50 58 65 74 / 46 58 62 -74 / 48 63 -58 -70 / 50 54 62 70 / 51 54 57 -70 / 53 55 59 74 <END> 
<S> 58 62 70 / 56 60 72 -70 / 65 68 -56 -72 / 55 63 67 74 / 53 65 68 <END> 
<S> 51 60 67 75 / 58 62 -67 -75 / 56 60 63 72 / 55 58 -63 -72 <END> 
<S> 60 67 72 / 59 62 -67 -72 / 60 67 -53 -72 / 55 62 67 71 / 65 -55 -62 -71 <END> 
<S> 53 60 69 -67 / 62 -53 -69 / 60 64 -53 -69 / 46 62 65 69 / 63 -46 -69 -69 / 46 62 65 70 / 67 -62 -65 -70 <END> 
<S> 58 62 67 / 64 -58 -58 -67 / 53 60 65 68 / 62 -53 -65 -68 / 55 58 63 67 / 62 -55 -63 -67 / 56 60 63 / 55 58 -63 -67 / 53 56 62 65 / 60 -53 -56 -65 / 50 58 62 65 / 46 58 62 65 <END> 
<S> 45 60 65 -63 / 58 -45 -60 -65 / 41 60 67 -57 / 43 -60 -65 -67 / 59 62 67 -43 / 55 -59 -67 -79 / 60 67 75 / 58 -60 -67 -75 / 56 60 72 77 / 55 70 75 79 / 72 77 -48 -75 / 50 65 74 -72 / 67 74 -65 -74 / 75 -65 -67 -74 <END> 
<S> 60 75 -65 / 58 62 67 77 / 55 63 75 79 / 56 65 72 -75 / 58 74 77 -65 / 56 63 -77 -77 / 62 -56 77 -56 / 60 75 -56 -77 / 55 59 67 79 / 60 75 -67 / 58 62 67 77 / 75 -58 -62 -67 / 56 63 72 77 / 53 -63 -72 -77 <END> 
<S> 56 60 68 77 / 72 -56 -60 -77 / 55 67 72 75 / 53 68 71 74 / 55 62 67 74 / 67 -55 -62 -74 / 48 63 67 72 / 60 66 74 -48 / 55 59 67 74 / 50 60 65 68 / 48 62 67 -65 / 64 -48 -60 -67 / 43 58 65 70 / 53 62 68 -58 <END> 
<S> 48 60 67 75 / 55 74 -60 -67 / 53 68 72 77 / 55 -68 -72 -77 / 56 60 68 -72 / 74 -56 -60 -72 / 55 59 67 74 / 65 -55 -59 -74 / 48 58 63 72 / 55 58 67 75 <END> 
<S> 53 68 74 -60 / 59 -53 -68 -74 / 54 60 69 -74 / 74 -54 -60 -69 / 55 62 72 71 / -55 -62 -72 / 63 -55 -72 / 38 66 74 -72 / 43 59 67 71 / 62 -43 -67 -71 / 48 63 67 72 / 62 65 -48 -72 / 63 67 72 / 59 -63 -67 -72 <END> 
<S> 48 63 67 72 / 60 67 -48 -67 / 58 65 67 74 / 59 67 -65 -74 / 60 67 75 / 58 60 -67 -75 / 56 68 72 75 / 55 -68 -72 -75 / 53 68 72 74 / 50 65 71 -74 / 62 -50 -65 -74 / 55 63 70 75 / 53 68 -63 -75 / 58 62 70 77 / 51 63 70 79 / 60 67 75 -79 / 74 -60 -67 -75 <END> 
<S> 55 63 70 75 / 74 -55 -70 -75 / 56 72 75 77 / 58 70 74 77 / 68 72 75 -56 / 55 67 71 79 / 55 62 71 79 / 53 -62 -71 -79 / 51 63 72 79 / 70 -51 -63 -79 / 56 65 68 77 / 51 67 -65 -77 / 50 65 68 77 / 62 71 -50 -65 <END> 
<S> 55 63 75 79 / 56 60 65 -75 / 58 74 65 / 63 68 -58 -74 / 55 67 70 75 / 53 72 -67 -75 / 51 67 72 79 / 53 -67 -72 -79 / 55 67 70 75 / 65 -55 -70 -75 / 56 60 68 77 / 58 70 -56 -77 / 68 -56 -61 -77 / 54 62 70 74 / 72 -54 -62 41 <END> 
<S> 53 68 72 74 / 55 67 71 -74 / 65 72 -55 -74 / 64 67 -55 -74 / 48 63 67 72 / 60 79 -67 -72 / 58 65 74 -72 / 67 71 -58 -79 / 56 63 72 77 / 62 -56 -72 -77 / 57 60 72 75 / 55 67 71 74 77 47 55 67 74 <END> 
<S> 58 65 74 / 63 -58 -65 -74 / 57 65 72 75 / 55 70 -65 -76 / 53 60 68 74 / 67 -53 -60 -74 / 53 59 68 74 / 51 67 72 -53 / 44 59 65 74 / 64 72 -55 -60 / 41 62 74 -60 / 59 -47 -62 -74 / 48 60 67 72 / 48 63 72 79 <END> 
<S> 55 59 67 75 / 56 60 -67 -75 / 65 74 -56 -60 / 55 58 60 67 / 53 69 -60 -67 / 43 62 65 71 / 50 62 -65 -71 / 48 55 63 72 / 50 -55 -63 -72 / 51 55 62 70 / 60 -51 -55 -70 / 53 60 65 69 / 50 -60 -65 -69 / 55 62 67 71 / 43 59 62 67 <END> 
<S> 55 62 67 71 / 60 -55 -67 -71 / 67 -55 -60 -67 / 65 -55 -67 -71 / 51 63 67 72 / 58 62 74 -67 / 56 60 67 75 / 55 -60 -67 -75 / 53 62 68 77 / 55 63 67 -77 / 56 68 77 -75 / 44 -56 -68 -77 / 55 67 70 75 / 53 -67 -70 -75 / 51 65 70 77 / 50 -65 -70 -77 / 51 63 70 79 / 72 -51 -63 -79 <END> 
<S> 55 58 70 75 / 56 60 -70 -75 / 58 62 65 74 / 56 60 -65 -74 / 55 59 67 75 / 60 -55 -67 -75 / 50 62 70 77 / 68 -50 -62 -77 / 51 63 67 70 / 53 61 65 68 / 51 60 67 75 / 55 59 67 74 / 65 -55 -59 -74 / 56 60 63 72 / 55 -60 -63 -72 <END> 
<S> 51 60 67 75 / 53 -60 -67 -75 / 55 59 67 74 / 65 -55 -59 -74 / 56 60 63 72 / 55 58 63 70 / 53 56 65 68 / 51 58 67 70 / 56 63 68 72 / 58 65 74 -68 / 67 -58 -65 -74 / 56 65 68 72 / 55 67 -65 -72 / 53 60 65 68 <END> 
<S> 51 58 67 75 / 65 74 -51 -58 / 63 67 72 -58 / 62 65 70 -72 / 60 65 70 -72 / 52 -60 -65 -72 / 53 60 67 75 / 62 -53 -67 -75 / 55 63 70 74 / 53 68 -63 -74 / 51 67 72 75 / 70 -51 -67 -75 / 53 60 68 74 / 55 58 -68 -74 / 56 60 68 72 / 50 -56 -60 -72 <END> 
<S> 58 65 67 74 / 68 -58 -65 -74 / 60 63 67 75 / 62 65 -67 -75 / 63 67 70 79 / 58 -67 -70 -79 / 60 68 72 77 / 58 -60 -72 -77 / 60 70 75 -56 / 58 -60 -72 -76 / 57 65 72 77 / 53 75 -65 -72 / 58 65 70 74 / 53 65 68 74 <END> 
<S> 53 60 68 77 / 58 62 -68 -77 / 56 60 63 72 / 65 74 -56 -60 / 55 67 75 -60 / 53 60 68 74 / 55 59 62 -74 / 48 55 63 72 / 56 60 65 -72 / 55 67 70 -72 / 53 68 -60 -67 / 60 65 -53 -68 / 48 60 64 67 / 58 -48 -60 -67 / 53 56 65 -60 / 53 58 65 70 / 53 60 68 72 <END> 
<S> 56 60 67 72 / 65 -56 -60 -72 / 60 63 67 -56 / 53 60 68 -67 / 65 -53 -60 -68 / 55 59 67 -65 / 47 62 -55 -67 / 48 55 60 63 / 62 -48 -55 -63 / 44 56 60 63 / 43 -56 -60 -63 / 44 56 60 65 / 41 -56 -60 -65 / 41 53 56 60 / 39 55 -60 -60 / 55 59 -48 -60 / <END> 
<S> 44 60 63 / 44 59 -44 -63 / 43 56 62 -44 / 41 53 60 -56 / 41 53 60 -56 / 41 -53 -57 -60 / 41 53 62 -56 / 55 -41 -53 -62 / 46 55 58 -53 / 55 -43 -58 -50 / 57 -50 -53 -65 / 46 55 58 62 / 46 53 60 -58 / 45 48 60 65 / 45 <END> 
<S> 41 53 60 62 / 43 55 58 -62 / 44 60 57 / 43 59 -56 / 43 55 60 -43 / 41 55 62 -60 / 54 54 -60 -62 / 43 55 59 <END> 
<S> 50 55 62 71 / 48 55 63 -55 / 53 62 -48 -55 / 41 60 -48 -55 / 53 -48 -60 / 55 59 62 / 57 -55 -59 -62 / 47 55 58 -62 / 48 55 -55 -59 / 46 50 58 -55 <END> 
<S> 48 55 60 62 / 47 55 62 -62 / 48 55 60 64 / 50 65 -55 -60 / 52 55 60 67 / 50 -55 -60 -67 / 55 62 65 / 47 -55 -65 / 48 64 67 -55 / 45 60 64 67 <END> 
<S> 45 60 65 69 / 47 -60 -65 -69 / 48 60 64 67 / 58 -48 -64 -67 / 53 56 60 / 55 59 62 / / 52 56 60 / 48 52 57 60 / 53 55 60 72 / 52 55 60 67 <END> 
<S> 44 55 60 64 / 43 55 60 64 / 41 53 62 -60 / 59 -53 -62 / 47 55 62 -53 -62 / 52 55 60 64 / 53 65 -55 -60 / 55 59 62 / 43 -55 -59 -59 / 48 55 60 64 / 52 -55 -60 -64 <END> 
<S> 43 55 60 62 / 53 -43 -60 -62 / 52 -43 -60 -62 / 53 59 -43 -62 / 36 52 55 60 / 42 57 60 72 / 43 55 59 62 / 53 -43 -59 -62 / 36 48 55 60 64 / 40 55 60 67 / 43 62 -55 -67 / 45 72 -55 -60 / 47 50 62 67 <END> 
<S> 48 55 60 64 / 41 55 60 -63 / 43 55 59 62 / 57 -43 -59 -62 / 48 55 60 64 / 47 55 62 65 / 45 52 60 -57 / 47 50 55 62 / 48 55 64 / 47 55 62 67 / 45 60 -55 -67 / 43 55 59 67 / 47 54 62 69 <END> 
<S> 48 55 57 64 / 46 55 59 62 / 67 -43 -55 -59 / 48 52 55 60 / 47 -52 -55 -60 / 48 52 55 60 / 45 -52 -55 -60 / 50 54 57 60 / 62 -50 -57 -60 / 55 64 72 / 55 62 67 71 / 48 63 67 69 / 50 62 66 -69 <END> 
<S> 55 57 60 69 / 55 59 67 / 55 64 67 / 62 65 -55 -67 / 52 60 64 67 / 50 -60 -64 -67 / 52 55 67 72 / 50 62 65 71 / 48 64 67 72 / 55 62 71 74 / 67 -55 -71 -74 / 65 -55 -71 -74 / 48 64 67 72 / 55 65 71 74 <END> 
<S> 50 62 67 71 / 55 67 -62 -67 / 62 65 -67 -71 / 60 64 69 -55 / 55 -60 -64 -69 / 53 62 71 -69 / 52 64 67 72 / 50 -64 -67 -72 / 48 65 67 74 / 47 -65 -67 -74 / 48 62 67 72 / 60 -48 -67 -72 / 43 60 67 74 / 59 -43 -67 -74 / 48 64 67 72 <END> 
<S> 53 69 74 -60 / 59 62 67 -53 / 52 60 67 72 / 50 65 69 74 / 71 -50 -65 -74 / 48 67 72 76 / 52 60 67 79 / 53 69 74 -60 / 59 67 -53 -74 / 52 60 67 76 / 53 69 74 -60 / 55 67 71 74 / 53 -67 -71 -74 <END> 
<S> 52 67 72 -70 / 53 65 69 -72 / 64 -53 -69 -72 / 55 62 67 71 / 52 64 67 72 / 60 -64 -67 -72 / 55 67 74 -64 / 59 -55 -67 -74 / 57 60 67 72 / 59 62 67 74 / 57 60 72 76 / 78 -57 -60 -72 / 55 62 71 79 / 55 59 67 79 / 53 69 81 <END> 
<S> 59 62 67 74 / 60 64 -67 -74 / 62 65 74 / 64 67 72 / 43 55 -67 -72 / 65 -55 -67 -72 / 60 64 67 72 / 62 -60 -67 -72 / 60 66 69 74 / -60 -66 -69 -74 / 59 67 71 74 / 65 -59 -67 -74 / 60 64 67 72 / 55 62 -67 -72 <END> 
<S> 62 71 -67 / 69 72 -62 / 50 62 66 69 / 60 -50 -66 -69 / 55 59 62 67 / 55 59 62 67 / 52 60 67 70 / 53 60 65 69 / 48 50 65 71 / 47 62 -53 -71 / 48 52 60 67 / 45 52 60 65 / 45 52 -60 -65 / 47 50 55 -65 / 43 48 55 64 / 40 52 55 60 <END> 
<S> 50 58 62 67 / 49 64 -58 -67 / 50 57 62 65 / 55 -50 -62 -65 / 38 53 57 62 / 40 -53 -57 -62 / 40 55 60 64 / 41 -55 -60 -64 / 43 55 59 62 / 57 -43 -55 -62 / 45 52 55 60 / 53 -45 -55 -60 / 47 55 62 / 43 55 59 -62 / 48 55 60 64 / 52 -43 -60 -64 <END> 
<S> 43 55 62 -60 / 59 -43 -55 -62 / 53 -43 -59 -62 / 52 55 60 / 47 53 62 67 / 48 60 -53 -67 / 47 50 65 67 / 43 62 -67 -70 / 48 64 69 -67 / 50 62 66 -69 / 60 -50 -66 -69 / 43 59 62 67 / 55 59 62 67 <END> 
<S> 48 55 64 69 / 47 -55 -64 -69 / 48 52 60 67 / 50 59 62 -67 / 57 -47 -50 -62 / 48 52 55 64 / 50 53 55 62 / 52 55 59 62 / 53 57 60 / 55 59 62 <END> 
<S> 50 55 62 71 / 48 55 69 -62 / 46 55 62 67 / -70 -43 -55 -62 / 51 55 60 64 / 53 -55 -60 -64 / 52 55 60 67 / 50 65 -55 -60 / 48 55 60 64 / 43 59 62 -55 / 53 -43 -59 -62 / 48 52 55 60 <END> 
<S> 53 57 60 65 / 55 -53 -60 -65 / 57 62 -53 -60 / 55 59 -62 / 53 60 -43 -55 / 54 54 57 62 / 42 55 60 62 / 41 53 62 69 / 48 54 63 -69 / 46 58 62 65 / 45 53 60 72 / 46 55 62 -72 / 48 69 -55 -72 / 50 55 62 69 / 54 -50 -62 -69 / 60 -50 -54 -69 <END> 
<S> 46 50 58 65 / 47 50 -58 -65 / 53 57 60 / 43 58 -51 -60 / 41 53 60 -58 / 54 63 -53 -60 / 41 53 60 62 / 48 55 60 63 / 0 / 48 60 63 / 55 58 -48 -63 / 53 56 60 -63 / 62 -53 -53 -56 <END> 
<S> 48 55 60 63 / 46 55 58 62 / 44 53 60 63 / 43 55 60 63 / 45 -55 -60 -63 / 53 62 65 -56 -60 / 50 59 -62 -65 <END> 
<S> 43 55 59 62 / 55 62 -43 -55 / 48 55 60 63 / 50 53 58 70 / 46 -53 -58 -70 / 51 58 67 / 51 -51 -58 -67 / 44 60 65 68 / 46 58 65 68 <END> 
<S> 46 53 62 70 / 63 -53 -70 -70 / 46 65 62 -70 / 51 60 63 67 / 48 63 -63 -67 / 53 62 65 70 / 51 -62 -65 -68 / 55 62 65 70 / 63 67 -55 -70 / 62 -55 -67 -70 / 60 -55 -67 / 64 -53 -60 -67 / 41 58 65 68 / 43 50 -65 -68 / 39 55 58 67 <END> 
<S> 56 60 67 72 / 65 -56 -60 -72 / 55 60 67 -51 / 53 -55 -60 -67 / 43 59 -55 -67 / 65 -43 -55 -59 / 48 55 60 63 / 48 60 63 67 / 50 -60 -63 -67 / 51 58 63 67 / 50 53 65 68 / 51 55 63 / 61 -51 -55 -60 / 51 56 60 / 53 -51 -56 -60 <END> 
<S> 48 60 63 67 / 46 -60 -63 -67 / 44 63 65 72 / 63 -44 -63 -72 / 46 62 -63 -72 / 61 65 70 77 / 60 63 69 75 / 46 65 -63 -70 / 48 63 68 75 / 50 65 70 74 / 51 58 67 75 / 65 74 -51 -58 / 63 67 72 -58 / 62 70 -67 -72 / 63 -58 -67 -72 <END> 
<S> 51 63 67 70 / 51 63 67 70 / 53 68 -63 -70 / 55 63 70 / 56 -63 -70 / 56 65 68 72 / 53 74 -65 -68 / 60 63 68 75 / 58 65 70 -75 / 56 -65 -70 -74 / 55 67 70 75 / 56 -67 -70 -75 <END> 
<S> 58 63 67 70 / 65 68 -58 -63 / 58 63 70 74 / 56 62 -70 -74 / 55 67 70 75 / 53 -67 -70 -75 / 51 67 75 79 / 53 -67 -75 -79 / 55 67 71 74 / 53 68 -71 -74 / 51 63 72 79 / 50 -63 -72 -79 / 55 62 74 77 / 59 67 74 -77 <END> 
<S> 53 68 74 77 / 72 75 -53 -68 / 55 62 74 -68 / 67 71 -55 -74 / 63 67 -71 -74 / 65 67 -43 -71 / 48 63 -67 -71 / 60 63 72 79 / 58 -63 -72 -79 <END> 
<S> 63 70 -51 -63 / 62 -51 -67 -70 / 53 60 65 69 / 51 -60 -65 -69 / 50 58 65 70 / 46 58 -65 -70 / 48 63 68 -58 / 61 -48 -64 -68 / 44 60 65 68 <END> 
<S> 46 62 65 68 / 50 62 65 70 / 51 58 63 67 / 57 60 65 / 58 59 62 65 / 51 55 60 63 / 53 57 60 -63 / 59 62 -53 -60 / 60 -53 -60 -62 <END> 
<S> 55 62 63 70 / 56 65 -63 -70 / 62 65 67 70 / 63 -62 -65 -70 / 59 62 67 / 60 -59 -62 -67 / 51 60 67 72 / 50 62 70 -67 / 48 63 67 70 / 68 -48 -63 -67 <END> 
<S> 43 62 67 70 / 63 -43 -67 -70 / 44 60 65 72 / 63 -44 -60 -72 / 46 62 65 70 / 59 62 67 67 / 60 65 68 / 62 -60 -65 / 55 60 63 70 / 53 -60 -63 -70 <END> 
<S> 60 63 67 / 56 60 -63 -67 / 65 -56 -60 / 55 62 70 -60 / 53 59 68 -62 / 51 55 60 67 / 57 -51 -60 -67 / 43 59 63 / 68 -43 -59 -63 / 48 60 63 69 / 47 62 67 / 55 -47 -62 -67 <END> 
<S> 48 55 60 63 / 46 -55 -60 -63 / 44 53 60 65 / 43 -53 -60 -65 / 41 62 -53 -60 / 59 62 -53 -53 / 51 -53 -59 -62 / 51 55 60 -51 / 50 -51 -55 -60 / 51 51 58 67 / 50 -51 -58 -67 / 48 51 60 67 / 46 -51 -60 -67 <END> 
