<S> 65 69 72 / 64 65 71 74 / 62 -65 -71 -74 / 60 67 72 76 / 74 77 -60 -67 / 60 76 79 -60 / 58 -60 -76 -79 / 57 60 76 77 / 62 74 -57 -77 / 72 -57 -62 -77 / 56 64 71 76 / 57 69 72 76 <END> 
<S> 57 60 74 77 / 59 62 74 -77 / 72 76 -62 -65 / 60 65 74 -72 / 64 67 72 76 / 55 65 71 74 / 64 67 72 76 / 60 -67 -72 -76 / 62 67 72 74 / 71 -62 -67 -74 / 64 67 72 / 62 74 -67 -72 <END> 
<S> 60 67 72 76 / 59 -67 -72 -76 / 57 60 72 77 / 59 62 -72 -77 / 60 64 72 76 / 65 74 -60 -72 / 55 67 71 74 / 62 -55 -67 -74 / 55 64 71 79 / 53 -55 -71 -79 / 52 74 -60 -65 / 53 57 69 -74 / 59 -54 -69 -76 <END> 
<S> 55 67 71 74 / 56 64 71 76 / 57 64 69 72 / 59 62 74 -69 / 67 -59 -62 -74 / 60 67 76 / 62 77 -60 -67 / 61 64 69 79 <END> 
<S> 57 64 69 72 / 59 62 74 -69 / 60 64 68 76 / 65 -60 44 -76 / 64 67 71 -60 / 59 -64 -67 -71 / 57 64 69 72 / 62 71 -57 -69 / 60 66 69 -69 / 59 -66 -69 -76 / 64 71 -69 / 62 66 69 74 / 60 67 76 / 62 -60 -67 -76 <END> 
<S> 57 64 69 72 / 77 -57 -64 -72 / 55 62 67 71 / 53 -62 -67 -71 / 52 60 67 72 / 64 -60 -67 -72 / 55 60 65 74 / 59 -55 -65 -74 / 48 60 64 72 / 48 55 -64 -72 / 50 62 65 71 / 52 55 67 -71 / 50 59 -67 -71 <END> 
<S> 48 55 64 72 / 47 62 -55 -72 / 45 60 69 -55 / 54 -45 -60 -69 / 43 50 59 67 / 55 62 -43 -59 / 47 60 62 67 / 48 60 64 69 / 47 -60 -64 -69 / 48 64 71 -60 / 45 59 64 72 / 47 -59 -64 -72 / 48 57 66 -72 / 50 -57 -66 -72 <END> 
<S> 55 60 64 69 / 53 -60 -64 -69 / 48 60 65 67 / 47 -60 -65 -67 / 45 60 64 67 / 47 62 65 74 / 48 55 64 72 / 42 57 62 72 / 43 71 -62 -57 / 45 55 72 -62 / 54 -45 -55 -72 / 43 55 62 71 / 50 -55 -62 -71 <END> 
<S> 48 60 64 67 / 59 -48 -64 -67 / 50 57 66 69 / 59 -50 -66 -69 / 57 60 64 72 / 55 59 -64 -72 / 60 54 69 -72 / 55 62 71 -69 / 64 -55 -71 / 65 -55 -71 / 48 64 67 72 / 55 62 67 71 / 55 59 62 67 <END> 
<S> 54 62 69 74 / 60 -54 -69 -74 / 55 59 71 -74 / 72 -55 -59 -76 / 74 -55 -60 -67 / 59 67 74 -55 / 48 64 -67 -74 / 50 62 66 69 / 60 -50 -66 -69 / 55 59 62 67 / 52 60 67 70 / 54 60 69 69 / 62 -54 -69 -69 / 56 59 68 71 <END> 
<S> 52 55 67 72 / 54 57 62 -72 / 55 58 62 67 / 48 64 69 -55 / 54 62 69 -48 / 55 58 62 70 / 60 69 -55 -62 / 43 55 58 67 / 53 -43 -58 -67 <END> 
<S> 58 62 65 / 56 -58 -65 -65 / 55 58 64 67 / 62 -55 -58 -67 / 56 60 65 / 53 58 65 68 / 51 58 67 70 / 46 58 63 68 / 44 -58 -63 -68 / 46 58 62 65 / 63 -46 -58 -65 / 46 62 65 -58 / 51 58 63 67 / 55 58 63 70 / 56 63 65 -70 <END> 
<S> 51 58 65 67 / 63 -51 -58 -67 / 56 60 65 / 55 58 -60 -65 / 53 56 65 -60 / 58 -53 -53 -65 / 46 53 62 70 / 48 51 58 68 / 50 58 67 / -58 -50 -58 -67 / 51 58 67 / 50 53 59 -67 / 48 60 67 -56 / 55 59 62 -48 / 53 56 60 63 / 55 62 65 -55 / 56 63 72 -53 / 55 59 67 74 / 53 -59 -67 -74 / 51 60 67 75 / 55 59 -67 -75 / 56 60 68 75 / 55 72 -60 -75 <END> 
<S> 51 55 67 72 / 50 71 74 -55 / 55 62 71 53 / 51 63 72 79 / 53 -63 -72 -79 / 55 62 71 74 / 51 63 72 79 / 56 62 71 77 / 68 -62 -62 -77 / 60 67 75 / 55 59 74 -67 / 53 68 72 74 / 55 67 71 -74 / 65 -55 -71 -74 / 48 63 67 72 / 55 62 70 77 / 53 -62 -70 -77 <END> 
<S> 55 67 71 75 / 63 72 -67 -75 / 65 74 -56 -63 / 55 62 71 -77 / 56 60 72 77 / 53 68 74 -60 / 55 59 67 -74 / 56 60 65 -74 / 72 -60 -65 / 55 67 70 74 / 56 60 -70 -75 / 58 60 68 74 / 56 60 67 72 / 55 68 -60 -72 / 53 65 70 74 / 52 -60 -65 -70 <END> 
<S> 53 60 68 74 / 55 59 67 -74 / 56 60 65 72 / 60 -56 -60 -72 / 55 59 67 74 / 60 75 -55 -67 / 65 -55 -60 -74 / 53 59 67 74 / 48 -59 -67 -74 / 50 72 65 74 / 71 -50 -65 -74 / 51 67 72 / 55 70 -67 -72 / 65 69 -55 -72 / 60 67 72 75 / 58 -67 -72 -75 <END> 
<S> 48 60 67 75 / 55 67 74 -60 / 59 -55 -67 -74 / 72 -55 -59 -67 / 48 62 67 72 / 60 63 -67 -72 / 56 62 65 72 / 60 -56 -72 / 55 62 67 71 / 55 59 62 67 / 53 -59 -67 -74 / 51 60 67 72 / 53 -60 -67 -72 <END> 
<S> 56 60 63 72 / 55 -60 -63 -72 / 53 68 74 -60 / 55 59 67 -74 / 65 -55 -59 -74 / 56 59 63 72 / 48 55 63 72 / 60 62 67 <END> 
<S> 48 60 63 -67 / 62 -48 -60 -67 / 60 63 -48 -60 / 58 -48 -63 -63 / 46 62 65 / 51 55 67 -65 / 51 60 67 / 70 -51 -60 -67 / 53 60 68 -67 / 65 -53 -60 -68 / 51 58 67 -65 / 63 -51 -58 -67 <END> 
<S> 51 63 67 / 50 65 -58 -67 / 48 63 67 72 / 58 62 -67 -72 / 56 60 65 72 / 55 67 -60 -72 / 53 60 68 74 / 55 59 67 74 / 65 -55 -67 -74 / 48 63 67 72 / 58 65 70 74 / 56 65 72 <END> 
<S> 53 60 69 -67 / 65 -53 -60 -69 / 55 59 67 74 / 48 60 67 75 / 50 65 -60 -75 / 51 58 67 75 / 53 68 -58 -75 / 55 63 70 74 / 61 67 -70 -74 / 58 68 73 56 / 74 -65 -68 -72 / 63 70 75 79 / 62 -70 -75 -79 / 60 72 75 79 / 74 77 -60 -80 <END> 
<S> 60 63 68 75 / 67 -60 -63 -75 / 54 63 72 75 / 58 -63 -72 -75 / 56 60 72 77 / 55 70 -60 -77 / 53 60 68 77 / 68 -53 -60 -77 / 55 59 67 75 / 56 60 65 77 / 58 64 74 / 56 60 65 72 / 64 -56 -60 -72 / 55 65 -60 -72 / 53 60 -60 -70 <END> 
<S> 53 60 68 74 / 55 60 67 -74 / 56 60 -67 -74 / 72 -60 -56 -67 / 55 59 65 74 / 53 60 -65 -74 / 55 59 67 75 / 54 57 62 74 / 50 58 -57 -74 / 51 55 58 67 / 53 60 -51 -67 / 62 -51 -53 -67 / 48 55 63 72 / 50 65 -55 -72 <END> 
<S> 55 60 67 75 / 58 -55 -67 -75 / 56 60 65 77 / 53 -56 -60 -77 / 55 58 70 75 / 56 -55 -70 -75 / 58 62 70 77 / 68 -58 -62 -77 / 60 67 75 -62 / 58 -60 -67 -75 / 53 60 72 77 / 55 58 79 79 / 56 60 -79 -79 / 58 62 70 77 / 68 -58 -62 -77 / 51 63 67 75 / 53 65 69 72 / 63 -53 -69 -72 <END> 
<S> 53 60 74 -70 / 55 -60 -74 -77 / 57 60 72 75 / 58 65 70 74 / 67 75 -58 / 56 60 65 77 / 58 62 74 77 / 60 67 72 75 / 58 65 70 74 / 56 65 68 72 / 55 67 70 -72 / 53 60 68 74 / 55 59 67 -74 / 56 60 65 -74 / 72 -56 -60 -65 <END> 
<S> 60 67 75 / 58 -60 -67 -75 / 56 68 75 / 55 -60 -68 -75 / 53 60 68 74 / 55 59 67 -74 / 56 60 65 72 / 74 -56 -60 -65 / 55 60 67 75 / 53 68 -60 -75 / 55 60 67 74 / 43 59 -67 -74 / 65 -43 -59 -74 <END> 
<S> 56 60 63 72 / 65 74 -56 -60 / 55 60 67 75 / 53 -60 -67 -75 / 55 60 67 74 / 59 -55 -67 -74 / 0 / 56 60 64 72 / 65 -56 -60 -72 / 55 59 67 -65 / 60 63 -55 -67 / 58 62 -67 -70 / 57 63 67 72 / 60 65 68 -72 <END> 
<S> 57 60 65 72 / 55 -60 -65 -72 / 53 60 68 70 / 55 -60 -65 -68 / 53 65 70 -60 / 58 -60 -65 -70 / 56 60 65 72 / 56 60 64 -72 / 65 -56 -60 -72 / 55 58 63 72 / 56 -58 -63 -72 / 46 58 62 70 / 68 -46 -58 -62 <END> 
<S> 53 57 65 74 / 58 73 -65 45 / 63 69 72 -55 / 57 -63 -69 -72 / 66 -57 -69 -72 / 46 62 67 74 / 58 65 -62 -68 / 60 63 67 / 59 62 -67 / 60 63 67 75 / 58 62 -67 -75 / 56 60 72 77 / 55 70 -60 -77 <END> 
<S> 60 63 67 72 / 62 -60 -67 -72 / 60 65 68 74 / 58 -65 -68 -74 / 57 63 72 / 62 65 -72 / 60 63 67 75 / 58 -63 -67 -75 / 56 60 72 77 / 55 70 75 -60 / 53 65 72 74 / 74 -53 -65 -74 / 55 58 75 -74 / 56 60 65 77 / 58 62 70 77 / 63 -58 -70 -77 <END> 
<S> 53 60 68 72 / 55 70 -60 -72 / 56 60 68 72 / 58 -60 -63 -72 / 68 74 -58 -60 / 55 60 67 75 / 53 68 -60 -75 / 55 60 67 74 / 56 65 72 -74 / 74 -56 -65 -72 / 56 60 65 -72 / 58 62 74 -68 / 60 63 67 75 / 69 -60 -63 -75 / 55 65 71 74 / 53 63 67 72 <END> 
<S> 60 67 72 / 56 -60 -67 -72 / 55 65 74 -60 / 59 -55 -65 -74 / 48 60 67 75 / 53 60 68 74 / 51 75 -60 -68 / 77 -48 -60 -68 / 48 67 75 -60 / 50 59 -67 -75 / 51 60 67 72 / 53 -60 -67 -72 / 55 62 67 74 / 47 62 67 74 / 48 60 67 75 / 74 -48 -60 -67 <END> 
<S> 51 60 67 72 / 50 65 -60 -72 / 51 67 71 / 63 -51 -67 -71 / 44 60 63 72 / 56 59 65 74 / 53 -59 -65 -74 / 51 58 67 75 / 50 60 65 77 / 62 -50 -65 -77 / 48 67 72 75 / 66 -48 -72 -75 / 55 67 71 74 -48 60 -67 -71 -74 <END> 
<S> 50 62 65 71 / 48 63 67 72 / 55 59 67 74 / 60 67 75 / 58 62 -67 -75 / 56 63 72 77 / 55 -63 -72 -77 / 53 62 70 79 / 51 63 -70 -79 / 50 65 70 77 / 69 -50 -65 -77 / 51 67 70 79 / 53 69 -67 -79 / 55 67 71 75 / 77 -55 -67 -71 <END> 
<S> 46 65 70 74 / 53 75 -65 -70 / 53 65 69 77 / 60 -53 -69 -77 / 55 58 70 75 / 56 60 -70 -75 / 46 58 65 74 / 68 -46 -58 -74 / 53 67 70 75 / 65 68 -70 -75 / 62 65 70 77 / 72 -62 -65 -77 / 58 65 70 79 / 60 -65 -70 -79 / 58 62 65 77 / 67 75 -62 -65 <END> 
<S> 51 63 68 72 / 48 63 70 -68 / 61 65 70 / 52 -61 -70 / 53 60 68 72 / 53 65 70 74 / 63 -53 -70 -74 / 53 62 65 70 / 59 62 67 -70 / 51 60 67 72 / 63 -51 -67 -72 <END> 
<S> 55 58 70 75 / 53 60 68 77 / 62 -53 -68 -77 / 60 67 72 -53 / 55 59 67 74 / 60 67 75 / 62 74 -67 -75 / 63 67 70 75 / 65 77 -70 -75 / 67 70 74 -77 / 56 -70 -74 -77 <END> 
<S> 60 63 67 75 / 62 -60 -67 -75 / 54 60 69 75 / 55 67 71 74 / 58 65 73 74 / 56 -58 -74 / 55 58 67 75 / 53 68 77 -58 / 51 63 70 79 / 50 -63 -70 -79 / 51 63 68 77 / 72 -51 -63 -77 / 55 70 74 -77 / 75 -55 -70 -74 <END> 
<S> 58 63 70 77 / 56 -63 -70 -77 / 58 62 70 77 / 68 -62 -58 -77 / 60 63 67 75 / 65 69 -60 -75 / 55 67 71 74 / 72 75 -55 -67 / 53 65 74 / / 55 -65 -74 / 63 69 -55 -74 / 54 62 -69 -74 / 60 -54 -69 -74 / 55 59 67 74 / 60 67 75 / 58 -60 -67 -75 <END> 
<S> 55 67 71 74 / 55 63 67 72 / 53 65 68 74 / 55 63 70 75 / 56 68 -63 -75 / 58 65 70 74 / 68 -58 -65 -74 / 60 63 67 72 / 69 -60 -63 -72 / 55 62 71 74 / 53 -62 -71 -74 / 52 67 72 77 / 53 -62 -67 -72 <END> 
<S> 58 65 70 74 / 56 -65 -70 -74 / 55 63 70 75 / 74 -55 -63 -70 / 56 72 -63 / 55 64 70 -72 / 53 65 68 72 / 51 67 70 -72 / 56 64 68 72 / 58 -64 -67 -72 / 67 -56 -64 -72 / 55 61 70 53 / 56 61 -70 -70 / 55 58 67 -70 / 53 68 -58 -70 <END> 
<S> 53 56 65 72 / 51 63 67 -72 / 60 68 -51 -67 / 50 65 68 70 / 48 63 67 69 / 46 62 65 70 / 67 -46 -62 -65 / 45 60 63 72 / 58 65 70 74 / 54 63 69 75 / 67 -54 -63 -69 / 55 62 67 70 / 60 63 67 <END> 
<S> 50 65 70 -63 / 62 -50 -70 -70 / 51 63 70 79 / 62 71 -51 -79 / 53 60 68 77 / 55 59 67 -77 / 56 60 65 75 / 58 -60 -65 -75 / 75 -58 -60 -75 / 51 60 70 79 / 55 68 75 -51 / 62 70 77 <END> 
<S> 53 60 68 77 / 51 -60 -68 -77 / 50 59 68 77 / 62 -50 -68 -77 / 48 67 72 -62 / 63 69 -48 -72 / 46 65 70 74 / 50 58 65 74 / 51 58 67 75 / 57 60 65 -75 / 58 62 65 74 / 56 60 -65 -74 / 55 59 67 75 / 53 68 77 -75 / 74 -53 -68 -68 <END> 
<S> 51 56 65 68 / 56 -51 -65 -68 / 58 -48 -56 -65 / 55 59 -49 -65 / 60 63 -43 -55 / 58 62 -55 -63 / 56 60 64 / 48 55 60 63 / 53 56 60 65 / 51 55 67 -60 / 49 53 65 68 / 50 58 -65 -68 / 51 67 -58 -65 / 53 60 63 69 / 55 59 62 67 <END> 
<S> 44 56 60 65 / 60 -44 -56 -65 / 46 49 65 70 / 48 46 -65 -70 / 44 54 63 72 / 62 -54 -44 -72 / 46 55 62 70 / 48 63 68 -55 / 53 60 -48 -67 / 41 56 60 65 / 51 55 67 -60 / 60 -51 -51 -67 / 52 60 67 / 53 -52 -60 -67 / 53 65 68 -60 / 59 62 -53 -65 / 60 -53 -53 -68 / 55 62 67 -53 / 45 60 63 -67 <END> 
<S> 48 55 60 63 / 46 -55 -60 -63 / 44 56 60 65 / 43 59 62 67 / 44 60 67 75 / 53 -60 -67 -75 / 55 60 67 74 / 59 -55 -67 -74 / 44 60 67 72 / 43 59 67 74 / 60 67 75 / 58 62 -67 -75 / 56 63 72 77 / 55 -63 -72 -77 / 53 68 72 79 / 50 77 -72 -77 / 46 70 75 77 / 58 68 74 77 <END> 
<S> 47 62 67 79 / 65 -47 -67 -79 / 48 67 72 75 / 63 -48 -67 -75 / 53 63 72 / 62 -53 -72 -77 / 57 -53 -72 -77 / 55 58 70 -77 / 53 68 -58 -74 / 55 67 75 -58 / 56 60 65 77 / 58 62 67 74 / 63 -58 -67 -79 / 65 -55 -70 -74 / 72 -55 -65 -70 / 53 65 70 72 / 51 55 -70 -70 <END> 
<S> 53 60 68 75 / 58 65 74 -75 / 56 -58 -65 -74 / 55 70 75 / 51 60 -70 -75 / 50 62 65 77 / 67 -50 -62 -77 / 48 63 67 79 / 60 -48 -67 -79 / 50 65 77 -60 / 58 62 -50 -65 / 51 -58 -62 -70 / 51 63 67 -70 / 62 -51 -67 -70 / 53 60 65 68 / 63 -53 -60 -68 / 55 59 62 67 <END> 
<S> 50 62 67 70 / 65 -50 -62 -70 / 51 55 63 72 / 50 -55 -63 -72 / 48 55 63 72 / 51 -48 -55 -72 / 56 60 63 72 / 65 74 -56 -60 / 55 60 67 75 / 53 -60 -67 -75 / 55 60 67 74 / 59 -55 -67 -74 / 44 60 67 75 / 43 59 67 75 / 42 72 -67 -75 <END> 
<S> 56 60 63 72 / 65 74 -56 -60 / 55 67 75 -60 / 53 68 74 -60 / 55 59 62 74 / 63 -55 -59 -74 / 56 60 65 72 / 55 -60 -65 -72 / 53 59 68 74 / 58 62 -68 -74 / 56 63 72 / 74 -56 55 -72 / 55 67 71 74 / 53 59 -67 -74 <END> 
<S> 56 60 63 72 / 65 -56 -60 -72 / 55 60 67 72 / 53 59 74 -67 / 55 59 67 -74 / 65 -55 -67 -74 / 48 63 67 72 / 58 62 70 77 <END> 
<S> 50 62 65 77 / 51 60 67 -77 / 53 60 69 77 / 55 75 -60 -69 / 53 56 74 -60 / 58 -53 -74 / / 72 -58 75 / 58 67 74 -72 / 56 65 70 72 / 55 58 -70 -72 / 53 65 68 72 <END> 
<S> 53 68 74 -63 / 55 62 70 -74 / 56 63 72 / 55 65 -63 -72 / 53 63 70 -72 / 55 65 -70 -72 / 56 65 72 / 55 64 -72 -72 / 53 65 68 74 / 55 67 -65 -74 / 65 -55 -67 -74 / 56 63 72 / 70 -56 -63 -72 <END> 
<S> 56 60 67 72 / 65 -56 -60 -72 / 55 61 64 70 / 53 65 -61 -70 / 52 60 67 72 / 58 -52 -67 -72 / 53 56 65 74 / 58 -53 -65 -74 / 54 60 63 72 / 55 58 64 -72 <END> 
<S> 58 65 70 / 53 -58 -70 -70 / 51 58 67 79 / 48 63 -67 -79 / 44 62 65 77 / 59 67 75 -77 / 65 68 74 -77 / 75 -65 -68 -72 / 63 67 70 -72 / 65 68 71 74 / 63 67 70 75 / 65 68 77 44 60 67 75 -72 <END> 
<S> 63 68 72 75 / 67 77 -63 / 65 68 74 / 55 63 70 75 / 53 63 68 70 / 51 63 67 70 / 56 60 65 72 / 58 62 67 70 / 56 63 68 72 / 55 67 -63 -72 / 53 65 68 74 / 72 -53 -65 -68 <END> 
<S> 63 68 -58 -68 / 60 63 -68 -68 / 58 61 -68 -68 / 60 68 -56 -65 / 48 64 67 79 / 53 60 68 75 / 67 -53 -60 -75 / 58 65 74 / 56 -58 -65 -74 / 55 59 67 75 <END> 
<S> 53 60 65 68 / 58 62 -65 -68 / 56 60 65 44 / 62 -56 -65 / 60 64 68 -46 / 50 62 65 70 / 48 63 67 -70 / 53 62 65 70 / 51 60 63 -68 / 50 65 -60 -63 <END> 
<S> 51 63 68 72 / 50 -63 -68 -72 / 51 67 70 -68 / 50 -62 -67 -70 / 48 60 67 75 / 58 -48 -67 -75 / 53 56 68 74 / 72 -53 -56 -68 / 55 63 67 70 / 62 65 -55 -70 / 56 60 63 72 / 55 63 -60 -72 <END> 
<S> 53 63 68 / 60 65 -53 -68 / 46 61 67 68 / 44 60 68 -68 / 50 58 61 -68 / 51 58 67 / 53 65 68 -58 / 63 -50 -53 -68 / 59 62 -53 -68 / 52 55 60 67 / 50 57 60 65 / 50 59 62 67 / 55 60 63 -67 / 53 57 60 -67 <END> 
<S> 55 58 62 70 / 51 55 63 70 / 48 55 67 72 / 53 56 68 74 / 51 58 65 -68 / 56 -51 -65 -68 / 46 55 65 70 / 53 63 68 -70 / 51 62 67 70 / 53 60 65 69 / 51 63 67 70 / 70 -51 -63 -70 <END> 
<S> 53 60 65 70 / 51 -60 -65 -70 / 53 63 69 72 / 58 62 -69 -72 / 60 67 72 75 / 58 -67 -72 -75 / 56 60 72 77 / 55 70 75 79 / 53 65 70 -79 / 47 79 -65 -79 / 48 60 75 77 / 50 62 74 77 <END> 
<S> 53 65 72 80 / 74 -53 -65 -80 / 75 -53 -65 58 / 46 65 74 77 / 67 75 -58 48 / 55 0 77 / 53 60 67 -77 / 51 60 69 79 / 55 71 74 -60 / 60 -55 -71 -74 / 65 -55 -71 -74 / 48 64 67 72 / 60 63 72 79 <END> 
<S> 53 60 69 74 / 55 67 -60 -74 / 72 -55 -67 -74 / 43 59 -67 -74 / 65 77 -55 / 48 60 63 75 / 58 67 74 -75 / 62 72 -67 -77 / 63 70 75 79 / 62 65 77 82 / 60 63 75 79 / 58 -63 -75 -79 <END> 
<S> 63 72 -51 -63 / 50 65 -63 -72 / 51 63 67 -72 / 53 -63 -67 -72 / 55 62 67 71 / 60 63 67 72 / 58 62 -67 -72 / 57 60 65 77 / 55 67 -65 -77 / 53 60 69 75 / 68 74 -53 -69 / 46 67 70 74 <END> 
