<S> 60 64 67 72 / 55 59 67 74 / 48 60 67 76 / 59 -48 -67 -76 / 50 57 74 -67 / 66 -50 -57 -74 / 52 55 64 72 / 54 57 -64 -72 / 55 59 62 71 / 67 -55 -59 -71 / 60 -55 -67 -71 / 50 62 67 69 / 57 66 -50 -69 / 43 59 67 <END> 
<S> 47 55 62 71 / 48 64 -55 -71 / 50 62 66 69 / 60 -50 -66 -69 / 43 59 62 67 / 52 60 64 67 / 50 65 69 / 52 71 -65 -69 / 49 64 67 76 / 50 65 77 -64 / 62 67 -50 -77 / 52 64 73 79 / 62 -52 -72 -79 / 53 60 69 77 / 55 67 71 -60 <END> 
<S> 52 60 67 72 / 50 65 74 -60 / 52 67 76 / 53 -67 -72 -76 / 55 67 74 -72 / 71 -55 -67 -74 / 48 67 70 76 / 53 65 69 72 / 64 -53 -69 -72 / 55 62 71 74 / 67 -55 -71 -74 / 65 -55 -71 -74 <END> 
<S> 53 65 69 74 / 71 -53 -65 -74 / 52 64 72 73 / 57 -64 -72 -79 / 50 65 70 82 / 55 62 -70 -79 / 60 67 76 -62 / 58 -60 -67 -76 / 57 60 65 77 / 59 62 67 -77 / 60 67 76 / 64 -60 -67 -76 / 54 62 69 74 / 72 -54 -62 -69 <END> 
<S> 57 60 69 76 / 59 68 77 -76 / 60 76 -68 56 / 62 77 -60 / 64 67 72 / 65 69 -72 / 64 67 71 76 / 62 65 81 81 / 64 62 -81 -81 / 58 62 79 -81 / 61 -58 -79 -79 / 70 -58 -64 -79 / 69 -58 -76 -79 / 74 -58 -69 -79 <END> 
<S> 64 67 76 84 / 56 -64 -67 -76 / 62 69 77 -56 / 60 76 -69 -77 / 59 67 74 79 / 55 76 -67 -79 / 60 67 76 / 53 65 69 72 / 52 67 71 74 / 50 -67 -71 -74 / 52 67 72 76 / 53 -67 -72 -76 / 55 67 71 -72 / 65 -55 -71 -76 <END> 
<S> 52 67 72 / 50 65 -67 -72 / 48 64 67 -72 / 53 62 -67 -72 / 55 60 67 74 / 72 -55 -60 -67 / 43 59 65 74 / 47 62 67 -74 / 48 60 67 76 / 60 72 76 / 59 -67 -72 -79 / 56 64 71 76 / 62 -56 -71 -76 / 57 60 65 77 / 59 62 67 -77 <END> 
<S> 48 60 67 76 / 64 -60 -67 -76 / 47 62 67 74 / 76 -47 -62 -67 / 77 -47 -62 -67 / 48 67 76 -62 / 60 -48 -67 -76 / 43 60 67 74 / 59 -43 -67 -74 / 48 64 67 72 / 60 67 72 76 / 77 -60 -67 -72 <END> 
<S> 48 60 67 76 / 50 -60 -67 -76 / 52 60 67 76 / 53 -60 -67 -76 / 55 59 67 74 / 65 -55 -59 -74 / 57 60 64 72 / 55 59 -64 -72 / 53 57 69 74 / 62 -53 -69 -74 / 60 64 -69 -74 / 59 68 44 -76 / 57 60 69 -76 / 59 62 68 -76 <END> 
<S> 52 59 68 71 / 64 -52 -59 -71 / 57 64 69 72 / 55 62 71 -69 / 67 -55 -62 -71 / 50 60 69 -67 / 66 -50 -60 -69 / 55 59 62 67 / 52 59 67 / 65 -52 -59 -67 / 57 60 64 72 / 55 59 -64 -72 / 53 57 69 72 / 64 -53 -69 -72 / 47 62 65 74 <END> 
<S> 50 62 66 71 / 52 60 66 -71 / 52 59 67 -71 / 54 69 -67 -71 / 55 59 67 71 / 57 64 72 -67 / 66 -57 -72 / 55 62 67 71 / 53 -55 -67 -71 / 52 64 67 72 / 55 67 74 -67 / 62 -55 -67 -74 / 55 62 71 -55 / 57 72 -62 -55 / 55 59 67 74 / 52 -55 -59 -67 <END> 
<S> 55 62 67 71 / 60 64 69 -55 / 54 62 69 74 / 55 59 67 -74 / 60 67 76 / 58 -60 -67 -76 / 57 60 65 77 / 55 67 76 -60 / 57 60 65 77 / 59 62 67 -77 / 60 67 76 / 52 60 67 79 <END> 
<S> 55 59 67 79 / 60 -55 -67 -76 / 55 60 67 74 / 59 74 -55 -74 / 48 60 67 76 / 60 64 67 72 / 74 -60 -64 -67 / 59 67 76 / 65 -59 -67 -76 / 59 64 67 74 / 57 60 72 76 <END> 
<S> 59 62 67 74 / 64 -59 -67 -74 / 60 67 72 76 / 48 -67 -72 -76 / 50 67 72 77 / 71 -50 -67 -77 / 52 67 72 76 / 53 -67 -72 -76 / 55 67 72 74 / 65 71 -55 -74 / 64 69 72 -55 / 57 65 74 -72 / 59 62 67 74 <END> 
<S> 50 69 74 77 / 71 -50 -74 -77 / 52 67 72 76 / 53 -67 -72 -76 / 55 67 74 -72 / 71 -55 -67 -74 / 0 / 56 64 71 76 / 57 64 72 78 / 59 62 74 -72 / 57 60 72 76 / 77 -57 -60 -72 <END> 
<S> 57 64 72 / 55 71 -64 -72 / 53 65 69 72 / 52 59 68 71 / 57 64 69 72 / 62 69 74 / 55 62 71 77 / 60 64 67 -55 / 54 60 69 -50 <END> 
<S> 57 64 69 72 / 66 -57 -69 -72 / 55 62 67 71 / 53 59 62 67 / 52 -59 -62 -67 / 50 57 67 -62 / 55 59 -67 / 57 60 65 / 55 59 67 -65 / 60 64 67 / 59 -60 -64 -67 / 54 60 69 -64 / 62 -54 -60 -69 / 55 59 62 67 71 <END> 
<S> 50 62 65 71 / 62 67 -50 -71 / 55 62 67 71 / 53 59 62 67 / 52 60 67 72 / 50 65 -60 -72 / 52 55 67 70 / 48 60 64 67 / 53 60 -60 -67 / 55 59 67 -53 / 53 -59 -67 57 / 55 60 65 / / 56 -60 -65 / 59 62 65 -56 / 47 -59 -62 -65 <END> 
<S> 52 60 67 72 / 58 -52 -67 -72 / 53 57 65 72 / 46 55 -65 -72 / 45 57 72 77 / 43 -57 -72 -77 / 55 64 70 76 / 53 65 69 77 / 76 -53 -69 -72 / 55 71 74 / 55 67 71 74 / 65 -55 -71 -74 / 48 64 67 72 / 55 67 70 72 <END> 
<S> 53 69 72 / 52 67 -69 -72 / 50 65 71 77 / 48 67 76 -77 / 50 66 74 77 / 52 72 -74 -77 / 53 71 74 -72 / 55 67 71 -74 / 43 67 71 74 / 48 67 72 76 / 50 -67 -72 -76 / 52 67 71 -76 / 50 69 -67 -76 <END> 
<S> 47 62 67 74 / 48 67 72 76 / 55 71 74 57 / 64 -55 -71 -74 / 65 -55 -71 -74 / 57 64 69 72 / 50 65 69 74 / 52 59 67 / 53 60 69 72 / 55 -60 -69 -72 / 53 74 -69 -72 / 55 67 72 76 / 65 74 77 -60 <END> 
<S> 55 62 71 / 53 69 -62 -74 / 67 71 -53 -62 / 52 60 67 72 / 50 69 74 -60 / 52 67 71 79 / 65 -52 -71 -79 / 57 60 69 77 / 59 62 -69 -77 / 60 67 76 / 64 72 -60 -76 / 53 65 69 74 / 62 65 -53 -74 / 55 62 70 -65 / 64 -55 -70 -74 / 50 65 69 72 / 71 -50 -65 -69 <END> 
<S> 57 60 65 69 / 59 62 67 71 / 60 -59 -67 / 57 60 65 72 / 55 59 67 74 / 53 -59 -67 -74 / 52 60 67 76 / 50 -60 -67 -76 / 48 67 76 -60 / 47 77 -60 -67 / 45 60 72 76 / 48 -72 -60 -72 / 55 67 71 74 / 55 64 71 74 / 56 64 71 76 <END> 
<S> 52 60 67 72 / 74 -52 -60 -67 / 53 60 69 76 / 55 -53 -60 -76 / 52 60 67 76 / 50 77 -60 -67 / 52 60 67 76 / 53 69 -60 -76 / 55 67 71 74 / 52 67 71 76 / 65 -52 -71 -74 / 57 64 72 -71 / 62 65 -57 -72 / 64 67 -72 / 62 65 69 74 <END> 
<S> 50 62 65 77 / 60 67 76 -53 / 58 -60 -67 -76 / 55 60 67 76 / 53 -60 -67 -76 / 55 59 67 74 / 65 -55 -59 -74 / 48 55 64 72 / 60 64 67 72 / 58 -64 -67 -72 / 57 62 66 72 / 55 62 67 71 / 53 -62 -67 -71 / 52 60 67 72 / 58 -52 -67 -72 <END> 
<S> 48 64 72 -67 / -48 -64 -72 / 50 65 69 -72 / 71 -50 -65 / 36 52 67 72 / 53 60 69 74 / 59 -53 -69 -74 / 52 60 67 76 / 58 -52 -67 -76 / 57 65 72 77 / 55 67 72 76 / 53 69 72 74 / 81 -69 -72 -74 / 55 62 71 74 / 64 -55 -71 -74 / 65 -55 -71 -74 <END> 
<S> 50 65 74 77 / 52 76 -60 -77 / 53 69 77 -72 / 55 74 -69 -77 / 57 69 72 76 / 59 67 74 79 / 77 -59 -67 -74 / 60 76 67 -74 / 69 72 -60 -76 / 62 67 71 74 / 50 -62 -67 -74 / 48 67 72 76 / 50 -67 -72 -76 / 52 -67 -72 -76 / 53 69 74 -72 / 70 76 -53 -74 <END> 
<S> 60 67 76 / 62 77 -60 -67 / 64 67 79 / 62 71 -67 -79 / 60 67 72 76 / 65 69 74 -60 / 59 64 67 79 / 62 77 -67 -59 / 60 67 76 -67 / 77 -60 -67 -76 / 60 67 72 79 / 62 65 -72 -79 / 64 64 -72 -81 / 62 65 -72 -81 / 67 70 76 -62 / 60 -67 -70 -76 <END> 
<S> 60 67 76 / 69 -60 -76 / 58 65 70 74 / 56 -65 -70 -74 / 55 67 70 74 / 56 68 72 / 55 67 70 -72 / 53 60 69 72 / 54 62 -69 -72 / 55 62 67 71 / 63 -55 -67 -71 / 65 -55 -67 -71 / 62 67 -55 -71 / 53 -62 -67 -71 / 51 63 72 -67 / 69 -51 -63 -72 / 67 71 -63 <END> 
<S> 55 62 67 71 / 60 -55 -67 -71 / 43 62 67 71 / 53 -62 -67 -71 / 51 63 67 72 / 53 -63 -67 -72 / 55 62 67 70 / 56 60 65 68 / 58 58 64 67 / 57 60 65 72 / 53 62 -65 -72 / 55 63 70 72 / 55 -63 -70 <END> 
<S> 56 60 65 / 55 58 67 75 / 53 68 -58 74 / 55 58 67 74 / 69 -55 -67 -74 / 43 67 70 -74 / 65 -43 -70 -74 / 72 -43 -65 -70 / 48 64 67 72 / 60 -48 -67 -72 / 55 60 67 74 / 53 59 -67 -74 <END> 
<S> 47 67 74 -72 / 48 -67 -72 -74 / 55 65 71 74 / 64 -55 -71 -74 / 48 63 67 72 / 60 67 72 75 / 55 67 71 74 / 55 67 71 74 <END> 
<S> 68 77 -63 -72 / 55 71 75 / 55 62 71 74 / 48 63 72 79 / 50 65 72 77 / 71 -50 -65 -77 / 51 67 72 75 / 53 -67 -72 -75 / 55 67 71 74 / 65 -55 -71 -74 <END> 
<S> 50 65 72 77 / 71 -50 -65 -77 / 48 67 72 76 / 55 67 71 74 / 55 67 71 74 / 60 67 72 75 / 58 -67 -72 -75 / 56 65 72 75 / 55 70 77 -75 / 53 68 72 77 / 67 -53 -72 -77 / 58 65 70 74 / 56 -65 -70 -74 <END> 
<S> 60 67 75 / 58 -60 -67 -75 / 56 68 72 75 / 55 -68 -75 -75 / 53 68 72 77 / 67 -53 -72 -77 / 69 72 -53 -77 / 55 70 75 79 / 65 -55 -71 -79 / 56 63 72 77 / 62 -56 -72 -77 / 60 75 -62 -72 / 58 62 74 77 / 56 60 72 77 / 55 75 -72 -60 <END> 
<S> 56 72 77 / -65 -56 -72 -77 / 55 67 72 75 / 53 68 77 -72 / 44 60 72 75 / 70 -60 -63 -72 / 61 65 68 74 / 64 72 -65 -68 / 62 65 70 77 / -56 -65 -70 -77 / 55 63 70 79 / 53 -63 -70 -79 / 51 63 70 79 / 72 -51 -63 -79 / 56 68 74 77 / 55 75 -74 -77 <END> 
<S> 55 63 70 75 / 53 56 65 74 / 51 55 67 79 / 50 58 65 77 / 67 75 -50 -65 / 51 58 67 70 / 53 60 69 77 / 62 -53 -69 -77 / 55 67 70 75 / 63 -55 -67 -75 / 56 65 72 77 / 63 -56 -72 -77 / 58 70 74 77 / 68 -58 -74 -77 <END> 
<S> 53 60 68 77 / 58 62 70 77 / 56 63 70 -77 / 65 -56 -70 / / 63 67 70 79 / 55 67 71 75 / 53 -67 -71 -75 / 51 63 72 79 / 53 62 79 77 / 48 63 72 79 / 50 65 72 74 / 71 -50 -65 -77 / 48 67 72 75 / 53 68 74 77 <END> 
<S> 53 65 68 74 / 63 -53 -68 -74 / 55 65 -70 -74 / 63 -55 -70 -74 / 56 65 72 -70 / 74 -56 -65 -72 / 60 72 75 / 67 74 -60 -75 / 58 72 75 -60 / 56 60 -72 -75 / 55 67 71 74 / 53 -67 -71 -74 <END> 
<S> 60 67 72 75 / 58 -67 -72 -75 / 56 60 72 75 / 55 70 -60 -75 / 53 60 68 74 / 55 59 67 -74 / 56 60 65 72 / 57 60 -65 -72 / 50 59 65 74 / 51 60 67 / 58 -52 -67 -75 / 56 65 72 77 / 53 68 -72 -77 / 55 67 70 75 <END> 
<S> 53 60 65 69 / 63 -53 -60 -69 / 55 62 71 -69 / 55 59 62 67 / 51 60 67 72 / 58 -52 -67 -72 / 53 56 65 74 / 53 58 75 / 74 -53 -58 -74 / 56 67 72 77 / 53 69 75 -72 / 55 67 71 74 <END> 
<S> 53 65 74 / 63 -53 -70 -74 / 53 62 70 77 / 58 62 -70 -77 / 56 63 72 -70 / 55 65 -63 -72 / 63 -55 -63 -72 / 53 -63 -70 -72 / 51 -53 -63 -72 / 50 65 71 74 / 55 63 -71 -74 / 48 -55 -70 -74 / 53 68 72 51 / 55 70 -65 -72 / 56 65 72 -56 / 58 -56 74 -72 <END> 
<S> 53 68 74 -60 / 59 -53 -68 -74 / 54 60 69 -74 / 56 60 65 -74 / 55 59 -65 -74 / 60 72 -55 / / 53 69 74 -60 / 58 67 74 -53 / 52 -58 -67 -74 / 53 65 69 72 / 52 -65 -69 -72 / 50 65 70 74 / 46 62 -70 -74 / 67 -46 -62 -70 / 65 -46 -62 -70 / 48 60 63 67 / 58 62 65 77 / 56 60 68 75 <END> 
<S> 53 65 69 72 / 60 -65 -69 -72 / 55 65 71 74 / 63 73 -55 / 62 67 74 77 / 60 67 75 / 55 60 -67 -75 / 53 74 -60 -67 / 59 72 -55 -67 / 65 -55 -59 -74 / 48 60 64 67 / 58 -48 -64 -67 / 53 56 60 65 / 53 58 65 70 / 56 60 -65 -70 <END> 
<S> 55 59 67 74 / 60 -55 -67 -74 / 54 60 69 75 / 56 -60 -69 -75 / 55 60 67 75 / 53 74 -67 -75 / 55 59 67 74 / 65 -55 -59 -74 / 48 60 63 72 / 55 58 70 75 <END> 
<S> 55 60 67 75 / 53 -60 -67 -75 / 55 59 67 74 / 65 -55 -59 -74 / 48 60 63 72 / 48 63 70 79 / 53 68 77 -63 / 62 -53 -68 -77 / 51 63 67 79 / 55 71 -60 -79 / 60 67 72 75 / 59 74 -67 -72 <END> 
<S> 56 63 68 72 / 55 -63 -68 -72 / 53 61 67 70 / 52 -60 -67 -70 / 53 60 67 68 / 55 72 -60 -68 / 53 60 68 74 / 58 -53 -68 -74 / 54 60 72 75 / 58 62 70 77 / 56 63 70 79 / 55 63 -70 -79 / 53 62 68 77 / 60 -53 -68 -77 <END> 
<S> 53 60 68 72 / 51 63 70 79 / 72 -51 -63 -79 / 50 68 74 77 / 48 67 75 -62 / 50 69 74 77 / 55 67 71 75 / 57 -67 -72 -75 / 58 65 70 74 / 51 -65 -70 -74 / 53 65 69 72 / 67 74 -53 -65 / 48 63 67 79 <END> 
<S> 59 67 74 77 / 60 67 72 75 / 55 67 71 74 / 55 59 71 74 / 60 75 -55 -70 / 74 -55 -60 -67 / 53 72 -55 -60 / 55 59 62 -53 / 55 -55 -59 -62 / 48 55 60 64 / 58 -48 -55 -63 / 41 56 56 60 / 43 -53 -56 -60 <END> 
<S> 55 62 71 74 / 60 63 72 -55 / 55 67 71 74 / 55 67 71 75 / 53 -67 -71 -75 / 51 63 72 79 / 53 -63 -72 -79 / 55 63 70 79 / 56 -63 -70 -79 / 58 62 65 77 / 67 75 -62 -65 / 59 62 67 77 / 60 67 75 <END> 
<S> 51 63 72 79 / 53 -63 -72 -79 / 55 62 71 79 / 60 63 72 79 / 53 65 72 80 / 74 -53 -65 -80 / 51 58 75 79 / 77 -51 -58 -75 / 50 58 77 77 / 56 60 -77 -77 / 55 70 75 79 / 53 72 80 -75 / 74 -53 -68 -72 / 50 70 75 -68 / 51 -70 -70 -75 <END> 
<S> 55 63 70 75 / 53 73 -70 -75 / 51 68 72 77 / 50 75 -68 -72 / 51 67 70 75 / 53 -67 -70 -75 / 55 67 70 74 / 53 68 73 -74 / 51 67 70 75 / 50 65 69 72 / 51 70 -65 -69 / 63 -60 -70 <END> 
<S> 55 67 70 75 / 53 -67 -70 -75 / 51 65 70 77 / 50 -65 -70 -77 / 51 63 70 79 / 53 70 -63 -79 / 55 -58 -70 -79 / 56 72 77 -55 / 53 68 74 -77 / 72 75 -53 -68 / 55 67 71 74 <END> 
<S> 56 63 72 / 77 -56 -63 -72 / 55 63 72 75 / 53 68 74 77 / 55 67 71 75 / 65 -55 -71 -74 / 63 67 72 / 62 65 70 -72 / 63 65 70 79 / 62 -65 -70 -79 / 58 63 70 79 / 63 -58 -70 -75 <END> 
<S> 64 67 70 72 / 65 -64 -67 -72 / 67 -56 -65 -72 / 53 65 68 74 / 63 -53 -68 -74 / 55 65 70 75 / 63 -55 -70 -75 / 56 63 68 72 / 51 63 67 70 / 65 -51 -67 -70 / 67 67 72 -53 / 59 -67 -72 -74 / 57 60 72 77 / 55 70 -60 -77 <END> 
<S> 48 63 67 72 / 60 67 72 75 / 58 65 70 74 / 63 67 70 75 / 62 65 70 77 / 63 70 79 / 62 -63 -70 -79 / 60 63 67 79 / 58 62 -67 -79 <END> 
<S> 63 70 79 / 61 -63 -70 -79 / 60 68 77 -63 / 62 -60 -77 -77 / 75 -58 -62 -77 / 57 60 72 77 / 55 67 71 -77 / 53 67 70 79 / 51 -67 -70 -79 / 53 68 72 77 / 55 -68 -72 -77 / 56 -68 -72 -77 / 58 74 77 -68 / 67 75 -58 -77 / 56 65 68 75 <END> 
<S> 53 68 72 77 / 74 -53 -68 -77 / 55 70 75 -62 / 56 60 -75 -75 / 58 62 74 -67 / 53 -58 -62 -74 / 55 58 67 75 / 74 -55 -58 -67 / 65 68 72 -58 / 63 67 70 72 / 62 65 70 77 / 60 63 70 75 / 69 -60 -63 -75 / 58 65 70 74 / 56 65 -65 -74 <END> 
<S> 58 65 70 74 / 56 -65 -70 -74 / 55 67 70 75 / 53 68 72 77 / 55 62 71 79 / 63 -55 -71 -79 / 56 72 77 / 60 75 -56 -72 / 55 70 74 79 / 55 71 75 <END> 
<S> 56 63 72 77 / 53 -63 -72 -77 / 58 62 70 77 / 68 -58 -62 -77 / 51 58 67 75 / 63 70 79 / 62 65 70 77 / 68 -62 -65 -77 / 60 63 67 75 -58 / 65 -60 -67 -75 <END> 
<S> 58 65 70 74 / 60 63 72 75 / 68 -60 -72 -75 / 58 65 70 74 / 56 65 72 / 55 67 70 53 / 48 -67 -70 45 / 50 65 72 80 / 52 -65 -72 -77 / 53 60 68 77 <END> 
<S> 56 63 72 / 55 65 -72 / 53 67 70 74 / 51 55 -70 -74 / 53 56 68 72 / 65 -53 -56 -72 / 55 62 67 71 / 43 59 67 74 / 63 -43 -67 -74 / 59 62 67 77 <END> 
<S> 46 62 65 70 / 63 -46 -70 -70 / 46 62 65 -70 / 67 -46 -62 -65 / 48 60 63 -67 / 62 -48 -55 -67 / 48 60 63 67 / 68 -60 -63 -63 / 58 62 65 70 / 53 63 -58 -70 / 56 60 63 68 / 56 -60 -63 -67 / 61 65 68 / 60 63 67 / 60 67 75 -60 <END> 
<S> 58 62 67 70 / 65 69 -62 -70 / 63 67 70 79 / 62 65 -67 -79 / 60 63 67 79 / 58 62 -67 -79 / 57 60 72 77 / 59 62 74 -77 / 60 67 75 -74 / 72 -60 -67 -75 / 55 67 71 74 / 53 -67 -71 -74 <END> 
<S> 59 62 74 77 / 60 67 75 / 55 59 74 -67 / 65 -55 -59 -74 / 48 55 63 72 / 55 59 67 74 / 60 67 75 / 58 62 70 77 / 56 -62 -70 -77 / 55 63 70 79 / 53 72 80 -67 / 62 74 -72 / 70 -62 -74 / 50 65 69 -77 / 51 67 70 75 <END> 
<S> 60 63 67 75 / 62 65 -67 -75 / 63 67 70 75 / 63 -67 -70 -75 / 56 68 72 75 / 58 -67 -72 -75 / 56 60 72 77 / 55 70 -60 -77 / 53 65 68 74 / 63 -53 -68 -77 / 59 65 67 -74 / 60 67 72 / / 65 68 -72 / 64 74 -48 -56 / 60 -48 -68 <END> 
