<S> 60 64 67 72 / 59 62 67 74 / 60 67 76 / 55 59 67 74 / 57 60 67 72 / 66 -57 -60 -72 / 59 62 67 71 / 60 -62 -67 -71 / 62 66 69 / 50 60 -66 -69 / 55 59 62 67 <END> 
<S> 57 60 69 72 / 66 -57 -60 -72 / 55 62 67 71 / 53 -62 -67 -71 / 52 60 67 72 / 50 -60 -67 -72 / 52 65 67 74 / 47 -65 -67 -74 / 48 60 67 76 / 53 60 69 74 / 76 -53 -60 -69 / 77 -53 -60 -69 <END> 
<S> 52 60 67 72 / 50 53 -60 -67 / 52 55 67 71 / 47 62 -55 -67 / 48 55 60 64 / 48 55 60 64 / 53 74 -48 -60 / 52 60 67 / 59 65 68 / / 64 67 71 / 62 65 -67 -71 <END> 
<S> 41 55 60 69 / 43 53 -60 -69 / 59 -43 -53 -69 / 45 48 60 67 / 43 50 59 -60 / 45 52 60 64 / 48 -45 -60 -64 / 40 55 60 67 / 41 69 -60 -55 / 43 50 59 67 / 55 59 62 67 / 54 57 60 62 / 52 64 -57 -60 / 50 57 65 -64 / 48 55 62 64 <END> 
<S> 47 50 62 67 / 45 60 -50 -67 / 47 55 62 67 / 43 -55 -62 -67 / 48 55 60 64 / / 55 60 62 / 40 55 64 67 / 38 62 65 -55 / 40 55 60 64 / 38 -55 -60 -64 / 43 55 59 62 / 44 -55 -59 -62 / 36 52 55 60 / 48 52 60 67 <END> 
<S> 43 55 62 67 / 71 -43 -55 -62 / 44 52 60 69 / 53 -43 -60 -69 / 59 62 67 -53 / 52 60 64 -67 / 59 65 -55 -64 / 45 57 60 64 / 43 50 59 62 / 55 -43 -59 -62 / 48 52 60 64 / 53 57 62 -48 / 55 59 -48 -48 / 50 57 60 -55 / 59 62 -53 -50 <END> 
<S> 52 57 60 67 / 50 -57 -60 -67 / 52 55 60 67 / 53 62 -55 -67 / 55 60 64 -53 / 59 -55 -60 -64 / 57 60 62 / 55 59 64 / 53 57 62 / 47 50 62 65 / 48 67 -57 -62 / 47 59 62 67 / 45 60 -59 -67 / 64 -45 -57 -60 <END> 
<S> 50 57 60 62 / 55 64 -60 -57 / 53 57 60 / 55 59 -57 -60 / 53 57 60 / 50 62 -53 -60 / 43 55 59 62 / 53 -43 -59 -62 / 48 52 55 60 / 45 52 64 72 / 54 -45 -64 -72 / 47 55 62 71 / 48 64 -55 -71 / 50 62 66 69 / 60 -50 -65 -69 <END> 
<S> 45 48 57 65 / 47 50 -57 -65 / 48 55 64 -57 / 41 57 -48 -64 / 43 55 59 62 / 55 59 62 -43 / 53 57 -43 -62 / 52 55 59 / 53 60 -43 -59 / 52 59 68 -53 / 50 -59 -59 -67 / 45 48 57 65 / 47 55 62 -65 / 48 55 60 64 / 47 -55 -60 -64 <END> 
<S> 48 52 60 67 / 38 50 -60 -67 / 52 52 60 67 / 53 -51 -60 -67 / 55 59 62 -53 / 52 -55 -59 -62 / 50 55 60 64 / 48 -55 -60 -64 / 47 55 62 / 43 55 60 64 / 59 62 -55 -55 / 48 60 -55 -59 / 43 55 58 62 / 52 -43 -58 -62 / 53 -43 -43 -59 / 55 -43 -59 -62 / 45 52 57 60 / 47 50 62 -57 / 45 -50 -57 -62 / 47 50 -57 -62 <END> 
<S> 48 55 60 64 / 52 55 59 67 / 50 -55 -59 -67 / 48 52 60 67 / 48 52 -60 -67 / 42 57 62 72 / 55 62 71 / 53 -43 -62 -71 / 36 55 64 72 / 54 62 -55 -72 / 43 55 62 71 / 59 64 -55 -71 / 54 57 69 -64 / 55 59 62 71 / 52 64 72 -58 / 57 64 -52 -72 -79 / 54 69 72 -64 / 62 -54 -72 -72 / 55 62 71 -69 / 67 -55 -62 -71 / 48 63 69 -67 <END> 
<S> 57 64 72 -48 / 47 55 -64 -72 / 48 62 69 -72 / 64 -48 -69 -72 / 50 62 67 71 / 52 55 64 67 / 62 -52 -55 -67 / 53 60 65 69 / 50 62 65 71 / 51 55 67 72 / 53 59 62 -67 / 52 60 67 -59 / 50 59 65 -67 / 48 55 64 72 / 43 55 62 71 / 53 69 -43 -62 / 64 -43 -53 -68 / 55 62 67 71 / 43 62 -67 -71 <END> 
<S> 50 62 67 69 / 66 -50 -62 -69 / 55 62 67 70 / 53 -62 -67 -70 / 52 60 67 72 / 64 -60 -67 -72 / 65 69 74 -60 / 59 67 76 -74 / 57 69 72 76 / 77 -57 -69 -72 / 52 67 72 79 / 50 -67 -72 -79 / 52 67 72 79 / 53 -67 -72 -79 / 55 67 71 74 / 53 -67 -71 -74 / 52 68 72 76 / 74 77 -64 -68 <END> 
<S> 57 69 72 77 / 59 -69 -72 -77 / 60 67 72 76 / 53 69 72 74 / 55 67 71 -74 / 65 -55 -71 -74 / 48 64 67 72 / 55 67 71 74 <END> 
<S> 67 72 -50 / 58 -67 -72 -76 / 56 66 -72 -79 / 55 67 71 74 / 53 -67 -71 -74 / 52 67 72 76 / 50 65 77 -72 / 52 67 72 79 / 53 69 77 -72 / 71 -53 -69 -77 / 60 67 72 76 / 58 67 74 -67 / 57 65 -67 -74 <END> 
<S> 53 69 72 81 / 55 67 71 74 / 48 64 69 72 / 53 57 65 72 / 74 -53 -65 / 55 58 67 76 / 57 60 -67 -76 / 58 62 65 74 / 67 -58 -62 -74 / 52 60 67 -74 / 53 -60 -67 -70 / 55 59 62 67 / 65 -55 -59 -62 <END> 
<S> 53 60 69 74 / 58 -53 -69 -74 / 74 -53 -58 -74 / 53 57 72 76 / 52 60 67 76 / 50 59 74 77 / 57 60 69 76 / 55 59 71 74 / 53 -59 -59 -74 / 52 59 68 76 / 74 -52 -59 -67 / 57 60 64 72 / 65 -57 -60 -72 <END> 
<S> 60 67 76 / 59 -60 -67 -76 / 57 60 66 77 / 55 62 67 72 / 54 69 -62 -72 / 55 62 67 71 / 50 -62 -67 -71 / 52 60 67 72 / 50 62 71 -67 / 48 64 67 69 / 47 62 -67 -69 / 45 60 69 -67 / 64 -50 -69 -69 / 43 62 67 71 / 45 -62 -67 -71 / 50 62 69 78 / 43 62 71 -62 / 55 62 71 -62 / 53 -62 -62 -71 <END> 
<S> 49 64 67 69 / 50 66 69 74 / 62 71 -66 / 43 62 67 71 / 48 72 -67 / 55 67 74 -72 / 59 71 -55 -74 / 64 67 72 / 58 65 74 / 57 67 72 76 / 55 -67 -72 -76 / 53 65 72 81 / 55 -65 -72 -81 / 57 65 72 81 / 58 65 74 -57 <END> 
<S> 55 62 67 74 / 57 60 66 -74 / 59 62 67 74 / 58 65 74 / 64 -58 -74 / 57 60 65 72 / 56 64 72 / 55 71 -64 / 74 -55 -64 / 55 59 67 74 / 65 -55 -59 -74 / 57 60 64 72 / 55 -60 -64 -72 / 53 65 -60 -72 <END> 
<S> 60 64 67 72 / 62 65 74 -48 / 64 76 79 / 61 64 69 -79 / 60 64 69 77 / 65 -60 -69 -77 / 67 -60 -69 -77 / 60 67 76 -62 / 60 -60 -67 -76 / 43 67 74 -60 / 59 -43 -67 -74 / 72 -43 -59 -67 / 48 64 67 72 <END> 
<S> 57 60 69 76 / 55 -60 -69 -76 / 53 60 69 77 / 52 -60 -69 -77 / 50 60 67 77 / 69 -50 -60 -77 / 55 59 67 -74 / 57 60 -67 -74 / 59 -43 -67 -74 / 65 -43 -59 -74 / 48 64 67 72 / 48 64 72 79 / 60 64 72 77 <END> 
<S> 48 60 67 72 / 55 59 67 74 / 65 -55 -59 -74 / 56 60 64 72 / 55 64 -64 -72 / 53 62 65 71 / 64 69 -53 -62 / 62 67 -53 -62 / 60 -53 -62 -67 / 55 59 62 67 / 67 -55 -59 -62 / 51 60 67 69 / 48 64 67 72 / 55 62 67 74 <END> 
<S> 55 62 65 71 / 59 -55 -62 -71 / 57 60 69 -55 / 50 54 -60 -69 / 55 59 62 67 / 48 55 60 64 / 59 -48 -55 -64 / 50 57 62 66 / 43 59 62 67 / 43 55 59 62 / 52 -43 -55 -62 <END> 
<S> 47 55 62 69 / 71 -55 -62 / 38 69 -55 -62 / 43 50 62 71 / 38 59 62 67 / 60 -50 -59 -67 / 43 59 62 67 / 47 -59 -62 -67 / 48 55 64 67 / 52 59 -48 -67 / 50 53 60 65 / 59 -50 -53 -65 / 52 55 60 64 / 53 -55 -60 -64 <END> 
<S> 47 59 62 67 / 48 -59 -67 / 50 57 65 69 / 55 59 62 -65 / 52 55 60 64 / 57 60 65 -60 / 55 59 62 / 55 -55 -59 -62 / 48 55 64 -55 / 48 55 62 67 / 60 -48 -55 -67 / 43 55 62 67 / 59 -43 -62 -65 / 52 60 67 / 55 -60 -60 -64 -67 55 -60 55 -60 -60 -39 -55 -60 -64 <END> 
<S> 48 55 60 64 / 50 -55 -60 -64 / 52 60 -55 / 53 59 62 -52 / 45 52 60 64 / 50 57 66 / 48 -50 -57 -66 / 47 62 67 -57 / 55 64 -62 -67 / 60 64 -55 -67 / 59 62 -55 -67 / 65 69 -55 -59 / 48 -55 -65 -65 / 45 60 64 -65 / 46 -60 -64 <END> 
<S> 43 50 59 67 / 55 -43 -59 -67 / 45 60 64 69 / 47 62 71 -69 / 48 64 67 72 / 50 62 66 69 / 52 64 67 71 / 62 -52 -67 -71 / 54 60 69 -64 / 62 -53 -69 / 60 64 67 / 58 -60 -67 -76 / 57 60 66 76 / 55 59 67 74 / 53 -59 -67 -74 <END> 
<S> 66 -48 -64 -71 / 50 59 66 -71 / 52 60 -66 -69 / 52 59 68 71 / 57 64 69 72 / 55 -64 -69 -72 / 54 62 72 -69 / 60 64 67 -72 / 55 59 65 74 / 60 64 -55 -74 / 57 60 65 76 / 53 -60 -67 -76 / 55 59 67 74 / 60 67 76 / 58 62 -67 -75 <END> 
<S> 53 69 -65 -69 / 64 -53 -69 -72 / 46 62 65 69 / 64 -62 -69 / 50 57 65 69 / 48 55 64 -69 / 60 -48 -64 -69 / 55 60 67 / 38 62 -55 -67 / 43 55 59 67 / 60 -43 -55 -67 / 55 62 67 -60 / 59 -43 -55 -67 / 48 55 60 64 / 47 62 -55 -64 / 48 55 60 64 / 62 65 -48 -55 <END> 
<S> 48 55 64 -62 / 60 -48 -55 -64 / 59 -48 -55 -64 / 40 55 60 67 / 41 -55 -60 -67 / 43 55 59 62 / 57 -43 -55 -62 / 43 55 59 62 / 48 55 60 64 / 47 55 59 62 / 48 55 60 64 / 48 62 65 -60 / 60 64 67 -48 / 59 62 -48 -67 / <END> 
<S> 48 55 60 64 / 50 -55 -60 -64 / 52 55 60 64 / 53 -55 -60 -64 / 55 59 62 / 55 -55 -59 -62 / 53 57 60 69 / 52 -57 -60 -69 / 50 62 65 69 / 52 -60 -65 -69 / 53 59 62 69 / 52 60 -69 -69 / 50 62 65 69 / 48 64 -62 -69 / 47 62 71 67 / 48 -62 -67 -71 <END> 
<S> 50 57 62 65 / 47 62 -57 -65 / 48 55 60 64 / 60 -48 -55 -64 / 41 57 60 62 / 43 55 59 -62 / 53 -43 -59 -62 / 36 52 55 60 / 48 60 64 67 / 47 62 -60 -67 / 45 60 64 69 / 47 -60 -64 -69 / 48 57 64 71 / 52 55 64 71 / 62 -52 -55 -71 <END> 
<S> 44 52 60 67 / 45 52 60 67 / 57 -45 -60 -67 / 47 62 67 / 55 -47 -62 -67 / 48 55 64 -62 / 60 -48 -55 -64 / 43 55 62 -60 / 59 -43 -55 -62 / 36 53 60 69 / 52 -43 -60 -69 / 50 62 65 69 / 47 -62 -65 -69 / 48 60 64 67 / 60 -48 -64 -67 / 53 65 -48 -60 <END> 
<S> 48 55 60 64 / 50 -55 -60 -64 / 52 55 60 64 / 50 -55 -60 -64 / 55 59 62 / -55 -59 -59 / 61 52 67 / 58 -43 -60 -67 / 57 60 65 69 / 47 62 67 / 55 -47 -62 -67 / 48 55 62 -62 / 60 -48 -55 -64 / 59 62 -55 -60 / 40 55 60 64 / 59 62 -55 -52 / 45 57 60 64 / 43 58 62 -57 / 45 57 -57 -62 / / 55 -57 -62 <END> 
<S> 55 59 62 / 53 -55 -59 -62 / 52 55 59 62 / 50 53 -59 -62 / 52 55 60 64 / 53 -55 -60 -64 / 55 59 62 / 53 -55 -59 -62 / 52 55 59 64 / 50 -55 -64 -79 / 48 55 62 65 / 47 -55 -62 -65 / 48 55 62 64 / 60 -48 -64 -64 / 43 55 62 -60 / 59 -43 -55 -62 / 48 55 60 64 <END> 
<S> 69 -46 -55 -57 / 47 50 62 67 / 55 -47 -62 -67 / 48 63 69 -55 / 50 54 62 -69 / 60 -50 -54 -69 / 43 50 59 67 / 48 52 60 67 / 46 -52 -60 -67 / 45 53 60 69 / 43 -53 -60 -69 / 48 60 67 -53 / 52 -48 -60 -67 / 50 53 62 65 / 47 55 62 -65 / 48 55 60 64 / 59 -48 -55 -64 / 41 57 62 65 / 50 59 -57 -65 / 45 57 62 65 / 43 -57 -62 -65 <END> 
<S> 47 55 62 67 / 45 60 -55 -67 / 47 55 62 65 / 43 -55 -62 -65 / 48 55 60 64 / 48 55 60 64 / 55 59 67 -48 / 53 57 -67 / 52 55 64 67 / 50 57 -64 -67 / 55 59 62 / 53 -59 -62 / 47 55 59 62 / 48 -55 -59 -62 / 50 53 60 69 / 52 -43 -60 -69 / 50 59 65 69 / 52 60 -65 -69 <END> 
<S> 50 53 65 69 / 62 71 -53 -65 / 52 55 64 72 / 53 57 -64 -72 / 55 59 62 71 / 52 55 59 -71 / 48 55 60 69 / 53 60 69 / 55 59 62 67 / 52 60 64 -67 / 50 65 -60 -67 / 48 62 67 -55 / 47 62 -67 -67 / 48 60 65 -67 / 47 62 -60 -67 <END> 
<S> 55 59 62 / 53 -55 -59 -62 / 52 55 59 62 / 50 -55 -59 -62 / 48 55 60 64 / 48 -55 -60 -64 / 42 57 60 62 / 43 50 59 -62 / / 55 59 62 / 43 53 -59 -62 / 36 52 55 59 / 47 50 -55 -62 / 45 48 60 65 / 47 50 55 -65 / 48 52 55 64 / 47 62 -55 -64 <END> 
<S> 43 55 59 62 / 41 -55 -59 -62 / 45 48 60 64 / 47 55 62 67 / 48 55 60 64 / 46 62 -55 -60 / 45 52 60 64 / 50 59 65 / 48 64 67 / 47 62 67 / 60 64 69 -67 <END> 
<S> 48 55 60 64 / 46 -55 -60 -64 / 45 53 60 65 / 74 -53 -60 -65 / 48 60 64 67 / 58 -48 -64 -67 / 49 64 -58 / 57 -49 -64 / 50 57 65 -64 / 62 -50 -57 -65 / 60 -50 -57 -65 / 47 55 62 -65 / 59 -38 -62 -65 / 43 55 60 64 / 59 62 -55 -64 / 45 57 60 64 / 55 59 62 / 53 55 60 / 52 72 -55 -60 <END> 
<S> 50 57 65 -64 / 62 -50 -57 -65 / 45 55 64 -62 / 60 -38 -45 -66 / 43 59 62 67 / 45 60 64 67 / 47 62 68 -64 / 45 57 64 72 / 48 -57 -64 -72 / 50 62 66 71 / 52 55 64 72 / 54 57 -64 -72 / 55 62 71 <END> 
<S> 49 64 67 / 69 -52 -64 -67 / 50 62 67 71 / 48 -62 -67 -71 / 50 57 69 -67 / 50 62 66 -69 / 60 -50 -66 -69 / 43 59 -66 67 / 55 59 62 67 / 53 60 64 69 / 52 64 71 -60 / 50 62 66 69 / 60 -50 -66 -69 <END> 
<S> 43 59 62 67 / 48 60 63 69 / 47 62 67 71 / 48 64 67 72 / 50 62 65 71 / 52 55 64 72 / 53 57 -64 -72 / 55 59 62 71 / 64 -55 -59 -71 / 50 60 66 69 / 59 -50 -66 -69 / 52 59 64 67 / 62 -55 -59 -67 <END> 
<S> 52 55 67 71 / 55 -52 -67 -71 / 48 64 69 -67 / 53 62 -64 -69 / 52 60 64 67 / 50 62 65 -67 / 48 64 -62 -67 / 47 62 67 -67 / 45 60 -67 69 / 47 62 67 71 / 48 64 67 69 / 50 62 66 69 / 60 -50 -66 -69 / 55 62 67 71 / 53 -62 -67 -71 <END> 
<S> 48 60 67 69 / 50 62 66 -69 / 60 -50 -66 -69 / 43 59 62 67 / 43 50 59 67 / 45 52 60 69 / 43 -52 -60 -69 / 45 52 60 -69 / 50 -45 -60 -69 / 48 52 60 67 / 58 -48 -52 -67 / 41 57 60 65 / 43 55 59 64 / 53 57 60 69 / 52 62 65 -57 <END> 
<S> 45 52 60 65 / 47 50 55 -65 / 48 52 55 64 / 60 -48 -55 -64 / 41 57 60 62 / 43 55 59 -62 / 53 -43 -59 -62 / 36 52 55 60 / 48 60 64 67 / 47 -60 -64 -67 / 45 60 64 67 / <END> 
<S> 41 48 57 -60 / 43 50 59 -57 / 48 55 -43 -59 / 40 55 60 64 / 41 57 60 62 / 38 53 59 -62 / 57 -38 -53 -62 / 43 50 59 -62 / 55 -43 -59 -62 / 36 52 55 60 / 36 52 55 67 / 38 53 -55 -67 <END> 
<S> 43 55 60 62 / 59 -43 -55 -62 / 53 -43 -59 -62 / 48 52 55 60 / 47 55 62 67 / 45 -55 -62 -67 / 43 59 62 -55 / 36 52 55 60 / 46 -52 -55 -60 / 44 52 60 67 / 48 -40 -60 -67 <END> 
<S> 47 55 62 67 / 45 -55 -62 -67 / 39 59 62 -55 / 47 -55 -62 -62 / 48 55 60 64 / 58 -48 -55 -64 / 43 55 60 67 / 58 62 -55 -67 / 57 -55 -60 -67 / 55 59 62 67 / 53 -59 -62 -67 / 52 57 60 67 / 59 62 -52 -67 / 45 57 60 65 / 47 50 62 -65 / 48 55 64 / 60 -48 -55 -64 / 42 57 -48 -60 -64 <END> 
<S> 43 59 62 67 / 55 59 62 67 / 53 57 -62 -67 / 52 55 64 72 / 53 52 -64 -72 / 48 55 62 71 / 64 -48 -55 -71 / 50 55 62 69 / 71 -50 -62 / 69 -50 -55 -62 / 43 59 62 67 / 48 55 60 64 <END> 
<S> 50 57 65 -64 / 62 -50 -65 / 45 60 64 -50 / 53 -45 -60 -64 / 43 55 59 62 / 42 57 62 69 / 50 54 62 -69 / 43 59 62 67 / 48 60 64 67 / 47 62 -60 -67 / 45 60 64 67 / 47 62 -64 -67 <END> 
<S> 47 50 62 67 / 49 55 64 -67 / 50 57 65 69 / 62 -50 -57 -69 / 60 -50 -57 -69 / 47 59 62 67 / 48 -59 -62 -67 / 50 60 67 69 / 52 -60 -67 -69 / 53 59 69 -67 / 65 -53 -69 / 52 60 67 / 58 62 -52 -67 / 53 57 60 69 / 52 55 -60 -69 / 50 53 62 70 / 49 55 64 -70 / 50 54 62 69 / 65 -50 -62 -69 <END> 
<S> 50 53 65 70 / 52 64 -53 -70 / 50 62 65 71 / 48 64 67 72 / 55 59 67 74 / 55 59 67 74 / 0 / 60 66 69 76 / 59 62 -69 -76 / 60 62 -69 -72 / 62 66 69 74 / 60 64 69 -74 / 59 65 68 74 / 57 60 -68 -74 <END> 
<S> 57 64 72 / 55 59 67 74 / 60 67 76 / 59 -60 -67 -76 / 57 60 65 77 / 55 67 76 -60 / 53 74 -60 -67 / 72 76 -53 -60 / 43 59 67 74 / 47 62 67 74 / 65 -47 -62 -74 / 48 60 64 76 / 53 57 -60 -76 <END> 
<S> 48 67 76 -62 / 60 -48 -67 -76 / 50 60 74 77 / 59 -50 -74 -77 / 52 60 67 76 / 53 60 69 74 / 55 59 67 -74 / 72 -55 -60 -67 / 59 62 67 74 / 55 59 -67 -74 / 52 60 67 76 / 48 -52 -67 -76 / 53 65 70 77 / 76 -53 -65 -77 <END> 
<S> 55 59 67 74 / 62 72 -55 -74 / 64 67 71 79 65 65 -71 -79 / 59 67 71 74 / 76 -59 -67 -71 / 57 72 -67 / / 59 74 -67 / 52 60 67 79 / 53 59 62 -79 / 52 60 72 79 / 50 65 71 77 / 48 64 72 79 / 53 65 69 -72 / 71 -53 -65 -69 / 55 67 71 76 / 57 60 69 77 <END> 
<S> 59 67 74 79 / 72 -59 -67 -79 / 60 67 72 76 / 74 -60 -67 -72 / 60 67 72 76 / 59 -67 -72 -76 / 57 60 72 77 / 62 71 -57 -77 / 69 -57 -57 -77 / 59 74 -57 -77 / 52 67 -59 -76 / 57 69 -52 -76 / 50 72 76 -55 / 52 62 71 79 / 61 -52 69 -79 <END> 
<S> 57 64 69 72 / 66 -57 -69 -72 / 55 62 67 71 / 53 59 62 67 / 52 60 67 72 / 50 65 69 74 / 71 -50 -65 -74 / 48 67 72 76 / 50 77 -72 / 52 79 -67 -72 / 53 69 77 -72 / 55 62 71 -77 / 60 64 67 76 <END> 
<S> 52 67 72 / 50 65 70 74 / 52 67 70 76 / 53 65 69 81 / 67 -53 81 -81 / 55 62 71 74 / 61 69 76 -55 / 57 62 74 78 / 59 76 -62 57 / 57 60 72 77 / 55 76 -60 -72 <END> 
<S> 58 62 69 77 / 67 -58 -62 -77 / 57 69 73 76 / 68 -57 -69 -76 / 55 67 70 74 / 53 -67 -70 -74 / 52 67 70 72 / 65 69 -50 -72 / 55 62 71 74 / 64 -55 -71 -74 / 65 -55 -72 -74 / 48 64 67 72 / 55 62 67 72 / 52 60 67 <END> 
<S> 47 67 74 / 65 -47 -74 / 48 55 60 64 / 50 65 -55 -60 / 52 55 60 67 / 53 60 65 69 / 62 -53 -60 -69 / 59 62 67 71 / 61 -62 -67 -71 / 69 60 62 69 / 59 62 -69 / 60 64 67 / 62 65 -60 / 60 64 72 -48 / 47 55 62 67 <END> 
<S> 59 62 67 69 / 60 -59 -67 -69 / 62 66 69 / 60 64 -66 -69 / 59 62 67 71 / 60 69 -62 -67 / 62 67 69 / 66 -62 -67 / 55 62 67 71 / 50 59 -67 -71 / 57 72 60 72 / 62 77 -57 -72 / 55 64 71 79 / 57 65 73 -79 / 59 74 -69 -77 / 60 67 76 -74 / 72 -60 -67 -76 <END> 
<S> 59 62 67 79 / 60 69 -67 -79 / 62 71 74 79 / 72 -62 -71 -79 / 62 71 81 57 / 72 -62 -66 / 55 62 67 71 / 55 59 62 67 / 53 60 67 69 / 62 71 -67 / 52 60 64 72 / 58 -52 -64 -72 / 53 60 65 -72 / 67 -53 -60 -72 <END> 
<S> 55 62 67 71 / 53 60 62 -67 / 52 60 64 67 / 59 -52 -64 -67 / 50 57 64 71 / 55 62 -57 -71 / 53 57 60 72 / 50 65 -53 -72 / 47 55 67 71 / 48 55 64 72 <END> 
