<S> 53 65 72 81 / 64 -53 -72 -81 / 55 62 71 79 / 77 -55 -62 -71 / 57 60 72 76 / 77 -57 -60 -72 / 52 60 67 79 / 53 69 -60 -79 / 55 67 71 74 / 60 67 72 76 / 59 -67 -72 -76 / 57 60 72 78 <END> 
<S> 52 67 72 76 / 53 -67 -72 -76 / 55 67 71 74 / 48 67 72 76 / 53 69 72 74 / 52 67 72 76 / 53 -67 -72 -76 / 55 67 71 74 / 72 -55 -67 -74 / 55 67 71 74 / 53 -67 -71 -74 <END> 
<S> 47 65 74 -72 / 65 -47 -72 -74 / 55 64 71 74 / 74 -55 -65 -74 / 48 64 72 76 / 53 65 72 81 / 64 -53 -72 -81 / 54 62 81 -72 / 72 -54 -62 -72 / 55 62 71 74 / 53 59 62 74 / 52 61 64 76 <END> 
<S> 58 64 74 79 / 57 60 72 -79 / 59 62 74 79 / 60 64 76 -74 / 65 -60 46 -76 / 67 72 -60 -76 / 59 74 -67 -72 / 57 64 71 76 / 62 -57 -72 -76 / 54 60 69 74 / 55 67 71 -74 / 72 -55 -67 -74 <END> 
<S> 57 60 64 72 / 65 -57 -60 -72 / 55 59 74 -65 / 53 57 -59 -74 / 52 55 64 72 / 48 64 -64 -72 / 0 / -64 -67 -72 / 69 66 69 74 / 59 -66 -69 -74 / 60 -50 -69 -74 / 55 62 71 -74 / 64 -55 -71 -74 / 65 -55 -71 -74 / 48 64 67 72 / 60 64 67 72 <END> 
<S> 57 64 69 72 / 71 -57 -64 -72 / 50 60 72 77 / 55 62 71 74 / 59 -43 -55 -74 / 48 55 60 72 / 55 59 67 74 <END> 
<S> 58 62 65 74 / 56 60 65 -74 / 55 -60 -65 -72 / 53 59 74 -67 / 52 60 67 -74 / 50 59 65 77 / 48 60 67 76 / 47 59 67 74 / 65 -47 -59 -74 <END> 
<S> 56 60 63 72 / 65 74 -56 -60 / 55 60 67 75 / 53 -60 -67 -75 / 55 60 67 74 / 59 -55 -67 -74 / 65 72 -55 -59 / 48 60 64 67 <END> 
<S> 0 / 48 63 67 72 / 60 66 69 74 / 59 62 67 74 / 58 60 67 75 / 57 60 65 77 <END> 
<S> 57 60 67 75 / 55 59 67 74 / 53 -59 -67 -74 / 52 60 67 79 / 53 -60 -67 -79 / 55 72 74 -60 / 59 67 -55 -74 / 65 -55 -59 -74 / 48 55 60 72 / 46 58 62 70 / 68 -46 -62 -70 <END> 
<S> 53 60 68 74 / 55 59 67 -74 / 65 -55 -67 -74 / 48 63 67 72 / 58 62 70 77 / 56 60 -70 -77 / 55 63 70 75 / 53 68 74 77 / 58 67 75 77 / 51 70 79 <END> 
<S> 58 63 68 77 / 62 65 70 -77 / 51 67 70 75 / 63 69 70 -75 / 53 65 68 74 / 51 63 67 75 / 58 74 -67 -75 / 56 60 72 75 / 55 80 -60 -75 <END> 
<S> 51 63 67 72 / 60 65 69 -51 / 53 62 -65 -69 / 60 63 -53 -69 / 46 62 65 70 / 51 63 67 -70 / 60 63 69 -67 / 58 62 65 70 / 60 63 67 / 69 -60 -63 -67 <END> 
<S> 46 62 65 70 / 51 63 67 70 / 53 63 69 -70 / 55 62 71 -69 / 67 -62 -55 -71 / 50 60 66 69 / 62 -50 -66 -69 / 55 59 62 67 / 52 60 67 72 / 50 65 69 74 / 71 -50 -65 -68 / 48 67 72 -65 / 60 63 75 -72 <END> 
<S> 55 62 67 70 / 50 -62 -67 -70 / 51 60 67 72 / 48 -63 -67 -72 / 55 62 67 70 / 60 67 75 / 58 -60 -67 -75 / 56 60 68 77 / 55 -60 -68 -77 / 53 61 70 79 / 52 -61 -70 -79 / 53 60 69 72 / 0 / 48 60 67 72 <END> 
<S> 56 60 65 77 / 53 -60 -65 -77 / 55 61 70 76 / 53 60 68 -70 / 52 67 -60 -70 / 53 60 65 68 / 56 60 64 67 / 55 60 65 68 / 53 -60 -65 -68 / 64 67 -60 / 59 62 -64 -67 <END> 
<S> 56 60 65 68 / 58 -56 -65 -68 / 60 67 -56 -65 / 53 -60 -67 / -75 58 68 74 / 67 -58 -74 -79 / 57 63 72 77 / 60 -57 -72 -77 / 58 70 75 77 / 58 70 74 77 / 51 -70 -74 -77 / 72 70 75 / 55 65 -70 -75 / 51 67 73 79 <END> 
<S> 53 68 72 77 / 53 -68 -72 -77 / 58 62 70 77 / 63 -58 -70 -77 / 65 -58 -70 / 51 67 70 -65 / 63 67 70 79 / 62 65 -70 -79 / 60 63 72 79 / 58 62 70 79 / 57 63 72 81 / 65 77 -57 -62 <END> 
<S> 51 63 70 79 / 53 -63 -70 -79 / 55 63 70 79 / 56 -63 -70 -79 / 58 65 68 74 / 60 75 -65 -65 / 62 65 70 77 / 60 -65 -70 -77 / 59 65 74 79 / 67 -59 -74 -79 / 60 67 72 75 / 48 67 72 75 / 53 68 74 -72 <END> 
<S> 60 63 72 75 / 62 65 77 -72 / 71 -62 -65 -77 / 63 72 79 / 62 65 -72 -79 / 71 -62 -67 -79 / 60 63 72 79 / 58 -63 -72 -79 / 56 63 72 77 / 58 62 70 -77 / 68 -58 -62 -77 / 60 63 67 75 / 58 62 67 77 / 56 -62 -67 -77 <END> 
<S> 56 63 68 77 / 53 -63 -68 -77 / 58 62 70 77 / 51 67 70 79 / 60 63 68 77 / 59 62 67 -77 / 60 67 75 / 58 -60 -67 -75 / 56 65 72 77 / 53 72 75 -65 / 63 -53 -72 -75 / 58 62 70 77 / 62 -58 -70 -77 <END> 
<S> 60 67 75 / 58 62 -67 -75 / 56 63 72 77 / 55 -63 -72 -77 / 57 62 70 77 / 72 -62 -65 -77 / 58 65 70 75 / 57 -65 -70 -75 / 58 62 65 74 / 68 -58 -65 -74 / 60 67 -65 / 63 -60 -67 -75 / 53 69 73 -63 / 62 65 77 -53 / 58 63 67 79 / 60 -63 -70 -79 <END> 
<S> 58 63 67 70 / 65 68 -58 -74 / 55 67 70 75 / 53 68 72 77 / 74 -53 -68 -77 / 55 70 75 79 / 56 -70 -75 -79 / 58 70 75 77 / 53 75 -70 -77 / 51 67 70 75 / 58 65 74 -75 / 56 60 72 -65 / 55 70 -60 -72 <END> 
<S> 56 63 72 77 / 53 -63 -72 -77 / 58 62 70 77 / 68 -58 -62 -77 / 51 63 67 72 / 53 62 70 79 / 63 70 79 / 56 65 68 77 / 67 72 75 / 55 74 -67 <END> 
<S> 58 63 68 77 / 62 -58 -68 -77 / 58 63 67 79 / 65 -58 -63 -79 / 56 60 72 77 / 58 62 -72 -77 / 60 68 72 75 / 46 -60 -68 -75 / 48 67 72 75 / 50 -67 -72 -75 / 51 67 72 75 / 53 -67 -72 -75 / 55 67 74 -72 / 70 -55 -67 -74 / 51 67 70 75 / 65 74 -51 -70 <END> 
<S> 48 67 72 75 / 68 74 -72 / 55 67 71 -74 / 43 67 72 / 48 -67 -72 / 55 67 70 75 / 53 68 70 77 / 51 67 72 75 / 70 -51 -67 -75 / 63 72 68 / 55 67 70 75 <END> 
<S> 58 63 68 75 / 67 -58 -63 -75 / 58 61 -67 -75 / 56 60 72 -75 / 55 70 74 53 65 68 72 75 / 48 67 72 79 / 70 -48 -67 -79 / 53 65 68 72 / 67 -53 -60 -72 / 61 65 69 -72 / 43 -65 -69 -72 / 59 74 -65 -69 / 60 67 75 / 58 -60 -67 -75 <END> 
<S> 53 65 68 72 / 56 60 -65 -68 / 62 65 -56 -60 / 55 58 63 70 / 53 60 68 -63 / 51 61 67 70 / 44 63 67 72 / 62 -44 -67 -72 / 60 63 67 / 46 58 62 -67 / 53 56 63 72 / 51 55 63 -72 / 53 56 62 71 / 55 75 -53 -62 / 53 56 65 74 / 55 59 -65 -74 / 60 63 -55 / 57 62 -60 -72 <END> 
<S> 56 60 63 67 / 53 65 68 72 / 74 -53 -65 -68 / 60 63 67 / 68 -60 -63 -67 / 58 63 67 70 / 65 68 -58 -70 / 63 67 70 75 / 69 72 -63 -75 / 70 -63 -72 -75 / 56 68 72 75 / 58 -67 -72 -75 / 56 60 72 77 / 55 70 -60 -77 / 53 60 68 77 / 68 -53 -60 -77 / 55 59 67 74 / 75 -55 -67 -74 / 65 72 -55 -67 <END> 
<S> 56 63 72 77 / 58 -63 -72 -77 / 57 67 72 75 / 70 -57 -67 -75 / 53 65 68 74 / 55 63 70 75 / 56 -63 -70 -75 / 58 65 68 74 / 67 75 -58 / 59 68 74 77 / 60 -68 -77 -77 / 58 70 74 77 / 55 70 75 79 <END> 
<S> 58 62 65 77 / 56 60 72 -77 / 55 62 70 77 / 53 -62 -70 -77 / 51 63 70 79 / 55 58 -70 -79 / 56 60 68 77 / 59 62 67 -77 / 60 67 75 / 53 60 68 74 / 55 59 67 74 / 75 -55 -59 -74 <END> 
<S> 56 60 65 77 / 55 -60 -65 -77 / 53 60 70 79 / 52 -60 -65 -79 / 53 60 68 79 / 55 -53 -60 -80 / 57 60 -55 -60 / 53 59 62 67 / 58 60 -53 -67 / 52 67 -60 -72 / 53 60 65 74 / 55 59 67 74 / 65 -55 -59 -74 <END> 
<S> 53 60 63 68 / 55 -60 -65 -68 / 56 60 65 -60 / 55 59 -60 -65 / 60 -56 -60 -65 / 55 58 63 67 / 53 56 62 68 / 55 58 67 / 56 65 -56 -72 / 55 63 67 72 / 53 65 68 -72 / 55 60 67 75 / 56 60 -67 -75 / 55 60 65 74 / 53 59 68 -74 <END> 
<S> 56 60 65 72 / 55 -60 -72 / 53 72 -60 -72 / 59 62 74 -53 / 55 60 67 / 48 -55 -60 -67 / 44 60 63 72 / 43 -60 -63 -72 / 41 62 68 -72 / 43 -62 -65 -72 / 48 63 67 72 / 62 71 -48 -67 / 53 60 69 -67 / 62 -53 -67 -69 / 60 63 -53 -69 / 58 62 65 70 / 60 63 -65 -70 / 58 62 65 -70 / 56 60 63 72 / 55 58 -63 -72 / 53 56 68 74 <END> 
<S> 48 60 63 67 / 56 60 64 -67 / 65 -56 -60 -75 / 55 59 67 74 / 53 -59 -67 -74 / 51 60 67 75 / 58 -60 -67 -75 / 53 60 68 77 / 55 62 67 71 / 43 -62 -67 -71 / 51 63 67 72 / 50 -63 -67 -72 / 48 62 67 74 / 47 -62 -67 -74 / 48 60 67 75 / 53 -67 -75 / 55 59 67 74 / 72 -55 -59 -67 / 44 -55 -67 -72 <END> 
<S> 51 63 67 72 / 50 -63 -67 -72 / 48 62 67 74 / 47 -62 -67 -74 / 48 60 67 75 / 58 62 -67 -75 / 56 60 72 77 / 55 75 -60 -72 / 53 68 74 -60 / 55 59 67 -74 / 65 -55 -67 -74 / 48 63 67 72 / 58 70 -67 -72 / 56 65 68 72 / 55 67 -65 -72 <END> 
<S> 53 68 74 -51 / 55 75 -68 -74 / 56 65 71 74 / 55 59 74 -65 / 53 -55 -59 -74 / 48 55 60 72 / 50 62 67 70 / 54 -62 -67 -70 / 52 60 67 70 / 53 -60 -67 -70 / 55 60 67 / 59 68 -55 -67 / 65 -55 -59 -67 / 48 55 67 72 / 48 58 64 70 / 53 60 65 -70 <END> 
<S> 55 60 67 75 / 53 65 68 72 / 51 63 67 70 / 68 -51 -63 -67 / 50 60 65 -68 / 51 58 67 -65 / 63 -51 -55 -67 / 44 60 65 -63 / 62 -44 -60 -65 / 60 -44 -60 -65 / 46 62 65 70 / 46 -62 -65 -70 / 48 63 67 72 / 50 65 -67 -72 / 51 67 72 / 53 -67 -72 / 63 69 -67 -72 / 66 74 -63 -72 / 62 66 -69 -74 / 62 67 71 60 / 63 67 72 79 <END> 
<S> 50 62 65 71 / 48 63 67 72 / 55 59 67 74 / 55 71 74 -51 / 63 67 72 75 / 65 -67 -72 -75 / 67 72 75 / 65 -67 -72 -75 / 55 67 71 74 / 53 -67 -71 -74 / 51 67 72 79 / 53 -67 -72 -79 / 55 67 71 74 / 65 -55 -71 -74 <END> 
<S> 67 72 75 / 58 -67 -72 -75 / 56 66 72 75 / 55 70 75 -75 / 56 60 68 77 / 58 62 70 77 / 68 -58 -62 -77 / 51 63 67 75 / 58 62 70 77 / 56 -62 -70 -77 / 55 63 70 79 / 53 56 -70 -79 / 51 63 70 79 / 55 82 -63 -79 <END> 
<S> 58 62 70 77 / 56 -62 -70 -77 / 55 63 70 79 / 53 -63 -70 -79 / 51 63 70 79 / 55 -63 -70 -79 / 56 63 72 77 / 53 -63 -72 -77 / 58 62 70 77 / 46 -62 -70 -77 / 51 63 70 75 / 58 67 70 77 / 74 -58 -70 -77 / 55 70 75 -77 / 63 72 75 79 <END> 
<S> 53 68 80 -63 / 62 -53 -68 -77 / 51 63 67 79 / 72 -51 -63 -79 / 50 65 74 77 / 71 -50 -65 -77 / 48 67 72 75 / 53 68 74 77 / 55 67 71 74 / 55 72 -67 / 62 -55 -72 -67 <END> 
<S> 55 67 70 75 / 53 -67 -70 -75 / 51 65 70 77 / 50 -65 -70 -77 / 51 63 70 79 / 53 58 70 77 / 68 -58 -77 -77 / 51 67 70 75 / 55 58 67 75 / 57 60 65 -75 / 59 62 67 74 / 55 -62 -67 -74 <END> 
<S> 51 58 70 77 / 56 -51 -70 -77 / 51 55 70 79 / 55 -51 -70 -79 / 53 65 70 81 / 52 -65 -70 -81 / 53 65 70 79 / 69 77 -53 -65 / 58 67 79 / 62 -58 -67 -79 / 60 63 79 -67 / 58 65 -63 -79 / 62 -58 -65 -79 / 56 60 63 70 <END> 
<S> 53 63 69 80 / 74 -53 -65 -69 / 75 63 67 -53 / 65 77 -48 -67 / 50 67 -65 -72 / 51 63 67 72 / 62 -51 -67 -72 / 53 60 68 74 / 55 59 67 -74 / 65 -55 -67 -74 / 48 60 63 72 / 58 62 70 77 <END> 
<S> 53 60 69 74 / 55 -60 -69 -74 / 57 60 65 74 / 55 59 67 -74 / 60 -55 -67 -74 / 48 60 67 75 / 58 -48 -67 -75 / 56 65 72 -48 / 53 -56 -72 -77 / 55 70 75 -60 / 53 -55 -67 -75 / 55 74 -55 -67 / 53 -55 -67 -74 <END> 
<S> 55 60 67 75 / 53 69 74 -60 / 55 59 67 -74 / 65 -55 -59 -74 / 48 60 63 72 / 50 58 70 77 / 51 63 70 79 / 53 -63 -70 -79 / 55 63 70 79 / 56 -63 -70 -79 / 58 70 77 -63 / 62 -58 -70 -77 / 68 -58 -62 -77 <END> 
<S> 51 63 70 79 / 53 -63 -70 -79 / 55 63 70 79 / 56 60 -70 -79 / 58 62 65 74 / 68 -58 -62 -65 / 59 62 67 79 / 60 67 75 / 58 74 -67 -75 / 56 72 75 / 55 70 74 53 <END> 
<S> 60 63 72 75 / 62 -60 -72 -75 / 60 68 72 80 / 70 -68 -72 -80 / 68 68 72 77 / 58 -68 -68 -77 / 60 67 72 75 / 62 -60 -67 -75 / 60 67 72 75 / 59 -67 -72 -75 / 57 60 72 77 / 55 62 71 79 <END> 
<S> 59 62 74 77 / 60 -59 -74 -79 / 55 62 71 74 / 53 -62 -71 -74 / 51 63 67 72 / 53 -63 -67 -72 / 55 62 67 70 / 60 63 67 75 / 58 -63 -67 -75 / 57 65 72 75 / 58 -65 -72 -75 / 56 60 72 77 / 55 70 -60 -77 <END> 
<S> 60 63 67 72 / 58 62 -67 -72 / 56 60 65 72 / 55 67 -60 -72 / 53 60 68 77 / 62 -53 -68 -77 / 63 79 -53 -68 / 55 59 67 74 / 60 67 75 / 58 74 -67 / 65 72 -55 -74 <END> 
<S> 60 63 67 75 / 58 62 -67 -75 / 56 60 72 77 / 55 75 -60 -72 / 53 68 74 -72 / 55 67 71 -74 / 65 -55 -71 -74 / 48 64 67 72 / 46 62 70 77 <END> 
<S> 53 68 72 74 / 50 65 -68 -74 / 55 63 70 -74 / 53 56 68 74 / 55 58 67 75 / 56 60 72 77 / 58 62 70 -77 / 68 -58 -62 -77 / 60 63 67 75 <END> 
<S> 53 63 68 77 / 51 61 70 79 / 56 63 72 -70 / 65 -56 -63 -72 / 39 58 65 74 / 67 -46 -63 -74 / 48 63 67 75 / 50 65 -67 -75 / 51 67 72 75 / 53 -67 -72 -75 <END> 
<S> 48 63 67 72 / 60 63 -67 -72 / 65 74 -60 -68 / 59 67 75 / 57 60 -67 -75 / 55 62 74 77 / 53 -62 -74 -77 / 51 63 67 79 / 53 68 77 -63 / 55 62 70 79 / 56 -62 -70 -79 / 55 58 70 79 / 53 -58 -70 -79 <END> 
<S> 46 58 65 74 / 63 67 -58 -74 / 59 65 67 74 / 63 72 79 / 62 65 -72 -79 / 63 67 72 79 / 65 -67 -72 -79 / 67 72 75 / 58 -67 -72 -75 / 56 60 72 77 / 55 62 70 79 / 53 60 68 77 / 51 59 67 79 / 56 60 65 77 / 55 67 -60 -77 <END> 
<S> 56 63 72 77 / 53 -63 -72 -77 / 55 62 70 -77 / 51 58 70 79 / 63 70 -58 <END> 
<S> 50 65 77 -68 / 51 58 67 -77 / 53 63 69 -77 / 55 62 70 77 / 56 60 -70 -77 / 55 62 70 77 / 53 -62 -70 -77 <END> 
<S> 58 63 70 79 / 57 -63 -70 -79 / 58 62 70 77 / 55 -62 -70 -77 / 53 65 68 -70 / 51 63 70 79 / 55 82 -70 -79 / 53 68 77 50 / 55 75 -68 -77 / 56 65 71 77 <END> 
<S> 50 65 72 77 / 46 70 -65 -77 / 48 65 72 75 / -65 -60 -72 -75 / 58 65 70 74 / 56 65 72 / 63 -56 -72 / 55 62 70 / 50 53 69 77 / 51 67 75 <END> 
<S> 50 65 70 74 / 46 -65 -70 -74 / 51 63 70 79 / 62 65 -51 -79 / 53 60 68 77 / 55 60 75 -60 / 56 59 65 77 / 55 63 67 75 <END> 
<S> 51 63 67 72 / 60 -51 -67 -72 / 53 56 65 -72 / 51 58 67 -65 / 63 -58 -67 / 62 65 -55 -58 / 60 63 -55 -63 / 58 62 -55 / 56 60 65 72 / 63 -56 -65 -72 / 58 62 70 77 / 67 -58 -62 -77 / 68 -58 -62 -77 <END> 
<S> 44 60 65 -63 / 56 62 -44 -65 / 60 -44 -56 -65 / 46 62 65 -56 / 39 58 63 / 79 -43 -58 -63 / 69 60 63 65 / 58 62 67 70 / 53 63 68 72 / 51 67 70 -72 / 50 65 70 74 / 52 -65 -70 -74 / 53 68 72 77 / 75 -53 -68 -72 <END> 
<S> 51 63 67 70 / 65 -51 -67 -70 / 67 75 -51 -67 / 63 65 -67 -75 / 62 65 70 77 / 63 70 -68 -77 / 62 65 -70 -77 / 58 -62 -65 -77 / 63 75 -58 -55 / 57 60 63 72 / 58 65 70 74 / 53 68 74 77 / 51 75 -68 <END> 
<S> 53 65 68 74 / 63 -53 -68 -74 / 62 70 -53 -68 / 58 62 65 70 / 63 -58 -65 -70 / 57 65 70 77 / 63 -57 -70 -77 / 62 65 70 77 / 63 70 -65 -77 / 62 70 77 -65 / 63 79 -70 -65 / 63 70 79 / 62 65 -70 -79 / 60 63 75 79 / 58 62 -75 -79 <END> 
<S> 58 62 70 77 / 56 -62 -70 -77 / 55 63 70 79 / 53 -63 -70 -79 / 51 63 70 79 / 55 -63 -70 -79 / 56 63 72 77 / 53 -63 -72 -77 / 58 62 70 -77 / 51 67 70 75 / 63 70 75 79 / 62 70 77 82 / 63 70 75 79 / 72 -63 -75 -79 <END> 
