<S> 60 67 72 75 / 70 -60 -67 -75 / 53 65 68 74 / 63 72 -53 -68 / 55 62 67 71 / 65 -62 -67 -71 / 63 67 72 / 62 65 71 74 / 60 67 72 75 / 53 68 -72 -75 / 55 62 71 74 / 67 -55 -71 -74 / 48 63 67 72 / 60 67 72 75 <END> 
<S> 60 67 72 75 / 53 68 -72 -75 / 55 62 71 74 / 43 67 71 79 / 48 63 72 79 / 60 67 74 77 / 59 -67 -74 -77 / 60 67 72 75 / 55 71 -67 -72 / 56 68 72 / 65 -56 -72 <END> 
<S> 60 67 72 75 / 58 -67 -72 -75 / 56 68 72 75 / 58 74 -68 -75 / 56 60 72 75 / 55 70 -60 -75 / 53 60 68 77 / 60 67 75 -48 / 58 62 65 74 / 56 63 72 / 55 71 -63 / 57 60 72 77 / 59 62 74 -77 / 60 67 76 / 72 -60 -67 -75 <END> 
<S> 55 60 67 75 / 53 -60 -67 -75 / 55 59 67 74 / 65 -55 -59 -74 / 48 60 63 72 / 53 -60 -63 -72 / 51 60 65 70 / 50 -60 -65 -70 / 51 58 63 67 / 48 -58 -63 -67 / 56 60 63 65 / 61 -56 -60 -63 / 51 60 67 -56 / 53 -60 -67 -60 <END> 
<S> 46 58 65 74 / 46 -58 -65 -74 / 48 60 63 75 / 58 67 -48 -75 / 53 56 65 74 / 51 55 67 72 / 50 65 69 74 / 71 -50 -65 -74 / 48 67 72 75 / 58 -67 -72 -75 / 56 60 72 77 / 55 70 75 -60 <END> 
<S> 51 63 67 72 / 53 68 74 -72 / 55 67 71 74 / 65 67 71 / 65 -65 -71 / 63 67 -65 -71 / 62 -65 -67 -70 / 60 63 67 75 / 58 62 -67 -75 / 56 60 72 77 / 55 70 -60 -77 / 53 65 68 72 / 74 -53 -65 -68 / 75 -53 -65 -68 <END> 
<S> 56 63 68 72 / 55 65 -68 -72 / 53 61 67 70 / 52 60 -67 -70 / 53 60 67 68 / 63 -60 -68 -68 / 56 61 -68 / 55 64 67 / 49 53 65 -67 / 49 65 -53 / 48 51 60 -65 / 46 53 58 62 <END> 
<S> 53 60 65 69 / 63 -53 -60 -69 / 55 59 62 67 / 60 67 -55 -62 / 56 60 63 72 / 65 74 -56 -60 / 55 60 67 75 / 53 -60 -67 -75 / 55 60 67 74 / 43 59 -67 -74 / 65 74 -43 -59 <END> 
<S> 56 60 63 72 / 65 74 -56 -60 / 55 60 67 75 / 53 -60 -67 -75 / 55 59 67 74 / 65 -55 -59 -74 / 56 59 63 72 / 60 -56 -65 -72 / 55 62 67 70 / 53 -62 -67 -70 / 51 60 67 72 / 50 -60 -67 -72 / 52 60 67 / 58 -52 -67 / 56 65 68 72 / 55 67 -65 -72 <END> 
<S> 55 60 67 75 / 58 -55 -67 -75 / 56 65 72 75 / 53 -56 -72 -75 / 55 62 70 74 / 65 -55 -71 -74 / 48 63 67 72 / 60 66 69 0 / 55 62 67 70 / 50 58 63 57 / 51 67 -58 -63 / 53 60 65 68 / 50 58 65 70 <END> 
<S> 52 60 67 72 / 50 53 74 -67 / 48 65 67 72 / 65 68 74 -48 / 51 67 75 / 68 -51 -67 -75 / 51 67 70 75 / 50 65 70 77 / 51 67 70 75 / 53 65 68 <END> 
<S> 51 63 67 72 / 53 -63 -67 -72 / 55 62 67 70 / 67 -55 -62 -70 / 56 60 67 72 / 65 68 -56 -72 / 50 65 67 72 / 51 63 -67 -72 / 53 -63 -67 -72 / 55 62 67 71 / 48 60 67 75 / 58 -60 -67 -75 <END> 
<S> 48 63 67 72 / 60 66 69 74 / 59 67 74 / 55 67 71 74 / 60 67 72 75 / 57 -67 -72 -75 / 58 65 70 74 / 56 -65 -70 -74 / 55 63 70 75 / 61 -55 -70 -75 / 56 60 68 -75 <END> 
<S> 60 67 75 -74 / 72 -60 -67 -75 / 55 67 74 -72 / 71 -55 -67 -74 / 60 67 72 75 / 53 -67 -72 -75 / 55 62 71 77 / 56 60 72 -77 / 55 70 74 -60 / 53 59 68 -74 / 51 63 67 72 / 58 74 -51 -67 / 56 72 -51 -51 <END> 
<S> 53 68 74 -60 / 55 59 67 -74 / 56 60 65 -74 / 72 -56 -60 -65 / 55 62 67 70 / 50 62 65 70 / 51 60 67 72 / 50 62 69 77 / 51 63 -69 -77 / 53 62 69 77 / 60 75 -69 -77 / 58 67 74 77 / 55 -58 -74 -77 / 60 70 75 -44 <END> 
<S> 50 65 70 77 / 51 70 -65 -77 / 53 65 68 -77 / 75 -53 -68 -80 / 55 67 70 75 / 65 -55 -70 -75 / 56 63 68 72 / 58 62 -68 -72 / 60 67 72 / 65 68 -60 -72 / 55 59 67 74 / 60 -55 -67 -74 / 48 67 75 / 60 -48 -67 -75 <END> 
<S> 56 63 68 72 / 67 -56 -63 -72 / 53 62 68 77 / 51 60 67 75 / 53 58 65 74 / 56 64 -53 -74 / 55 58 65 74 / 53 56 -65 -74 / 46 55 70 70 / 53 60 68 68 / 53 60 68 -53 -68 <END> 
<S> 53 56 68 72 / 51 60 67 70 / 53 60 68 68 / 55 59 67 -53 / 60 60 -55 -67 / 58 62 65 -55 57 56 60 64 <END> 
<S> 56 63 67 72 / 43 65 -56 -72 / 55 62 67 71 / 48 63 67 72 / 53 65 68 72 / 51 63 67 -72 / 50 65 -67 -72 / 48 67 72 / 53 68 74 -48 <END> 
<S> -51 -58 -67 / 50 65 -58 -72 / 48 63 72 -58 / 56 -48 -63 -72 / 50 55 63 70 / 53 69 -50 -70 / 51 67 70 -70 / 49 65 68 -70 / 51 67 70 -65 / 63 -51 -67 -70 / 62 65 67 -48 / 60 64 -48 -67 / 58 65 -48 -64 / 56 65 -48 -65 <END> 
<S> 51 67 70 / 48 -67 -70 / 50 65 68 71 / 67 -52 -65 -71 / 48 64 68 72 / 49 -64 -68 -72 / 50 62 65 70 / 39 58 63 67 / 41 -58 -63 -67 / 43 58 62 70 / 63 69 -58 -70 / 50 65 -58 -70 / 60 67 -50 -70 / 53 60 69 <END> 
<S> 46 60 63 68 / 62 -46 -58 -68 / 51 58 63 67 / 50 65 -58 -67 / 51 60 67 -67 / 53 60 68 -60 / 55 -60 -63 -67 / 58 62 65 -55 / 56 60 -58 -65 / 55 59 62 67 / 53 -59 -62 -67 / 51 60 67 / 53 62 65 69 / 63 -53 -62 -69 / 46 62 65 / 55 58 63 67 / 56 -58 -63 -67 <END> 
<S> 53 60 65 68 / 62 -53 -65 -68 / 55 63 67 70 / 65 -55 -63 / 44 56 60 63 / 46 -56 -60 -63 / 44 53 56 65 / 43 51 58 -65 / 44 53 60 65 / 41 46 53 62 / 46 55 58 -46 -62 / 44 56 60 65 / 43 -56 -60 -65 / 41 53 60 68 / 54 63 -53 -60 / 46 53 58 62 / 44 60 -53 <END> 
<S> 46 50 58 65 / 51 58 67 -65 / 63 -51 -58 -67 / 56 60 65 -51 / 53 55 60 68 / 54 -53 -60 -68 / 55 60 67 -53 / 62 -53 -55 -67 / 48 55 63 -62 / 60 -48 -55 -63 / 41 56 -48 -60 / 55 -41 -60 -63 / 44 59 62 65 / 43 -59 -62 -65 / 48 55 63 -62 / 51 -48 -55 -63 / 41 56 62 65 / 50 60 63 67 / 65 -53 -60 -67 <END> 
<S> 48 55 60 63 / 68 -48 -60 -63 / 46 58 62 65 / 48 63 -46 -62 / 47 50 62 67 / 51 55 60 67 / 53 60 63 67 / 55 -60 -63 -67 / 56 62 65 / 53 -62 -65 -70 / 63 65 70 -48 / 46 61 -63 -70 / 48 63 68 -58 / 50 -63 -68 -68 / 51 63 67 70 / 51 -63 -67 -70 / 63 -51 -67 -70 / 50 65 70 -63 / 48 51 -63 -70 / 50 58 65 70 / 62 -50 -58 -65 <END> 
<S> 50 62 65 77 / 63 -50 -62 -77 / 55 62 70 -62 / 55 60 -62 -70 / 53 59 62 67 / 51 60 63 -67 / 50 58 65 -63 / 62 -50 -58 -65 / 60 -50 62 67 / 55 62 69 -67 / 43 62 67 70 / 53 -62 -67 -70 / 52 60 67 72 / 57 65 -60 -72 / 52 58 67 -65 / 64 -52 -58 -67 / 46 60 65 70 / 48 58 67 75 / 68 -48 -60 <END> 
<S> 51 60 67 72 / 50 62 70 -67 / 48 63 67 69 / 53 60 68 -69 / 55 60 67 / 58 56 65 74 / 56 59 65 72 / 74 -56 -60 -65 / 55 59 67 75 / 53 60 68 77 / 55 59 67 75 / 56 60 65 -75 / 58 62 65 74 / 56 64 70 -74 <END> 
<S> 60 67 75 / 58 -60 -67 -75 / 56 68 75 -60 / 55 -60 -68 -75 / 53 60 68 77 / 62 -53 -68 -77 / 60 63 67 75 / 62 65 77 -60 / 58 63 67 79 / 60 63 69 -79 / 62 72 78 50 / 70 -63 -72 <END> 
<S> 60 63 68 75 / 57 65 72 -75 / 70 -57 -65 -75 / 53 65 68 74 / 72 -53 -65 -68 / 55 58 67 75 / 60 -55 -67 -75 / 56 60 65 77 / 53 62 67 -77 / 51 63 68 75 <END> 
<S> 56 63 72 / 55 58 -63 -72 / 53 56 68 74 / 58 -53 -68 -74 / 48 60 68 75 / 50 58 65 77 / 51 63 67 79 / 53 60 69 77 / 55 71 -60 -77 / 57 60 72 75 / 74 -60 -72 -75 <END> 
<S> 56 60 67 72 / 65 -56 -60 -72 / 55 60 67 -65 / 59 62 -55 -67 / 53 60 68 -67 / 55 59 65 / 57 60 64 / 58 60 65 45 <END> 
<S> 60 63 67 / 62 -60 -67 / 55 60 63 67 / 53 60 68 -67 / 65 -53 -60 -68 / 46 65 -53 -60 / 59 74 -53 -65 / 55 60 67 75 / 43 65 74 -60 <END> 
<S> 46 62 65 / 53 -62 -65 / 55 58 62 70 / 63 -55 -62 -70 / 50 60 63 69 / 62 -60 -63 -69 / 53 60 62 70 / 53 57 62 -70 / 46 58 62 65 / 51 58 63 67 / 60 -51 -58 -67 <END> 
<S> 58 62 65 74 / 62 -58 -65 -74 / 60 63 75 -58 / 57 -60 -63 -75 / 58 65 74 / 53 -58 -65 -74 / 55 58 67 75 / 54 60 69 -75 / 62 -54 -69 -75 / 55 62 71 74 / 56 60 72 76 / 55 77 -60 -72 <END> 
<S> 54 63 69 72 / 62 -54 -69 -72 / 55 62 67 71 / 48 64 67 72 / 60 63 67 72 / 59 62 67 79 / 60 67 75 / 58 -60 -67 -75 / 56 60 68 77 / 55 -60 -68 -77 / 53 60 70 79 / 55 -60 -70 -79 <END> 
<S> 60 63 67 75 / 58 62 -67 -75 / 56 60 72 77 / 55 70 -60 -77 / 53 60 68 77 / 51 67 75 -60 / 55 59 67 74 / 55 60 67 70 / 68 -55 -60 -67 / 52 60 67 72 / 53 62 70 -67 / 55 63 70 / 62 -55 -63 -70 <END> 
<S> 48 60 67 75 / 55 58 -67 -75 / 56 60 72 75 / 55 -60 -72 -75 / 53 68 74 -60 / 55 59 67 -74 / 56 60 68 -74 / 72 -56 -60 -68 / 55 59 67 74 / 53 -59 -67 -74 / 55 59 67 74 / 53 -59 -67 -74 / 51 60 72 -67 / 50 65 -60 -72 / 48 62 67 71 / 53 -62 -67 <END> 
<S> 55 60 67 75 / 53 -60 -67 -75 / 55 59 67 74 / 65 -55 -59 -74 / 48 60 63 72 / 46 62 65 70 / 67 -46 -62 -70 / 48 63 68 / 50 58 65 -68 / 51 58 67 -65 / 63 -51 -58 -67 / 46 65 -58 -63 / 53 62 70 -65 / 55 62 67 70 / 56 -62 -67 -70 <END> 
<S> 51 65 68 / 50 58 -65 -68 / 51 58 63 67 / 62 -51 -58 -67 / 52 60 67 72 / 65 -51 -60 -72 / 46 65 74 / 58 64 67 -74 / 65 68 -50 49 / 47 62 67 -77 / 51 60 67 75 / 58 -51 -67 -75 / 56 60 65 68 / 53 59 65 74 / 51 60 67 75 / 55 59 67 74 <END> 
<S> 46 58 65 74 / 62 -46 -58 -74 / 56 60 65 72 / 47 -56 -60 -72 / 48 60 65 68 / 50 -60 -65 -68 / 51 58 67 / 50 53 -58 -67 / 51 55 67 70 / 60 -51 -67 -70 / 50 65 65 74 / 59 -50 -65 -68 / 48 60 63 68 / 50 59 62 67 <END> 
<S> 51 55 67 72 / 48 53 -67 -72 / 55 62 71 -67 / 48 67 72 75 / 50 65 70 74 / 51 -65 -70 -74 / 53 65 69 72 / 71 74 -53 -65 / 60 67 72 75 / 58 -67 -72 -75 / 56 60 72 77 / 55 67 75 -60 <END> 
<S> 46 65 70 74 / 53 -65 -70 -74 / 55 63 69 72 / 54 63 -69 -72 / 55 62 67 71 / 48 55 67 72 / 48 60 63 67 / 59 -48 -63 -67 / 56 60 63 72 / 62 65 -56 -72 <END> 
<S> 48 60 63 -67 / 62 -48 -60 -67 / 71 -48 -60 -67 / 50 62 65 69 / 51 -60 -65 -69 / 53 62 67 70 / 50 -62 -67 -70 / 51 65 69 72 / 53 -65 -69 -72 / 46 65 70 74 / 48 -65 -70 -74 / 50 70 -65 -70 / 46 62 68 -70 / 51 60 63 67 <END> 
<S> 53 65 70 72 / 51 -65 -70 -72 / 53 65 69 72 / 63 -53 -69 -72 / 46 62 65 70 / 0 / 53 59 68 74 / 74 -53 -59 -68 / 51 58 67 75 / 58 67 -51 -75 / 56 63 72 -75 / 65 74 -56 -63 / 55 67 75 -63 / 53 68 77 -75 / 55 67 74 -60 / 43 59 -74 -74 / 72 -43 -59 -74 <END> 
<S> 48 60 67 75 / 72 -48 -67 -75 / 55 67 74 -72 / 43 71 -67 -74 / 65 -43 -71 -74 / 48 63 72 / 60 63 67 72 / 58 62 -67 -72 / 56 60 65 72 / 55 -60 -65 -72 / 53 59 68 74 / 58 -53 -68 -74 / 48 60 67 75 / 44 72 -60 -75 <END> 
<S> 56 60 63 72 / 65 74 -56 -60 / 55 58 67 75 / 53 68 -58 -75 / 55 62 70 77 / 56 65 72 51 / 58 67 70 74 / 63 70 -58 -70 / 56 65 68 72 / 74 -56 -65 -68 / 51 67 75 -65 / 53 60 68 77 / 75 -53 -60 -68 <END> 
<S> 51 67 70 75 / 53 68 72 77 / 55 62 70 77 / 56 60 -70 -77 / 55 62 70 77 / 53 -62 -70 -77 / 51 67 70 75 / 0 / 51 63 72 79 <END> 
<S> 44 60 63 -67 / 65 -44 -60 -63 / 46 58 62 67 / 68 -46 -58 -62 / 39 58 63 67 / 68 -51 -60 -63 / 50 58 65 70 / 53 62 -58 -70 / 51 55 63 67 / 60 -51 -67 / 53 60 65 68 / 55 63 67 72 / 56 65 74 / 55 67 72 75 <END> 
<S> 58 62 65 70 / 56 63 68 72 / 55 -63 -68 -72 / 53 62 67 70 / 65 -53 -67 -70 / 51 63 67 72 / 64 74 -48 -67 / 55 65 67 71 / 59 67 -67 51 / 60 67 75 / 62 -60 -67 -75 / 56 60 65 72 / 58 74 -56 -65 / 51 67 72 -58 / 53 65 68 -72 <END> 
<S> 55 67 71 74 / 60 67 72 75 / 59 -67 -72 / 57 67 72 / 60 -57 -67 -72 / 55 59 67 74 / 60 67 75 / 57 60 72 75 / 55 67 74 -72 / 71 -55 -67 -74 / 51 67 72 / 70 -52 -67 -72 <END> 
<S> 60 67 75 / 55 -60 -67 -75 / 55 62 67 70 / 60 64 67 57 / 72 -60 -64 / 62 70 74 -60 / 52 72 -62 -70 / 53 60 69 -72 / 55 67 70 -60 / 62 -55 -67 -70 / 56 60 65 72 / 55 -60 -72 / 53 74 -60 -67 / 55 59 67 74 / 65 -55 -59 -74 <END> 
<S> 56 60 68 72 / 65 -56 -60 -72 / 55 62 67 70 / 63 -55 -67 -70 / 53 65 68 70 / 51 63 67 70 / 53 62 -67 -70 / 60 63 72 -67 / 58 62 65 74 / 56 -58 -65 -74 / 55 63 67 70 / 53 60 -67 -70 / 62 65 -55 -70 / 56 60 63 68 / 55 59 -63 -68 / 50 57 65 -68 / 58 62 65 <END> 
<S> 57 63 67 72 / 58 65 74 / 60 65 72 75 / 67 70 -60 -79 / 59 -67 -70 -79 / 60 68 72 75 / 62 67 70 75 / 65 -62 -70 -75 / 58 65 70 74 / 59 -65 -74 -74 / 60 67 72 75 / 58 62 70 77 <END> 
<S> 62 65 69 77 / 71 -62 -65 -77 / 63 72 75 / 67 74 -63 / 65 68 72 75 / 67 -56 -72 -75 / 53 68 72 74 / 47 67 -68 -74 / 65 -47 -68 -74 / 48 67 72 75 / 70 -48 -67 -75 / 53 65 68 72 <END> 
<S> 53 68 74 -60 / 55 59 67 -74 / 56 60 65 -74 / 72 -56 -60 -65 / 55 62 67 70 / 48 63 67 70 / 53 63 68 72 / 51 63 67 72 / 50 65 -67 -72 / 48 63 67 / 60 -48 -67 -75 / 55 65 74 -72 / 53 -65 -68 -74 <END> 
<S> 56 63 72 / 55 65 -63 -72 / 53 65 68 74 / 63 -53 -68 -74 / 55 62 67 71 / 43 59 62 67 / 48 60 63 67 / 50 -60 -63 -67 / 51 58 63 67 / 61 -51 -58 -67 / 53 56 60 68 / 58 62 -53 -68 <END> 
<S> 48 60 65 67 / 63 -48 -60 -67 / 55 58 62 67 / 53 56 62 72 / 51 55 58 67 / 54 57 62 69 / 55 63 70 / 72 -51 -63 / 50 55 67 70 / 48 -55 -67 -70 / 50 62 67 70 / 51 -62 -67 -70 / 50 63 67 70 / 62 65 -67 -70 <END> 
<S> 51 58 67 / 50 -58 -67 / 48 63 69 -67 / 50 62 66 -69 / 43 59 62 67 / 55 59 62 67 / 53 57 -62 -67 / 51 55 62 67 / 60 -51 -51 -67 / 50 60 65 70 / 41 -60 -50 -65 / 48 55 63 67 / 60 -48 -63 -67 / 41 56 60 65 / 60 -41 -56 -65 <END> 
<S> 43 55 62 70 / 55 62 69 -55 / 53 -62 -69 / 60 -50 -54 -69 / 43 50 59 67 / 48 51 60 67 / 46 -51 -60 -67 / 45 53 60 72 / 46 53 58 74 / 55 -46 -58 -74 / 45 57 60 72 / 46 53 62 70 / 55 -46 -62 -70 / 39 55 63 69 / 53 -55 -63 -69 <END> 
<S> 46 53 62 70 / 48 -53 -62 -70 / 46 58 62 65 / 57 63 -46 -65 / 55 58 65 70 / 53 60 -58 -70 / 56 62 65 71 / 53 -62 -65 -71 / 51 60 67 72 / 50 -62 -67 -72 / 48 67 71 74 / 50 72 -67 -74 / 52 67 72 / 54 -63 -69 -72 / 55 62 67 70 / 48 63 67 75 / 69 72 -48 -63 <END> 
<S> 52 67 72 / 48 -67 -72 -72 / 50 65 -72 -72 / 51 -65 -72 -72 / 53 57 -65 -72 / 46 65 74 -72 / 67 71 74 / 65 -55 -71 -74 / 48 63 72 / 60 63 67 75 / 69 -60 -63 -75 / 58 65 70 74 / 53 -58 -70 -74 / 55 58 72 -70 / 56 68 -72 43 <END> 
<S> 60 63 68 / 56 59 65 -39 / 60 -56 -65 / 55 58 62 67 / 53 59 68 -62 / 51 60 67 / 53 58 65 74 / 56 59 65 74 / 51 60 67 72 / 59 62 67 79 <END> 
<S> 56 60 63 72 / 55 -60 -63 -72 / 53 60 68 77 / 58 62 67 -77 / 60 63 67 75 / 53 65 68 74 / 72 -53 -65 -68 / 55 67 71 -65 / 63 -55 -67 -71 / 65 -55 -63 -71 <END> 
<S> 50 65 77 -68 / 62 -50 -65 -77 / 52 63 67 79 / 53 65 69 -79 / 55 67 71 74 / 63 72 -55 -67 / 65 -55 -63 -72 / 56 63 65 72 / 55 67 -63 -72 / 53 65 68 -70 / 51 67 70 -68 / 55 63 67 -70 / 65 -55 -67 -70 / 51 67 72 / 50 69 74 77 <END> 
<S> 55 63 70 75 / 56 -63 -70 -75 / 58 65 70 74 / 60 68 75 -74 / 67 70 75 77 / 68 72 75 77 / 70 74 -77 / 68 72 75 / 74 77 -68 / 60 75 67 69 / 58 62 70 77 / 56 -62 -70 -77 / 55 63 70 79 / 62 77 -55 -70 <END> 
<S> 63 67 70 79 / 65 68 -71 -79 / 63 67 72 75 / 65 -67 -72 -75 / 67 72 74 / 59 -67 -72 -74 / 60 67 72 75 / 55 65 71 74 / 53 -65 -70 -74 / 55 63 70 75 / 65 -55 -70 -75 / 51 67 70 75 / 65 74 -51 -58 <END> 
