<S> 53 57 60 69 / 59 62 -53 -69 / 52 60 64 67 / 50 57 62 65 / 59 -50 -62 -65 / 48 55 60 64 / 41 57 60 62 / 43 55 59 -62 / 48 55 60 64 / 44 59 64 71 <END> 
<S> 41 60 62 65 / 43 50 59 -62 / 45 57 72 -62 / 43 55 62 71 / 47 55 62 67 / 45 60 -55 -67 / 43 55 59 67 / 62 -43 -55 -67 / 45 60 62 69 / 47 62 -60 -69 / 48 60 64 67 / 50 65 -60 -67 / 52 60 67 -60 / 53 62 -60 -67 / 52 55 -60 -62 / 50 53 62 71 / 55 -50 -62 -71 <END> 
<S> 43 58 62 65 / 41 60 -58 -65 / 43 55 58 64 / 41 -58 -58 -63 / 57 61 -39 -58 / 52 55 61 64 / 53 57 62 69 / 47 55 62 67 / 48 57 64 67 / 50 -57 -64 -67 / 52 55 64 71 / 50 -55 -64 -71 / 48 -50 -55 -64 / 56 -47 62 65 / 59 64 -56 -64 / 55 60 62 -46 / 45 55 60 64 <END> 
<S> 50 57 62 65 / 59 -50 -62 -65 / 52 55 60 64 / 54 57 -60 -64 / 55 59 62 / 52 59 64 67 / 62 -52 -59 -67 / 45 57 60 65 / 47 55 62 -65 / 48 55 64 -62 / 60 -48 -55 -64 / 43 55 60 62 / 59 -43 -60 -64 / 59 -43 -55 -59 / 57 -43 -59 -62 / 52 -43 55 59 / 53 -43 -43 -59 <END> 
<S> 48 55 60 64 / 41 57 60 64 / 43 55 59 62 / 55 -43 -59 -62 / 48 55 60 64 / 48 52 55 60 / 50 53 62 / 52 55 64 67 / 50 57 62 69 / 43 59 62 67 / 48 60 64 76 / 47 62 -60 -76 / 48 52 60 64 <END> 
<S> 47 55 62 69 / 49 -55 -62 -69 / 50 53 62 71 / 52 55 -62 -71 / 50 54 60 69 / 62 -50 -54 -69 / 43 50 62 67 / 48 60 64 69 / 47 55 62 67 / 48 57 64 69 / 55 59 62 71 / 52 60 64 72 / 54 62 69 74 <END> 
<S> 47 50 62 67 / 45 52 -62 -67 / 50 59 64 67 / 54 -59 -64 -67 / 55 59 62 67 / 72 -55 -59 -62 / 55 62 71 -55 / 52 55 67 72 / 50 65 69 74 / 71 -50 -65 -74 / 48 67 72 76 / 52 -67 -72 -76 / 55 67 74 -72 / 67 -55 -72 -74 / 71 -55 -67 -74 / 65 -55 -71 -74 <END> 
<S> 52 60 67 72 / 50 65 69 74 / 71 -50 -65 -74 / 48 64 72 76 / 60 65 -72 -76 / 55 67 71 74 / 47 67 74 / 65 -43 -59 -74 / 48 55 64 72 / 50 62 65 71 / 52 64 67 -71 / 54 62 69 -67 / 62 66 -69 -72 <END> 
<S> 48 55 64 72 / 60 64 67 / 59 -60 -64 -67 / 57 60 65 69 / 59 62 65 -69 / 60 64 -65 -69 / 55 59 62 71 / 53 60 69 72 / 52 -60 -69 -72 / 53 60 69 74 <END> 
<S> 57 60 66 -74 / 72 -57 -60 -66 / 55 59 67 74 / 53 61 69 76 / 52 -53 -69 -76 / 50 74 77 77 / 76 -50 -69 -77 / 52 67 70 76 / 53 60 69 77 / 55 67 71 -60 / 53 60 69 74 / 55 -60 -69 -74 / 53 60 67 76 / 52 -60 -67 -76 <END> 
<S> 52 67 72 / 53 60 69 -72 / 55 71 -60 -69 / 57 60 69 72 / 59 71 74 -53 / 60 72 -57 -67 / 43 62 65 71 / 59 62 67 / 60 64 67 / 57 60 69 78 / 62 -57 -69 / 55 64 67 71 / 65 -55 -67 -71 / 55 59 67 74 / 48 67 76 -67 <END> 
<S> 59 62 67 71 / 60 64 67 72 / 62 65 71 74 / 64 67 72 / 60 66 69 74 / 55 67 71 74 / 59 67 74 / 55 67 71 74 / 60 67 72 76 / 65 74 -60 -72 / 64 72 79 / 62 71 -79 -79 <END> 
<S> 67 71 74 / 65 -67 -71 -74 / 62 67 71 / 69 -62 -67 -76 / 55 62 71 74 / 72 -62 -62 / 52 59 64 67 / 57 60 -52 -67 / 59 62 65 / 57 -57 -62 -65 / 55 59 62 67 / 52 -55 -59 -67 / 50 57 65 / 53 64 -50 -57 <END> 
<S> 57 60 64 72 / 55 59 -64 -72 / 53 57 69 / / 52 -65 -69 / 50 65 69 74 / 59 -50 -65 -74 / 60 62 66 / 58 64 -60 -67 / 57 60 65 -64 / 50 -60 -65 / 55 58 64 67 / 53 57 65 74 / 52 58 67 76 / 50 57 65 77 / 59 -50 -65 -77 <END> 
<S> 55 60 64 67 / 53 69 -60 -64 / 59 -53 -60 -69 / 57 60 69 -53 / 50 -60 -69 -69 / 55 62 67 71 / 52 59 67 / 60 64 -52 -67 / 54 57 62 74 / 72 -54 -57 -62 / 55 62 67 71 / 48 -55 -67 -71 / 50 62 67 69 / 62 66 69 -48 / 60 64 67 71 / 59 62 67 <END> 
<S> 54 57 69 74 / 50 59 -65 -74 / 60 64 67 -47 / 48 60 64 -67 / 50 57 62 66 / 47 62 -57 -69 / 43 59 62 67 / 45 57 -62 -67 / 47 55 62 67 / 49 -55 -62 -67 / 50 57 62 65 / 59 -50 -62 -66 / 52 60 64 67 / 48 -60 -64 -67 <END> 
<S> 47 59 62 67 / 49 57 -59 -67 / 50 57 65 -57 / 50 57 62 -57 / 50 57 60 / 53 57 62 -57 / 55 60 64 / 53 59 62 / 45 57 60 64 / 43 57 59 62 / 42 57 60 -57 / 43 50 55 59 / 55 50 59 -50 / 48 55 60 / 38 57 59 62 / <END> 
<S> 50 57 62 65 / 59 -50 -62 -65 / 55 60 62 / 53 60 -62 / 53 59 62 / / -53 -59 -62 / 47 52 55 67 / 48 55 60 64 / 59 -48 -55 -64 / 42 57 60 62 / 44 64 -57 -60 / 43 59 62 -57 / 53 -43 -59 -62 <END> 
<S> 48 55 64 -62 / 60 -48 -55 -64 / 43 55 62 -60 / 59 -43 -55 -62 / 36 55 60 64 / 0 / 52 60 64 67 / 45 60 65 69 / 47 -60 -65 -69 / 48 60 64 67 <END> 
<S> 45 57 60 69 / 47 55 62 71 / 48 64 -55 -71 / 50 55 62 69 / 71 -50 -55 -62 / 52 59 62 67 / 50 -55 -59 -62 / 48 55 60 64 / 55 62 -48 / 43 55 59 / <END> 
<S> 47 55 62 67 / 48 60 -55 -67 / 50 62 66 69 / 58 62 67 -50 / 57 66 -62 -67 / 44 59 64 67 / 72 -45 -64 -64 / 47 62 67 71 / 48 64 69 -67 / 50 62 66 69 / 55 59 62 67 <END> 
<S> 57 64 67 72 / 66 -57 -64 -72 / 55 59 67 74 / 60 -55 -67 -74 / 62 66 69 -55 / 43 50 -69 71 / 52 55 -43 -71 / 47 55 62 -71 / 48 55 64 72 / 48 55 64 71 / 62 -52 -55 -71 / 57 60 64 69 / 65 -57 -60 -69 <END> 
<S> 48 55 64 72 / 50 65 -55 -72 / 52 60 67 / 48 58 64 -67 / 53 57 60 69 / 59 62 -53 -69 / 52 60 64 67 / 50 -60 -64 -67 / 48 55 64 72 / 65 -48 -55 -72 / 55 60 67 -48 / 59 62 -55 -67 / 43 57 -55 -67 / 59 -43 -55 -67 / 55 -43 -60 -67 <END> 
<S> 53 60 69 / 71 -53 -60 -69 / 52 67 72 -60 / 55 64 -52 -72 / 54 62 69 -72 / 50 71 -62 -69 / 55 62 67 71 / 53 59 62 67 / 52 60 67 72 / 50 65 69 74 / 71 -50 -65 -74 / 48 67 72 76 / 60 74 77 -48 / 76 79 -48 -60 / 53 59 74 77 / 60 72 76 -53 <END> 
<S> 52 60 67 72 / 48 64 -60 -72 / 50 65 72 -60 / 52 58 67 -72 / 53 57 69 72 / 55 59 -69 -72 / 53 60 69 72 / 52 62 -69 -72 / 64 -52 -69 -72 / 50 65 69 77 / 71 -50 -65 -77 / 52 67 72 76 / 53 -67 -72 -76 / 55 67 74 -72 / 71 -55 -67 -74 / 0 / 56 65 71 74 <END> 
<S> 50 62 69 77 / 52 60 -69 -77 / 53 59 67 -77 / 60 76 -53 -68 / 43 59 67 74 / 62 66 -59 -74 / 60 64 67 72 / 62 66 74 / 52 60 67 76 / 53 59 62 77 / 52 60 72 76 / 53 59 74 77 / 76 -53 -74 -77 <END> 
<S> 60 64 67 72 / 59 62 67 74 / 57 60 69 76 / 55 -60 -69 -76 / 53 62 69 77 / 76 -53 -62 -69 / 55 67 71 74 / 57 72 -67 -74 / 55 59 74 / 57 -55 -59 -74 / 52 55 60 67 / 50 -55 -60 -67 / 52 55 62 72 / 71 -55 -62 <END> 
<S> 55 67 71 74 / 52 59 76 -67 / 52 60 67 76 / 53 69 -60 -76 / 55 67 71 74 / 52 65 -67 -74 / 52 59 67 / 50 57 65 -67 / 48 64 67 79 / 50 62 -67 -79 / 52 60 67 79 / 53 69 -67 -79 / 55 62 71 74 / 61 64 69 72 <END> 
<S> 52 60 67 72 / 53 69 -60 -72 / 52 65 -60 -69 / 50 59 65 74 / 48 60 64 74 / 50 65 -60 -74 / 52 60 67 76 / 53 -60 -67 -76 / 55 59 67 74 / 65 -55 -59 -74 / 57 60 64 72 / 55 59 -64 -72 / 53 57 69 72 / 62 74 -53 -69 / 52 67 71 76 / 50 65 77 -79 / 52 64 72 79 <END> 
<S> 55 60 64 72 / 65 -55 -60 -72 / 55 59 67 74 / 48 60 67 76 / 48 60 67 76 / 58 -48 -67 -76 / 57 60 66 77 / 72 -57 -60 -77 / 55 67 -60 -72 / 53 65 69 74 / 71 -53 -65 -74 / 48 67 72 76 / 60 72 76 -53 / -72 -45 -72 / 67 69 -72 -72 / 71 -65 -67 -72 <END> 
<S> 50 60 65 77 / 67 -50 -60 -77 / 52 -60 -67 -76 / 53 -60 -67 -76 / 55 59 67 74 / 59 -55 -74 -74 / 57 60 67 76 / 59 62 -67 -76 / 57 60 65 72 / 55 59 67 74 / 53 57 69 74 / 52 59 68 76 / 77 -59 -65 / 48 60 67 76 / 59 -48 -67 -76 / 57 60 69 77 / 59 62 -69 -77 / 60 64 67 76 / 53 -64 -67 -76 <END> 
<S> 47 59 67 74 / 45 76 -59 -67 / 45 57 64 72 / 48 52 -64 -72 / 50 53 65 72 / 52 55 64 -72 / 53 57 69 -72 / 55 59 67 74 / 60 64 67 72 / 65 -60 -72 -76 / 59 67 74 -53 / 52 -67 -74 / 50 62 67 71 / 48 60 69 -67 / 50 59 67 69 / 52 60 66 -69 / 64 -45 -60 -69 / 59 62 67 71 / 57 64 69 72 <END> 
<S> 55 62 69 74 / 71 -55 -62 -74 / 43 62 71 76 / 56 59 71 76 / 52 60 72 79 / 57 60 -72 -79 / 55 67 71 74 / 53 69 -67 -74 / 52 67 71 76 / 57 72 -67 -76 / 59 74 -67 / 57 60 69 -74 / 59 68 77 -57 / 62 71 -56 -77 / 57 64 69 72 / 55 67 71 74 / 52 67 70 -74 <END> 
<S> 57 60 69 77 / 59 62 -69 -77 / 60 64 67 76 / 53 60 69 -76 / 55 67 71 74 / 65 -55 -71 -74 / 48 64 67 72 / 53 60 69 72 / 65 74 -53 -60 / 55 59 67 76 / 74 -55 -59 -67 / 44 59 67 76 / 45 57 65 72 <END> 
<S> 55 59 67 74 / 53 -59 -67 -74 / 52 60 67 72 / 58 74 -52 -67 / 57 60 65 72 / 58 65 74 / 53 57 65 72 / 48 55 64 72 / 60 64 67 72 / 54 69 74 -60 / 55 58 67 76 / 57 69 77 -67 / 70 -57 -62 -67 / 50 62 69 78 / 55 62 71 79 <END> 
<S> 45 60 65 72 / 47 74 -65 -72 / 48 60 67 76 / 69 -48 -60 -76 / 58 62 70 74 / 57 61 69 -74 / 50 59 67 76 / 57 60 72 -67 / 43 -57 -60 -72 / 59 71 74 -56 / 60 69 -50 -79 / 52 59 71 79 / 68 -52 -59 -76 <END> 
<S> 47 55 62 67 / 48 55 64 / 50 55 62 71 / 54 69 -50 -62 / 43 55 62 67 / 53 69 -62 -67 / 43 59 62 67 / 64 -43 -59 -67 / 45 60 65 -67 / 47 62 67 -65 / 48 60 64 -67 / 60 -48 -64 -67 / 53 60 65 69 <END> 
<S> 43 59 67 74 / 55 62 67 71 / 60 74 -62 -67 / 59 62 67 69 / 66 -59 -62 -74 / 55 59 64 74 / 57 60 65 72 / 55 59 67 74 / 53 -59 -67 -74 / 52 60 67 76 / 58 -52 -67 -76 / 53 57 69 77 / 55 62 71 -77 <END> 
<S> 59 62 67 74 / 57 60 -67 -74 / 55 59 67 74 / 72 -59 -67 -74 / 59 67 74 79 / 76 -59 -67 -79 / 60 62 77 / 62 65 74 77 / 72 -62 -77 -77 / 60 67 74 77 / 72 -60 -67 -77 / 59 74 -67 / 65 -59 -71 -74 / 60 64 67 72 <END> 
<S> 60 67 77 / 55 62 67 76 / 53 -62 -67 -76 / 60 62 67 77 / 58 -62 -67 -77 / 54 60 62 74 / 55 59 74 -74 / 72 -55 -59 -74 / 74 -55 -59 -74 / 57 60 65 72 / 64 -57 -60 / 55 59 62 74 / 53 -59 -62 -74 <END> 
<S> 55 60 62 71 / 53 59 62 71 / 52 55 60 72 / 57 60 65 -72 / 55 59 67 74 / 48 60 67 75 / 53 60 65 74 / 52 72 -60 -65 / 53 57 63 -72 / 62 -53 -57 -72 / 55 60 63 70 / 53 60 68 -60 <END> 
<S> 53 57 65 74 / 55 58 -65 -74 / 56 72 -58 -65 / 58 74 -65 -68 / 60 67 75 / 58 -60 -67 -75 / 56 60 68 75 / 55 -60 -68 -75 / 53 60 68 77 / 76 -53 -60 -68 / 55 58 67 70 / 56 65 -67 -70 / 58 64 67 70 / 62 65 -67 -70 / 60 63 67 75 / 58 -60 -67 -75 <END> 
<S> 53 60 75 -67 / 53 65 69 74 / 63 72 -53 -69 / 55 62 67 71 / 60 63 67 72 / 58 62 -67 -72 / 57 60 65 72 / 55 67 -60 -72 / 53 65 69 72 / 51 -65 -69 -72 / 50 65 69 77 / 75 -50 -65 -69 / 55 67 74 / 58 -67 -74 <END> 
<S> 57 60 65 72 / 55 -60 -65 -72 / 53 -60 -65 -72 / 70 -53 -65 / 48 63 72 79 / 60 63 72 79 / 58 63 72 79 / 57 63 72 77 / 59 62 67 -77 / 60 67 75 / 61 69 -67 -75 <END> 
<S> 58 65 74 -68 / 60 63 68 75 / 62 65 70 -75 / 63 66 72 79 / 62 71 77 -59 / 60 63 75 79 / 58 62 -75 -79 / 56 60 -75 -79 / 58 72 75 77 / 56 60 -72 -75 <END> 
<S> 60 63 72 79 / 58 -63 -72 -79 / 56 63 72 77 / 55 -63 -72 -77 / 57 -63 72 -77 / 46 -62 -65 -77 / 58 67 70 -50 / 55 58 -70 -79 / 52 60 68 79 / 70 -52 -60 -79 <END> 
<S> 46 58 65 74 / 53 62 74 77 / 51 63 70 79 / 53 68 72 77 / 55 67 71 -77 / 56 63 72 / 62 -56 -72 -77 / 60 -56 -72 -77 / 55 62 71 79 / 63 -55 -71 -79 / 56 65 72 77 / 58 64 70 -77 <END> 
<S> 56 63 72 77 / 60 -56 -72 -77 / 53 68 72 75 / 55 67 71 74 / 50 65 72 75 / 51 67 70 75 / 50 -67 -70 -75 / 52 67 72 75 / 53 -67 -72 -75 / 55 67 70 74 / 56 65 -67 -74 <END> 
<S> 48 67 72 75 / 60 63 -72 -75 / 65 68 74 -60 / 55 67 -65 -74 / 53 -59 -67 -74 / 52 72 -58 -67 / 53 65 68 74 / 63 -53 -68 -74 / 62 65 70 / 60 64 67 79 / 58 62 -67 -79 / 57 60 72 77 <END> 
<S> 56 63 72 / 60 -56 -63 -72 / 55 65 68 72 / 53 -65 -68 -72 / 63 -53 -68 -72 / 62 65 -68 -72 / 60 63 67 75 / 69 -60 -63 -75 / 58 65 70 74 / 56 65 72 77 <END> 
<S> 46 62 65 74 / 67 -46 -62 -74 / 54 63 69 72 / 53 -63 -69 -72 / 54 62 68 74 / 72 -62 -66 -74 / 55 62 70 79 / 53 -55 -70 -79 / 62 67 77 -53 / 75 -62 -67 -77 / 60 65 68 74 / 53 65 -68 -74 / 63 72 70 79 <END> 
<S> 56 64 67 72 / 62 65 -56 -72 / 63 -56 -62 -70 / 55 59 62 67 / 65 -55 -62 -67 / 56 60 63 72 / 65 -56 -60 -72 / 55 62 67 70 / 53 -62 -67 -70 / 51 63 67 72 / 58 65 74 -72 / 56 67 70 75 <END> 
<S> 53 68 -61 -67 / 62 -53 -68 -68 / 63 67 -53 -68 / 62 65 -68 / 60 63 67 / 59 -60 -63 -67 / 58 60 65 / 56 60 -60 -65 / 55 58 62 70 / 53 68 -58 -70 / 51 63 67 -56 / 55 -51 -67 -67 / 56 60 65 68 / 58 -60 -65 -68 <END> 
<S> 56 60 63 68 / 55 -60 -63 -68 / 53 56 65 68 / 58 -53 -65 -68 / 48 60 64 68 / 0 / 53 60 72 75 / 68 -53 -60 -72 / 47 50 65 74 / 48 67 75 / 53 68 74 -48 / 47 50 -74 -74 / 48 67 72 75 <END> 
<S> 53 60 68 74 / 56 -53 -60 -74 / 55 59 67 74 / 53 72 -67 / / 60 67 74 / 59 -60 -67 -74 / 56 60 67 72 / 65 -56 -60 -72 / 55 59 67 74 / 53 -59 -67 -74 / 59 -55 -59 -74 / 48 60 -59 -67 / 50 57 66 <END> 
<S> 55 60 67 75 / 53 -60 -67 -75 / 55 59 67 74 / 65 -55 -59 -74 / 48 63 63 72 / 60 63 67 72 / 58 62 -67 -72 / 56 60 65 72 / 55 -60 -63 -72 / 53 60 68 77 / 62 -53 -68 -77 / 60 63 67 75 / 65 69 74 -60 <END> 
<S> 56 60 63 72 / 65 -56 -60 -72 / 55 62 67 70 / 48 63 67 70 / 53 59 68 74 / 57 60 67 75 / 59 68 74 / 53 -59 -67 -74 / 51 59 67 79 / 77 -51 -67 <END> 
<S> 55 59 67 75 / 56 60 -67 -75 / 62 74 -56 -60 / 59 -43 -62 -68 / 65 -43 -59 -62 / 48 55 60 63 / 51 63 67 / 58 -51 -63 -67 / 53 56 60 68 / 55 58 67 -60 / 53 56 60 68 / 58 -53 -60 -68 <END> 
<S> 51 56 63 72 / 56 -51 -63 -72 / 47 55 62 67 / 48 55 63 / 44 51 60 68 / 44 53 -60 -68 / 46 62 67 -53 / 48 63 67 68 / 50 65 -41 -68 <END> 
<S> 44 48 60 65 / 60 -48 -60 -65 / 55 59 62 67 / 43 55 63 72 / 53 62 65 -68 / 48 60 63 67 / 51 63 -60 -67 <END> 
<S> 56 60 65 45 / 55 -60 -65 -77 / 53 59 68 79 / 63 -53 -68 -79 / 48 60 75 -67 / 50 65 -60 -75 / 52 60 67 79 / 53 60 68 -79 / 55 59 67 74 / 56 60 65 -74 <END> 
<S> 56 60 65 77 / 55 67 75 -60 / 53 60 68 77 / 51 -60 -68 -77 / 50 59 68 77 / 55 -50 -65 -77 / 48 63 72 79 / 60 -63 -72 -79 <END> 
<S> 43 62 70 -65 / 63 -43 -70 / 53 62 65 -70 / 57 63 72 -53 / 55 59 67 74 / 61 -55 -67 -79 / 53 60 69 72 / 67 -53 -60 -72 / 58 65 74 / 56 65 72 / 74 -56 -65 <END> 
<S> 62 66 69 / 60 63 -69 / 58 67 -63 / 57 62 65 / 47 55 62 67 / 48 55 63 -62 / 50 56 -55 -63 / 48 55 62 63 / 43 56 60 65 / 59 -43 -56 -65 <END> 
<S> 51 55 58 / 51 55 60 / 48 -55 -63 / 48 55 60 63 / 44 53 60 65 / 43 55 59 -65 / 39 55 60 67 / 41 53 60 65 / 62 -53 -53 -60 / 46 53 62 70 / 46 -53 -62 -70 / 51 58 67 / 50 -58 -67 <END> 
<S> 55 58 60 63 / 53 -51 -60 -63 / 55 58 -48 -63 / 56 56 60 65 / 55 59 62 67 / 53 60 68 -62 / 55 62 -53 -69 / 56 71 -55 / 58 54 62 72 / 45 60 63 72 / 46 58 62 -72 / 39 -58 -72 <END> 
