<S> 0 / 48 55 63 72 / 46 58 62 67 / 45 60 66 72 / 67 -45 -60 -72 / 54 63 69 72 / 62 -54 -69 -72 / 55 62 69 70 / 67 -55 -62 -70 / 48 63 67 70 / 69 -48 -63 -67 <END> 
<S> 46 62 67 70 / 48 63 69 -67 / 50 62 67 71 / 58 -50 -62 -67 / 51 55 62 -67 / 63 69 -55 -63 / 55 62 67 70 / 53 -62 -67 -70 / 51 67 72 -62 / 63 -51 -67 -72 / 53 65 68 74 / 51 67 -65 -74 / 63 69 72 77 / 62 -69 -72 -77 / 70 -62 -65 -77 <END> 
<S> 51 63 67 72 / 50 -63 -67 -72 / 48 62 67 74 / 47 -62 -67 -74 / 48 60 67 75 / 51 -60 -67 -75 / 53 60 68 74 / 55 59 67 -74 / 65 -55 -67 -74 / 48 63 67 72 / 56 63 70 72 / 53 65 68 -72 / 63 -53 -68 -72 / 55 62 67 70 / 56 65 -55 -70 <END> 
<S> 48 60 67 75 / 68 72 -60 -75 / 55 67 71 -75 / 63 74 -67 -75 / 65 -55 -63 -74 / 53 63 68 72 / 62 71 -68 / 60 63 67 75 / 69 -60 -63 -75 / 58 65 70 74 / 56 65 72 77 / 55 67 -72 -77 <END> 
<S> 60 63 67 72 / 58 62 -67 -72 / 56 60 65 72 / 55 64 -60 -72 / 62 66 69 72 / 50 -62 -69 -72 / 68 -50 -62 -69 / 51 60 67 -69 / 58 -52 -67 -72 / 54 57 69 74 / 72 -54 -57 -69 <END> 
<S> 55 62 67 70 / 53 62 -67 -70 / 51 60 67 72 / 55 -60 -67 -72 / 54 57 69 72 / 55 62 72 -69 / 64 -55 -72 / 65 71 -55 -55 / 48 60 64 67 / 48 60 63 67 / 58 -48 -63 -67 <END> 
<S> 55 67 70 / 65 -55 -70 / 56 63 72 -70 / 55 -63 -63 -72 / 53 62 65 71 / 51 67 72 -65 / 56 63 65 -72 / 67 -56 -56 -72 / 55 62 65 71 / 53 63 67 72 / 74 -53 -60 -67 <END> 
<S> / 60 63 68 75 / 67 -60 -63 -75 / 65 68 72 75 / 71 -68 -68 -75 / 67 72 75 / 62 -67 -72 -75 / 56 65 72 77 / 55 -56 -72 -77 / 53 70 75 79 / 52 55 60 79 <END> 
<S> 44 63 72 77 / 41 -63 -72 -77 / 46 62 70 77 / 63 68 -46 -77 / 65 68 -46 -77 / 55 63 70 75 / 53 68 72 -75 / 74 -53 -68 -72 / 55 70 75 79 / 63 -70 -75 <END> 
<S> 51 67 70 75 / 53 -67 -70 -75 / 55 58 -67 -75 / 56 60 77 -51 / 50 53 70 -77 / 48 75 -53 -70 / 50 65 70 77 / 51 58 -70 -77 / 53 57 69 77 / 55 71 -69 -77 / 56 60 72 75 / 74 -56 -60 -72 <END> 
<S> 51 58 67 72 / 53 68 -58 -72 / 51 55 70 77 / 56 60 68 72 / 74 -56 -60 -68 / 55 59 67 75 / 56 60 -67 -75 / 58 61 65 68 / 56 60 65 68 / 58 64 67 70 / 65 68 -58 <END> 
<S> 56 60 65 77 / 53 -60 -65 -77 / 55 62 70 79 / 68 77 -55 -62 / 58 67 70 -52 / 61 65 68 -79 / 70 -61 -65 -70 / 63 67 72 -70 / 65 69 -55 -72 / 56 65 71 74 / 55 63 72 75 / 54 62 74 -72 <END> 
<S> 51 58 67 75 / 65 -51 -58 -75 / 56 60 63 72 / 55 58 70 75 / 53 57 65 72 / 74 -53 -65 -74 / 51 63 70 79 / 53 62 -70 77 / 67 75 -53 -62 / 46 62 65 74 / 47 62 -65 -74 <END> 
<S> 51 63 67 70 / 56 60 65 72 / 58 67 74 / 55 -58 -67 -74 / 56 60 68 72 / 65 -56 -60 -72 / 55 62 67 71 / 48 63 67 72 / 53 59 65 74 <END> 
<S> 56 63 72 / 55 -63 -72 / 57 65 72 -72 / 53 -65 -72 -75 / 67 72 -53 -72 / 55 62 71 74 / 55 60 71 75 / 62 -55 -67 -75 / 48 63 67 72 / 60 63 67 72 <END> 
<S> 58 62 65 / 63 67 -58 -58 / 57 60 65 68 / 46 -60 -65 -68 / 51 58 67 / 58 -51 -67 -79 / 53 65 68 74 / 55 58 -65 -74 / 56 60 63 68 / 62 -56 -60 -68 / 55 61 67 70 / 53 68 -61 -70 <END> 
<S> 56 63 67 72 / 56 65 -56 -72 / 55 62 67 71 / 53 -62 -67 -71 / 51 60 67 -67 / 48 -60 -67 -67 / 53 62 65 69 / 59 -62 -65 -69 / 60 62 67 / 57 60 65 74 / 50 59 67 74 / 48 60 67 75 / 50 65 -67 -75 / 51 67 72 75 / 53 -67 -72 -75 <END> 
<S> 60 63 67 72 / 62 65 74 / 70 -60 -65 / 53 65 -60 -70 / 59 62 67 74 / 60 63 68 75 / 65 62 -68 -75 / 63 67 70 / / 59 -67 -70 / 45 60 67 72 / 65 74 -60 / / 60 67 72 75 / 55 60 67 74 / 59 -55 -67 -74 / 65 -55 -59 -74 <END> 
<S> 59 62 67 74 / 60 63 75 / 58 62 -75 -75 / 56 60 72 -75 / 55 67 71 74 / 0 / 48 67 72 75 / 50 65 70 74 / 51 67 70 75 / 53 -67 -70 -75 / 55 67 70 74 / 56 65 -70 -74 <END> 
<S> 48 67 72 75 / 50 -67 -72 -75 / 51 67 72 75 / 53 -67 -72 -75 / 55 67 70 75 / 56 60 68 77 / 58 62 -68 -77 / 60 67 75 / 53 60 65 77 / 51 -60 -65 79 / 59 -51 68 79 / 60 75 -68 -51 / 62 67 71 79 <END> 
<S> 56 60 65 77 / 58 62 65 -77 / 60 67 -65 / 59 62 67 79 / 60 63 -67 -79 / 58 63 75 79 / 57 -63 -72 -79 / 58 70 77 -63 / 69 -58 -63 -77 / 46 65 70 -77 / 74 -46 -65 -68 / 48 63 70 75 <END> 
<S> 53 79 68 77 / 51 60 75 79 / 50 65 71 -79 / 46 62 74 79 / 67 75 -62 -79 / 77 -62 -67 -71 / 60 67 75 79 / 69 -60 -75 -79 / 58 70 74 77 / 68 -58 -74 -77 / 51 67 72 75 / 53 68 72 74 / 55 58 -68 -74 <END> 
<S> 62 67 77 / 53 69 -62 -77 / 55 62 70 79 / 63 -55 -70 -75 / 53 65 68 72 / 51 63 67 -72 / 58 65 68 74 / 56 -65 -68 -74 / 55 67 70 74 / 53 -67 -70 -74 / 51 63 70 79 / 53 -63 -70 -79 / 55 63 70 79 / 56 60 -70 -79 <END> 
<S> 58 65 70 74 / 56 -65 -70 -74 / 55 67 70 75 / 65 69 -55 -75 / 56 63 71 45 62 65 -56 -71 / 51 54 63 72 / 55 59 62 67 / 55 59 67 75 / 60 -55 -67 -75 / 74 -55 -60 -67 / 59 -55 -67 -74 <END> 
<S> 55 62 67 71 / 43 59 62 67 / 0 / 55 62 67 70 / 48 63 67 70 / 50 58 65 68 / 51 58 65 67 / 63 -51 -58 -67 <END> 
<S> 50 60 68 74 / 59 -50 -68 -74 / 51 60 67 75 / 53 -60 -67 -75 / 55 67 74 -60 / 59 -55 -67 -74 / 51 60 67 72 / 65 -51 -67 -72 / 47 65 67 74 / 62 -65 -67 -74 / 60 63 67 / 62 65 -60 -67 <END> 
<S> 51 63 67 72 / 56 63 -51 -72 / 47 56 65 74 / 65 -47 -56 -74 / 55 59 67 -65 / 60 63 -55 -67 / 62 -55 -67 -71 / 63 -55 -67 -72 / 65 -55 -67 -72 / 67 -55 -67 -72 / 65 -55 -67 -72 / 60 63 67 72 / 58 62 -67 -72 / 56 60 65 72 / 55 67 -60 -72 <END> 
<S> 48 63 72 -67 / 60 -48 -67 -72 / 47 55 67 74 / 48 71 -67 -74 / 51 60 67 72 / 56 60 65 72 / 55 67 -60 -72 / 53 60 65 68 / 51 -60 -65 -68 / 59 62 65 68 / 63 -46 -68 -74 / 65 65 -60 -74 <END> 
<S> 56 60 63 72 / 65 74 -56 -60 / 55 60 67 75 / 53 -60 -67 -75 / 55 60 67 74 / 59 -55 -67 -74 / 65 -55 -59 -74 / 48 55 63 72 / 56 62 70 77 <END> 
<S> 53 60 65 68 / 62 -53 -60 -68 / 55 59 67 / 56 65 -67 / 60 63 -67 / 55 59 67 75 / 53 72 -67 -75 / 55 67 71 74 / 65 -55 -71 -74 / 48 63 72 / 67 70 45 51 65 68 77 <END> 
<S> 53 69 74 -60 / 55 59 67 -74 / 65 -55 -67 -74 / 48 63 67 72 / 58 62 70 77 / 51 63 70 79 / 62 77 -70 -79 / 59 67 75 79 / 77 -59 -67 -75 / 60 67 72 75 / 55 67 71 74 <END> 
<S> 50 63 70 77 / 51 68 -63 -77 / 53 56 68 -77 / 51 55 70 79 / 53 65 70 81 / 72 -53 -65 -80 / 58 65 74 79 / 63 -58 -70 -79 / 57 63 72 77 / 58 62 70 -77 / 68 -58 -62 -77 / 60 63 67 75 / 58 65 74 77 / 56 -65 75 <END> 
<S> 56 63 77 -63 / 60 -56 -63 / 47 65 -56 -71 / 48 55 64 72 / 53 60 65 68 / 58 67 -53 -65 / 51 58 67 -65 / 64 -47 -58 -67 / 44 60 65 -63 / 46 62 65 / 39 58 62 67 / 56 -58 63 68 <END> 
<S> 46 53 62 65 / -46 -53 -65 -70 / 51 58 63 67 / 62 65 -58 43 / 60 63 67 / 46 58 62 -67 / 56 -46 -62 -67 / 51 55 63 67 / 60 -51 -63 -67 / 50 65 -60 59 / 52 -50 -60 -65 / 59 -52 -60 -65 <END> 
<S> 48 60 63 -67 / 43 62 -60 -67 / 59 62 67 -56 / 55 -59 -62 -67 / 57 60 63 67 / 53 62 65 69 / 55 63 67 70 / 65 -55 -67 -70 / 55 67 70 75 / 53 -67 -70 -75 / 51 65 70 79 / 50 -65 -70 -79 <END> 
<S> 51 63 67 70 / 63 -51 -67 -70 / 72 -51 -63 -67 / 53 65 68 -72 / 63 -53 -68 -72 / 55 62 67 71 / 55 59 62 67 / 60 67 76 / 58 -60 -67 -75 / 56 60 68 77 / 55 -60 -68 -77 <END> 
<S> 55 62 67 71 / 55 59 62 67 / 53 -59 -62 -67 / 51 60 67 72 / 50 -60 -67 -72 / 48 62 67 74 / 47 -62 -67 -74 / 48 60 67 75 / 55 -60 -67 -75 / 53 56 68 74 / 72 -53 -56 -74 / 55 63 67 70 / 65 -55 -67 -70 <END> 
<S> 51 60 67 72 / 53 69 74 -72 / 46 65 71 74 / 48 67 72 75 / 53 -67 -72 -75 / 55 67 71 74 / 72 -55 -67 -74 / 62 67 71 -55 / 60 63 67 72 / 58 62 67 77 / 57 60 69 75 / 55 70 -60 -75 <END> 
<S> 55 67 70 75 / 53 -67 -70 -75 / 51 65 72 77 / 50 71 -65 -77 / 51 63 72 79 / 53 -63 -72 -79 / 55 62 71 79 / 56 60 71 -79 / 62 75 77 / 60 67 75 / 55 67 74 -60 / 59 -55 -67 -74 / 53 60 67 72 / 51 63 65 -72 <END> 
<S> 59 62 74 77 / 60 -62 -74 -77 / 59 62 74 77 / 67 -62 -74 -77 / 60 67 75 -74 / 58 67 72 -75 / 56 74 77 -72 / 55 70 75 79 / 51 70 77 -79 / 60 72 75 79 / 74 -58 -75 -79 / 72 75 78 / 62 74 77 -72 / 56 63 72 -77 / 55 70 -63 -77 / 57 -63 -70 -77 / 58 62 65 77 / 58 62 70 77 <END> 
<S> 53 72 80 -77 / 62 70 79 -53 / 51 63 72 79 / 50 71 77 -79 / 48 67 72 75 / 53 68 74 77 / 53 -53 -68 -74 / 55 58 70 -74 / 56 -55 -70 -74 <END> 
<S> 56 67 72 75 / 58 -67 -72 -75 / 57 60 72 77 / 58 70 75 -55 / 53 -58 -70 -75 / 46 74 65 77 / 47 67 74 77 / 48 67 75 <END> 
<S> 46 73 -65 -70 / 48 65 68 75 / 64 -48 -70 -75 / 65 74 -48 -70 / 67 75 -53 -70 / 69 -53 -65 -75 / 60 63 67 -75 / 58 62 -67 -75 / 56 60 65 77 / 55 67 -60 -77 / 53 65 68 72 <END> 
<S> 56 60 72 77 / 55 -60 -72 -77 / 53 61 70 79 / 52 -61 -70 -79 / 53 65 69 72 / 71 74 -53 -65 / 48 72 75 -65 / 50 65 77 -72 / 51 70 75 79 / 53 69 72 77 / 55 67 71 74 / 55 67 71 <END> 
<S> 50 65 72 77 / 51 70 -65 -77 / 53 60 69 -77 / 67 75 -53 -60 / 47 62 65 74 / 59 -47 -65 -74 / 48 60 63 72 / 50 65 74 77 / 51 67 75 79 / 58 77 -67 -75 / 79 -58 -67 -79 / 56 63 72 77 / 55 -63 -72 -77 / 57 73 -63 -77 / 50 75 65 77 / 58 65 74 -50 / 55 62 70 77 / 60 67 75 -77 <END> 
<S> 51 67 79 77 / 53 75 -67 -70 / 51 67 72 77 / 53 75 -67 -72 / 55 70 74 -72 / 56 71 72 77 / 55 63 72 79 / 53 65 68 80 / 58 65 70 -80 / 56 65 -70 -74 / 55 62 70 77 / 53 -62 -70 -77 / 51 63 70 79 / 55 58 -70 -79 <END> 
<S> 58 63 70 77 / 62 -58 -70 -77 / 60 63 68 77 / 46 62 -68 -77 / 48 63 72 75 / 58 65 74 -72 / 67 71 79 36 / 63 67 72 79 / 60 67 72 79 <END> 
<S> 63 72 -51 -67 / 55 65 -72 / 67 -55 -72 / 67 -55 -72 / 53 68 71 74 / 51 67 72 / 60 67 72 -51 / 65 68 74 -56 / 63 -55 -74 -77 / 57 65 72 75 / 53 -65 -72 -75 / 58 65 72 74 / 56 -65 -72 -74 <END> 
<S> 60 67 75 / 58 62 -67 -75 / 56 63 72 75 / 55 -63 -72 -75 / 53 68 72 74 / 50 75 -68 -72 / 77 -50 -68 -72 / 55 67 71 74 / 43 65 -71 -74 / 48 63 72 / 60 67 72 75 / 58 -60 -67 -75 <END> 
<S> 48 67 72 75 / 60 -67 -72 -75 / 55 67 71 74 / 53 65 70 74 / 51 63 68 75 / 67 -51 -63 -75 / 56 65 68 72 / 55 67 -65 -72 / 53 60 65 68 / 56 60 64 67 <END> 
<S> 62 67 70 77 / 62 -62 -70 -77 / 55 63 70 75 / 65 -55 -70 -75 / 53 67 70 74 / 51 63 67 70 / 56 63 72 / 55 65 -56 -72 / 53 56 68 -72 <END> 
<S> 56 63 68 72 / 55 65 -68 -72 / 53 67 70 / 52 55 -67 -70 / 53 56 68 -61 / 60 -53 -56 -68 / 49 55 61 70 / 48 58 63 67 / 50 -58 -63 -67 <END> 
<S> 55 70 -65 -69 / 62 -51 -70 -70 / 53 60 68 72 / 67 -56 -60 -72 / 55 65 72 74 / 53 -65 -68 -74 / 55 63 70 75 / 53 56 68 72 / 51 67 -56 -72 / 53 65 68 74 / 63 -53 -68 -74 / 55 62 67 71 / 43 59 62 67 <END> 
<S> 53 63 68 72 / 51 58 67 / 50 53 -67 -70 / 48 55 67 72 / 65 71 -55 <END> 
<S> 48 63 67 75 / 50 62 -67 -75 / 51 60 67 75 / 53 -60 -67 -75 / 55 59 67 74 / 72 -55 -59 -74 / 71 -55 -59 -74 <END> 
<S> 67 71 -53 -62 / 52 -67 -71 -74 / 50 67 72 48 / 48 -67 -72 -75 / 55 67 74 -72 / 71 -55 -67 -74 / 65 -55 -71 -74 / 56 63 72 / -67 -63 -72 / 65 68 -56 -72 <END> 
<S> 48 63 67 72 / 55 67 71 74 / 53 -67 -71 -74 / 51 67 72 75 / 70 -51 -67 -75 / 53 65 68 72 / 51 -65 -68 -72 / 50 65 70 74 / 48 63 67 -70 / 53 62 65 68 <END> 
<S> 53 65 68 74 / 63 -53 -68 -74 / 55 62 67 70 / 65 -55 -62 -70 / 56 60 63 72 / 55 58 -63 -72 / 53 56 68 74 / 58 -53 -68 -74 / 48 60 68 75 / 50 -60 -68 -75 / 51 58 67 -75 / 56 65 -51 -75 / 39 58 67 75 / 51 63 67 70 <END> 
<S> 60 68 -51 -51 / 50 67 -68 -74 / 51 72 -68 / 55 67 71 74 / 63 67 72 / 62 65 70 74 / 60 63 75 -70 / 58 65 68 74 / 56 -65 -68 -74 / 55 67 70 74 / 53 -67 -70 -74 <END> 
<S> 63 67 70 -60 / 62 65 -67 -70 / 60 63 67 75 / 58 62 -67 -75 / 56 60 72 77 / 55 -60 -72 -77 / 53 62 70 -77 / 51 75 -70 -77 / 53 65 72 77 / 63 -53 -68 -77 / 58 62 70 77 / 67 -58 -62 -77 <END> 
<S> 53 60 65 68 / 63 -53 -60 -68 / 55 59 67 74 / 55 59 62 74 / 56 60 63 72 / 65 74 -56 -60 / 55 62 67 70 / 53 -62 -67 -70 / 51 63 67 70 / 53 -63 -67 -70 / 51 63 72 -67 / 70 -51 -63 -72 / 50 65 68 74 / 67 -50 -65 -74 <END> 
<S> 55 67 70 75 / 56 65 -70 -75 / 58 65 70 74 / 63 -58 -70 -74 / 68 -58 -63 -75 / 52 61 67 -70 / 70 -52 -61 -67 / 53 60 67 -70 / 48 -60 -67 -70 / 50 65 68 72 / 71 74 -55 -65 / 48 60 67 75 / 58 62 -67 -75 / 56 60 65 77 / 55 75 -60 -65 / 53 58 74 77 / 51 -58 -74 -77 <END> 
<S> 48 60 67 75 / 51 72 -60 -75 / 53 68 74 -72 / 50 65 72 71 / 55 62 71 -71 / 67 -55 -71 -71 / 48 63 67 72 / 60 67 -63 -72 / 55 65 71 74 / 60 63 67 75 / 74 -60 -63 -67 <END> 
<S> 48 63 68 72 / 51 63 67 72 / 51 58 67 70 / 60 63 69 -55 / 54 62 -63 -69 / 67 <END> 
<S> 46 62 65 70 / 63 67 -46 -70 / 62 65 69 / 63 -62 -69 / 59 62 65 67 / 60 63 67 72 / 58 62 -67 -72 <END> 
<S> 63 70 -50 -70 / 46 -63 -70 / 62 65 68 -46 / 63 65 70 -65 / 61 64 67 -70 / 56 60 68 77 / 53 -60 -68 -77 <END> 
