<S> 59 62 67 74 / 57 60 -67 -74 / 55 59 67 74 / 53 -59 -67 -74 / 52 60 67 72 / 50 62 -67 -72 / 48 64 67 -72 / 71 -48 -64 -67 / 53 60 65 69 / 52 60 67 / 50 60 65 69 / 65 69 -50 -69 / 55 64 67 71 / 62 -55 -67 -71 <END> 
<S> 53 60 65 69 / 50 53 65 69 / 52 71 -50 -65 / 48 55 64 72 / 53 60 65 72 / 48 63 65 69 / 49 58 64 67 / 52 57 64 67 / 55 -52 -64 -67 / 50 57 65 -64 / 55 59 62 -65 / 60 -50 -65 -65 / 59 62 65 -53 / 63 -53 -59 -65 / 47 55 62 -65 / 48 55 64 -62 / 60 -48 -55 -64 <END> 
<S> 50 53 65 71 / 69 -50 -53 -65 / 52 60 64 67 / 50 62 -64 -67 / 48 64 69 -67 / 50 62 66 -69 / 43 59 62 67 / 55 59 62 67 / 53 -59 -62 -67 / 52 60 67 72 / 48 64 -60 -72 / 50 66 74 -60 / 59 -50 -66 -74 / 69 -50 -54 -66 <END> 
<S> 43 59 67 74 / 48 67 47 76 / 50 52 -67 -76 / 52 76 -67 -76 / 50 65 77 -76 / 62 69 -50 -77 / 57 64 69 76 / 55 65 -69 -76 / 53 65 70 74 / 52 67 70 76 / 53 60 69 77 / 46 -53 -60 -69 <END> 
<S> 50 69 77 -64 / 65 -50 -69 -77 / 52 67 76 -62 / 53 60 69 -76 / 55 67 70 74 / 53 -67 -74 -74 / 52 67 72 76 / 53 -67 -72 -76 / 55 67 71 74 / 72 76 -67 -76 / 71 74 77 -56 / 57 72 76 / 55 64 -72 -76 / 54 69 72 -76 / 55 62 74 -72 / 64 -55 -72 -74 / 0 / 58 64 68 -76 <END> 
<S> 53 69 72 76 / 77 -53 -69 -72 / 55 67 72 76 / 43 71 -67 -76 / 65 77 -71 -74 / 45 64 69 72 / 55 -64 -69 -72 / 53 57 69 72 / 47 -53 -69 -72 / 48 60 67 76 / 62 -48 -67 -76 / 52 60 67 79 / 50 -60 -67 -79 / 52 67 72 / 52 -67 -72 / 52 64 67 -72 / 65 -52 -67 -72 / 67 -55 -67 -72 / 65 69 74 -55 -60 / 59 -55 -74 -74 / 48 60 64 72 / 50 66 74 -60 <END> 
<S> 52 60 67 72 / 53 69 -60 -72 / 71 -53 -60 -69 / 60 67 72 76 / 59 74 -67 -72 / 57 69 72 77 / 59 -69 -72 -77 / 60 67 72 76 / 53 -67 -72 -76 / 55 67 71 74 / 65 -55 -71 -74 / 48 64 67 72 / 53 65 69 72 / 54 62 69 -72 / 60 -54 -69 -69 <END> 
<S> 55 62 74 -72 / 43 71 -62 -74 / 55 62 71 -74 / 60 64 72 76 / 74 -48 -64 -64 / 53 60 69 77 / 62 -53 -69 -77 / 64 67 71 79 / 62 65 71 -79 / 60 67 72 76 / 64 -67 -72 -76 / 57 65 72 77 / 62 70 -57 -77 / 55 70 76 79 / 53 74 81 47 / 72 76 -53 -81 / 55 67 71 74 <END> 
<S> 64 67 79 / 62 77 -67 / 60 67 76 / 59 -60 -67 -76 / 57 60 69 77 / 55 62 71 76 / 53 -62 -71 60 / 52 60 72 79 / 70 -52 -60 -79 / 53 60 69 77 / 48 60 67 76 / 55 59 67 74 / 55 59 62 67 <END> 
<S> 53 60 69 77 / 76 -53 -60 -69 / 55 58 67 74 / 62 -53 -58 -76 / 52 60 65 74 / 59 -52 -68 -74 / 57 60 73 76 / 56 66 72 -76 / 55 74 67 71 / 53 59 67 68 / 52 -59 -67 -68 / 50 57 65 74 / 47 62 -57 -65 / 48 57 64 -62 / 50 -57 -64 / 45 57 59 65 <END> 
<S> 50 62 65 71 / 48 60 64 72 / 52 60 67 72 / 53 60 69 74 / 62 71 -53 -69 / 52 67 72 -58 / 53 57 -67 -72 / 55 59 62 -72 / 54 57 60 69 / 52 55 64 -69 / 50 57 62 65 / 48 -57 -62 -65 / 47 55 62 65 / 43 62 -55 -65 <END> 
<S> 54 57 62 69 / 60 -54 -57 -69 / 55 62 62 67 / 52 60 -62 -67 / 53 59 62 67 / 52 60 -55 -67 / 50 57 62 65 / 59 -50 -62 -65 / 57 60 62 65 / 55 59 -62 -65 / 53 57 62 / 59 -53 -57 -62 / 57 60 64 / 43 53 55 62 71 <END> 
<S> 57 62 65 / 59 -57 -62 -65 / 57 60 64 / 55 -60 -64 / 55 53 62 -60 / 47 55 -62 / 53 57 -43 -62 / 52 55 59 -62 / 53 57 60 / / 55 59 62 / 57 -55 -59 -62 / 43 55 59 62 / 48 55 60 64 / 47 -55 -60 -64 <END> 
<S> 47 55 62 67 / 45 60 -55 -67 / 43 55 59 67 / 74 -43 -59 -67 / 40 48 60 67 / 48 52 60 67 / 47 55 62 67 / 45 55 64 72 / 54 -45 -64 -72 / 43 55 62 71 / 59 -43 -55 -71 / 48 64 69 -55 / 38 54 62 -69 / 60 -45 -54 -69 / 43 50 59 67 / 48 52 60 67 / 53 -48 -60 -67 <END> 
<S> 48 55 64 69 / 45 -55 -64 -69 / 50 54 62 69 / 43 59 62 67 / 48 60 64 67 / 47 62 -60 -67 / 45 57 60 69 / 66 -45 -60 -69 / 43 50 62 67 / 46 58 62 -67 / 57 64 -62 -67 / 50 57 62 66 / 60 -50 -57 -66 / 52 55 59 62 / 52 55 60 64 <END> 
<S> 45 57 64 72 / 66 -45 -57 -72 / 47 55 62 71 / 48 64 -55 -71 / 50 62 65 69 / 62 -50 -65 -69 / 52 59 62 67 / 60 -52 -55 -67 / 53 60 69 -60 / 55 59 -60 -69 / 52 60 67 / 48 58 64 67 <END> 
<S> 50 57 65 69 / 50 62 71 -65 / 52 60 67 / 59 48 -67 -70 / 50 57 66 69 / 62 -50 -66 -69 / 52 59 64 67 / 62 -52 -59 -67 / 53 57 60 69 / 59 -57 -60 -69 / 52 60 65 -57 / 47 55 -65 -65 / 48 55 60 64 / 59 62 -48 -55 -64 <END> 
<S> 50 57 62 65 / 59 -50 -62 -65 / 52 55 60 64 72 / 53 57 -60 -72 / 50 53 65 71 / 55 59 -50 -71 / 48 52 60 67 / 60 64 -53 -67 / 54 62 69 / 62 -54 -62 / 56 64 71 -62 / 45 57 64 72 / 60 -45 -57 -72 <END> 
<S> 52 55 64 72 / 50 -55 -64 -72 / 48 57 65 74 / 47 59 68 -50 / 49 52 64 69 / 49 53 64 69 / 52 61 67 71 / 50 -57 -64 -67 / 45 64 72 -67 / 47 62 67 / 65 -47 -62 <END> 
<S> 49 57 64 69 / 67 -49 -57 -64 / 50 57 64 65 / 62 -50 -64 -65 / 45 57 62 65 / 61 -57 64 / 45 57 62 65 / 46 53 62 67 / 50 -46 -62 -67 / 45 52 61 67 / 50 53 69 -57 / 59 71 -53 -53 <END> 
<S> 50 62 65 69 / 52 71 -62 -65 / 53 57 -62 -71 / 52 55 -57 -62 / 50 57 -57 -64 / 55 59 62 / 55 53 -59 / 52 55 60 64 / 53 57 62 -60 / 55 59 62 / 53 -43 -59 -62 / 48 52 55 60 / 48 52 60 64 / 41 53 60 69 / 48 -60 -53 -69 <END> 
<S> -69 52 55 60 / 50 53 57 -60 / 59 -43 -53 -57 / 52 55 60 / 53 62 -43 -60 / 59 -43 -53 -62 / 45 52 60 64 / 41 -52 -60 -64 / 43 55 59 62 / 44 -55 -59 -62 / 36 52 55 60 / 0 / 48 55 60 64 <END> 
<S> 41 57 62 -60 / 38 53 59 -62 / 57 -38 -53 -62 / 43 50 59 -62 / 43 55 60 64 / 36 55 60 64 / 38 -55 -60 -64 / 40 55 60 67 / 41 -60 -67 -67 / 43 55 59 62 / 53 -43 -59 -62 / 36 52 55 60 / 40 55 60 64 / 45 65 -55 -60 / 40 55 60 67 / 52 -55 -60 -67 <END> 
<S> 43 55 59 62 / 41 60 -55 -62 / 43 55 59 62 / 36 55 60 64 / 48 -55 -60 -64 / 41 57 60 62 / 38 53 59 -62 / 57 -38 -53 -62 / 43 50 59 -62 / 48 52 60 -59 / 47 50 55 62 / 40 55 64 / 40 -55 -64 -64 41 41 57 62 -55 -64 / 53 62 -42 -62 / 52 55 59 -62 / 53 -52 -59 -59 / 48 52 55 60 / 45 57 64 72 / 55 -45 -64 -72 <END> 
<S> 43 50 62 -55 / 55 -43 -50 -62 / -67 -43 -55 -62 / 53 -43 -62 -71 / 48 52 60 69 / 45 52 60 71 / 38 59 62 67 / 40 60 64 67 / 38 57 64 -67 / 40 56 60 -64 / 41 57 60 / -57 -41 -57 / 55 59 62 / 43 53 -59 -62 <END> 
<S> 45 57 60 64 / 66 -45 -60 -64 / 43 59 62 67 / 47 64 -59 -62 / 48 57 64 -62 / 50 57 60 -64 / 52 55 62 / 53 55 59 62 / 52 -55 -59 -62 / 50 55 60 64 / 48 -55 -60 -64 / 47 55 62 65 / 48 64 -55 -60 / 43 55 59 62 <END> 
<S> 50 57 62 65 / 59 -50 -62 -65 / 57 60 64 / 55 59 -60 -64 / 53 57 60 62 / 59 -53 -53 -62 / 55 57 60 64 / 54 57 62 -60 / 50 57 62 / 43 -57 -62 -62 / 55 59 62 / 53 -43 -59 -62 / 45 52 57 60 / 47 50 57 67 / 45 -50 -57 -69 <END> 
<S> 57 -55 57 61 / 50 -57 -57 -60 / 55 58 62 / -57 -55 -62 / 53 55 59 / 62 -53 -55 -67 / 50 53 60 64 / 52 55 -60 -64 / 50 57 62 65 / 59 -50 -62 -65 / 57 60 64 / 55 59 -60 -64 / 53 57 60 / 55 59 -53 -60 / 52 55 60 67 / 53 -60 -67 55 55 59 67 -53 / 52 -55 -59 -67 / 50 57 62 65 / 55 59 62 -65 / 60 57 -55 -65 / 43 59 62 -55 / 53 -43 -59 -62 <END> 
<S> 50 57 62 65 / 38 -57 -62 -65 / 45 55 62 65 / 60 -50 -55 -65 / 43 55 62 -60 / 59 62 -43 -55 / 53 -59 -60 -67 / 52 55 60 67 / 50 53 65 -60 / 59 -50 -53 -65 / 48 55 60 64 / 43 55 60 62 / 59 -43 -55 -62 / 53 -43 -59 -62 / 48 52 55 60 / 42 57 62 / 50 -42 -57 -62 / 43 55 59 62 / 55 -43 -59 -62 <END> 
<S> 50 55 62 65 / 52 -55 -62 -65 / 53 57 60 69 / 58 62 -53 -69 / 48 60 64 67 / 58 -48 -64 -67 / 53 57 60 / 55 59 -57 -60 / 52 57 60 / 53 55 -60 -64 / 50 55 62 65 / 59 -50 -55 -65 / 52 55 60 64 / 59 62 -55 -55 / 57 -55 -59 -62 / 55 59 62 / 54 57 -62 -66 <END> 
<S> 53 57 62 -48 / 47 50 -57 -62 / 48 52 55 60 / 48 52 60 67 / 58 62 -48 -67 / 45 57 60 69 / 43 55 59 62 / 41 53 57 62 / 40 55 60 64 / 41 -55 -60 -64 / 43 55 59 62 / 52 -43 -59 -62 <END> 
<S> 45 52 60 65 / 47 50 55 -65 / 48 55 62 64 / 47 -55 62 -64 / 48 55 60 64 / 48 52 57 -60 / 50 55 59 62 / 52 55 59 67 / 50 -55 -59 -67 / 48 57 64 67 / 55 59 62 -67 / 52 60 67 72 / 53 -60 -67 -72 <END> 
<S> 47 55 62 67 / 45 60 -55 -67 / 43 55 59 62 / 47 62 -55 -62 / 48 55 60 64 / 48 52 60 67 / 41 53 60 69 / 43 -53 -60 -69 / 45 48 60 69 / 47 50 -60 -69 / 48 52 55 64 / 50 -52 -55 -64 / 52 52 60 67 / 58 -52 -64 -67 / 53 57 60 65 / 62 65 -57 <END> 
<S> 41 53 60 69 / 40 -53 -60 -69 / 43 50 59 67 / 48 55 60 -59 / 52 -48 -60 / 47 50 62 65 / 48 55 64 -65 / 50 62 -55 -64 / 45 52 60 -64 / 53 -45 -45 -60 / 47 50 55 62 / 43 55 59 62 / 48 55 60 63 / 48 55 60 64 / 47 -55 -60 -64 <END> 
<S> 48 52 55 64 / 50 55 62 / 51 52 60 67 / 50 59 65 69 / 52 55 62 71 / 50 -55 -62 -71 / 48 55 64 72 / 50 -55 -64 -72 / 52 55 64 72 / 54 57 -64 -72 / 55 59 62 74 / 52 67 -59 -74 / 50 60 67 76 / 48 -60 -67 -76 / 55 59 67 74 / 53 68 -59 -74 <END> 
<S> 50 55 62 71 / 54 69 -50 -62 / 67 -50 -57 -62 / 43 59 62 67 / 55 59 62 67 / 53 59 62 71 / 52 55 -62 -71 / 57 60 64 72 / 55 65 -72 / 64 67 -55 -72 / 36 -55 -67 -72 / 43 55 65 -72 / 62 -55 -72 / 64 -55 -72 / 43 55 62 71 / 60 67 -43 -55 / 48 55 60 64 / 59 -48 -55 -64 <END> 
<S> 48 55 64 69 / 54 57 62 71 / 52 55 64 72 / 42 57 -64 -72 / 55 62 71 -57 / 52 55 64 -71 / 50 54 57 69 / 62 -50 -53 -69 / 43 55 59 62 71 / 55 59 62 / 53 57 -55 -59 / 55 59 64 / 53 57 -59 -79 / 52 59 64 76 / 53 57 -59 -64 <END> 
<S> 50 62 66 69 / 60 -50 -66 -69 / 59 62 68 -53 / 52 60 67 / 59 62 -52 -67 / 50 60 64 69 / 48 66 -60 -69 / 43 59 67 74 / 45 52 -67 -74 / 47 62 67 74 / 43 -62 -67 -74 / 55 62 67 72 / 54 -55 -62 -72 / 43 62 67 71 / 69 -43 -62 -67 <END> 
<S> 47 47 67 74 / 65 -47 -59 -74 / 44 56 60 64 / 45 57 60 64 / 43 53 55 59 / 62 74 -53 -55 / 52 55 60 67 / 50 -55 -60 -67 / 48 55 60 64 / 43 55 59 62 / 45 52 60 67 / 47 -52 -60 -67 <END> 
<S> 47 55 62 67 / 48 60 64 69 / 53 60 65 -69 / 52 -60 -65 -69 / 50 -60 -65 -69 / 48 64 67 69 / 47 62 -67 -69 / 45 60 64 69 / 44 59 65 74 / 40 64 67 72 / 42 -40 -64 -72 / 40 55 60 71 / 41 69 -55 -60 / 54 62 69 -53 <END> 
<S> 47 59 62 67 / 49 57 67 69 / 50 59 65 -69 / 52 60 64 72 / 54 57 -64 -72 / 52 55 64 71 / 62 -52 -55 -71 / 53 60 -79 69 / 48 64 -60 -69 / 50 59 62 67 / 48 60 64 67 / 0 / 43 59 62 72 <END> 
<S> 50 62 65 71 / 48 64 69 72 / 47 62 67 74 / 45 -47 -62 -67 / 45 52 60 72 / 50 53 62 71 / 48 55 64 72 / 50 74 -48 -64 / 52 55 64 72 / 54 57 62 -72 / 55 58 62 67 <END> 
<S> 48 55 64 72 / 53 62 -48 -72 / 52 55 72 -67 / 50 65 -55 -72 / 48 64 67 -72 / 53 68 -64 -72 / 55 62 67 71 / 52 60 64 -67 / 50 65 -60 -67 / 52 55 67 72 / 53 57 65 74 / 55 59 67 74 / 65 -55 -59 -74 <END> 
<S> 53 60 69 / 57 64 69 72 / 55 59 67 74 / 60 67 76 / 59 -60 -67 -76 / 54 57 69 72 / 50 62 71 77 / 52 55 72 60 / 71 -55 -52 -72 / 54 62 69 -72 / 72 -54 -62 -69 / 55 62 71 -69 / 67 -55 -62 -71 / 50 62 66 69 / 51 -62 -66 -69 <END> 
<S> 54 57 69 74 / 72 -54 -57 -69 / 55 62 70 -69 / 52 61 68 76 / 62 -52 -67 -76 / 53 60 69 77 / 55 71 -60 -77 / 57 60 72 77 / 62 -57 -72 -77 / 52 64 67 79 / 53 57 -64 -79 / 55 59 62 74 / 53 -59 -59 -74 <END> 
<S> 53 60 67 69 / 62 -60 -67 -69 / 55 59 65 67 / 64 -55 -59 -76 / 57 60 66 77 / 59 62 67 -77 / 60 64 67 76 / 54 62 69 74 / 72 -54 -69 -74 / 55 62 71 74 / 64 -55 -71 -74 / 65 -55 -71 -74 / 48 64 67 72 / 60 -64 -67 -72 <END> 
<S> 57 60 69 72 / 59 67 74 / 60 65 72 76 / 55 67 -72 74 / 57 65 72 -74 / 53 64 69 72 <END> 
<S> 57 64 72 / 55 67 70 -72 / 53 69 72 74 / 55 67 71 -74 / 65 -55 -71 -74 / 48 64 67 72 / 53 62 69 72 <END> 
<S> 69 72 -55 / / 59 71 74 79 / 52 64 72 79 / 62 71 -52 -79 / 53 60 69 72 / 55 67 71 -60 / 52 60 67 72 / 48 64 -60 -72 <END> 
<S> 53 60 69 77 / 76 -53 -60 -69 / 55 59 67 74 / 55 59 65 74 / 48 60 67 76 / 48 60 67 76 / 53 60 72 77 / 76 -53 -60 -72 / 55 67 74 -72 / 71 -55 -67 -74 / 65 -55 -71 -74 <END> 
<S> 52 60 67 76 / 53 69 -60 -76 / 55 67 71 74 / 52 67 71 76 / 48 67 72 76 / 50 65 77 -72 / 71 -50 -65 -77 / 52 67 72 79 / 53 -67 -72 -79 / 55 67 71 74 / 62 67 -71 -76 / 60 64 72 76 / 65 74 -60 -81 <END> 
<S> 50 67 72 -64 / 52 -67 -72 / 67 -52 -67 -72 / 50 65 69 74 / 71 -50 -65 -74 / 48 67 72 76 / 52 -67 -72 -76 / 53 69 74 -72 / 50 -69 -72 -74 / 55 71 74 -74 / 67 72 -55 -74 / 65 71 74 -56 64 <END> 
<S> 53 69 72 / 52 67 -72 / 53 65 69 72 / 55 -65 -69 -72 / 57 60 64 69 / 62 65 -57 -72 / 55 64 67 72 / 59 74 -55 -67 / 60 67 76 / 59 62 67 -76 / 57 60 64 76 / 78 -57 -60 <END> 
<S> 57 64 72 / 55 62 67 -72 / 48 62 67 71 / 50 60 -67 -71 / 52 62 67 71 / 50 -62 -67 -71 / 52 55 67 72 / 54 57 74 -72 / 55 59 67 74 / 62 -55 -67 -74 / 52 67 73 76 / 50 65 -67 -79 <END> 
<S> 52 55 67 72 / 50 62 71 -55 / 48 55 64 72 / 50 62 65 71 / 55 62 67 71 / 53 60 -67 -71 / 52 64 67 71 / 55 -47 -64 -67 / 62 74 -55 -67 / 45 -55 -62 -67 <END> 
<S> 52 60 67 72 / 50 65 69 74 / 71 -50 -65 -74 / 48 67 72 76 / 50 57 -72 -76 / 52 60 67 76 / 53 -60 -67 -76 / 55 59 67 74 / 65 -55 -59 -74 / 57 60 64 72 / 66 -57 -60 -72 / 59 62 67 71 / 60 64 69 72 / 62 71 -69 <END> 
<S> 55 60 64 74 / 57 60 65 -74 / 43 59 67 74 / 65 72 -59 -74 / 48 64 67 72 / 60 64 67 72 / 65 74 -60 -72 / 59 67 76 / 77 -59 -67 -67 / 52 67 72 79 / 53 -52 -72 -79 / 52 67 72 79 / 50 65 69 -79 / 52 64 72 79 / 62 -52 -72 -79 / 53 60 67 76 / 55 60 67 -76 / 53 65 69 72 / 52 -65 -69 -72 <END> 
<S> 52 67 72 79 / 50 65 -72 -79 / 52 67 79 -72 / 70 -52 -67 -79 / 53 60 69 78 / 55 -60 -69 -77 / 74 -55 -60 -69 / 72 59 67 74 / 55 59 67 74 / 52 60 67 79 / 50 60 65 77 / 71 -50 -50 -77 / 52 55 64 72 / 53 -55 -64 -72 / 55 62 67 71 / 48 55 64 72 / 71 -55 -64 -67 <END> 
<S> 48 67 76 -62 / 60 -48 -67 -76 / 43 62 67 74 / 47 59 67 74 / 65 -43 -59 -74 / 48 55 64 72 / 55 62 71 74 / 48 64 69 76 / 67 66 -48 -76 / 50 66 69 74 / 62 -66 -69 -74 / 62 66 71 60 / 60 66 72 -54 59 62 -66 -66 -72 60 62 -66 -69 / 56 62 -66 -69 / 64 -56 -60 -71 / 59 62 68 71 / 64 -53 -59 -71 <END> 
<S> 55 59 67 74 / 57 72 -67 -72 / 59 74 -67 -72 / 57 69 72 76 / 77 -57 -69 -72 / 52 67 70 79 / 53 -67 -79 -79 / 76 77 -48 -67 / 50 76 67 77 / 47 62 -67 -77 / 49 67 76 76 / 48 -67 -76 -76 / 55 67 71 74 <END> 
<S> 59 62 69 77 / 67 76 -62 / 60 64 69 77 / 62 71 78 -77 / 68 72 76 -62 / 64 67 72 / 55 65 69 74 / 53 67 70 76 / 52 -67 -70 -76 / 53 60 69 77 / 76 -53 -60 -69 / 55 59 67 74 / 62 65 -55 -74 / 64 67 -55 -74 / 72 -55 -64 -67 <END> 
<S> 53 69 69 72 / 64 67 -69 -72 / 62 65 69 74 / 48 64 -69 -74 / 72 -48 -64 -69 / 50 62 66 71 / 60 64 67 -50 / 55 59 62 67 / 53 -59 -62 -67 / 52 55 60 64 / 53 59 62 -55 / 52 55 60 -59 / 50 57 60 65 / 59 62 -50 -65 <END> 
<S> 55 59 62 67 / 52 64 -55 -67 / 50 57 66 69 / 55 -50 -66 -69 / 43 59 62 67 / 48 60 64 67 / 47 62 34 -67 / 45 48 60 69 / 47 55 62 71 / 48 64 -55 / 50 55 59 62 / 43 52 -55 -62 <END> 
<S> 45 60 64 67 / 47 55 62 -67 / 48 57 64 67 / 47 -57 -64 -67 / 45 57 64 72 / 43 55 59 -72 / 45 57 72 -62 / 47 55 62 -72 / 48 55 64 72 / 52 55 62 71 <END> 
<S> 50 57 66 74 / 52 59 66 -50 -74 / 49 64 -54 -69 / 38 54 62 -69 / 43 55 62 71 / 53 59 -43 -62 / 40 55 60 64 / 41 -55 60 -64 / 43 55 59 62 / 45 57 60 64 / 65 -45 -57 -60 <END> 
<S> 38 55 62 -60 / 43 59 -55 -62 / 53 -43 -59 -62 / 48 52 55 60 / 48 60 64 67 / 53 60 65 69 / 52 -60 -65 -69 / 50 60 67 69 / 48 -60 -67 -69 / 50 65 -60 -69 / 52 60 67 -65 / 48 64 -60 -67 / 58 -48 -64 -67 <END> 
