<S> 53 65 69 72 / 52 -65 -69 -72 / 50 65 71 74 / 48 67 72 76 / 77 -48 -67 -72 / 47 62 67 79 / 45 60 69 77 / 47 62 67 -77 / 48 60 67 76 / 48 60 67 76 / 50 65 77 -60 <END> 
<S> 48 60 67 76 / 59 -52 -67 -76 / 53 57 69 72 / 71 74 -53 -57 / 55 52 69 76 / 54 57 -69 -72 / 55 59 67 74 / 60 64 67 76 / 54 60 62 72 <END> 
<S> 55 62 69 / 60 -55 -69 / 43 62 67 71 / 55 59 62 67 / 54 60 69 / 53 59 62 67 / 52 60 67 72 / 48 64 72 -72 / 55 62 71 74 / 64 -55 -71 -74 <END> 
<S> 53 60 67 69 / 52 -60 -67 -69 / 50 62 65 69 / 52 -62 -65 -69 / 53 59 67 71 / 52 60 72 -67 / 50 65 69 74 / 71 -50 -65 -74 / 48 67 72 76 / 50 74 77 -60 / 52 67 72 79 <END> 
<S> 50 60 65 74 / 52 67 -60 -76 / 53 74 -60 -67 / 55 59 67 -74 / 65 -55 -59 -74 / 48 55 64 72 / 48 55 64 72 / 60 64 67 72 / 59 62 67 76 <END> 
<S> 48 55 64 72 / 60 -48 -55 -72 / 55 58 67 74 / 69 -55 -58 -74 / 57 -53 -72 -74 / 55 59 67 74 / 55 58 70 76 / 52 -58 -70 -79 / 52 70 79 77 / 53 45 -70 -79 <END> 
<S> 58 65 74 / 57 -58 -65 -74 / 58 65 70 74 / 55 -58 -70 -74 / 53 60 70 -74 / 51 -60 -70 -74 / 53 68 72 -70 / 55 65 -68 -72 / 63 -55 -70 -74 / 56 72 -63 -72 / 55 58 67 74 / 53 68 -58 -74 / 51 58 67 75 / 50 74 -58 -67 <END> 
<S> 58 65 70 74 / 53 -65 -70 -74 / 55 67 70 -74 / 53 63 68 72 / 51 67 -63 -72 / 50 65 70 74 / 71 -65 -65 / 48 67 72 75 / 60 74 -67 -72 / 55 67 71 74 / 63 67 73 79 <END> 
<S> 48 63 72 -67 / 67 -48 -63 -72 / 54 63 69 74 / 58 62 67 70 / 66 69 -62 -74 / 55 63 70 75 / 57 -63 -70 -75 / 58 65 74 -70 / 67 -58 -65 -74 / 60 72 -58 -67 / 56 62 72 77 / 53 -62 -72 -77 <END> 
<S> 58 65 70 74 / 56 -65 -70 -74 / 55 67 70 75 / 56 68 72 77 / 58 60 70 77 / 68 -58 -58 -77 / 56 70 75 / 53 65 68 72 / 74 -53 -65 -68 / 48 67 75 / 60 67 74 77 <END> 
<S> 56 65 68 77 / 53 75 -68 -68 / 55 67 70 74 / 56 64 -67 -70 / 65 68 -56 -60 / 50 58 65 -68 / 69 -50 -58 -65 / 60 -50 -65 -70 / 46 58 62 -65 / 39 58 60 63 51 51 58 61 <END> 
<S> 46 58 65 -63 / 62 -46 -58 -65 / 60 -46 -58 -65 / 58 62 65 -46 / 51 58 63 67 / 51 60 63 67 / 48 60 63 69 / 53 58 65 70 / 51 63 -58 -70 / 55 59 62 67 / 56 60 63 72 / 55 58 -63 -72 / 53 56 68 72 / 51 67 -56 -72 <END> 
<S> 53 60 68 / 51 55 60 67 / 59 65 -55 -67 / 60 56 -67 / 55 62 -67 / 59 67 -55 -67 / 48 55 63 67 / 56 62 65 / 55 60 63 67 / 53 60 68 / 51 -60 -60 -68 / 50 58 65 70 / 68 -50 -58 -65 <END> 
<S> 56 60 63 65 / 55 58 62 67 / 53 58 63 68 / 51 58 63 67 / 56 65 -51 -63 / 55 58 64 67 / 53 65 -55 -63 / 55 60 62 67 / 56 59 62 65 / 53 55 60 63 / 51 -55 -60 -63 / 53 56 60 65 / 62 -53 -56 -65 <END> 
<S> 56 60 65 68 / 55 58 -65 -68 / 60 64 67 / 57 -60 -64 -67 / 53 60 65 68 / 58 62 65 -68 / 48 63 67 / 61 -48 -67 -79 / 56 60 65 74 / 67 -56 -60 -77 / 55 62 67 70 / 53 -62 -67 -70 / 51 60 67 72 / 58 74 -51 -67 / 53 56 65 68 <END> 
<S> 60 63 67 / 58 62 65 -67 / 56 60 63 72 / 55 58 -63 -72 / 53 56 68 74 / 58 -53 -68 / 51 60 67 -65 / 58 64 -67 -75 / 56 60 65 77 / 55 67 75 -60 / 53 60 68 74 / 55 59 67 74 / 65 -55 -59 -74 <END> 
<S> 56 60 65 72 / 68 -56 -60 -72 / 55 62 67 70 / 53 -62 -67 -70 / 51 60 67 72 / 55 -60 -67 -72 / 48 67 72 75 / 53 -67 -72 -75 / 55 67 71 74 / 56 67 71 <END> 
<S> 63 72 -51 -67 / 55 65 67 72 / 63 68 -72 / 62 65 -69 -72 60 64 67 72 -53 / 55 65 71 74 / 53 67 73 / 51 60 67 -67 / 56 60 -67 / 65 77 -56 -60 -67 / 59 62 67 79 / 60 65 -67 -79 <END> 
<S> 51 63 67 72 / 53 -63 -67 -72 / 55 62 -67 -72 / 67 -55 -62 -67 / 65 -55 -67 -71 / 48 63 67 72 / 62 74 -48 -67 / 60 75 -67 / 50 65 59 74 / 52 60 67 / 53 60 65 69 / 63 -60 -65 -69 / 62 65 71 / 60 63 67 75 <END> 
<S> 55 62 67 71 / 56 60 65 72 / 62 -56 -65 -72 / 55 63 67 70 / 57 65 -67 -70 / 59 65 67 74 / 55 63 71 75 / 60 63 67 72 / 58 62 74 -67 / 68 -58 -62 -74 / 47 62 67 -74 / 48 -62 -67 -74 / 75 -48 -67 47 <END> 
<S> 60 63 67 75 / 58 62 -67 -75 / 56 60 72 75 / 55 70 -60 -75 / 53 60 68 74 / 55 59 67 -74 / 65 -55 -67 -74 / 48 63 67 72 / 63 67 70 -63 / 62 65 69 77 / 60 -65 -69 -77 / 59 67 74 / 58 65 70 -74 / 63 -58 -70 -74 / 65 68 72 -58 <END> 
<S> 60 63 67 75 / 58 62 -67 -75 / 56 60 72 77 / 55 70 -60 -77 / 53 65 68 74 / 64 -53 -68 -74 / 59 65 68 74 / 57 67 -65 -74 / 63 -57 -67 -74 / 53 62 68 46 / 65 -62 -68 / 50 67 -62 -65 / 60 63 -50 -67 / 58 62 -55 -67 / 53 57 60 65 / 55 58 67 <END> 
<S> 53 65 68 74 / 63 -53 -68 -74 / 55 62 67 70 / 65 -55 -62 -70 / 56 60 63 72 / 55 58 -63 -72 / 53 56 68 74 / 58 -53 -68 / 51 60 67 75 / 48 60 65 75 / 58 -48 -63 -75 / 56 60 65 77 <END> 
<S> 56 60 65 68 / 55 -60 -65 -68 / 53 60 65 70 / 53 -60 -65 -70 / 53 60 65 68 / 44 63 65 -60 / 56 59 62 -65 / 60 -56 -65 / 48 55 60 63 / 50 58 65 -55 / 56 60 -50 -65 / 55 58 62 / 56 60 -55 -62 / 55 59 62 / 53 60 -55 -59 <END> 
<S> 44 60 63 65 / 59 62 -44 -65 / 60 -44 -53 -65 / 43 62 -53 -65 / 59 -43 -53 -65 / 63 -46 -62 -53 / 41 -59 -62 -65 / 63 -44 -53 -62 / 41 55 60 63 / 38 53 -60 -68 / 59 -43 -53 -56 / 41 -53 -59 -62 / 48 51 60 -53 / 0 / 51 51 60 67 / 58 -51 -51 -67 <END> 
<S> 41 41 60 62 / 53 63 72 -53 / 44 -53 -60 -72 / 43 65 -53 -60 -72 / 59 -43 -68 -77 / 60 -53 -68 / 58 62 -53 -68 / 48 60 63 67 / 46 -60 -63 -67 / 45 60 65 72 / 46 58 62 -72 / 39 57 63 -72 / 62 66 -57 -72 <END> 
<S> 44 60 65 / 63 -44 -60 -65 / 46 -44 -60 -65 / 46 53 62 -65 / 39 58 63 67 / 51 58 63 67 / 51 58 63 67 / 50 -58 -63 -67 / 48 60 63 67 / 46 -60 -63 -67 / 44 58 65 -63 / 62 -44 -58 -65 / 60 -44 -57 -65 / 46 58 62 65 / 39 58 63 67 <END> 
<S> 41 56 65 68 / 63 -41 -56 -68 / 39 58 65 -63 / 62 -44 -58 -65 / 43 58 63 -58 / 44 -58 -63 -63 / 43 58 63 65 / 45 -58 -63 -70 / 46 62 70 -63 / 55 62 70 70 / 46 61 70 -55 <END> 
<S> 39 58 63 67 / 41 -58 -63 -67 / 39 58 63 67 / 41 -58 -63 -67 / 39 55 63 70 / 51 63 70 / 61 -51 -63 -70 / 56 60 63 68 / 59 62 -56 -63 / 60 -56 60 / 51 55 -60 -60 <END> 
<S> 56 63 65 72 / 53 62 -65 -72 / 51 60 63 67 / 57 62 65 / 55 63 70 / 60 -55 -63 -70 / 53 56 60 68 / 58 67 -53 -65 / 48 60 63 68 / 56 60 63 72 <END> 
<S> 56 60 65 / 55 -60 -65 / 53 62 -60 -65 / 58 61 65 / 56 60 65 72 / 55 59 67 -65 / 48 60 67 75 / 53 -60 -67 -75 / 55 60 67 74 / 59 -55 -67 -74 / 48 63 67 72 / 60 -63 -67 <END> 
<S> 55 59 67 75 / 60 -55 -67 -75 / 62 -55 -67 -75 / 63 -55 -62 -75 / 53 62 68 74 / 51 60 -68 -74 / 50 59 65 -74 / 48 63 67 75 / 46 62 67 74 / 44 63 72 44 / 65 -44 -72 / 43 67 -56 -72 / 41 53 68 72 / 60 75 -53 -68 / 51 60 67 75 / 58 -52 -67 -75 / 53 56 68 72 / 51 63 70 -68 <END> 
<S> 44 60 67 72 / 56 65 74 -72 / 63 -53 -72 -74 / 58 62 70 77 / 51 63 70 79 / 53 68 77 -63 / 55 58 -77 -77 / 56 60 72 -77 / 58 70 74 -77 / 68 -58 -74 -77 / 51 67 70 75 <END> 
<S> 53 79 77 -63 / 58 62 70 -77 / 51 -58 -70 -77 / 51 70 75 79 / 51 63 70 79 / 53 60 68 77 / 59 67 74 -53 / 51 63 67 72 / 50 65 72 77 / 71 -50 -65 -77 / 55 67 75 -77 / 53 -67 -72 -75 <END> 
<S> 53 68 74 77 / 55 67 -74 / 65 -55 -67 -74 / 56 59 -65 -74 / 56 59 65 68 / 48 60 64 67 / 62 -48 -67 -75 / 63 -48 -67 -75 / 53 65 68 72 / 55 63 67 75 / 62 65 -55 -75 / 56 60 63 75 / 58 62 65 74 / 56 63 72 77 / 55 -56 -72 -77 <END> 
<S> 60 63 67 75 / 58 62 -67 -75 / 56 60 72 77 / 55 70 -60 -77 / 53 65 68 74 / 72 -53 -65 -68 / 55 59 67 71 / 43 59 67 74 / 45 60 72 75 / 52 58 67 -72 / 50 53 65 70 / 48 60 63 67 <END> 
<S> 59 67 74 / 55 -59 -67 -74 / 60 67 72 75 / 62 65 70 77 / 63 70 79 / 62 -63 -70 -79 / 60 63 72 79 / 58 -63 -72 -79 / 56 63 72 77 / 58 62 70 -77 / 68 -58 -62 -77 / 51 63 67 75 / 63 70 79 <END> 
<S> 56 63 72 77 / 58 62 70 77 / 68 -58 -62 -77 / 59 67 74 -53 / 52 67 71 79 / 62 72 -67 -79 / 50 -62 -67 -72 / 51 55 67 72 / 54 63 -72 / 55 58 67 70 / 51 58 -67 -70 / 60 69 -51 -67 <END> 
<S> 48 67 72 75 / 69 -48 -72 -75 / 58 70 74 77 / 62 70 77 -56 / 51 63 70 79 / 65 -51 -70 -79 / 63 67 79 -70 / 63 65 70 77 / 62 65 70 -77 / 60 -62 -70 -77 / 58 -62 -70 -77 / 57 60 67 75 / 55 70 -60 -75 <END> 
<S> 63 70 79 -63 / 62 -63 -70 -79 / 60 63 75 79 / 58 -63 -75 -79 / 56 68 72 75 / 58 -67 -72 -76 / 56 60 72 77 / 55 70 -60 -77 / 53 60 68 79 / 55 75 -60 -68 / 53 60 68 77 / 55 60 67 75 / 56 69 -60 -75 / 55 62 67 74 / 53 75 -62 -70 <END> 
<S> 56 60 65 77 / 53 -56 -60 -77 / 55 62 70 -60 / 59 67 -55 -70 / 53 -59 -67 -70 / 52 55 67 72 / 70 -52 -55 -67 / 53 60 65 69 / 51 -60 -65 -69 / 50 62 65 70 / 46 -62 -65 -70 / 48 63 65 69 / 51 -60 -65 -69 / 46 58 62 65 <END> 
<S> 53 60 65 69 / 51 -60 -65 -69 / 50 58 65 70 / 46 58 -65 -70 / 48 63 -58 -70 / 50 57 65 74 / 59 -50 -65 -68 / 51 60 66 69 / 55 59 62 67 / 55 58 62 70 / 60 63 -55 -70 / 62 65 -55 -70 / 48 63 67 72 / 68 -48 -63 -72 <END> 
<S> 55 62 67 70 / 53 -62 -67 -70 / 51 60 67 72 / 55 -60 -67 -72 / 53 57 65 72 / 63 -53 -57 -72 / 59 62 65 74 / 60 63 72 / 62 65 74 -72 / 63 67 72 79 / 59 68 74 77 / 60 -68 -74 -77 <END> 
<S> 60 63 67 75 / 62 -60 -67 -75 / 54 60 69 75 / 55 67 71 74 / 48 67 72 75 / 63 68 72 -75 / 62 65 -72 -77 / 67 -56 -72 -77 / 55 70 75 -77 / 56 72 -70 -75 / 53 68 72 74 / 53 68 -72 -74 / 51 67 72 58 / 74 -67 -72 <END> 
<S> 56 63 72 77 / 55 65 -72 -77 / 53 -68 -72 -77 / 50 58 70 77 / 51 70 -50 -77 / 48 60 75 79 / 52 68 77 77 / 53 -68 -77 -77 / 51 63 79 79 / 55 71 -60 -79 / 56 60 72 77 / 59 71 74 -77 / 60 67 72 76 / 53 68 72 75 <END> 
<S> 53 56 72 77 / 56 60 -72 -77 / 55 62 71 79 / 53 -62 -71 -79 / 51 60 79 79 / 70 -51 -79 -79 / 56 63 72 77 / 62 -56 -72 -77 / 60 -56 -72 -77 / 55 58 70 77 / 56 60 -70 -77 / 58 62 65 74 / 56 60 -65 -74 / 55 58 67 75 / 53 68 77 -58 / 63 67 72 -58 / 56 62 65 -72 / 55 63 70 75 / 61 -55 -70 -75 <END> 
<S> 53 60 68 75 / 58 65 70 74 / 56 -65 -70 -74 / 55 67 70 75 / 53 -67 -70 -75 / 51 65 70 77 / 50 -65 -70 -77 / 51 63 70 79 / 72 -51 -63 -79 / 47 68 74 77 / 67 -47 -74 -77 / 48 67 72 75 / 66 -48 -72 -75 / 55 67 71 74 <END> 
<S> 50 65 77 -72 / 71 -50 -65 -77 / 48 67 72 75 / 53 68 74 77 / 55 67 71 74 / 55 71 74 / 65 -55 -71 -74 / 56 63 72 / 62 65 -56 -72 / 55 63 67 70 / 53 56 65 68 / 51 58 67 75 / 56 60 65 / 55 59 67 75 / 53 -59 -67 -74 <END> 
<S> 56 63 68 72 / 55 -63 -68 -72 / 53 61 67 70 / 52 -61 -67 -70 / 53 60 67 68 / 55 -60 -67 -68 / 56 60 65 68 / 53 -60 -65 -68 / 60 64 67 / 60 63 72 79 <END> 
<S> 44 60 65 / 56 64 -60 / 59 62 65 -56 -56 / 55 -56 -65 47 / 53 55 62 70 / 50 62 65 69 / 51 60 67 70 / 53 60 65 68 / 55 59 65 67 / 56 60 63 -67 <END> 
<S> 68 54 63 / 55 58 64 70 / 56 60 65 -70 / 62 -56 -65 -70 / 55 58 63 70 / 53 61 -63 -70 / 51 60 63 67 / 58 61 -63 -67 / 70 -58 -63 -67 / 46 65 70 -63 / 62 -46 -65 -70 / 60 63 67 <END> 
<S> 53 60 65 69 / 51 -60 -65 -69 / 50 58 65 70 / 68 -50 -58 -65 / 51 58 63 67 / 50 -58 -63 -67 / 48 56 63 72 / 43 58 70 74 / 41 -58 -67 -70 / 39 58 67 70 / 41 60 68 -70 / 68 -46 -60 -68 / 51 58 67 75 / 56 -51 -67 -75 / 51 58 67 74 / 55 67 70 75 <END> 
<S> 44 63 68 72 / 46 -63 -68 -72 / 48 63 68 72 / 50 65 -68 -72 / 51 63 67 -49 / 62 -51 -67 -72 / 53 60 65 68 / 59 62 67 -53 / 51 60 67 / 62 72 -51 -67 <END> 
<S> 63 70 -51 -63 / 50 65 -63 -70 / 48 63 67 70 / 68 -48 -63 -67 / 50 65 70 -68 / 51 67 70 -65 / 63 -51 -67 -70 / 50 58 65 -68 / 62 -53 -58 -65 / 51 58 63 67 / 50 -58 65 / 55 -46 -58 -65 <END> 
<S> 51 58 67 / 65 -51 -58 -67 / 63 67 -51 -58 / 46 65 68 -58 / 63 -46 -68 -68 / 47 65 67 -68 / 62 65 -51 -67 / 52 60 63 67 / 53 61 -60 -67 / 55 59 62 67 / 56 60 63 72 / 62 65 -56 -72 <END> 
<S> 51 60 63 67 / 53 -60 -63 -67 / 55 62 67 / 70 -55 -62 / 56 63 67 72 / 62 -56 -65 -72 / 60 63 67 72 / 58 62 -67 -72 / 54 57 62 72 / 55 62 71 -62 / 60 55 -62 -71 / 51 60 67 -55 / 53 60 -60 -67 / 59 -50 -53 -67 <END> 
<S> 59 62 67 71 / 60 -62 -67 -71 / 62 66 69 -51 / 51 -62 -69 / 50 62 66 71 / 51 55 67 -71 / 60 63 69 -67 / 62 66 -60 -69 / 60 -60 -66 -69 59 67 -60 -66 59 / 62 67 -59 -74 / 60 63 67 79 / 59 62 -67 -79 / 57 60 63 77 / 59 62 -77 -77 / 60 64 67 76 / 53 69 72 74 <END> 
<S> 59 62 67 79 / 60 -62 -67 / 55 62 67 71 / 53 59 62 67 / 52 60 67 70 / 48 58 65 68 / 56 63 -48 -68 / 55 59 62 67 / 55 60 62 70 / 53 68 -60 -62 / 51 60 67 -60 / 53 59 68 -67 / 55 60 67 -53 / 53 56 -60 -67 / 65 -53 -60 / 48 55 59 -65 / 60 63 -48 -60 <END> 
<S> 56 60 63 72 / 55 -60 -63 -72 / 53 68 72 44 / 68 74 -68 / 43 67 -68 -74 / 65 -43 -68 -74 / 48 63 67 72 / 0 / 55 67 71 74 / 60 67 72 75 / 58 -67 -72 -75 / 57 60 72 75 / 55 70 -60 -75 <END> 
<S> 48 63 67 72 / 60 67 72 75 / 70 -60 -67 -75 / 53 65 68 77 / 60 75 -53 -68 / 55 62 70 77 / 63 -55 -70 -77 / 65 -55 -70 -74 / 46 63 70 74 / 62 65 -74 -79 / 75 -58 -67 -70 / 65 69 -58 -75 <END> 
<S> 58 65 70 74 / 56 -65 -70 -74 / 55 67 70 75 / 53 -67 -70 -75 / 51 65 70 77 / 50 -65 -70 -77 / 51 63 79 -70 / 51 58 -70 50 / 53 -62 -70 -77 / 55 62 71 77 / 56 60 75 -55 / 65 74 -55 -60 <END> 
<S> 46 58 65 -70 / 53 60 65 69 / 48 -60 -65 -69 / 46 61 67 70 / 44 63 68 72 / 62 71 -68 / 60 63 67 75 / 69 -60 -63 -75 / 58 65 70 74 / 56 -65 -70 -74 / 55 67 70 75 / 53 -67 -70 -75 <END> 
<S> 60 63 67 75 / 58 62 -67 -75 / 56 60 72 77 / 55 75 -60 -72 / 53 60 72 74 / 55 58 67 -74 / 56 65 72 -58 / 57 -56 -72 -72 / 55 70 74 -60 / 53 59 68 74 / 51 55 63 67 <END> 
<S> 53 68 72 74 / 55 75 -68 -74 / 56 60 70 75 / 58 -60 -68 -75 / 60 67 75 / 55 59 67 74 / 56 60 75 / 55 59 62 -75 / 53 -59 -62 -70 / 51 63 67 72 / 60 -51 -67 -72 <END> 
<S> 55 60 67 75 / 62 -55 -67 -75 / 63 -55 -67 -75 / 65 -55 -67 -75 / 60 67 75 -65 / 58 74 -67 -75 / 56 72 75 / 55 70 -63 -75 / 56 65 72 77 / 53 68 74 -72 / 67 71 -53 -74 / 65 69 72 / 55 -69 -72 <END> 
<S> 56 65 72 77 / 55 70 75 -65 / 53 60 68 74 / 51 -60 -68 -74 / 50 59 68 77 / 55 62 -68 -77 / 60 63 67 75 / 58 65 -63 -75 / 56 65 72 77 / 55 70 75 53 / 56 72 74 77 / 55 71 75 79 / 56 72 77 -75 <END> 
