<S> 52 55 60 67 / 48 60 64 67 / 53 60 65 69 / 44 59 64 71 / 45 57 64 72 / 45 57 64 72 / 57 60 69 76 <END> 
<S> 45 57 64 72 / 0 / 59 64 67 74 / 54 62 69 74 / 60 -54 -69 -74 / 55 59 71 76 / 56 64 -59 -76 / 57 64 71 -76 / 55 63 69 72 / 53 65 69 -72 / 71 -53 -65 -69 <END> 
<S> 57 62 69 72 / 59 -62 -69 -72 / 60 62 67 76 / 60 -60 -67 -76 / 55 60 67 74 / 59 -55 -67 -74 / 48 64 67 72 / 60 64 67 72 <END> 
<S> 67 72 -55 / 65 69 74 / 71 -55 -74 -74 / 56 67 72 76 / 57 64 71 -76 / 53 69 72 76 / 52 67 72 76 / 50 -67 -72 -76 / 52 67 72 76 / 53 -67 -72 -76 / 55 67 72 74 / 71 -55 -67 -74 / 65 -55 -71 -74 <END> 
<S> 55 65 72 74 / 71 -55 -65 -74 / 48 64 72 79 / 50 65 -72 -79 / 52 67 72 79 / 53 -67 -72 -79 / 55 67 72 74 / 71 -55 -67 -74 / 52 67 71 76 / 65 74 -52 -71 / 57 64 69 72 / 55 65 -69 -72 / 53 74 -68 -69 / 52 67 -69 -74 / 59 68 -53 -74 <END> 
<S> 52 64 69 72 / 71 -64 -64 -72 / 48 64 69 72 / 71 -50 -64 -69 / 52 64 71 -69 / 50 59 -64 -71 / 48 64 69 / 71 -48 -64 -69 / 50 54 -64 -69 / 52 55 64 71 / 72 -52 -64 / 59 62 67 71 / 50 60 66 69 / 55 59 62 67 / 48 64 67 -59 / 60 -48 -64 -67 <END> 
<S> 45 52 64 72 / 71 -52 -64 -64 / 54 69 -64 -72 / 62 -54 -69 / 60 67 -41 -69 / 59 71 -53 -67 / 52 60 67 72 / 55 59 74 -67 / 57 60 -67 -74 / 59 62 67 74 / 55 59 -67 -74 / 48 67 76 / 60 64 -67 -76 / 59 62 67 74 / 57 -62 -67 -74 <END> 
<S> 55 59 67 74 / 60 -55 -67 -74 / 43 59 67 74 / 65 -43 -59 -74 / 48 55 64 72 / 48 60 67 76 / 50 -60 -67 -76 / 52 60 67 76 / 53 -60 -67 -76 / 55 59 67 74 / 56 65 -59 -74 / 57 59 64 72 / 48 57 -64 -72 <END> 
<S> 55 59 67 74 / 53 60 67 76 / 52 -60 -67 -76 / 50 65 69 74 / 59 76 -50 -69 -74 / 55 62 71 74 / 64 -55 -71 -74 / 65 -55 -71 -74 / 48 64 67 72 / 60 69 -67 -72 / 71 -48 -67 -76 / 72 -48 -64 -72 <END> 
<S> 48 64 67 72 / 60 67 72 76 / 59 -67 -72 -76 / 57 69 72 77 / 59 74 -69 -77 / 60 67 76 / 59 -60 -67 -76 / 57 69 72 -76 / 77 -57 -69 -72 / 59 67 74 79 / 61 76 -67 -79 / 62 65 69 77 / 69 74 -62 <END> 
<S> 57 72 76 / 59 74 -72 / 60 67 76 -74 / 59 69 74 -76 / 57 69 74 76 / 55 67 71 76 / 53 69 74 -76 / 67 76 -53 / 47 62 74 -67 / 45 60 72 76 / 57 65 -72 -76 / 64 69 72 -57 / 58 -64 -72 -79 <END> 
<S> 48 67 76 -74 / 72 -48 -67 -76 / 55 67 71 74 / 69 -55 -67 -74 / 52 67 70 76 / 65 -52 -70 -76 / 57 64 69 72 / 55 -64 -69 -72 / 53 65 69 74 / 71 -53 -65 -69 / 60 67 72 76 / 58 -67 -72 -76 / 57 60 72 77 / 62 -57 -72 -77 <END> 
<S> 57 64 69 72 / 55 65 74 -72 / 53 67 70 72 / 52 -67 -72 -70 / 53 60 69 72 / 55 67 71 -60 / 64 -55 -60 -67 / 65 69 -55 -60 / 55 59 67 74 / 56 59 71 76 <END> 
<S> 55 65 67 71 / 53 -55 -67 -71 / 51 67 72 -67 / 48 -67 -67 -72 / 50 66 69 74 / 59 67 74 / 62 -47 -67 -74 / 52 67 72 / 54 69 -72 -76 / 55 67 71 74 / 55 67 71 74 <END> 
<S> 50 62 -67 -72 / 66 -50 -62 -72 / 55 59 62 67 / 64 -55 -59 -67 / 45 60 69 -67 / 66 -45 -60 -69 / 47 62 67 -69 / 68 -47 -62 -67 / 48 64 67 / 60 -64 -67 / 44 60 69 -67 / 59 62 67 -43 / 64 -59 -67 / 47 62 65 67 / 64 -47 -62 -67 / 44 60 62 65 / 47 50 62 65 <END> 
<S> 48 64 67 / 60 -48 -64 -67 / 50 62 69 / 71 -50 -62 / 69 -50 -62 -66 / 43 59 62 67 / 55 59 62 67 / 53 -59 -62 -67 / 52 60 67 72 / 53 69 -60 -72 / 52 65 71 74 / 50 -65 -71 -74 / 48 67 72 76 / 77 -48 -72 / 60 67 -72 -48 / 69 -61 74 / 59 67 71 -74 / 60 67 72 76 / 53 -67 -72 -76 <END> 
<S> 52 60 67 72 / 50 -60 -67 -72 / 52 60 67 74 / 72 -52 -60 -67 / 53 60 65 74 / 62 -53 -65 -74 / 55 58 67 74 / 55 59 67 -74 / 65 -55 -59 -74 / 48 60 64 67 / 60 -60 -67 / 59 62 67 / 57 60 64 -67 / 58 65 -60 <END> 
<S> 48 55 60 72 / 62 -55 -48 -72 / 43 60 67 72 / 58 74 -43 -67 / 53 65 69 72 / 53 -65 -69 -72 / 46 65 70 / 58 65 70 74 / 64 -58 -70 -74 / 65 70 72 -58 / 56 -65 -70 -72 <END> 
<S> 46 58 65 74 / 58 74 -65 / 56 60 68 77 / 58 62 -68 -77 / 60 67 75 / 58 -60 -67 -75 / 56 60 68 77 / 55 -68 -60 -77 / 53 60 68 74 / 55 59 -68 -74 / 53 60 68 72 / 74 -53 -60 -68 <END> 
<S> 56 60 72 77 / 55 -60 -72 -77 / 53 68 70 75 / 74 -53 -68 -74 / 53 72 -68 75 / 55 67 -72 -75 / 56 65 72 77 / 55 67 75 -72 / 53 68 71 74 / 55 67 72 75 / 57 -55 -67 -75 / 53 60 68 77 / 67 -53 -60 -77 <END> 
<S> 48 63 68 72 / 67 -48 -63 -72 / 56 65 72 / 60 -56 -65 -72 / 55 67 74 -60 / 59 -55 -67 -74 / 48 63 67 72 / 60 63 67 72 / 58 62 -67 -72 / 57 60 66 72 / 55 62 67 71 <END> 
<S> 56 63 72 / 55 -63 -72 / 56 65 72 -72 / 53 -65 -72 -72 / 47 62 67 74 / 48 67 -62 -74 / 56 63 71 / 60 -56 -63 / 55 59 62 67 / 53 -59 -62 -67 <END> 
<S> 56 60 63 72 / 65 74 -56 -60 / 55 60 67 75 / 53 -60 -67 -75 / 55 59 67 74 / 65 -55 -59 -74 / 56 60 63 72 / 55 59 67 74 / 53 56 -67 -74 / 51 72 -56 -67 / 50 65 70 -56 / 51 58 -65 -70 / 53 58 65 68 / 51 60 63 -68 <END> 
<S> 51 67 -60 / 55 59 67 74 / 60 67 75 / 58 62 70 77 / 63 79 -70 / 69 -63 -63 / 55 62 70 -63 / 56 63 72 -70 / 65 -56 -63 -72 / 55 58 62 70 / 51 58 63 67 / 51 -58 -67 <END> 
<S> 53 70 72 -63 / 55 -70 -70 -75 / 56 63 70 77 / 62 65 -70 -77 / 60 67 75 / 55 58 -67 -75 / 56 60 68 75 / 55 -60 -68 -75 / 53 62 68 77 / 63 -53 -68 -77 / 55 59 67 75 / 60 -55 -67 -75 / 65 74 -55 -60 59 59 67 -55 -58 <END> 
<S> 56 60 65 77 / 67 -56 -60 -77 / 55 62 68 -77 / 53 -62 -68 -77 / 55 60 67 75 / 53 60 68 74 / 75 -60 -60 -68 / 77 -53 -60 -68 / 55 60 67 75 / 43 59 65 74 / 63 72 -43 -59 / 48 60 67 75 / 53 60 68 77 / 62 -53 -68 -77 <END> 
<S> 55 60 67 75 / 43 59 -67 -75 / 65 74 -55 -60 / 48 60 63 67 / 59 62 67 79 / 57 -62 -67 -79 / 55 62 71 79 / 55 62 -71 -79 / 60 63 72 79 / 58 -63 -72 -79 <END> 
<S> 55 62 67 75 / 72 -55 -62 / 55 67 71 / 53 63 67 72 / 51 63 67 70 / 56 65 -51 -70 / 50 55 58 -70 / 51 56 72 -55 / 53 57 65 -72 / 63 -53 -57 -72 / 58 62 -53 42 <END> 
<S> 55 62 65 70 / 63 -55 -62 -70 / 53 57 65 68 / 50 58 65 68 / 51 58 63 67 / 62 65 -55 -58 / 56 60 63 / 55 59 62 68 / 53 58 67 -62 / 51 60 67 -65 / 53 58 65 68 / 62 -53 -65 -68 / 55 58 63 67 / 56 -58 -63 -67 / 58 63 65 / 56 62 65 70 <END> 
<S> 53 56 65 68 / 55 63 67 70 / 53 65 68 72 / 74 -53 -65 -68 / 60 63 67 75 / 62 69 -60 -75 / 55 -60 -75 -75 / 53 75 74 / 51 58 67 -74 / 50 -58 -67 -74 / 48 63 69 75 / 67 -48 -63 -75 / 50 65 70 74 / 68 -50 -65 -74 / 51 63 67 72 / 53 65 69 -72 / 46 65 70 74 / 51 63 67 70 / 50 65 68 -70 <END> 
<S> 51 67 72 -51 / 53 -51 -67 -72 / 55 67 72 -53 / 52 -67 -72 / 53 65 68 74 / 55 63 70 75 / 61 -55 -70 -75 / 56 60 68 -75 / 51 58 67 75 / 51 63 67 70 / 53 63 65 -70 / 51 58 63 70 <END> 
<S> 53 60 65 68 / 51 63 67 70 / 55 63 67 70 / 60 63 -67 -70 / 61 67 70 / 52 -67 -70 / 61 68 67 -61 / 62 -46 -67 -68 / 55 63 67 48 / 56 62 65 / 60 -56 -56 -72 <END> 
<S> 46 63 67 70 / 62 65 -67 -70 / 60 63 67 72 / 58 62 65 -72 / 56 60 63 72 / 55 74 -60 -63 / 53 60 67 / 65 69 -53 -60 / 59 -53 -65 -69 / 60 -53 -65 -68 / 48 60 64 67 / 58 -48 -64 -67 <END> 
<S> 53 60 67 -70 / 69 -53 -60 -69 / 55 67 70 74 / 56 65 72 / 60 63 -56 -72 / 74 -60 -63 -68 / 60 64 67 / 43 58 65 -67 / 41 56 65 -67 / 63 -41 -56 -65 / 43 62 -56 -65 / 44 53 60 63 / 46 52 -60 -63 / 41 53 60 -60 / 43 55 -60 -60 <END> 
<S> 44 60 63 65 / 58 62 -44 -65 / 60 -44 -60 -65 / 43 62 67 -60 / 44 63 -46 -67 / 41 65 68 -59 / 39 60 63 67 / 51 60 67 72 / 48 -60 -67 -72 / 50 65 70 77 / 51 -65 -70 -77 / 53 65 69 77 / 75 -53 -65 -69 / 55 58 70 74 / 75 -55 -58 -67 -74 / 65 -58 77 <END> 
<S> 51 67 72 -58 / 53 65 70 -72 / 56 -53 -65 -72 / 55 59 67 74 / 60 75 -55 / 57 60 75 / 58 62 -60 -75 / 56 60 68 77 / 55 -60 -68 -77 / 53 60 68 79 / 55 -60 -68 -79 / 53 60 79 -70 / 67 -53 -60 -79 / 53 60 68 77 / 55 60 67 75 <END> 
<S> 56 60 65 72 / 67 -56 -60 -72 / 55 62 67 71 / 48 64 67 72 / 56 60 65 72 / 55 67 70 75 / 53 60 68 74 / 58 67 75 -53 / 51 56 65 -75 / 47 56 65 74 / 48 55 65 75 <END> 
<S> 62 65 70 77 / 51 -62 -70 -77 / 72 -62 -70 -79 / 77 -62 -70 -77 / 75 -62 -70 -77 / 72 -62 -66 -75 / 55 67 74 83 / 71 -55 -67 -74 / 56 63 72 / 57 65 -56 -72 / 55 58 67 74 / 50 65 -55 -74 / 48 63 67 75 / 50 62 -67 -75 / 51 60 67 72 / 53 69 -60 -72 <END> 
<S> 48 63 67 72 / -48 -63 -67 -72 / 55 63 67 72 / 53 68 74 -67 / 55 67 71 74 / 56 72 -67 / 65 -56 -72 / 55 59 67 74 / 52 60 67 70 / 69 -52 -60 -67 / 67 -52 -60 -67 / 54 60 69 -67 / 62 -54 -60 -69 / 55 59 62 67 / 50 58 63 68 <END> 
<S> 48 64 67 72 / 50 -64 -67 -72 / 52 62 67 / 60 -62 -65 -69 / 59 62 67 / 51 60 67 -67 / 53 60 65 69 / 51 -60 -65 -69 / 50 62 65 70 / 51 -62 -65 -70 / 53 60 65 70 / 51 -60 -65 -70 / 46 58 65 70 / 53 62 -65 -70 / 55 63 70 72 <END> 
<S> 53 60 65 68 / 51 58 67 / 53 56 68 72 / 55 63 70 / 62 -55 -63 -70 / 56 60 63 72 / 65 74 -56 -60 / 55 58 67 75 / 53 68 77 -58 / 55 62 70 74 / 56 72 -62 -70 / 65 68 -56 -72 / 64 70 -56 / 69 -48 -63 <END> 
<S> 53 56 68 74 / 55 63 67 -74 / 56 65 72 / 63 -56 -72 / 50 65 74 -72 / 71 -50 -65 -74 / 48 67 72 75 / 50 65 -72 -75 / 55 67 71 74 / 63 -55 -71 -74 / 56 62 72 77 / 58 -56 -72 -77 <END> 
<S> 51 63 67 72 / 50 -63 -67 -72 / 48 62 67 74 / 47 -62 -67 -74 / 48 60 67 75 / 72 -48 -67 -75 / 55 67 71 74 / 50 65 71 79 / 63 67 72 / 59 62 67 77 <END> 
<S> 55 62 67 75 / 51 63 67 70 / 65 -51 -63 -70 / 56 63 72 / 62 -56 -72 / 55 58 70 74 / 53 68 -58 -74 / 51 63 68 -58 / 55 62 67 70 / 52 61 67 79 / 60 67 -51 -79 / 53 60 68 -79 / 55 59 67 74 / 56 60 65 -74 <END> 
<S> 56 63 68 72 / 55 -68 -63 -72 / 53 60 67 68 / 65 -53 -60 -68 / 48 60 63 67 / 68 -48 -60 -63 / 50 65 70 / 58 46 68 / 51 63 79 / 62 -51 -63 -79 / 53 60 62 77 / 55 67 -60 -77 <END> 
<S> 51 63 70 79 / 53 -63 -70 -79 / 55 63 70 79 / 56 -63 -70 -79 / 58 65 70 74 / 60 75 -65 -70 / 62 71 77 -65 / 59 62 74 -77 / 60 67 75 / 53 60 69 74 / 55 59 67 74 / 65 -55 -59 -74 <END> 
<S> 56 60 65 77 / 53 72 -60 -77 / 55 59 67 74 / 53 -59 -67 -74 / 51 60 67 75 / 53 -60 -67 -75 / 55 59 67 74 / 65 -55 -59 -74 / 56 60 63 72 / 55 58 67 75 / 41 53 68 74 / <END> 
<S> 56 60 63 -51 / 55 58 -63 -63 / 56 60 63 68 / 53 -60 -63 -68 / 51 58 63 67 / 58 -39 -58 -67 / 41 56 60 68 / 58 -41 -56 -68 / 44 51 56 60 / 53 56 60 68 / 39 55 -60 -68 <END> 
<S> 44 60 63 65 / 59 -44 -63 -65 / 60 62 -44 -65 / 60 62 -44 -65 / 43 59 62 67 / 53 -62 -67 -72 / 51 60 67 72 / 50 62 65 -72 / 48 63 67 72 / 55 62 -67 -72 / 60 -55 -67 -75 / 55 59 67 74 / 59 62 67 77 <END> 
<S> 51 55 67 72 / 50 -51 -67 -72 / 48 60 67 75 / 53 60 68 77 / 59 62 67 79 / 60 63 67 75 / 62 65 77 -60 / 59 75 -65 -77 / 47 67 74 79 / 55 -47 -74 -79 / 48 75 77 -55 / 50 67 -74 -77 <END> 
<S> 55 59 67 75 / 53 60 68 77 / 62 -53 -68 -77 / 51 63 67 79 / 53 69 -63 -79 / 55 62 71 77 / 60 75 -55 -77 / 51 60 67 79 / 53 69 -60 -79 / 55 60 67 74 / 65 -55 -74 -77 <END> 
<S> 60 67 75 / 58 -60 -67 -75 / 56 60 72 77 / 55 70 75 -60 / 53 60 68 72 / 74 -53 -60 -68 / 55 59 67 75 / 65 -55 -59 -75 / 64 -55 -59 -76 / 56 60 72 / 47 62 67 -56 / 68 77 -60 -67 / 58 62 67 / 56 60 65 70 / 52 -60 -65 -70 <END> 
<S> 48 60 67 75 / 55 67 71 74 / 55 67 71 74 / 60 67 72 75 / 58 -67 -72 -75 / 57 65 72 77 / 53 75 -65 -72 / 58 65 70 74 / 57 -65 -70 -74 / 55 63 70 75 / 53 65 69 -75 <END> 
<S> 60 67 72 75 / 58 -67 -72 -75 / 56 66 72 75 / 70 -56 -66 -75 / 61 65 68 77 / 60 63 -68 -77 / 58 70 77 -63 / 80 -58 -70 -77 / 51 63 70 79 / 55 63 70 79 <END> 
<S> 63 72 79 / 51 -63 -70 -79 / 53 63 68 81 / 55 -63 -68 / 56 60 63 68 / 65 -60 -68 / 58 67 61 67 / 56 60 68 -67 / 58 65 -56 -68 / 50 53 -58 -68 / 51 58 67 / 60 65 -51 -51 / 50 58 65 / 56 -50 -58 -65 <END> 
<S> 56 60 65 / 53 55 59 67 / 55 59 62 67 / 53 -59 -62 -67 / 51 60 67 72 / 53 62 -67 -72 / 54 63 69 -72 / 46 62 67 70 / 48 63 67 69 / 50 66 71 -69 / 51 -50 -69 / 50 54 62 -69 / 60 -50 -54 -69 <END> 
<S> 52 60 67 72 / 50 62 70 -67 / 48 63 67 70 / 69 -48 -63 -69 / 50 62 65 70 / 51 60 67 -65 / 53 60 65 69 / 51 -60 -65 -69 / 50 58 65 70 / 46 62 -65 -70 / 51 58 63 67 / 50 58 65 -67 <END> 
<S> 53 60 65 68 / 51 63 67 70 / 55 63 67 70 / 61 67 -67 -70 / 53 60 65 69 / 63 -53 -60 -69 / 59 62 -53 -69 / 60 -53 -62 -69 / 55 59 67 -53 / 60 -53 -55 -67 / 41 62 72 -55 / 43 59 -62 -67 <END> 
<S> 55 60 62 67 / 59 -55 -62 -67 / 53 57 60 69 / 51 -57 -60 -69 / 50 53 62 67 / 52 55 60 -67 / 59 -52 -55 -67 / 53 57 60 69 / 58 62 -53 -69 / 48 60 63 67 / 62 65 -48 -60 / 60 63 -48 -60 -63 46 58 -60 -63 / 44 60 63 65 / 46 -60 -65 -68 <END> 
<S> 53 60 68 / 55 -60 -53 -68 / 65 -43 -53 -68 / -68 58 64 67 / 46 62 65 70 / 55 62 67 70 / 53 65 -62 -70 / 51 60 63 67 / 55 58 63 -67 / 56 60 65 -63 / 39 58 62 -65 / 39 58 63 67 / 41 -58 -63 -67 / 39 58 63 67 / 49 -58 -63 -67 <END> 
<S> 63 68 -58 -63 / 62 65 -58 / / 60 63 70 -58 / 62 65 -60 -70 / 60 63 67 / 59 -60 -67 -79 / 60 67 74 / 58 -60 -67 -74 / 56 60 68 75 / 55 -60 -68 -75 / 53 60 68 77 / 62 -53 -68 -77 / 60 63 67 75 / 69 74 -60 -63 / 58 65 70 74 / 56 -65 -70 -74 <END> 
<S> 60 67 75 / 58 -60 -67 -75 / 56 60 72 75 / 55 70 -60 -75 / 53 68 72 74 / 55 67 71 -74 / 65 -55 -71 -74 / 48 63 67 72 / 46 62 70 77 / 51 67 70 75 / 53 -67 -70 -75 / 55 67 70 77 / 53 75 -67 -70 <END> 
<S> 48 63 72 -67 / 68 -48 -63 -72 / 46 65 68 74 / 58 67 -65 -74 / 44 63 67 72 / 43 -63 -67 -72 / 62 65 69 -48 / 60 -65 -69 / 46 -60 -65 -69 / 51 63 67 70 / 63 -63 -67 -70 / 60 63 67 72 / 58 62 -67 -72 / 56 60 65 72 / 67 -56 -60 -72 <END> 
<S> 63 67 -51 -70 / 62 66 -51 -67 / 60 63 67 -51 / 58 -60 -67 / 53 56 60 72 / 55 58 -63 -72 / 56 60 65 77 / 55 58 67 75 / 53 60 68 77 / 55 62 67 75 / 56 60 65 -75 / 58 74 -51 -65 / 56 60 65 75 / 67 -56 -60 -75 / 58 62 68 77 / 75 -58 -62 -65 / 51 58 77 75 / 63 -55 -70 -75 / 65 74 77 -63 / 75 67 -65 -77 <END> 
<S> 56 60 63 72 / 65 74 -56 -60 / 55 58 67 75 / 56 60 65 -75 / 53 72 75 74 / 55 71 -74 -74 / 56 72 -55 -74 / 55 72 -55 -72 / 53 68 74 -72 / 55 67 71 -74 / 65 -55 -71 -74 / 48 63 67 72 / 46 62 70 77 <END> 
<S> 53 69 72 74 / 65 -53 -72 -74 / 55 67 71 -74 / 65 -55 -71 -74 / 48 63 67 72 / 60 63 72 79 / 58 -63 -72 -79 / 56 63 72 79 / 58 -63 -72 -79 / 56 63 72 77 / 58 62 70 -77 / 68 -58 -62 -77 / 51 58 67 75 <END> 
