<S> 47 62 67 / 64 -47 -62 -67 / 43 60 65 67 / 59 -43 -65 -67 / 48 60 64 67 / 50 53 62 70 / 52 55 -62 -70 / 53 57 60 69 / 58 -53 -60 -69 / 60 65 -53 -69 / 48 67 -60 -65 / 58 64 -48 -67 / 41 57 60 65 / 47 55 62 67 <END> 
<S> 53 60 65 69 / 52 -60 -65 -69 / 50 58 65 69 / 45 -50 -65 -69 / 47 55 62 67 / 48 -55 -62 -67 / 48 55 60 64 / 59 62 -48 -55 / 57 60 -48 -55 / 55 59 62 / -55 53 / 52 59 67 / 50 54 57 69 / 55 59 67 -50 / 52 55 60 67 <END> 
<S> 55 59 62 / 53 -55 -59 -62 / 52 55 59 62 / 50 -55 -59 -62 / 52 55 60 64 / 48 -55 -60 -64 / 50 53 60 65 / 59 -50 -53 -65 / 52 55 60 64 / 53 -55 -60 -64 / 55 59 62 / 53 55 61 64 / 52 57 -55 -64 / 50 53 62 65 / 55 -50 -62 -65 / 53 55 62 65 71 / 52 60 64 67 <END> 
<S> 50 53 57 69 / 59 -50 -53 -69 / 52 55 60 67 / 58 -52 -55 -67 / 53 57 60 / 55 59 62 / / 52 56 -62 / 60 64 67 / -52 -60 -64 -67 / 41 60 65 69 / 43 58 65 70 / 41 -65 -65 -70 / 46 58 65 70 <END> 
<S> 53 60 65 69 / 52 60 65 -69 / 50 62 65 69 / 48 64 -62 -69 / 50 62 65 69 / 52 -62 -65 -69 / 53 59 62 67 / 52 60 67 53 / 53 69 -60 -72 / 50 65 71 74 / 48 64 67 72 / 55 59 67 74 / 60 76 -55 -67 <END> 
<S> 52 60 67 72 / 50 65 -60 -72 / 52 -50 -65 -72 / 48 64 74 -60 / 47 -52 -64 -74 / 45 57 64 72 / 47 55 -64 -72 / 48 62 67 / 60 -48 -62 -67 / 50 66 -60 -72 / 51 55 64 67 / 50 62 65 69 / 60 -50 -65 -69 / 55 59 62 67 / 52 60 67 72 <END> 
<S> 48 64 69 -67 / 50 62 66 -69 / 60 -50 -66 -69 / 55 59 67 / 52 60 64 72 / 54 60 69 74 / 55 59 67 76 / 62 -55 -67 -76 / 48 60 64 79 / 50 60 69 77 / 71 -50 -60 -77 / 48 67 72 76 / 74 -48 -67 -76 <END> 
<S> 55 62 67 71 / 57 60 66 72 / 59 62 67 74 / 58 60 67 76 / 57 60 69 77 / 55 61 69 76 / 53 65 69 74 / 52 59 68 76 / 57 60 64 72 / 66 -57 -60 -72 <END> 
<S> 57 64 69 72 / 55 67 71 74 / 53 67 73 76 / 52 -67 -73 -76 / 50 69 74 77 / 52 -69 -74 -77 / 53 69 74 77 / 55 -69 -74 -77 / 57 69 74 76 / 70 -57 -74 -76 / 56 69 72 76 / 74 -56 -64 -72 <END> 
<S> 53 69 72 / 64 67 -53 -72 / 50 65 69 72 / 71 -50 -65 -69 / 60 69 72 77 / 67 71 -50 -77 / 57 69 72 76 / 77 -57 -69 -72 / 52 67 72 79 / 50 -67 -72 -79 / 52 67 72 79 / 53 -67 -72 -79 / 55 67 71 74 / 53 -67 -71 -74 / 52 68 71 76 / 56 -68 -71 <END> 
<S> 67 69 72 76 / 66 74 -69 -72 / 43 62 71 79 / 69 77 -53 / 58 62 67 70 / 57 64 76 -67 / 65 -57 -70 / 50 53 65 69 / 62 -53 -65 / 64 -53 -55 -74 / 55 60 67 74 / 43 59 -67 -74 / 65 -43 -59 -74 / 48 55 64 72 <END> 
<S> 55 62 67 71 / 53 -62 -67 -71 / 52 60 67 72 / 48 -60 -67 -72 / 43 60 67 74 / 59 -43 -67 -74 / 65 -55 -59 -74 / 48 55 64 72 / 55 59 67 74 / 60 67 76 / 59 -60 -67 -76 <END> 
<S> 47 55 62 67 / 48 55 60 64 / 62 -55 -60 -64 / 55 59 62 / 53 -43 -59 -62 / 45 52 55 60 / 48 52 55 60 / 47 62 -52 -55 / 45 57 60 64 / 50 65 -57 -60 / 43 55 59 67 / 55 59 62 67 <END> 
<S> 55 62 -48 -60 / 47 55 62 67 / 48 55 60 64 / 50 65 -55 -60 / 52 55 59 67 / 50 -55 -60 -67 / 52 55 60 67 / 53 62 -55 -67 / 55 64 -55 / / 53 62 -55 -69 / 45 60 64 65 / 48 55 64 -65 / 47 55 62 67 <END> 
<S> 50 55 62 71 / 52 55 72 / 60 -52 -55 -72 / 47 55 62 67 / 48 60 -55 -67 / 53 62 55 -60 / 59 50 -55 -67 / 57 52 60 65 / 50 53 62 67 / 48 55 64 69 / 50 54 62 -69 / 60 -50 -54 -69 / 55 59 62 67 / 43 55 59 62 <END> 
<S> 50 53 57 69 / 59 -50 -53 -69 / 52 55 60 64 / 53 -55 -60 -64 / 55 59 62 / 53 -55 -59 -62 / 52 55 59 64 / 50 -55 -64 -64 / 48 55 62 65 / 47 -55 -62 -65 / 48 55 60 64 / 47 -55 -60 -64 / 45 57 60 65 / 43 -57 -60 -65 / 41 55 60 67 / 38 -60 -67 -74 / 43 59 67 72 / 42 57 62 65 <END> 
<S> 48 55 60 64 / 50 65 -55 -60 / 52 55 60 67 / 53 69 -60 -55 / 52 55 -60 -69 / 50 53 59 62 / 48 55 60 64 / 47 -55 -60 -64 / 45 57 60 65 / 47 -57 -60 -65 / 0 / 55 59 64 67 / 43 -55 -64 -67 / 45 72 -55 -64 / 54 -45 -60 -64 <END> 
<S> 48 55 60 64 / 45 -55 -60 -64 / 47 57 62 65 / 59 -38 -62 -65 / 47 55 62 -62 / 53 57 -62 -62 / 52 55 59 -62 / 50 54 -59 -62 / 48 52 55 60 / 50 48 -55 -60 / 36 55 62 -55 / 50 -55 -62 -65 / 43 59 62 -55 / 53 -43 -59 -62 / 48 52 55 60 <END> 
<S> 48 55 62 -48 / 47 -55 -62 / / 55 62 69 / 54 -50 -62 -69 / 60 -50 -62 -69 / 43 59 62 67 / 55 59 62 67 / 53 -59 -62 -67 / 52 59 64 67 / 50 65 -64 -67 / 48 64 67 72 / 47 62 -67 -72 / 48 60 64 67 / 47 62 -64 -67 / 45 57 60 69 / 43 55 59 62 / 42 57 60 64 / 44 -60 65 <END> 
<S> 45 60 64 72 / 47 62 67 -72 / 48 64 67 69 / 50 62 66 -69 / 60 -50 -66 -69 / 55 59 62 67 / 55 59 67 / 53 57 62 69 / 52 62 71 -69 / 50 -62 -67 -71 / 52 60 67 72 / 53 69 -60 -72 / 52 65 71 74 / 50 -65 -71 -74 / 48 67 72 76 / 60 -67 -72 -76 / 67 72 74 -60 / 59 -67 -72 -74 <END> 
<S> 52 60 67 72 / 50 65 74 -60 / 52 60 67 76 / 53 69 -60 -76 / 55 67 71 74 / 47 67 -74 / 65 -47 -67 -74 / 48 67 72 76 / 65 -48 -67 -76 / 60 67 72 76 / 58 -67 -72 -76 / 57 69 72 77 / 59 67 74 79 / 77 -67 -70 -74 / 60 76 -67 -74 / 72 -60 -67 -76 <END> 
<S> 48 67 72 76 / 50 -67 -72 -76 / 52 67 72 76 / 53 -67 -72 -76 / 55 67 72 74 / 57 -67 -72 -74 / 59 71 -67 -76 / 56 65 -59 -71 / 57 64 72 / 55 -64 -72 / 54 74 -64 -72 / 62 69 -53 -72 / 55 71 -62 -69 / 64 67 -55 -71 / 69 -55 -64 -67 / 59 67 74 -55 <END> 
<S> 54 57 69 74 / 52 55 -69 -74 / 50 57 66 -74 / 72 -50 -57 -66 / 55 59 62 67 / 52 60 67 / 53 59 62 65 / 52 55 60 64 / 50 65 -55 -60 / 48 60 67 -53 / 50 -48 -60 -67 / 52 55 62 71 / 53 -55 -59 -62 / 48 52 60 67 / <END> 
<S> 50 55 62 65 / 52 55 64 / 53 57 -48 -64 / 55 59 62 / 41 -55 -59 -62 / 48 55 60 64 / 52 55 59 62 / 50 -55 -62 -71 / 52 55 67 72 / 48 64 71 -55 / 50 62 66 69 / 60 -50 -66 -69 / 43 59 62 67 / 48 60 64 67 <END> 
<S> 52 55 59 67 / 50 57 62 -67 / 59 -50 -62 -67 / 60 62 66 69 / 59 -62 -66 -69 / 55 59 62 67 / 52 60 67 72 / 54 69 -60 -72 / 55 67 71 74 / 52 67 71 / 65 -52 -67 -71 / 57 67 72 76 / 66 -57 -72 -76 / 59 67 74 57 / 61 -67 -74 -79 <END> 
<S> 52 60 67 72 / 50 62 65 -72 / 52 64 67 71 / 53 60 69 -67 / 52 60 67 -60 / 59 -52 -60 -67 / 52 60 65 -59 / 53 57 -60 -65 / 55 59 62 67 / 57 -55 -62 -67 / 55 59 62 / 53 -55 -59 -62 / 52 55 59 62 / 50 -55 -59 -62 / 52 55 60 67 / 50 -55 -60 -67 <END> 
<S> 55 59 62 67 / 53 57 -62 -67 / 52 55 60 67 / 50 65 -55 -60 / 48 55 60 64 / 46 -55 -60 -64 / 45 57 60 65 / 43 55 59 -65 / 42 57 60 64 / 41 65 -57 -60 / 48 55 60 64 67 / 59 -60 -64 -67 / 55 60 67 -64 / 53 -60 -67 -67 <END> 
<S> 43 55 60 64 / 53 62 -60 -64 / 55 59 62 / 57 -55 -62 / 55 58 58 64 / 55 -58 -58 -63 / 45 53 57 62 / 46 53 58 -62 / 57 -53 -57 -62 / 55 58 63 70 / 53 60 65 -70 / 69 -53 -60 -65 / 59 62 67 -53 / 52 60 67 -46 / 45 48 65 72 / 47 50 62 -72 <END> 
<S> 55 58 63 67 / 69 -55 -58 -63 / 55 58 62 70 / 53 -55 -62 -70 / 48 55 63 69 / 57 -48 -63 -69 / 50 58 62 70 / 67 -50 -62 -70 / 52 55 67 72 / 50 54 62 -72 / 43 55 62 71 / 53 -43 -62 -71 / 48 55 60 72 / 51 55 60 67 <END> 
<S> 51 58 67 / 50 -58 -67 / 48 55 63 -67 / 60 66 69 -55 -60 / 55 -60 -63 -69 / 53 62 67 70 / 51 63 67 / 57 -51 -67 -72 / 50 65 71 <END> 
<S> 55 62 67 70 / 60 -55 -67 -70 / 53 59 65 67 / 51 60 -65 -67 / 48 60 63 68 / 44 -60 -63 -68 / 41 56 68 -63 / 55 62 -46 -68 / 59 62 67 -55 / 53 -59 -62 -67 / 51 60 63 -67 / 53 68 -60 -63 <END> 
<S> 44 60 63 65 / 41 -60 -63 -65 / 46 62 62 -65 / 51 58 63 67 / 43 58 63 -58 / 44 60 63 / 43 53 62 70 / 41 -53 -62 -70 / 39 55 67 70 / 43 -55 -67 -70 <END> 
<S> 44 48 60 63 / 44 -48 -60 -63 / 43 55 63 -60 / 62 -43 -55 -60 / 59 -43 -55 -43 / 53 -43 -59 -62 / 48 51 55 60 / 43 59 62 -55 / 44 48 60 63 <END> 
<S> 50 55 62 71 / 54 69 -50 -55 / 43 55 62 71 / 53 -43 -55 -71 / 48 51 55 72 / 51 55 67 71 / 50 55 63 69 / 48 51 -63 -69 / 50 53 62 71 / 51 55 60 72 / 53 56 62 -72 <END> 
<S> 51 55 67 72 / 50 60 71 -67 / 48 55 62 -67 / 60 63 67 / 59 62 67 / 60 -56 -67 / 58 62 65 67 / 56 63 -65 -68 / 62 65 -56 -65 / 60 63 -56 -65 / 55 59 62 67 / 53 68 -59 -62 / 51 51 60 67 / 55 -51 -60 -67 <END> 
<S> 56 60 63 -65 / 59 62 -56 -63 / 60 -56 -56 -63 / 55 62 62 / 55 59 -62 / 60 -55 -62 / 48 55 60 63 / 56 60 65 -48 / 41 56 60 65 / 63 -41 -56 -60 / 43 59 62 -55 / 53 -43 -59 -62 / 51 55 60 / 55 59 62 / 51 55 60 67 <END> 
<S> 41 56 60 62 / 58 -44 -60 -56 / 43 56 59 62 / 53 -43 -59 -62 / 48 51 55 60 / 0 / 51 55 60 67 / 53 60 69 -63 / 55 62 -60 -69 / 53 60 67 -53 / 52 -53 -60 -67 / 53 62 65 69 / 55 63 67 / 57 65 -55 -67 / 59 62 65 -55 <END> 
<S> 53 60 65 69 / 55 -60 -65 -69 / 53 60 65 69 / 63 -53 -65 -69 / 46 62 65 70 / 51 63 67 -70 / 53 60 65 69 / 51 -60 -65 -69 / 50 58 65 68 / 51 58 67 -65 / 63 -51 -58 -67 / 56 60 65 72 / 55 -60 -63 -72 <END> 
<S> 55 62 63 70 / 53 68 -63 -70 / 51 63 67 70 / 65 -51 -70 / 56 63 72 / 55 74 -63 -72 / 53 68 74 -72 / 50 65 -72 -74 / 55 67 71 -74 / 55 67 72 74 / 57 67 72 75 / 58 65 70 77 / 63 70 79 <END> 
<S> 48 63 67 72 / 55 67 71 74 / 55 67 71 74 / 53 67 70 75 / 51 -67 -70 -75 / 50 65 70 77 / 68 -50 -65 -77 / 51 67 70 79 / 63 70 79 / 62 65 -70 -79 / 67 72 75 -65 <END> 
<S> 53 60 68 74 / 55 -60 -68 -74 / 54 60 68 75 / 58 65 74 / / 63 70 -74 / 55 65 70 75 / 63 -55 -70 -75 / 56 62 72 77 / 58 -62 -72 -77 / 60 67 72 75 / 58 -67 -72 -75 <END> 
<S> 58 63 70 75 / 63 -58 -70 -75 / 58 65 77 -63 / 67 74 -58 -65 / 63 70 -58 -74 / 72 -58 -65 -70 / 56 63 70 72 / 68 -56 -63 -72 / 55 63 70 -68 / 61 -55 -63 -70 / 56 60 68 72 / 65 74 -56 -60 / 55 60 67 75 / 53 -60 -67 -75 <END> 
<S> 56 63 68 72 / 55 -63 -68 -72 / 53 61 67 70 / 52 -61 -67 -70 / 53 60 67 68 / 55 -60 -67 -68 / 56 60 65 -68 / 53 -60 -65 -68 / 60 64 67 / 57 60 65 75 <END> 
<S> 56 60 65 72 / 55 -60 -65 -72 / 53 56 68 72 / 55 63 67 72 / 65 74 -48 -67 / 60 67 72 75 / 58 -67 -72 -75 / 56 60 72 77 / 55 70 75 -60 53 56 65 68 72 / 53 74 -65 -68 / 63 67 -53 -74 / 55 62 -67 -75 / 53 -55 -62 -67 <END> 
<S> 56 65 72 -70 / 53 68 72 74 / 55 67 71 -74 / 65 -55 -71 -74 / 48 63 67 72 / 55 67 71 74 / 60 67 72 75 / 58 -67 -72 -75 / 57 65 72 77 / 58 75 -65 -72 / 63 70 79 / 62 65 -70 -79 / 60 63 72 79 / 58 62 74 79 <END> 
<S> 60 63 72 80 / 62 65 -72 -80 / 63 70 79 -65 / 63 -63 -70 -79 / 56 63 72 77 / 62 71 -56 -77 / 60 63 72 79 / 58 -63 -72 -79 / 56 63 72 77 / 58 62 70 -77 / 68 -58 -62 -77 / 51 63 67 75 / 58 70 74 -67 / 56 72 -70 / 55 65 70 74 / 53 -65 -70 -74 <END> 
<S> 63 67 79 / 60 -63 -67 -79 / 62 65 72 77 / 70 -62 -65 -77 / 63 70 75 79 / 72 -63 -75 -79 / 59 68 74 77 / 60 67 -74 -77 / 72 75 -60 -67 / 58 67 74 -72 / 56 -68 -72 -74 / 55 67 70 75 / 57 -67 -70 -75 <END> 
<S> 48 67 72 75 / 50 -67 -72 -75 / 51 67 72 75 / 53 -67 -72 -75 / 55 67 70 75 / 56 60 68 -75 / 58 60 68 74 / 56 60 -68 -74 / 55 58 67 75 / 53 68 77 -58 / 51 63 70 79 / 50 -63 -70 -79 <END> 
<S> 55 60 70 75 / 53 -60 -70 -75 / 55 58 74 77 / 56 60 -68 -74 / 55 67 70 -60 / 53 60 69 77 / 62 -53 -69 -77 / 63 -53 -69 -77 / 46 65 70 74 / 63 -46 -70 -74 / 53 65 72 80 / 55 -65 -72 -80 / 56 65 72 77 / 55 71 -65 -77 <END> 
<S> 46 58 65 74 / 63 -46 -58 -74 / 74 -46 -58 -70 / 77 -58 -62 -70 / 48 60 67 75 / 55 58 67 74 / 60 63 68 75 / 62 65 70 77 / 63 70 75 79 / 55 -63 -70 -79 / 53 65 70 79 / 60 -65 -70 -79 <END> 
<S> 60 63 67 75 / 58 62 -67 -75 / 56 60 72 77 / 55 70 -60 -77 / 53 65 68 72 / 74 -53 -65 -68 / 48 63 67 75 / 69 -48 -63 -75 / 50 65 70 74 / 51 -65 -70 -74 / 53 65 70 -70 / 51 60 67 -70 / 69 -51 -60 -67 / 50 58 65 68 / 51 58 63 67 / 56 60 -63 -67 <END> 
<S> 50 65 70 74 / 51 -65 -70 -74 / 53 65 69 72 / 63 -53 -69 -72 / 46 62 67 70 / 77 -62 -67 -70 / 75 -62 -67 -70 / 60 67 72 75 / 53 65 68 74 / 64 72 -53 -68 / 55 65 68 71 <END> 
<S> 56 60 68 72 / 55 -60 -68 -72 / 53 60 68 72 / / 74 -53 -68 -77 / 75 -53 -60 -68 / 53 65 68 74 / 59 -65 -68 -74 / 60 63 72 / 62 65 -60 -72 / 60 67 75 -65 / 58 62 68 74 <END> 
<S> 56 63 68 72 / 55 -63 -68 -72 / 53 61 67 70 / 52 -61 -67 -70 / 53 60 67 68 / 55 -60 -67 -68 / 53 60 65 68 / 58 64 67 -53 / 41 57 65 74 / 55 58 64 72 <END> 
<S> 56 60 65 / 55 58 64 67 / 53 60 65 68 / 58 -48 -65 -68 / 48 60 67 -65 / 64 -48 -60 -67 / 43 59 62 67 / 55 -47 -62 -67 / 48 55 63 67 / 62 -48 -55 -67 <END> 
<S> 47 62 67 71 / 48 -62 -67 -71 / 50 62 66 69 / 55 62 67 71 / 51 55 60 67 / 59 -51 -55 -67 / 45 48 60 69 / 43 55 58 70 / 53 60 65 68 / 46 62 -53 -68 / 51 55 63 67 / 46 -55 -63 -67 <END> 
<S> 48 55 60 63 / 46 -55 -60 -63 / 44 56 60 65 / 43 50 59 67 / 41 65 74 -60 / 43 60 63 67 / 44 60 65 68 / 46 61 -65 -68 / 51 60 67 / 58 62 -67 / 56 60 65 / 58 64 -60 / 55 58 62 70 / 53 56 68 72 <END> 
<S> 44 60 63 65 / 56 62 -44 -65 / 60 -44 -56 -65 / 46 53 62 -65 / 58 -46 -62 -65 / 56 -46 -62 -65 / 39 55 58 63 / 0 / 39 55 58 67 / 56 60 65 72 / 53 62 68 -56 / 51 58 67 70 / 50 58 -67 -70 <END> 
<S> 44 60 63 65 / 58 62 -44 -65 / 46 53 62 -65 / 39 55 58 63 / 51 56 60 67 / 41 53 60 68 / 51 -41 -60 -68 / 43 50 59 67 / 50 65 -43 -59 / 48 51 55 63 / 60 -48 -51 -63 / 50 53 62 65 / 47 -53 -62 -65 / 48 51 60 67 / 45 60 65 72 <END> 
<S> 48 51 60 67 / 50 -51 -60 -67 / 51 55 60 67 / 48 -51 -60 -67 / 50 53 65 -60 / 59 -50 -53 -65 / 51 55 60 63 / 53 57 60 -63 / 55 59 62 / / 55 60 63 / 51 55 58 -63 / 60 53 57 62 / 55 58 62 / 53 57 -58 -62 <END> 
<S> 55 62 -48 -60 / 47 55 62 -62 / 48 55 60 63 / 44 51 60 65 / 41 -51 -60 -65 / 46 50 58 -65 / 39 51 58 63 <END> 
<S> 44 60 65 -63 / 62 -44 -44 -65 / 60 -44 -44 -65 / 43 59 67 -65 / 42 60 67 75 / 58 62 -67 -75 / 56 60 72 77 / 55 -60 -72 -77 / 53 67 74 -60 / 59 -53 -67 -74 / 51 58 67 75 / 65 -51 -58 -75 <END> 
<S> 60 67 75 / 55 -60 -67 -75 / 53 68 77 -60 / 59 -53 -68 -77 / 60 67 75 / 58 -60 -67 -75 / 56 68 72 75 / 55 -68 -72 -75 / 53 67 70 74 / 65 -53 -70 -74 / 53 65 72 -70 / 69 -53 -65 -72 / 46 58 65 74 / 58 75 -50 -65 <END> 
<S> 53 65 69 74 / 63 -53 -69 -74 / 46 62 65 70 / 55 62 67 70 / 53 -62 -67 -70 / 51 63 67 72 / 56 65 71 74 / 55 67 70 75 / 53 68 -70 -75 / 55 67 70 74 / 56 72 -67 -75 / 58 65 74 / 56 72 -65 53 <END> 
<S> 63 68 72 / 55 67 71 75 / 56 60 72 77 / 53 -60 -72 -77 / 58 62 70 77 / 56 60 72 77 / -53 -56 -60 -77 / 55 60 67 75 / 53 -60 -67 -75 / 55 59 67 74 / 65 -55 -59 -74 / 48 55 63 72 / 48 60 63 67 <END> 
<S> 53 59 68 74 / 51 60 72 75 / 55 65 70 74 / 68 -55 -70 -74 / 53 67 70 72 / 51 -67 -70 -72 / 53 68 72 74 / 55 67 71 -74 / 65 -55 -71 -74 / 48 63 67 72 / 62 70 -67 <END> 
