<S> 65 69 72 / 64 -65 -69 -72 / 62 65 71 74 / 60 67 72 76 / 65 74 77 -60 / 64 76 79 -60 / 59 62 -76 -79 / 57 60 76 77 / 59 67 74 -77 / 60 67 72 76 / 57 69 72 76 / 77 -57 -69 -72 <END> 
<S> 57 60 76 77 / 59 67 74 -77 / 60 67 72 76 / 55 67 71 74 / 65 -55 -71 -74 / 48 64 67 72 / 55 67 71 74 / 53 67 73 76 / 52 -67 -73 -76 <END> 
<S> 58 65 74 / 57 67 -58 -74 / 55 58 67 74 / 53 57 -67 -74 / 52 55 67 72 / 65 -52 -55 -72 / 60 64 67 72 / 58 62 -67 -72 / 57 60 66 72 / 55 59 67 71 / 53 60 69 -67 <END> 
<S> 57 64 72 / 55 -57 -64 -72 / 54 69 74 / 55 72 -69 / 67 -55 -72 / 65 -55 -67 -72 / 48 64 67 72 / 60 67 72 76 / 77 -60 -67 -72 / 59 67 74 -53 / 52 72 -59 -67 <END> 
<S> 57 60 72 76 / 55 60 -72 -76 / 53 74 -60 -69 / 59 67 -53 -74 / 52 60 67 76 / 58 -52 -67 -76 / 57 65 72 77 / 53 64 70 79 / 69 77 -64 -79 / 67 76 -62 -70 / 77 -58 -67 -76 / 60 67 72 76 / 58 -67 -72 -76 <END> 
<S> 53 69 72 77 / 57 -69 -72 -77 / 55 67 72 76 / 70 -55 -67 -76 / 53 65 69 72 / 65 74 -53 -65 / 64 -53 -65 -74 / 55 65 69 72 / 53 74 -65 -69 / 52 67 70 -74 / 53 65 69 72 / 71 -53 -65 -69 / 60 67 72 76 / 58 -67 -72 -76 <END> 
<S> 53 62 69 74 / 60 64 -53 -74 / 55 65 72 / 64 -55 -60 -72 / 55 60 67 74 / 53 72 -60 -67 / 59 -53 67 74 / 55 60 67 74 / 59 -55 -67 -74 / 48 64 67 72 / 60 64 72 79 <END> 
<S> 48 60 67 -65 / 64 72 -48 -67 / 55 59 67 74 / 69 -55 -59 -74 / 57 62 71 77 / 59 62 74 -77 / 60 64 67 76 / 65 72 -60 -76 / 55 67 71 74 / 62 67 71 -74 / 65 -55 -71 -74 / 57 64 69 72 / 52 -64 -69 -72 <END> 
<S> 60 67 76 / 59 -60 -67 -76 / 57 60 65 77 / 55 67 76 -60 / 53 60 69 74 / 55 59 67 -74 / 72 -55 -59 -67 / 65 74 -55 -59 / 48 60 64 67 / 0 -60 -64 <END> 
<S> 52 60 67 72 / 50 65 -60 -72 / 52 55 67 70 / 53 60 65 69 / 59 -50 -65 -69 / 52 60 64 67 / 50 57 -64 -67 / 52 55 62 71 / 50 55 59 67 <END> 
<S> 50 57 65 -64 / 62 -50 -57 -65 / 60 -50 -57 -65 / 55 59 62 -65 / 59 62 -55 -65 / 53 57 60 62 / 57 -53 -57 -62 / 55 59 62 / 43 53 -59 -62 / 48 52 55 60 / 50 53 62 69 / 51 -50 -62 -69 <END> 
<S> 57 60 65 / 50 -57 -60 -65 / 55 59 62 / 43 53 -59 -62 / 48 52 55 60 / 48 52 60 / 53 59 62 -48 / 51 55 60 -48 / 50 59 62 67 / 52 55 60 69 / 53 -55 -60 -69 / 55 60 67 / 41 53 -60 -67 <END> 
<S> 48 55 60 64 / 46 -55 -60 -64 / 44 53 60 65 / 43 55 59 62 / 53 -43 -59 -62 / 48 51 60 / 55 63 / 52 55 -63 / 53 56 62 67 / 58 -53 -62 -67 / 51 60 67 -62 / 53 60 65 68 / 51 63 67 <END> 
<S> 50 55 62 65 / 59 -50 -55 -65 / 51 55 60 / 50 59 -55 -60 / 48 55 60 64 / 47 55 62 / 51 55 60 63 / 50 -55 -60 -63 / 48 55 60 63 / 50 -55 -60 -63 / 48 55 63 / -63 -48 -55 -63 / 41 60 62 65 / 43 58 63 -62 / 44 -55 -58 -63 <END> 
<S> 48 55 60 63 / 50 -55 -60 -63 / 51 55 60 63 / 50 -55 -60 -63 / 48 55 60 63 / 50 -55 -60 -63 / 55 59 62 / 53 -55 -59 -62 / 48 55 60 63 / 51 -48 -60 -63 / 41 56 60 63 / 43 -56 -60 -63 / 44 56 60 65 / 43 -56 -60 -65 / 41 53 60 68 / 63 -41 -60 -68 <END> 
<S> 48 51 55 60 / 53 62 -48 -55 / 55 60 63 -48 / 46 -55 -60 -63 / 44 48 60 65 / 43 -48 -60 -65 / 41 56 -48 -60 / 46 53 58 62 / 41 -53 -62 -68 / 39 55 58 67 / 63 -39 -55 -67 / 41 60 -55 -67 / 43 55 59 62 / 53 -43 -59 -62 <END> 
<S> 46 53 58 62 / 55 -46 -58 -62 / 56 -46 -58 -62 / 39 55 58 63 / 43 55 59 62 / 44 60 -55 -62 / 47 55 62 67 / 48 55 63 69 / 50 65 -55 -69 / 51 60 67 / 53 62 -60 -67 / 59 60 -55 -67 / 43 60 65 -60 / 59 62 -43 -65 / 63 -43 -59 -62 / 44 60 60 63 / 43 -44 -60 -63 <END> 
<S> 47 62 67 -46 / 48 -62 -67 -67 / 50 55 67 71 / 48 -55 -67 -71 / 50 62 66 69 / 60 -50 -66 -69 / 43 58 62 67 / 48 55 63 69 / 46 53 65 70 / 51 58 67 / 53 -51 -58 -67 / 51 60 67 -51 / 53 -51 -60 -67 / 52 55 60 67 / 62 65 -55 -55 / 48 60 63 67 <END> 
<S> 44 51 72 -63 / 50 62 65 -72 / 51 58 67 / 53 60 69 -51 / 55 -60 -63 -69 / 53 62 65 71 / 51 60 -65 -70 / 50 62 65 70 / 60 63 69 -50 / 53 62 71 / 55 60 67 72 / 48 63 67 72 / 48 63 72 79 <END> 
<S> 53 60 69 74 / 55 -60 -68 -74 / 56 60 68 74 / 55 -60 -68 -74 / 72 -60 -60 -68 / 55 59 67 74 / 60 68 -55 -74 / 58 60 67 75 / 56 65 72 -75 / 55 67 72 75 / 53 -67 -72 -75 / 55 67 71 74 / 65 -55 -71 -74 / 60 63 67 72 / 58 62 -67 -72 / 57 60 65 72 / 55 62 67 70 <END> 
<S> 56 65 72 77 / 53 68 -72 -77 / 55 62 70 79 / 63 -55 -70 -79 / 53 65 70 77 / 48 72 75 79 / 53 72 80 -75 / 74 -53 59 -81 / 67 75 -62 / 58 62 -67 -79 / 56 60 72 77 / 55 70 -60 -77 <END> 
<S> 53 60 68 77 / 75 -53 -60 -68 / 55 59 67 74 / 55 59 74 / 65 -55 -59 -74 / 48 55 63 72 / 50 55 63 70 / 48 -55 -63 -70 / 56 60 68 72 / 55 70 -60 -68 / 53 60 68 68 / 55 59 67 -53 / 56 60 65 -68 / 44 51 -60 -65 <END> 
<S> 48 55 63 72 / 56 65 -48 -63 / 47 55 63 67 / 65 74 -43 -59 / 48 55 63 72 / 56 65 68 72 / 60 67 -56 / 55 62 67 70 / 53 68 -62 -70 / 65 -53 -58 -70 / 48 60 64 70 / <END> 
<S> 56 60 65 72 / 55 67 -60 -72 / 53 65 68 72 / 51 -65 -68 -72 / 50 67 68 74 / 55 -67 -74 / 67 72 -55 / 58 -67 -72 / 56 68 -72 -77 / 58 65 74 -77 / 67 75 -58 -65 / 56 65 -68 -75 <END> 
<S> 51 67 70 75 / 63 -67 -75 / 65 70 77 -51 / 53 -65 -70 -77 / 51 63 70 79 / 55 82 -63 -79 / 53 62 70 77 / 68 -53 -62 -77 / 51 67 79 -62 / 53 69 74 -60 / 55 67 71 74 / 65 -55 -71 -74 <END> 
<S> 56 60 65 77 / 53 75 -60 -65 / 58 62 70 77 / 68 -58 -62 -77 / 51 63 67 79 / 53 65 69 72 / 63 67 70 79 / 62 65 72 60 / 59 -65 -68 -77 / 60 63 72 79 / 62 65 71 -79 <END> 
<S> 58 63 68 74 / 62 65 -58 -74 / 60 63 67 75 / 65 68 72 -75 / 55 67 71 74 / 55 67 71 75 / 56 72 -67 -75 / 58 68 74 -56 / 67 75 -58 53 / 56 65 68 77 / 67 -56 -65 -77 / 55 63 67 75 / 53 68 74 77 / 55 67 72 75 / 55 67 71 74 <END> 
<S> 56 68 72 77 / 55 -67 -72 -77 / 53 67 70 74 / 51 -67 -74 / 50 65 70 77 / 51 63 70 79 / 53 65 68 -79 / 55 63 79 79 / 56 60 -79 -79 / 58 62 74 77 / 75 -58 -62 -74 / 56 72 77 / 68 -56 -72 -77 / 55 63 70 79 / 62 -55 -70 -79 <END> 
<S> 56 60 72 77 / 53 68 -60 -77 / 58 62 70 -77 / 68 -58 -62 -77 / 51 63 67 75 / 0 / 55 63 70 79 / 60 63 68 77 / 59 62 67 77 / 60 75 -67 -77 <END> 
<S> 51 63 67 72 / 60 63 69 -51 / 53 65 68 74 / 63 72 -53 -68 / 55 62 67 71 / 55 59 62 67 / 53 -59 -62 -67 / 51 60 67 72 / 70 -51 -60 -67 / 53 60 68 -67 / 65 -53 -60 -68 / 48 60 64 67 <END> 
<S> 55 62 67 71 / 53 -62 -67 -71 / 51 60 67 72 / 48 -60 -67 -72 / 53 60 67 74 / 59 -53 -67 -74 / 54 57 62 74 / 72 -54 -57 -62 / 55 63 69 72 / 54 62 -69 -72 / 55 59 67 74 / 60 67 68 / 58 62 67 / 57 63 -58 -67 <END> 
<S> 54 62 69 72 / 55 62 67 71 / 48 63 67 72 / 60 63 67 72 / 58 62 70 77 / 56 -62 -70 -77 / 55 63 70 79 / 53 -63 -70 -79 / 51 63 70 79 / 55 -63 -70 -79 / 56 63 72 77 / 53 -63 -72 -77 <END> 
<S> 55 63 70 75 / 53 68 -63 -75 / 51 63 70 79 / 50 -63 -70 -79 / 77 -50 -62 -67 / 48 67 72 -62 / 60 69 -55 -75 / 55 67 71 74 / 60 67 72 75 / 65 74 -72 / 63 67 72 / 58 65 74 / 57 60 65 -74 <END> 
<S> 60 67 72 75 / 62 65 74 -72 / 63 70 79 / 62 65 -70 -79 / 63 67 72 79 / 59 62 74 79 / 60 67 75 / 62 74 -67 / 63 72 79 / 62 71 77 <END> 
<S> 63 72 79 / 62 71 74 -79 / 60 67 72 75 / 69 -60 -72 -75 / 58 65 70 74 / 56 65 72 / 74 -56 -65 -72 / 60 67 75 / 58 62 74 77 / 56 63 72 75 <END> 
<S> 56 67 72 77 / 58 -67 -72 -77 / 57 65 72 -77 / 53 75 -72 -72 / 58 65 -72 74 / 56 -65 -72 -74 / 55 58 70 74 / 53 68 -58 -74 / 51 63 67 72 / 55 -51 -67 -72 / 65 69 -55 -72 / 63 67 70 / 62 65 -67 -70 <END> 
<S> 55 62 70 75 / 63 -55 -70 -75 / 56 65 72 75 / 53 -56 -65 -75 / 51 63 72 79 / 53 -63 -72 -79 / 55 63 70 79 / 62 77 -70 / 60 63 72 75 / 58 62 70 -75 / 56 60 72 77 / 55 62 71 79 <END> 
<S> 58 63 65 74 / 67 -58 -74 -74 / 68 -58 -74 -77 / 60 67 75 -74 / 58 72 -67 -75 / 53 69 72 77 / 55 67 71 79 / 56 -67 -71 -79 / 48 72 -67 -75 / 53 68 74 -72 / 55 70 75 -74 / 56 72 68 / 58 65 74 -68 <END> 
<S> 60 67 75 / 55 62 -67 -75 / 56 60 72 77 / 55 70 75 -60 / 53 68 74 -60 / 55 67 75 -60 / 56 59 65 74 / 74 -56 -59 -74 / 51 55 67 72 / 48 63 68 -72 / 50 65 -68 -72 <END> 
<S> 53 60 69 74 / 50 -60 -69 -74 / 55 59 67 -74 / 65 -55 -59 -74 / 48 60 63 72 / 46 -60 -63 -72 / 44 56 72 77 / 68 -56 -72 -77 / 52 67 72 79 / 53 68 77 -72 / 47 65 74 -77 / 48 67 72 75 <END> 
<S> 53 69 77 -63 / 58 62 70 77 / 56 -62 -70 -77 / 55 63 70 79 / 53 65 -70 -79 / 51 67 79 -70 / 53 68 81 -67 / 55 65 74 50 / 60 -55 -74 / 47 59 67 75 / 48 60 67 75 / 48 60 64 70 <END> 
<S> 53 60 68 77 / 53 -60 -68 -77 / 55 60 67 75 / 43 -55 -60 -75 / 59 72 -55 -60 / 44 53 -59 -74 / 48 51 55 72 / 48 52 55 67 / 60 -51 -51 -67 / 48 60 63 67 / 44 63 72 -63 / 41 62 65 -72 / 39 58 67 74 / 51 63 67 70 / 50 65 -67 -70 <END> 
<S> 48 55 60 63 / 46 -55 -60 -63 / 44 56 60 63 / 43 -56 -60 -63 / 44 56 60 65 / 41 -56 -60 -65 / 46 53 62 65 / 44 -53 -62 -65 / 39 55 63 70 / 62 -55 -63 -70 / 56 60 63 72 / 62 65 -56 -72 / 55 63 67 72 / 53 68 -67 -72 / 55 65 74 -72 / 64 -55 -72 -74 <END> 
<S> 51 58 63 67 / 50 65 -58 -67 / 48 63 67 / 46 62 -67 -67 / 44 60 67 72 / 62 -44 -67 -72 / 43 60 63 70 / 53 61 -63 -70 / 52 55 65 67 / 61 -51 -67 -70 / 53 60 65 68 / 58 -53 -65 -68 / 48 -53 -65 -68 / 46 58 61 67 / 41 53 68 -58 / 55 -41 -58 -63 / 42 57 60 -58 / 43 62 70 / 55 -43 -70 -70 / 53 -43 -67 -70 / 48 67 72 -53 -67 / 48 52 -67 -72 / 50 65 71 74 / 51 67 -65 -71 / 62 65 -51 -71 <END> 
<S> 48 55 63 72 / 50 53 65 70 / 51 58 67 / 53 58 63 -67 / 45 60 65 -63 / 46 58 62 65 / 45 58 65 -46 / 63 -45 -53 -65 / 46 62 65 -46 / 50 -46 -62 -65 / 39 55 58 63 / 51 55 58 / 50 55 58 / 48 55 60 -55 / 50 53 58 65 / 51 58 67 -50 / 50 53 57 65 / 55 58 62 67 <END> 
<S> 51 58 65 / 50 -58 -65 / 63 -50 -58 -65 / 56 59 62 65 / 60 -56 -65 / 55 59 62 67 / 53 57 62 70 / 50 58 62 65 / 51 58 63 67 / 50 65 -58 -67 / 48 67 63 -58 / 44 60 -63 -67 / 56 60 63 65 / 41 -60 -63 -65 <END> 
<S> 51 58 63 67 / 50 -58 -63 -67 / 48 60 63 69 / 51 -60 -63 -69 / 50 62 65 70 / 51 -62 -65 -70 / 53 59 65 68 / 50 62 -65 -68 / 51 58 63 67 / 62 -51 -58 -67 / 56 60 63 / 55 -56 -60 -63 / 55 62 65 / 53 -55 -59 -62 / 51 55 60 / 53 59 -55 -60 <END> 
<S> 51 63 67 72 / 53 -63 -67 -72 / 55 62 67 71 / 56 60 65 72 / 53 -60 -65 -72 / 55 60 67 75 / 53 -60 -67 -75 / 55 59 74 / 50 -59 -74 <END> 
<S> 55 58 70 75 / 53 68 -58 -75 / 51 67 70 79 / 63 -67 -70 -79 / 56 63 72 77 / 58 -63 -72 -77 / 60 67 75 -56 / 55 -60 -75 -75 / 56 60 74 77 / 55 75 -60 -77 / 56 65 74 -60 / 59 -56 -65 -74 / 60 64 67 72 / 53 -60 -67 -72 <END> 
<S> 56 60 67 75 / 55 -60 -67 -75 / 53 68 74 -60 / 55 59 67 -74 / 56 60 65 -74 / 72 -56 -60 -65 / 55 62 67 70 / 50 62 65 70 / 51 60 67 -65 / 58 62 -51 -67 / 57 60 65 -51 / 50 58 65 / 51 55 67 -58 / 53 60 68 -55 / 55 59 62 -53 / 52 55 60 67 <END> 
<S> 55 62 67 70 / 56 60 65 68 / 58 -60 -65 -68 / 60 67 -65 / 64 -60 -67 / 58 65 68 / 62 65 67 / 60 64 67 / 59 60 67 / 58 60 67 75 / 56 60 65 77 / 55 75 -60 -65 <END> 
<S> 60 63 67 72 / 58 62 -67 -72 / 56 60 65 72 / 55 67 -60 -72 / 53 60 68 77 / 62 -53 -68 -77 / 60 63 67 75 / 65 69 74 -60 / 55 67 71 74 / 62 72 -55 -74 / 67 -55 -72 -74 / 65 71 -55 -74 <END> 
<S> 57 60 65 77 / 55 59 67 -77 / 60 68 74 75 / 43 59 67 74 / 0 / 48 67 75 79 / 51 -67 -75 -79 / 56 72 -67 -75 / 71 -56 -67 -72 / 65 68 72 -56 <END> 
<S> 48 63 67 75 / 62 -48 -67 -75 / 50 60 65 74 / 59 -50 -65 -74 / 51 63 67 72 / 56 62 65 -72 / 60 -56 -65 -72 / 55 59 67 74 / 60 63 67 / 65 68 -60 <END> 
<S> 63 68 72 / 60 -64 -68 -72 / 55 61 67 70 / 53 68 -61 -70 / 51 67 72 -58 / 56 -51 -67 -72 / 50 58 65 70 / 51 58 63 67 / 53 68 -58 -63 / 55 58 70 -63 / 56 63 68 72 / 58 62 74 / 67 -56 -58 <END> 
<S> 50 65 70 77 / 51 63 -70 -77 / 53 62 70 77 / 68 -53 -62 -77 / 55 62 71 79 / 60 63 72 79 / 58 74 79 / 56 60 72 / 65 -56 -72 / 55 67 72 75 / 60 -67 -72 -75 / 58 74 -67 -72 / 56 65 -68 -72 <END> 
<S> 60 63 68 77 / 62 -60 -68 -77 / 60 63 67 75 / 58 -67 -63 -75 / 56 65 72 77 / 53 -56 -65 -77 / 55 58 70 77 / 56 60 -70 -77 / 58 62 68 77 / 75 -62 -65 -68 / 63 67 70 75 / 66 69 -63 -75 / 58 67 70 -75 / 56 -67 -70 -75 <END> 
<S> 55 58 70 75 / 53 60 68 77 / 62 -53 -68 -77 / 51 63 67 79 / 62 71 77 / 60 63 72 79 / 58 -63 -72 -79 / 56 63 72 77 / 58 -63 -72 -77 / 60 67 75 -77 / 69 -60 -75 -79 / 58 70 77 68 / 75 -58 -70 -77 <END> 
<S> 53 63 72 80 / 55 70 79 -80 / 56 63 72 79 / 60 -56 -72 -79 / 58 62 74 77 / 56 60 72 77 / 55 70 -60 -77 / 53 60 68 77 / 74 -53 -68 -77 / 55 63 70 75 / 56 65 74 77 / 63 67 75 79 / 68 77 -63 -75 <END> 
<S> 53 60 68 77 / 51 67 70 75 / 55 67 70 75 / 53 -67 -70 -75 / 51 65 70 77 / 53 -65 -70 -77 / 51 63 70 79 / 72 -51 -63 -79 / 50 65 77 -72 / 71 -50 -65 -77 / 48 67 72 75 / 53 68 74 77 <END> 
<S> 53 68 72 74 / 50 58 -68 -74 / 55 67 70 -74 / 65 -55 -70 -74 / 48 63 67 72 / 50 65 70 77 / 51 -65 -70 -77 / 50 65 77 -70 / 67 71 -50 -77 / 56 68 72 / 62 74 -56 -72 <END> 
<S> 58 63 70 74 / 56 60 -70 -74 / 55 58 70 75 / 53 74 -58 -70 / 51 63 72 -58 / 48 -63 -72 / 63 -51 -72 -70 / 41 68 72 -63 / 62 65 -68 -72 / 60 63 67 46 / 62 -60 -67 -75 / 53 60 65 75 / 51 -60 -65 -75 / 53 60 70 77 / 62 -53 -70 -77 / 60 63 67 79 / 58 62 -67 -79 <END> 
<S> 44 60 65 / 59 -44 -60 -65 / 48 60 64 67 / 58 -48 -60 -63 / 49 56 65 / 53 58 65 -46 / 45 60 65 -65 / 46 58 62 65 / 56 -46 -62 -65 / 39 55 58 63 / 51 55 58 67 <END> 
<S> 46 58 65 -63 / 53 62 -46 -65 / 63 -46 -53 -65 / 39 55 60 63 / 58 62 -55 -63 / 56 60 -55 -64 / 55 59 62 / 53 -55 -59 -62 / 51 55 60 63 / 53 -55 -60 -63 / 55 59 62 / 56 60 -55 -62 / 62 -56 -56 -60 <END> 
<S> 51 55 60 63 / 53 56 62 -60 / 59 -53 -56 -62 / 55 60 62 -53 / 53 -43 -60 -62 / 55 59 62 / 56 60 -55 -59 / 62 55 60 -55 / 53 56 62 -60 / 59 -53 -56 -62 / 55 62 -53 -62 / 43 55 60 -55 / 53 -43 -55 -60 / 42 51 55 -60 / 53 59 -43 -60 <END> 
<S> 55 59 62 -48 / 53 55 60 62 / 59 -53 -55 -62 / 43 55 60 62 / 53 -43 -60 -62 / 59 -53 -53 -62 / 51 60 -53 -60 / 41 50 59 -60 / 51 55 60 / 47 55 59 67 / 48 55 60 63 / 53 59 62 67 / 51 60 -53 -67 <END> 
