<S> 60 63 67 72 / 59 62 67 74 / 60 67 75 / 55 59 67 74 / 65 -55 -59 -74 / 56 60 63 72 / 53 65 68 74 / 63 -53 -68 -74 / 55 62 67 71 <END> 
<S> 56 60 63 72 / 53 65 68 74 / 63 -53 -68 -74 / 55 62 67 71 / 43 59 67 79 / 60 -43 -67 -79 / 48 62 67 79 / 50 -62 -67 -79 / 48 62 67 77 / 47 -62 -67 -77 <END> 
<S> 48 60 67 75 / 55 63 67 74 / 55 59 67 74 / 0 / 53 62 70 77 / 51 65 70 75 / 51 63 70 79 / 55 70 -51 50 <END> 
<S> 55 63 70 75 / 56 -63 -70 -75 / 58 62 65 -70 / 63 -58 -65 -70 / 56 65 68 72 / 55 74 -65 -68 / 53 60 67 75 / 52 -60 -67 -75 / 50 53 65 70 77 / 75 -53 -65 -72 / 55 67 74 -72 / 71 -55 -67 -74 / 65 -55 -71 -74 <END> 
<S> 53 60 65 68 / 63 -53 -60 -68 / 55 59 62 67 / 55 59 62 67 / 63 -55 -62 -67 / 48 62 67 69 / 50 -62 -67 -69 / 51 60 67 72 / 50 62 -67 -72 / 48 63 67 70 / 53 -63 -70 / 51 55 63 70 / 53 56 -63 -70 / 51 55 63 70 / 50 -55 -63 -70 <END> 
<S> 48 67 72 -58 / 50 65 -67 -72 / 51 63 67 / 62 65 -51 -67 / 60 63 67 75 / 58 62 -67 -75 / 56 60 72 75 / 55 70 -60 -75 / 53 60 68 74 / 55 59 67 -74 / 56 60 67 72 / 65 -56 -60 -72 / 50 62 65 71 / 53 62 -62 -71 / 51 60 63 67 / 48 -60 -63 -67 <END> 
<S> 60 67 75 / 58 -60 -67 -75 / 56 60 72 77 / 55 70 75 -60 / 53 65 68 74 / 72 75 -53 -65 / 55 62 67 71 / 43 59 62 67 / 0 / 48 60 67 75 / 50 -60 -67 -75 / 51 60 67 75 / 53 -60 -67 -75 <END> 
<S> 47 62 67 71 / 48 60 67 75 / 55 59 67 74 / 53 -59 -67 -74 / 51 60 67 72 / 58 65 74 / 56 60 65 72 / 67 -56 -60 / 51 60 67 72 / 53 68 -60 -72 / 62 -53 -68 -72 / 55 63 67 71 / 65 -55 -71 -71 <END> 
<S> 56 60 65 72 / 55 -60 -72 / 53 72 -60 -72 / 55 62 67 -72 / 54 62 69 -72 / 55 62 67 71 / 55 62 67 71 / 60 67 -67 -71 / 62 67 71 -65 / 63 -62 -67 -70 / 62 65 69 77 / 71 -62 -65 -77 / 60 63 72 79 / 58 62 74 77 / 68 -58 -62 -77 <END> 
<S> 43 62 67 70 / 62 66 69 -48 / 60 63 67 70 / 53 60 65 68 / 51 59 67 / 50 65 -67 -72 / 51 67 72 / 53 -67 -72 -75 / 55 67 71 74 / 51 60 67 79 / 62 -51 -67 -79 / 48 63 67 79 / 50 65 -67 -79 <END> 
<S> 51 63 72 -67 / 53 68 -63 -72 / 55 62 67 71 / 51 60 67 72 / 50 62 -67 -72 / 48 63 67 72 / 53 -63 -67 -72 / 55 62 67 71 / 69 -55 -62 / 43 62 67 71 / 53 59 62 67 <END> 
<S> 50 63 67 70 / 62 66 69 -50 / 60 -66 -69 / 59 62 67 / 60 -51 -67 / 47 62 65 67 / 48 63 67 / 44 65 68 74 / 51 67 72 / 55 67 70 -72 / 53 -67 -70 / 51 -67 / -70 -67 48 60 63 68 / 53 -60 -63 -67 <END> 
<S> 48 63 67 72 / 60 67 72 75 / 55 67 70 74 / 53 67 70 75 / 51 -67 -70 -75 / 50 65 70 77 / 68 -50 -65 -77 / 51 63 67 70 / 53 65 69 72 / 63 -53 -69 -72 <END> 
<S> 55 67 70 75 / 53 -67 -70 -75 / 51 65 70 77 / 50 -65 -70 -77 / 51 63 70 79 / 63 70 79 / 62 65 77 -70 / 60 75 -65 -70 / 58 62 70 77 / 56 -62 -70 -77 / 55 63 70 79 / 53 -63 -70 -79 <END> 
<S> 46 65 70 74 / 58 65 70 74 / 56 -65 -70 -74 / 55 67 70 75 / 53 68 77 -75 / 55 62 70 77 / 56 60 -70 -77 / 58 62 70 77 / 68 -58 -62 -77 / 60 63 67 75 / 65 -60 -75 -75 <END> 
<S> 56 60 77 -65 / 53 -56 -60 -77 / 55 62 70 79 / 53 -62 -70 -79 / 51 67 70 79 / 53 65 -70 -79 / 51 63 79 79 / 70 -51 -79 -79 / 56 72 75 77 / 58 75 -72 -77 / 60 67 72 75 / 58 67 74 -75 <END> 
<S> 53 60 68 77 / 74 -53 -68 -77 / 51 63 69 79 / 58 -51 -69 -76 / 70 -51 -58 -76 / 53 68 68 72 -48 / 46 61 -68 -72 / 44 60 65 72 / 58 74 -65 / 56 67 68 77 / 67 -56 -65 -77 / 55 63 70 75 / 53 65 69 74 <END> 
<S> 51 58 65 67 / 63 -51 -58 -67 / 56 60 63 72 / 55 -60 -63 -72 / 53 62 68 72 / 67 -53 -62 -72 / 48 63 69 -72 / 62 -48 -69 -72 / 63 69 -48 -72 / 67 -48 -63 -72 / 50 66 69 74 / 59 -50 -69 -74 / 52 60 68 72 / 54 62 -69 -72 / 55 62 67 70 / 55 -62 -67 -70 / 57 60 66 -55 / 55 58 67 / 51 60 67 -67 <END> 
<S> 52 67 72 / 71 -52 -67 -72 / 54 57 69 74 / 55 62 67 71 / 62 66 69 / 62 -62 -66 -69 / 63 -62 -69 / 50 62 65 69 / 51 67 -62 -69 / 53 60 69 -67 / 55 62 67 70 / 63 -55 -67 -70 / 65 -55 -67 -70 / 48 64 67 72 / 60 67 72 -51 / 58 -67 -72 -75 <END> 
<S> 55 62 67 70 / 65 -55 -62 -70 / 56 60 63 72 / 55 -60 -63 -72 / 53 65 68 72 / / 63 67 74 / 62 65 -68 -74 / 63 67 75 / 59 65 -67 -75 / 60 67 75 75 / 53 -67 -72 -75 / 55 62 71 74 / 60 67 74 / <END> 
<S> 60 63 67 75 / 62 -60 -67 -75 / 56 60 65 77 / 72 -56 -60 -77 / 55 67 72 75 / 71 -55 -67 -75 / 51 58 70 75 / 63 -58 -70 -75 / 56 68 77 75 / 58 -68 -75 -77 / 60 67 72 75 / 58 -67 -72 -75 <END> 
<S> 58 63 70 77 / 62 -58 -70 -77 / 68 -58 -62 -77 / 51 58 67 75 / 55 58 70 75 / 51 70 -58 -75 / 46 58 65 74 / 67 -46 -58 -74 / 45 60 65 44 56 59 62 65 74 <END> 
<S> 51 58 67 75 / 48 60 67 75 / 55 59 67 74 / 65 -55 -59 -74 / 56 60 63 72 / 55 58 -63 -72 / 54 57 62 74 / 50 -57 -62 -74 / 55 58 64 -74 / 57 60 66 43 <END> 
<S> 55 59 67 74 / 55 58 62 74 / 53 -58 -62 -74 / 51 63 70 79 / 55 -63 -70 -79 / 53 62 70 77 / 60 75 -53 -70 / 58 62 69 77 / 56 60 71 77 / 55 62 71 79 / 53 -62 -71 -79 <END> 
<S> 55 63 70 75 / 53 65 68 -75 / 51 67 70 75 / 65 68 74 -75 / 63 67 70 75 / 65 68 72 -75 / 67 74 -65 -72 / 59 67 74 79 / 60 67 72 75 / 48 63 72 77 <END> 
<S> 68 72 -51 -65 / 50 65 68 -72 / 51 63 70 79 / 62 -63 -70 -79 / 60 63 79 -67 / 58 62 -67 -79 / 57 60 72 77 / 55 -60 -72 -77 / 57 65 72 -77 / 53 69 75 77 / 58 67 74 -72 / 65 71 -74 <END> 
<S> 56 60 72 77 / 55 75 -60 -72 / 53 59 74 -69 / 60 -53 -68 -74 / 50 58 65 74 / 56 62 65 74 / 55 58 62 67 / 53 60 68 -58 / 65 -53 -60 -68 / 52 63 67 72 / 74 -51 -67 -72 / 60 65 72 -72 / 67 -60 -72 <END> 
<S> 56 60 63 72 / 55 -60 -63 -72 / 53 65 68 72 / 63 74 -53 -68 / 59 68 75 -53 / 52 60 -68 -75 / 58 61 65 74 / 56 59 72 76 / 55 71 77 -60 / 53 60 68 74 / 51 -60 -68 -74 / 47 62 67 74 / 65 -47 -62 -74 / 48 55 63 72 / 43 59 62 67 <END> 
<S> 53 60 69 75 / 53 60 65 74 / 59 -53 -65 -74 / 54 60 63 72 / 62 74 -54 -60 / 55 59 62 67 / 48 55 63 72 / 50 65 -55 -72 / 51 60 67 -72 / 53 65 69 72 / 63 -53 -69 -72 / 46 62 65 70 / 48 63 69 75 <END> 
<S> 48 64 72 -58 / 57 -48 -63 -72 / 50 55 63 -72 / 54 62 -50 -72 / 46 55 62 67 / 51 55 60 69 / 48 60 63 67 / 58 -48 -64 -67 / 53 56 65 / 55 58 67 / 53 56 60 68 / 62 -53 -56 -68 / 55 58 63 67 / 56 60 65 68 <END> 
<S> 44 56 60 72 / 63 -44 -56 -72 / 46 53 65 70 / 48 60 63 69 / 53 60 65 68 / 58 62 65 -68 / 56 60 65 -68 / 62 -56 -65 -70 / 55 63 67 70 / 62 65 -55 -70 / 60 63 67 72 / 58 62 -67 -72 / 54 63 69 72 / 55 62 67 70 <END> 
<S> 58 63 65 / 62 -58 -63 / 56 60 63 / 55 58 62 65 / 56 60 63 72 / 55 58 63 70 / 53 56 68 72 / 51 55 67 72 / 50 65 -67 -72 / 48 60 67 75 / 53 65 68 74 / 55 59 67 74 / 65 -55 -59 -74 <END> 
<S> 56 60 63 72 / 55 -60 -63 -72 / 53 65 68 72 / 55 67 70 75 / 56 65 68 72 / 58 74 -68 -68 / 60 67 75 / 72 -60 -67 -75 / 55 67 74 -60 / 59 -55 -67 -74 / 48 63 67 72 / 60 67 72 75 <END> 
<S> 59 67 74 / 60 68 -67 -74 / 55 62 67 71 / 53 -62 -67 -71 / 51 63 67 72 / 53 69 -63 -72 / 55 62 71 74 / 48 60 67 76 / 50 59 65 74 / 52 60 67 75 / 53 60 69 77 / 55 -60 -69 -77 / 56 60 67 76 / 58 65 68 74 / 56 65 -65 72 <END> 
<S> 55 67 71 74 / 56 65 71 74 / 63 67 72 / 59 62 67 79 / 60 67 75 / 58 62 -67 -75 / 56 63 72 77 / 55 -63 -72 -77 / 53 62 70 79 / 51 63 -70 -79 / 50 65 70 82 / 46 62 -70 -77 <END> 
<S> 60 63 72 75 / 62 65 -72 -75 / 63 70 79 -65 / 53 -63 -70 -79 / 51 63 70 79 / 55 82 -63 -79 / 56 45 72 77 / 58 75 -72 -77 / 57 67 72 75 / 58 65 74 <END> 
<S> 56 72 77 / 53 68 -72 -77 / 55 67 72 75 / 43 71 -55 -75 / 53 60 62 74 / 64 -53 -60 -74 / 65 71 -60 -74 / 72 -60 -65 -71 / 59 74 -65 -72 / 64 71 -69 -74 / 60 67 72 75 / 58 -67 -72 -75 / 56 60 72 77 / 55 70 75 -60 <END> 
<S> 60 64 67 72 / 62 65 -60 -72 / 75 -60 -65 -72 / 74 -60 -65 / 58 67 70 75 / 65 68 -58 -74 / 63 67 70 75 / 65 69 -67 -75 / 63 67 70 74 / 62 65 -70 -74 / 72 63 72 -55 / 55 74 -63 -72 / 67 75 -55 -72 / 53 68 77 -72 / 55 67 71 -74 / 56 65 72 / 60 74 -56 -72 <END> 
<S> 56 63 72 / 55 65 -72 -75 / 67 74 -55 -72 / 53 68 72 75 / 55 -68 -72 / / 56 60 72 77 / 58 62 70 -77 / 68 -58 -62 -77 / 60 63 67 75 / 55 59 67 75 / 0 / 56 60 67 77 <END> 
<S> 56 63 68 72 / 74 -56 -63 -68 / 51 58 67 75 / 53 65 70 74 / 51 63 67 70 / 62 66 69 -51 / 50 -62 -65 -69 / 51 60 67 70 / 53 60 65 -70 / 56 59 65 67 <END> 
<S> 62 65 69 70 / 55 62 67 71 / 53 -62 -67 -71 / 51 63 72 -67 / 69 -51 -63 -72 / 50 65 71 74 / 48 67 72 75 / 50 65 72 77 / 68 -50 -65 -77 / 51 67 75 79 / 53 -67 -75 -79 / 55 67 74 79 / 59 -67 -74 -79 <END> 
<S> 48 67 72 75 / 50 -67 -72 -75 / 51 67 72 75 / 53 -67 -72 -75 / 55 67 74 -72 / 70 -55 -67 -74 / 51 67 70 75 / 53 65 68 72 / 74 -53 -65 -68 / 48 67 75 / 72 -48 -67 -75 / 55 67 74 -72 / 71 -55 -67 -74 <END> 
<S> 56 65 72 / 55 -65 -72 -72 / 53 67 72 74 / 55 71 -67 -74 / 65 -55 -71 -74 / 56 63 72 / 70 -56 -63 -72 / 56 65 68 72 / 74 -56 -65 -68 / 60 67 75 / 58 -60 -67 -75 / 56 60 65 77 / 55 75 -60 -65 / 53 58 70 74 <END> 
<S> 56 60 65 75 / 55 -60 -65 -75 / 53 60 68 74 / 55 59 67 -74 / 65 -55 -67 -74 / 48 63 67 72 / 50 58 70 77 / 51 58 -70 -77 / 53 -58 -70 -77 / 55 58 70 77 / 56 72 -58 -70 <END> 
<S> 51 58 67 75 / 53 68 -58 -75 / 55 62 70 77 / 63 67 -55 -77 / 62 65 74 -48 / 60 63 75 -65 / 58 62 77 -75 / 56 72 77 -51 / 55 75 70 77 <END> 
<S> 44 60 65 72 / 63 -60 -72 / 67 -48 -60 -72 / 53 65 68 74 / 63 67 70 -53 / 62 65 -67 -70 / 60 63 67 72 / 58 62 74 -67 / 60 67 72 75 / 58 -67 -72 -75 / 56 65 72 77 / 55 70 -72 -77 <END> 
<S> 60 63 67 72 / 58 62 -67 -72 / 56 60 65 77 / 67 -56 -60 -77 / 55 62 67 77 / 53 -62 -67 -77 / 51 67 75 -62 / 50 -62 -67 -75 / 51 60 67 75 / 53 -60 -67 -75 / 55 60 67 74 / 72 -55 -60 -67 / 43 59 67 74 / 65 -43 -59 -74 <END> 
<S> 56 60 65 / 55 59 67 / 55 60 67 74 / 53 59 67 74 / 51 60 67 72 / 65 -52 -60 -72 / 56 60 65 72 / 58 62 74 -56 / 53 57 72 75 / 55 58 -72 -75 / 56 60 72 77 / 58 62 70 -77 / 68 -58 -62 -77 / 60 63 67 75 / 58 62 -67 -75 / 56 60 65 77 / 55 67 70 75 <END> 
<S> 53 57 65 74 / 63 -53 -57 -74 / 59 62 68 74 / 55 60 67 75 / 43 58 68 74 / 67 -58 -74 / 65 -43 -67 -74 / 48 63 67 75 / 58 65 70 74 56 65 68 72 / 67 -56 -65 -72 / 55 63 67 72 / 62 -55 -67 -72 / 60 -55 -67 -72 / 53 62 67 71 / 50 65 -67 -71 <END> 
<S> 63 72 -67 / 55 65 74 -72 / 71 -55 -74 -77 / 55 62 72 75 / 57 60 -72 -75 / 58 65 74 / 56 59 -65 -74 / 48 60 67 75 / 72 -48 -67 -75 / 53 68 74 -72 / 50 71 -74 -68 / 55 67 72 75 / 58 -67 -72 -75 / 56 60 72 77 / 55 70 75 79 <END> 
<S> 48 63 67 75 / 51 67 72 -75 / 53 68 72 74 / 55 67 71 -74 / 65 -55 -71 -74 / 48 63 67 72 / 51 63 72 79 / 53 -63 -72 -79 / 55 62 71 79 / 60 63 67 -79 / 65 68 -51 -58 <END> 
<S> 48 63 68 72 / 50 65 70 -72 / 51 63 67 70 / 53 62 68 77 / 60 75 -53 -68 / 55 58 62 70 / 63 -55 -58 -70 / 65 -55 -58 -70 / 56 63 72 / 55 -63 -72 / 53 68 72 74 / 65 -53 -72 -74 / 55 62 71 74 / 67 -55 -71 -74 / 65 -55 -71 -74 <END> 
<S> 53 65 68 72 / 74 -53 -65 -68 / 60 67 76 / 58 -60 -67 -76 / 56 60 68 77 / 55 -60 -68 -77 / 53 60 68 79 / 55 -60 -68 -79 / 53 65 70 79 / 58 -65 -70 -79 / 57 60 72 77 / 59 62 -72 -77 / 60 67 72 75 / 65 -60 -72 -75 <END> 
<S> 55 60 72 75 / 53 -60 -72 -75 / 55 67 71 74 / 65 -55 -71 -74 / 48 63 67 72 / 53 65 69 75 / 51 63 70 79 / 50 65 77 -63 / 67 71 -50 -77 / 48 67 72 75 / 53 68 74 -72 <END> 
<S> 58 62 65 77 / 67 -58 -62 -77 / 60 68 77 / 61 67 70 / 55 62 67 70 / 53 60 68 77 / 51 -60 -68 -77 / 50 62 70 77 / 68 -50 -62 -77 / 51 63 67 79 / 53 69 74 / 55 58 67 -74 / 56 60 72 75 / 70 -60 -72 -75 <END> 
<S> 51 63 67 72 / 50 65 68 74 / 55 67 70 75 / 56 65 68 74 / 55 59 67 75 / 53 60 68 74 / 50 59 65 -74 / 48 67 72 -54 / 50 55 65 70 / 46 62 -55 -70 <END> 
<S> 55 67 70 75 / 53 -67 -70 -75 / 51 65 70 77 / 50 -65 -70 -77 / 51 63 70 79 / 72 -51 -63 -79 / 47 68 74 77 / 67 -47 -74 -77 / 48 67 72 75 / 66 -48 -72 -75 / 55 67 71 74 <END> 
<S> 58 74 77 / 56 75 -50 -74 / 55 67 71 74 / 51 67 72 79 / 70 -51 -67 -79 / 53 65 68 72 / 55 67 -65 -72 / 56 65 68 72 / 58 64 67 -72 / 62 65 74 56 / 59 -65 -74 -77 <END> 
<S> 51 67 70 75 / 53 -67 -70 -75 / 55 65 70 74 / 53 -65 -70 -74 / 51 63 70 79 / 63 72 -51 -79 / 50 65 77 -72 / 48 63 75 79 / 53 69 74 77 / 55 71 74 77 / 72 -55 -74 -77 / 55 62 74 79 / 71 -55 -67 -79 <END> 
<S> 58 65 74 77 / 56 65 72 75 / 55 74 -72 / 53 72 70 / 51 55 71 -72 / 56 65 72 / 55 67 -65 -72 / 53 65 68 -72 / 63 -53 -68 -72 / 55 65 68 71 / 53 63 68 72 / 74 -53 -65 -68 / 75 67 -53 -68 / 54 68 72 74 / 55 62 67 -74 / 43 59 62 67 <END> 
<S> 53 63 68 72 / 51 -63 -68 -72 / 50 65 70 -68 / 46 62 -65 -70 / 48 60 63 67 / 69 -48 -60 -63 / 50 58 65 70 / 69 -50 -58 -65 / 51 58 63 67 / 50 65 -58 -63 / 48 60 63 68 / 50 58 65 68 / 51 58 67 -65 / 63 -51 -58 -67 <END> 
<S> 51 70 -63 -67 / 50 62 65 -67 / 52 60 67 / 53 58 -60 -67 / 44 60 65 -58 / 43 55 58 64 / 42 57 62 -63 / 55 58 62 70 / 53 -55 -62 -70 / 48 55 60 63 / 50 56 65 -60 / 51 58 67 / 50 53 58 70 / 51 55 67 70 / 50 60 65 68 <END> 
<S> 55 58 62 70 / 46 -58 -62 -70 / 51 58 67 -62 / 60 -51 -51 -67 / 50 58 63 65 / 48 56 -63 -65 / 46 55 62 67 / 53 68 -46 -62 / 43 55 62 70 / 44 63 -55 -70 / 46 56 62 65 / 60 -44 -56 -65 / 53 61 62 / 55 64 -53 -62 / 53 -43 -62 -59 / 36 51 55 60 / 51 60 67 -51 / 50 -51 -60 -67 <END> 
<S> 44 56 60 65 / 55 59 67 / 60 60 67 -56 / 55 59 62 67 / 53 55 62 70 / 51 -55 -62 -70 / 50 54 62 69 / 55 60 -50 -69 / 46 -55 -60 -69 / 48 60 63 67 / 45 -60 -63 -67 / 46 62 65 / 70 -50 -65 / 46 62 65 -70 / 51 60 63 -65 / 59 62 -51 -65 / 57 60 63 -51 / 53 56 62 65 <END> 
<S> 50 53 62 70 / 60 -50 -53 -70 / 46 51 62 67 / 58 -46 -62 -67 / 39 55 60 63 / 51 55 58 -63 / 53 56 60 -63 / 62 -53 -56 -60 / 55 59 62 / 53 60 -55 / / 51 60 -60 / 43 50 59 -60 / 45 50 57 -60 / 50 -45 -50 -60 / 50 54 -45 -50 / 43 50 55 59 <END> 
<S> 53 55 60 63 / 53 -55 -60 -63 / 55 59 62 / 43 55 60 63 / 48 -55 -60 -63 / 55 60 63 / 55 59 62 -55 / 53 -55 -59 -62 / 48 55 60 63 / 50 53 65 -60 / 51 58 67 -53 / 50 -58 58 -67 / 51 56 60 67 / 53 -51 -60 -67 / 51 55 60 -60 / 56 59 -51 -55 / 50 55 58 / 56 48 60 65 / 47 62 -56 -65 / 48 55 60 63 / 53 -48 -55 -63 <END> 
