<S> 51 60 67 72 / 55 62 67 71 / 60 63 67 72 / 48 55 65 74 / 63 75 -48 -55 / 50 53 65 70 / 46 58 62 -70 / 68 -46 -58 -62 / 51 58 63 67 / 51 58 63 67 <END> 
<S> 51 58 63 67 / 51 55 63 -67 / 60 63 67 / 55 58 62 -67 / 56 60 65 / 53 55 62 65 / 59 63 -53 -65 / 62 65 -48 -60 / 47 60 63 67 / 41 60 65 68 / 43 59 67 -65 / 45 60 65 75 / 47 -60 -65 <END> 
<S> 56 60 63 65 / 55 58 -60 -65 / 42 57 60 65 / 53 62 -60 -65 / 55 60 63 67 / 53 -60 -64 -67 / 55 60 63 / 53 56 -60 -63 / 62 -53 -56 -60 / 55 59 62 / 50 -55 -59 -62 / 48 55 60 63 / 51 -48 -60 -63 <END> 
<S> 56 60 63 65 / 55 59 62 67 / 53 57 60 69 / 62 -53 -57 -69 / 63 -53 -57 -69 / 46 65 62 -53 / 48 60 63 / 46 61 67 -48 / 44 60 63 65 / 56 -44 -60 -65 / 46 53 58 62 / 63 -46 -53 -58 <END> 
<S> 44 60 63 65 / 46 61 -63 -65 / 48 55 63 63 / 44 62 -55 -63 / 56 60 63 72 / 65 -56 -60 -72 / 51 62 67 71 / 50 62 65 69 / 51 62 67 70 / 53 -62 -67 -70 / 55 60 67 72 / 53 -60 -67 -72 / 55 62 67 74 / 60 67 75 / 58 65 -67 -75 <END> 
<S> 51 63 67 72 / 50 -63 -67 -72 / 48 62 67 74 / 47 -62 -67 -74 / 48 60 67 75 / 55 -60 -67 -75 / 53 60 68 77 / 55 60 -68 -77 / 56 65 68 72 / 55 -65 -68 -72 / 60 65 -68 -72 / 64 -60 -68 -72 / 60 -60 -68 -72 <END> 
<S> 56 60 67 72 / 65 -56 -60 -72 / 55 60 63 72 / 53 74 -60 -67 / 55 60 67 75 / 53 -60 -67 -75 / 55 59 67 74 / 65 -55 -59 -74 / 48 60 63 72 / 48 63 72 79 / 50 65 77 -72 / 71 -50 -65 -77 <END> 
<S> 48 60 63 68 / 50 65 -60 -68 / 51 67 -60 -65 / 53 60 68 -67 / 62 -53 -60 -68 / 55 59 67 -53 / 52 60 67 -59 / 60 -51 -67 / 47 62 65 67 / 48 63 67 / 46 62 -67 -67 <END> 
<S> 44 60 63 72 / 46 62 -63 -72 / 39 63 67 -72 / 38 -63 -67 -72 / 44 68 72 -63 / 50 65 -68 -72 / 51 67 70 / 50 53 -67 -70 / 55 62 67 70 / 53 -62 -67 -70 / 51 60 67 72 / 55 -60 -67 -72 / 53 65 69 72 / 63 -53 -69 -72 / 54 62 69 74 / 72 -54 -62 -69 <END> 
<S> 52 60 67 72 / 53 -60 -67 -72 / 55 60 67 74 / 59 -55 -67 -74 / 60 67 75 / 58 -60 -67 -75 / 56 60 68 75 / 55 67 70 -75 / 53 68 72 77 / 53 -68 -72 -77 / 58 70 74 77 / 56 -68 -74 -77 <END> 
<S> 53 68 77 -63 / 55 62 67 -77 / 56 -62 -67 -77 / 58 61 67 77 / 55 62 65 -79 / 60 -55 -67 -79 / 47 62 67 77 / 47 -62 -67 -77 / 48 60 67 75 / 55 -60 -67 -75 / 56 60 68 75 / 55 -60 -68 -75 / 53 60 68 74 / 55 59 67 -74 / 56 60 65 72 / 63 -56 -60 -72 <END> 
<S> 60 67 75 / 58 -60 -67 -75 / 56 60 72 75 / 55 70 -60 -75 / 53 65 68 74 / 63 72 -53 -68 / 55 62 67 71 / 43 59 62 67 / 48 60 63 67 / 58 -60 -63 -67 / 56 60 63 68 / 62 65 -56 -60 / 55 60 63 67 <END> 
<S> 48 63 67 72 / 60 63 67 72 / 58 65 74 / 56 65 72 / 55 63 67 -72 / 68 -55 -63 -72 / 53 62 70 74 / 51 67 70 75 / 56 63 72 77 / 55 -63 -72 -77 <END> 
<S> 48 63 67 75 / 51 67 72 -75 / 53 68 74 -72 / 55 67 71 -74 / 65 -55 -71 -74 / 48 63 67 72 / 55 67 71 74 <END> 
<S> 53 68 72 74 / 50 -67 -72 -74 / 55 62 71 -74 / 67 72 -55 -71 / 65 -55 -71 -72 / 48 64 67 72 <END> 
<S> 50 60 67 77 / 48 -60 -67 -75 / 55 59 67 74 / 60 -55 -67 -74 / 65 -55 -60 -74 / 72 -55 -60 -65 / 59 62 67 -55 / 55 60 67 74 / 62 71 -55 -67 <END> 
<S> 43 62 67 71 / 55 59 62 67 / 53 -59 -62 -67 / 52 60 67 72 / 64 74 -60 -67 / 65 76 -60 -67 / 59 67 74 -53 / 52 72 -67 -74 / 50 65 72 -72 / 71 -50 -65 -72 / 52 67 72 / 60 67 -52 -72 <END> 
<S> 52 64 67 72 / 53 65 69 -72 / 55 62 67 71 / 64 -55 -67 -71 / 65 -55 -67 -71 / 48 64 67 72 / 55 62 67 71 / 52 55 67 71 / 50 54 -67 -71 / 55 62 67 72 / 53 -62 -67 -72 / 55 62 67 71 / 43 59 62 67 <END> 
<S> 52 64 67 72 / 54 62 69 -72 / 55 62 67 71 / 59 -55 -62 -67 / 57 60 64 72 / 55 -60 -64 -72 / 53 65 69 72 / 52 -65 -69 -72 / 53 64 69 72 / 62 74 -53 -69 / 47 76 -62 -69 / 49 65 69 77 / 64 -69 -69 -77 / 50 65 69 -77 / 67 71 -50 -77 <END> 
<S> 57 60 65 69 / 62 -57 -60 -69 / 55 59 67 74 / 62 65 -55 -74 / 64 60 64 72 / 66 -57 -64 -72 / 55 62 67 71 / 53 59 62 67 / 52 60 67 72 / 53 65 69 74 / 71 -53 -65 -74 / 48 67 72 76 / 50 -67 -72 -76 / 52 67 72 76 / 53 -67 -72 -76 <END> 
<S> 52 60 67 72 / 53 69 -60 -72 / 52 65 71 74 / 50 -65 -71 -74 / 48 67 72 76 / 60 -67 -72 -76 / 67 72 74 -60 / 59 -67 -72 -74 / 57 67 71 72 / 74 -57 -67 -72 / 56 65 71 74 / 55 64 -71 -74 / 57 64 72 -55 / 53 65 -64 -72 <END> 
<S> 60 67 76 / 59 -60 -67 -76 / 57 60 72 77 / 62 -57 -72 -77 / 52 64 71 79 / 62 -52 -79 -79 / 57 60 76 77 / 62 -57 -60 -77 / 75 -57 -60 -69 / 47 62 67 79 / 55 -47 -62 -79 / 52 60 64 -79 / 53 69 77 -60 / 67 -53 -60 -72 / 52 60 67 72 / 65 -52 -60 -67 <END> 
<S> 52 60 67 79 / 62 -52 -67 -79 / 48 64 72 79 / 50 -64 -72 -79 / 52 67 72 79 / 53 -67 -72 -79 / 55 67 71 74 / 53 -67 -71 -74 / 52 62 71 79 / 50 -62 -71 -79 / 52 55 72 79 / 71 -52 -55 -79 / 52 60 71 79 / 62 -52 -71 -79 <END> 
<S> 52 67 72 79 / 50 71 -67 -79 / 52 67 72 79 / 53 -67 -72 -79 / 55 67 71 74 / 66 76 -55 -71 / 52 60 69 77 / 59 68 74 -77 / 60 76 -68 / 56 59 71 76 / 57 64 71 74 / 52 64 69 71 <END> 
<S> 55 67 72 / 62 71 -55 -67 / 60 64 67 76 / 53 65 69 72 / 65 74 -53 -69 / 71 -53 -65 -74 / 52 72 -67 -71 / 69 -52 -67 -72 / 67 71 74 -55 / 69 73 -67 -74 / 50 65 71 74 / 69 -50 -66 -74 / 44 -50 -69 -74 / 43 50 59 -74 / 45 52 72 57 / 73 -52 -57 -72 <END> 
<S> 55 67 69 74 / 54 69 -74 -74 / 55 67 74 -74 / 72 -55 -67 -74 / 71 -55 -67 -74 / 65 -55 -71 -74 / 48 64 67 72 / 60 64 67 72 / 55 62 67 71 / 52 55 67 72 / 50 62 65 -72 / 48 64 67 -72 / 53 62 -67 -72 / 60 64 67 72 / 62 65 71 74 <END> 
<S> 52 64 67 72 / 54 62 69 -72 / 55 62 67 71 / 53 59 62 67 / 52 60 67 72 / 50 65 69 74 / 71 -50 -65 -74 / 48 67 72 76 / 50 59 -72 -76 / 52 60 67 76 / 53 74 -60 -67 / 55 59 67 74 / 56 64 71 76 <END> 
<S> 52 67 72 / 50 65 69 74 / 71 -50 -65 -74 / 48 67 72 76 / 50 77 -72 -76 / 52 67 72 79 / 53 -67 -72 -79 / 55 67 71 74 / 45 76 -67 -76 / 62 69 77 -76 / 62 -69 -77 -77 / 67 70 -62 -77 / 60 67 76 81 / 59 74 77 / 57 60 72 76 / 56 71 76 -76 <END> 
<S> 59 67 76 / 77 -59 -67 -72 / 79 -59 -67 -72 / 57 65 72 77 / 55 67 71 -77 / 53 67 72 76 / 52 -67 -72 -76 / 53 69 72 77 / 47 67 74 79 / 48 67 72 76 <END> 
<S> 50 65 69 77 / 71 -50 -65 -77 / 48 67 72 76 / 55 67 71 74 / 55 67 71 74 / 60 67 72 76 / 59 -67 -72 -76 / 57 69 72 77 / 59 67 74 79 / 77 -59 -67 -74 <END> 
<S> 67 72 -53 / 59 62 -67 -72 / 60 64 67 76 / 65 69 -60 -76 / 59 67 71 74 / 60 76 -67 -71 / 62 65 77 / 62 -62 -65 -77 / 48 64 67 76 / 60 66 69 -76 / 62 67 71 74 / 64 67 72 76 <END> 
<S> 59 62 67 79 / 60 64 69 -79 / 62 65 71 77 / 69 -62 -65 -77 / 67 71 74 / 63 65 -67 / 64 67 72 / 55 62 71 79 / 60 67 72 76 / 69 72 76 -60 / 55 67 71 -60 / 65 -55 -60 -74 / 48 64 67 72 / 53 65 71 74 <END> 
<S> 60 67 72 76 / 58 -67 -72 -76 / 56 62 71 77 / 76 -62 -62 -77 / 59 62 74 79 / 57 -62 -74 -79 / 59 62 71 79 / 55 -62 -71 -79 / 57 60 69 77 / 59 62 -69 -77 / 60 64 67 76 / 57 65 -60 -76 / 53 65 74 -60 / 59 62 67 74 <END> 
<S> 59 62 67 79 / 60 69 -67 -79 / 62 67 71 79 / 69 -62 -67 -79 / 62 67 71 79 / 66 -62 -71 -79 / 60 64 72 79 / 62 71 74 79 / 52 64 -71 -79 / 57 64 71 72 / 53 -64 -71 -72 / 55 62 69 -72 / 64 71 -53 -72 / 55 62 69 71 / 64 -62 -69 / 50 65 71 -69 / 60 64 67 -71 / 62 66 69 -60 / 59 62 67 71 <END> 
<S> 57 64 72 / 62 66 -72 / 60 67 76 / 67 -60 -76 / 53 69 -60 -76 / 55 74 -60 -69 / 72 59 -55 -74 / 55 59 67 74 / 60 64 67 / 44 -60 -64 -67 / 45 60 65 69 / 64 -60 -65 -69 / 62 65 71 74 / 64 67 72 <END> 
<S> 60 64 67 / 62 -60 -67 / 60 64 69 -55 / -60 -60 -64 -67 / 41 60 69 / 53 69 -60 -69 / 55 59 67 -53 / 52 60 -55 -67 / 53 69 -60 -64 / 59 62 -53 -69 / 54 60 69 / 62 74 -53 -69 / 50 59 67 76 / 57 60 77 -67 / 52 60 67 72 <END> 
<S> 53 60 69 / 57 -53 -60 -69 / 55 59 67 71 / 48 60 64 72 / 60 -48 -64 -72 / 55 59 67 74 / 65 -59 -67 -74 / 52 59 67 79 / 50 -59 -67 -79 / 48 62 72 79 / 71 -48 -62 -79 / 50 69 77 -64 / 62 71 -69 -77 / 60 64 67 76 / 65 -60 -76 -76 <END> 
<S> 59 67 74 / 57 72 -67 -74 / 59 62 74 79 / 55 -62 -71 -79 / 60 64 72 79 / 57 65 72 81 / 64 70 -57 -81 / 53 65 69 81 / 71 74 -53 -81 / 52 69 72 76 / 71 -69 -72 -76 / 53 69 72 74 <END> 
<S> 58 62 74 79 / 57 60 70 -74 / 59 67 -62 -70 / 60 62 69 77 / 60 67 76 / 58 77 -67 / / 76 -58 -67 -79 / 57 69 77 -76 / 62 69 75 77 / 67 72 -62 61 / 50 69 72 77 / 55 67 71 74 / 53 -67 -71 -74 <END> 
<S> 62 67 69 77 / 71 -62 -69 -77 / 64 67 72 79 / 60 66 81 81 / 59 67 74 -81 / 60 67 76 -74 / 55 62 72 79 / 53 60 69 77 / 48 67 76 -60 / 50 60 66 74 / 59 -50 -66 -74 / 43 59 62 74 / 45 57 72 76 <END> 
<S> 55 67 71 74 / 60 66 69 74 / 62 66 -69 -74 / 55 67 71 74 / 53 -67 -71 -74 / 52 67 72 76 / 50 -67 -72 -76 / 52 67 72 76 / 53 -67 -72 -76 / 55 67 72 74 / 71 -55 -67 -74 / 60 67 72 76 / 58 -67 -72 -76 <END> 
<S> 53 67 72 74 / 65 -53 -72 -74 / 55 62 71 -74 / 67 -55 -71 -74 / 65 -55 -71 -74 / 48 64 67 72 / 60 67 72 76 / 59 -67 -72 -76 / 57 69 72 77 / 59 67 74 -77 / 60 67 76 -74 / 72 -60 -67 -76 / 55 74 -67 -72 / 65 71 -55 -74 <END> 
<S> 60 67 72 76 / 59 -67 -72 -76 / 57 69 72 77 / 59 67 74 79 / 77 -59 -67 -74 / 52 67 72 76 / 53 69 -72 -76 / 55 67 72 74 / 55 -67 -72 -74 / 48 67 72 76 / 55 -67 -72 -76 / 57 67 71 74 / 59 -67 -71 -74 <END> 
<S> 47 62 67 74 / 48 67 72 76 / 55 74 -72 / 60 67 76 / 59 62 -67 -76 / 57 69 72 76 / 55 71 -69 -76 / 53 69 74 / 50 -69 -69 -74 / 52 67 71 76 / 65 -52 -71 -76 / 64 -52 -65 -76 / 64 64 -52 -76 / 62 65 77 -60 / 59 67 76 <END> 
<S> 57 67 69 72 / 66 -57 -69 -72 / 55 62 67 71 / 53 59 62 67 / 52 60 67 72 / 50 65 69 74 / 71 -50 -65 -74 / 48 67 72 76 / 60 74 77 -48 / 76 79 -48 -60 / 53 59 74 77 / 60 72 76 -53 <END> 
<S> 52 60 67 72 / 50 65 69 74 / 71 -50 -65 -74 / 48 67 72 76 / 60 77 -72 -76 / 79 -53 -72 -77 / 53 69 74 77 / 52 67 -74 -74 / 53 69 -74 -74 / 55 62 67 -74 / 72 -55 -62 -67 / 43 62 67 71 / 55 59 62 67 <END> 
<S> 50 65 69 77 / 71 -50 -65 -77 / 48 67 72 76 / 52 -67 -72 -76 / 53 69 -72 74 / 50 65 -72 -74 / 55 62 71 -74 / 43 59 67 74 / 48 55 64 72 <END> 
<S> 56 60 67 72 / 65 -56 -60 -72 / 55 60 67 -65 / 53 -60 -67 -70 / 55 59 67 74 / 55 71 74 / 65 -55 -71 -74 / 48 63 67 72 / 55 63 70 75 <END> 
<S> 53 60 68 74 / 51 -60 -68 -74 / 50 59 68 77 / 62 -47 -68 -77 / 48 60 67 75 / 53 60 65 74 / 55 59 67 74 / 65 -55 -59 -74 / 56 60 63 72 / 55 -60 -63 -72 <END> 
<S> 55 60 67 75 / 53 -60 -67 -75 / 55 59 67 74 / 65 -55 -59 -74 / 48 63 63 72 / 60 63 67 72 / 58 62 -67 -72 / 56 60 72 77 / 55 -60 -72 -77 / 53 68 72 75 / 74 -53 -68 -72 / 55 67 71 74 / 56 65 72 <END> 
<S> 56 63 72 / 55 -63 -72 / 53 68 72 74 / 50 65 -72 -74 / 55 62 71 -74 / 67 -55 -71 -74 / 48 63 67 72 / 60 63 67 72 / 58 65 74 <END> 
<S> 53 68 74 -60 / 55 59 67 -74 / 56 60 65 -74 / 72 -56 -60 -65 / 55 62 67 70 / 50 62 65 70 / 51 60 67 -70 / 53 -60 -67 -70 / 55 60 67 70 / 53 -60 -67 -70 / 55 60 65 -53 / 53 -43 -60 -65 / 59 62 -53 -65 / 51 60 67 / 50 62 65 74 <END> 
<S> 56 60 67 72 / 65 -56 -60 -72 / 55 60 67 74 / 59 -55 -67 -74 / 57 60 67 72 / 64 -57 -67 -72 / 62 65 69 / 60 63 -69 / 59 62 67 / 60 60 67 75 / 58 -60 -67 -75 / 56 60 65 77 / 72 -56 -60 -77 / 55 62 71 79 / 63 -55 -71 -79 / 62 65 77 -72 / 60 63 75 -65 / 58 62 70 77 <END> 
<S> 60 63 67 75 / 58 62 -67 -75 / 56 60 72 75 / 55 70 -60 -75 / 53 60 68 74 / 55 59 67 -74 / 56 60 67 72 / 65 -56 -60 -72 / 50 62 65 71 / 53 62 -62 -71 / 51 60 67 72 / 48 63 69 -72 / 55 62 71 74 / 55 67 71 74 <END> 
<S> 50 62 65 71 / 53 62 -62 -71 / 52 55 67 72 / 57 -51 -67 -72 / 50 55 62 -72 / 48 -55 -72 / / 51 70 79 / 50 65 -70 -79 / 48 63 72 79 / 55 -63 -72 -79 / 56 63 72 79 / 58 -63 -72 -79 / 57 63 72 77 / 59 62 -72 -77 / 60 67 72 75 / 58 67 74 -72 <END> 
<S> 56 72 -65 / 58 64 67 74 / 65 -58 -64 -74 / 59 67 74 79 / 55 67 71 75 / 48 -67 -72 -75 / 50 65 70 77 / 51 63 70 79 / 53 -63 -70 -79 / 55 63 70 79 / 56 60 -70 -75 / 58 65 74 77 / 53 75 -74 -77 / 65 70 74 77 <END> 
<S> 60 67 72 75 / 58 65 74 77 / 56 -65 -74 -77 / 55 70 75 79 / 53 -67 -70 -75 / 51 72 -67 -75 / 53 74 77 -67 / 75 -53 -68 -72 / 55 70 74 -60 / 56 65 72 75 / 74 -56 -65 -72 / 51 63 67 72 / 53 65 68 -72 / 55 62 67 71 <END> 
<S> 53 68 74 -72 / 55 -68 -74 -74 / 56 66 72 -74 / 55 67 71 -74 / 65 -55 -71 -74 / 48 63 67 72 / 58 62 70 77 / 51 63 70 79 / 53 63 68 77 / 47 62 67 -77 / 48 60 67 75 / 69 -48 -60 -75 <END> 
<S> 56 63 68 72 / 62 -56 -68 -72 / 60 63 67 75 / 72 -60 -67 -75 / 53 68 72 74 / 55 67 71 -74 / 65 -55 -71 -74 / 48 63 67 72 / 58 62 70 77 <END> 
<S> 53 68 72 74 / 65 -53 -72 -74 / 55 62 71 -74 / 67 -55 -71 -74 / 56 63 72 / 48 55 72 75 / -72 66 -48 -72 <END> 
<S> 55 67 70 75 / 53 -67 -70 -75 / 51 65 70 77 / 50 -65 -70 -77 / 51 63 70 79 / 53 58 70 77 / 55 -58 -70 -77 <END> 
<S> 46 62 65 70 / 67 -46 -62 -70 / 48 63 69 72 / 63 67 -48 -72 / 50 62 66 -72 / 60 -50 -66 -69 / 55 62 67 / 51 60 -67 / 53 60 67 69 / 62 -53 -67 -69 / 55 63 67 70 / 65 -55 -63 -70 <END> 
<S> 55 62 70 / 50 -55 -62 -70 / 48 55 63 72 / 50 65 -55 -72 / 51 63 67 -72 / 53 -63 -67 -72 / 55 62 67 71 / 48 60 67 75 / 58 -48 -67 -75 / 53 56 65 74 / 72 -53 -56 -65 / 55 58 63 70 / 62 -55 -58 -70 <END> 
<S> 48 60 67 75 / 58 62 -67 -75 / 56 60 72 77 / 55 70 75 -60 / 53 68 74 -60 / 55 59 67 74 / 65 -55 -74 -74 / 48 63 67 72 / 60 67 72 75 / 62 65 70 77 <END> 
<S> 48 63 67 72 / 60 63 72 79 / 58 63 72 80 / 56 -63 -72 -80 / 55 62 70 79 / 53 -59 -62 -70 / 51 55 58 70 / 50 60 65 70 / 69 -50 -60 -65 / 59 62 67 71 / 60 65 -59 -67 <END> 
<S> 56 63 72 / 55 77 -63 -72 / 53 67 70 79 / 52 60 -70 -79 / 53 60 68 77 / 55 -60 -68 -77 / 56 60 65 72 / 58 -60 -65 -72 / 60 67 72 / 55 -60 -67 -72 <END> 
