<S> 48 51 60 67 / 50 53 58 70 / 51 55 58 67 / 50 53 59 67 / 48 51 60 67 / 47 50 62 67 <END> 
<S> 51 55 58 67 / 50 53 59 -67 / 48 51 60 67 / 47 55 62 67 / 48 55 60 63 / 50 53 58 65 / 51 58 67 / 51 58 63 67 / 50 65 -58 -67 <END> 
<S> 44 51 60 65 / 60 -44 -51 -60 / 46 50 58 -65 / 39 55 58 63 / 49 -55 -58 -63 / 51 56 60 / 53 -43 -51 -60 / 44 51 60 -60 / 41 56 -60 -60 / 43 59 -53 -56 / 51 -43 -53 -59 <END> 
<S> 41 56 60 62 / 43 55 59 62 / 53 -43 -59 -62 / 44 51 60 / 43 55 59 62 / 44 60 -55 -63 / 47 62 -55 -55 / 41 53 60 -55 / 48 -53 -60 -65 / 55 58 63 -48 / 43 55 -58 -63 / 41 53 56 -58 -63 / 62 -53 -56 -63 / 39 55 58 63 / 51 58 67 / 50 -58 -58 -67 <END> 
<S> 43 55 60 63 / 53 59 62 -43 / 51 -43 60 67 / 44 60 65 -60 / 56 59 62 -44 / 43 -56 -60 -65 / 47 62 -56 -65 / 48 55 60 63 / 53 -48 -55 -63 / 55 62 -48 -63 / 47 -55 -62 -74 / 48 55 60 63 / 58 -48 -55 -63 / 41 56 56 60 / 43 -53 -56 -60 / 44 -53 -56 -60 <END> 
<S> 48 55 63 -62 / 60 -48 -55 -63 / 42 57 60 62 / 50 59 -42 -62 / 57 51 55 -62 / 53 53 59 62 / 55 -53 -62 / 41 63 -53 -58 / 57 -53 -62 / 60 -53 -57 -62 / 46 55 62 -60 / 50 53 62 -60 / 59 -50 -53 -62 / 51 55 60 63 / 53 -55 -60 -63 / 55 59 62 / 53 -43 -59 -62 <END> 
<S> 50 53 58 65 / 48 60 63 67 / 46 -60 62 65 / 44 60 63 72 / 43 -60 -63 -72 / 41 60 68 -63 / 58 62 -41 -68 / 39 60 63 67 / 58 62 65 / 56 60 63 72 / 55 58 -63 -72 <END> 
<S> 44 60 63 65 / 41 -60 -63 -65 / 46 62 65 70 / 63 -46 -65 -70 / 46 58 65 70 / 63 -46 -58 -70 / 48 55 63 68 / 46 -55 -63 -68 / 45 60 65 -63 / 53 62 -45 -65 / 60 63 -53 -65 / 46 62 61 -65 <END> 
<S> 46 62 65 / 58 63 -65 / 56 -46 62 -65 / 39 55 58 63 / 51 58 63 67 / 58 65 -55 -58 / 56 60 63 / 55 59 62 -44 53 / 53 57 -59 -62 / 51 55 60 63 / 53 56 60 65 / 55 59 62 -65 / 56 -59 -62 -65 <END> 
<S> 56 62 65 / 55 58 63 67 / 56 60 65 / 55 58 64 67 / 53 60 65 68 / 56 60 65 -68 / 62 65 -53 -65 / 60 63 -53 -68 / 58 62 65 -48 / 47 -58 -65 -68 / 51 56 60 63 / 53 -56 -60 -63 / 55 59 62 / 53 -55 -59 -62 <END> 
<S> 56 60 63 65 / 55 -60 -63 -65 / 53 56 60 65 / 58 -53 -60 -65 / 53 60 65 68 / 53 60 65 -68 / 46 58 65 68 / 44 -58 -65 -68 / 46 61 65 70 / 44 -61 -65 -70 / 60 63 68 -65 / 59 -44 -64 -68 / 60 -48 -64 -67 <END> 
<S> 46 61 67 -65 / 44 60 63 -67 / 45 61 65 -60 / 46 58 61 -65 / 56 -46 -61 -65 / 48 55 60 63 / 46 53 62 65 / 44 -53 -60 -65 / 43 58 60 67 / 41 60 68 -60 / 43 58 62 70 / 48 63 -58 -70 <END> 
<S> 44 56 60 65 / 43 55 59 62 / 53 60 -43 -59 / 55 -43 -60 / / 55 62 -60 -79 / 54 60 63 -55 / 57 -48 -60 -65 / 43 59 62 67 / 48 55 60 64 / 46 55 61 65 <END> 
<S> 43 59 62 67 / 55 59 62 67 / 57 60 -62 -67 / 65 -57 -60 / / 55 59 67 74 / 60 67 76 / 59 62 67 77 / 57 -62 -67 -77 / 55 62 67 79 / 53 69 -62 -67 <END> 
<S> 57 60 72 -67 / 65 -57 -72 / 55 59 67 74 / 60 63 67 / 58 62 -67 -72 / 57 65 72 77 / 59 62 74 -77 / 60 63 67 75 / 65 72 -60 -75 / 55 67 72 74 / 50 71 -67 -74 / 66 -50 -69 -74 / 51 67 72 / 70 -51 -67 -72 <END> 
<S> 59 62 74 -67 / 63 67 72 / 62 66 -72 / 60 63 67 -72 / 69 -60 -63 -72 / 70 -60 -63 -75 / 53 65 72 77 / 63 -53 -68 -72 / 55 62 70 70 / 46 -55 -62 -70 / 48 63 69 -55 / 53 -48 -63 -69 / 50 62 70 -69 / 46 -62 -62 -70 / 48 60 63 67 / 46 58 63 45 <END> 
<S> 55 70 -62 -69 / 53 -62 -70 -70 / 51 54 63 69 / 50 66 -63 -69 / 60 -50 -66 -69 / 55 59 62 67 / 60 63 67 75 / 58 62 -67 -75 / 56 60 72 77 / 55 70 -60 -77 / 53 65 68 72 / 74 -53 -65 -68 / 48 63 67 75 / 69 -48 -63 -75 / 50 65 70 74 <END> 
<S> 60 63 67 75 / 62 -60 -67 -75 / 54 60 69 74 / 55 59 67 74 / 65 -55 -59 -74 / 48 60 63 72 / 50 58 65 70 / 51 63 67 70 / 53 63 68 72 / 62 -53 -68 -72 / 55 63 67 72 / 62 65 -55 -72 <END> 
<S> 51 63 67 70 / 50 65 -67 -70 / 48 67 72 75 / 60 -67 -72 -75 / 67 72 74 -60 / 59 -67 -72 -74 / 60 67 72 75 / 55 65 71 -75 / 56 72 75 / 62 74 77 -56 -72 <END> 
<S> 51 63 67 72 / 53 -63 -67 -72 / 55 62 -67 -72 / 56 60 65 -72 / 55 59 67 74 / 55 59 67 74 / 48 60 67 75 / 62 -48 -67 -75 / 60 63 67 75 / 59 62 -67 -75 / 57 60 72 77 / 55 71 -60 -77 / 57 65 72 / 53 63 70 75 <END> 
<S> 60 67 75 / 58 62 -67 -75 / 56 63 72 75 / 55 -63 -72 -75 / 53 68 72 74 / 50 75 -68 -72 / 77 -50 -68 -74 / 55 67 71 74 / 43 65 72 -74 / 48 67 72 75 / 51 67 72 -75 / 50 -67 -72 -75 / 51 67 72 75 / 53 -67 -72 -75 <END> 
<S> 48 63 67 72 / 60 67 72 75 / 55 67 72 74 / 71 -55 -67 -74 / 65 -55 -71 -74 / 56 63 72 / 69 -56 -63 -72 / 55 65 70 74 / 53 75 -65 -70 / 51 65 70 77 / 59 -65 -68 -77 <END> 
<S> 56 63 72 77 / 55 75 -63 -72 / 57 72 -63 -72 / 65 -57 -72 / 46 58 62 74 / 67 -46 -58 -74 / 48 63 69 72 / 50 62 -69 -72 / 54 -50 -69 -72 / 55 62 67 70 / 63 -55 -62 -67 / 57 60 67 72 / 65 71 -60 -56 / 60 63 67 -56 / 59 62 -67 -67 / 60 65 67 72 / 59 -60 -67 -72 / 54 60 68 74 / 55 58 67 -74 / 65 -55 -58 -74 <END> 
<S> 55 62 67 70 / 53 -62 -67 -70 / 51 60 67 72 / 55 -60 -67 -72 / 48 67 75 / 60 66 69 74 / 55 59 67 74 / 65 -55 -59 -74 / 56 60 63 72 / 62 -56 -60 -72 / 51 60 67 71 / 59 -51 -67 -71 / 51 58 67 72 / 60 68 -51 -67 <END> 
<S> 60 63 67 75 / 58 62 -67 -75 / 56 60 72 77 / 55 70 -60 -77 / 53 60 68 77 / 76 -53 -60 -68 / 55 59 67 74 / 55 59 67 74 / 48 60 67 75 / 63 -48 -67 -75 / 53 65 68 74 / 63 67 -53 -74 / 55 62 69 71 / 63 -55 -62 -71 / 56 60 63 72 / 65 74 -56 -60 / 55 63 67 72 / 53 68 74 -72 / 55 67 71 -74 / 65 -55 -71 -74 <END> 
<S> 60 67 75 / 58 -60 -67 -75 / 56 60 68 75 / 55 -60 -68 -75 / 53 60 68 77 / 51 -60 -68 -77 / 70 -48 -60 -77 / 53 60 68 77 / 62 -53 -60 -77 / 55 59 67 74 / 65 -55 -59 -74 / 56 60 63 72 / 55 58 -63 -72 / 53 56 65 74 / 53 62 -65 -74 / 55 63 70 75 / 57 66 72 -75 / 58 62 67 74 / 58 65 70 -74 <END> 
<S> 53 60 68 74 / 55 59 67 -74 / 56 60 65 -74 / 72 -56 -60 -65 / 55 62 67 70 / 50 62 65 70 / 51 60 67 72 / 58 -51 -67 -72 / 53 57 69 74 / 55 58 72 75 / 56 65 -72 -75 / 51 67 70 75 / 65 -51 -70 -75 / 56 63 72 / 55 62 -63 -72 <END> 
<S> 53 60 68 72 / 55 70 -60 -72 / 56 60 68 72 / 58 65 74 -68 / 53 65 68 72 / 55 58 67 75 / 57 60 65 77 / 59 62 67 -77 / 60 63 67 75 / 55 62 -67 -75 / 53 68 74 -60 / 55 59 67 -74 / 56 60 72 -67 / 65 -56 -60 -72 <END> 
<S> 60 63 67 75 / 58 62 -67 -75 / 56 60 65 75 / 55 -60 -65 -75 / 53 60 68 77 / 51 -60 -68 -77 / 50 59 67 79 / 55 77 -50 -79 / 57 60 77 -51 / 59 62 74 -77 / 60 63 67 75 / 58 65 74 -75 / 56 -65 -70 -74 / 55 67 70 75 / 53 -67 -70 -75 <END> 
<S> 60 67 75 / 58 -60 -67 -75 / 56 60 68 75 / 55 -60 -68 -75 / 53 60 68 77 / 62 -53 -68 -77 / 63 -53 -68 -77 / 59 62 67 79 / 60 63 -67 -79 / 62 65 72 -60 / 59 62 67 77 / 60 63 75 79 / 58 62 -75 -79 / 56 60 -75 -79 <END> 
<S> 60 63 67 75 / 62 -60 -67 -75 / 54 60 69 75 / 55 67 71 74 / 60 67 72 75 / 62 -67 -72 -75 / 63 67 70 75 / 65 68 -63 -75 / 63 67 70 75 / 65 -43 -67 -75 / 67 -55 -67 -75 / 65 -55 -67 -72 <END> 
<S> 63 67 70 75 / 65 68 74 / 63 67 70 75 / 65 68 72 77 / 63 -68 -72 -77 / 60 70 72 79 / 55 -68 -72 -79 / 53 63 68 72 / 55 62 -68 -72 / 60 -55 -68 -72 / 55 59 67 74 / 48 60 67 75 / 53 68 72 74 <END> 
<S> 56 68 72 -65 / 55 -68 -72 -75 / 53 68 74 77 / 55 67 -74 -74 / 54 69 72 75 / 55 62 67 74 / 60 69 -55 -74 / 55 58 64 74 / 66 -55 -58 -74 / 51 58 67 75 / 50 65 -58 -75 / 48 63 72 -58 / 56 62 70 -72 <END> 
<S> 53 62 69 74 / 50 -62 -69 -74 / 55 62 70 -74 / 63 -55 -70 -74 / 65 -55 -70 -74 / 55 63 70 75 / 51 -63 -70 -75 / 56 65 72 75 / 53 -56 -65 -75 / 51 58 67 79 / 53 68 -58 -79 / 55 58 70 77 / 56 60 -70 -77 / 58 62 65 74 / 68 77 -58 -62 / 60 63 75 79 <END> 
<S> 53 56 65 74 / 51 58 67 75 / 67 74 -58 / 56 63 65 72 / 55 -63 -72 / 53 56 68 74 / 58 -53 -68 -74 / 51 60 67 75 / 58 -51 -67 -75 / 56 65 72 -75 / 55 74 -65 -72 / 53 60 70 75 / 55 -60 -70 -75 / 56 60 72 77 / 53 68 74 -77 <END> 
<S> 53 60 68 75 / 51 67 -60 -75 / 50 65 -60 -75 / 59 62 67 74 / 60 63 67 -74 / 72 -60 -67 -75 / 54 69 72 -75 / 56 65 72 -72 / 70 -56 -72 -72 / 53 69 72 77 / 67 75 -53 -72 / 55 67 72 74 / 59 67 -72 -74 / 60 67 72 75 / 55 -67 -72 -75 <END> 
<S> 56 68 72 / 55 -67 -72 / 53 68 72 74 / 65 -53 -68 -74 / 55 67 70 75 / 65 -55 -70 -75 / 56 63 72 77 / 55 -63 -72 -77 / 53 65 72 80 / 51 63 70 79 / 65 72 -51 -63 / 50 62 -65 -68 / 48 60 63 67 <END> 
<S> 53 63 68 44 / 51 63 70 79 / 61 -51 -70 -79 / 53 60 68 77 / 59 67 -53 -77 / 51 60 67 75 / 53 -60 -67 -75 / 55 58 67 74 / 68 -58 -55 -74 / 70 -58 -63 -74 / 56 65 68 74 / 55 67 -65 -70 / 60 63 68 75 <END> 
<S> 53 60 68 75 / 55 67 70 -75 / 56 65 72 -75 / 58 74 -65 -75 / 63 72 -58 -75 / 65 74 -58 -72 / 56 -58 -65 -74 / 55 58 67 75 / 57 -55 -67 -75 / 53 58 68 74 / 46 -58 -74 -74 / 51 70 75 -65 / 51 63 70 79 / 55 -63 -70 -79 / 56 63 72 79 / 55 -63 -72 -79 <END> 
<S> 55 62 70 75 / 56 60 65 72 / 67 74 -56 -60 / 55 60 67 75 / 53 -60 -67 -75 / 51 60 67 72 / 53 -60 -67 -72 / 55 60 67 74 / 59 -55 -67 -74 / 48 63 67 72 / 60 64 67 72 / 58 65 74 -72 / 56 -65 -72 -74 <END> 
<S> 53 60 69 74 / 55 59 67 -74 / 65 -55 -67 -74 / 48 63 67 72 / 50 58 70 77 / 51 58 70 79 / 53 -58 -70 -79 / 55 58 70 79 / 56 60 -70 -79 / 58 62 65 74 / 67 75 -58 -62 / 59 62 68 77 <END> 
<S> 51 58 70 79 / 53 -58 -70 -79 / 55 58 70 77 / 56 60 -70 -77 / 58 62 65 74 / 72 -58 -62 -65 / 55 58 63 70 / 57 61 65 -70 / 56 60 65 68 / 62 65 -56 -68 / 55 61 67 70 / 61 68 -55 -67 <END> 
<S> 58 63 65 / 62 -58 -65 / 56 60 63 / 77 -56 -60 -63 / 55 58 62 -77 / 53 -58 -62 -77 / 51 58 67 75 / 58 65 74 -51 / 53 -58 -65 -74 / 51 58 67 72 / 50 -58 -67 -72 / 48 63 67 72 / 68 -48 -63 -72 / 50 65 70 74 <END> 
<S> 53 60 68 74 / 50 -53 -60 -74 / 51 55 67 70 / 50 58 -67 -70 / 48 63 67 72 / 56 65 -48 -72 / 55 63 67 72 / 62 65 -56 -72 / 55 60 67 75 / 53 65 68 74 / 55 59 67 74 / 75 -55 -67 <END> 
<S> 56 63 68 72 / 62 65 -56 -72 / 60 -56 -65 -68 / 55 59 67 71 / 55 62 71 79 / 60 67 72 75 / 68 -60 74 -75 / 58 65 75 -74 / 56 -65 -70 -74 / 55 58 70 75 / 56 60 -70 -75 <END> 
<S> 60 63 67 75 / 62 -60 -67 -75 / 54 60 69 75 / 55 67 71 74 / 60 67 72 75 / 58 -67 -72 -75 / 57 60 72 77 / 55 70 -60 -77 / 53 65 69 72 / 74 -53 -65 -69 / 55 58 67 75 / 57 60 -67 -75 <END> 
<S> 57 60 72 77 / 53 69 -72 -77 / 55 67 72 76 / 70 -67 -72 -76 / 53 69 72 77 / 62 71 74 -77 / 60 67 72 75 / 55 67 71 74 / 55 67 71 74 <END> 
<S> 50 65 72 77 / 71 -50 -65 -77 / 48 67 72 76 / 55 67 71 74 / 55 67 71 74 / 48 67 72 76 / 50 -67 -72 -76 / 52 67 72 76 / 53 -67 -72 -76 / 55 67 72 74 / 71 -55 -67 -74 / 65 -55 -71 -74 <END> 
<S> 48 67 72 76 / 50 -67 -72 -76 / 52 67 72 76 / 53 -67 -72 -76 / 55 67 72 74 / 57 -67 -72 -74 / 59 71 74 -67 / 56 65 -71 -74 / 57 64 72 / 55 -64 -72 / 74 -55 -64 -72 / 53 69 72 74 / 55 67 71 -74 / 65 -55 -71 -74 <END> 
<S> 57 64 72 / 55 59 74 -72 / 53 57 69 72 / 52 74 -69 -72 / 64 -52 -69 -72 / 50 65 69 74 / 71 -50 -65 -74 / 48 67 72 76 / 52 -67 -72 -76 / 53 69 74 -72 / 50 -69 -72 -74 / 55 62 71 -74 / 67 -55 -71 -74 / 65 -55 -71 -74 / 48 64 67 72 / 55 60 67 72 / 69 -55 -60 -72 <END> 
<S> 69 72 -55 -62 / 72 -51 -60 -72 / 55 67 71 74 / 43 59 -67 -74 / 48 67 72 76 / 55 67 71 74 / 53 -67 -71 -74 / 52 67 72 76 / 53 -67 -72 -76 / 55 67 71 74 / 72 -55 -67 -74 / 59 67 74 -67 / 65 -59 -67 -74 <END> 
<S> 55 67 71 74 / 53 -67 -71 -74 / 52 67 71 79 / 65 -52 -71 -79 / 57 64 72 81 / 62 74 77 -81 / 67 70 76 -62 / 77 -57 -67 -76 / 52 70 74 79 / 53 72 81 -67 / 47 65 74 -53 / 52 67 76 -74 / 53 69 73 -76 <END> 
<S> 58 64 76 79 / 57 72 -76 -79 / 62 74 77 / 57 72 -62 -77 / 55 67 70 76 / 53 60 69 77 / 46 62 67 74 / 48 64 72 76 / 50 65 -72 -72 / 52 67 72 -72 / 53 -67 -72 -76 / 55 67 71 74 / 65 -55 -71 -74 <END> 
<S> 52 60 67 72 / 53 69 -60 -72 / 50 65 71 74 / 69 -50 -65 -74 / 55 62 71 74 / 67 -55 -71 -74 / 65 -55 -71 -74 / 48 64 67 72 / 69 -48 -64 -72 / 50 62 71 74 / 67 69 -62 -74 / 50 62 69 76 / 67 77 -62 / 61 76 -62 -67 / 50 -58 -67 -76 / 52 69 -58 -76 <END> 
<S> 59 62 67 74 / 58 67 76 / 62 77 -58 -67 / 79 -58 -67 -70 / 50 65 70 77 / 69 -50 -65 -77 / 52 64 70 79 / 61 64 52 -79 / 53 62 70 77 / 55 -62 -70 -77 / 57 60 69 76 / 55 61 -69 -76 <END> 
<S> 69 72 77 / 61 67 70 79 / 50 65 69 77 / 71 74 -65 -77 / 48 67 72 76 / 55 60 69 77 / 57 60 69 77 / 55 67 70 -77 / 53 69 -67 -74 / 55 67 72 76 / 60 -55 -67 -76 <END> 
<S> 60 67 76 / 69 -60 -76 / 62 67 71 77 / 52 -62 -67 -77 / 60 64 67 79 / 62 69 -60 -79 / 55 62 71 79 / 67 77 -55 -71 / 60 72 76 -67 / 62 69 77 -60 / 79 -62 -69 / 64 67 71 79 / 62 65 77 81 <END> 
<S> 60 64 67 79 / 69 -60 -64 -79 / 58 65 70 74 / 53 69 -58 -74 / 70 -53 -69 -74 / 55 67 72 76 / 60 69 -55 -76 / 67 -52 -57 -76 / 54 57 69 74 / 55 59 -69 -74 / 54 57 62 72 / 71 -54 -62 -66 / 55 62 71 -67 / 56 64 72 / 62 74 -56 -72 <END> 
<S> 54 57 69 74 / 72 -54 -57 -69 / 55 62 70 -69 / 67 -55 -62 -70 / 50 62 66 69 / 66 -50 -62 -69 / 43 59 62 67 / 55 59 62 67 / 53 -59 -62 -67 / 52 55 60 67 / 50 65 -55 -60 / 52 55 60 64 / 50 -55 -60 -64 / 55 59 62 / 53 -55 -59 -62 / 52 55 59 62 / 50 -55 -59 -62 <END> 
<S> 55 62 67 71 / 52 60 66 69 / 71 -52 -60 -66 / 69 -52 -64 -69 / 50 59 66 -69 / 52 60 67 -69 / 54 57 62 69 / 55 62 71 / 53 55 62 72 / 48 52 67 72 / 50 65 69 72 / 71 -50 -65 -77 / 52 67 72 76 / 71 -52 -67 -76 <END> 
<S> 53 60 69 / 52 67 -53 -69 / 50 57 65 71 / 48 64 -57 -71 / 50 59 65 74 / 52 60 64 -74 / 54 57 62 72 / 50 55 62 71 / 55 62 67 / 60 69 -55 / 59 62 67 -55 / 60 -54 -62 -67 / 55 62 67 -60 / 50 59 62 -67 <END> 
<S> 52 55 67 71 / 60 66 -55 -71 / 55 62 67 69 / 54 62 69 -69 / 55 59 62 67 / 52 60 64 67 / 53 60 69 -67 / 62 65 -53 -69 / 63 -53 -65 / 46 58 62 -65 / 62 67 -58 -58 / 57 60 64 -62 / 55 58 62 67 / 53 -58 -62 -67 <END> 
<S> 53 60 65 69 / 62 -53 -65 -69 / 52 58 64 67 / 50 57 -64 -67 / 49 57 64 67 / 50 57 62 65 / 45 57 61 64 / 53 57 62 72 / 47 55 62 -72 / 48 55 64 -62 / 50 -48 -55 -64 <END> 
<S> 50 57 62 65 / 52 59 -62 -65 / 53 57 60 65 / 62 -53 -57 -65 / 55 59 64 67 / 62 -55 -59 -67 / 55 60 64 / 53 -60 -60 -64 / 55 59 62 / 53 -55 -59 -62 / 52 55 60 64 / 50 -55 -60 -64 / 48 55 62 65 / 47 -55 -62 -65 <END> 
<S> 53 60 62 / 55 -53 -60 -62 / 53 55 60 64 / 59 -55 -53 -64 / 52 60 -59 -64 / 57 -52 -60 -64 / 50 59 65 -55 / 55 -50 -65 / 48 -55 -65 / 53 57 60 69 / 64 -53 -57 -69 / 55 60 65 -69 / 41 57 -60 -65 <END> 
<S> 45 57 60 65 / 47 50 -57 -65 / 48 55 64 -57 / 41 60 -57 -60 / 43 59 59 62 / 67 -43 -59 -62 / 52 55 60 / 57 -52 -55 -60 / 47 55 62 / 53 -47 -55 -62 / 48 52 55 67 / 46 -48 -55 -64 / 45 53 60 65 / 41 55 60 69 / 43 55 59 62 / -43 -55 -59 -62 <END> 
