<S> 60 64 67 72 / 60 64 67 72 / 59 62 67 79 / 74 -59 -62 -79 / 60 64 79 -74 / 72 -60 -64 -79 / 69 74 77 -60 / 59 67 74 79 / 55 71 -67 -79 / 60 67 72 76 / 48 64 67 72 <END> 
<S> 64 67 72 84 / 60 67 74 -43 / -67 -72 -74 / 57 67 72 / 65 -57 -72 / 64 -57 -72 / 55 59 62 74 / 53 57 62 -74 / 52 55 67 72 / 54 57 69 -72 / 55 62 71 -69 / 67 -55 -62 -71 / 50 62 69 -67 / 66 -50 -62 -69 / 60 -50 -66 -69 <END> 
<S> 52 55 -67 -72 / 71 -52 -67 -72 / 66 69 -55 -69 / 54 62 -69 -69 / 60 62 67 / 55 59 62 67 / 53 -59 -62 -67 / 52 60 67 72 / 48 64 -60 -72 / 50 65 72 -60 / 52 58 67 -72 / 53 57 69 72 / 55 59 -69 -72 / 53 60 69 72 / 52 62 -69 -72 / 64 -52 -69 -72 <END> 
<S> 52 55 67 72 / 60 -52 -67 -72 / 54 69 74 -60 / 72 59 67 / 69 -53 -67 -74 / 52 67 72 / 50 65 74 -67 / 48 67 72 76 / 59 -67 -72 -76 / 60 67 76 / 62 77 -67 -67 / 64 67 72 79 / 58 -67 -72 -79 / 57 67 72 76 / 59 -67 -72 -76 / 60 65 72 77 / 62 -60 -72 -77 <END> 
<S> 60 67 72 76 / 59 -67 -72 -76 / 57 60 72 77 / 55 62 71 79 / 74 -55 -71 -79 / 57 72 76 55 / 60 -57 -72 -76 / 55 67 74 -72 / 53 69 -67 -74 / 52 67 71 72 / 48 64 69 -72 / 54 -64 -69 -72 <END> 
<S> 55 62 69 -72 / 54 62 -69 -72 / 55 62 67 71 / 55 59 62 67 / 53 -59 -62 -67 / 52 60 67 72 / 50 53 -60 -67 -72 / 52 62 67 71 / 50 -62 -67 -71 / 52 60 67 72 / 53 65 -67 -72 / 64 67 -53 -72 / 55 62 -67 -72 / 60 64 -55 -72 / 65 74 -60 -60 -72 <END> 
<S> 52 60 67 72 / 50 53 -67 -72 / 51 55 67 74 / 49 70 76 / 50 77 65 72 / 52 67 72 79 / 53 -67 -72 -79 / 55 67 71 74 / 65 -55 -71 -74 / 48 64 67 72 / 53 60 69 74 / 71 -53 -60 -69 / 52 67 72 -60 / 55 59 67 74 <END> 
<S> 55 62 67 71 / 53 59 62 67 / 52 60 67 72 / 53 65 69 74 / 71 -53 -65 -74 / 48 67 72 76 / 60 67 72 76 / 59 -67 -72 -76 / 57 69 72 77 / 59 -69 -72 -77 / 60 67 72 76 / 55 67 71 74 / 55 67 71 74 <END> 
<S> 50 65 72 77 / 71 -50 -65 -77 / 52 67 72 76 / 53 -67 -72 -76 / 55 67 74 -72 / 71 -55 -67 -74 / 69 -55 -67 -74 / 43 71 -67 -74 / 65 -43 -71 -74 / 48 64 67 72 / 55 67 70 74 / 53 -67 -70 -74 <END> 
<S> 48 64 67 72 / 60 67 72 76 / 77 -60 -67 -72 / 60 67 76 / 58 74 -67 -76 / 56 69 72 77 / 55 70 74 79 / 53 69 72 79 / 71 -53 -69 -81 / 55 67 71 79 / 57 72 -67 -76 <END> 
<S> 53 69 72 81 / 55 -69 -72 -81 / 57 69 72 76 / 77 -57 -69 -72 / 59 67 74 79 / 77 -59 -67 -79 / 60 67 76 81 / 62 74 -67 -76 / 57 64 72 76 / 60 66 -57 -72 / 55 62 67 71 / 53 -62 -67 -71 <END> 
<S> 57 72 77 / 59 62 -72 -77 / 60 64 76 -72 / 65 69 -60 -76 / 53 67 74 -60 / 59 76 -53 -67 / 52 67 -59 -74 / 50 65 69 74 / 71 -50 -65 -74 / 69 72 -50 -69 / 52 71 -69 -77 / 53 69 73 79 / 52 -69 -72 -79 / 50 65 72 81 / 55 64 -72 -81 / 53 65 74 81 / 58 65 -74 -81 / 60 64 72 -55 / 62 -55 -63 -72 <END> 
<S> 52 67 69 79 / 50 57 69 -79 / 77 -50 -69 -78 / 55 62 -69 -77 / 53 -62 -69 -77 / 55 67 -62 -69 / 50 60 66 69 / 55 59 67 / 52 59 67 / 65 -52 -59 -67 / 57 60 64 72 / 62 65 -57 -72 / 64 67 71 -57 / 65 -55 -67 -71 / 57 64 67 72 / 62 65 71 74 / 60 64 69 76 / 62 77 -60 -69 / 61 69 76 79 <END> 
<S> 57 64 67 72 / 62 -57 -72 / 55 62 71 -72 / 53 -62 -71 -71 / 52 60 67 72 / 59 -52 -67 -72 / 54 57 62 74 / 72 -54 -57 -62 / 55 62 70 / 50 54 -55 -70 / 52 55 64 72 / 54 62 69 -72 / 55 62 67 71 / 53 59 62 67 / 52 60 64 72 / 50 65 -60 -72 / 52 60 67 70 / 53 -60 -67 -70 <END> 
<S> 53 62 69 / 71 -53 -62 / 52 55 72 -62 / 64 -45 -55 -72 / 47 55 62 67 / 48 55 64 69 / 50 -55 -64 -69 / 52 55 62 71 / 48 59 64 67 / 50 65 60 69 / 52 60 64 -69 / 53 62 69 71 / 50 60 65 69 / 64 -50 -60 -69 / 55 59 62 67 <END> 
<S> 48 64 67 69 / 50 62 66 -69 / 60 -50 -66 -69 / 55 59 62 67 / 50 -59 -62 -67 / 48 55 60 64 / 55 59 -48 -63 / 57 -48 -55 -64 / 43 62 -57 -60 / 59 -43 -53 -62 / 52 60 -43 -60 / 53 -43 -60 -60 / 55 59 62 -43 / 53 -55 -59 -62 / 52 55 60 64 / 48 -55 -60 -64 / 50 55 62 -60 / 52 55 59 62 / 53 -55 -59 -62 <END> 
<S> 48 55 62 64 / 47 -55 -62 -64 / 48 55 62 64 / 45 -55 -60 -64 / 50 55 62 / 53 59 -50 -55 / 48 52 55 60 / 48 52 60 67 / 47 62 -52 -67 / 45 52 60 72 / 48 -57 -60 -72 / 47 55 62 67 / 48 64 -55 -67 / 45 60 -55 -67 / 59 62 -48 -55 / 40 55 60 67 / 41 -55 -60 -67 / 43 55 62 -60 / 59 -43 -55 -62 / 38 53 62 67 / 52 60 -43 -62 <END> 
<S> 47 50 62 67 / 65 -47 -50 -62 / 45 57 60 64 / 43 -57 -60 -64 / 41 57 60 62 / 38 64 -57 -60 / 59 -41 -41 -56 / 43 55 59 62 / 53 -43 -59 -62 / 36 52 55 60 64 / 50 53 65 -60 / 48 52 55 60 / 57 -48 -52 -60 / 47 55 62 -55 / 53 -47 -55 -62 / 48 55 60 64 / 46 -55 -60 -64 <END> 
<S> 48 52 55 60 / 50 53 55 62 / 52 55 64 / 62 -55 -55 / 55 60 64 / 0 / 59 62 65 / 60 64 -57 -62 / 59 62 62 -53 / 52 55 60 64 / 53 57 -60 -64 / 55 59 62 / 43 53 -59 -62 / 45 52 57 60 / 48 -57 -57 -60 <END> 
<S> 55 59 62 / 53 -55 -59 -62 / 52 55 59 62 / 50 -55 -59 -62 / 52 55 60 64 / 48 -55 -60 -64 / 50 57 60 65 / 59 -50 -53 -65 / 52 55 60 64 / 53 -55 -60 -64 / 55 59 62 / 53 -55 -59 -62 / 52 55 60 64 / 48 -55 -60 -64 / 47 55 62 -55 / 59 -47 -55 -62 / 43 55 62 71 / 53 -43 -62 -71 <END> 
<S> 50 55 62 71 / 59 -50 -62 -71 / 52 55 59 67 / 50 -55 -59 -67 / 48 57 60 67 / 55 59 62 67 / 53 57 -62 -67 / 52 55 72 -67 / 50 57 65 74 / 64 -50 -57 -74 / 47 62 65 74 / 67 -47 -62 -74 / 55 59 67 74 / 60 67 76 / 59 62 67 77 <END> 
<S> 52 55 67 72 / 50 71 -55 -67 / 48 55 67 72 / 50 66 69 -55 / 43 59 62 67 / 48 60 64 67 / 50 -60 -67 52 / 52 60 67 76 / 53 -60 -67 -76 / 55 60 67 74 / 72 -55 -60 -67 / 59 65 74 77 / 59 76 -74 -77 <END> 
<S> 52 60 67 72 / 50 62 65 71 / 48 64 67 72 / 55 59 67 74 / 53 59 67 74 / 52 60 67 76 / 50 59 65 77 / 52 67 76 / 53 57 69 74 <END> 
<S> 47 62 67 74 / 48 60 67 76 / 55 59 67 74 / 52 61 -67 -74 / 50 62 65 77 / 67 -50 -62 -77 / 48 61 67 76 / 50 62 -67 -76 / 52 60 67 76 / 53 -60 -67 -76 / 55 59 67 74 / 65 -55 -59 -74 / 56 60 64 72 / 48 55 64 72 <END> 
<S> 52 67 72 / 48 -43 -67 -72 / 65 69 -52 -72 / 67 71 -57 -76 / 50 65 69 74 / 62 71 -50 -74 / 52 67 72 76 / 53 -67 -72 -76 / 55 74 -72 71 / 67 -55 -72 -74 / 67 71 -55 -74 / 65 -55 -71 -74 / 48 64 67 72 <END> 
<S> 53 69 72 74 / 55 67 71 -74 / 65 -55 -71 -74 / 48 64 67 72 / 58 62 70 79 / 57 60 72 77 / 58 62 74 -77 / 60 67 76 -74 / 53 69 72 77 / 55 67 71 74 <END> 
<S> 58 65 70 74 / 56 -65 -70 -74 / 55 67 70 75 / 53 -67 -70 -75 / 51 65 70 77 / 50 -65 -70 -77 / 51 63 70 79 / 72 -51 -63 -79 / 53 68 74 77 / 47 67 -74 -77 / 48 67 72 75 / 60 70 74 -48 <END> 
<S> 58 62 77 -70 / 56 -58 -62 -77 / 55 58 70 75 / 53 60 70 77 / 68 -53 -60 -77 / 55 60 70 75 / 57 65 74 -75 / 58 67 70 75 / 55 -58 -70 -75 / 56 60 72 77 / 58 62 -72 -77 / 60 -58 -72 -77 / 51 67 70 75 / 55 65 -70 -75 <END> 
<S> 58 65 70 74 / 53 65 68 72 / 55 70 -65 -72 / 56 60 72 -65 / 58 -56 -60 -72 / 52 60 67 72 / 58 -52 -67 -72 / 53 57 65 68 / 63 -53 -56 -69 / 55 62 67 71 / 43 59 62 67 / 48 55 63 70 / 44 60 63 -70 <END> 
<S> 53 60 65 69 / 63 -53 -60 -69 / 55 59 62 67 / 60 63 67 72 / 58 62 -67 -72 / 56 60 65 72 / 67 -56 -60 -72 / 53 65 69 74 / 72 -65 -69 -72 / 55 71 74 0 / 55 63 -71 -79 <END> 
<S> 53 60 65 69 / 63 -53 -60 -69 / 55 62 67 71 / 60 63 67 72 / 59 62 67 74 / 60 67 75 / 58 -60 -67 -75 / 56 68 72 77 / 55 71 75 79 / 56 72 77 -75 / 74 -56 -72 -77 / 72 -56 -72 -77 / 55 67 71 74 / 65 -55 -71 -74 <END> 
<S> 60 67 75 / 58 62 -67 -75 / 56 63 72 / 55 -63 -72 / 53 68 72 74 / 50 -67 -72 -74 / 55 62 71 -74 / 65 -55 -71 -74 / 48 63 67 72 / 60 67 72 75 / 58 -67 -72 -75 <END> 
<S> 48 63 67 72 / 60 63 67 72 / 58 65 74 / 57 67 72 / 59 -67 -72 / 60 65 -56 -72 / 55 62 67 -72 / 60 63 68 -55 / 62 65 -55 -60 / 56 60 63 / 59 62 -56 -72 / 55 60 63 -72 / 53 62 -55 -72 / 55 71 -53 -62 / 51 67 -55 -71 / 48 63 67 69 / 50 62 -69 -69 / 55 62 67 71 <END> 
<S> 57 63 72 -51 / 55 71 -63 -72 / 62 -55 -72 -79 / 60 67 74 -72 / 59 -67 -74 -74 / 60 67 72 75 / 70 -60 -67 -75 / 53 65 68 74 / 55 63 70 75 / 61 -55 -70 -75 / 56 60 68 -75 / 51 58 67 75 / 51 63 67 70 <END> 
<S> 53 68 72 74 / 55 67 71 -74 / 65 -55 -71 -74 / 48 63 67 72 / 51 58 70 79 / 53 60 68 77 / 55 59 67 -77 / 53 60 68 75 / 51 -60 -68 -75 / 53 68 74 -60 / 59 62 -68 -74 / 60 63 67 72 / 62 -60 -67 -72 <END> 
<S> 55 60 67 75 / 53 -60 -67 -75 / 51 59 67 79 / 56 72 77 / 58 70 74 77 / 57 72 75 55 / 74 70 77 / 55 59 -74 -77 / 60 -56 75 -74 / 51 67 72 75 / 70 -51 -67 -75 / 53 65 68 74 / 51 70 75 -65 <END> 
<S> 53 68 74 77 / 47 75 -68 -74 / 48 67 72 75 / 50 -67 -72 -75 / 51 67 72 75 / 53 -67 -72 -75 / 55 67 70 75 / 56 60 68 -75 / 58 62 68 74 / 63 67 72 / 65 65 -68 / 63 67 -65 -70 / 62 65 69 74 / 59 -65 -69 -74 <END> 
<S> 58 65 70 74 / 68 -58 -65 -74 / 60 63 67 75 / 62 65 70 77 / 63 70 79 / 62 -63 -70 -79 / 60 63 67 79 / 58 62 -67 -79 / 57 60 65 77 / 55 -60 -65 -77 / 53 62 68 -77 / 72 -62 -65 -77 <END> 
<S> 56 60 72 77 / 53 -60 -72 -77 / 55 60 67 75 / 53 65 68 74 / 63 72 -53 -68 / 43 62 67 70 / 65 68 72 / 58 67 -65 -72 / 60 63 67 75 / 65 -60 -67 -75 <END> 
<S> 46 62 65 70 / 0 / 63 68 72 77 / 62 65 70 77 / 60 63 70 -77 / 62 77 -60 -70 / 60 75 -60 -77 / 58 74 79 / 55 -58 -74 -79 / 57 72 75 -58 / 56 65 -72 <END> 
<S> 60 63 67 75 / 58 62 -67 -75 / 56 60 72 77 / 55 70 -60 -77 / 53 65 68 72 / 74 -53 -65 -68 / 48 63 67 75 / 69 -48 -63 -75 / 50 65 70 74 / 51 -65 -70 -74 / 53 65 68 72 / 55 63 67 -72 / 53 65 68 74 / 51 67 70 77 / 68 -51 -56 -77 <END> 
<S> 51 67 70 72 / 53 -67 -70 -72 / 55 65 71 74 / 56 60 65 72 / 68 74 -60 -65 / 55 60 67 75 / 53 68 77 -60 / 55 59 67 74 / 56 60 67 -74 / 65 -56 -60 -74 / 55 59 62 67 / 53 60 65 70 / 51 63 -60 -70 <END> 
<S> 60 63 67 75 / 62 65 -60 -75 / 63 60 67 75 / 59 62 -67 -75 / 60 67 75 / 62 -60 -67 -75 / 63 -55 -60 -75 / 59 65 74 77 / 67 -59 -74 -77 / 60 67 72 75 / 55 67 71 74 / 55 67 71 74 <END> 
<S> 62 65 71 77 / 60 75 -65 -68 / 62 67 74 77 / 63 70 79 / 62 65 70 77 / 60 63 75 79 / 58 62 74 79 / 57 60 72 77 / 59 67 74 -77 / 60 75 -67 -74 / 72 -60 -67 -75 <END> 
<S> 60 63 72 79 / 62 -60 -72 -79 / 70 60 0 -79 / 0 / 51 60 67 75 / 59 62 67 77 / 60 67 75 / 55 59 67 74 / 55 59 67 74 <END> 
<S> 56 63 68 72 / 55 -63 -68 -72 / 53 61 67 70 / 52 60 -67 -70 / 53 60 67 68 / 55 60 67 -68 / 56 60 65 68 / 53 -60 -65 -68 60 64 67 -60 <END> 
<S> 48 63 67 -70 / 53 72 -63 -67 / 52 60 67 72 / 58 -52 -67 -72 / 54 57 62 74 / 72 -54 -57 -62 / 55 70 -57 -62 / 56 -48 -55 -70 / 50 54 57 69 / 55 58 67 -50 / 60 -55 -67 69 / 52 60 67 70 / 53 65 68 -70 <END> 
<S> 55 62 70 / 50 -55 -62 -70 / 48 55 63 69 / 53 60 65 -69 / 67 -48 -53 -63 / 46 55 62 67 / 43 69 -55 -62 / 43 55 58 60 / 45 60 -55 -63 / 47 55 62 67 / 43 -55 -62 -67 / 48 55 60 64 / 53 62 -48 -55 / 52 60 67 -48 / 50 62 -60 -67 <END> 
<S> 43 55 62 70 / 55 -43 -62 -70 / 48 55 69 -62 / 53 -45 -55 -69 / 46 55 62 -69 / 43 59 62 67 / 48 55 60 63 / 58 -48 -55 -63 / 44 56 60 65 / 43 62 -56 -65 / 44 53 60 65 / 41 41 60 -65 / 63 -41 -60 <END> 
<S> 48 55 60 63 / 46 -55 -60 -63 / 44 56 60 63 / 43 -56 -60 -63 / 44 56 62 65 / 47 -56 -65 / 48 55 63 67 / 60 -48 -63 -67 / 41 56 65 -60 / 60 -41 -56 -60 / 43 55 59 62 / 53 -43 -62 -71 / 48 51 60 63 / 46 -48 -60 -63 / 44 53 65 -60 / 43 59 -53 -65 <END> 
<S> 44 56 60 65 / 55 -44 -60 -65 / 46 53 62 -60 / 58 -41 -53 -62 / 39 49 58 67 / 51 58 67 / 55 58 64 67 / 61 -55 -58 -67 / 48 60 63 68 / 53 -60 -63 -68 / 55 58 62 70 / 56 -53 -62 -70 / 55 58 63 70 / 53 60 65 -70 <END> 
<S> 51 60 63 67 / 58 -51 -63 -67 / 56 65 68 / 55 58 67 70 / 53 60 68 72 / 50 53 -68 -72 / 51 58 67 79 / 64 -51 -58 -79 / 56 60 63 -79 / 67 75 -60 -63 / 53 60 68 77 / 60 -53 -68 -77 / 55 62 67 70 / 63 -55 -62 -70 <END> 
<S> 51 58 67 75 / 65 -51 -58 -75 / 56 63 72 / 55 62 -63 -72 / 53 60 68 74 / 50 -53 -60 -74 / 55 58 67 74 / 56 65 -55 -74 / 48 55 64 72 / 50 53 65 70 / 51 58 67 -65 / 53 60 68 / 55 58 -60 -68 <END> 
<S> 48 55 63 72 / 56 65 -48 -72 / 51 -56 67 -72 / 50 65 70 -56 / 55 62 -50 -70 / 53 60 63 72 / 57 63 74 -60 / 61 -57 65 -74 / 50 62 65 74 / 55 58 -65 -74 / 53 -58 -65 -74 / 52 55 67 72 / 70 -52 -55 / 53 60 70 79 / 48 63 69 -72 <END> 
<S> 58 62 65 70 / 53 -58 -62 -70 / 51 55 58 67 70 / 60 63 69 / 62 -60 -69 / 60 63 67 / 58 62 65 -67 / 60 64 -53 -67 / 58 62 65 68 / 63 67 72 / 55 -63 -67 -72 / 53 56 68 74 / 53 58 -68 -74 / 56 60 72 75 / 55 70 -60 -75 <END> 
<S> 60 67 75 / 58 -60 -67 -75 / 56 60 68 75 / 55 -60 -68 -75 / 53 60 68 74 / 55 59 67 -74 / 56 60 67 72 / 65 -56 -60 -72 / 50 62 65 71 / 53 62 -60 -71 / 52 60 67 72 / 53 -60 -67 -72 / 55 65 74 -53 / 60 -55 -65 -74 / 65 -55 -60 -74 <END> 
<S> 53 60 67 68 / 55 -60 -67 -68 / 56 60 65 68 / 53 -60 -65 -68 / 60 64 67 / 57 60 65 75 / 58 62 65 74 / 56 60 65 72 / 55 74 -60 -65 / 53 67 71 -60 / 55 59 67 74 / 65 -55 -59 -74 <END> 
<S> 59 62 67 74 / 60 67 75 / 55 59 67 74 / 55 59 67 74 / 60 67 75 / 58 62 70 77 / 51 63 70 79 / 62 77 -51 -70 / 56 60 72 77 / 55 70 -60 -77 <END> 
<S> 60 63 67 75 / 58 62 -67 -75 / 56 60 72 77 / 55 70 -60 -77 / 53 65 68 74 / 75 -53 -65 -68 / 77 -60 -65 -69 / 59 71 -65 -77 / 60 63 72 75 / 62 65 77 -72 / 60 63 67 79 / 58 62 -67 -79 <END> 
<S> 59 62 67 74 / 58 60 67 77 / 60 75 -67 -60 / 58 62 65 74 / 56 60 66 72 / 55 67 70 75 / 53 -67 -70 -75 / 55 62 71 77 / 56 60 72 75 / 55 74 -60 -72 / 53 68 72 75 / 71 -53 -68 -72 / 60 67 72 75 / 62 65 74 77 / 60 63 72 79 <END> 
<S> 56 60 68 77 / 55 -60 -68 -77 / 60 -56 -60 -68 / 55 59 67 -77 / 55 59 74 / 65 -55 -59 -74 / 48 55 63 72 / 55 63 67 72 / 60 -55 -67 -75 / 56 62 65 77 / 63 -56 -65 -77 / 55 70 -65 -65 / 63 -55 -70 / 53 62 67 70 / 51 63 70 79 / 58 -63 -70 -79 <END> 
<S> 48 63 67 72 / 60 63 -67 -72 / 53 65 68 74 / 53 63 70 -74 / 68 72 -53 -63 / 55 62 67 70 / 48 63 67 72 / 53 57 65 72 / 46 58 65 74 / 67 -46 -58 -74 / 53 60 69 75 / 51 -60 -69 -75 / 58 -52 70 -75 / 53 65 68 77 <END> 
<S> 46 53 65 70 / 53 65 69 72 / 74 -53 -65 -69 / 75 -53 -68 -72 / 55 67 74 -72 / 65 -55 -72 -74 / 43 62 70 59 / 67 -43 -61 -70 / 45 60 69 72 / 50 65 70 74 / 52 58 67 75 / 60 -51 -67 -75 / 53 60 69 72 <END> 
<S> 46 62 67 70 / 48 63 69 -67 / 50 58 65 -69 / 51 58 63 67 / 50 -58 -63 -67 / 48 60 63 68 / 50 -60 -63 -68 / 51 58 63 67 / 58 65 -51 / 55 -58 -65 / 56 60 65 -51 / 50 58 65 68 <END> 
<S> 51 63 67 70 / 50 -63 -67 -70 / 48 63 67 72 / 46 62 -67 -72 / 44 60 67 72 / 43 62 71 -67 / 65 -43 -67 -71 / 48 63 67 72 / 62 71 -48 -67 / 60 63 69 -67 / 59 62 67 71 <END> 
<S> 48 63 72 -67 / 60 -63 -67 -72 / 55 67 71 74 / 60 67 72 75 / 58 -67 -72 -75 / 56 60 72 77 / 55 70 -60 -77 / 53 65 68 72 / 74 -53 -65 -68 / 75 -53 -65 -68 / 46 58 65 74 <END> 
