<S> 60 63 67 72 / 58 62 67 / 56 63 68 72 / 53 65 68 74 / 55 58 67 75 / 57 60 65 72 / 58 65 74 <END> 
<S> 54 63 69 72 / 62 -54 -69 / 55 62 67 70 / 51 60 67 72 / 53 -60 -67 -72 / 55 59 67 74 / 48 60 67 75 / 53 60 68 74 / 55 59 67 -74 / 56 60 65 72 / 74 -56 -60 -65 <END> 
<S> 56 60 63 72 / 55 -60 -63 -72 / 53 68 72 74 / 55 67 71 -74 / 65 -55 -71 -74 / 48 63 67 72 / 60 67 72 75 / 62 65 71 74 <END> 
<S> 68 72 -53 -63 / 50 62 -68 -72 / 51 63 67 70 / 53 -63 -67 -70 / 55 63 70 -67 / 56 -63 -67 -70 / 58 62 68 -56 / 53 -59 -62 -68 / 55 60 62 67 / 59 -55 -62 -67 / 57 60 65 / 53 62 -57 -65 <END> 
<S> 56 60 63 / 55 59 65 -63 / 62 -56 -59 -65 / 60 -56 -63 / 55 62 65 70 / 53 63 68 72 / 74 -53 -65 -68 / 48 67 75 / 72 -48 -67 -75 / 55 67 74 -72 / 71 -55 -67 -74 / 51 67 72 / 60 -51 -67 -72 <END> 
<S> 48 63 67 72 / 55 67 71 74 / 55 67 71 74 / 53 67 70 74 / 58 -67 -70 -74 / 56 63 70 72 / 65 68 -56 -72 / 63 67 70 / 62 65 -67 -70 / 60 63 67 75 / 58 -60 -67 -75 <END> 
<S> 60 67 75 / 58 62 -67 -75 / 56 63 72 / 55 -63 -72 / 53 68 74 -72 / 50 71 -74 -74 / 67 72 -53 -74 / 54 69 -72 -75 / 55 62 71 74 / 67 72 -55 -74 / 65 -55 -67 -72 / 56 62 65 72 / 60 -56 -65 -72 / 55 59 67 74 / 60 63 67 / 58 64 -67 <END> 
<S> 55 67 72 -63 / 62 -55 -67 -72 / 60 -55 -67 -72 / 43 67 71 74 / 59 -67 -71 -74 / 60 67 72 75 / 62 -67 -72 -75 / 63 67 70 75 / 65 68 -63 -75 / 63 67 70 75 / 65 -67 -70 -75 / 67 70 74 -53 / 59 -67 -70 -74 / 60 67 72 75 / 53 68 72 74 / 55 62 71 -74 / 56 60 72 -70 / 65 74 -56 -72 <END> 
<S> 60 67 72 75 / 70 -60 -67 -75 / 53 65 69 74 / 53 71 74 -60 / 55 67 72 75 / 57 -55 -67 -75 / 51 58 67 74 / 57 60 66 -74 / 55 59 67 74 / 55 59 62 50 53 53 62 -59 <END> 
<S> 56 63 72 / 55 65 72 74 / 67 75 -55 -72 / 53 68 74 77 / 55 67 -74 -77 / 56 67 72 75 / 53 68 -72 -75 / 55 62 74 -72 / 67 -55 -74 -77 / 48 67 72 75 / 53 68 74 -72 / 55 67 71 -74 / 65 -55 -71 -74 <END> 
<S> 55 67 70 75 / 53 -67 -70 -75 / 55 65 70 74 / 53 -65 -70 -74 / 51 63 70 79 / 67 72 -63 -79 / 62 68 77 77 / 60 67 -77 -77 / 58 62 74 77 / 55 63 75 -74 / 55 70 74 / 65 -55 -70 -74 <END> 
<S> 56 60 72 77 / 55 -60 -72 -77 / 53 61 70 79 / 52 60 -70 -79 / 53 60 69 77 / 55 60 67 75 / 53 69 72 74 / 55 67 71 74 / 65 72 -71 -74 / 63 67 72 / 62 74 -67 -72 <END> 
<S> 53 60 69 72 / 50 65 71 74 / 62 66 72 -74 / 55 62 71 79 / 60 67 72 79 / 53 68 72 77 / 65 71 74 -77 / 72 63 72 51 / 55 62 71 74 / 48 60 67 75 / 53 60 68 74 <END> 
<S> 53 68 72 74 / 55 67 71 -74 / 65 -55 -71 -74 / 48 63 72 / 51 55 70 79 <END> 
<S> 53 68 74 / / 60 68 74 / 56 59 68 -74 <END> 
<S> 48 60 67 75 / 55 59 67 74 / 65 -55 -59 -79 <END> 
<S> 60 67 75 / 58 -60 -67 -75 / 56 60 72 77 / 55 70 75 -60 <END> 
<S> 60 67 76 / 59 -60 -67 -76 / 57 60 72 77 / 55 60 79 -77 <END> 
<S> 60 67 76 / 59 -60 -67 -76 / 57 60 65 77 / 55 67 76 -60 / 53 60 69 74 / 55 59 67 -74 / 72 -55 -59 -67 / 74 -55 -67 -74 <END> 
<S> 55 59 67 / 52 60 67 / 58 -52 -67 -70 / 57 65 69 72 / 47 -65 -69 -72 / 48 60 64 69 / 53 60 65 68 / 59 67 -53 -65 <END> 
<S> 50 65 69 / 71 -50 -65 -69 / 52 67 71 / 55 67 -52 -71 / 57 -55 -67 -71 / 69 -55 -67 -76 / 50 62 -67 -72 / 55 62 67 71 / 53 59 65 69 / 52 60 -65 -69 / 59 62 67 74 / 61 64 69 76 <END> 
<S> 45 60 64 72 / 47 62 67 -72 / 48 60 67 76 / 52 60 67 76 / 77 -52 -60 -67 / 53 60 67 79 / 55 59 -67 -76 / 57 60 65 77 / 59 -57 -65 -77 / 60 64 67 76 / 62 77 -60 -67 / 61 64 69 79 <END> 
<S> 55 59 67 76 / 57 60 69 -76 / 59 62 67 74 / 57 60 69 -74 / 55 59 67 74 / 57 60 -67 -74 / 59 62 67 74 / 55 59 -67 -74 / 60 67 76 / 69 -60 -76 / 52 -60 -69 -76 / 53 60 69 81 / 55 67 71 74 / 65 -55 -71 -74 <END> 
<S> 60 67 76 / 59 -60 -67 -76 / 57 60 65 77 / 59 62 67 -77 / 60 77 -62 -65 / 59 62 67 74 / 55 59 62 67 / 60 64 69 -55 / 54 62 69 74 / 56 59 62 71 / 52 55 60 79 / 60 64 -55 -79 / 53 62 69 72 / 71 -53 -62 -77 / 48 60 72 76 / 55 59 -72 74 / 52 -55 -59 -74 <END> 
<S> 55 60 67 76 / 59 -55 -67 -76 / 57 66 74 59 / 59 67 -74 / 55 64 67 72 / 54 62 69 74 / 55 62 67 70 / 57 66 -62 -69 / 55 59 67 / 64 52 67 79 / 50 65 -67 -79 / 52 67 72 79 / 48 64 -72 -79 <END> 
<S> 55 62 69 70 / 53 -62 -70 / 55 -70 69 / 52 54 -69 -72 / 50 70 -57 -72 / 52 55 72 -70 / 53 62 69 -72 / 50 -62 -69 -72 / 55 62 71 -69 / 64 -55 -71 / 65 -55 -71 / 48 67 72 -65 / 48 64 67 76 / 57 60 72 77 / 59 67 -72 -77 <END> 
<S> 48 64 67 72 / 55 71 -67 -48 / 60 66 69 -55 / 62 67 71 / 52 60 -67 / 53 60 67 69 / 65 -53 -60 -69 / 55 59 67 -53 / 52 60 -55 -67 / 50 57 65 -60 / 59 -50 -57 -65 / 48 55 60 64 / 53 57 -60 -64 <END> 
<S> 53 60 65 69 / 62 -53 -65 -69 / 52 60 64 67 / 58 -52 -64 -67 / 49 57 65 -64 / 55 59 -65 / 53 -59 -59 -65 / 48 55 60 64 / 0 / 55 59 62 67 <END> 
<S> 55 58 62 / 64 -55 -58 / 53 57 65 69 / 55 59 67 -65 / 60 64 67 / 59 -60 -64 -67 / 54 60 69 74 / 55 -60 -69 -74 / 59 67 -55 -74 / 65 -55 -59 -74 / 45 64 -55 72 <END> 
<S> 60 67 76 / 59 -60 -67 -76 / 57 60 65 77 / 55 59 67 76 / 53 57 69 74 / 50 65 -57 -74 / 52 64 67 -74 / 53 69 -64 -64 / 55 62 67 71 / 52 60 67 72 / 53 69 74 -60 / 55 59 67 -74 / 65 -55 -59 -74 <END> 
<S> 50 60 66 74 / 55 59 67 74 / 52 59 67 / 65 -52 -59 -67 / 57 60 64 72 / 55 -60 -64 -72 / 53 62 69 74 / 71 -53 -62 -74 / 72 -53 -62 -69 / 55 67 71 74 / 52 -67 -71 -74 / 67 72 -55 -67 / 62 65 69 -72 / 50 71 -62 -72 / 67 -62 -71 -71 / 65 69 -62 -71 / 64 67 -71 -71 / 62 65 81 -67 69 69 60 66 60 -69 59 62 67 71 59 64 / 57 64 72 -64 / 62 -45 71 -57 <END> 
<S> 50 62 69 78 / 62 71 -50 -62 / 52 60 64 67 / 65 -52 -60 -67 / 48 67 64 72 / 55 -48 -67 -72 / 53 67 72 / 55 -67 -72 / 64 67 71 / 55 65 -67 -71 / 60 64 67 72 / 48 -60 -64 -67 / 53 60 65 67 / 52 -60 -65 -67 / 55 58 64 67 / 62 -55 -58 -67 / 57 60 61 / 55 58 64 72 / 53 56 62 -72 <END> 
<S> 56 64 67 72 / 62 65 -56 -72 / 64 -57 -72 / 67 69 74 / / 59 62 -74 / 55 60 67 76 / 72 -55 -60 -67 / 55 59 74 -67 / 65 -55 -59 -74 / 57 60 64 72 / 55 64 -72 / 53 62 65 71 / 64 -53 -65 -71 / 62 65 69 77 / 59 -62 -65 -77 <END> 
<S> 55 60 64 72 / 53 56 65 74 / 52 59 67 76 / 53 57 74 77 / 47 62 -74 -77 / 48 64 72 76 / 60 67 72 76 / 77 -60 -67 -72 / 60 67 72 79 / 70 -60 -67 -79 / 61 69 77 <END> 
<S> 60 64 67 76 / 65 -60 -67 -76 / 58 67 76 / 57 69 77 -60 / 59 62 67 79 / 60 67 77 / 59 62 67 74 / 60 67 76 / 59 -60 -67 -76 / 57 60 69 77 / 55 62 71 79 / 57 60 69 77 / 59 62 -69 -77 <END> 
<S> 60 67 76 / 59 -60 -67 -76 / 57 60 72 77 / 62 -57 -72 -77 / 55 64 71 79 / 57 60 72 -79 / 59 67 74 / 55 60 67 76 / 65 -55 -60 -76 / 55 60 64 70 / 53 62 -60 -70 / 52 60 67 -60 / 59 -52 -60 -67 / 53 60 -60 -67 / 55 59 62 67 / 55 59 64 / 57 -55 -59 / <END> 
<S> 55 67 71 74 / 60 66 69 74 / 59 62 67 -74 / 66 -54 -62 / 55 59 64 67 / 54 57 62 74 / 50 59 66 -74 / 72 -50 -50 -66 / 43 55 59 67 / 48 55 60 64 <END> 
<S> 57 64 69 72 / 55 -64 -69 -72 / 54 62 69 72 / 50 -62 -69 -72 / 55 62 67 71 / 55 59 62 67 / 53 -59 -62 -67 / 52 60 67 72 / 58 -52 -67 -72 / 53 57 69 74 / 58 -53 -69 -74 / 48 60 72 76 / 64 -48 -72 -76 / 53 65 72 81 / 71 -53 -65 -81 <END> 
<S> 52 60 67 72 / 58 -52 -67 -72 / 53 57 69 72 / 52 65 68 71 / 74 -52 -65 -71 / 57 60 69 76 / 59 62 74 -69 / 67 -59 -62 -74 / 60 64 67 76 / 56 62 -67 -76 / 72 -56 -67 -72 / 55 71 74 -67 / 65 -55 -71 -74 / 48 64 67 72 / 55 62 67 71 <END> 
<S> 60 64 67 76 / 60 -60 -67 -76 / 55 60 67 74 / 59 -55 -67 -74 / 48 64 67 72 / 60 64 72 79 / 53 65 72 81 / 64 -53 -72 -81 / 54 62 74 81 / 72 -54 -62 -81 / 55 67 71 74 / 53 67 71 74 / 52 -67 -71 -74 <END> 
<S> 53 65 72 81 / 64 -53 -72 -81 / 54 62 74 81 / 72 -54 -62 -81 / 55 67 71 74 / 55 67 71 74 / 53 -67 -71 -74 / 52 67 72 79 / 50 74 -67 -79 / 52 67 72 79 / 53 -67 -72 -79 / 55 67 71 74 / 53 -67 -71 -74 / 52 68 71 76 / 74 -52 -68 -71 <END> 
<S> 52 67 72 79 / 50 -67 -72 -79 / 52 67 72 79 / 53 -67 -72 -79 / 55 67 71 74 / 53 -67 -71 -74 / 52 68 71 74 / 57 67 73 76 / 50 69 74 77 / 52 67 72 76 / 53 69 72 74 / 55 67 71 -74 / 57 67 72 76 <END> 
<S> 50 69 76 77 / 71 -50 -77 -77 / 52 67 72 76 / 53 69 -72 -76 / 55 67 71 74 / 55 67 71 74 / 60 67 72 76 / 59 -67 -72 -76 / 57 69 72 77 / 59 67 74 79 / 77 -59 -67 -74 / 60 76 -67 -74 / 69 72 77 -60 / 70 -60 -72 <END> 
<S> 60 67 72 76 / 59 -67 -72 -76 / 57 69 72 77 / 59 67 74 79 / 57 72 -67 -79 / 55 62 71 79 / 57 60 69 77 / 59 62 -69 -77 / 60 64 67 76 / 66 69 -60 -76 / 62 67 71 74 / 64 69 72 57 62 66 71 79 <END> 
<S> 57 60 69 77 / 59 62 -69 -77 / 60 64 67 76 / 66 -60 -76 -76 / 67 71 74 -76 / 72 -67 -71 -76 / 62 67 72 77 / 60 67 72 76 / 59 67 74 79 / 77 -67 -74 / 60 76 76 -69 / 59 62 74 79 / 64 72 81 <END> 
<S> 60 67 72 76 / 59 69 74 77 / 76 -62 -69 -77 / 67 71 74 83 / 76 -67 -74 -83 / 72 74 81 -67 / 55 62 74 -81 / 67 71 76 / 62 66 74 81 / 60 -66 -74 -81 / 59 67 74 79 / 55 -59 -67 -79 / 60 63 67 79 / 62 -60 -67 -79 / 56 60 67 72 / 65 -56 -60 -72 <END> 
<S> 60 67 76 / / 60 -60 -76 / 55 59 67 74 / 48 60 67 76 / 55 59 67 74 / 52 60 67 79 / 48 60 64 79 / 79 -48 -60 -79 / 50 69 77 -60 / 59 62 74 79 / 52 67 71 79 <END> 
<S> 55 60 67 74 / 57 72 -67 -74 / 55 59 67 74 / 57 -55 -67 -74 / 52 59 67 72 / 54 57 69 74 / 55 59 67 -74 / 62 72 -59 -67 / 45 60 65 69 / 47 62 -65 -69 / 48 64 67 71 / 50 -62 -67 -71 <END> 
<S> 43 59 67 74 / 45 60 -67 -74 / 47 62 68 74 / 43 59 62 -74 / 45 59 64 72 / 45 57 65 72 / 47 55 62 67 / 48 -55 -62 -67 / 50 60 67 69 / 62 66 -50 -69 / 43 64 67 71 / 62 -43 -67 -71 <END> 
<S> 47 55 62 67 / 48 60 -55 -67 / 50 62 66 69 / 60 -50 -66 -69 / 43 59 62 67 / 48 60 76 -67 / 50 65 69 / / 71 -50 -65 / 48 52 67 72 / 53 60 65 -72 / 52 55 67 71 / 50 62 65 69 / 64 -50 -69 -69 / 62 65 -69 -72 / 64 71 -65 / 69 -48 -64 <END> 
<S> 52 60 67 72 / 50 65 69 74 / 71 -50 -65 -74 / 48 67 72 76 / 60 74 77 -48 / 76 79 -48 -60 / 53 59 74 77 / 60 72 76 -53 / 55 67 71 74 / 56 64 71 76 / 57 64 71 76 / 62 -57 -71 -76 / 45 60 69 77 / 59 67 74 -77 <END> 
<S> 59 67 74 79 / 60 67 72 76 / 59 74 -67 -72 / 57 60 72 76 / 55 -72 -60 / 53 59 74 / / 76 -53 -59 / 45 52 60 65 / 53 69 -60 / 55 59 67 74 / 53 56 62 71 <END> 
<S> 57 60 69 74 / 55 59 71 -69 / 74 -55 -59 -67 / 48 64 67 72 / 60 64 67 72 / 59 62 67 79 / 69 -59 -62 -79 / 64 71 79 50 62 66 -71 -79 / 60 67 72 76 / 62 77 -72 <END> 
<S> 59 62 67 79 / 60 69 -67 -79 / 62 71 79 / 72 -62 -66 -79 / 59 62 67 79 / 60 67 76 / 62 71 -60 -67 / 60 64 69 72 / 62 -64 -69 -72 / 64 71 -69 / 68 -64 -71 / 45 64 69 72 / 47 62 71 79 <END> 
<S> 57 64 67 72 / 62 74 -57 -72 / 52 60 69 -74 / 59 67 -52 -74 / 57 64 67 72 / 62 71 -67 -76 / 66 -57 -62 -69 / 55 59 62 67 / 52 64 67 72 / 54 62 69 -72 / 55 62 67 71 / 48 64 67 69 / 50 62 66 -69 / 60 -50 -66 -69 <END> 
<S> 54 57 62 72 / 55 62 67 71 / 50 -62 -67 -71 / 52 60 67 72 / 48 -67 -72 / 50 66 69 74 / 62 -50 -69 -74 / 55 62 67 71 / 53 60 67 72 / 52 -60 -67 -72 / 53 69 74 -60 / 55 59 67 -74 / 57 60 64 72 / 64 -57 -60 -72 <END> 
<S> 52 55 67 72 / 50 65 -55 -72 / 48 55 64 70 / 57 65 -48 / -70 60 67 -57 / 55 59 62 -67 / 53 -59 -62 -67 / 52 60 67 72 / 55 -60 -67 -72 / 53 60 67 74 / 64 -53 -60 -74 / 65 -53 -60 -74 / 55 59 67 74 / 65 -55 -59 -74 / 48 55 64 72 <END> 
<S> 53 60 69 74 / 55 -60 -69 -74 / 57 60 76 -69 / 50 65 69 74 / 55 64 70 76 / 53 -64 -70 -76 / 61 69 77 -64 / 57 60 69 76 / 77 -57 -69 / 59 62 67 79 / 60 64 72 -79 / 79 -60 -64 -72 / 73 76 -60 -67 / 69 -60 -76 / 67 71 -60 -79 / 66 69 74 -60 / 59 67 71 -74 / 64 72 -67 / 62 65 71 <END> 
<S> 60 64 69 79 / 57 -60 -69 -79 / 59 62 71 79 / 74 -59 -62 -78 / 56 62 -62 -71 / 57 60 64 72 / 66 -57 -60 -72 / 55 59 67 74 / 53 59 62 67 / 52 60 67 76 / 50 65 69 74 / 55 62 71 79 / 60 64 -55 -71 / 62 72 -55 -60 / 59 62 -55 -72 / 64 -55 -59 -74 / 65 -52 -59 -74 <END> 
<S> 55 59 67 74 / 60 67 76 / 59 -60 -67 -76 / 57 60 66 -76 / 55 59 67 74 / 55 59 62 67 / 53 -59 -62 -67 / 52 59 64 67 / 50 57 65 -64 / 55 62 64 71 / 53 62 65 69 / 52 60 65 71 / 59 62 -52 -65 <END> 
<S> 52 59 67 / 50 65 -59 -67 / 48 57 64 69 / 55 59 64 74 / 52 60 67 76 / 59 -52 -67 -76 / 57 60 66 -52 -76 / 59 67 74 -52 / 57 72 -67 / 50 66 74 -72 / 52 -66 -72 -74 / 71 -52 -67 -74 / 45 60 67 69 / 47 62 -67 -67 / 48 62 67 69 / 50 -62 -67 -69 / 52 60 67 72 / 53 69 74 -72 / 50 67 71 76 / 48 67 76 60 / 50 77 -60 -67 <END> 
<S> 57 64 69 72 / 55 67 71 74 / 53 67 76 / 52 -67 -73 -76 / 50 65 69 74 / 55 62 71 76 / 43 59 62 74 / 52 61 64 -74 / 50 62 65 71 / 48 64 67 72 / 47 62 67 74 / 45 60 67 76 / 43 59 -67 -76 <END> 
<S> 59 62 67 71 / 64 69 -67 / 66 66 74 / 59 -66 -66 -74 / 59 62 74 -67 / 60 64 72 -67 / 62 66 69 -72 / 60 64 67 71 / 62 65 -67 -71 / 57 64 69 72 / 59 62 -69 -72 / 60 64 67 / 62 65 -60 -67 / 60 64 67 / 59 -60 -64 -67 / 54 60 69 72 / 55 62 67 71 / 48 64 67 69 / 50 62 66 -69 / 60 -50 -66 -69 <END> 
<S> 62 65 69 -48 / 47 62 67 79 / 48 60 64 67 / 59 62 -48 -67 / 50 57 60 66 / 55 59 62 67 / 53 59 62 67 / 52 60 64 67 / 59 -52 -64 -67 / 45 57 64 72 / 43 -57 -64 -72 / 45 57 64 72 / 65 -45 -57 -72 <END> 
<S> 45 57 64 72 / 54 -45 -64 -72 / 52 55 64 71 / 50 -55 -64 -71 / 48 64 69 -55 / 54 -48 -64 -69 / 52 57 66 71 / 50 59 62 -71 / 52 60 64 67 / 54 57 -64 -67 / 44 59 62 71 / 52 60 -62 -71 / 56 59 62 71 / 52 60 72 -71 / 50 65 69 -72 / 71 -50 -65 -72 <END> 
<S> 54 57 62 42 / 55 -57 -62 -74 / 52 55 67 72 / 54 -51 -67 -72 / 52 55 67 72 / 60 -52 -67 -72 / 53 69 72 74 / 62 -53 -69 -74 / 55 62 71 -74 / 67 -55 -62 -74 / 65 -55 -71 -74 / 48 64 67 72 / 60 66 69 74 / 55 67 71 74 / 62 67 71 -74 / 66 69 74 <END> 
