<S> 60 64 67 72 / 53 65 69 72 / 71 74 -53 -65 / 48 67 72 76 / 60 -67 -72 -76 / 62 65 71 77 / 69 -62 -65 -77 / 64 67 79 / 65 -64 -67 -79 / 62 67 71 -79 / 60 76 81 -67 / 62 66 74 -81 / 55 67 71 79 <END> 
<S> 59 62 74 79 / 67 -59 -74 -79 / 60 67 76 -74 / 72 -60 -67 -76 / 55 67 72 74 / 71 -55 -67 -74 / 56 64 71 76 / 57 64 69 72 / 59 62 74 -69 / 67 -59 -62 -74 / 60 67 76 / 62 77 -60 -67 <END> 
<S> 59 62 67 74 / 57 60 -67 -74 / 55 59 67 74 / 53 -59 -67 -74 / 52 61 67 76 / 50 62 65 77 / 52 67 70 79 / 53 65 69 81 / 55 67 71 74 / 57 64 69 72 / 53 60 69 74 <END> 
<S> 62 69 77 / 60 64 79 -69 / 59 62 71 77 / 57 60 72 77 / 59 67 74 / 55 67 71 74 / 60 67 72 76 / 59 -67 -72 -76 / 57 69 72 76 / 55 -69 -72 -76 / 53 69 72 74 / 55 67 71 -74 / 65 -55 -71 -74 <END> 
<S> 60 67 72 76 / 59 -67 -72 -76 / 57 60 72 77 / 62 -57 -72 -77 / 64 67 72 76 / 65 69 74 -72 / 67 71 74 / 57 64 72 76 / 57 65 72 76 / 55 67 72 76 / 53 -67 -72 -76 / 55 67 71 74 / 65 -55 -71 -74 <END> 
<S> 57 64 69 72 / 59 62 74 -69 / 67 -59 -62 -74 / 60 67 76 / 62 77 -67 -72 / 64 67 70 79 / 65 -67 -71 -79 / 67 72 81 -67 / 62 -67 -72 -81 / 64 67 72 84 / 62 -64 -67 -79 / 60 62 67 69 / 72 -60 -64 -67 / 55 62 71 74 / 50 -62 -71 -74 <END> 
<S> 64 67 72 79 / 65 81 -72 -79 / 67 71 79 / 64 67 76 / 57 64 69 72 / 55 67 71 74 / 53 -67 -71 -74 / 52 67 72 76 / 50 -67 -72 -76 / 52 67 72 79 / 53 -67 -72 -79 / 55 67 71 74 / 55 -67 -71 -74 / 65 -55 -67 -74 <END> 
<S> 67 72 76 / 66 69 -72 / 67 71 -62 / 64 67 -71 / 65 65 69 -79 / 62 71 -67 38 / 62 72 81 -67 / 66 69 -62 -81 / 67 71 79 / 64 67 72 / 62 69 74 79 / 55 62 71 79 / 57 60 76 77 / 59 62 -69 -77 / 60 64 67 76 / 65 69 -60 -76 <END> 
<S> 59 62 67 79 / 69 -59 -62 -79 / 59 67 71 79 / 65 -59 -71 -79 / 60 64 72 79 / 62 65 -72 -79 / 64 67 71 79 / 62 65 -71 -79 / 60 64 72 79 / 62 77 -72 -79 / 57 72 76 -62 / 55 77 -60 -72 / 53 69 72 79 / 52 67 -72 79 <END> 
<S> 60 64 72 79 / 74 -60 -64 -79 / 58 65 74 81 / 64 -58 -74 -81 / 70 74 79 -65 / 64 67 72 79 / 53 69 72 77 / 67 71 -53 -77 / 52 67 72 79 / 53 -67 -72 -79 / 55 67 71 74 / 52 67 71 79 <END> 
<S> 50 65 72 77 / 71 -50 -65 -77 / 52 67 72 76 / 53 -67 -72 -76 / 55 67 71 74 / 55 67 71 74 / 60 67 72 76 / 59 -67 -72 -76 / 57 69 72 77 / 59 67 74 79 / 77 -59 -67 -74 / 60 76 -67 -74 / 69 72 77 -60 / 70 -60 -62 -77 <END> 
<S> 60 67 72 76 / 59 -67 -72 -76 / 57 69 72 77 / 59 67 74 79 / 77 -67 -74 / 76 62 -67 -79 / 77 -57 -67 -72 / 60 76 67 47 / 59 74 79 / 57 60 72 76 / 55 74 -60 -72 / 53 69 72 76 / 52 67 -72 -76 / 53 65 69 74 / 71 -53 -65 -74 / 48 67 72 76 / 60 -48 -72 -76 <END> 
<S> 60 67 76 / 64 -60 -67 -76 / 62 66 69 -76 / 55 67 71 74 / 55 67 71 74 / 48 -67 -72 -74 / 50 65 72 77 / 71 -50 -65 -77 / 52 67 72 76 / 53 -67 -72 -76 / 55 67 74 -72 / 71 -55 -67 -74 / 60 67 72 76 / 77 -60 -67 -72 <END> 
<S> 48 64 72 79 / 50 65 -72 -79 / 52 67 72 79 / 53 -67 -72 -79 / 55 67 74 -72 / 71 -55 -67 -74 / 52 67 71 76 / 65 74 -52 -71 / 57 64 69 72 / 55 -64 -69 -72 / 54 62 -69 -72 / 50 -62 -69 -72 / 55 62 67 71 / 55 59 62 67 / 53 -59 -62 -67 <END> 
<S> 57 64 72 -71 / 69 -64 -57 -72 / 54 62 69 74 / 72 -54 -62 -69 / 55 62 67 71 / 53 59 62 67 / 52 60 67 72 / 50 65 69 74 / 71 -50 -65 -74 / 48 67 72 76 / 50 77 -72 / 52 79 -72 -77 / 53 -72 79 55 / 52 67 72 -79 <END> 
<S> 52 60 67 72 / 54 69 -60 -72 / 55 62 67 71 / 62 -55 -67 -71 / 48 64 69 -67 / 50 62 66 -69 / 60 -50 -66 -69 / 43 59 62 67 / 55 59 62 67 / 53 57 -62 -67 / 52 55 64 72 / 54 57 -64 -72 / 55 59 62 71 / 67 -55 -59 -71 <END> 
<S> 52 59 67 / 50 55 65 69 / 64 -50 -55 -69 / 55 62 71 -69 / 67 -55 -62 -71 / 50 62 69 -67 / 66 -50 -62 -69 / 60 -50 -66 -69 / 55 59 62 67 / 43 59 62 67 / 45 60 69 -67 / 47 62 -67 -69 / 48 60 64 -69 / 50 57 62 -69 / 48 57 64 67 / 50 -57 -60 -69 <END> 
<S> 43 59 62 67 / 45 60 -55 -67 / 47 55 62 67 / 43 -55 -62 -67 / 48 55 60 64 / 58 -48 -55 -64 / 41 57 60 69 / 43 59 62 64 / 52 60 64 67 / 53 60 65 69 / 55 59 65 -53 / 52 60 64 / 57 60 64 -64 / 65 -57 -60 -64 / 55 59 62 -65 / 48 55 60 64 / 53 62 -60 -64 / 55 62 -60 / 50 53 62 -60 / 55 59 62 / 43 53 -59 -62 <END> 
<S> 47 55 62 67 / 45 57 60 -67 / 47 55 62 65 / 43 -55 -62 -65 / 48 55 64 -62 / 47 62 -55 -64 / 48 55 60 64 / 59 -48 -55 -64 / 50 55 60 65 / 59 -50 -55 -65 / 48 55 60 64 / 53 60 62 -60 / 55 59 62 / 57 -55 -59 -62 / 55 59 62 / 53 -55 -59 -62 <END> 
<S> 48 55 60 64 / 47 55 62 65 / 45 -55 -59 -62 / 47 50 55 62 / 48 -55 -62 -67 / 43 59 62 67 / 45 52 60 -67 / 43 50 59 67 / 45 -43 -59 -67 / 45 48 60 72 / 47 55 62 67 / 48 55 64 69 / 50 -55 -64 -69 / 52 55 64 72 / 54 62 -64 -72 / 55 59 62 67 / 52 60 67 / 50 53 65 69 <END> 
<S> 40 55 67 72 / 38 71 -55 -67 / 38 57 66 72 / 43 59 62 67 / 36 64 69 -43 / 38 54 -69 -72 / 42 57 64 72 / 62 -57 -72 / 45 60 64 -72 / 43 58 -64 -72 / 45 60 64 72 / 47 62 67 -72 / 48 64 67 72 / 50 -64 -67 -72 / 52 67 72 / 57 -67 -72 -76 / 66 74 -72 / 67 69 -74 / 62 67 71 -74 / 66 69 72 <END> 
<S> 0 / 52 64 67 71 / 50 62 67 -67 / 48 60 67 76 / 52 -67 -60 -76 / 50 57 74 77 / 55 59 62 -77 / 52 60 64 67 / 53 -60 -67 -76 / 55 59 67 74 / 65 -55 -59 -74 / 56 60 64 72 / 55 71 -60 -64 / 62 66 69 / 60 -66 -66 -69 / 59 62 67 71 / 57 -62 -67 -71 <END> 
<S> 55 60 67 74 / 59 -55 -67 -74 / 48 64 67 72 / 48 64 67 72 / 65 74 -48 -67 / 60 67 72 76 / 59 -60 -67 -72 / 60 76 -67 -72 / 69 -60 77 -76 / 59 67 74 -76 / 77 -59 -67 -74 / 60 67 72 76 / 53 -67 -72 -76 <END> 
<S> 60 67 72 / 64 -60 -72 / 61 65 69 -72 / 41 -65 -69 -72 / 46 62 70 74 / 47 62 67 74 / 48 67 76 -62 / 60 -48 -67 -76 / 43 59 67 74 / 64 -43 -59 -74 / 47 62 67 -74 / 48 64 67 76 / 50 65 -67 -72 / 52 60 67 72 / 53 -60 -67 -72 / 52 60 67 70 / 53 65 69 -60 <END> 
<S> 48 60 67 76 / 72 -48 -60 -76 / 55 67 74 -72 / 71 -55 -67 -74 / 52 67 72 / 70 -52 -67 -72 / 53 65 69 72 / 71 -53 -65 -69 / 67 72 76 -53 / -69 -72 47 67 67 74 / 65 69 -74 -77 / 64 71 76 79 / 62 74 -76 -79 / 60 67 76 -53 / 52 -67 -76 -76 <END> 
<S> 59 67 74 79 / 57 72 -67 -79 / 55 62 71 79 / 60 69 -55 -79 / 59 62 67 79 / 57 60 -67 -79 / 59 62 67 79 / 69 77 -62 / 55 62 67 79 / 71 -55 -67 -79 / 60 67 72 76 / 59 -67 -72 -76 / 57 69 72 77 / 59 62 74 79 <END> 
<S> 55 59 62 79 / 53 -59 -62 -79 / 52 60 72 79 / 50 71 -60 -79 / 48 60 67 76 / 53 60 69 74 / 55 59 67 -74 / 72 -55 -60 -67 / 55 59 67 74 / 53 -67 -74 / 52 64 67 72 / 50 62 -67 -72 / 52 55 67 71 / 48 64 -55 -67 <END> 
<S> 55 62 67 71 / 53 60 69 -67 / 52 60 67 -69 / 64 -60 -67 / 50 62 66 69 / 60 -50 -66 -69 / 55 59 62 67 / 55 59 67 / 57 60 -67 / 59 62 74 -57 / 52 60 64 72 / 50 66 74 -60 / 52 60 67 72 / 59 -52 -67 -72 / 53 57 69 -72 / 71 -53 -57 52 / 52 60 72 76 / 50 59 77 -72 <END> 
<S> 57 64 67 72 / 59 62 74 -67 / 60 64 76 / 62 77 -60 -69 / 61 64 69 79 / 62 65 77 81 / 59 62 74 79 / 55 64 71 -79 / 57 72 81 / 71 -57 -64 / 56 64 72 76 / 55 71 74 -64 / 57 69 72 77 / 59 67 74 79 <END> 
<S> 59 62 74 79 / 57 -59 -74 -79 / 59 64 74 79 / 57 -64 -67 -79 / 62 65 77 81 / 72 -62 -65 -77 / 55 67 70 76 / 53 69 77 / / 60 67 76 -53 / 52 -60 -67 -76 / 53 69 72 74 / 71 -53 -69 -74 / 52 67 72 76 / 50 -67 -72 -76 / 52 67 72 79 / 53 -67 -72 -79 <END> 
<S> 58 62 69 74 / 67 -58 -62 -74 / 57 61 67 76 / 65 -57 -61 -76 / 64 -57 -60 -76 / 50 57 65 74 / 59 -50 -65 -74 / 60 64 72 / 74 -60 -64 / 59 67 76 / 65 69 -59 -79 / 64 67 71 79 / 62 -64 -67 -79 / 62 65 77 / 71 -62 -65 -77 / 60 64 72 79 / 74 -60 -64 <END> 
<S> 60 67 76 / 59 -60 -67 -76 / 57 60 69 77 / 55 62 71 79 / 57 60 69 77 / 59 62 -69 -77 / 60 64 67 76 / 61 -64 -67 -76 / 57 62 65 74 / 59 69 -62 -74 / 68 -59 -62 -74 / 57 61 69 76 / 57 64 69 72 / 55 -64 -69 -72 <END> 
<S> 58 62 65 74 / 67 -58 -62 -74 / 57 69 73 76 / 79 -57 -69 -76 / 50 57 69 74 / 62 66 69 74 / 72 -62 -66 -69 / 64 67 71 / 57 62 66 72 / 55 62 67 71 / 60 64 67 / 59 62 67 -48 -67 <END> 
<S> 62 67 69 / 60 66 69 62 / 58 64 -69 57 / 57 64 71 76 / 55 -64 -71 -76 / 54 69 74 / 50 62 66 -74 / 52 67 72 / 54 57 69 -72 / 55 59 67 71 / 60 69 -55 -59 / 54 62 69 -55 / 54 59 62 / 52 52 60 67 <END> 
<S> 50 62 65 74 / 60 -50 -65 -74 / 55 59 67 74 / 48 60 -67 -74 / 72 -48 -60 -67 / 50 59 67 74 / 52 60 67 76 / 54 60 69 74 / 59 67 -53 -74 / 52 60 67 76 / 58 -52 -67 -76 / 53 57 65 72 / 47 62 67 77 / 48 60 67 76 <END> 
<S> 55 67 74 -60 / 59 -55 -67 -74 / 57 -55 -67 -74 / 59 62 67 74 / 55 67 71 74 / 54 -67 -71 -74 / 52 67 72 79 / 50 -67 -72 -79 / 52 67 72 79 / 53 -67 -72 -79 / 55 67 71 74 / 53 -67 -71 -74 / 52 68 71 74 / 50 -68 -71 -74 <END> 
<S> 52 67 72 79 / 53 -67 -72 -79 / 55 67 71 74 / 48 67 76 79 / 50 62 77 77 / 52 67 72 76 / 53 -67 -72 -76 / 55 67 74 -72 / 71 -55 -67 -74 / 65 -55 -71 -74 / 56 64 71 72 / 57 64 69 72 <END> 
<S> 53 69 72 74 / 55 67 71 -74 / 65 -55 -71 -74 / 48 64 67 72 / 55 67 71 74 / 53 -67 -71 -74 / 52 67 72 / 50 65 74 -67 / 48 64 67 76 / 50 62 -67 -76 / 52 60 67 76 / 53 65 69 72 / 62 74 -53 -69 / 60 64 67 76 <END> 
<S> 52 67 70 72 / 50 65 69 74 / 71 -50 -65 -74 / 48 64 72 76 / 50 65 77 -72 / 52 67 72 79 / 53 -67 -72 -79 / 55 67 71 74 / 60 67 72 76 / 54 69 72 74 / 67 70 76 / 65 69 77 -76 / 64 71 73 -76 / 62 74 81 -67 / 67 76 -62 83 / 62 -67 -76 -79 <END> 
<S> 48 67 72 76 / 50 -67 -72 -76 / 52 67 72 76 / 53 -67 -72 -76 / 55 67 72 74 / 57 -67 -72 -74 / 59 71 74 -67 / 56 65 -71 -74 / 57 64 72 -71 / 59 -64 -71 -72 / 60 64 69 72 / 62 -64 -69 -72 / 64 68 71 <END> 
<S> 57 64 69 72 / 71 -57 -64 -72 / 54 57 62 72 / 74 -54 -57 -62 / 55 59 67 74 / 53 -59 -67 -74 / 52 61 67 76 / 50 62 65 77 / 52 67 76 / 53 65 69 74 / 55 59 -65 -74 / 64 -55 -59 -74 / 45 60 65 72 / 57 74 -60 -65 <END> 
<S> 50 58 65 77 / 67 -50 -58 -77 / 48 60 69 76 / 55 67 71 74 / 55 67 74 / 62 -55 -67 -74 / 64 71 79 / 73 -64 -67 / 57 60 69 77 / 59 62 -69 -77 / 60 64 67 76 / 59 67 -64 -76 / 62 66 69 -76 / 60 67 -66 -69 / 58 67 71 74 / 57 69 72 76 / 55 -69 -72 -76 <END> 
<S> 59 62 67 79 / 60 69 -67 -79 / 55 62 71 79 / 57 60 69 76 / 62 -57 -69 -76 / 64 -57 -69 -76 / 50 65 70 77 / 69 -50 -65 -77 / 52 70 79 -65 / 64 -52 -70 -79 / 57 64 72 77 / 55 69 74 -77 / 53 67 70 76 / 77 -53 -67 -74 <END> 
<S> 52 64 70 79 / 53 -64 -70 -79 / 55 58 70 76 / 53 60 69 81 / 46 61 65 69 / 52 67 -46 -65 / 50 59 65 74 / 57 60 -50 -74 / 43 55 59 67 / 74 -43 -59 -67 <END> 
<S> 58 62 65 74 / 67 -58 -62 -74 / 57 60 64 69 / 50 -57 -60 -69 / 52 59 67 / / 52 -59 -67 / 45 60 65 69 / 47 -60 -65 -69 / 48 60 64 67 / 59 -48 -64 -67 / 50 57 66 -64 / 62 -50 -57 -66 / 60 -50 -57 -66 / 55 59 62 67 / 59 -55 -62 -67 <END> 
<S> 45 60 64 72 / 47 -60 -64 -72 / 48 60 64 69 / 45 60 64 69 / 47 59 62 67 / 49 58 64 67 / 50 -58 65 69 / 52 71 61 67 / 53 -40 -67 -71 / 52 55 67 72 / 50 53 65 74 / 48 64 67 76 / 62 -48 -67 -76 <END> 
<S> 53 60 69 / 52 55 -60 -69 / 50 57 65 69 / 55 62 67 71 / 52 60 67 72 / 54 69 -60 -72 / 55 62 71 -69 / 67 -55 -62 -71 / 48 64 69 -67 / 0 / 47 59 62 67 <END> 
<S> 50 62 66 71 / 69 -50 -66 -69 / 43 59 62 67 / 52 60 67 79 / 53 60 69 77 / 55 67 71 76 / 65 74 -67 -71 / 64 67 72 / 59 62 67 74 <END> 
<S> 53 60 69 72 / 62 71 -53 -69 / 52 60 67 72 / 58 -52 -67 -72 / 53 57 69 72 / 52 67 72 -57 / 55 -52 -67 -72 / 53 60 69 -67 / 62 65 -53 -69 / 60 64 67 / 58 62 -64 -67 / 57 60 64 72 / 55 59 67 74 <END> 
<S> 53 57 67 72 / 65 -53 -57 -72 / 52 60 67 72 / 58 -52 -67 -72 / 53 57 65 72 / 55 59 -65 -72 / 60 56 -65 -72 / 55 59 67 74 / 53 -59 -67 -74 / 52 59 67 -76 / 50 77 -59 -67 / 48 60 67 76 / 55 59 74 -67 / 72 -55 -59 -67 / 65 -55 -59 -67 <END> 
<S> 47 55 62 67 / 48 55 60 64 / 46 55 62 67 / 69 -46 -62 -67 / 43 50 58 67 / 45 60 65 69 / 47 -60 -65 -69 / 48 60 64 67 / 58 -48 -64 -67 / 41 56 65 -64 / 55 64 72 / 47 62 -55 -64 / 48 55 64 -62 / 50 -48 -55 -64 <END> 
<S> 45 60 64 67 / 47 -60 -64 -67 / 45 60 65 69 / 47 -60 -65 -69 / 48 60 64 67 / 58 -48 -64 -67 / 53 57 60 69 / 65 -53 -57 -69 / 59 62 -53 -65 / 60 -53 -65 / 56 62 -53 -65 / 55 60 64 67 / 62 -55 -60 -67 / 43 60 64 -60 / 59 -43 -55 -64 / 45 57 60 64 / 47 -57 -60 -65 / 48 55 60 64 / 47 -55 -60 -64 <END> 
<S> 53 60 65 69 / 63 -53 -60 -69 / 55 59 62 67 / 60 -54 -62 -67 / 55 58 62 / 57 60 -55 / 53 55 62 70 / 52 -55 -60 -70 / 53 58 65 69 / 52 -53 -65 -69 / 50 58 65 70 / 49 -58 -65 -70 / 52 58 60 65 / 53 57 -60 -65 / 55 58 62 70 / 56 60 -55 -70 / 53 55 62 70 / 68 -48 -55 -60 <END> 
<S> 46 53 65 70 / 50 58 65 69 / 51 54 63 70 / 62 -51 -63 -70 / 50 60 65 68 / 58 62 -65 -68 / 51 58 63 67 / 62 -51 -58 -67 / 56 60 63 72 / 55 58 -63 -72 / 53 56 65 72 / 63 -53 -56 -72 / 55 62 71 79 <END> 
<S> 63 67 -58 -63 / 56 60 -63 -67 / 58 62 65 / -56 60 -62 -65 / 53 62 65 70 / 63 68 -53 -70 / 62 65 69 / 60 63 69 / 62 65 70 / 63 -62 -65 -70 / 59 62 67 77 / 62 -59 -62 -67 / 60 60 66 -62 / 55 59 62 67 / 55 58 62 70 / 53 56 65 72 / 74 -53 -56 -65 <END> 
<S> 62 63 67 75 / 60 -63 -67 -75 / 58 62 65 74 / 56 60 -65 -74 / 55 67 70 75 / 53 68 77 -72 / 55 62 71 79 / 56 60 72 77 / 58 62 70 -77 / 68 -58 -62 -77 / 60 63 67 75 / 58 65 74 -75 / 56 -65 -70 -74 / 55 67 70 75 / 53 -67 -70 -75 <END> 
<S> 53 63 68 72 / 55 62 70 79 / 56 60 72 77 / 53 62 -70 -77 / 51 63 70 79 / 65 77 -60 -70 / 39 67 72 75 / 53 68 74 -72 / 55 67 71 -74 / 65 72 -55 -71 / 64 -55 -67 -71 / 60 63 67 72 / 58 62 -67 -72 / 57 60 65 72 / 55 67 -60 -72 <END> 
<S> 53 68 72 74 / 53 -68 -72 -74 / 55 62 71 74 / 65 -55 -71 -74 / 48 63 67 72 / 60 63 67 72 / 58 62 -67 -72 / 57 60 72 77 / 58 62 -72 -77 / 57 63 72 77 / 55 70 75 79 / 57 65 72 77 / 53 69 74 -65 <END> 
<S> 60 63 67 75 / 58 62 -67 -75 / 56 60 72 77 / 55 70 75 -60 / 53 65 74 -60 / 59 75 -53 -65 / 62 -53 -59 -74 / 47 55 62 67 / 48 55 63 / 62 -48 -48 -63 / 56 -48 60 65 / 47 55 62 67 / 47 55 62 65 <END> 
<S> 48 55 63 72 / 55 59 67 74 / 51 60 67 72 / 53 69 -60 -72 / 50 65 71 74 / 48 67 72 75 / 50 65 -72 -75 / 51 67 72 75 / 53 -67 -72 -75 / 55 67 71 74 / 56 65 72 60 <END> 
<S> 48 63 67 72 / 56 63 72 -48 / 55 65 74 / 53 75 -65 / 53 68 74 77 / 58 76 -68 -74 / 56 67 72 / 65 70 -56 -72 / 55 70 -65 -70 / 53 63 72 -70 / 69 77 -53 -65 / 55 67 72 75 / 70 -55 -67 -75 <END> 
<S> 55 67 70 75 / 53 63 70 77 / 68 72 -53 -77 / 52 70 79 79 / 55 -70 -79 -79 / 72 77 -67 -79 / 60 67 75 -52 / 55 59 62 79 / 53 -59 60 -79 / 52 60 79 -79 / 70 -52 -60 -79 / 56 60 68 77 / 65 -56 -60 -77 <END> 
<S> 57 60 72 77 / 59 62 -72 -77 / 60 67 72 75 / 65 -60 -72 -75 / 53 65 72 74 / 53 63 70 -74 / 69 -53 -63 -74 / 55 62 70 74 / 67 72 -55 -74 / 65 -55 -72 -72 / 56 67 71 74 / 55 -67 -71 51 / 65 -55 -71 -79 / 48 60 64 75 / 58 -48 -63 -75 / 53 56 65 74 <END> 
<S> 50 65 72 77 / 71 -50 -65 -77 / 51 67 72 75 / 53 -67 -72 -75 / 55 67 71 74 / 65 -55 -71 -74 / 56 63 72 / 70 -56 -63 -72 / 55 65 68 74 / 53 75 -65 -68 / 58 67 74 / 56 64 68 <END> 
<S> 56 63 68 72 / 55 -63 -68 -72 / 53 61 67 70 / 52 -61 -67 -70 / 53 60 67 68 / 55 -60 -67 -68 / 56 60 65 68 / 53 -60 -65 -68 / 60 64 67 / 60 64 67 72 <END> 
<S> 44 60 65 / 56 60 65 / 55 -60 -65 / 53 62 68 -65 / 58 63 67 70 / 56 65 68 72 / 58 64 67 70 / 65 -58 -67 -74 / 58 67 75 / 68 -46 -67 -75 <END> 
