<S> 60 63 67 72 / 58 62 -67 -72 / 56 60 67 72 / 66 -56 -60 -72 / 55 62 67 71 / 53 -62 -67 -71 / 51 67 72 75 / 48 70 -67 -75 / 53 65 68 74 / 67 -53 -65 -74 / 54 63 69 72 / 62 -54 -69 -72 / 55 62 67 71 / 55 62 67 71 / 56 -62 -67 -71 <END> 
<S> 53 65 68 74 / 51 58 67 75 / 74 77 -58 -67 / 63 67 75 -58 / 72 -63 -67 -75 / 62 70 77 / 53 -62 -70 -77 / 51 63 70 79 / 62 71 77 -51 / 56 60 72 75 / 55 70 -60 -75 / 53 68 72 74 / 55 67 71 -74 / 65 -55 -71 -74 <END> 
<S> 58 62 65 77 / 67 -58 -62 -77 / 60 68 75 -62 / 72 -60 -68 -75 / 55 67 74 75 / 71 -55 -67 -75 / 56 72 -67 -75 / 58 -56 -67 -75 / 56 60 68 77 / 53 61 70 -77 / 68 72 -53 -77 / 47 62 67 79 / 68 -46 -62 -67 / 63 67 -43 -67 / 62 65 -67 -72 / 60 67 75 / 58 -60 -67 -75 <END> 
<S> 53 60 69 75 / 58 65 70 74 / 56 65 72 74 / 55 67 74 -72 / 53 68 72 75 / 51 67 -72 -75 / 50 65 70 77 / 68 -50 -65 -77 / 48 63 67 79 / 72 -48 -63 -79 / 53 60 68 77 <END> 
<S> 50 65 70 77 / 51 68 -70 -77 / 53 68 72 75 / 74 -53 -68 -72 / 55 67 71 74 / 55 71 74 / 65 -55 -71 -74 / 48 63 67 72 / 60 63 67 72 <END> 
<S> 53 68 74 / 50 75 -69 -74 / 70 -53 -74 -74 / 55 72 74 / 43 70 -55 -74 / 65 -43 -71 -74 / 48 63 72 -70 / 55 62 70 79 / 53 -62 -70 -79 / 51 63 70 79 / 0 -63 -70 <END> 
<S> 48 63 67 75 / 51 63 67 72 / 53 68 74 -72 / 55 67 71 -74 / 65 -55 -71 -74 / 48 63 67 72 / 55 67 71 74 <END> 
<S> 53 68 72 74 / 53 -69 -74 -74 / 55 62 71 74 / 63 72 -55 / / 62 65 74 / 47 67 -65 -74 / 48 67 47 -74 / 50 65 72 -74 / 51 67 72 75 / 53 -67 -72 -75 55 55 67 71 74 / 60 67 72 75 <END> 
<S> 48 63 67 72 / 62 -48 -67 -72 / 60 63 67 72 / 59 62 67 74 / 60 67 75 / 58 -60 -67 -75 / 56 60 68 75 / 55 -60 -68 -75 / 53 60 68 74 / 55 59 67 -74 / 56 60 65 72 / 48 -56 -65 -72 <END> 
<S> 60 67 75 / 58 -60 -67 -75 / 56 68 72 75 / 55 -68 -72 -75 / 53 68 72 77 / 67 -53 -72 -77 / 58 65 74 77 / 56 -65 -74 -77 / 55 70 75 79 / 53 -70 -75 -79 / 51 72 79 -67 / 53 -67 -72 <END> 
<S> 58 65 70 74 / 53 -65 -70 -74 / 55 63 70 75 / 45 65 73 -75 / 46 65 70 74 / 46 65 70 74 / 53 65 68 72 / 74 -53 -65 -68 / 48 63 67 75 / 50 65 68 74 <END> 
<S> 56 63 68 72 / 65 -56 -68 -72 / 63 67 -56 -72 / 65 68 -56 -72 / 55 64 67 72 / 62 -55 -67 -72 / 60 -55 -67 -72 / 43 62 67 71 / 48 64 67 72 / 60 67 72 75 / 58 -67 -72 -75 <END> 
<S> 48 60 67 75 / 60 72 -67 -75 / 55 67 74 -72 / 71 -55 -67 -74 / 60 67 72 75 / 58 -67 -72 -75 / 57 66 72 77 / 58 62 70 -77 / 63 70 79 / 62 65 -70 -79 / 60 67 75 79 / 58 74 -67 -79 <END> 
<S> 58 62 70 77 / 60 63 75 79 / 58 62 70 77 / 56 -62 -70 -79 / 55 63 70 79 / 53 65 -70 -79 / 51 79 -65 -70 / 63 72 79 / 62 65 -72 -79 / 67 72 75 -62 / 63 -72 -72 <END> 
<S> 56 63 72 77 / 60 -56 -72 -77 / 50 62 70 77 / 46 62 70 77 / 51 63 70 79 / 53 63 68 77 / 55 62 71 79 / 60 -55 -71 -79 / 59 62 67 79 / 60 63 -67 -79 <END> 
<S> 51 63 70 79 / 62 -51 -70 -79 / 53 60 68 77 / 55 -60 -68 -77 / 56 60 63 72 / 65 74 -56 -60 / 55 58 67 75 / 53 68 -58 -75 / 55 62 70 74 / 67 -55 -70 -74 / 56 67 72 -70 / 57 -67 -72 / 65 -57 -72 -74 / 59 67 74 -65 / 65 -59 -74 -74 <END> 
<S> 53 65 68 74 / 63 -53 -68 -74 / 65 68 72 / / 56 -65 -68 -72 / 59 65 68 74 / 60 63 -68 -74 / 55 59 67 75 / 53 68 77 -58 / 51 58 70 79 / 60 -51 -70 -79 / 58 62 70 77 / 62 69 77 <END> 
<S> 58 63 70 77 / 62 65 -70 77 / 60 63 67 75 / 55 59 67 74 / 53 -59 -67 -74 / 51 67 75 58 / 74 -51 -67 / 56 65 68 72 / 55 67 70 / 53 61 -67 -70 <END> 
<S> 51 67 72 75 / 53 -67 -72 -75 / 55 67 70 74 / 56 65 68 -74 / 74 -56 -65 -68 / 55 59 67 75 / 53 60 68 -75 / 51 56 -60 -68 / 55 59 67 74 / 48 60 67 75 / 63 -48 -60 -75 <END> 
<S> 56 60 68 72 / 55 -60 -72 -75 / 53 68 74 -60 / 55 59 67 -74 / 56 60 67 72 / 65 -56 -60 -72 / 50 62 65 71 / 55 62 67 -71 / 51 63 67 72 / 48 57 -67 -72 / 55 62 67 71 / 53 -62 -67 -71 / 51 63 67 72 / 50 -63 -67 -72 <END> 
<S> 51 63 67 72 / 50 -63 -67 -72 / 48 62 67 74 / 47 -62 -67 -74 / 48 60 67 75 / 58 62 -67 -75 / 56 60 63 72 / 55 58 -63 -72 / 53 56 68 72 / 53 74 -53 -68 / 48 67 76 -74 / 50 59 -67 -74 / 51 60 67 72 / 56 62 -67 -72 / 64 -56 -72 / 62 65 -72 / 60 -56 -65 -72 / 55 62 67 71 <END> 
<S> 50 65 67 71 / 48 64 -67 -71 / 50 65 69 46 / 51 -69 -68 47 / 67 0 / 48 60 63 67 / 59 -48 -63 -67 / 53 56 65 72 / 58 74 -53 -65 / 56 60 65 72 / 53 65 68 -72 / 55 67 70 75 <END> 
<S> 48 60 64 68 / 58 -48 -64 -68 / 53 56 65 / 55 58 65 / / 56 -58 -65 / 46 58 65 74 / 47 68 -58 -74 / 48 60 67 75 / 50 59 65 74 / 51 60 63 75 / 48 60 63 67 <END> 
<S> 55 63 67 70 / 72 -55 -63 -67 / 56 65 68 72 / 58 64 -68 -72 / 60 67 -56 -65 / 53 65 68 -68 / 60 63 67 / 62 -60 -67 -75 / 53 60 68 74 / 55 59 67 -74 / 56 60 67 72 / 65 -56 -60 -72 / 50 62 65 71 / 62 -50 -65 -71 <END> 
<S> 56 60 65 72 / 55 74 -60 -72 / 53 -60 -67 -74 / 55 59 67 74 / 65 -55 -59 -74 / 48 55 63 72 / 51 58 67 79 / 60 -51 -67 -79 / 53 60 69 77 / 55 -60 -69 -77 / 56 60 74 -69 / 72 -56 -60 -77 / 55 59 67 74 / 53 -59 -67 -74 <END> 
<S> 56 60 65 72 / 55 74 -60 -65 / 53 60 68 74 / 55 59 67 -74 / 65 -55 -67 -74 / 48 63 67 72 / 50 58 70 77 / 51 58 70 79 / 53 -58 -70 -79 / 55 58 70 79 / 56 60 -70 -79 <END> 
<S> 51 58 67 75 / 63 -51 -67 -75 / 56 65 72 -51 / 55 63 67 72 / 53 65 68 74 / 63 67 -53 -74 / 55 62 65 44 / 56 60 63 72 / 65 74 -56 -60 / 55 58 67 75 / 57 60 -67 -75 <END> 
<S> 56 60 63 72 / 65 74 -56 -60 / 51 58 67 75 / 53 68 74 -58 / 55 67 70 -74 / 65 68 -55 -74 / 56 63 -68 -74 / 55 -63 -68 41 / 53 62 68 -70 / 51 58 67 75 / 63 74 -58 -67 / 65 -55 -58 -70 / 56 63 68 72 / 55 -63 -68 -72 <END> 
<S> 51 63 67 70 / 65 -51 -67 -70 / 67 75 -51 -67 / 65 -51 -67 -72 / 67 -51 -67 -72 / 65 -51 -67 -72 / 67 74 -51 -67 / 65 -47 -67 -74 / 51 63 67 72 / 56 -63 -67 -72 / 65 74 -56 -72 / 60 72 75 -56 / 58 62 67 74 / 60 67 75 / 55 59 67 74 / 65 -55 -59 -74 <END> 
<S> 56 65 72 77 / 67 -56 -72 -77 / 55 68 72 75 / 53 -68 -72 -75 / 58 67 70 75 / 65 77 -58 -70 / 63 72 79 / 62 74 -70 -79 / 60 67 75 79 / 58 -67 -75 -79 / 56 72 77 -58 / 55 62 -72 -77 <END> 
<S> 60 63 75 79 / 58 62 -75 -79 / 57 60 77 -75 / 59 67 74 -77 / 60 67 75 -74 / 72 -60 -67 -75 / 55 67 71 74 / 53 -67 -71 -74 / 51 67 72 79 / 70 -51 -67 -79 / 48 63 68 77 / 53 62 68 -77 <END> 
<S> 48 63 72 75 / 60 67 72 75 / 55 67 70 75 / 56 65 70 74 / 53 68 72 / 74 -53 -68 -72 / 67 70 75 -53 / 53 -67 -70 -75 / 51 63 70 79 / 72 -51 -63 -79 <END> 
<S> 58 65 70 74 / 56 -65 -70 -74 / 55 67 70 75 / 53 -67 -70 -75 / 51 65 70 77 / 50 -65 -70 -77 / 51 63 70 79 / 72 -51 -63 -79 / 50 62 77 -72 / 68 -50 -62 -77 / 48 63 67 72 / 55 67 74 -48 / 51 60 67 70 <END> 
<S> 50 72 -65 -69 / 63 -50 -72 -77 / 47 62 74 79 / 67 -47 -74 -79 / 48 67 72 75 / 50 65 74 77 / 51 -65 -72 -77 / 53 60 69 -72 / 55 67 71 -60 / 53 60 65 69 / 51 -60 -65 -69 / 50 62 65 70 / 46 -62 -65 -70 / 48 63 67 69 / 51 -63 -67 -69 <END> 
<S> 53 60 69 74 / 55 -60 -69 -74 / 72 -60 -60 -69 / 55 62 67 71 / 65 -55 -62 -71 / 48 63 67 72 / 48 63 -67 -72 / 50 65 68 74 / 58 -65 -68 -74 / 67 -50 -65 -72 / 65 69 74 / 55 67 70 75 / 58 67 70 74 / 56 -65 -70 -74 <END> 
<S> 51 67 70 75 / 63 -67 -70 -75 / 65 68 77 -48 / 47 -68 -65 -77 / 48 67 75 -65 / 63 -48 -67 -75 / 53 65 72 74 / 55 -65 -68 -74 / 56 60 65 68 / 50 -60 -65 -68 / 51 58 67 70 / 53 68 -58 -75 / 55 67 70 74 / 53 65 70 -74 <END> 
<S> 53 65 68 74 / 63 -53 -68 -74 / 62 65 70 -74 / 63 67 70 79 / 65 -63 -70 -79 / 63 70 75 79 / 63 -70 -75 -79 / 60 72 80 -75 / 62 77 -72 -80 / 63 70 79 -77 / 72 -63 -70 -79 / 55 68 74 79 / 72 -55 -74 -79 <END> 
<S> 58 70 74 77 / 68 -58 -74 -77 / 67 70 75 79 / 63 -70 -75 -79 / 68 72 75 77 / 74 79 -70 -77 / 70 72 75 79 / 68 72 74 77 <END> 
<S> 58 63 75 79 / 56 -63 -75 -79 / 58 70 77 -63 / 62 -58 -70 -77 / 68 -58 -62 -77 / 51 58 67 75 / 58 62 70 77 / 56 -62 -70 -77 / 55 63 70 79 / 53 -63 -70 -79 <END> 
<S> 51 63 67 75 / 58 62 70 77 / 56 -62 -70 -77 / 55 63 70 79 / 53 65 -70 -79 / 51 67 70 79 / 77 -51 -70 / 56 72 -62 -70 / 68 -56 -63 -77 / 51 67 70 75 / 53 65 69 74 <END> 
<S> 53 68 77 -63 / 55 62 67 -77 / 56 -62 -67 -77 / 60 63 75 -67 / 58 62 65 74 / 56 59 -65 -74 / 55 60 67 75 / 53 -60 -67 -75 / 55 59 67 74 / 65 -55 -59 -74 / 48 60 63 72 / 55 67 70 75 <END> 
<S> 55 60 67 75 / 53 -60 -67 -75 / 55 59 67 74 / 65 -55 -59 -74 / 48 60 63 72 / 51 58 67 75 / 50 65 70 77 / 51 67 72 75 / 53 68 72 74 / 55 67 71 -74 / 56 60 72 / 62 65 -56 -72 <END> 
<S> 53 68 72 75 / 74 -53 -68 -72 / 50 65 72 77 / 55 71 -68 -77 / 60 -65 -71 -79 / 59 62 67 79 / 77 -59 -67 -79 / 60 67 72 75 / 58 -67 -72 -75 / 57 60 72 77 / 55 70 -60 -77 / 53 65 69 72 / 74 -53 -65 -69 / 55 58 67 75 / 57 60 -67 -75 <END> 
<S> 60 67 72 75 / 48 -60 -67 -72 / 55 67 71 74 / 60 67 72 75 / 58 68 74 77 / 53 -68 -74 -77 / 55 70 75 79 / 53 -70 -75 -79 / 51 70 75 79 / 50 72 77 -75 / 51 70 74 77 / 65 68 -74 -77 <END> 
<S> 53 60 68 77 / 55 67 70 75 / 56 65 68 -75 / 58 67 70 74 / 64 -58 -67 -79 / 53 65 68 72 / 74 -53 -68 -68 / 60 63 67 75 / 69 -60 -63 -75 / 58 65 70 74 / 56 -65 -70 -74 <END> 
<S> 60 65 68 -51 / 63 -60 -68 -68 / 55 59 67 74 / 62 71 -55 -74 / 60 67 72 75 / 58 -67 -72 -75 / 56 60 72 77 / 55 70 -60 -77 / 53 65 68 72 / 74 -53 -65 -68 / 48 63 67 75 / 69 -48 -63 -75 / 50 65 70 74 <END> 
<S> 56 60 72 77 / 55 -60 -72 -77 / 53 60 70 79 / 55 -60 -70 -79 / 53 65 70 80 / 74 -53 -65 -65 / 48 60 75 79 / 58 -48 75 79 / 56 60 77 77 / 58 75 -62 -77 / 60 63 67 75 / 58 62 -67 -75 <END> 
<S> 53 60 68 77 / 55 60 67 75 / 56 60 65 68 / 53 58 65 68 / 51 58 65 67 / 49 58 65 / 57 60 -50 -65 / 46 58 62 67 / 55 58 67 75 / 63 -55 -58 -67 <END> 
<S> 46 58 65 -63 / 62 -46 -58 -65 / 45 60 65 -58 / 63 -45 -57 -60 / 46 58 62 65 / 50 -58 -65 / 57 -50 -58 -65 / 51 58 67 / 65 -51 -58 -67 / 45 60 63 -65 / 46 58 62 65 / 45 54 63 / 53 57 -45 -63 / <END> 
<S> 46 58 65 / 63 -46 -58 -65 / 46 58 62 65 / 56 60 63 / 51 55 60 63 / 53 56 60 -63 / 65 -53 -53 -60 / 51 60 63 67 / 50 -60 -63 -67 / 48 55 62 -67 / 60 -55 -62 / 53 55 58 62 / 68 -55 -58 -62 <END> 
<S> 56 60 65 -51 / 47 55 62 -65 / 48 55 63 -62 / 44 60 -55 -63 / 41 56 62 -60 / 43 55 59 -62 / 53 -43 -59 -62 / 36 51 55 60 / 48 60 63 67 / 58 62 -48 -67 / 53 56 60 / 51 55 60 -60 <END> 
<S> 48 55 60 63 / 58 -48 -55 -63 / 41 56 56 62 / 43 58 -56 -62 / 44 51 60 63 / 48 58 -44 -63 / 41 56 60 65 / 43 55 59 62 / 53 -43 -59 -62 / 48 51 55 60 / 47 55 62 67 <END> 
<S> 41 56 60 62 / 44 -56 -60 / 43 59 62 -53 / 67 -43 -59 -62 / 48 51 60 63 / 50 53 -60 -63 / 51 55 58 -60 / 50 53 59 -60 / 51 58 -53 / 53 -43 -58 -62 / 55 59 62 / 51 55 60 63 / 50 -55 -60 -63 / 48 55 60 63 / 53 58 -60 -63 / 55 59 62 / 53 -55 -59 -62 <END> 
<S> 53 55 62 -60 / 59 -50 -55 -62 / 48 55 60 63 / 50 65 -55 -60 / 51 55 58 67 / 50 -55 -58 -67 / 48 55 63 72 / 53 62 65 -72 / 48 63 67 -72 / 55 62 67 70 / 51 63 67 70 / 50 65 -67 -70 / 48 67 72 75 / 50 -67 -72 -75 / 55 62 71 74 / 53 -62 -71 -74 <END> 
<S> 51 55 67 72 / 50 -55 -60 -67 / 48 60 67 75 / 53 60 65 68 / 62 -53 -65 -68 / 55 58 63 67 / 56 -58 -63 -67 / 58 63 65 / 56 62 65 70 / 51 55 67 70 / 53 58 -67 -70 / 68 -46 -58 -74 / 47 56 65 74 / 63 -46 -56 -74 / 47 62 67 -65 / 48 63 -62 -67 / 60 -48 -63 -67 <END> 
<S> 51 58 67 70 / 55 -51 -67 -70 / 57 72 -67 / 66 -57 -72 / 59 62 67 -72 / 60 63 67 / 58 62 -67 -67 / 56 60 63 72 / 65 -56 -60 -72 / 55 62 67 71 / 55 62 67 71 / 53 -62 -67 -71 / 51 60 67 72 / 48 -60 -67 -72 <END> 
<S> 56 60 63 72 / 55 -60 -63 -72 / 53 65 68 74 / 62 71 -53 -68 / 63 72 -55 -70 / 65 -55 -63 -72 / 56 59 -65 -72 / 55 -56 -65 -72 / 48 55 63 72 / 50 62 66 -72 / 60 -50 -66 -72 / 51 58 67 / 60 -51 -67 -70 <END> 
<S> 43 62 67 70 / 48 -62 -67 -70 / 53 60 69 72 / 51 -60 -63 -72 / 50 58 65 70 / 48 58 -65 -70 / 53 56 65 72 / 46 55 62 -65 / 63 -46 -55 -62 / 50 55 62 69 / 54 -50 -62 -69 / 60 -50 -54 -69 / 43 55 59 67 / 48 51 60 67 / 46 -51 -60 -67 <END> 
<S> 55 62 70 -48 / 50 -55 -62 -70 / 48 55 62 -62 / 60 -48 -55 -62 / 43 55 59 62 / 44 60 -55 -63 / 41 56 60 65 / 39 55 -60 -65 / 41 56 60 / -65 -41 -56 -60 / 48 55 63 / 51 56 60 65 / 41 -51 -60 -65 / 46 50 58 65 <END> 
<S> 41 56 60 62 / -63 -41 -56 -60 / 65 -41 -56 -60 / 43 55 59 62 / 53 -43 -59 -62 / 36 51 55 60 / 48 51 55 60 / 53 62 -48 -55 / 55 60 63 -48 / 46 -55 -60 -63 / 45 48 60 65 / 47 55 62 67 / 48 55 60 -67 / 62 -48 -51 -67 <END> 
<S> 44 51 60 41 / 53 -44 -60 -60 / 43 55 59 -60 / 53 -43 -59 -62 / 44 51 60 / 51 55 58 -60 / 44 53 56 60 / 46 -53 -56 -60 / 55 59 -46 -53 / 53 -43 -59 -62 / 44 51 60 63 / 43 55 59 62 / 42 57 60 / 43 50 55 -60 / 53 -43 -57 -60 <END> 
<S> 41 53 60 68 / 62 -41 -53 -68 / 46 58 62 67 / 64 -58 -58 -67 / 63 -58 -63 -67 / 65 -58 -63 / 56 60 65 / 55 58 62 70 / 53 60 68 / 51 55 -60 -68 / 50 53 59 68 / 51 58 -53 -68 / 50 53 60 65 / 51 55 -60 -65 <END> 
<S> 55 58 65 70 / 56 60 -65 -70 / 46 62 65 70 / 63 68 -50 -65 / 58 62 65 -68 / 67 -58 -62 -65 / 48 63 68 72 / 67 -48 -63 -74 / 50 58 65 70 / 68 -50 -58 -65 / 51 58 67 -65 / 63 -51 -58 -67 / 56 60 63 72 / 55 -60 -63 -72 <END> 
<S> 51 67 70 / 65 -51 -67 -70 / 67 -51 -58 -67 / 65 -51 -58 -67 / 48 63 67 72 / 48 -63 -67 -72 / 70 -48 -63 -72 / 50 65 69 72 / 71 -50 -65 -72 / 48 67 72 75 / 53 68 74 -72 / 55 67 71 74 / 65 -55 -71 -74 <END> 
<S> 50 65 72 77 / 71 -50 -65 -77 / 48 67 72 75 / 55 67 71 74 / 60 67 72 75 / 62 65 77 -72 / 63 70 79 -77 / 63 -63 -70 -79 / 72 -63 -63 -79 / 62 70 79 / 63 68 -63 -79 / 65 70 82 -63 / 63 67 -70 <END> 
<S> 63 67 70 79 / 62 65 -70 -79 / 60 63 72 80 / 74 -60 -63 -80 / 55 58 75 79 / 56 -58 -75 -79 / 58 70 74 77 / 68 -58 -74 -77 / 51 67 70 75 / 52 67 70 79 <END> 
