<S> 51 60 63 79 / 65 -51 -60 -79 / 48 60 67 77 / 75 -48 -60 -67 / 53 60 68 74 / 55 59 67 75 / 56 60 65 77 / 55 62 67 71 / 51 60 67 72 / 50 74 -60 -67 / 48 60 67 75 <END> 
<S> 56 60 63 72 / 65 74 -56 -60 / 55 67 72 75 / 53 68 74 77 / 50 59 67 -74 / 65 -50 -59 -74 / 51 58 63 72 / 50 65 -58 -72 / 48 63 67 -72 / 53 68 74 -72 / 55 67 71 74 / 43 67 71 74 <END> 
<S> 50 62 65 71 / 51 63 72 / 51 -63 -72 / 55 67 75 -72 / 53 -67 -72 -75 / 51 67 71 74 / 65 -67 -71 -74 / 63 67 72 / 62 65 70 -56 <END> 
<S> 51 67 68 72 / 63 -51 -67 -72 / 53 68 74 -72 / 55 71 -74 / 65 -55 -71 / 56 59 -65 / 48 55 63 72 / 48 63 72 79 / 50 65 -72 -79 / 51 67 72 79 / 53 -67 -72 -79 <END> 
<S> 48 55 63 72 / 60 63 67 72 / 58 62 -67 -72 / 57 60 72 77 / 55 70 -60 -77 / 57 65 72 77 / 53 69 75 -65 / 58 65 70 74 / 58 65 70 74 / 56 -65 -70 -74 <END> 
<S> 57 60 72 77 / 70 -57 -60 -77 / 55 65 69 -77 / 53 -65 -69 -77 / 58 65 70 74 / 58 65 69 74 / 55 -58 -65 -74 / 52 59 67 48 / 48 64 67 72 <END> 
<S> 55 58 67 76 / 53 69 77 -58 / 55 67 70 74 / 62 65 69 74 / 67 -62 -74 -81 / 64 67 72 79 / 65 74 81 -81 / 67 73 76 / 62 74 -67 / 60 69 72 76 / 62 77 -69 -72 <END> 
<S> 58 65 74 81 / 57 64 73 76 / 58 64 69 74 / 57 65 69 72 / 55 67 70 53 / 65 -55 -70 -74 / 55 67 72 75 / 70 -55 -67 -76 / 53 67 70 77 / 52 -67 -70 -77 <END> 
<S> 53 69 70 74 / 58 67 -74 / 69 -58 -74 / 55 70 -58 -74 / 57 72 -55 -70 / 70 -57 -61 -76 / 56 64 71 -76 / 57 64 69 72 / 67 -57 -64 -72 / 62 66 -57 -72 / 55 62 67 71 / 53 59 62 67 <END> 
<S> 57 64 69 72 / 55 -64 -69 -72 / 53 60 69 -69 / 50 65 -69 -69 / 64 -53 -69 -72 / 59 65 -53 -69 / 60 67 -60 / 60 -60 -67 -76 / 55 67 71 74 / 59 67 74 / 65 -55 -74 / 64 71 76 / 57 -64 -71 -76 / 71 -57 -64 -76 / 50 57 65 77 <END> 
<S> 55 59 67 74 / 56 64 71 76 / 57 64 69 72 / 59 62 67 74 / 60 67 76 / 77 -60 -67 / 55 60 67 74 / 59 74 -55 -67 / 55 59 67 74 / 48 -59 -67 -74 / 55 59 67 74 / 60 -55 -67 -74 <END> 
<S> 57 60 69 77 / 59 62 -69 -77 / 60 64 67 76 / 53 65 69 74 / 55 67 71 74 / 55 67 71 74 / 53 -67 -71 -74 / 52 67 71 79 / 65 -52 -71 -79 / 57 64 72 81 / 55 62 74 -72 / 53 69 72 76 / 74 -53 -69 -72 <END> 
<S> 60 67 76 / 57 60 69 77 / 79 -57 -69 -72 / 55 67 72 76 / 53 -67 -72 -76 / 55 67 71 74 / 65 -55 -71 -74 / 48 64 67 72 / 58 -48 -67 -72 / 53 57 69 72 / 55 67 72 / 62 74 -55 -67 / 64 -55 -67 -74 / 65 66 69 -74 <END> 
<S> 53 65 69 74 / 50 -65 -69 -74 / 55 62 71 -74 / 67 -55 -71 -74 / 65 -55 -71 -74 / 48 64 67 72 / 55 67 71 74 / 55 67 71 74 / 53 -67 -71 -74 / 52 67 71 74 / 65 -67 -71 -74 / 60 67 72 76 / 62 -67 -72 -76 / 64 67 70 79 / 53 65 -67 -79 <END> 
<S> 48 67 72 76 / 50 -67 -72 -76 / 52 67 72 76 / 53 -67 -72 -76 / 55 67 72 74 / 57 -67 -72 -74 / 59 71 74 -67 / 56 65 -71 -74 / 57 64 72 -71 / 59 -64 -71 -72 / 60 64 69 72 / 62 71 -64 -69 / 64 68 -69 / 67 71 -52 <END> 
<S> 57 64 72 -71 / 69 -57 -64 -72 / 52 64 71 -69 / 68 -52 -64 -71 / 45 64 69 72 / 48 64 69 72 / 53 60 69 72 / 74 -53 -60 -69 / 48 67 76 -60 / 55 60 67 74 / 59 76 -55 -74 / 53 69 -59 -74 / 52 59 68 76 / 74 -52 -59 -68 <END> 
<S> 53 60 69 72 / 64 67 -53 -72 / 55 62 67 71 / 48 64 67 72 / 60 67 72 76 / 59 -67 -72 -76 / 57 60 69 76 / 55 -60 -69 -76 / 53 62 67 71 / 52 60 -67 -70 / 50 65 69 74 / 71 -50 -65 -74 / 48 67 72 76 / 60 -67 -72 -76 / 67 76 -72 -60 / 53 69 72 74 <END> 
<S> 57 60 72 77 / 59 62 -72 -77 / 60 64 72 76 / 67 -60 -72 -76 / 53 69 72 77 / 76 -53 -69 -72 / 55 67 72 74 / 65 -55 -72 -74 / 60 64 72 76 / 59 74 -64 -67 / 57 60 65 72 / 55 59 74 / 53 -59 -74 <END> 
<S> 64 67 72 / 62 66 74 / / 60 -66 -74 / 55 59 67 74 / 53 -59 -67 -74 / 52 59 67 76 / 56 64 71 72 / 62 69 -56 -72 / 57 64 69 -72 / 59 62 67 74 / 60 67 76 / 59 -60 -67 -76 / 57 60 65 77 <END> 
<S> 57 64 69 72 / 55 62 71 74 / 60 64 67 76 / 65 69 -60 -76 / 59 67 71 74 / 76 -59 -67 -71 / 57 69 72 76 / 77 -57 -69 -72 / 55 67 76 -72 / 53 69 -72 -76 / 55 67 71 74 / 65 69 -55 -74 <END> 
<S> 57 67 72 76 / 59 -67 -72 -76 / 60 65 72 81 / 62 65 74 -81 / 67 76 79 -62 / 60 -67 -76 -79 / 62 69 78 81 / 55 -62 -69 -78 / 56 64 71 76 / 62 -56 -71 -76 / 57 60 72 77 / 59 -57 -72 -77 / 55 60 76 -72 / 53 74 77 -60 / 52 59 76 79 / 61 64 67 79 <END> 
<S> 57 64 72 / 59 62 74 / 60 76 -59 -74 / 62 77 -58 -74 / 57 69 72 76 / 74 77 -57 -69 / 52 67 76 79 / 71 -52 -67 -79 / 53 57 69 72 / 71 -53 -57 -69 / 52 67 72 76 / 53 -67 -72 -76 / 55 67 71 74 / 56 62 71 76 / 59 74 -62 -71 <END> 
<S> 53 69 72 / 52 64 -69 -72 / 50 65 71 77 / 69 -50 -65 -77 / 52 62 67 71 / 64 -52 -67 -71 / 53 65 69 72 / 71 74 -53 -65 / 52 67 72 76 / 53 -67 -72 -76 / 55 67 71 74 / 52 67 73 76 / 50 69 74 77 / 73 76 -50 -69 -77 <END> 
<S> 58 65 74 / 57 -58 -65 -74 / 52 64 70 79 / 53 72 -64 -79 / 62 74 -53 -72 / 55 71 -62 -74 / 57 69 76 / 55 64 -69 -76 / 53 59 67 74 / 52 60 -67 -74 / 50 59 65 74 / 52 56 -65 -74 / 52 56 64 72 / 57 74 -52 -64 <END> 
<S> 53 60 67 69 / 52 -60 -67 -69 / 50 57 65 69 / 55 59 67 74 / 57 60 65 -74 / 59 62 67 74 / 55 59 -67 -74 / 52 61 67 76 / 57 -52 -67 -76 / 53 69 74 -60 / 50 59 -69 -74 / 52 67 71 76 / 56 68 -52 -76 / 57 -52 -68 -76 <END> 
<S> 59 67 76 / 57 -59 -67 -76 / 59 76 -67 -76 / 57 66 72 -76 / 55 67 71 74 / 53 -67 -71 -74 / 52 68 72 76 / 50 74 77 -68 / 57 69 76 -50 / 77 -57 -69 -76 / 52 67 71 79 / 53 69 72 77 / 76 -53 -69 -72 <END> 
<S> 57 64 69 72 / 74 77 -64 -69 / 55 67 72 76 / 53 69 77 -72 / 70 76 -53 -69 / 0 / 69 72 77 / 64 67 72 79 / 65 -67 -72 -79 / 67 71 74 79 / 62 71 -67 -79 <END> 
<S> 64 67 73 79 / 50 65 74 81 / 71 -50 -74 -81 / 72 -50 78 -81 / 55 71 74 79 / 57 60 69 77 / 59 62 -69 -77 / 60 64 67 76 / 66 -60 -64 -76 / 62 67 71 74 / 59 -67 -71 -74 / 57 69 72 77 / 55 76 -69 -72 <END> 
<S> 57 60 69 77 / 59 62 -69 -77 / 60 64 67 76 / 53 -60 -67 -76 / 55 67 74 -60 / 59 -55 -67 -74 / 48 64 67 72 / 60 67 72 76 / 54 69 72 74 / 50 67 71 -74 / 52 67 72 / 50 65 -67 -72 <END> 
<S> 57 60 69 76 / 55 -60 -69 -76 / 53 60 69 74 / 52 59 76 -69 / 74 -52 -59 -68 / 57 60 64 72 / 65 -57 -60 -72 / 55 59 67 74 / 53 -59 -67 -74 / 52 59 68 76 / 79 -52 -59 -71 / 57 64 69 72 / 59 62 67 74 <END> 
<S> 59 62 67 74 / 57 60 -67 -74 / 55 59 67 74 / 55 59 67 -74 / 60 67 76 / 59 -60 -67 -76 / 57 60 66 74 / 72 -57 -60 -66 / 55 59 67 74 / 52 59 -67 -74 / 52 60 67 72 / 50 65 69 -72 / 48 64 69 71 / 50 65 -69 -71 / 52 60 67 71 / 50 65 -67 -71 <END> 
<S> 60 67 76 / 59 -60 -67 -76 / 57 60 65 77 / 55 67 76 -60 / 53 60 69 74 / 55 59 67 -74 / 72 -55 -59 -67 / 74 -55 -59 -67 / 48 55 64 72 / 64 67 -48 -72 / 55 -64 -67 -72 / 54 62 72 -69 / 55 62 67 71 / 48 64 67 69 / 50 66 -60 -69 / 52 60 67 / 50 53 59 62 / 52 55 60 <END> 
<S> 48 64 67 72 / 55 -64 -67 -72 / 55 62 67 71 / 53 -62 -67 -71 / 52 60 67 72 / 48 -60 -67 -72 / 55 67 71 74 / 50 -67 -71 -74 / 52 67 72 / 60 -52 -67 -72 / 53 69 74 / -69 -53 -69 -74 / 67 72 76 -55 / 55 -67 -72 -76 / 53 69 74 -72 / 67 71 -53 -74 / 47 62 67 74 / 65 -47 -62 -74 <END> 
<S> 53 69 72 74 / 50 -69 -72 -74 / 55 67 71 74 / 65 -55 -71 -74 / 48 63 67 72 / 55 67 71 74 / 53 67 73 76 / 52 -67 -73 -76 / 50 69 74 77 / 52 -69 -74 -77 / 53 69 74 77 50 55 -69 -74 -77 64 69 74 -55 -74 / 54 57 69 -74 / 55 64 71 -69 / 54 62 69 <END> 
<S> 55 67 71 74 / 50 72 -67 -76 / 52 67 72 -76 / 53 -67 -72 -76 / 55 67 72 74 / 71 -55 -67 -74 / 55 67 71 74 / 65 -55 -71 -74 / 57 64 69 72 / 55 65 -69 -72 / 53 67 70 72 / 52 -67 -70 -72 <END> 
<S> 57 64 69 72 / 55 65 -69 -72 / 53 67 70 72 / 52 -67 -70 -72 / 53 69 72 -67 / 50 65 -69 -72 / 64 -50 -69 -72 / 55 62 71 -69 / 67 -55 -62 -71 / 50 62 66 69 / 52 60 -66 -69 / 59 -52 -55 -67 / 54 57 62 69 / 52 55 62 71 <END> 
<S> 50 62 66 69 / 66 -50 -62 -69 / 43 59 62 67 / 52 60 67 72 / 50 62 71 77 / 52 64 67 79 / 53 65 69 81 / 55 65 71 74 / 64 67 71 -74 / 65 -55 -71 -74 / 48 64 67 72 / 53 65 69 72 <END> 
<S> 69 60 69 / / 67 70 74 / 65 69 -74 / 53 70 -65 -74 / 64 72 -70 / 55 65 69 -72 / 53 74 -65 -69 / 58 76 -53 -68 / 41 60 65 74 / 69 -53 -60 -74 / 55 67 -60 -74 / 59 65 -55 -74 / 53 -59 -65 -74 / 48 55 64 72 / 47 62 74 -72 <END> 
<S> 55 58 67 75 / 57 60 -67 -75 / 58 62 65 74 / 59 67 74 / 65 -59 -67 -74 / 60 63 67 75 / 62 65 -67 -75 / 63 67 70 / / 59 -67 -70 -79 / 60 68 77 -56 / 62 -68 -77 -77 / 60 63 75 79 / 58 62 -75 -79 <END> 
<S> 63 67 72 / 62 74 -67 / 60 65 75 / 58 -60 -65 -75 / 56 60 72 77 / 55 70 -60 -77 / 53 60 68 75 / 67 -53 -60 -75 / 58 65 68 74 / 56 60 -65 -68 / 55 59 67 41 / 60 68 75 / 58 65 -68 -75 <END> 
<S> 53 56 68 74 / 55 60 -68 -74 / 56 60 68 68 / 50 -60 -68 -68 / 48 67 -60 -68 / 53 60 68 44 / 55 59 67 75 / 56 60 65 72 / 62 74 -56 -65 / 50 58 65 77 / 51 58 67 -65 / 63 -51 -58 -67 <END> 
<S> 56 60 65 72 / 55 74 -60 -65 / 53 60 69 75 / 51 -60 -68 -75 / 50 59 65 74 / 55 58 67 75 / 51 -55 -67 -75 / 56 60 65 75 / 53 -60 -65 / 55 58 67 75 / 56 60 65 -75 / 58 74 -51 -65 / 56 -46 -65 -74 <END> 
<S> 56 60 65 75 / 55 -60 -65 -75 / 53 60 68 77 / 55 62 67 -77 / 56 60 68 72 / 58 65 70 74 / 52 61 67 -70 / 53 60 65 69 / 60 63 67 -53 / 58 62 65 -55 <END> 
<S> 56 63 65 72 / 53 74 -65 -68 / 55 67 -60 59 / 53 60 68 -67 / 55 59 62 67 / 53 56 65 72 / 74 -53 -65 / 51 67 75 / 53 59 68 74 / 55 60 67 -74 / 56 59 68 74 / 57 60 65 -74 <END> 
<S> 53 56 65 74 / 50 58 65 -74 / 69 -50 -65 -74 / 55 63 70 74 / 62 -55 -70 -74 / 53 -62 -70 -74 / 55 63 70 79 / 53 -63 -70 -79 / 51 63 70 79 / 55 -63 -70 -79 / 56 77 -63 -70 / 62 -56 -63 -77 / 58 -62 -70 -77 / 60 67 75 79 / 58 74 -67 -79 <END> 
<S> 56 63 72 77 / 58 -63 -72 -77 / 57 67 72 75 / 58 65 70 74 / 53 68 -58 -74 / 55 59 67 74 / 61 -55 -67 -74 / 48 63 67 72 / 56 -63 -67 -72 / 58 65 70 74 / 68 -58 -65 -74 <END> 
<S> 48 60 67 75 / 51 60 67 75 / 53 68 74 77 / 55 67 71 74 / 55 67 71 / 62 -55 -67 -71 / 60 63 67 72 / 58 62 74 -67 <END> 
<S> 55 59 67 75 / 57 60 -67 -75 / 59 62 74 -67 / 63 67 72 / 65 74 -68 / 63 67 75 / 60 68 -67 -75 / 55 67 70 74 / 53 68 -70 -74 / 51 63 70 79 / 55 -63 -70 -79 / 56 63 72 77 / 53 -63 -72 -77 <END> 
<S> 55 67 70 75 / 56 65 -70 -75 / 58 65 70 74 / 46 -65 -70 -74 / 55 67 70 75 / 56 65 72 77 / 53 68 74 -72 / 67 71 -53 -74 / 54 62 69 72 / 55 62 67 70 / 53 -62 -67 -70 <END> 
<S> 53 65 69 72 / 63 -53 -69 -72 / 46 62 65 70 / 55 58 67 75 / 57 60 -67 -75 / 58 62 65 74 / 63 67 -58 -74 / 53 65 69 72 / 71 74 -53 -65 / 60 67 72 75 / 58 -67 -72 -75 / 56 60 72 77 / 55 67 75 -60 <END> 
<S> 53 65 68 72 / 55 63 67 / 62 65 -55 -67 / 48 63 67 72 / 55 63 70 / 53 62 65 70 / 51 63 67 70 / 69 -51 -63 -70 / 50 58 65 70 / 68 -50 -58 -65 / 51 58 63 67 / 58 62 65 -51 / 67 -58 -62 -65 <END> 
<S> 51 58 67 75 / 51 63 67 70 / 61 -51 -67 -70 / 52 60 67 70 / 53 -60 -67 -70 / 55 65 -60 -67 / 53 59 -65 -68 / 51 55 60 67 / 53 60 68 -60 / 55 59 62 -48 / 56 53 60 65 / 62 -53 -56 -65 / 55 58 63 67 / 58 61 -55 -67 <END> 
<S> 53 56 60 67 / 55 59 -53 -67 / 60 65 -55 -60 / 56 60 -60 -65 / 59 62 -41 -65 / 63 -56 -60 -65 / 55 58 62 70 / 53 68 -58 -70 / 51 63 67 / 62 67 -51 -67 / 50 65 -67 -72 / 48 63 67 -72 / 53 -63 -67 -72 / 55 62 67 71 / 56 63 65 72 / 62 -56 -65 -72 / 60 63 67 72 / 58 62 -67 -72 <END> 
<S> 51 63 67 72 / 50 -63 -67 -72 / 48 62 67 74 / 47 -62 -67 -74 / 48 60 67 75 / 53 -60 -67 -75 / 55 59 67 74 / 47 62 67 79 / 65 -47 -62 -79 / 48 55 63 72 / 50 65 -55 -72 / 51 60 67 75 / 53 -60 -67 -75 / 55 60 67 74 / 43 59 65 -74 / 65 -43 -59 <END> 
<S> 48 60 67 75 / 51 -60 -67 -75 / 53 68 74 -60 / 55 59 67 -74 / 65 -55 -59 -74 / 48 55 63 72 / 50 58 63 70 / 51 58 63 67 / 53 56 65 68 / 63 -53 -68 -68 / 55 59 67 75 / 60 -55 -67 -75 / 74 -48 -60 -67 / 59 67 -55 -74 <END> 
<S> 51 58 65 67 / 50 -58 -65 -67 / 48 60 65 68 / 63 -60 -68 / 55 59 67 74 / 60 67 75 / 58 -60 -67 -75 / 53 56 65 74 / 55 58 -65 -74 / 56 60 65 72 / 55 62 67 -72 <END> 
<S> 56 60 65 72 / 55 -60 -72 -72 / 53 68 -60 -72 / 55 62 67 71 / 48 63 67 72 / 60 63 67 72 / 58 62 -67 -72 / 57 60 65 72 / 55 -60 -65 -72 <END> 
<S> 63 68 72 -48 / 47 62 67 -68 / 48 60 67 75 / 72 -48 -67 -75 / 55 67 71 74 / 50 65 68 77 / 62 67 -65 / 55 63 67 70 / 53 65 68 <END> 
<S> 51 67 72 75 / 53 -67 -72 -75 / 55 67 70 74 / 56 65 68 -74 / 58 64 67 72 / 64 67 -58 -72 / 56 65 72 -72 / 55 67 70 -72 / 53 68 74 -72 / 55 67 71 -74 / 65 -55 -71 -74 <END> 
<S> 65 68 72 / 53 -65 -68 -72 / 55 63 70 70 / 61 -55 -70 -70 / 53 63 68 -70 / 67 -53 -63 -68 / 55 61 -68 -67 / 56 60 68 -67 / 58 65 -68 -68 / 60 67 -65 -68 / 60 64 69 -67 / 59 65 68 74 <END> 
<S> 44 60 65 75 / 0 / 51 60 67 72 / 62 74 -51 -67 / 47 65 67 / 65 -47 -53 -71 / 48 55 63 72 / 50 57 65 74 / 55 58 70 75 / 53 60 68 77 / 51 67 70 -77 <END> 
<S> 48 63 67 72 / 55 62 -67 -72 / 60 -55 -67 -75 / 55 62 67 71 / 48 64 67 72 / 50 65 68 74 / 51 58 67 75 / 53 68 -58 -75 / 55 63 70 75 / 74 -55 -63 -70 / 56 63 72 / 65 74 -56 -72 <END> 
<S> 51 58 67 / 50 -58 -67 / 48 63 67 72 / 53 65 74 -68 / 51 67 -65 -74 / 50 63 65 70 / 62 65 -50 -70 / 51 58 67 70 / 53 60 69 77 / 62 -53 -69 -77 / 55 63 70 79 / 55 -63 -70 -79 / 58 63 70 79 / 62 -58 -70 -79 / 60 77 -63 -70 / 58 62 70 77 <END> 
<S> 51 58 65 70 / 63 -51 -58 -70 / 67 -51 -58 -70 / 56 65 68 72 / 67 -56 -65 -72 / 53 65 68 72 / 74 -53 -65 -68 / 60 63 67 75 / 58 62 -67 -75 / 56 60 72 77 / 55 -60 -72 -77 / 53 68 72 75 / 55 67 71 -75 / 65 74 -55 -71 / 56 63 72 / 55 -63 -72 <END> 
<S> 60 63 67 75 / 58 62 -67 -75 / 56 60 72 77 / 55 70 -60 -77 / 53 65 68 72 / 74 -53 -65 -68 / 48 63 67 75 / 69 -48 -63 -75 / 50 65 70 74 / 51 -65 -70 -74 / 53 65 70 72 / 55 74 -65 -70 / 53 63 70 79 / 51 -63 -70 -79 <END> 
<S> 46 58 65 74 / 62 74 -58 -65 / 63 72 -58 -70 / 56 65 68 -72 / 67 -56 -56 -72 / 55 65 68 72 / 53 -65 -68 -72 / 48 67 72 75 / 70 -48 -67 -75 / 53 65 68 72 / 55 74 -65 -68 / 75 -55 -65 -68 / 50 65 74 77 / 67 -50 -74 -77 / 68 -50 -72 -77 / 67 70 74 79 / 65 -70 -74 -79 / 72 -70 -75 / 62 65 70 77 / 60 63 68 -77 / 65 -60 -68 <END> 
