<S> 57 60 64 72 / 55 57 60 72 / 53 59 62 -72 / 52 60 64 67 / 69 -52 -60 -64 / 50 62 65 71 / 48 64 67 72 / 71 -48 -64 -67 / 50 66 69 -64 / 62 -50 -66 -69 / 60 -50 -66 -69 / 43 59 62 67 / 45 52 69 72 / 54 -45 -69 -72 <END> 
<S> 48 64 67 72 / 71 -48 -64 -67 / 50 66 69 -64 / 66 -50 -66 -69 / 55 59 62 67 / 52 59 64 67 / 57 60 64 72 / 65 -57 -60 -72 / 59 62 67 79 / 61 64 69 -79 / 62 65 69 77 / 69 72 -62 -77 / 68 71 74 -77 / 68 73 76 56 / 73 73 76 <END> 
<S> 57 64 69 72 / 59 62 67 74 / 60 67 76 / 62 77 -60 -67 / 61 64 69 79 / 62 69 77 / 59 68 -62 -77 / 57 61 69 76 / 57 60 69 76 / 77 -57 -60 -69 / 52 60 67 79 / 50 -60 -67 -79 <END> 
<S> 55 62 71 79 / 56 -62 -71 -79 / 57 60 69 76 / 55 65 71 -76 / 53 -62 -65 -71 / 52 60 67 76 / 50 65 77 -60 / 52 70 79 -60 / 53 69 74 77 / 55 67 76 74 / 55 67 71 74 / 65 -55 -71 -74 <END> 
<S> 50 60 69 77 / 55 71 -60 -77 / 53 60 69 76 / 52 67 72 77 / 55 74 -67 -72 / 53 69 72 74 / 65 -53 -72 -74 / 55 62 71 74 / 67 -55 -71 -74 / 65 -55 -71 -74 / 48 64 67 72 / 60 66 69 74 <END> 
<S> 55 67 74 / 50 65 -67 -74 / 55 62 67 71 / 53 -62 -67 -71 / 52 60 67 72 / 48 -60 -67 -72 / 43 60 67 74 / 59 -43 -67 -74 / 65 -43 -59 -74 / 48 55 64 72 <END> 
<S> 48 60 67 -65 / 64 -48 -60 -67 / 58 -48 -64 -67 / 41 57 65 69 / 53 58 65 69 / 60 -53 -65 -69 / 55 58 62 67 / 64 -55 -58 -67 / 57 60 66 66 -50 59 62 -66 67 60 51 58 67 / 53 62 -58 -67 <END> 
<S> 50 62 65 71 / 64 -50 -62 -71 / 69 -50 -62 -71 / 67 -50 -62 -71 / 51 60 69 -67 / 57 66 -60 -69 / 55 59 67 67 / 66 69 74 -55 / 54 -42 -69 -74 / 55 71 -62 -74 / 60 67 72 76 / 64 -67 -72 -76 / 57 69 72 77 / 62 67 74 -77 / 72 76 -62 -67 / 60 67 72 76 / 55 -67 -72 -76 <END> 
<S> 52 64 67 72 / 54 62 69 -72 / 55 62 71 -69 / 67 -55 -62 -71 / 50 60 66 69 / 52 60 66 -69 / 59 62 67 71 / 57 60 72 -67 / 62 66 -57 -72 / 55 59 67 / 62 65 -55 -59 / 45 60 64 72 / 47 55 62 74 / 67 -47 -55 -74 <END> 
<S> 57 60 67 72 / 65 -57 -60 -72 / 59 62 67 74 / 60 65 -67 -74 / 74 65 67 / 64 -55 -67 -71 / 56 65 -67 -71 / 57 64 72 -67 / 55 -64 -67 -72 / 65 67 72 / / -67 -72 64 67 / 70 76 -67 / 52 65 69 -76 / 50 65 70 77 / 52 62 67 79 / 60 -52 -67 -79 <END> 
<S> 45 60 65 72 / 64 -45 -60 -72 / 47 62 65 74 / 48 60 67 76 / 50 60 -60 -67 / 52 59 67 74 / 50 -59 -67 -74 / 48 67 76 / 47 74 -67 / 45 52 -67 -72 / 50 62 66 71 / 52 55 62 67 72 / 55 62 67 71 / 53 -62 -67 -71 <END> 
<S> 45 60 72 -67 / 66 -45 -60 -72 / 47 62 67 71 / 48 64 67 72 / 50 62 66 74 / 52 60 67 72 / 54 57 69 74 / 55 59 67 -74 / 65 -55 -59 -74 / 48 60 64 72 / 53 -60 -64 -72 / 52 64 67 72 / 50 62 -67 -72 / 52 60 67 / 64 -50 -67 -79 <END> 
<S> 52 55 67 72 / 60 -52 -67 -72 / 53 69 -60 -72 / 59 62 -53 -72 / 64 -53 -59 -69 / 47 62 65 69 / 48 60 64 69 / 59 62 -48 -67 / 50 57 62 65 / 59 62 -57 -65 / 52 55 60 64 / 54 57 -60 -64 / 55 59 62 / 52 59 64 67 / 57 60 64 72 / 62 66 -57 -72 / 55 59 67 74 / 57 60 -67 -74 / 59 62 68 74 <END> 
<S> 57 64 72 / 71 -57 -64 -72 / 55 59 67 74 / 52 64 67 / 57 60 65 69 / 55 59 67 / 55 60 67 74 / 65 -55 -60 -74 / 55 59 67 74 / 65 -55 -59 -74 / 57 60 64 72 / 55 -60 -64 -72 / 53 65 69 72 / 71 74 -53 -65 / 60 67 76 / 58 -60 -67 -76 <END> 
<S> 60 64 67 72 / 62 65 74 -72 / 64 67 71 76 / 65 77 -71 -74 / 57 64 69 72 / 55 62 -69 -72 / 54 57 62 72 / 52 55 64 71 / 57 -52 -64 -67 / 50 57 65 74 / 59 -50 -74 -74 / 52 67 72 76 / 53 57 -72 -76 / 55 59 67 74 / 53 -59 -67 -74 / 52 60 67 76 / 50 -60 -67 -76 / 48 60 67 76 / 77 -48 -60 -67 <END> 
<S> 55 62 71 74 / 60 64 72 76 / 67 -60 -64 -72 / 59 62 67 77 / 57 60 69 76 / 55 59 71 74 / 55 72 -59 -76 / 57 60 65 77 / 59 62 67 -77 / 60 64 67 76 / 57 72 -64 -76 / 55 74 -72 60 / 52 67 -72 -77 / 53 69 -72 -77 / 55 67 74 -72 / 71 -55 -67 -74 / 65 -55 -71 -74 <END> 
<S> 60 65 69 77 / 71 -60 -65 -77 / 60 67 76 / 55 59 67 74 / 53 -59 -67 -74 / 52 60 67 76 / 50 -60 -67 -76 / 48 62 67 77 / 47 -62 -67 -77 / 48 62 67 76 / 60 -48 -67 -76 / 43 60 67 74 / 59 -43 -67 -74 / 48 64 67 72 <END> 
<S> 48 60 67 76 / 50 -60 -67 -76 / 52 60 67 76 / 53 -60 -67 -76 / 55 59 67 74 / 56 65 -59 -74 / 57 59 64 72 / 48 57 -64 -72 / 47 62 65 71 / 45 64 69 72 / 47 62 67 71 / 48 60 67 76 / 50 -60 -67 -76 <END> 
<S> 49 57 64 69 / 50 62 69 77 / 52 68 -62 -77 / 53 59 68 -77 / 48 60 67 76 / 50 59 -67 -76 / 52 60 67 76 / 53 -60 -67 -76 / 55 59 67 74 / 72 -55 -59 -67 / 57 64 69 72 / 59 62 74 -69 / 60 64 67 76 / 65 -60 -76 -76 / 59 67 74 / 58 64 -67 -74 <END> 
<S> 59 67 76 / 57 66 74 -76 / 55 72 76 74 / 59 67 74 / 57 60 67 76 / 59 62 -67 -76 / 60 64 67 76 / 59 -64 -67 -76 / 57 60 65 77 / 55 59 74 -77 / 56 -59 76 -74 / 48 57 64 72 / 53 57 60 72 / 55 59 67 74 / 52 -59 -67 -74 <END> 
<S> 57 60 67 76 / 55 -60 -67 -76 / 53 69 74 -60 / 55 59 67 -74 / 52 60 67 76 / 53 69 74 -60 / 55 59 67 74 / 65 -55 -59 -74 / 48 64 67 72 / 55 64 71 72 <END> 
<S> 55 60 67 76 / 53 -60 -67 -76 / 55 59 67 74 / 65 -55 -59 -74 / 48 55 63 72 / 48 67 72 76 / 50 65 71 77 / 69 -50 -65 -77 / 52 59 67 79 / 62 -52 -67 -79 / 60 64 72 79 / 59 62 74 79 <END> 
<S> 47 62 67 79 / 48 60 67 76 / 55 60 67 74 / 43 59 -67 -74 / 45 59 67 72 / 65 74 -59 / 64 67 76 / 62 77 -67 -76 / 60 69 74 77 / 59 67 71 79 / 61 -59 -67 -76 <END> 
<S> 47 62 67 74 / 48 -62 -67 -74 / 50 62 66 69 / 55 62 67 -69 / 52 59 67 / 50 53 57 69 / 55 -50 -69 -74 / 54 57 69 74 / 46 55 -69 -74 / 45 54 72 54 / 55 -45 -54 <END> 
<S> 50 62 66 69 / 52 59 62 67 / 57 60 66 69 / 59 62 67 / 57 60 66 72 / 59 62 67 74 / 60 67 76 / 59 -60 -67 -76 / 57 60 72 77 / 62 -57 -72 -77 / 52 64 72 79 / 71 -52 -64 -79 / 50 60 69 77 / 62 -50 -69 -77 <END> 
<S> 57 64 72 / 55 59 62 74 / 67 -59 -62 -74 / 60 67 76 / 62 -60 -67 -76 / 55 60 67 74 / 59 -55 -67 -74 / 48 60 67 76 / 53 60 65 77 / 64 -53 -60 -77 / 55 62 71 79 / 67 77 -55 <END> 
<S> 52 60 67 72 / 58 -52 -67 -72 / 53 57 69 72 / 52 67 72 -57 / 50 57 65 72 / 64 -57 -72 / 58 65 74 / 60 69 -65 -74 / 70 76 -60 -65 / 53 69 72 -65 / 57 65 72 -72 / 74 -53 -65 -72 / 60 67 72 76 / 77 -60 -67 -72 / 61 67 70 79 <END> 
<S> 53 65 69 72 / 46 65 74 -69 / 58 64 67 74 / 57 60 65 -74 / 55 59 67 74 / 53 -59 -67 -74 / 52 60 67 76 / 53 -60 -67 -76 / 55 60 67 74 / 72 -55 -60 -67 / 55 59 67 74 / 65 -55 -59 -74 / 57 60 64 72 / 55 -60 -64 -72 / 53 65 69 -60 / 55 59 -65 -69 / 60 64 67 / 62 -60 -67 -76 <END> 
<S> 55 59 67 74 / 60 64 67 72 / 65 69 74 -72 / 67 70 72 76 / 74 -67 -72 -76 / 67 72 76 65 / 74 -67 -72 64 / 67 72 76 / 62 65 -72 -76 / 60 64 72 76 / 65 -60 -72 -76 / 55 67 71 74 / 62 -55 -67 -74 / 60 67 76 / 53 -60 -67 -76 / 52 60 67 79 / 53 69 -60 -67 <END> 
<S> 64 67 72 79 / 65 74 81 / 64 67 -74 / 59 62 74 77 / 57 60 74 76 / 59 71 74 -64 / 57 72 76 / 59 74 -69 / 60 76 -69 / 62 77 -69 / 62 69 -62 -77 / 64 71 -69 -77 / 50 65 69 -77 / 69 -50 -65 -77 / 60 62 69 77 / 60 76 -69 -69 <END> 
<S> 57 69 72 76 / 77 -57 -69 -72 / 52 67 70 79 / 53 -67 -70 -79 / 55 67 71 74 / 53 69 -67 -74 / 52 67 72 / / 71 74 -67 / 65 69 72 76 / 59 -69 -72 -76 / 57 64 72 -72 / 55 65 -72 -72 <END> 
<S> 57 64 69 72 / 67 -57 -64 -72 / 54 62 69 74 / 60 -54 -69 -74 / 55 59 67 74 / 65 -55 -59 -74 / 57 60 64 72 / 65 -57 -60 -72 / 59 62 67 79 / 57 69 -62 -79 / 55 62 71 79 / 64 67 72 79 / 65 69 74 77 / 67 70 76 -77 / 77 -56 -70 -77 <END> 
<S> 57 60 69 76 / 77 -57 -60 -69 / 59 67 79 79 / 77 -64 -67 -79 / 60 67 72 76 / 66 69 74 -60 / 59 67 71 79 / 60 64 81 -67 / 62 74 -67 41 / 60 64 76 81 / 57 60 76 -81 / 70 -57 76 -81 / 53 69 72 81 / 74 -53 -69 -81 <END> 
<S> 59 62 76 79 / 61 -59 -76 -79 / 60 62 69 -79 / 59 62 -69 -76 / 57 60 69 76 / 55 60 69 76 / 53 -60 -69 -76 / 74 -53 -60 -69 / 59 67 -53 -74 / 52 60 67 79 / 53 69 -60 -79 / 55 67 71 74 / 52 67 -71 -74 / 57 67 69 72 / 65 -57 -69 -72 <END> 
<S> 57 60 69 77 / 55 67 71 76 / 57 66 72 -76 / 55 67 71 74 / 53 -67 -71 -74 / 52 67 72 76 / 50 -67 -72 -76 / 52 67 72 79 / 53 -67 -72 -79 / 55 67 71 74 / 65 -55 -71 -74 / 56 64 71 76 / 57 64 69 72 / 67 -57 -64 -72 <END> 
<S> 53 67 72 76 / 52 -67 -72 -76 / 53 69 72 77 / 55 67 71 76 / 77 -55 -67 -71 / 52 60 67 72 / 53 62 69 74 / 71 -53 -62 -74 / 72 -50 -62 -71 / 55 62 71 74 / 67 -55 -62 -74 / 50 69 -55 -74 / 72 -50 -54 -69 / 55 -45 -69 -69 / 50 58 67 70 / 48 64 -67 -70 / 50 62 65 69 <END> 
<S> 55 62 69 72 / 55 71 -62 -69 / 72 -55 -62 -71 / 43 55 71 74 / 53 59 62 -74 / 52 55 60 72 / 50 53 65 -72 / 52 55 64 71 / 53 59 62 68 / 52 60 68 -68 / 50 57 65 69 / 48 64 -57 -69 / 47 50 62 67 <END> 
<S> 53 57 60 69 / 50 65 -53 -69 / 55 59 67 71 / 48 60 64 67 / 53 60 65 69 / 52 -60 -65 -69 / 50 58 65 69 / 49 64 -58 -70 / 50 57 62 69 / 43 55 62 70 / 64 -43 -55 -71 / 45 45 60 69 / 47 50 -69 -69 <END> 
<S> 50 58 65 74 / 49 -58 -65 -70 / 52 61 64 67 / 62 -52 -64 -67 / 57 60 64 69 / 55 59 64 71 / 53 57 65 72 / 52 62 65 -72 / 50 -62 -65 -71 / 48 60 64 67 / 60 66 -48 -60 <END> 
<S> 57 64 69 72 / 55 62 -69 -72 / 48 64 69 72 / 50 -64 -69 -72 / 55 62 67 71 / 53 59 65 69 / 52 64 -53 -69 / 62 71 -53 -56 / 52 55 64 72 / 54 62 -64 -72 / 55 62 71 / 59 67 -55 -71 <END> 
<S> 50 57 64 69 / 62 66 -57 -72 / 52 59 67 71 / 60 -52 -67 -71 / 50 62 65 69 / 59 -50 -65 -69 / 48 57 64 72 / 52 55 64 72 / 54 57 62 74 / 55 59 62 67 <END> 
<S> 50 57 66 74 / 52 55 59 67 / 57 -52 -67 / 50 59 62 67 / 55 60 64 69 / 57 65 71 -60 / 55 59 64 67 / 62 -55 -59 -67 / 57 60 64 / 55 59 62 / 53 -59 60 <END> 
<S> 55 59 62 67 / 60 64 -55 -67 / 43 62 65 69 / 59 -43 -65 -69 / 48 60 64 67 / 60 52 -60 -67 / 45 53 60 69 / 47 55 65 71 / 57 -47 -65 -71 / 55 59 64 67 / 62 -55 -64 -67 / 49 57 64 69 / 50 65 -57 -69 / 52 60 67 -57 / 53 -45 -60 -67 <END> 
<S> 48 60 64 67 / 50 -60 -64 -67 / 52 55 64 72 / 53 62 -64 -72 / 55 60 62 / 64 -55 -60 / 43 59 62 -55 / 55 59 -43 -62 / 53 -43 -59 -62 / 45 48 60 -53 / 52 -48 -60 / 47 50 62 -60 <END> 
<S> 47 55 62 / 48 55 60 64 / 59 -48 -55 -64 / 50 55 62 65 / 52 59 67 / 57 65 -52 -67 / 55 59 62 67 / 55 -59 -62 -67 / 57 60 65 -55 / 50 62 -60 -65 / 55 59 62 67 / 53 -59 -62 -67 / 52 60 67 / 53 60 65 69 / 55 62 65 71 / 56 64 -65 -71 <END> 
<S> 55 62 65 71 / 53 -62 -65 -71 / 52 60 64 67 / 48 64 -60 -67 / 47 62 67 / 49 64 67 69 / 50 62 66 69 / 60 -50 -66 -69 / 43 59 62 67 / 55 59 62 67 / 53 57 -62 -67 / 52 55 64 72 / 50 -55 -64 -72 <END> 
<S> 50 62 67 69 / 64 -50 -67 -69 / 62 66 69 / 60 -62 -66 -69 / 59 62 67 71 / 69 -59 -62 -67 / 64 67 -59 -71 / 57 66 69 72 / 59 62 -69 -72 / 60 64 67 / 62 -60 -67 / 45 60 64 69 / 55 59 62 67 <END> 
<S> 64 67 69 / 62 66 -69 -72 / 55 62 67 71 / 64 -55 -67 -71 / 50 62 66 69 / 62 -50 -69 / 60 -50 -69 -69 / 55 59 67 71 / 60 64 69 72 / 57 62 69 72 / 55 62 67 71 / 53 59 62 67 <END> 
<S> 57 64 69 72 / 62 -54 -69 -72 / 55 62 67 71 / 52 59 67 / 65 -52 -59 -67 / 57 60 64 72 / 55 59 -64 -72 / 54 57 69 74 / 50 59 62 -69 -74 / 52 59 71 76 / 56 64 71 -76 / 62 74 -56 -71 <END> 
<S> 57 64 72 / 62 -57 -72 / 64 -57 -72 / 66 71 -57 -72 / 52 68 72 -57 / 53 59 62 74 / 52 60 64 76 / 65 69 -60 -76 / 55 67 71 74 / 65 -55 -71 -74 / 48 64 67 72 / 69 -48 -64 -72 / 53 62 71 74 / 69 -53 -62 -74 / 55 62 67 70 / 64 -55 -67 -70 / 65 -55 -67 -70 <END> 
<S> 52 60 67 72 / 70 -52 -60 -67 / 53 60 65 69 / 52 -60 -65 -69 / 50 60 64 71 / 62 -50 -60 -71 / 52 60 64 67 / 59 62 -52 -67 / 53 57 60 69 / 55 62 67 71 / 53 62 69 -71 / 52 60 67 -69 / 59 -52 -67 -67 / 57 60 65 -67 / 50 62 66 69 / 55 59 62 67 / 53 65 -59 -62 / 52 60 64 67 / 48 60 64 -67 -72 <END> 
<S> 53 57 62 69 / 60 -53 -57 -69 / 52 61 67 69 / 50 62 -67 -69 / 38 59 62 67 / 49 -59 -62 -67 / 50 57 62 65 / 47 -57 -62 -65 / 48 55 64 -62 / 60 -48 -64 -55 / 43 55 62 -60 / 59 -43 -55 -62 / 36 55 60 64 / / 55 60 62 71 / 53 69 72 -60 / 55 62 67 71 / 48 64 67 72 / 48 64 67 72 / 60 66 74 -48 <END> 
<S> 57 60 64 72 / 55 59 62 / 53 -55 -59 -62 / 52 55 60 64 / 50 -55 -60 -64 / 48 55 60 64 / 47 -55 -60 -64 / 45 57 60 64 / 43 -57 -60 -64 / 41 57 60 62 / 38 -57 -60 -62 / 43 55 59 -62 / 53 -43 -59 -62 / 36 52 55 60 <END> 
<S> 45 57 60 65 / 47 -57 -60 -65 / 48 55 60 64 / 46 -55 -60 -64 / 55 59 62 / 53 -55 -59 -62 / 52 55 59 67 / 50 -55 -59 -67 / 48 57 65 69 / 45 64 -55 -69 / 50 62 69 -69 / 67 71 -50 -62 / 38 62 66 69 / 60 -38 -66 -69 <END> 
<S> 48 57 64 69 / 55 59 -64 -69 / 54 57 62 71 / 52 55 64 72 / 54 57 -64 -72 / 55 62 71 71 / 52 64 67 72 / 54 69 -64 -72 / 55 62 71 -69 / 59 67 -55 -71 / 48 64 69 -67 / 50 66 -48 -69 / 52 59 64 67 <END> 
<S> 57 64 69 / 62 66 -57 -69 / 55 59 67 71 / 60 64 69 72 / 54 60 69 74 / 56 59 71 -74 / 56 64 71 76 / 57 64 69 72 / 59 62 67 74 / 60 67 76 / 59 77 -60 -67 / 52 60 67 79 <END> 
<S> 57 64 69 72 / 59 62 67 74 / 60 67 76 / 62 77 -60 -67 / 61 64 69 79 / 62 69 77 / 59 68 -62 -77 / 57 61 69 76 / 57 60 69 76 / 77 -57 -60 -69 <END> 
<S> 55 62 70 76 / 53 -62 -70 -76 / 67 -53 -62 -70 / 50 60 66 69 / 55 58 67 70 / 57 60 -67 -70 / 50 58 62 65 / 57 67 -50 -58 / 57 60 -57 -72 / 55 58 62 74 / 53 57 -62 -74 <END> 
<S> 53 57 65 74 / 58 -53 -65 -74 / 53 60 72 / 58 64 67 70 / 57 60 65 72 / 60 67 -57 -72 / 58 65 70 74 / 56 -65 -70 -74 / 55 67 70 74 / 53 -67 -70 -74 / 51 63 70 79 / 56 72 77 -63 / 58 62 70 -77 <END> 
<S> 58 65 74 / 70 -58 -65 -74 / 60 63 72 75 / 62 65 70 77 / 63 70 79 / 62 65 -70 -79 / 60 67 72 75 / 58 -67 -72 -75 / 56 72 77 / 55 75 -72 -77 / 56 65 72 75 / 53 74 -65 -72 <END> 
<S> 60 67 72 75 / 58 62 74 77 / 56 63 72 -77 55 58 70 75 / 53 -58 -70 -75 / 51 63 70 79 / 50 -70 -79 -79 / 48 63 72 79 / 55 62 71 79 <END> 
<S> 51 63 70 79 / 53 -63 -70 -79 / 55 63 70 79 / 56 -63 -70 -79 / 58 65 70 74 / 60 75 -65 -70 / 62 71 77 -65 / 59 62 74 -77 / 60 63 74 75 / 62 65 71 77 <END> 
<S> 56 63 72 / 55 70 -63 -72 / 53 65 68 74 / 55 63 70 75 / 61 -55 -70 -75 / 56 60 68 -75 / 51 58 65 -68 / 63 67 -51 -58 / 47 62 68 -58 / 65 -47 -58 -62 <END> 
<S> 46 62 65 70 / 63 67 -53 -70 / 46 62 65 -70 / 67 -46 -62 -70 / 39 55 67 72 / 51 60 67 70 / 53 60 65 69 / 51 -60 -65 -69 / 50 62 65 71 / 52 55 67 72 / 60 -51 -67 -72 <END> 
<S> 55 60 63 70 / 53 60 65 68 / 51 67 -60 -65 / 55 59 67 -65 / 60 63 -55 -67 / 56 60 -63 -67 / 62 65 -60 -56 / 55 63 67 70 / 53 65 68 -70 / 51 67 70 / 55 -51 -67 -70 / 65 -55 -67 -70 / 56 63 67 72 / 62 65 -56 -72 / 55 61 67 70 / 53 65 68 -67 <END> 
<S> 51 58 63 67 / 50 -58 -63 -67 / 48 60 63 67 / 46 -60 -63 -67 / 44 58 65 -63 / 47 62 -65 / 48 55 60 64 / 53 58 60 65 / 51 53 67 -60 / 50 65 -60 -67 / 48 60 67 -65 / 50 65 -60 -67 / 51 60 67 / 53 59 68 74 / 51 -53 -59 -68 <END> 
