<S> 57 64 69 72 / 55 -64 -69 -72 / 53 65 69 72 / 52 -65 -69 -72 / 50 65 74 -69 / 71 -50 -65 -74 / 48 67 72 76 / 70 -48 -72 -76 / 53 69 72 77 / 76 -53 -69 -72 / 55 62 74 -72 / 67 71 -55 -74 / 65 -55 -71 -74 / 48 64 67 72 <END> 
<S> 53 69 72 74 / 71 -53 -69 -74 / 52 67 72 76 / 53 -67 -72 -76 / 55 67 74 -72 / 71 -55 -67 -74 / 65 -55 -71 -74 / 56 64 71 76 / 57 64 69 72 / 65 -57 -69 -72 / 59 64 67 74 / 62 -59 -67 -74 / 60 67 76 / 62 65 77 -60 <END> 
<S> 57 64 69 72 / 55 65 -69 -72 / 53 67 70 72 / 52 -67 -70 -72 / 53 65 69 72 / 46 65 70 74 / 64 67 72 / 62 65 74 -72 / 64 67 72 76 / 65 74 81 -67 / 67 74 64 / 65 -67 -74 56 <END> 
<S> 53 65 69 72 / 64 67 71 -53 / 62 65 69 / 60 64 67 72 / 59 62 74 -67 / 60 76 -62 -67 / 57 -60 -67 -76 / 55 59 67 74 / 52 60 -67 -74 / 52 59 67 71 / 50 -59 -67 -71 / 48 57 67 72 / 71 -57 -67 -72 <END> 
<S> 60 67 76 / 59 -60 -67 -76 / 60 65 69 -76 / 62 71 -69 -77 / 64 67 72 79 / 60 65 72 81 / 62 74 -72 -81 / 55 64 71 79 / 62 77 -55 -70 / 57 60 72 76 / 55 -60 -72 -76 / 53 65 72 -72 / 74 -53 -65 -72 / 48 67 76 -72 / 50 69 77 -76 / 55 -50 -74 -77 <END> 
<S> 57 64 72 77 / 59 62 74 -77 / 60 64 76 -74 / 72 -60 -64 -76 / 54 69 74 -72 / 55 67 72 -74 / 67 -55 -72 -74 / 53 69 -67 -72 / 55 62 67 71 / 48 64 67 69 / 50 62 66 -69 / 60 -50 -66 -69 / 55 59 62 67 / 52 59 64 67 / 50 57 -64 -67 / 52 55 64 72 / 48 55 -64 -64 <END> 
<S> 50 62 67 69 / 64 -50 -67 -69 / 66 62 69 -69 / 55 67 -62 -69 / 60 64 67 / 62 65 -67 64 / 60 64 67 / 59 -60 -64 -67 / 57 60 64 67 / 55 -60 -64 -67 / 53 60 65 69 / 52 -60 -65 -69 / 50 62 65 69 / 71 -50 -62 -65 / 52 60 67 72 / 54 57 69 -72 / 55 59 67 74 / 60 -54 -67 -74 <END> 
<S> 60 64 67 / 62 -60 -67 / 59 60 64 67 / 57 60 64 72 / 65 -57 -60 -72 / 56 59 65 74 / 62 -56 -65 -74 / 48 64 72 / 47 62 67 74 / 45 60 72 76 / 55 59 71 74 / 52 60 67 72 / 53 69 -60 -72 <END> 
<S> 48 60 67 76 / 72 -48 -60 -76 / 71 -48 -60 -76 / 47 62 74 77 / 61 67 76 -48 / 62 69 77 -67 / 64 71 -62 -77 / 57 64 69 72 / 62 65 -69 -72 / 64 67 71 79 / 62 65 77 -79 / 60 64 72 79 / 65 74 -72 -79 / 67 76 -72 76 / 57 -67 -72 -76 <END> 
<S> 57 64 71 79 / 55 -64 -71 -79 / 57 60 69 77 / 59 62 -69 -77 / 60 67 76 / 53 60 69 77 / 62 67 71 -53 / 52 64 67 72 / 53 65 69 74 / 62 -53 -69 -74 / 55 62 69 70 / 67 -55 -62 -70 / 50 60 67 69 / 66 -50 -60 -69 / 55 59 67 / 52 59 67 / 65 -52 -59 -67 <END> 
<S> 55 62 69 / 60 -55 -69 / 50 53 58 67 / 52 55 60 67 / 59 -52 -55 -67 / 57 60 64 72 / 55 59 62 -72 / 53 60 69 72 / 52 -60 -69 -72 / 50 65 71 77 / 52 64 67 -77 / 62 -52 -67 -72 / 53 57 69 -72 / 71 -53 -69 -72 / 55 62 71 -69 / 64 -55 -71 -74 / 65 -55 -71 -74 <END> 
<S> 50 60 65 74 / 52 59 67 76 / 53 57 65 72 / 48 74 -57 -65 / 60 76 -48 -57 / 50 59 66 74 / 57 60 62 66 / 59 62 67 71 / 64 -59 -67 -71 / 57 65 -67 -71 / 62 66 -57 -72 / 55 62 67 71 / 52 59 64 67 / 57 64 72 -55 / 54 62 69 74 / 55 62 67 70 / 60 66 69 -55 <END> 
<S> 57 64 72 / 62 66 -57 -72 / 55 62 67 71 / 53 -62 -67 -71 / 52 64 67 72 / 50 -64 -67 -72 / 48 62 67 74 / 47 -62 -67 -74 / 45 60 72 76 / 55 -60 -72 -76 / 53 69 72 -60 / 52 67 -60 -72 / 50 65 69 74 / 71 -50 -65 -74 / 48 67 72 76 / 52 -67 -72 -76 / 53 69 74 -72 / 50 65 -72 -74 / 55 62 71 -74 / 67 -55 -71 -74 / 65 -55 -71 -74 <END> 
<S> 48 67 76 -62 / 50 60 -67 -76 / 52 67 72 76 / 53 -67 -72 -76 / 55 67 72 74 / 71 -55 -67 -74 / 0 / 53 69 74 77 / 67 76 -62 61 / 69 74 77 -60 / 59 67 -74 -77 / 72 76 -59 -67 / 57 65 72 -76 / 55 67 71 74 <END> 
<S> 58 67 76 / 74 -58 -67 -74 / 57 72 76 -67 / 77 -57 -72 -76 / 53 69 72 -72 / 74 -53 -69 -72 / 55 67 72 76 / 43 74 -67 -72 / 65 71 -43 -74 / 64 -43 -71 -74 / 65 -43 -71 -74 / 48 64 67 72 / 60 64 69 -72 <END> 
<S> 55 67 72 74 / 53 -67 -72 -74 / 55 67 71 74 / 65 -55 -71 -74 / 48 64 67 72 / 55 67 71 74 / 53 67 73 76 / 52 -67 -73 -76 / 50 69 74 77 / 52 -69 -74 -77 / 53 69 74 77 50 55 -69 -74 <END> 
<S> 55 67 71 74 / 53 67 73 76 / 52 -67 -73 -76 / 50 69 74 77 / 52 -69 -74 -77 / 53 69 74 77 / 55 -69 -74 -77 / 57 69 74 76 / 71 -57 -74 -76 / 57 69 72 76 / 77 -57 -69 -72 <END> 
<S> 53 69 72 / 52 67 -69 -72 / 50 65 71 77 / 52 67 72 76 / 53 -67 -72 -76 / 55 67 72 -72 / 71 -55 -67 -72 / 56 71 76 / 69 -56 -64 / 62 74 -56 -64 / 55 62 71 77 / 67 -62 -62 -77 / 50 60 67 76 / 52 -60 -67 -76 / 52 60 67 79 / 53 69 -60 -79 / 55 67 71 74 / 52 67 71 76 <END> 
<S> 55 62 71 -69 / 60 64 69 -55 / 54 62 69 74 / 56 59 71 -74 / 57 64 69 72 / 59 -64 -69 -72 / 60 64 69 / 59 62 -64 -69 / 60 64 67 / 62 65 -60 -67 / 59 64 67 69 / 57 -64 -67 -69 / 55 62 71 74 / 53 59 67 -74 / 52 61 67 76 <END> 
<S> 59 62 68 74 / 60 64 67 76 / 62 66 71 -50 / 64 69 -66 / 57 64 71 74 / 52 55 71 76 / 50 57 74 77 / 52 -57 -60 -77 / 53 59 62 74 / 61 -53 52 -74 / 69 72 -53 -57 / 52 52 67 71 <END> 
<S> 57 64 69 / 59 62 68 74 / 57 60 69 76 / 55 -60 -69 -76 / 53 60 69 74 / 50 -60 -69 -74 / 55 67 71 -60 / 43 59 74 -67 / 65 -43 -59 -74 / 48 55 64 72 / 60 67 76 / 58 -60 -67 -76 <END> 
<S> 48 60 67 76 / 50 -60 -67 -76 / 52 60 67 76 / 53 -60 -67 -76 / 55 59 67 74 / 65 -55 -59 -74 / 57 60 64 72 / 55 -60 -64 -72 / 53 69 -60 -72 / 59 62 67 74 / 60 67 76 / 62 77 -60 -67 / 61 64 69 79 <END> 
<S> 53 60 69 -65 / 64 -53 -60 -69 / 59 62 67 74 / 57 60 64 69 / 55 59 67 74 / 53 -59 -67 -74 / 52 60 67 76 / 50 77 -60 -67 / 52 60 67 79 / 53 -60 -67 -76 / 55 59 67 74 / 72 -55 -59 -67 / 57 64 69 72 / 55 62 -69 -72 <END> 
<S> 52 60 67 72 / 50 62 -67 -72 / 52 64 67 / 57 62 -52 -67 / 45 57 60 72 / 66 -45 -57 -60 / 47 50 62 67 / 55 -47 -62 -67 / 48 55 64 69 / 50 -55 -64 -69 / 52 62 71 -69 / 54 -62 -71 -71 / 55 59 64 72 / 62 -55 -59 -72 / 52 60 64 71 / 56 -52 -64 -71 <END> 
<S> 47 62 67 71 / 48 -62 -67 -71 / 50 62 66 69 / 55 62 67 71 / 52 59 67 71 / 57 64 72 -67 / 59 62 67 74 / 60 76 -67 / 59 62 67 74 / 64 -59 -67 -74 / 57 64 67 72 / 55 62 -67 -72 / 60 64 69 -67 / 57 -64 -67 -76 / 64 69 72 -58 / 53 -49 -69 -72 <END> 
<S> 57 64 72 / 59 62 74 -72 / 60 64 76 / 62 77 -60 -72 / 61 64 69 79 / 62 65 77 -79 / 76 -62 -65 -77 / 59 -62 -65 -77 / 60 64 81 -67 / 57 60 -66 -76 / 59 62 67 74 / 60 64 76 / 62 66 -60 -76 / 67 76 -62 -76 / 56 62 -67 -76 <END> 
<S> 53 60 69 77 / 59 -53 -69 -77 / 48 60 67 76 / 59 -48 -67 -76 / 50 57 66 74 / 52 55 64 67 / 54 60 62 67 / 59 62 67 69 / 57 64 -62 -67 / 50 62 66 69 / 55 62 67 71 / 53 59 62 67 <END> 
<S> 57 64 69 72 / 62 67 71 / 60 64 67 76 / 57 60 66 74 / 59 -66 -74 / 56 64 71 72 / 52 55 -64 -72 / 57 62 72 / 55 59 62 -72 / 60 64 67 -72 / 62 65 -67 -72 / 64 67 72 -72 / 59 62 71 74 / 57 60 72 76 / 59 62 -72 -76 <END> 
<S> 57 60 64 72 / 55 -60 -64 -72 / 53 69 -60 -72 / 59 62 67 74 / 60 64 67 76 / 65 -60 -67 -76 / 55 67 72 74 / 62 -55 -72 -74 / 55 71 74 -74 / 65 -55 -71 -74 / 48 64 67 72 <END> 
<S> 55 67 71 74 / 60 -67 -71 -74 / 59 62 67 79 / 57 -62 -67 -79 / 55 62 67 71 / 69 -62 -67 / 50 62 67 71 / 52 55 67 72 / 50 57 -67 -72 / 52 59 -67 -72 / 60 69 -51 -67 / 50 66 69 74 / 59 62 67 71 <END> 
<S> 50 62 67 71 / 69 -50 -62 -69 / 43 59 62 71 / 48 55 60 72 / 47 62 67 -55 / 43 59 64 -67 / 45 60 -64 -67 / 43 59 62 67 / 45 60 64 -67 / 47 62 65 / 48 62 -62 -65 / 47 55 62 67 / 45 -55 -62 -67 / 47 55 62 67 / 43 59 71 -67 <END> 
<S> 36 48 64 69 / 47 55 62 -69 / 48 60 64 69 / 59 -48 -64 -69 / 50 57 66 -69 / 43 59 62 67 / 60 64 -43 -67 / 59 -43 -60 -67 / 41 57 60 69 / 62 -41 -57 -60 / 59 62 -41 -56 / 55 59 62 / 53 57 -55 -62 / 52 55 59 62 / 50 53 60 62 <END> 
<S> 59 62 -45 -64 / 47 57 62 -65 / 55 59 62 / 48 55 60 64 / 47 -55 -60 -64 / 48 52 60 64 / 50 62 -48 -64 / 52 60 64 67 / 53 60 69 -67 / 62 -53 -60 -69 / 55 59 62 67 / 65 -55 -59 -67 / 48 60 64 67 / 59 62 -48 -67 <END> 
<S> 47 55 62 67 / 45 -55 -62 -67 / 52 55 60 67 72 / 62 -55 -67 / / 55 62 -67 / 64 -55 -55 -71 / 54 60 69 -55 / 62 -55 -60 -69 / 43 50 59 67 / 48 52 60 67 / 52 -48 -60 -67 / 50 53 60 69 / 55 71 -50 -53 / 52 55 72 -58 / 53 57 -55 -72 / 55 62 71 / 53 -55 -62 -71 <END> 
<S> 48 55 60 64 / 50 -55 -60 -64 / 52 55 60 67 / 50 -55 -60 -67 / 48 55 60 67 / 43 59 -55 -67 / 45 53 60 69 / 48 52 60 67 / 69 -48 -60 -76 / 43 55 59 71 / 41 69 -55 -59 / 43 55 64 72 / 45 57 60 65 / 47 62 -57 -65 / 48 55 64 / 60 -48 -55 -64 <END> 
<S> 47 50 62 67 / 45 52 60 -67 / 43 59 -52 -67 / 41 57 60 69 / 48 -41 -60 -69 / 43 50 59 71 / 38 51 59 -71 / 50 52 59 67 / 38 -52 -59 -67 / 48 52 57 67 / 45 52 64 67 / 45 60 64 -67 / 50 57 62 65 / 48 55 64 72 <END> 
<S> 47 50 62 67 / 45 55 -62 -67 / 46 55 62 69 / 72 -43 -55 -62 / 55 62 67 70 / 53 -62 -67 -70 / 52 60 67 72 / 64 -60 -67 -72 / 65 76 -60 -68 / 67 -60 -65 -72 / 62 65 71 74 / 64 67 72 76 / 65 74 -67 -72 / 64 67 72 / 65 -60 -67 -72 <END> 
<S> 60 64 67 69 / 58 62 -67 -70 / 57 60 67 72 / 65 -60 -72 / 58 65 74 -72 / 53 -65 -70 -74 / 55 67 70 75 / 56 60 -70 -75 / 58 62 65 74 / 56 65 -62 -74 / 55 58 67 75 / 57 60 -67 -75 / 58 62 65 74 / 56 64 -65 -74 / 55 58 64 70 / 53 60 68 -70 <END> 
<S> 56 60 63 72 / 65 74 -56 -60 / 55 58 67 75 / 53 68 -58 -75 / 55 62 70 74 / 63 67 72 / 62 65 -72 / 60 63 70 -65 / 60 63 -60 -70 / 53 62 68 72 / 70 -53 -62 / 51 60 72 -70 / 69 -51 -60 -72 / 50 65 70 74 / 51 -65 -70 -74 / 53 65 69 72 / 46 -65 -69 -72 / 58 65 74 / 57 60 66 -74 <END> 
<S> 53 65 68 74 / 63 72 -53 -68 / 55 62 67 70 / 65 -55 -62 -70 / 48 63 67 72 / 60 63 72 79 / 53 63 72 80 / 65 -53 -72 -80 / 63 -53 -72 -80 / 58 62 70 77 / 51 58 70 79 / 53 -58 -70 -79 / 55 58 70 77 / 56 60 -70 -77 <END> 
<S> 53 63 70 79 / 61 70 79 / 62 70 74 79 / 55 -70 -74 -79 / 72 75 -55 -67 / 53 65 68 75 / 51 67 70 75 / 53 68 72 74 / 55 67 71 -74 / 56 66 72 -74 / 55 67 71 74 / 56 68 72 51 <END> 
<S> 53 68 72 74 / 55 67 71 -74 / 65 -55 -71 -74 / 48 63 67 72 / 60 67 72 75 / 58 -67 -72 -75 / 56 60 72 75 / 55 70 -60 -75 / 53 60 68 74 / 55 59 67 -74 / 56 60 67 72 / 65 -56 -60 -72 <END> 
<S> 56 63 72 / 55 74 -63 -72 / 53 65 74 -72 / 51 63 67 75 / 65 68 -51 -75 / 50 67 70 77 / 51 63 70 79 / 53 65 68 77 / 55 59 67 -74 / 65 -55 -59 -74 <END> 
<S> 51 63 67 79 / 62 -51 -67 -79 / 53 60 65 77 / 55 67 -60 -77 / 56 62 72 -67 / 65 -56 -56 -72 / 55 63 67 72 / 62 -55 -67 -72 / 60 -55 -67 -72 / 43 62 67 71 / 65 -43 -67 -71 <END> 
<S> 48 63 72 / 55 62 -48 -72 / 60 69 -55 -72 / 62 65 71 74 / 63 67 72 / 62 65 71 74 / 60 63 72 79 / 58 -63 -72 -79 / 56 63 72 77 / 58 62 70 -77 / 68 -58 -62 -77 <END> 
<S> 60 63 72 80 / 62 65 70 -80 / 63 70 79 -65 / 63 70 79 82 / 63 72 79 / 60 63 67 75 / 59 62 -67 -75 / 60 77 -62 -67 / 55 60 67 75 / 53 68 77 -60 <END> 
<S> 59 62 68 77 / 60 63 75 / 55 58 62 77 / 56 60 68 75 / 55 60 70 77 / 53 68 80 -77 / 51 67 79 -74 / 59 71 74 79 / 60 67 72 75 / 51 67 72 75 / 53 -67 -72 -75 / 55 67 70 -74 / 56 65 68 72 <END> 
<S> 53 68 74 77 / 72 75 -53 -68 / 55 63 70 74 / 65 -55 -70 -74 / 51 67 70 75 / 56 65 72 77 / 67 -56 -72 -77 / 68 -56 -72 -77 / 53 68 74 77 / 47 67 74 -77 / 44 72 75 / 74 -51 -72 -75 / 50 65 72 77 / 51 -65 -72 -77 <END> 
<S> 58 62 74 77 / 56 75 -74 -77 / 55 72 75 / 74 -55 -72 / 53 68 72 77 / 55 75 -68 -77 / 53 70 75 79 / 51 63 -70 -75 / 50 65 70 77 / 51 67 -70 -77 / 53 65 68 -70 / 51 63 70 79 / 55 -63 -70 -79 <END> 
<S> 55 67 70 75 / 53 65 68 74 / 51 63 67 75 / 50 65 72 77 / 71 -50 -65 -77 / 48 67 72 75 / 53 68 74 77 / 55 62 71 74 / 55 67 71 -74 / 65 -55 -71 -74 / 56 63 72 / 65 74 -56 -72 <END> 
<S> 59 67 74 77 / 60 67 72 75 / 55 67 71 74 / 51 60 67 72 / 65 74 -51 -67 / 60 63 67 72 / 58 62 -67 -72 / 57 60 65 72 / 58 62 67 -72 / 60 63 67 72 / 58 62 -67 -72 <END> 
<S> 56 63 72 -67 / 65 -56 -56 -72 / 56 -56 -65 -72 / 74 -56 -65 -68 / 55 63 67 75 / 53 68 77 -75 / 55 67 74 -72 / 53 71 -67 -74 / 51 63 72 / 50 65 -72 / 63 67 70 / 69 -63 -67 -70 / 62 65 68 71 / 63 -62 -68 -71 / 62 65 70 / 63 68 -62 -65 / 47 62 67 79 / 48 60 64 67 <END> 
<S> 53 65 68 74 / 63 -53 -68 -74 / 55 62 67 71 / 43 59 62 67 / 48 60 63 67 / 58 62 -48 -67 / 53 57 60 72 / 66 -57 -60 -72 / 55 62 67 70 / 57 63 -67 -70 / 58 62 65 -70 / 67 -58 -65 -70 / 48 65 68 -70 / 63 -48 -67 -70 <END> 
<S> 52 60 67 72 / 55 62 70 / 53 60 69 -55 / 53 60 65 / 55 58 67 / 56 65 -58 -67 / 63 -56 -65 / 62 65 70 / 60 64 -65 -70 / 62 65 70 / 60 64 69 57 / 59 62 -69 -72 / 60 63 67 72 / 62 65 -67 -72 / 63 67 70 / 59 62 -67 -70 <END> 
<S> 58 62 65 69 / 60 -54 -65 -69 / 55 62 67 71 / 53 -62 -67 -71 / 51 63 72 -67 / 69 -51 -63 -72 / 50 65 71 74 / 48 67 72 75 / 68 74 77 -48 / 47 67 -74 -77 / 48 67 75 -74 / 51 72 -67 -75 / 55 67 72 74 / 71 -55 -67 -74 / 65 -55 -71 -74 <END> 
<S> 48 67 72 75 / 53 -67 -72 -75 / 55 67 71 74 / 72 -55 -67 -74 / 60 67 75 / 58 -60 -67 -75 / 56 60 68 75 / 55 -60 -68 -75 / 53 60 68 74 / 55 59 67 -74 / 56 60 65 72 / 64 -56 -60 -72 / 55 62 67 71 / 48 63 67 72 / 53 60 65 68 <END> 
<S> 55 60 67 75 / 53 -60 -67 -75 / 55 60 67 74 / 43 59 -67 -74 / 65 74 -43 / 48 63 67 72 / 60 67 72 75 / 54 69 72 74 / 50 62 71 -74 / 55 62 69 -74 / 54 63 -69 -74 / 55 62 67 75 / 58 62 70 77 / 63 70 79 <END> 
<S> 55 67 71 74 / 56 63 72 / 62 74 -56 -72 / 55 72 75 -72 / 53 74 -72 -75 / 55 62 71 74 / 65 -55 -71 -74 / 48 63 67 72 / 60 69 -51 -72 / 55 67 71 74 / 55 67 71 74 <END> 
<S> 56 62 71 -65 / 63 -56 -71 / 55 62 67 71 / 53 -62 -67 -71 / 51 60 67 72 / 48 63 69 -72 / 50 62 71 77 / 51 55 72 79 / 53 60 70 77 / 48 75 -60 -70 / 50 65 77 -72 / 71 -50 -65 -77 <END> 
<S> 51 63 67 72 / 50 -63 -67 -72 / 48 62 67 74 / 47 -62 -67 -74 / 48 60 67 75 / 55 -60 -67 -75 / 56 60 68 75 / 55 -60 -68 -75 / 53 60 68 74 / 55 59 67 -74 / 65 -55 -67 -74 / 48 63 67 72 / 50 58 70 77 <END> 
<S> 53 60 68 74 / 50 -60 -68 -74 / 55 59 67 -74 / 65 -55 -59 -74 / 48 60 63 72 / 55 58 70 75 / 56 60 68 77 / 58 62 68 -77 / 75 -58 -65 -68 / 51 67 70 75 / 63 70 79 <END> 
<S> 58 63 65 80 / 62 -58 -65 -79 / 60 63 79 / 58 62 65 77 / 56 60 72 75 / 55 70 77 -75 / 53 68 75 77 / 51 67 79 -75 / 58 62 70 77 <END> 
<S> 53 63 72 80 / 62 -53 -72 -80 / 55 63 70 79 / 62 77 -55 / 60 63 72 79 / 58 -63 -72 -79 / 56 65 72 77 / 58 62 70 -77 / 68 -58 -62 -77 <END> 
<S> 46 70 77 -63 / 62 65 70 77 / 63 70 79 / 62 65 -70 / 60 63 67 75 / 58 62 -67 -75 / 56 60 72 77 / 55 70 -60 -77 <END> 
<S> 63 67 70 72 / 62 65 -70 / 60 63 72 79 / 58 62 74 -79 / 67 -58 -62 -79 / 60 63 72 79 / 62 -63 -72 -77 / 63 72 81 -67 / 72 -63 -63 -72 <END> 
<S> 58 63 68 77 / 62 -58 -68 -77 / 60 67 75 -62 / 58 -60 -67 -75 / 56 60 72 77 / 55 75 -60 -72 / 53 65 72 74 / 55 65 71 -74 / 63 -55 -71 -74 / 65 -55 -71 -74 / 48 63 67 72 / 60 63 72 79 <END> 
