<S> 48 64 67 72 / 50 65 -67 -72 / 52 60 67 72 / 53 60 65 69 / 55 71 -60 -65 / 57 60 64 72 / 55 59 -64 -72 / 54 57 62 74 / 72 -54 -57 -62 / 55 59 67 71 / 60 -55 -67 -71 / 50 62 66 69 / 62 66 69 / 60 -62 -66 -69 <END> 
<S> 54 57 62 74 / 72 -54 -57 -62 / 55 62 71 / 50 -55 -62 -71 / 48 55 64 72 / 50 65 -55 -72 / 52 60 67 / 59 -52 -67 -76 / 57 60 69 77 / 55 62 67 76 / 53 60 67 76 / 52 60 67 72 / 54 69 74 -60 / 55 67 70 76 / 57 69 73 -76 / 70 -57 -69 -76 <END> 
<S> 57 60 64 76 / 55 -57 -60 -76 / 53 57 69 74 / 55 59 -74 -74 / 72 -55 -59 -74 / 48 64 67 72 / 60 64 67 72 / 69 -60 -64 -72 / 59 64 67 71 / 62 -59 -67 -71 / 60 66 69 / 59 62 -66 -69 / 60 64 67 / 62 71 -60 -67 / 55 59 67 74 / 65 -55 -59 -74 / 56 60 64 72 / 55 64 -60 -72 / 53 65 69 74 / 59 67 -53 -74 / 55 62 71 -67 / 43 -55 -67 -74 <END> 
<S> 59 62 67 71 / 60 -62 -67 -71 / 62 66 69 / 50 59 -66 -69 / 59 62 67 71 / 60 64 69 72 / 59 62 67 71 / 57 64 69 72 / 55 62 71 74 / 64 72 -55 54 / 57 65 74 -72 / 59 -69 -74 -74 / 60 67 72 76 / 55 67 71 74 / 65 -55 -71 -74 <END> 
<S> 62 64 69 / 60 -62 -69 / 67 71 -60 / 50 60 65 69 / 52 59 67 -65 / 65 -59 -59 -67 / 57 60 64 67 / 59 62 65 -56 / 57 60 64 -50 / 55 59 62 74 / 53 -59 -62 -74 / 52 59 67 76 / 57 -52 -67 -76 / 58 -52 -67 -76 / 57 65 69 77 / 59 67 -62 -77 <END> 
<S> 57 60 64 72 / 55 59 -64 -72 / 53 57 69 74 / 59 -53 -69 -74 / 52 60 67 76 / 50 77 -60 -67 / 52 60 67 76 / 53 -60 -67 -76 / 55 59 67 74 / 72 -55 -59 -67 / 57 64 71 72 / 55 62 71 74 / 53 67 73 76 / 52 -67 -73 -76 <END> 
<S> 55 59 67 74 / 56 60 65 -74 / 64 -56 -60 -77 / 55 59 67 74 / 53 -59 -67 -74 / 52 60 67 76 / 53 -60 -67 -76 / 55 59 67 74 / 65 -55 -59 -74 / 57 60 64 72 / 55 62 65 71 / 53 -62 -65 -71 / 48 64 67 72 / 60 -48 -67 -72 <END> 
<S> 55 60 64 72 / 53 65 -60 -72 / 55 59 67 74 / 62 61 -67 -74 / 60 69 76 -67 / 64 -60 -69 -76 / 59 65 71 74 / 57 69 72 76 / 59 74 -69 -72 / 57 60 72 76 / 55 71 77 -64 / 53 62 65 79 / 52 60 67 79 / 53 69 74 -60 / 55 59 67 -74 / 57 60 69 -76 / 59 62 67 74 <END> 
<S> 59 67 74 79 / 57 69 72 77 / 55 -69 -72 -77 / 53 69 72 79 / 52 67 72 79 / 50 65 77 -72 / 52 67 72 79 / 70 -52 -67 -79 / 53 65 69 72 / 48 64 67 72 <END> 
<S> 53 69 72 81 / 65 -69 -72 -81 / 63 70 79 61 / 44 64 52 -79 / 62 70 77 76 / 57 69 72 76 / 55 67 71 -76 / 53 65 69 74 / 50 59 64 74 / 57 60 64 76 / 60 -57 -67 -76 <END> 
<S> 53 69 74 -72 / 52 67 -69 -74 / 50 65 69 72 / 50 71 74 77 / 52 67 72 76 / 53 -67 -72 -76 / 55 67 71 74 / 55 62 71 74 / 60 64 67 76 / 65 69 -60 -76 / 59 67 71 74 / 64 71 -67 -74 <END> 
<S> 67 72 74 / 66 69 -74 / 62 71 -69 / 68 72 -57 -69 / 55 62 67 71 / 59 62 67 71 / 60 64 67 72 / 59 -64 -67 -72 / 57 69 72 -64 / 59 62 -69 -72 / 60 64 67 / 62 65 77 / 64 64 79 <END> 
<S> 57 64 67 72 / 59 62 67 74 / 60 67 76 / 62 77 -60 -67 / 61 64 69 79 / 62 69 77 / 61 -62 -69 -77 / 50 59 68 -77 / 57 66 69 -50 / 60 69 67 / 53 62 69 71 <END> 
<S> 50 62 69 77 / 60 -50 -69 -77 / 59 62 67 77 / 60 76 -67 / 58 62 67 74 / 69 -62 -59 -74 / 52 67 71 72 / 48 67 72 76 / 50 -67 -72 -76 / 52 67 72 76 / 53 -67 -72 -76 / 55 67 72 74 / 57 -67 -72 -74 / 59 65 71 74 / 64 68 -71 -74 <END> 
<S> 67 74 -48 / / 60 -67 -74 / 43 59 67 74 / 55 59 67 74 / 48 67 76 / 47 55 67 74 / 52 60 70 79 / 57 60 69 77 / 59 62 -69 -77 / 60 64 67 76 / 60 67 76 -76 / 53 69 72 77 <END> 
<S> 59 67 74 / 57 66 72 -74 / 52 59 71 79 / 0 / 53 60 69 77 / 71 -60 -69 -77 / 60 67 72 76 / 55 67 71 74 / 48 67 72 76 <END> 
<S> 59 62 67 74 / 76 -59 -62 -67 / 57 60 69 77 / 55 -60 -69 -77 / 53 59 67 79 / 52 60 67 -79 / 53 60 69 77 / 55 59 67 76 / 56 60 64 72 / 65 74 -57 -60 / 47 67 76 -60 / 60 65 -52 -72 / 55 64 67 72 / 62 -55 -67 -72 / 64 -55 -72 -72 / 43 71 74 -67 / 65 -55 -71 -74 <END> 
<S> 60 64 67 76 / 62 65 -67 -76 / 64 67 72 / 60 69 -67 -72 / 55 67 71 74 / 45 64 69 72 / 57 -64 -69 -72 / 64 70 72 -57 / 55 -64 -70 -72 / 41 65 69 72 / 62 -65 -69 -72 / 60 64 67 79 / 58 64 -67 -79 / 57 60 65 77 / 55 67 76 <END> 
<S> 40 64 67 -71 / 62 -40 -67 -72 / 45 60 64 72 / 66 -45 -60 -72 / 47 62 67 71 / 48 -62 -67 -71 / 50 62 69 -67 / 55 62 -67 -69 / 67 60 -55 -67 / 62 69 74 -55 / 59 -55 -62 -69 / 56 59 62 71 / 53 55 60 72 / 52 -55 -60 -72 <END> 
<S> 48 62 67 69 / 50 62 66 71 / 52 64 67 72 / 54 -59 -64 -67 / 55 59 67 74 / 60 66 -55 -74 / 59 62 67 74 / 57 60 -67 -74 / 59 62 67 74 / 52 60 -67 -74 / 52 59 67 74 / 50 -59 -67 -74 / 52 60 67 76 / 53 -60 -67 -76 <END> 
<S> 59 62 67 71 / 64 -62 -67 -71 / 62 66 69 -67 / 60 -66 -66 -69 / 59 62 67 71 / 55 -62 -67 -71 / 57 60 65 72 / 55 -60 -65 -72 / 59 67 74 -53 / 52 64 -67 -74 / 53 65 69 72 / 52 -65 -69 -72 / 50 64 69 72 / 48 -64 -72 -77 / 47 62 74 77 / 48 76 -74 47 55 67 74 77 <END> 
<S> 55 62 71 -69 / 67 -55 -62 -71 / 50 62 69 -67 / 66 -50 -62 -69 / 60 -50 -66 -69 / 55 59 62 67 / 47 62 67 / 65 -47 -62 -67 / 52 60 64 72 / 50 65 -60 -72 / 52 60 67 / 53 69 -60 -67 / 59 62 67 74 / 65 -59 -62 -74 / 60 64 67 76 / 65 69 -60 -76 / 59 67 74 / 76 -59 -67 -74 / 57 65 72 77 / 55 76 -72 -77 <END> 
<S> 52 60 67 79 / 58 62 65 -79 / 53 63 81 72 / 55 71 -64 -72 / 53 65 69 72 / 71 74 -53 -65 / 60 64 72 76 / 57 65 -72 -76 / 55 67 71 74 / 53 67 73 / 52 68 72 -67 / 50 65 -67 -72 / 48 64 67 -72 / 53 62 69 74 <END> 
<S> 53 65 69 72 / 55 65 -69 -72 / 64 -55 -60 -72 / 55 62 71 74 / 67 -55 -71 -74 / 65 -55 -71 -74 / 48 64 69 72 / 50 65 71 74 / 52 67 72 76 / 53 -67 -72 -76 / 55 67 74 -72 / 71 -55 -67 -74 / 65 -55 -71 -74 <END> 
<S> 50 65 69 74 / 71 -50 -65 -74 / 48 67 72 76 / 52 -67 -72 -76 / 53 69 74 -72 / 50 65 -72 -74 / 55 62 71 -74 / 67 -55 -71 -74 / 65 -55 -71 -74 / 48 64 67 72 / 60 66 69 74 <END> 
<S> 55 67 74 -72 / 72 -55 -67 -72 / 55 71 74 -67 / 65 -55 -71 -74 / 48 64 67 72 / 55 62 67 70 / 60 64 67 69 / 58 65 67 74 / 57 -65 -67 -74 / 58 64 67 -74 / 62 -58 -67 -74 <END> 
<S> 62 65 69 77 / 60 -62 -69 -77 / 59 62 67 79 / 60 -62 -67 -79 / 55 62 67 71 / 57 60 66 72 / 55 59 67 74 / 55 59 67 74 <END> 
<S> 59 62 67 74 / 60 76 -67 / 59 62 67 74 / 57 60 -67 -74 / 55 59 67 74 / 53 -59 -67 -74 / 52 61 67 76 / 50 62 65 77 <END> 
<S> 55 62 67 71 / 53 -62 -67 -71 / 52 60 67 72 / 48 -60 -67 -72 / 47 60 67 74 / 65 -47 -60 -74 / 48 60 64 67 / 60 64 67 76 / 54 62 69 72 / 62 67 71 -62 / 52 64 67 72 / 50 -64 -67 -72 <END> 
<S> 57 60 64 72 / 55 59 67 74 / 53 61 67 76 / 52 -61 -67 -76 / 50 62 65 77 / 67 -50 -62 -77 / 52 61 67 76 / 53 -61 -67 -76 / 55 60 67 74 / 59 -55 -67 -74 / 60 67 76 / 59 -60 -67 -76 <END> 
<S> 52 60 67 72 / 70 -52 -60 -67 / 53 60 65 69 / 52 -60 -65 -69 / 50 60 64 71 / 62 -50 -60 -71 / 52 55 64 67 / 50 -55 -64 -67 / 48 55 62 65 / 47 -55 -62 -65 / 48 55 60 64 / 59 -48 -55 -64 / 43 55 60 62 / 59 -43 -55 -62 / 53 -43 -59 -62 <END> 
<S> 48 55 62 64 / 47 -55 -62 -64 / 48 55 62 -62 / 60 -48 -55 -62 / 43 55 59 62 / 55 62 67 -55 / 50 -55 -62 -67 / 48 55 60 64 / 62 -48 -55 -64 / 43 55 59 62 / 50 -55 -59 -62 / 48 52 55 60 / 48 55 60 64 / 47 -55 -60 -64 <END> 
<S> 43 55 62 71 / 55 -43 -62 -71 / 69 -43 -55 -62 / 45 52 60 69 / 53 -45 -60 -69 / 52 59 67 / 50 -59 -67 / 48 52 67 72 / 49 64 67 -52 / 50 62 65 69 / 52 60 67 / 43 53 -60 -67 / 55 59 67 -53 / 52 -55 -59 -67 / 50 53 59 67 / 52 59 68 -50 / 50 57 65 -59 / 53 57 60 64 <END> 
<S> 52 67 72 / 53 65 69 -72 / 52 67 -53 -72 / 50 65 69 74 / 71 -50 -65 -74 / 72 -50 -65 -69 / 52 62 67 71 / 52 59 67 79 / 60 -52 -67 -79 / 55 62 71 79 / 57 60 69 77 / 59 62 -69 -77 / 60 64 67 76 / 61 -64 -67 -76 <END> 
<S> 59 62 67 79 / 57 60 69 -79 / 59 62 67 79 / 57 60 72 77 / 59 76 -60 -72 / 60 60 67 76 / 59 -60 -67 -76 / 57 60 65 77 / 55 59 67 76 / 65 -55 -59 -76 / 48 60 64 72 <END> 
<S> 59 62 67 74 / 60 76 -62 / 59 62 67 74 / 61 67 76 / 62 74 -67 / 64 72 -55 -64 / 57 62 66 -72 / 55 64 69 72 / 54 62 -69 -72 / 55 62 67 71 / 53 59 62 67 <END> 
<S> 57 64 69 72 / 66 -57 -69 -72 / 55 62 67 71 / 53 59 62 67 / 52 64 67 72 / 50 65 74 -67 / 52 67 72 / 53 -67 -72 / 55 59 67 -72 / 60 67 76 / 69 -60 -67 -76 / 62 66 74 -60 / 59 -62 -66 -69 <END> 
<S> 52 60 67 72 / 53 69 -60 -72 / 52 65 71 74 / 50 -65 -71 -74 / 48 67 72 76 / 60 -67 -72 -76 / 69 -72 -76 / 67 71 74 / 65 72 -71 -74 / 64 67 72 / 62 65 -67 -72 / 60 64 67 -72 / 59 65 74 / 57 60 72 76 / 52 -60 -72 -76 <END> 
<S> 57 67 72 / 65 74 -57 -72 / 55 62 72 76 / 74 -55 -60 -72 / 48 67 72 76 / 50 59 -67 -72 / 52 60 67 71 / 53 -60 -67 -67 / 55 60 67 74 / 72 -55 -60 -67 / 55 59 74 -67 / 65 -55 -59 -74 / 57 60 64 72 / 55 -60 -65 -72 / 53 65 69 72 / 52 -65 -69 -72 <END> 
<S> 55 59 67 74 / 53 61 67 76 / 52 -61 -67 -76 / 50 62 65 77 / 67 -50 -62 -77 / 55 61 69 76 / 57 -61 -69 -76 / 59 62 67 74 / 76 -59 -62 -67 / 57 60 69 77 / 62 -57 -69 -77 / 64 69 76 79 / 62 71 79 -79 / 57 60 69 77 / 55 67 71 76 <END> 
<S> 59 62 67 79 / 57 60 69 -79 / 55 62 71 79 / 54 60 -71 62 / 52 59 67 79 / 50 -59 -67 -79 / 52 60 67 79 / 53 -60 -67 -79 / 55 60 67 74 / 59 -55 -67 -74 / 52 59 67 76 / 48 57 64 72 <END> 
<S> 55 59 67 74 / 53 -59 -67 -74 / 52 59 68 76 / 64 -52 -59 -71 / 57 64 72 / 59 62 67 / 60 64 69 / / 59 62 71 / 64 69 72 -59 / 55 64 71 -69 / 54 -64 -71 -74 / 52 59 68 -71 <END> 
<S> 57 64 72 / 62 -57 -72 / 64 -57 -72 / 66 69 -57 -72 / 47 62 67 / / 65 -47 -62 -74 / 48 62 64 71 / 50 -62 -64 -67 / 52 60 67 / 58 -52 -67 -67 / 53 60 69 -67 / 62 65 -53 -69 / 60 64 67 / 58 -64 -67 -64 / 57 62 65 66 / 59 -57 -62 -65 / 52 60 64 67 / 57 62 -60 -67 / 55 60 62 67 / 59 -55 -62 -67 <END> 
<S> 50 60 65 69 / 59 62 -50 -65 / 52 60 64 67 / 48 60 64 67 / 59 -48 -64 -67 / 54 57 62 69 / 72 -54 -57 -69 / 55 62 71 -57 / 52 55 67 72 / 54 62 69 -72 / 55 62 67 71 / 59 64 67 69 / 65 -59 -67 -69 / 59 71 67 74 / 57 69 72 <END> 
<S> 54 62 69 74 / 72 -54 -62 -69 / 55 62 71 -69 / 67 -62 -55 -71 / 50 60 66 69 / 52 59 67 71 / 54 57 69 72 / 55 62 67 71 / 53 -62 -67 -71 / 52 64 67 72 / 50 -64 -67 -72 / 48 62 67 74 / 47 -62 -67 -74 / 52 60 67 76 / 53 -60 -67 -76 <END> 
<S> 54 62 69 74 / 50 66 -62 -74 / 55 62 67 71 / 43 62 71 -67 / 48 60 67 76 / 59 -48 -67 -76 / 50 57 66 74 / 55 59 67 74 / 52 59 -67 -74 / 45 57 60 72 / 47 -57 -57 -72 / 48 57 64 -57 -72 <END> 
<S> 57 60 67 72 / 55 59 67 74 / 60 67 76 / 59 -60 -67 -76 / 52 60 67 79 / 53 69 -60 -79 / 55 67 71 74 / 52 67 71 79 <END> 
<S> 55 62 67 / 64 -55 -58 -67 / 43 59 62 67 / 55 59 62 67 / 53 -59 -62 -67 / 52 60 67 72 / 50 65 -60 -72 / 52 55 67 70 / 48 64 -55 -70 / 53 60 69 -64 / 62 -53 -69 / 64 -53 -69 -69 / 46 62 65 69 / 48 64 -62 -69 <END> 
<S> 52 60 67 72 / 48 64 -60 -72 / 50 65 72 -60 / 52 58 67 -72 / 53 57 69 72 / 55 59 67 74 / 53 60 67 76 / 52 -60 -67 -76 / 50 60 65 77 / 59 -50 -65 -77 / 52 60 67 -65 / 53 59 -60 -67 / 55 60 67 74 / 59 -55 -67 -74 / 48 60 67 76 / 48 60 64 67 <END> 
<S> 52 60 67 72 / 50 65 -60 -72 / 52 55 67 70 / 53 60 65 69 / 59 -53 -65 -69 / 52 60 67 -65 / 64 -60 -67 / 65 60 69 / 59 62 67 / 64 -55 -58 -67 / 57 60 64 69 / 65 -57 -60 -69 / 59 62 67 79 / 69 -59 -62 -79 / 52 79 71 79 / 57 72 77 <END> 
<S> 60 64 67 76 / 62 -60 -67 -76 / 55 60 69 74 / 53 59 -69 -74 / 52 60 67 72 / 70 -52 -60 -67 / 53 60 67 69 / 65 -53 -60 -69 / 52 60 67 / -69 -60 64 / 59 62 65 -55 / 57 60 64 72 / 55 -60 -64 -72 <END> 
<S> 53 60 69 -67 / 62 65 -53 -69 / 64 -62 -65 / 61 64 65 69 / 67 -61 -65 64 / 52 60 67 72 / 70 -52 -60 -67 / 53 60 69 72 / 55 -60 71 74 / 57 60 72 76 / 55 74 -60 -72 / 53 69 72 74 / 55 67 71 -74 / 65 -55 -71 -74 <END> 
<S> 57 60 65 72 / 59 62 67 74 / 60 67 76 / 59 -60 -67 -76 / 57 60 72 77 / 55 -57 -60 -72 / 53 69 74 -60 / 59 67 -53 -74 / 52 60 67 76 / 53 69 -60 -76 / 55 67 71 74 / 52 67 71 76 <END> 
<S> 50 57 65 71 / 59 -50 -65 -71 / 52 60 66 -71 / 69 -52 -60 -66 / 59 62 67 74 / 60 64 67 76 / 62 65 -67 -76 / 64 67 72 / 59 65 -67 -72 / 60 67 76 / 62 -60 -67 -76 / 64 67 71 -76 / 50 66 -67 -71 <END> 
<S> 59 64 67 / 57 60 -67 -79 / 62 66 69 77 / 59 67 -62 -77 / 57 67 72 76 / 60 66 72 76 / 69 74 -60 -69 / 59 67 71 74 / 57 67 71 76 / 52 -67 -71 -79 / 50 64 81 -67 / 62 65 77 <END> 
<S> 57 64 69 72 / 50 65 71 74 / 52 64 68 71 / 53 64 69 71 / 52 -64 68 71 <END> 
<S> 53 62 69 74 / 60 -53 -69 -74 / 55 59 67 74 / 61 -55 -67 -74 / 48 62 67 79 / 72 -48 -67 -64 <END> 
<S> 48 60 67 76 / 50 -60 -67 -76 / 52 60 67 76 / 53 -60 -67 -76 / 55 59 67 74 / 56 65 -59 -74 / 57 60 64 72 / 59 62 74 -56 / 57 60 64 69 / 66 -57 -60 -69 <END> 
<S> 57 60 64 72 / 65 69 -57 -60 / 59 62 67 79 / 60 65 74 / 59 76 -65 -74 / 57 60 72 76 / 77 -57 -60 -72 / 52 60 67 79 / 50 -60 -67 -79 / 52 60 67 79 / 53 60 69 -79 / 55 59 67 74 / 52 60 67 76 <END> 
<S> 52 60 67 79 / 50 65 -60 -79 / 52 60 67 79 / 53 69 -60 -79 / 55 67 71 74 / 52 67 71 76 / 57 67 69 72 / 66 -57 -69 -72 / 55 62 67 71 / 53 59 62 67 <END> 
<S> 57 64 69 72 / 62 65 71 74 / 64 67 76 / 62 66 74 / / 64 67 71 / 69 74 -41 -64 -67 / 62 67 74 / / 64 -62 -69 -78 / 62 65 69 81 / 70 -65 -62 -81 / 64 67 72 76 / 74 77 -64 -67 <END> 
<S> 59 67 74 79 / 60 69 41 -79 / 62 71 79 / 64 69 72 / 57 65 72 -69 / 67 -57 -72 / 69 72 -57 -76 / 59 62 67 74 / 60 67 76 / 65 -60 -67 -76 / 48 60 67 76 / 64 -60 -67 -76 / 66 74 -48 -60 / 59 67 68 -74 / 64 -59 -67 -74 / 57 65 67 72 / 60 -57 -67 -72 <END> 
<S> 60 67 76 / 62 -60 -67 -76 / 52 60 67 -76 / 53 69 74 -60 / 55 59 67 -74 / 64 -55 -59 -67 / 65 -55 -59 -74 / 48 55 64 72 / 55 62 71 -55 / 48 64 69 -55 / 54 62 62 -69 / 60 -50 -66 -69 / 55 59 62 67 / 52 60 64 72 / 62 74 -48 -60 / 47 67 76 / 65 -47 -50 -76 <END> 
<S> 47 55 62 71 / 48 55 64 72 / 50 62 65 71 / 52 64 67 / 62 65 -52 -67 / 60 64 67 76 / 69 -60 -64 -67 / 59 65 67 74 / 69 -59 -67 -74 / 60 67 72 76 / 53 69 -72 -76 / 55 67 71 74 / 64 72 -55 -71 <END> 
<S> 52 60 67 72 / 53 69 -60 -72 / 52 65 71 74 / 50 -65 -71 -74 / 48 67 72 76 / 60 -67 -72 -76 / 69 -72 -76 / 67 71 74 / 64 67 72 76 / 65 69 74 77 / 67 71 76 79 / 60 -67 -76 -79 / 62 74 -67 -79 / 57 60 69 77 <END> 
<S> 59 67 74 79 / 60 67 76 / 62 77 -60 -67 / 60 64 72 79 / 58 -64 -72 -79 / 57 64 72 77 / 55 62 71 79 / 57 60 69 -77 / 59 62 67 77 / 60 76 -67 -62 / 55 59 67 74 / 55 67 70 74 <END> 
