<S> 40 55 60 / 57 -40 -55 -60 / 58 -40 -55 -60 / 41 58 60 -55 / 53 57 -41 -60 / 52 -41 -57 -60 / 50 59 67 -41 / 55 -41 -50 -67 / 40 55 60 67 / 38 59 -55 -67 / 36 64 69 -55 / 38 54 62 -69 / 60 -38 -54 -69 / 43 50 59 67 / 40 52 59 67 <END> 
<S> 45 57 64 72 / 55 62 71 -45 / 43 55 72 74 / 50 71 -55 -67 / 48 55 64 72 / 45 53 65 72 / 46 52 67 70 / 45 65 69 72 / 46 -65 -69 -72 / 48 60 64 67 / 58 -48 -64 -67 / 53 57 60 69 / 55 62 67 71 <END> 
<S> 50 65 70 / 69 -50 -65 -70 / 52 62 67 71 / 64 -52 -67 -71 / 53 60 67 72 / 52 -60 -67 -72 / 53 69 -60 -69 / 62 -53 -69 / 60 -53 -69 -72 / 55 59 67 74 / 60 64 67 / 65 58 -64 -67 / 57 64 -65 72 / 59 62 67 74 <END> 
<S> 53 60 65 69 / 62 65 -53 -69 / 60 64 67 / 58 -60 -64 -67 / 57 60 66 77 / 62 -57 -60 -77 / 55 59 67 76 / 53 -59 -67 -76 / 52 60 67 76 / 77 -60 -67 / 48 67 72 76 <END> 
<S> 60 64 67 76 / 59 -60 -67 -76 / 57 60 66 -76 / 55 59 67 74 / 52 59 68 / 50 53 -59 -74 / 52 55 60 72 / 53 57 -60 -72 / 52 65 72 -60 / 58 -52 -65 -72 / 45 60 64 72 / 48 57 65 72 <END> 
<S> 53 60 69 74 / 49 58 65 -74 / 45 57 64 74 / 50 57 66 74 / 52 55 58 -74 / 57 60 -55 -74 / 55 59 62 67 / 53 57 -59 -62 / 52 55 59 67 / 50 57 60 69 / 66 -50 -57 -60 <END> 
<S> 57 60 64 72 / 55 59 -64 -72 / 54 57 62 74 / 50 58 -62 -74 / 52 55 67 72 / 54 57 69 -72 / 55 59 62 71 / 60 64 -55 -71 / 48 60 66 69 / 50 -60 -66 -69 / 55 59 62 67 / 48 60 64 67 <END> 
<S> 55 62 71 -67 / 60 64 69 -55 / 54 62 69 74 / 62 -54 -69 -74 / 55 62 71 -69 / 64 69 -55 -76 / 54 62 69 74 / 50 60 66 -74 / 55 62 67 71 / 43 59 62 67 / 48 60 64 67 / 52 60 67 72 <END> 
<S> 62 69 / 69 -53 -69 / 50 62 71 -69 / 52 55 -62 -69 / 50 54 62 69 / 50 62 66 -69 / 43 59 62 67 / 52 64 67 72 / 48 -64 -67 -72 / 55 62 65 71 / 47 -55 -65 -71 / 48 64 67 72 / 48 64 69 -72 / 71 -48 -64 -72 / 50 66 69 74 / 59 -50 -66 -74 <END> 
<S> 45 60 65 72 / 47 62 67 -72 / 48 60 67 69 / 50 62 65 71 / 48 64 72 / 47 62 67 74 / 45 60 72 -67 / 66 -45 -60 -72 / 47 62 67 71 / 48 -62 -67 -71 / 50 62 66 69 / 55 62 67 71 / 72 -55 -62 -67 <END> 
<S> 48 64 67 72 / 55 62 67 71 / 57 60 69 72 / 59 62 67 74 / 60 76 -67 / 72 -60 -60 -67 / 55 59 67 74 / 72 -55 -59 / 57 65 -55 -72 / 59 62 67 74 / 55 -59 -62 -74 / 57 60 64 76 / 65 -43 -60 -76 / 55 59 67 74 / 53 -59 -67 -74 / 52 61 67 76 / 50 65 69 74 <END> 
<S> 60 67 76 / 64 -60 -67 -76 / 62 69 -67 -76 / 62 74 77 -69 / 57 -62 -69 -77 / 59 62 71 79 / 64 72 81 / 72 -64 -81 / 59 67 74 79 / 60 67 76 / 59 62 -67 -76 / 57 60 72 77 / 76 -57 -60 -72 / 55 67 72 74 / 53 69 -72 -74 / 55 67 71 -74 / 65 -55 -71 -74 <END> 
<S> 67 72 74 -60 / 59 -67 -72 -76 / 57 60 72 76 / 55 71 -60 -76 / 53 60 69 74 / 52 -60 -69 -74 / 59 67 74 -53 / 52 60 67 -74 / 50 65 69 -60 / 64 -50 -60 -69 / 62 65 69 74 / 71 -62 -65 -77 / 60 67 72 76 / 52 -67 -72 -76 <END> 
<S> 60 64 67 69 / 66 -60 -64 -67 / 59 62 67 71 / 60 -62 -67 -71 / 62 66 69 / 59 -62 -66 / 55 59 62 67 / 60 -55 -59 -67 / 55 59 62 67 / 52 60 64 67 / 50 65 -60 -67 / 52 55 67 72 / 48 64 -55 -72 / 54 62 69 -72 / 50 66 -62 -72 / 55 62 67 71 / 53 59 62 67 <END> 
<S> 48 64 67 69 / 50 62 66 -69 / 60 -50 -66 -69 / 55 59 67 / 52 60 67 72 / 62 71 -55 -67 / 69 60 66 69 / 62 71 -66 / 59 64 71 / 57 60 64 72 / 59 62 67 71 / 60 76 -67 / 69 78 -60 / 43 59 67 74 / 59 -43 -67 -74 / 48 60 67 76 / 55 59 67 74 / 57 60 -67 -74 <END> 
<S> 59 62 67 71 / 60 -62 -67 -71 / 59 66 69 72 / 57 -66 -69 -72 / 55 59 69 74 / 57 60 66 -74 / 59 62 67 / 60 64 69 -67 / 62 71 -67 / 69 72 -62 / 50 62 69 71 / 64 -50 -71 -74 / 51 66 69 72 / 71 -50 -66 -69 / 55 59 67 71 / 55 59 62 67 <END> 
<S> 62 71 -67 / 50 66 69 -62 / 59 62 67 71 / 60 66 69 -50 / 59 62 67 71 / 57 -62 -67 -71 / 59 62 67 74 / 57 60 69 -74 / 59 62 -69 -76 / 64 -54 -62 -76 / 55 62 71 81 / 64 67 72 -55 / 60 -64 -67 -72 / 62 74 -60 -67 / 59 69 -62 -74 / 57 64 69 72 / 55 71 -64 -72 <END> 
<S> 60 62 67 76 / 60 -60 -67 -76 / 55 60 67 74 / 59 -55 -67 -74 / 48 64 67 72 / 48 64 67 72 / 62 71 -67 -48 / 60 64 69 -67 / 59 62 67 71 / 57 60 72 -67 / 62 66 -57 -72 / 55 59 67 74 / 52 59 67 79 <END> 
<S> 59 62 67 74 / 60 76 -67 / 66 69 -60 -76 / 55 67 71 74 / 62 67 71 74 / 66 69 74 / 62 67 71 -74 / 66 69 74 54 -60 / -66 -69 59 / 54 63 69 72 / 55 62 67 71 / 53 -62 -67 -71 <END> 
<S> 67 71 -62 / 66 72 -67 -71 / 59 62 67 71 / 60 64 72 -67 / 62 65 71 74 / 64 67 72 / 62 65 71 74 / 60 64 72 76 / 74 -55 -64 -72 / 53 65 69 81 / 55 -65 -69 -72 / 57 60 -65 -69 / 59 65 74 / 60 64 -44 -74 <END> 
<S> 64 67 71 / 65 69 -64 / 59 62 67 74 / 64 71 -60 / 57 60 69 76 / 59 62 74 -69 / 60 64 67 76 / 65 69 -60 -76 / 55 67 71 74 / 53 -67 -71 -74 / 52 67 72 76 / 53 65 72 81 / 64 67 -72 -81 <END> 
<S> 57 60 64 76 / 65 -57 -60 -76 / 59 64 67 74 / 62 77 -59 -67 / 60 64 67 76 / 69 -60 -64 -76 / 53 62 71 74 / 55 59 67 74 / 48 60 67 76 / 53 60 69 72 / 52 64 67 -72 <END> 
<S> 55 62 67 / 64 -55 -60 -67 / 43 59 62 67 / 55 59 62 67 / 53 57 -62 -67 / 52 55 67 72 / 50 53 -67 -72 / 52 55 67 72 / 48 -55 -67 -72 / 50 62 69 -72 / 66 -50 -62 -69 / 55 59 62 67 / 59 67 -55 -59 <END> 
<S> 50 55 69 72 / 54 62 -69 -72 / 55 59 62 71 / 52 59 64 67 / 57 60 64 72 / 65 -57 -60 -72 / 59 62 67 79 / 60 64 -67 -79 / 62 65 74 81 / 72 -62 -65 -81 / 55 67 72 76 / 43 74 -67 -72 / 43 67 71 -74 / 65 -43 -71 -74 <END> 
<S> 57 64 67 72 / 58 65 74 / 62 -58 -65 -74 / 57 60 64 76 / 55 65 -60 -76 / 53 59 74 79 / 52 -59 -74 -79 / 50 60 77 76 / 62 -50 -74 -77 / 52 67 76 -62 / 60 -52 -67 -76 / 53 59 67 74 / 50 -59 -67 -74 / 52 67 72 / 48 -67 -72 / 65 69 74 -48 / 76 -55 -69 -74 / 54 69 74 -72 / 55 67 71 -74 / 43 50 -67 -74 <END> 
<S> 55 59 67 74 / 53 -59 -67 -74 / 52 61 67 76 / 50 62 65 77 / 52 67 76 79 / 53 -67 -72 -79 / 55 67 71 74 / 65 -55 -71 -74 / 56 64 71 72 / 57 64 69 72 / 47 65 74 / 62 67 -47 -74 / 48 64 69 76 / 72 -48 -64 -64 / 50 62 65 71 / 52 60 67 72 / 53 69 -60 -72 <END> 
<S> 57 64 69 72 / 65 -57 -69 -72 / 64 67 72 -57 / 66 -64 -72 / 59 67 74 / 62 65 -67 -74 / 60 64 67 76 / 62 65 -67 -76 / 64 67 72 / / 65 74 -72 / 64 71 -53 -74 / 62 69 77 -64 / 61 64 69 79 / 62 65 69 77 / 67 -62 -77 -77 / 60 67 76 -77 / 52 -60 -67 -76 <END> 
<S> 62 65 69 / 64 -62 -69 / 61 65 69 / 52 -61 -65 -69 / 62 -52 -65 -69 / 50 -62 -65 -81 / 52 61 67 76 / 53 69 77 -64 / 62 67 -53 -77 / 52 60 67 76 / 59 -52 -67 -76 / 54 57 69 74 / 72 -54 -57 -69 / 55 62 71 -69 / 67 -55 -62 -71 / 50 62 66 69 / 60 -50 -66 -69 <END> 
<S> 50 57 65 74 / 64 -50 -57 -74 / 45 59 65 74 / 57 69 72 / 43 59 67 74 / 45 60 67 72 / 66 -45 -60 -72 / 47 62 67 71 / 48 -62 -67 -71 / 50 62 67 69 / 48 66 -69 -69 / 47 62 67 71 / 45 -62 -67 -71 <END> 
<S> 47 62 67 71 / 48 -62 -67 -71 / 50 62 66 69 / 55 64 67 71 / 43 59 62 67 / 45 60 64 72 / 47 62 -64 -72 / 48 60 64 67 / 50 -60 -64 -67 / 52 55 64 67 / 62 -52 -55 -67 / 45 60 65 -55 / 47 55 62 67 / 48 55 64 69 / 50 55 62 71 / 38 54 57 62 72 <END> 
<S> 45 60 64 72 / 47 62 67 / 55 -47 -62 -67 / 48 60 64 67 / 60 -48 -64 -67 / 41 57 64 69 / 62 65 -41 -57 / 64 -41 -57 -65 / 43 55 59 -65 / 36 55 60 64 / 55 59 62 67 / 53 57 60 69 / 52 64 -57 -60 / 50 57 62 65 / 48 -57 -62 -65 <END> 
<S> 57 60 64 67 / 65 -57 -60 -72 / 52 59 65 67 / 50 -59 -65 -67 / 48 60 64 67 / 47 62 -67 / / 48 60 69 / / 59 67 74 / 55 -59 -67 -74 / 60 67 76 / 52 -60 -67 -76 / 53 60 69 77 / 55 -60 -69 -77 / 57 60 67 76 / 69 -57 -60 -76 / 58 61 69 -76 / 50 62 65 77 <END> 
<S> 47 59 67 74 / 45 76 -59 -67 / 45 57 64 72 / 47 62 74 / 64 -47 -50 -74 / 48 66 69 74 / 47 68 -62 -74 / 45 64 69 72 / 47 -64 -69 -72 / 48 64 69 72 / 50 -64 -69 -72 / 52 64 67 71 / 62 -52 -67 -71 / 50 60 67 69 / 48 -60 -67 -67 / 50 53 59 -67 / 48 55 64 -67 / 62 -48 -55 -67 / 45 57 60 69 / 43 58 62 -69 / 45 -62 -62 -65 <END> 
<S> 43 59 62 67 / 48 60 64 67 / 47 62 -60 -67 / 45 60 69 -60 / 55 59 67 71 / 53 60 69 72 / 52 64 67 -72 / 50 65 69 72 / 48 64 -69 -72 / 53 62 71 -69 / 48 64 72 76 / 50 65 72 77 / 52 67 -72 -77 / 53 65 69 -72 / 55 67 -65 -72 <END> 
<S> 52 60 67 72 / 53 69 74 -60 / 55 59 67 -74 / 65 -55 -59 -74 / 48 55 64 72 / 55 64 71 72 / 62 65 69 -72 / 64 71 -69 / 62 66 69 74 / 60 -66 -69 -74 / 59 62 67 74 / 55 59 -67 -74 / 60 67 76 / 57 69 -60 -76 <END> 
<S> 57 64 69 72 / 50 -64 -69 -72 / 64 -50 -69 -69 / 61 -64 -69 -77 / 62 68 77 / 50 60 -65 -77 / 59 62 67 79 / 60 64 -67 -79 / 61 65 69 81 / 69 76 -62 -81 / 61 67 70 76 / 77 -61 -70 -67 / 60 72 79 / 62 77 -72 <END> 
<S> 60 64 67 79 / 62 -60 -67 -79 / 60 76 -60 -67 / 59 67 74 / 57 60 -67 -74 / 55 59 67 74 / 57 72 -67 -74 / 59 62 71 74 / 69 -59 -62 -74 / 57 62 71 76 / 56 -62 -71 -76 / 62 71 -56 -71 / 69 -62 -71 -79 / 60 67 76 / 62 74 -67 64 / 64 70 79 / 57 64 72 77 <END> 
<S> 59 62 67 79 / 57 60 69 -79 / 55 62 71 79 / 57 60 72 76 / 74 -57 -60 -81 / 59 62 76 79 / 60 64 77 81 / 62 65 -77 -77 / 64 67 76 -62 / 60 62 69 77 / 57 60 -69 -77 / 59 67 74 -77 / 52 68 72 76 <END> 
<S> 59 64 79 / 62 77 -59 -79 / 60 76 77 / 59 62 74 -77 / 60 67 76 -74 / 72 -60 -67 -76 / 55 67 74 -72 / 71 -55 -67 -74 / 65 -55 -71 -74 / 57 64 69 72 / 65 -57 -69 -72 / 59 67 74 79 / 61 64 76 -79 / 62 65 77 81 / 69 74 -62 -77 / 67 -62 -69 -77 / 60 67 76 -62 <END> 
<S> 59 64 67 79 / 62 74 -67 -79 / 60 67 76 / / 60 -67 -76 / 62 69 74 77 / 62 70 -74 -77 / 57 69 76 -62 / 60 -57 -69 -76 / 55 67 74 -72 / 53 69 -67 -74 / 62 67 71 -53 / 52 60 67 72 / 50 59 67 74 / 52 55 -67 -74 / 57 72 -55 -67 / 50 66 -57 -72 <END> 
<S> 48 64 67 76 / 53 65 72 81 / 64 -53 -72 -81 / 55 62 71 79 / 57 60 69 -79 / 59 62 67 77 / 60 76 -62 -69 / 55 59 67 74 / 65 -59 -67 -74 / 60 67 -65 / 64 -60 -67 / 62 -60 -67 -76 / 57 69 77 -60 / 59 62 67 79 / 60 64 67 <END> 
<S> 59 67 74 / 65 -59 -67 -74 / 60 64 67 76 / 62 77 -67 -76 / 76 -55 -67 -76 / 53 69 74 -72 / 50 -69 -72 -74 / 55 62 71 74 / 64 -55 -71 -74 / 65 -55 -71 -74 / 48 67 72 76 / 60 -67 -72 -76 / 59 67 74 79 / 65 -59 -74 -79 / 64 70 72 76 / 65 74 81 -81 / 67 70 79 -39 62 77 -67 <END> 
<S> 47 62 74 79 / 67 -47 -74 -79 / 48 67 74 -72 / 43 71 -62 -74 / 64 71 -43 -71 / 65 -43 -71 -71 / 48 64 67 72 / 48 60 67 76 / 53 60 65 74 / 52 64 67 72 / 50 -64 -67 -72 / 52 62 67 71 / 47 -62 -67 -71 / 48 64 67 69 / 50 65 -67 -69 / 52 67 -50 -69 / 49 58 -67 -70 / 48 57 66 69 / 47 59 68 74 / 45 -59 -74 / <END> 
<S> 55 59 67 74 / 53 60 67 76 / 52 59 67 -76 / 50 65 77 74 / 71 -50 -65 -77 / 55 67 72 76 / 70 -55 -60 -76 / 53 60 69 77 / 62 -53 -69 -77 / 55 67 71 -62 / 64 -55 -67 -71 / 57 60 66 72 / 59 62 67 74 / 60 67 76 / 59 -60 -67 -76 <END> 
<S> 53 57 69 72 / 55 71 -69 -72 / 53 60 69 72 / 52 62 -69 -72 / 64 -52 -69 -72 / 50 65 69 71 / 52 -65 -69 -74 / 53 64 69 73 / 62 -53 -69 -76 / 43 60 64 76 / 45 57 65 74 / 47 59 68 74 / 45 60 69 76 / 43 59 62 -69 <END> 
<S> 53 56 64 69 / 62 -53 -69 -72 / 52 60 64 67 / 50 65 -64 -67 / 48 64 67 72 / 47 -64 -67 -72 / 45 60 69 72 / 47 62 -69 -72 / 48 64 67 -72 / 45 65 69 74 / 47 -65 -69 -74 / 48 64 67 76 / 62 -48 -67 -76 / 53 60 69 77 / 55 59 67 74 / 56 71 76 -74 <END> 
<S> 67 -52 -64 -67 / 64 69 -55 -67 / 54 62 69 38 / 60 -54 -69 / 55 59 67 / 55 60 64 67 / 62 65 -60 -72 / 60 64 67 71 / 59 62 -67 -71 / 57 60 72 -67 / 66 -57 -60 -72 / 55 59 62 67 / 52 59 64 67 / 57 60 64 72 / 55 59 67 74 / 53 -59 -67 -74 <END> 
<S> 55 60 67 74 / 59 -55 -67 -74 / 48 64 67 72 / 55 64 71 74 / 53 59 62 74 / 52 60 67 76 / 50 77 -60 -67 / 52 60 67 76 / 53 -60 -67 -76 / 55 59 67 74 / 65 -55 -59 -74 / 57 60 64 72 / 55 62 65 -72 / 53 -62 -65 -71 <END> 
<S> 52 60 67 72 / 55 -52 -67 -72 / 53 57 67 72 / 55 65 -67 -72 / 54 57 69 74 / 55 59 62 71 / 67 -55 -59 -71 / 60 -55 -67 -71 / 48 67 72 / 69 71 -55 -67 / 50 62 69 -67 / 66 -50 -62 -69 / 60 -50 -66 -69 / 55 59 62 67 <END> 
<S> 48 64 67 72 / 55 62 67 71 / 53 -62 -67 -71 / 52 60 67 72 / 48 -60 -67 -72 / 52 60 67 71 / 50 62 65 69 / 52 64 67 / 62 65 -52 -67 / 60 64 67 -52 / 59 -60 -67 -76 / 57 60 66 72 / 55 59 67 74 / 53 -59 -67 -74 <END> 
<S> 52 60 67 72 / 50 62 -67 -72 / 48 64 67 72 / 45 -64 -67 -72 / 55 62 74 -72 / 67 71 -55 -74 / 69 -55 -67 -74 / 43 62 71 -67 / 69 -43 -62 / 60 67 -43 -62 / 52 -60 -67 / 53 65 69 72 / 71 -53 -65 -69 / 48 67 72 76 / 64 -48 -72 -76 / 55 67 74 -72 / 71 -55 -67 -74 / 69 -55 -67 -74 / 62 67 71 -55 / 66 -55 -62 -74 <END> 
<S> 52 60 67 72 / 53 69 -60 -72 / 52 65 71 74 / 50 -65 -71 -74 / 48 67 72 76 / 60 -67 -72 -76 / 69 -72 77 -60 / 59 67 74 79 / 60 67 76 -74 / 72 -60 -67 -76 / 55 67 71 74 / 65 -55 -71 -74 / 48 64 67 72 / 60 64 67 72 <END> 
<S> 67 69 74 / 65 71 -69 -74 / 72 -55 -65 -71 / 69 -55 -65 -72 / 71 -55 -67 -71 / 51 64 67 72 / 53 65 69 -72 / 64 -53 -69 -72 / 55 62 67 71 / 48 64 67 72 / 60 66 69 74 / 55 59 67 74 / 62 -55 -67 -74 / 60 64 67 76 / 65 -60 -64 -76 <END> 
<S> 48 67 72 76 / 50 -67 -72 -76 / 52 67 72 76 / 53 -67 -72 -76 / 55 67 72 74 / 71 -55 -67 -74 / 65 -55 -71 -74 / 56 64 71 76 / 55 -64 -71 -76 / 57 64 69 72 / 55 -64 -69 -72 / 53 65 69 74 / 71 -53 -65 -74 <END> 
<S> 57 64 69 72 / 55 -64 -69 -72 / 53 62 69 -69 / 71 -53 -62 -69 / 52 61 67 76 / 50 57 -67 -76 / 52 60 67 72 / 53 65 69 74 / 62 -53 -69 -74 / 55 62 71 -69 / 67 -55 -62 -71 / 50 62 66 69 / 60 -50 -66 -69 / 55 59 62 67 / 60 64 67 72 / 62 -60 -67 -72 <END> 
<S> 55 62 69 / 60 64 -55 -69 / 53 59 65 69 / 52 -59 -62 -65 / 57 64 69 72 / 50 -64 -69 -72 / 52 64 71 -69 / 62 -52 -71 -71 / 52 64 67 72 / 62 -52 -67 -72 / 54 62 69 74 / 71 -54 -62 -74 / 55 62 71 74 / 53 59 62 74 / 52 61 64 76 <END> 
<S> 54 62 69 74 / 50 62 66 -74 / 72 -50 -62 -66 / 55 62 67 71 / 53 59 62 67 / 52 60 67 72 / 50 65 69 74 / 71 -50 -65 -74 / 48 67 72 76 / 60 74 77 -48 / 76 79 -48 -60 / 53 59 74 77 / 60 72 76 -53 <END> 
<S> 52 60 67 72 / 50 65 69 74 / 71 -50 -65 -74 / 48 67 72 76 / 60 74 77 -48 / 76 79 -48 -60 / 53 59 74 77 / 60 72 76 -53 / 55 67 71 74 / 56 64 71 76 <END> 
<S> 53 60 69 72 / 55 71 -60 -69 / 57 60 69 72 / 59 74 -57 -69 / 57 60 65 72 / 55 59 67 74 / 48 60 67 76 / 55 59 67 74 / 53 -59 -67 -74 / 52 59 67 79 / 50 -59 -67 -79 / 52 59 67 79 / 60 -52 -67 -79 <END> 
<S> 47 62 67 74 / 48 47 -67 -74 / 50 59 67 74 / 52 60 68 59 / 50 57 60 77 / 59 62 -57 -77 / 52 60 64 67 / 53 -60 -67 -76 / 55 59 74 -60 / 55 67 -59 -74 / 48 64 67 72 / 60 64 67 72 / 59 -64 -67 -72 <END> 
<S> 53 60 69 74 / 64 -53 -60 -74 / 55 59 67 -74 / 48 60 67 76 / 48 60 67 76 / 60 64 67 72 / 62 74 -67 / 64 72 -62 / 65 69 72 / 64 67 72 / 62 71 -67 -72 / 60 64 69 -72 / 57 65 -69 -72 / 64 -57 -69 -72 / 62 65 71 74 / 64 67 72 76 <END> 
<S> 60 67 76 / 62 -60 -67 -76 / 48 64 67 79 / 71 -48 -64 -79 / 50 65 77 -64 / 69 -50 -65 -77 / 52 67 71 79 / 62 74 79 -79 / 64 70 79 / 62 65 69 74 / 67 70 76 / 65 69 74 / 53 -65 -69 -81 / 52 60 70 79 <END> 
<S> 64 67 79 / 65 71 74 / -79 69 72 76 / 57 74 -69 -72 / 55 62 71 79 / 57 60 69 -79 / 59 62 67 79 / 55 -62 -67 -79 / 62 81 -67 / 57 66 72 81 / 55 67 71 79 / 60 67 76 79 / 62 -67 -76 -79 / 60 67 76 84 / 62 77 -67 -75 / 57 60 72 76 / 55 71 -60 -76 <END> 
<S> 59 67 79 / 62 65 -67 -79 / 60 64 72 79 / 65 74 -60 -79 / 59 67 74 79 / 57 71 -67 -79 / 55 65 72 81 / 74 -55 -62 / 60 67 76 / 53 69 77 -60 / 52 67 79 -60 / 59 -52 -67 -79 / 57 72 77 -67 / 76 -48 -67 -72 / 47 67 74 -72 / 48 65 71 -74 / 72 -48 -64 -71 <END> 
<S> 57 60 69 77 / 59 62 -69 -77 / 60 64 67 76 / 53 65 69 -76 / 64 67 71 74 / 59 -67 -71 -74 / 60 67 72 76 / 65 74 -60 -76 / 64 67 71 79 / 62 74 -67 -79 / 59 67 76 / / 77 -59 -67 -76 / 57 60 72 77 / 55 70 -60 -77 <END> 
<S> 60 67 72 76 / 59 -67 -72 -76 / 57 69 72 77 / 59 62 74 79 / 60 64 72 76 / 65 -60 -72 -76 / 64 67 72 -60 / 62 65 -67 -72 / 60 64 72 / 58 65 74 -72 / 56 64 72 / 55 71 74 / 55 67 71 74 / 65 -55 -71 -74 <END> 
