<S> 50 58 65 70 / 51 58 67 -65 / 63 -51 -58 -67 / 53 56 68 -63 / 62 -53 -56 -68 / 55 58 63 67 / 56 60 65 -63 / 58 65 -63 / 62 -58 -65 / 56 -58 -62 -65 / 51 55 58 63 / 51 58 67 / 50 -58 -67 <END> 
<S> 56 60 65 68 / 53 56 65 -68 / 58 62 65 67 / 64 -58 -67 / 65 60 65 / 56 60 -65 -65 / 62 -56 -65 / 55 63 70 -65 / 53 63 68 -70 / 51 67 70 / 0 / 51 63 70 79 / 53 65 68 80 / 55 63 67 75 / 56 60 65 -75 / 58 74 -60 -67 / 53 -58 -74 <END> 
<S> 51 63 67 70 / 56 63 72 -67 / 58 65 -56 -72 / 56 60 72 77 / 58 62 70 77 / 68 -62 -71 -77 / 51 63 67 79 / 58 65 70 77 / 56 -65 -70 -77 / 55 70 75 79 / 53 -67 -75 -79 / 51 70 75 79 / 50 -70 -75 -79 <END> 
<S> 58 63 70 77 / 56 -63 -70 -77 / 58 62 70 77 / 55 -62 -70 -77 / 53 -62 -70 -77 / 55 -62 -70 -77 / 56 60 68 75 / 53 -60 -68 -75 / 55 60 67 75 / 53 -60 -67 -75 / 51 60 67 72 / 50 -60 -67 -75 / 48 62 67 77 / 47 -62 -67 -77 / 48 60 67 75 / 55 62 -60 -75 / 54 60 62 -75 <END> 
<S> 48 60 63 67 / 56 60 72 -48 / 51 55 70 -60 / 53 56 68 -60 / 59 62 -53 -68 / 48 60 67 -53 / 51 59 -60 -67 / 44 53 60 65 / 56 59 62 65 / 55 60 63 / 53 56 60 62 / 55 59 -53 -62 / 53 57 60 -62 / 50 55 -60 -62 / 50 55 58 -62 / 53 -50 -60 / 55 51 58 / 53 56 -43 -58 <END> 
<S> 41 56 60 65 / 60 -41 -56 -60 / 56 59 62 / -56 -56 -59 / 55 59 62 / 53 57 60 / 51 55 59 67 / 51 55 60 67 / 50 53 -60 -67 / 51 55 60 -67 / 59 -51 -55 -67 / 45 48 60 64 / 46 53 62 -60 / 51 53 58 <END> 
<S> 47 55 62 67 / 65 -55 -62 / / 60 63 67 72 / 58 62 74 -67 / 53 60 67 75 / 74 -60 -65 -67 / 58 62 67 79 / 64 -58 -67 -79 / 60 63 72 79 / 58 -63 -72 -79 / 56 63 72 77 / 58 62 70 -77 / 68 -58 -62 -77 / 51 58 67 75 / 48 60 69 75 / 46 65 70 74 <END> 
<S> 56 63 72 77 / 58 -63 -72 -77 / 56 -62 -72 -77 / 58 62 70 77 / 68 -62 -62 -77 / 55 67 75 -62 / 53 68 74 -60 / 55 59 67 74 / 65 -55 -59 -74 / 48 60 63 72 / 50 58 70 77 / 51 63 70 79 / 53 -63 -70 -79 / 55 58 70 79 <END> 
<S> 53 60 69 75 / 55 60 70 74 / 56 72 65 74 / 55 58 67 75 / 57 60 -67 -75 / 58 62 65 74 / 56 64 72 76 / 55 65 72 77 / 53 -68 -72 -77 / 51 67 70 79 / 77 -51 -67 -70 / 53 72 -67 <END> 
<S> 57 60 72 -65 / 55 70 -60 -72 / 53 65 69 72 / 75 -53 -65 -69 / 46 58 65 74 / 58 62 67 74 / 58 65 73 56 / 63 70 -50 / 65 69 -50 / 51 67 70 -65 / 63 -51 -67 -70 / 62 65 69 -48 / 53 -62 -65 -69 / 55 62 65 70 / 51 63 67 70 / 56 -51 -67 -70 <END> 
<S> 51 70 67 / 55 -51 -67 -70 / 53 65 68 72 / 63 -53 -68 -72 / 61 65 69 74 / 62 70 -65 -74 / 63 72 0 / 62 65 -72 / 60 63 67 -72 / 69 -60 -63 -67 / 62 65 71 / 60 63 67 72 / 65 74 -60 -67 <END> 
<S> 63 68 72 / 60 75 -65 -68 / 58 62 70 77 / 56 -62 -70 -77 / 55 62 70 77 / 53 60 -70 -77 / 68 -53 -60 -77 / 55 67 70 75 / 56 65 74 -70 / 58 63 69 74 / 62 -58 -69 -74 / 58 62 67 77 / 55 58 -62 -77 <END> 
<S> 53 60 68 77 / 55 67 70 75 / 56 65 72 -75 / 58 77 -65 -72 / 56 60 65 72 / 55 58 67 74 / 53 68 -58 -74 / 51 63 75 -68 / 67 -48 -63 -75 / 65 74 -51 -67 / 67 75 -51 -58 / 53 57 68 72 / 51 58 67 / 60 -51 -67 / 50 50 65 70 / 48 51 -65 -70 <END> 
<S> 48 67 75 -65 / 53 63 -67 -75 / 55 62 67 74 / 53 -62 -67 -74 / 51 60 67 75 / 53 -67 -70 -75 / 55 65 70 74 / 56 -65 -68 -74 / 55 63 70 75 / 53 68 68 77 / 51 67 70 79 / 63 68 -51 -79 / 50 78 -67 -68 / 48 67 72 75 / 66 -48 -72 -75 <END> 
<S> 58 63 68 77 / 62 65 77 -56 / 51 58 67 79 / 55 70 74 -79 / 60 72 75 79 / 58 74 79 / 65 68 -58 -74 / 63 67 70 75 / 65 -63 -67 -70 / 60 63 67 75 / 58 62 -67 -75 / 56 60 72 77 / 55 75 -60 -72 <END> 
<S> 63 67 70 79 / 65 -55 -70 -79 / 63 67 72 75 / 69 77 -63 -72 / 58 65 70 74 / 69 -58 -65 -74 / 46 67 70 74 / 48 75 -67 -70 / 53 68 72 / 52 67 70 -72 / 50 65 70 74 / 48 -65 -70 -74 <END> 
<S> 55 67 70 75 / 53 69 -67 -75 / 55 65 70 74 / 53 -65 -70 -74 / 55 67 70 75 / 56 74 -70 / 55 63 70 75 / 51 67 -70 -75 / 56 65 72 75 / 63 -56 -72 -75 / 58 70 74 77 / 68 -58 -74 -77 / 67 70 72 76 <END> 
<S> 58 67 75 / 68 74 -58 -67 <END> 
<S> 68 72 -53 / 52 -68 -72 <END> 
<S> 50 62 65 / 60 -50 -65 <END> 
<S> 42 57 72 77 / 55 70 -60 -77 <END> 
<S> 72 77 -63 / 62 70 -77 -77 / 68 72 -53 -77 / 60 69 74 -72 <END> 
<S> 58 62 67 77 / 56 60 72 77 / 55 58 67 74 / 53 -58 -67 -74 <END> 
<S> 60 67 72 / 55 -60 -67 -72 / 53 65 70 74 / 53 -65 -70 -74 / 55 63 70 72 / 56 65 68 -72 <END> 
<S> 50 62 65 77 / 51 60 67 75 / 53 60 69 74 / 55 59 67 74 / 65 -55 -59 -74 / 56 60 63 72 / 55 -60 -63 -72 <END> 
<S> 55 60 67 75 / 53 -60 -67 -75 / 55 59 67 74 / 65 -55 -59 -74 / 56 60 63 72 / 55 63 -72 -72 / 53 65 74 -72 / 55 71 -74 -74 / 65 -55 -71 -74 / 48 63 72 / 60 63 67 72 <END> 
<S> 53 68 74 -60 / 55 59 67 -74 / 56 60 65 -74 / 72 -56 -60 -65 / 55 62 67 70 / 50 62 65 70 / 48 60 63 68 / 46 -60 -63 -68 / 44 58 63 67 / 65 -44 -58 -63 / 46 58 63 -65 / 56 -46 -63 -65 / 39 55 63 70 / 51 61 67 <END> 
<S> 44 60 65 -63 / 62 -44 -65 / 60 -44 -65 / 46 58 62 67 / 63 -58 -67 / 58 62 65 -58 / 56 62 -65 / 55 58 63 67 / 55 58 63 70 / 53 68 -58 -70 / 55 58 67 70 / 56 60 -67 -70 / 65 68 -56 -60 <END> 
<S> 51 63 67 70 / 53 -63 -67 -70 / 55 63 67 72 / 53 65 68 74 / 55 62 67 70 / 60 63 68 -55 / 58 64 67 / 56 60 65 68 / 55 59 67 -65 / 60 63 67 / 53 -60 -67 <END> 
<S> 51 63 67 70 / 60 -51 -67 -70 / 53 60 67 68 / 58 -60 -67 -68 / 56 60 65 -68 / 62 -60 -65 -68 / 60 64 67 / 57 60 65 / 58 64 67 / 56 65 -67 -74 / 55 67 71 75 / 53 -67 -70 -75 <END> 
<S> 56 60 63 72 / 65 74 -56 -60 / 55 58 67 74 / 53 -58 -67 -74 / 51 63 67 72 / 50 65 70 74 / 51 -65 -70 -74 / 53 65 69 72 / 54 63 -69 -72 / 55 62 70 -69 / 67 -55 -62 -70 / 50 57 66 69 / 55 62 67 70 / 53 -62 -67 -70 <END> 
<S> 58 65 70 74 / 57 -65 -70 -74 / 55 63 69 75 / 54 -63 -69 -75 / 55 62 70 74 / 48 60 67 76 / 60 67 72 75 / 59 62 67 79 / 60 67 75 / 55 58 70 75 / 56 63 72 -75 / 58 62 70 74 / 68 -58 -62 -74 <END> 
<S> 60 67 75 / 62 -60 -67 -75 / 63 65 72 -55 / 60 63 67 -72 / 56 60 68 75 / 58 -60 -68 -75 / 56 60 72 75 / 55 70 -60 -75 / 53 65 68 74 / 59 62 67 77 / 60 67 75 / 58 62 -67 -75 / 56 63 72 / 55 -63 -72 <END> 
<S> 55 62 70 75 / 53 -62 -70 -75 / 51 63 70 79 / 50 -63 -70 -79 / 48 63 72 79 / 69 -63 -48 -63 / 58 65 70 82 / 63 -58 -70 56 / 62 65 77 -70 / 67 -62 -65 -77 / 60 63 67 75 / 69 -60 -63 -75 / 58 65 70 -75 / 56 65 72 77 <END> 
<S> 62 65 70 77 / 60 63 75 -70 / 69 -60 -63 -75 / 58 65 70 74 / 56 65 72 74 / 55 67 71 75 / 56 -67 -70 / 58 62 67 70 / 65 -62 -70 / 56 63 72 / 65 -56 -60 -72 / 55 63 70 -60 / 53 68 -60 -63 / 55 60 67 -53 / 53 56 60 65 / 51 55 -60 -65 <END> 
<S> 56 63 68 72 / 55 -63 -68 -72 / 53 61 67 70 / 52 -61 -67 -70 / 53 60 67 68 / 55 -60 -67 -68 / 56 60 65 68 / 53 -60 -65 -68 / 60 64 67 / 58 -60 -67 -72 / 56 60 65 / 55 -60 -65 / 53 61 -60 -67 <END> 
<S> 60 67 76 / 58 -60 -67 -76 / 57 60 65 77 / 55 67 75 -60 / 53 60 65 68 / 63 -53 -60 -68 / 55 59 62 67 / 55 59 62 67 / 63 -55 -59 -67 / 57 60 65 72 / 58 62 67 74 / 60 67 75 -74 / 72 -60 -67 -75 <END> 
<S> 60 63 67 72 / 62 -60 -67 -72 / 60 65 68 74 / 58 -65 -68 -74 / 57 63 66 72 / 62 65 -57 -72 / 60 63 67 -72 / 58 62 -67 -75 / 57 60 72 77 / 55 70 -60 -77 / 53 65 69 72 / 74 -53 -65 -69 / 55 58 67 75 / 57 60 -67 -75 / 58 62 65 74 <END> 
<S> 57 60 65 72 / 55 67 -60 -72 / 53 65 69 72 / 51 -65 -69 -72 / 50 65 69 77 / 75 -50 -65 -69 / 55 67 70 74 / 51 75 -67 -70 / 53 65 68 72 / 63 -53 -68 -72 / 54 61 69 70 / 55 62 67 70 / 66 69 -55 -62 <END> 
<S> 58 65 70 74 / 56 -65 -70 -74 / 55 67 70 75 / 53 -67 -70 -75 / 51 65 70 77 / 50 -65 -70 -77 / 51 63 70 79 / 72 -51 -63 -79 / 47 68 74 77 / 67 -47 -74 -77 / 48 67 72 75 / 66 -48 -72 -75 <END> 
<S> 55 58 70 75 / 53 68 -58 -75 / 55 67 70 74 / 53 65 68 -74 / 51 63 67 79 / 55 70 -63 -79 / 56 62 65 77 / 67 -56 -65 -77 / 62 65 70 75 / 63 68 72 77 / 67 75 -60 / 58 62 -67 -75 / 56 60 65 77 / 55 -60 -65 -77 <END> 
<S> 58 62 67 70 / 68 -58 -62 -70 / 63 67 70 -58 / 65 68 -58 -70 / 51 67 79 -70 / 65 -51 -67 -70 / 67 75 -48 -67 / 58 62 -67 -75 / 56 60 65 75 / 55 58 -65 -75 / 53 56 60 72 / 46 -53 -56 -72 / 51 58 70 / 50 -51 -70 -79 / 48 51 55 55 / 60 -48 -51 -79 <END> 
<S> 53 60 65 68 / 55 63 70 -60 / 56 60 65 68 / 53 -60 -65 -68 / 51 60 67 / 58 -60 -67 -75 / 56 60 65 75 / 58 62 -65 -75 / 60 63 72 -58 / 46 -60 -63 -72 / 48 63 68 72 / 65 -48 -63 -72 / 63 -48 -65 -68 / 62 74 -48 -68 / 60 67 -48 / 58 62 67 74 / 56 65 72 77 / 55 74 -65 -77 <END> 
<S> 56 60 63 72 / 65 74 -56 -60 / 51 60 67 75 / 53 68 74 -60 / 55 59 67 -74 / 65 -55 -67 -74 / 48 63 67 72 / 50 58 -67 -72 / 51 60 66 74 / 72 -51 -60 -63 / 55 58 67 70 <END> 
<S> 48 63 67 72 / 60 -48 -67 -72 / 55 60 67 74 / 59 68 -55 -74 / 65 -55 -59 -74 / 57 60 63 72 / 50 62 -72 / 55 70 63 / 65 -55 -70 / 53 63 67 70 / 51 -60 -67 -70 <END> 
<S> 55 63 70 / 62 -55 -63 -70 / 56 60 63 72 / 55 58 -63 -72 / 53 56 68 72 / 58 65 -53 -72 / 60 63 67 -72 / 58 74 -63 -67 / 60 65 68 -51 / 50 58 -65 -68 / 51 55 63 67 <END> 
<S> 53 65 68 74 / 63 -53 -68 -74 / 55 63 70 -68 / 62 65 -55 -70 / 63 67 72 -58 / 59 65 68 74 / 60 63 67 75 / 62 -60 -67 -75 / 60 68 77 -60 / 59 62 -68 -77 / 60 63 67 75 / 58 -60 -67 -75 <END> 
<S> 60 63 67 75 / 58 62 -67 -75 / 56 60 72 77 / 55 75 -60 -72 / 53 60 68 74 / 55 59 67 -74 / 56 60 65 72 / 64 67 -60 -72 / 62 65 69 72 / 59 -62 -65 -69 / 60 67 -65 / 58 62 65 74 / 60 63 72 75 / 58 62 74 77 / 56 63 72 77 <END> 
<S> 57 60 66 72 / 60 66 -57 -72 / 55 62 67 70 / 62 66 69 / 60 -62 -66 -69 / 58 62 67 / 57 60 66 69 / 55 62 67 70 / 53 -62 -67 -70 / 51 60 67 72 / 50 -60 -67 -72 / 48 65 67 74 / 47 -65 -67 -74 / 48 63 67 75 / 62 -48 -67 -75 / 56 60 65 77 / 72 -56 -60 -77 <END> 
<S> 51 67 63 72 / 50 65 70 74 / 48 67 72 75 / 50 65 70 74 / 51 67 70 75 / 53 -67 -70 -75 / 55 58 70 75 / 56 60 65 -75 / 58 67 74 / 68 -58 -74 / 51 58 67 75 / 55 58 70 75 <END> 
<S> 50 65 70 77 / 51 -65 -70 -77 / 53 65 72 -70 / 67 -53 -65 -72 / 69 -53 -65 -72 / 63 -53 -69 -72 / 46 62 65 70 / 55 63 70 75 / 56 -63 -70 -75 / 58 62 65 77 / 60 63 75 79 / 58 62 70 77 / 68 -58 -74 -77 / 60 63 75 79 / 72 -60 -63 -75 <END> 
<S> 55 63 70 75 / 53 -63 -70 -75 / 51 65 70 77 / 50 -65 -70 -77 / 48 63 75 79 / 69 -48 -63 -79 / 50 65 71 77 / 62 67 -71 -77 / 60 67 72 75 / 53 68 -72 -75 / 55 62 71 74 / 65 -55 -71 -74 / 48 63 67 72 / 62 71 79 <END> 
<S> 53 67 72 74 / 52 -67 -72 -74 / 50 65 71 77 / 69 -50 -65 -77 / 55 62 71 79 / 63 -55 -71 -79 / 56 72 77 / 60 -56 -72 -77 / 55 70 75 79 / 53 68 77 -75 / 67 72 -53 -77 / 58 67 74 79 / 77 -58 -67 -74 <END> 
<S> 53 68 74 77 / 55 75 -68 -74 / 56 72 -68 / 59 65 -68 -72 / 60 63 67 72 / 62 -60 -67 -72 / 60 69 75 -72 / 58 67 74 -75 / 57 60 65 -74 / 55 59 67 75 / 53 57 65 74 <END> 
<S> 59 62 67 74 / 58 60 65 74 / -58 -60 -65 -74 / 51 67 -60 -65 / 53 60 68 -65 / 62 -53 -65 -68 / 55 58 63 67 / 56 -58 -63 -67 / 58 63 65 / 46 62 65 70 / 51 58 63 67 / 68 -51 -58 <END> 
<S> 44 60 65 -63 / 56 62 -44 -65 / 60 -44 -56 -65 / 46 62 67 -53 / 41 60 -46 -67 / 43 58 62 -67 / 45 60 65 69 / 63 -45 -60 -69 / 46 65 70 -60 / 46 -61 -65 -70 / 48 60 64 67 / 58 62 -48 -67 / 53 57 60 65 / 56 59 65 74 / 55 60 64 67 / 62 -55 -60 -67 <END> 
<S> 46 58 65 -63 / 62 -46 -58 -65 / 45 53 60 65 / 51 -45 -60 -65 / 46 58 65 -51 / 50 -46 -58 -65 / 43 51 58 / 51 -43 -58 -62 / 50 54 60 63 / 52 55 62 67 / 50 -55 -62 -67 / 48 55 60 63 / 53 -55 -60 -63 / 55 59 62 / 57 -55 -59 -62 <END> 
<S> 51 55 58 67 / 50 55 60 69 / 54 60 -50 -69 / 43 55 59 67 / 48 60 64 67 / 46 53 62 -67 / 45 60 72 -53 / 47 55 62 67 / 48 63 67 / 62 -48 -67 / 60 67 69 -51 / 50 -60 -67 -70 / 51 60 67 -67 / 62 65 -67 / 60 63 -67 <END> 
<S> 48 67 72 -58 / 50 65 -67 -72 / 52 67 72 / 53 -67 -72 / 55 67 74 -72 / 71 -55 -67 -74 / 60 67 72 75 / 58 -67 -72 -75 / 56 60 72 77 / 58 62 70 -77 / 68 -58 -62 -77 / 51 63 67 75 / 58 62 70 77 <END> 
<S> 53 65 68 72 / 63 -53 -68 -72 / 46 61 65 70 / 48 60 63 67 / 46 -60 -63 -67 / 44 60 65 / 70 -44 -60 -65 / 46 61 67 -65 / 58 -61 -65 -67 / 56 60 63 68 / 55 59 -63 -68 / 53 60 68 -63 / 62 -53 -60 -68 / 55 60 63 67 / 53 56 62 65 / 60 63 -53 / 51 55 59 62 67 <END> 
<S> 56 63 65 / 55 -56 -63 / 51 55 63 67 / 50 53 65 68 / 48 51 55 67 / 46 51 58 67 / 44 51 60 -67 / 43 50 58 67 / 41 -58 -67 57 / 43 58 63 67 / 45 -63 -63 -67 / 46 62 65 70 / 53 -62 -65 -70 / 51 55 63 70 / 62 -51 -55 -70 / 56 60 63 72 / 62 -56 -60 -72 <END> 
<S> 48 51 63 67 / 50 58 -67 -67 / 51 60 67 79 / 53 -60 -67 -79 / 55 62 67 74 / 47 -55 -62 -74 / 48 55 63 72 / 50 65 -55 -72 / 51 60 63 67 / 53 -60 -63 -67 / 55 58 62 -67 / 56 60 -55 -67 / 43 55 59 67 <END> 
<S> 48 55 63 72 / 56 -48 -63 -72 / 55 63 70 -56 / 68 -55 -63 / 53 56 60 68 / 51 58 67 70 / 56 63 68 72 / 55 63 67 71 / 53 65 68 / 50 72 -65 / 51 70 -65 -72 / 56 -65 -70 -72 <END> 
<S> 55 63 67 70 / 56 62 65 -70 / 60 63 67 / 59 -60 -67 / 53 60 65 68 / 62 -53 -65 -68 / 63 -53 -56 -70 / 46 62 65 68 / 51 67 -65 -68 / 63 67 70 79 / 65 -70 -79 / 63 67 70 79 / 62 72 -67 -79 <END> 
<S> 63 68 -58 -63 / 62 65 -51 / 47 67 -58 -65 / 63 -46 -58 -67 / 44 60 65 / 67 -44 -60 -65 / 46 61 67 -65 / 48 63 -67 68 / 50 58 65 -68 / 51 58 67 -65 / 48 60 63 -67 / 58 62 65 / 53 56 60 65 / 55 62 67 71 <END> 
<S> 51 58 65 67 / 63 -51 -58 -67 / 56 60 65 -51 / 55 58 63 70 / 53 58 65 68 / 51 58 63 67 / 56 60 63 65 / 58 62 65 -56 / 55 60 67 -65 / 53 60 65 68 / 46 62 -65 -68 <END> 
