<S> 60 63 67 72 / 62 67 74 -60 / 59 -62 -67 -74 / 60 67 75 / 48 63 67 72 / 0 / 48 63 72 79 / 50 65 77 -72 / 71 -50 -65 -77 / 51 67 72 75 / 53 -67 -72 -75 <END> 
<S> 51 60 67 72 / 48 63 67 72 / 65 74 -48 -67 / 60 67 72 -51 / 70 -60 -67 -72 / 53 60 69 72 / 62 65 71 -53 -56 / 55 63 67 72 / 53 57 65 74 / 58 62 67 70 <END> 
<S> 56 60 65 72 / 55 70 -60 -72 / 53 65 68 72 / 74 -53 -65 -68 / 48 60 67 75 / 69 -48 -60 -75 / 50 62 65 71 / 63 67 -50 -71 / 65 -50 -67 -71 / 48 63 67 72 / 60 67 -48 -72 <END> 
<S> 50 62 67 71 / 51 60 67 72 / 59 74 -67 / 65 -55 -59 -74 / 56 60 63 72 / 74 77 -60 -63 / 55 62 67 79 / 53 68 77 / 58 67 75 -53 / 51 -58 -75 -79 / 50 65 77 -63 / 62 70 78 / 69 77 -63 -70 / 62 67 -70 -77 / 60 -62 -70 -77 <END> 
<S> 55 58 70 75 / 53 -55 -70 -74 / 51 63 72 79 / 50 71 77 -79 / 48 67 72 75 / 50 66 74 -72 / 51 63 67 72 / 53 -63 -67 -72 / 55 62 67 71 / 56 60 65 72 / 62 -56 -60 -72 / 55 60 67 74 / 59 -55 -67 -74 <END> 
<S> 56 63 72 / 55 70 -63 -72 / 53 65 68 -72 / 67 74 -53 -65 / 52 60 67 -74 / 58 -52 -67 -75 / 56 60 65 72 / 55 67 -60 -72 / 53 60 69 74 / 55 -60 -69 -74 / 56 60 68 76 / 74 -56 -60 -68 / 55 59 67 74 / 65 -55 -59 -74 / 48 60 63 67 / 51 -60 -67 -75 <END> 
<S> 57 60 65 72 / 55 67 -60 -72 / 53 65 69 72 / 74 -53 -65 -69 / 75 -53 -65 -69 / 46 65 70 74 / 48 63 72 -70 / 50 62 65 70 / 51 -62 -65 -70 / 53 60 65 70 / 41 56 65 68 / 46 63 67 70 / 61 65 68 <END> 
<S> 46 53 65 70 / 53 58 -65 -70 / 56 65 -53 -70 / 51 55 63 72 / 50 53 65 70 / 51 58 67 70 / 53 60 65 -70 / 68 -53 -60 -65 / 55 60 65 70 / 53 63 68 72 / 74 -53 -68 -68 / 60 67 75 / 58 67 -67 -75 / 56 68 72 75 / 58 74 -68 -75 / 67 72 75 -48 / 69 -51 -72 -75 <END> 
<S> 58 63 67 68 / 65 68 -58 -65 / 63 67 70 / 64 -60 -67 / 58 60 65 68 / 67 -56 -60 -65 / 48 63 72 / 56 -48 -63 -72 / 53 56 63 72 / 58 62 65 74 / 56 60 65 72 / 55 58 67 74 / 68 -58 -58 -74 / 51 63 70 79 / 55 -63 -70 -79 / 56 63 68 72 / 67 -56 -63 -72 / 65 68 -56 -72 / 70 -53 -65 -68 <END> 
<S> 53 65 68 74 / 63 72 -53 -68 / 55 62 67 71 / 63 72 -55 -67 / 65 -55 -67 -72 / 53 62 67 71 / 51 63 -67 -70 / 53 65 68 -70 / 63 -53 -68 -68 / 55 62 67 70 / 60 63 68 72 / 58 65 74 / 57 -65 -70 -74 / 58 65 69 74 / 55 75 -58 -74 / 60 72 -55 -75 <END> 
<S> 60 63 67 75 / 68 -60 -63 -75 / 55 67 71 74 / 53 -67 -71 -74 / 51 67 72 75 / 48 -67 -72 -75 / 55 67 74 -72 / 71 -55 -67 -74 / 65 -55 -71 -74 / 56 63 72 / 55 63 70 / 53 68 -63 -72 / 55 62 67 71 / 43 59 67 74 <END> 
<S> 56 64 72 / 55 65 -72 / 63 67 72 75 / 62 -67 -72 -75 / 56 60 72 77 / 65 -56 -72 -77 / 55 67 72 75 / 70 -55 -72 -75 / 56 60 70 77 / 65 68 -56 -77 / 58 61 67 79 / 60 69 -67 -79 <END> 
<S> 51 63 70 79 / 53 -63 -70 -79 / 55 63 70 79 / 56 -63 -70 -79 / 58 65 70 74 / 60 75 -65 -70 / 62 71 77 -65 / 59 62 74 -77 / 60 63 75 / 62 74 -60 -63 / 59 -62 -74 -77 / 56 60 72 76 / 55 71 -60 -75 <END> 
<S> 59 62 67 74 / 60 -62 -67 -79 / 60 62 -67 -79 / 59 -62 -67 -79 / 60 67 75 / 62 -60 -67 -75 / 56 60 65 75 / 58 -60 -65 -75 / 53 60 68 77 / 55 60 67 75 / 53 56 65 -75 / 55 58 67 74 / 56 60 65 -74 / 55 58 67 75 / 53 68 -58 -75 <END> 
<S> 53 60 68 74 / 55 59 67 -74 / 65 -55 -67 -74 / 48 63 67 72 / 50 58 70 77 / 51 58 70 79 / 53 -58 -70 -79 / 55 58 70 79 / 56 60 -70 -79 / 58 62 65 74 / 67 75 -58 -62 / 56 60 68 77 <END> 
<S> 56 63 68 77 / 60 75 -68 -68 / 58 61 -68 -68 / 67 -58 -61 -68 / 56 60 65 68 / 58 -60 -65 -68 / 60 67 -58 -65 / 56 60 65 / 55 -60 -65 / 53 -60 -60 -67 / 47 62 67 -53 / 48 60 67 -53 / 52 56 -48 -60 / 50 53 65 -56 / 55 59 -50 -65 / 56 -47 -55 -65 / 48 55 63 65 / 41 60 -48 -63 / 46 55 62 -60 / 53 60 -43 -55 / 50 53 -43 -60 <END> 
<S> 56 60 65 72 / 55 74 -60 -65 / 53 60 67 -60 / 55 59 -60 -67 / 53 56 60 68 / 51 55 -60 -68 / 50 53 59 68 / 48 51 60 -53 / 41 56 60 / 65 -41 -53 -60 / 43 55 59 67 <END> 
<S> 44 56 60 65 / 58 -44 67 -65 / 41 60 63 68 / 62 -60 -63 -68 / 48 60 63 67 / 58 -60 -63 -67 / 57 60 65 / 53 58 62 / 60 63 -57 -61 / 56 62 -41 / 55 58 63 75 / 57 60 -63 <END> 
<S> 56 60 65 / 55 58 -60 -65 / 53 56 60 65 / 53 -56 -60 -65 / 55 58 62 -48 / 56 -58 -62 / 55 58 60 67 / 53 60 68 / 51 55 60 67 <END> 
<S> 56 63 65 / 55 -56 -63 -65 / 53 56 60 65 / 58 -53 -60 -65 / 48 60 64 -60 / 58 -48 -60 -64 / 41 56 60 65 / 62 -41 -53 -65 / 43 55 58 63 / 62 -43 -55 -63 / 44 56 60 63 / 46 65 -56 -60 <END> 
<S> 41 60 63 68 / 62 65 -41 -68 / 43 63 67 71 / 62 -43 -67 -71 / 60 65 -43 -67 / 59 62 67 -55 / 55 -59 -62 -67 / 51 60 67 -55 / 48 60 63 -67 / 70 -48 -60 -63 / 55 58 62 / 53 56 -58 -62 / 55 58 62 / 53 56 -58 -62 <END> 
<S> 48 60 63 67 / 60 63 -48 -67 / 54 63 69 -63 / 62 -54 -63 -69 / 50 62 66 -69 / 60 -50 -66 -69 / 51 58 67 / 50 -58 -67 / 48 55 63 -67 / 45 60 -63 -67 / 46 55 62 -63 / 53 57 62 -63 / 55 58 62 67 / 56 60 65 68 / 50 58 65 68 <END> 
<S> 48 55 63 -58 / 57 -48 -55 -63 / 43 55 59 62 / 0 / 55 60 63 70 / 53 56 65 -70 / 51 56 63 70 / 53 68 -63 -72 / 55 62 67 70 / 56 -62 -67 -70 / 60 63 67 70 / 53 65 68 -71 <END> 
<S> 53 65 68 -58 / 58 63 -53 -68 / 56 60 63 -68 / 62 65 -56 -60 / 55 58 63 70 / 53 61 -58 -70 / 51 58 63 67 / 62 -55 -58 -67 / 56 60 63 / 55 58 -60 -63 / 53 56 60 65 / 58 -53 -60 -65 / 51 60 67 / 53 -60 -67 <END> 
<S> 56 60 65 / 55 58 62 -65 / 56 60 63 72 / 55 58 -63 -72 / 53 56 68 72 / 51 58 67 / 60 63 68 -46 / 58 62 70 77 / 56 -62 -70 -77 / 55 63 70 79 / 53 -63 -70 -79 / 51 63 70 79 / 55 -63 -70 -79 <END> 
<S> 55 63 70 75 / 56 -63 -70 -75 / 58 62 65 -70 / 65 -58 -65 -70 / 56 60 -65 -70 / 55 58 70 -60 / 53 56 68 72 / 74 -53 -53 -68 / 48 60 67 75 / 50 65 -60 -75 / 51 67 72 -58 / 53 68 74 -72 / 55 71 -68 -74 / 56 60 72 / 62 65 -56 -72 <END> 
<S> 51 60 67 72 / 55 -51 -67 -72 / 54 57 62 74 / 72 -54 -60 -69 / 55 62 67 70 / 50 62 65 70 / 51 60 63 -70 / 53 62 65 -70 / 51 60 67 -65 / 48 55 64 70 / 62 -48 -55 -70 / 60 -48 56 / 63 72 -48 -60 <END> 
<S> 56 60 63 72 / 55 -60 -63 -72 / 53 68 -60 -72 / 58 62 67 74 / 67 -58 -62 -74 / 56 60 67 -74 / 55 72 -60 -67 / 53 68 -60 -67 / 51 60 67 75 / 72 -48 -60 -67 / 55 60 67 74 / 72 -55 -60 -67 / 43 59 65 74 / 65 59 -74 <END> 
<S> 56 60 63 72 / 65 74 -56 -60 / 55 67 72 75 / 53 68 -72 -75 / 55 62 74 -72 / 67 71 -55 -74 / 65 -55 -71 -74 / 48 63 67 72 / 56 60 65 77 / 55 -56 -60 -77 / 53 62 -56 -60 / 59 -53 -53 -62 / 51 55 60 67 / 53 56 65 74 / 58 62 -53 -65 / 56 60 65 -53 <END> 
<S> 56 60 63 72 / 55 -60 -63 -72 / 53 68 72 74 / 50 65 71 -74 / 51 63 72 -70 / 67 -51 -63 -72 / 53 68 -67 -72 / 55 67 71 74 / 56 65 72 / 74 -56 -65 -72 <END> 
<S> / 68 72 75 / 55 74 -68 -72 / 53 70 73 79 / 51 -70 -70 -79 / 50 72 77 -70 / 62 -50 -72 -77 / 51 67 70 75 / 53 -67 -70 -75 / 55 62 67 74 / 53 -62 -67 -74 / 51 63 72 -70 / 50 -63 -72 -72 <END> 
<S> 51 67 72 -58 / 53 56 -67 -72 / 55 70 -53 -72 / 53 56 -70 -72 / 51 74 -56 -67 / 50 65 77 / 58 -50 -50 -77 / 51 55 63 67 / 53 56 62 65 / 52 55 60 67 / 58 -52 -67 / 53 56 60 65 / 48 55 -60 -65 / 46 53 62 65 / 58 -46 -53 -65 / 53 -46 -58 -62 / 51 55 60 / 53 56 62 <END> 
<S> 53 56 62 65 / 59 -53 -56 -65 / 51 55 60 63 / 53 56 60 62 / 55 59 62 -53 / 57 -53 -62 -62 / 55 59 62 -53 / 53 60 -59 -59 / 51 55 60 63 / 50 -55 -60 -63 / 48 55 60 63 / 50 -55 -60 -63 / 55 60 62 / 43 59 62 -55 / 53 -43 -59 -62 <END> 
<S> / 55 60 63 / 43 55 59 62 / 44 60 -53 -59 / 43 59 62 -55 / 53 -43 -59 -62 / 48 51 55 60 / 48 51 63 67 / 50 53 65 70 / 51 55 67 / 50 53 57 65 / 55 59 -50 -65 / 51 55 60 63 / 50 -55 -60 -63 <END> 
<S> 48 51 55 63 / 50 53 58 65 / 51 55 67 / 55 58 -67 / 57 60 65 / 59 62 67 / 60 63 -53 -67 / 55 62 67 / 47 62 67 -55 / 53 -47 -62 -67 / 51 60 67 -53 / 53 62 -67 51 / 55 63 70 -67 / 56 65 -63 -70 / 58 62 65 70 / 60 63 -65 -70 <END> 
<S> 48 60 63 67 / 55 -60 -63 -67 / 53 56 62 68 / 53 58 68 -62 / 51 58 63 67 / 65 -51 -58 -67 / 49 58 65 65 / 60 63 -46 -65 / 62 65 -58 -65 / 58 62 -65 / 56 -58 -62 -65 / 51 55 63 67 / 60 -51 -67 / 41 60 68 -51 / 50 58 65 -68 / 51 58 63 67 / 60 -51 -67 <END> 
<S> 44 60 65 -63 / 58 62 -48 -65 / 60 -44 -58 -65 / 46 58 62 65 / 53 63 -46 -70 / 55 58 63 67 / 56 60 -63 -67 / 58 65 -56 -63 / 51 58 63 67 / 53 60 63 68 / 55 58 63 70 / 56 65 -63 / 55 63 67 70 / 53 56 -67 -70 <END> 
<S> 55 63 70 / 62 -55 -70 / 44 53 63 72 / 44 63 70 -72 / 46 62 65 70 / 39 58 67 -65 / 63 -51 -58 -67 / 44 60 63 65 / 58 -48 -63 -63 / 56 56 63 -48 / 41 -56 -63 -63 / 49 56 63 65 / 60 -56 -63 / 46 55 62 67 / 58 65 -50 -55 / 43 55 58 63 / 51 -43 -55 -58 <END> 
<S> 43 58 62 65 / 44 -58 -62 -65 / 43 59 62 67 / 48 55 63 -62 / 60 -48 -55 -63 / 41 56 60 65 / 60 -41 -56 -65 / 43 55 59 62 / 51 60 -43 -59 / 48 52 60 67 / 41 -52 -60 -67 / 41 53 60 68 / 62 -41 -53 -68 / 43 58 63 67 / 44 -58 -63 -67 / 46 58 65 -63 / 50 62 -58 -65 / 51 58 63 67 / 55 63 67 70 <END> 
<S> 41 60 68 -58 / 55 -41 -60 -68 / 43 59 65 41 / 62 -43 -59 -65 / 48 55 60 64 / 47 62 -55 / 48 55 60 63 / 45 51 60 -60 / 50 53 59 62 / 48 55 60 63 / 50 65 -55 -60 / 51 55 67 -60 / 53 59 62 -55 / 55 59 62 / 56 60 -53 -59 / 55 62 -53 -60 / 51 55 58 / 51 58 -55 -58 <END> 
<S> 44 51 60 65 / 59 -50 -51 -65 / 44 51 60 -65 / 53 62 -44 -60 / 59 -44 -53 -62 / 48 60 63 / -56 -60 -48 -63 55 39 55 60 63 / 58 -39 -55 -63 / 41 56 60 65 / 43 55 59 67 / 53 56 60 65 / 55 59 62 67 / 56 60 63 72 / 55 -60 -63 -72 <END> 
<S> 41 56 60 62 / 41 60 -56 -60 / 43 50 55 59 62 / 53 -43 -59 -62 / 36 51 55 60 / 48 51 55 67 / 50 -51 -55 -67 / 48 51 60 67 / 53 62 -60 -67 / 51 55 60 67 / 58 -52 -51 -67 / 53 56 60 65 / 55 59 -53 -65 / 56 60 63 72 / 55 63 -60 -72 <END> 
<S> 48 51 60 67 / 50 53 -60 -67 / 51 55 60 67 / 48 55 60 65 / 53 56 62 65 / 55 58 62 / 65 -55 -58 -62 / 56 60 63 / 43 58 62 65 / 56 59 62 -65 / 51 55 60 67 / 53 60 68 -67 / 55 62 67 71 / 56 60 65 72 / 58 65 67 74 / 68 -58 -65 <END> 
<S> 56 60 63 65 / 62 -56 -56 -65 / 55 58 63 70 / 53 61 -63 -70 / 51 58 63 67 / 62 -58 -63 -67 / 56 60 63 / 55 58 62 65 / 56 60 63 72 / 55 58 65 70 / 53 68 -58 -65 / 51 63 67 -58 / 48 60 -63 -67 <END> 
<S> 56 60 65 / 55 58 65 74 / 53 -58 -65 -74 / 51 58 67 75 / 63 -51 -67 -75 / 56 60 68 72 / 65 -56 -60 -72 / 55 62 67 71 / 53 -62 -67 -71 / 51 63 67 72 / 53 -62 -67 -72 / 48 60 67 74 / 72 -48 -60 -67 / 55 59 67 74 / 55 67 71 74 <END> 
<S> 56 62 65 72 / 60 -56 -65 -72 / 55 62 67 71 / 55 62 67 71 / 53 -62 -67 -71 / 51 63 67 72 / 50 -63 -67 -72 / 48 62 67 74 / 47 -62 -67 -74 / 48 60 67 75 / 53 60 68 74 / 55 59 67 74 / 56 65 72 -74 <END> 
<S> 51 67 72 -51 / 53 -51 -67 -72 / 55 67 71 74 / 51 58 67 79 / 53 57 65 70 / 46 58 65 68 / 44 59 -65 -68 / 48 60 67 75 / 58 -48 -67 -75 / 53 56 65 74 / 72 -53 -56 -65 <END> 
<S> 56 60 65 / 55 58 63 67 / 53 56 65 68 / 46 58 -65 -68 / 51 58 63 67 / 62 65 -51 -58 / 51 60 63 67 / 55 58 63 70 / 56 65 68 -63 <END> 
<S> 44 60 65 68 / 63 -44 -60 -68 / 46 -60 -63 -68 / 48 60 63 68 / 53 61 68 -64 / 54 60 63 69 / 55 59 62 67 / 60 -55 -62 -67 / 43 62 -60 -67 / 59 -43 -62 -67 / 44 60 62 -67 / 43 59 62 67 / 53 -43 -59 -67 <END> 
<S> 42 62 63 43 / 59 62 -62 -67 / 60 -43 -62 -67 / 43 62 67 71 / 53 -43 -67 -71 / 51 67 72 -53 / 52 -67 -72 / 53 65 68 74 / 62 -53 -65 -74 / 55 63 70 75 / 57 -55 -63 -75 / 58 62 74 77 / 56 60 75 -74 / 55 70 -60 75 / 53 -55 -70 -75 <END> 
<S> 51 58 67 75 / 60 63 69 72 / 55 62 71 70 / 60 63 67 72 / 56 62 65 72 / 60 -56 -65 -72 / 47 62 67 74 / 48 -62 -67 -74 / 55 62 67 71 / 56 60 62 -67 / 60 63 -56 -67 / 50 62 65 70 / 48 63 67 75 / 69 -48 -63 -75 <END> 
<S> 63 67 70 -60 / 61 -60 -67 -70 / 53 60 68 -67 / 62 65 -53 -68 / 63 -53 -62 -70 / 55 62 67 71 / 53 -62 -67 -71 / 51 63 72 -67 / 53 -63 -67 -72 / 55 62 67 71 / 56 60 65 72 / 62 74 -56 -60 / 55 58 -62 -74 / 53 60 68 72 / 51 58 67 <END> 
<S> 56 60 67 72 / 65 -56 -60 -72 / 55 60 67 74 / 59 -55 -67 -74 / 56 60 67 72 / 65 -56 -60 -72 / 50 62 65 70 / 62 -50 -65 -70 / 55 58 63 70 / 62 -55 -63 -70 / 56 60 63 72 / 62 65 -56 -72 / 55 63 67 70 / 53 56 68 -67 / 58 65 -53 -68 <END> 
<S> 56 62 65 71 / 60 -56 -65 -71 / 55 59 67 74 / 53 -59 -67 -74 / 51 60 67 75 / 53 65 69 74 / 55 63 67 -74 / 62 -55 -67 -74 / 60 66 -55 -74 / 43 59 67 -74 / 65 -43 -59 -74 / 48 60 64 67 / 58 62 67 77 / 60 68 75 <END> 
<S> 48 62 67 75 / 60 -48 -67 -75 / 55 59 67 74 / 55 59 62 74 / 53 -59 -62 -74 / 51 55 60 72 / 48 63 67 -72 / 65 74 -48 -60 / 58 67 70 -48 / 56 68 -67 -75 / 64 67 72 -48 / 47 62 67 -72 / 48 60 67 75 / 51 -60 -67 -75 / 56 60 65 72 / 55 -60 -65 -72 <END> 
<S> 48 67 72 -58 / 60 -51 -67 -72 / 55 62 67 71 / 53 -62 -67 -71 / 51 60 67 72 / 48 -60 -67 -72 / 50 65 67 71 / 53 62 68 71 / 51 55 67 72 / 53 68 74 -72 / 55 67 71 -74 / 65 72 -55 -71 / 48 63 67 72 / 55 67 71 74 <END> 
<S> 53 68 72 74 / 55 75 -68 -72 / 56 65 71 74 / 55 67 71 74 / 53 68 72 74 / 55 67 71 75 / 65 -55 -71 -75 / 48 63 72 75 / 53 68 74 77 / 58 67 74 77 / 55 70 75 -77 <END> 
<S> 53 68 74 77 / 72 75 -53 -68 / 55 62 71 74 / 67 -55 -71 -74 / 48 63 67 72 / 60 63 67 72 / 58 62 -67 -72 / 57 60 65 72 / 55 67 -60 -72 / 53 65 69 72 / 51 -65 -69 -72 / 50 65 69 77 / 75 -50 -65 -69 <END> 
<S> 57 60 65 72 / 55 -60 -65 -72 / 53 -60 -65 -72 / 46 62 65 74 / 51 58 67 75 / 60 -51 -67 -75 / 53 60 65 68 / 51 58 67 -65 / 63 56 -58 -67 / 59 62 65 / 60 -56 -65 <END> 
<S> 56 60 65 -51 / 50 55 59 65 / 48 55 60 63 / 46 -55 -60 -63 / 44 56 60 63 / 46 -56 -60 -63 / 44 51 56 60 / 47 -51 -56 -60 / 51 55 60 / -51 -55 -60 / 0 / 53 56 60 68 / 58 -53 -60 -68 <END> 
<S> 44 51 60 65 / 41 -51 -60 -65 / 46 50 58 -65 / 39 51 58 63 <END> 
<S> 44 48 60 65 / 63 -48 -60 -77 / 47 62 67 / 60 -47 -62 -67 / 44 60 63 67 / 59 62 -67 / <END> 
<S> 50 57 65 74 / 55 59 62 67 / 48 55 60 72 / 48 60 63 67 / 46 -60 -63 -67 / 44 56 60 72 / 58 -44 -60 -72 <END> 
<S> 48 60 63 67 / 58 62 -48 -67 / 53 57 60 69 / 51 55 72 -69 / 50 53 58 70 / 51 58 67 / 50 53 -58 -67 / 48 55 63 72 / 51 -55 -63 -72 <END> 
<S> 55 58 70 -50 / 53 -55 -58 -70 / 51 55 67 72 / 50 60 -55 -67 / 48 55 63 67 / 68 -48 -55 -63 / 70 -48 -55 -63 / 44 60 63 67 / 46 -60 -63 -67 / 48 63 -60 -67 / 43 -60 -67 -63 / 41 56 60 65 / 62 -44 -56 -65 / 43 55 59 63 / 55 62 67 / 53 60 65 / 59 -50 -53 -65 <END> 
<S> 48 55 63 -62 / 60 -48 -55 -63 / 43 55 59 62 / 55 59 -43 -62 / 44 51 60 / 51 58 -45 -60 / 50 53 62 -60 / 58 -53 -53 -62 / 54 57 60 -53 / 57 62 -53 -57 / 55 59 62 -53 / 52 -55 -59 -62 / 50 55 60 63 / 52 -55 -60 / 43 53 59 62 / 55 59 -43 -62 <END> 
