<S> 48 55 60 64 / 43 55 59 62 / 53 -43 -59 -62 / 45 52 57 60 / 47 50 55 62 / 48 55 64 / 50 65 -48 -55 / 40 52 60 67 / 41 -52 -60 -67 / 43 50 60 65 / 48 -43 -60 -65 / 50 59 -43 -65 <END> 
<S> 48 55 60 64 / 46 55 58 62 / 44 53 60 62 / 43 -53 -60 -62 / 44 52 60 -60 / 43 52 55 -60 / 41 53 60 -60 / 41 55 62 -60 / 59 -43 -55 -62 / 53 -43 -59 -62 / 44 51 60 <END> 
<S> 41 57 60 62 / 38 53 -60 -62 / 43 50 59 -62 / 55 -43 -59 -62 / 36 51 55 60 / 48 60 63 67 / 50 -60 -63 -67 / 51 58 63 67 / 58 65 68 -51 / 53 -58 -65 -68 / 55 58 63 67 / 56 65 -58 -67 / 58 65 68 / 56 60 65 -65 / 53 58 62 -65 / 60 63 -57 -65 / 46 62 65 <END> 
<S> 51 58 67 / 50 65 -58 -67 / 63 -50 -58 -67 / 46 58 62 65 / 53 58 62 / / 55 -58 -62 / 53 56 60 / 59 -53 -56 / 51 55 60 63 / 50 -55 -60 -63 / 55 59 62 / 43 53 59 62 / 48 51 60 63 / 50 -48 -60 -63 / 51 55 60 63 / 58 -51 -60 -63 <END> 
<S> 55 59 62 -48 / 53 -55 -59 -62 / 48 55 60 63 / 52 55 59 67 / 60 68 -51 -55 / 50 55 58 67 / 53 69 -50 -58 / 51 55 62 70 / 50 -55 -62 -70 / 48 55 63 -62 / 53 60 -48 -63 / 55 59 62 -48 / 52 56 60 67 <END> 
<S> 50 53 62 70 / 55 58 -50 -70 / 53 56 60 69 / 51 55 -60 -69 / 50 53 58 70 / 51 58 67 / 68 -51 -58 / 51 60 63 67 / 46 58 62 65 / 56 -46 -62 -65 / 51 55 58 63 / 48 55 60 63 / 53 58 62 65 / 56 60 63 / 53 56 59 65 <END> 
<S> 56 60 65 / 55 58 63 67 / 53 56 65 68 / 51 58 67 / 56 65 -58 -75 / 56 60 64 68 / 55 58 62 68 / 53 -58 -62 -68 / 51 58 63 67 / 57 60 63 -51 / 46 58 62 65 / 56 -46 -62 -65 <END> 
<S> 56 60 65 / 53 55 60 65 / 53 62 65 70 / 51 63 67 72 / 53 63 69 72 / 62 -53 -69 -72 / 55 62 67 71 / 48 64 67 72 / 56 60 65 -72 / 55 67 70 -60 / 53 60 68 68 / 55 67 70 75 / 56 65 68 -75 <END> 
<S> 51 55 67 72 / 63 -51 -67 -72 / 48 62 66 69 / 60 -62 -66 -69 / 55 62 67 70 / 55 63 67 70 / 53 65 68 -70 / 51 63 67 72 / 56 65 72 -72 / 55 67 70 74 <END> 
<S> 56 60 67 72 / 58 65 -67 -72 / 56 65 72 / 55 70 -65 -72 / 53 68 77 -72 / 67 -53 -48 -72 / 48 63 72 -67 / 68 -48 -63 -72 / 47 56 68 74 / 67 -47 -46 -74 / 44 51 67 72 / 43 70 -67 -72 / 70 -43 -67 -70 / 65 74 -67 -70 / 62 65 69 / 60 -62 -69 / 55 62 67 70 / 69 -55 -62 -70 / 68 -55 -62 -72 / 43 62 67 70 / 53 62 65 69 <END> 
<S> 48 51 -67 -70 / 50 66 -48 -69 / 51 55 67 / 50 59 -55 -67 / 48 55 60 63 / 53 58 -48 -63 / 44 51 56 60 / 43 -51 -56 -60 / 44 48 56 60 / 41 56 60 65 / 43 55 59 62 / 62 -43 -55 -59 / 48 55 60 63 <END> 
<S> 41 48 56 60 / 55 -41 -60 -63 / 43 55 59 62 / 60 -43 -55 -59 / 53 59 62 -43 / 48 51 60 63 / 50 53 58 65 / 51 55 67 / 46 -51 -67 / 44 65 68 74 / 50 -65 -69 -74 / 51 63 67 70 / 53 -63 -67 -70 / 55 62 67 70 / 53 60 65 68 / 51 63 67 -53 / 50 65 -55 -68 <END> 
<S> 51 58 67 / 50 53 -58 -67 / 52 55 60 67 / 48 60 -55 -67 / 53 56 60 68 / 58 -53 -53 -68 / 51 55 60 67 / 58 -51 -55 -67 / 56 60 65 -51 / 46 58 62 67 / 68 -46 -62 -65 / 51 58 63 67 / 50 58 62 65 / 48 63 -58 -65 <END> 
<S> 50 60 65 68 / 48 58 63 67 / 53 56 62 65 / 60 -53 -56 -65 / 46 55 62 67 / 58 -46 -62 -67 / 43 -58 -62 -67 / 44 60 65 68 / 63 -44 -60 -68 / 59 62 -44 -68 / 36 60 63 67 / 43 59 62 67 / 55 60 67 75 / 53 68 74 -60 <END> 
<S> 44 60 63 72 / 62 -60 -63 -72 / 60 63 67 75 / 58 -63 -67 -75 / 56 63 72 77 / 60 -56 -72 -77 / 58 62 70 77 / 68 -58 -62 -77 / 51 58 67 75 / 51 60 70 79 / 55 -51 -70 -79 / 53 56 68 77 / 51 55 75 79 <END> 
<S> 53 63 68 77 / 51 58 70 79 / 56 63 70 77 / 58 62 -70 -77 / 68 -58 -62 -77 / 59 62 67 79 / 55 -62 -67 -75 / 60 63 67 75 / 58 62 -67 -75 / 57 60 65 75 / 55 -60 -65 -75 / 53 60 65 68 / 63 -53 -65 -68 / 46 62 65 70 / 60 -62 -65 -70 <END> 
<S> 60 63 67 75 / 58 62 -67 -75 / 56 60 65 77 / 55 67 -60 -77 / 53 65 68 72 / 53 -65 -68 -72 / 74 -53 -65 -68 / 63 72 -55 / 54 62 69 -72 / 55 62 70 70 / 64 -55 -70 -70 / 50 65 69 -70 / 68 -50 -65 -69 / 48 60 67 75 / 58 -48 -67 -75 / 53 57 65 74 / 55 59 67 -74 / 65 -55 -59 -74 <END> 
<S> 55 67 70 75 / 53 -67 -70 -75 / 55 62 70 77 / 56 60 -70 -77 / 58 62 65 70 / 68 -58 -62 -65 / 51 58 63 67 / 55 58 67 75 / 56 60 -67 -75 / 58 62 65 74 / 63 67 75 / 53 65 68 74 / 59 62 67 77 / 60 63 -67 -77 / 58 62 -67 -75 / 56 60 65 77 <END> 
<S> 56 60 63 72 / 65 68 -56 -60 / 51 58 67 75 / 53 68 74 77 / 55 67 71 -74 / 65 -55 -71 -74 / 56 63 72 / 55 64 -72 / 53 68 77 -72 / 71 -53 -68 -72 / 48 67 72 75 / 60 -67 -72 -75 / 59 67 74 77 / 60 67 72 75 <END> 
<S> 53 68 72 74 / 68 -53 -68 -74 / 55 67 71 -74 / 65 72 -55 -71 / 48 63 67 72 / 60 63 67 72 / 58 62 -67 -72 / 56 60 65 72 / 55 67 -60 -72 / 53 60 65 68 / 51 67 -60 -65 / 53 60 65 68 / 63 -53 -65 -68 / 62 65 -53 -69 / 60 63 67 <END> 
<S> 56 60 67 72 / 65 -56 -60 -72 / 55 61 65 70 / 64 -55 -60 -70 / 53 65 68 74 / 54 63 -68 -74 / 62 -54 -69 54 / 55 62 71 -69 / 54 63 69 72 / 62 -54 -69 -72 / 55 62 67 71 / 48 63 67 72 / 60 67 75 <END> 
<S> 57 63 69 72 / 62 66 -69 -72 / 55 62 67 70 / 60 63 67 75 / 58 62 -67 -75 / 57 60 65 75 / 58 62 65 74 / 58 67 70 75 / 51 63 67 70 / 61 -51 -67 -70 / 56 60 68 72 / 55 74 -60 -72 <END> 
<S> 58 63 67 70 / 65 68 -58 -63 / 58 63 70 -68 / 51 65 70 -68 / 50 65 70 -68 / 51 63 67 70 / 65 -51 -63 -70 / 56 63 72 -51 / 55 -63 -63 -72 / 53 56 68 -63 / 58 62 -53 -68 / 48 60 63 67 / 68 -48 -60 -63 <END> 
<S> 51 63 67 72 / 60 -51 -67 -72 / 53 65 68 72 / 63 -53 -68 -72 / 62 65 70 -56 / 60 63 67 75 / 69 -60 -63 -75 / 58 65 70 74 / 56 65 72 / 74 -56 -65 -72 / 55 67 71 75 / 65 -55 -71 -75 / 56 63 72 -71 <END> 
<S> 53 65 68 74 / 63 67 -53 -74 / 62 65 70 77 / 59 79 -65 -70 / 60 63 67 79 / 62 -63 -67 -79 / 60 63 72 79 / 58 -63 -72 -79 / 57 63 72 77 / 58 62 70 -77 / 68 -58 -62 -77 / 51 58 67 75 / 63 69 74 <END> 
<S> 53 63 72 77 / 74 -53 -63 -72 / 55 63 70 75 / 56 65 77 -75 / 58 67 70 75 / -58 -65 -70 / 51 63 67 70 / 62 65 70 -51 / 63 72 -51 -70 / 55 58 67 75 / 56 60 -67 -75 <END> 
<S> 51 63 67 70 / 62 -51 -67 -70 / 53 60 65 68 / 55 58 -65 -68 / 56 60 65 68 / 62 -60 -65 -68 60 60 64 67 / 58 -60 -63 -67 / 41 56 60 65 / 53 56 68 72 / 54 62 -69 -72 / 60 67 70 / 62 65 -67 -70 / 60 63 67 75 / 58 -60 -67 -75 <END> 
<S> 60 64 67 / 58 -60 -67 -76 / 56 60 67 75 / 55 -60 -67 -75 / 53 60 68 77 / 51 60 67 79 / 58 65 74 -51 / 56 72 -65 / 55 65 -72 / 53 68 72 74 / 47 65 68 74 / 48 63 67 75 <END> 
<S> 53 65 68 74 / 63 -53 -68 -74 / 62 65 69 36 / 64 71 -69 -81 / 62 65 71 79 / 60 63 72 79 / 59 74 79 / 60 72 75 / 58 62 74 77 / 56 60 72 77 / 55 70 75 -60 53 53 68 77 51 55 67 70 -48 -55 -67 46 56 60 65 77 <END> 
<S> 59 62 74 79 / 77 -59 -62 -74 / 60 63 67 75 / 66 69 -60 -75 / 55 67 71 74 / 60 67 72 -51 / 55 -60 -67 -72 / 53 57 65 72 / 59 74 -53 -65 / 60 63 -53 56 / 62 77 -60 / 61 76 79 -60 / 58 60 65 -79 / 56 60 65 72 / 55 -60 -65 -72 <END> 
<S> 60 67 75 / 58 -60 -67 -75 / 56 60 72 75 / 55 70 -60 -75 / 53 60 68 74 / 55 59 67 -74 / 65 -55 -59 -74 / 48 60 63 72 / 50 58 70 77 <END> 
<S> 55 60 67 75 / 53 -60 -67 -75 / 55 59 67 74 / 65 -55 -59 -74 / 48 60 63 72 / 51 58 67 79 / 60 63 69 -79 / 58 62 65 70 / 57 60 63 72 / 55 59 67 74 <END> 
<S> 58 63 65 -70 / 62 -58 -65 -70 / 51 58 63 67 / 57 60 63 -67 / 65 58 62 / 60 63 -56 -65 / 59 62 65 / 60 -53 -59 -65 / 51 60 67 75 / 53 59 68 -75 / 55 60 67 74 / 56 59 65 -74 <END> 
<S> 56 60 63 72 / 65 -56 -60 -72 / 55 62 67 70 / 53 -62 -67 -70 / 51 63 72 -67 / 69 -51 -63 -72 / 50 65 71 74 / 48 67 72 75 / 68 74 77 -48 / 47 67 -74 -77 / 48 67 75 -74 / 51 67 72 75 / 71 -51 -67 -75 / 56 65 72 75 / 55 70 74 77 / 56 75 -70 <END> 
<S> 48 67 72 75 / 60 -67 -72 -75 / 67 70 74 77 / -67 -70 -74 / 51 67 72 77 / 53 -67 -72 -77 / 55 67 71 74 / 65 -55 -71 -74 / 56 63 72 / 55 -63 -72 / 53 65 68 74 / 55 67 75 -74 / 56 72 -67 -75 / 55 74 -67 -72 <END> 
<S> 56 63 68 72 / 55 -63 -68 -72 / 53 61 67 70 / 52 -61 -67 -70 / 53 60 67 68 / 64 -53 -60 -68 / 65 -53 -60 -68 / 63 -53 -68 -68 / 46 61 65 68 <END> 
<S> 53 60 65 -70 / 62 65 -53 -70 / 63 -53 -65 -70 / 46 62 65 70 / 63 68 -46 -62 / 46 62 67 70 / 48 63 67 68 / 72 -48 -63 -67 / -63 -48 -64 -67 / 65 60 67 -51 / 58 -60 -67 -68 / 56 60 67 72 / 65 -60 -56 -72 <END> 
<S> 48 63 68 72 / 56 -48 -68 -72 / 55 63 67 70 / 62 65 -55 -70 / 60 63 67 72 / 55 -60 -63 -72 / 53 62 68 72 / 51 63 67 -72 / 50 65 68 74 / 48 67 75 -65 / 53 68 72 77 / 70 -53 -68 -77 / 60 65 72 77 / 62 -60 -72 -77 <END> 
<S> 55 63 70 75 / 61 -55 -70 -75 / 56 68 -63 -75 / 58 67 70 74 / 64 -58 -67 -70 / 65 -58 -67 -70 / 60 63 67 75 / 58 62 -67 -75 / 56 60 72 77 / 55 -60 -72 -77 / 53 65 70 -77 / 51 75 -70 79 / 50 77 45 -68 / 55 59 -68 -74 / 51 60 67 75 / 53 -60 -67 -75 <END> 
<S> 53 60 68 74 / 55 59 67 -74 / 56 60 65 72 / 60 -56 -65 -72 / 55 59 67 74 / 51 60 67 79 / 60 -51 -67 -79 / 53 65 68 72 / 63 -53 -68 -72 / 41 62 65 74 / 59 68 -62 -74 / 48 63 67 72 / 60 63 67 72 / 58 62 -67 -72 <END> 
<S> 53 60 65 68 / 63 -53 -60 -68 / 55 59 62 67 / 60 63 67 72 / 58 62 -67 -72 / 57 60 65 72 / 55 67 -60 -72 / 53 65 69 72 / 74 -53 -65 -69 / 75 -53 -65 -69 / 46 65 70 74 / 48 63 72 -70 / 50 62 65 70 / 51 -62 -65 -70 <END> 
<S> 57 60 65 72 / 55 67 -60 -72 / 53 65 69 72 / 51 63 68 -72 / 50 65 -68 -72 / 51 63 67 70 / 62 -51 -67 -70 / 53 60 65 68 / 67 -53 -60 -68 / 55 60 65 68 / 53 59 -65 -68 / 64 -48 -60 -68 / 50 65 -60 -68 <END> 
<S> 56 60 63 72 / 56 65 74 -60 / 55 58 67 75 / 53 68 -58 -75 / 55 58 65 74 / 56 65 71 -74 / 55 58 67 74 / 53 68 75 / 51 67 75 / 53 65 68 74 / 63 72 -53 -68 <END> 
<S> 55 63 70 75 / 62 -55 -70 -75 / 56 63 72 77 / 53 68 74 -77 / 58 62 70 77 / 51 67 70 75 / 63 70 79 / 62 65 70 82 / 63 67 70 79 / 72 -63 -67 -79 / 59 67 74 79 / 65 -59 -74 -79 <END> 
<S> 58 63 70 77 / 62 65 -70 -77 / 67 70 75 79 / 63 -67 -75 -79 / 59 68 74 79 / 55 -59 -74 -79 / 56 60 72 77 / 55 70 75 79 / 53 69 77 -75 / 74 -53 -69 -77 / 55 70 75 -74 / 46 67 74 -75 / 65 -46 -70 -75 <END> 
<S> 53 60 69 77 / 53 60 68 -77 / 48 58 67 75 / 46 74 -58 -67 / 53 68 72 77 / 55 70 -65 -77 / 56 63 72 -70 / 55 -63 -70 -72 / 62 65 70 -56 -62 / 53 61 -70 -77 / 51 58 70 79 / 55 63 -70 -79 <END> 
<S> 63 70 79 / 62 65 -70 -79 / 63 67 79 -65 / 75 -62 -67 -75 / 59 62 67 79 / 55 -59 -67 -79 / 60 63 67 75 / 69 -60 -63 -67 / 58 65 70 74 / 56 -65 -70 -74 / 55 67 70 75 / 53 -67 -70 -75 / 51 65 70 77 / 50 -65 -70 -77 <END> 
<S> 58 65 70 74 / 56 -65 -70 -74 / 55 67 70 75 / 53 68 72 77 / 55 70 75 79 / 56 72 77 -75 / 58 74 75 -77 / 68 -58 -62 -77 / 51 58 67 75 / 58 63 70 79 / 56 68 72 77 / 58 -68 -72 -77 / 60 67 72 75 / 58 -60 -67 -75 <END> 
<S> 55 63 70 75 / 51 -55 -70 -75 / 56 68 77 -75 / 58 67 70 -77 / 68 -58 -62 -77 / 51 63 67 75 / 55 67 70 75 / 56 65 70 -75 / 51 67 70 75 / 51 -67 -70 -75 / 53 65 70 77 / 51 -65 -70 -77 / 50 70 77 -65 / 68 -50 -70 -77 <END> 
<S> 58 67 70 75 / 51 63 70 79 / 61 -51 -70 -79 / 56 60 68 77 / 62 -60 -68 -77 / 60 63 67 75 / 65 -60 -75 / 55 67 72 75 / 62 -55 -67 -72 / 63 67 70 -72 / 62 65 -70 / 60 63 72 / 55 59 -63 -72 / 56 60 65 72 / 53 68 74 -60 / 62 -53 -68 -74 <END> 
<S> 60 63 67 75 / 62 -60 -67 -75 / 55 60 67 74 / 59 -55 -67 -74 / 48 63 67 72 / 60 67 75 / 69 -60 -75 / 58 65 70 74 / 56 -65 -70 -74 / 55 67 70 75 / 53 -67 -70 -75 / 51 65 70 77 / 53 -65 -70 -77 / 51 63 70 79 / 72 -51 -63 -79 / 50 65 77 -72 / 71 -50 -65 -77 <END> 
<S> 55 70 75 -65 / 53 73 -70 -75 / 51 68 72 75 / 74 -51 -68 -72 / 50 70 75 -68 / 51 65 72 -75 / 53 63 68 -72 / 62 -53 -67 -75 / 63 67 72 -53 / 58 65 -67 -72 / 60 63 67 / 58 62 -67 -75 / 56 60 72 77 / 55 75 -60 -72 <END> 
<S> 60 63 67 72 / 58 62 -67 -72 / 56 60 65 77 / 51 -56 -65 -77 / 50 55 65 70 / 50 62 -65 -70 / 51 60 67 72 / 53 -60 -67 -72 / 48 55 65 72 / 63 -48 -55 -72 / 43 55 62 71 / 60 -43 -62 -71 / 43 59 67 74 / 57 -43 -67 -74 <END> 
<S> 56 60 65 72 / 55 62 67 71 / 53 60 67 69 / 51 -60 -67 -69 / 50 65 68 71 / 53 63 69 72 / 62 74 -53 -69 / 55 58 67 75 / 57 60 -67 -75 / 58 62 65 74 / 55 67 70 75 / 53 65 68 72 / 74 -53 -65 -68 / 48 67 75 -53 / 72 -48 -67 -75 / 55 62 71 74 <END> 
<S> 53 62 68 74 / 50 -62 -68 -74 / 55 67 70 -74 / 57 66 72 / 43 58 67 70 / 63 -43 -67 -70 / 45 60 65 -70 / 46 62 65 70 / 48 63 68 -65 / 46 61 67 <END> 
<S> 53 60 65 68 / 51 58 67 -65 / 63 -51 -58 -67 / 49 63 68 -58 / 62 70 -63 -68 / 52 60 67 -70 / 58 -52 -60 -67 / 53 57 60 -67 / 65 -53 -60 <END> 
<S> 48 63 67 72 / 60 63 72 79 / 58 65 74 82 / 67 70 75 / 63 68 -67 -70 / 62 67 70 77 / 62 -62 -70 -77 <END> 
<S> 63 67 70 79 / 62 65 -70 -79 / 60 67 72 75 / 55 59 67 74 / 51 60 67 79 / 69 -51 -60 -79 / 70 -60 -51 -79 <END> 
<S> 48 60 63 75 / 67 -48 -60 -75 / 50 65 68 74 / 59 67 -65 -74 / 60 67 75 / 58 -60 -67 -75 / 56 60 72 77 / 55 75 -60 -72 <END> 
<S> 60 67 75 / 58 -60 -67 -75 / 56 60 72 75 / 55 70 -60 -75 / 53 60 68 74 / 55 59 67 -74 / 56 60 67 72 / 65 -56 -60 -72 / 50 62 65 71 / 53 62 -62 -71 <END> 
<S> 56 60 65 / 55 59 67 74 / 53 56 68 74 / 58 75 -53 -68 / 56 60 65 -68 / 0 / 55 59 67 -77 / 60 75 -55 -67 / 56 60 65 77 / 53 -60 -65 -77 <END> 
<S> 56 60 63 72 / 65 -56 -60 -72 / 55 62 67 70 / 53 -62 -67 -70 / 51 60 67 75 / 58 74 -67 -75 / 56 60 72 77 / 55 70 75 -60 <END> 
<S> 46 58 65 74 / 62 66 -58 -74 / 60 63 67 75 / 65 69 -60 -75 / 55 67 71 74 / 53 -67 -71 -74 / 51 67 72 / 50 -67 -72 / 48 67 -72 -72 / 55 -67 -72 <END> 
<S> 48 63 67 72 / 53 62 65 -72 / 51 63 72 -67 / 55 -63 -67 -72 / 48 63 67 72 / 60 63 67 72 / 58 62 -67 -72 / 56 60 72 77 / 55 -60 -72 -77 <END> 
<S> 48 63 67 72 / 60 63 72 79 / 58 65 74 82 / 67 82 -65 -74 / 63 67 72 75 / 65 74 77 -72 / 67 70 75 -77 / 56 72 -70 -77 / 68 -56 -72 -75 <END> 
<S> 63 68 72 75 / 67 -63 -72 -75 / 58 65 74 77 / 67 75 -65 / 58 65 70 74 / 53 63 70 72 / 55 65 -70 -72 / 53 68 72 74 / 55 67 71 -74 / 65 -55 -71 -74 <END> 
