<S> 48 55 60 63 / 46 58 61 65 / 44 51 68 -61 / 60 -44 -51 -68 / 46 58 65 -51 / 49 -46 -58 -65 / 41 48 56 65 / 0 / 53 56 60 68 / 58 62 -53 -68 <END> 
<S> 46 53 62 70 / 48 60 63 69 / 50 58 65 70 / 51 58 63 67 / 62 65 -51 -58 / 56 60 63 / 55 59 62 -56 / 53 53 -59 -62 / 51 60 -53 / 47 55 58 / 51 56 60 65 / 49 58 65 / 45 60 64 / 43 58 62 65 / 43 -58 -62 -65 <END> 
<S> 56 60 63 / 53 55 59 62 / 60 -53 -56 55 / 51 55 60 67 / 53 68 -60 -67 / 65 -53 -60 -68 / 59 62 -53 -65 / 51 60 63 / 50 56 -60 -63 / 65 -50 -53 -56 / 55 55 59 -50 / 53 -55 -59 -62 / 48 55 60 63 / 46 -55 -60 -63 <END> 
<S> 55 58 62 67 / 60 -55 -62 -67 / 43 60 63 -67 / 62 -43 -60 -67 / 59 -43 -62 -67 / 0 / 60 63 67 / 68 -60 -63 / 58 62 67 70 / 56 63 63 72 / 55 -63 -63 -72 / 53 65 68 74 / 58 65 -68 -74 / 56 63 -65 -74 / 55 65 45 45 <END> 
<S> 56 63 67 72 / 65 -56 -67 -72 / 60 63 67 / 58 -60 -63 -67 / 53 56 65 / 55 63 67 72 / 53 65 68 74 / 55 63 70 75 / 56 68 -63 -75 / 58 65 70 74 / 68 -58 -65 -74 / 60 63 67 72 / 68 72 -60 -75 <END> 
<S> 63 67 70 -58 / 56 -63 -67 -70 / 58 63 70 -67 / 53 -58 -63 -70 / 55 58 70 75 / 53 -58 -70 -75 / 51 65 70 77 / 50 -65 -70 -77 / 51 63 70 79 / 62 71 77 -51 / 56 60 72 75 / 55 70 -60 -75 <END> 
<S> 51 58 67 75 / 53 68 74 -58 / 55 63 70 -74 / 56 72 -63 / 56 65 -63 -72 / 53 62 74 -56 / 55 60 75 / 53 68 -55 -60 / 51 56 60 67 / 59 -51 -56 -67 / 50 55 60 67 / 53 62 -55 -67 / 43 55 59 62 / 53 -43 -59 -62 <END> 
<S> 56 60 63 72 / 55 -60 -63 -72 / 53 65 68 74 / 63 72 -53 -68 / 55 62 67 71 / 56 59 65 72 / 0 / 60 63 67 72 / 59 62 -67 -72 <END> 
<S> 63 67 -51 -70 / 62 -55 -67 -70 / 60 63 67 -67 / 58 62 -67 -67 / 56 60 65 72 / 55 -60 -63 -72 / 53 60 68 72 / 55 74 -68 -68 / 53 61 -68 -77 / 51 56 68 72 / 55 74 -58 -72 / 56 60 65 -72 / 55 58 67 75 / 53 68 -58 -67 <END> 
<S> 53 56 65 74 / 72 -53 -56 -65 / 55 58 65 70 / 63 -55 -58 -70 / 56 60 63 72 / 55 70 -60 -63 / 53 60 65 68 / 61 67 70 -53 / 48 64 68 72 / 49 -64 -68 -72 / 51 67 72 / 70 -67 -72 / 65 68 -56 -72 / 53 56 65 -72 <END> 
<S> 53 60 65 68 / 64 67 -53 -60 / 62 -53 -56 -67 / 55 60 63 67 / 58 65 -55 -63 / 56 60 65 / 55 58 62 67 / 56 -58 -62 -67 / 55 58 63 / 53 60 63 68 / 55 58 63 70 / 51 56 63 68 / 50 58 65 -68 <END> 
<S> 56 60 63 65 / 58 -56 -63 / 56 56 60 65 / 72 -56 -56 -65 / 51 58 67 75 / 58 65 74 / 60 63 72 75 / 58 62 70 77 / 56 60 72 77 / 55 62 71 79 <END> 
<S> 58 63 67 75 / 62 65 77 -58 / 60 63 67 79 / 58 62 -67 -79 / 57 60 72 77 / 59 62 -72 -77 / 60 -56 -72 -77 / 55 62 71 79 / 60 63 72 79 / 59 62 74 79 / 60 67 75 <END> 
<S> 55 63 72 75 / 56 65 -72 -75 / 58 67 74 77 / 68 -58 -74 -77 / 51 67 70 75 / 53 69 72 -75 / 55 67 71 74 / 65 -55 -71 -74 / 56 63 72 / 55 -63 -72 -72 / 53 65 70 74 / 65 -53 -70 -74 <END> 
<S> 53 68 74 -74 / 72 -53 -68 -74 / 55 67 71 74 / 63 67 72 / 65 74 -67 -72 / 60 67 75 / 58 -60 -67 -75 / 56 60 72 77 / 55 70 -60 -77 / 53 65 68 72 / 74 -53 -65 -68 / 48 63 67 75 / 69 -48 -63 -75 <END> 
<S> 56 60 68 77 / 53 -60 -68 -77 / 55 60 67 75 / 53 -60 -67 -75 / 55 59 67 74 / 65 -55 -59 -74 / 48 60 63 72 / 51 58 65 70 / 53 60 68 77 / 62 -53 -68 -77 / 51 63 67 79 / 62 -51 -67 -79 / 60 67 72 75 / 58 -67 -72 -75 <END> 
<S> 46 60 65 68 / 62 -46 -68 -68 / 58 62 67 70 / 60 63 -67 -70 / 56 62 65 68 / 55 61 67 53 / 55 62 -67 / 65 -55 -62 / 56 60 63 72 / 55 58 -63 -72 / 53 60 68 74 / 55 59 67 -74 / 56 60 65 -74 / 72 -56 -60 -65 / 55 58 62 70 / 53 60 63 -70 / 68 -50 -60 -63 <END> 
<S> 56 60 63 72 / 55 -60 -63 -72 / 53 65 68 72 / 74 -53 -65 -68 / 60 67 75 / 58 -60 -67 -75 / 56 60 68 77 / 55 -60 -68 -77 / 53 60 68 79 / 55 -60 -68 -79 / 53 65 68 72 / 59 74 -65 -68 / 60 63 67 72 / 58 62 -67 -72 / 53 57 65 72 <END> 
<S> 53 60 68 77 / 55 67 70 75 / 56 65 68 72 / 58 74 -68 -68 / 60 67 -65 / 64 -60 -67 / 65 -60 -67 / 58 62 67 / 56 -62 -67 / 77 -56 -62 -67 / 60 67 -56 / 51 55 -67 -67 / 53 60 68 -67 / 50 65 -60 -68 / 48 60 67 -65 / 60 64 -48 -67 <END> 
<S> 60 67 75 / 58 -60 -67 -75 / 56 60 68 75 / 55 -60 -68 -75 / 53 60 68 77 / 62 -53 -68 -77 / 63 67 70 -53 / 69 -53 -63 / 55 58 62 70 / 60 63 -55 -70 / 53 60 65 -70 / 68 -53 -60 -65 / 48 60 67 -60 / 59 -48 -67 -75 / 43 58 62 74 / 56 -43 -62 -74 <END> 
<S> 53 57 65 74 / 58 -53 -65 -74 / 53 63 72 -58 / 57 -53 -63 -72 / 46 58 62 70 / 58 64 69 -50 / 45 60 65 72 / 47 62 67 70 / 48 63 69 -67 / 50 62 66 -69 / 60 -50 -66 -69 / 55 58 62 67 / 51 55 63 70 / 50 -55 -63 -70 <END> 
<S> 48 63 67 69 / 45 -63 -67 -63 / 50 62 66 71 / 60 -50 -66 -66 / 43 58 62 67 / 46 58 62 67 / 51 63 69 / 50 53 62 70 / 48 55 62 72 / 60 -53 -55 -72 / 55 62 67 71 / 47 -62 -67 -71 <END> 
<S> 55 62 70 / 51 55 63 -70 / 53 56 68 -63 / 58 62 -53 -68 / 60 -53 -65 -68 / 55 67 -60 -65 / 53 60 68 -55 / 51 -60 -53 -60 -68 <END> 
<S> 56 60 63 72 / 55 58 -63 -72 / 53 56 68 72 / 58 -53 -68 -72 / 60 67 75 / 58 -60 -67 -75 / 54 57 60 72 / 63 -54 -57 -72 <END> 
<S> 63 70 -55 / 53 60 -63 -70 / 56 62 -53 -70 / 55 71 -53 -62 / 48 55 60 72 / 55 59 67 74 <END> 
<S> 58 62 65 74 / 56 60 63 75 / 55 58 70 75 / 53 68 -58 -75 / 51 63 70 79 / 65 -51 -70 -79 / 63 67 70 79 / 63 -67 -70 -79 <END> 
<S> <END> 
<S> 37 53 65 69 / 46 53 65 70 / 46 65 69 <END> 
<S> <END> 
<S> 46 62 65 77 / 60 63 -65 -77 / 58 62 70 77 / 68 -58 -62 -77 <END> 
<S> 60 67 75 / 58 -60 -67 -75 / 57 60 65 77 / 55 67 75 -60 / 53 60 68 74 / 55 59 67 -74 / 65 -55 -67 -74 <END> 
<S> 44 60 72 77 / 70 -60 -77 -77 / 53 69 75 -77 / 72 -53 -69 -77 / 55 67 71 74 / 58 65 74 / 57 60 66 -74 / 55 62 67 70 / 53 -62 -67 -70 <END> 
<S> 47 67 74 / / 48 -67 -74 -77 / 50 67 71 77 / 51 -67 -71 -77 / 50 65 72 -50 / 52 -65 -68 -77 / 60 63 67 75 / 69 -60 -63 -75 / 55 67 71 -75 / 50 -67 -71 -75 / 51 67 72 75 / 53 -67 -72 -75 / 55 67 70 75 / 56 60 68 77 / 58 62 70 -77 / 63 -58 -70 -77 / 65 77 -70 -74 / 67 72 75 -58 / 56 -67 -72 -75 <END> 
<S> 48 67 72 75 / 53 -67 -72 -75 / 55 67 71 74 / 53 -67 -71 -74 / 51 63 72 79 / 53 -63 -72 -79 / 55 67 70 75 / 65 -55 -70 -79 / 56 63 72 77 / 58 62 70 -77 / 68 -58 -62 -77 / 51 58 67 75 / 48 60 67 75 / 46 65 70 74 <END> 
<S> 56 63 68 77 / 53 -63 -68 -77 / 51 58 67 79 / 58 77 -51 -67 / 56 60 72 75 / 65 -56 -60 -72 / 55 62 67 71 / 53 -62 -67 -71 / 51 63 67 72 / 50 -63 -67 -72 / 48 62 67 74 / 47 -62 -67 -74 / 48 60 67 75 / 53 62 65 -75 / 51 63 67 79 / 50 -58 -67 -79 <END> 
<S> 48 63 72 -67 / 50 65 -72 / 51 58 67 -72 / 53 57 69 -72 / 46 62 65 71 / 51 63 67 72 / 50 62 67 71 / 48 55 -67 -70 / 50 63 69 -67 / 62 65 -50 -69 / 60 -50 -65 -69 / 55 58 62 67 / 60 63 -55 -67 / 43 -55 -60 -67 / 45 53 72 -60 / 52 55 -60 -63 / 50 53 58 65 / 62 -50 -53 -65 / 48 55 58 64 <END> 
<S> 55 62 69 / 54 60 62 -69 / 43 58 62 67 / 48 63 67 / 50 62 65 70 / 51 63 67 -70 / 53 62 65 69 / 55 63 70 / 62 65 -55 -70 / 56 60 65 72 / 63 -56 -60 -72 / 55 62 67 71 / 65 -55 -62 -71 / 48 63 67 72 / 55 63 71 <END> 
<S> 51 58 67 -65 / 63 -51 -58 -67 / 46 62 65 / 55 -46 -65 / 63 -46 -55 -70 / 44 53 60 65 / 58 -48 -53 -65 / 41 53 60 68 / 62 -53 -56 -60 / 49 55 58 63 / 48 60 63 67 / 46 52 68 -60 / 70 -46 -58 <END> 
<S> 44 53 60 65 / 46 53 58 62 / 44 53 60 65 / 59 -53 -53 -65 / 51 60 63 67 / 58 62 65 -55 / 56 60 65 / 51 55 -60 -65 / 50 53 60 65 / 58 -50 -53 -65 / 48 55 60 63 / 45 -55 -60 -63 <END> 
<S> 46 58 65 -63 / 53 -46 -58 -65 / 53 55 60 -58 / 56 -53 -58 -60 / 55 58 62 / 53 56 60 65 / 55 58 62 67 / 53 56 -62 -67 / 51 55 63 70 / 50 -55 -63 -70 / 48 60 63 67 / 53 -60 -63 -67 <END> 
<S> 55 60 63 -46 / 53 56 60 65 / 51 55 67 -60 / 53 56 62 68 / 55 -53 -62 -68 / 51 55 63 67 / 50 65 -55 -67 / 48 55 63 / 46 -55 -60 -63 / 44 53 60 65 / 43 59 -53 -65 / 44 51 60 67 / 41 53 68 -60 <END> 
<S> 48 55 63 -62 / 60 -48 -55 -63 / 43 55 60 67 / 58 62 -52 -67 / 53 57 60 69 / 55 59 62 / 60 56 60 63 / 55 62 -60 -63 / 53 55 59 68 / 51 54 57 -68 / 50 58 65 -50 / 60 -50 -50 -65 <END> 
<S> 55 60 63 / 53 -55 -60 -63 / 55 59 62 / 43 53 -59 -62 / 48 51 55 60 / 47 62 -55 -72 / 48 60 63 67 / 58 62 -48 -67 / 53 57 60 65 / 56 55 59 65 / 53 57 60 63 / 62 -53 -57 -60 / 55 60 62 / 63 -55 -60 / 53 62 -43 -60 <END> 
<S> 48 55 60 63 / 56 -48 -60 -63 / 43 55 59 63 / 50 53 62 65 / 59 -50 -53 -65 / 51 55 58 63 / 52 -55 -58 / 53 -43 55 -58 / 48 51 57 -55 / 50 53 58 / 51 55 -58 -62 / 53 59 57 -58 / 51 55 60 / 53 56 60 / 65 -53 -53 <END> 
<S> 51 55 58 63 / 50 53 -58 -63 / 48 51 55 65 / 48 60 63 68 / 46 55 58 67 / 53 68 -46 -58 / 47 55 62 67 / 65 -47 -62 -67 / 48 60 63 67 / 58 62 -63 -67 / 56 60 63 -65 / 62 -56 -60 -65 / 55 58 62 67 / 53 -58 -62 -67 / 51 58 63 67 / 50 -58 -63 -67 <END> 
<S> 51 58 67 / 65 -51 -58 -67 / 46 63 67 / 62 -46 -67 / 44 77 -63 / 56 62 65 72 / 60 -56 -65 -72 / 55 59 67 74 / 60 75 -55 / 57 60 66 75 / 55 59 67 74 / 65 -55 -59 -74 <END> 
<S> 56 60 63 72 / 55 -60 -63 -72 / 53 68 72 74 / 55 67 71 -74 / 65 -55 -71 -74 / 48 63 67 72 / 55 67 71 74 / 60 67 72 75 / 62 70 77 77 <END> 
<S> 51 63 72 -67 / 53 62 65 -72 / 48 63 67 -72 / 68 -48 -63 -72 / 50 62 67 70 / 51 60 66 69 / 63 -51 -60 -69 / 70 -48 -60 -63 <END> 
<S> 46 62 65 70 / 51 60 -65 -70 / 50 58 65 70 / 62 -58 -65 -70 / 60 63 68 72 / 58 62 -68 -72 / 60 63 68 72 / 62 65 -68 -72 / 63 67 70 / 53 65 68 72 <END> 
<S> 56 60 63 72 / 60 65 -56 -72 / 55 62 67 71 / 63 -55 -67 -71 / 65 -55 -67 -71 / 48 63 67 72 / 53 56 65 72 / 51 55 67 70 / 56 60 -67 -70 / 58 62 68 -67 / 53 65 -62 -68 <END> 
<S> 51 63 67 70 / 53 -63 -67 -70 / 55 62 67 70 / 56 60 65 72 / 74 -56 -60 -65 / 55 60 67 75 / 53 68 -60 -75 / 55 60 65 74 / 68 -55 -60 -74 / 43 59 67 74 / 65 -43 -59 -74 <END> 
<S> 56 60 63 72 / 65 74 -56 -60 / 55 60 67 75 / 53 -60 -67 -75 / 55 60 67 74 / 59 -55 -67 -74 / 0 / 56 60 63 72 / 65 -56 -60 -72 / 55 59 67 74 / 60 75 -55 -67 / 58 62 65 74 / 56 -62 -65 -74 <END> 
<S> 56 60 65 72 / 55 74 -60 -65 / 53 60 68 74 / 55 59 67 -74 / 56 60 65 72 / 60 -56 -65 -72 / 55 59 67 74 / 60 63 67 / 65 -60 -67 <END> 
<S> 56 60 63 72 / 65 -56 -60 -72 / 55 62 67 70 / 53 -62 -67 -70 / 51 60 67 72 / 55 -60 -67 -72 / 53 65 69 72 / 51 -65 -69 -72 / 50 65 69 77 / 75 -50 -65 -69 <END> 
<S> 41 60 65 68 / 63 67 -53 -60 / 59 62 -53 -67 / 60 -53 -56 -67 / 55 62 67 71 / 43 59 62 67 / 48 60 63 67 / 58 62 65 74 / 56 60 63 72 / 55 67 -60 -72 / 53 68 72 -60 / 55 59 67 74 / 56 60 65 -74 / 59 -56 -65 -71 <END> 
<S> 60 67 75 / 58 -60 -67 -75 / 56 60 72 75 / 55 70 -60 -75 / 53 60 68 74 / 55 59 67 -74 / 56 60 67 72 / 65 -56 -60 -72 / 50 62 65 71 / 53 62 -62 -71 / 51 55 63 72 / 50 -55 -62 -72 / 48 55 63 -72 / 57 66 -48 -72 / 55 59 67 74 <END> 
<S> 53 62 67 71 / 50 65 -67 -71 / 51 63 67 72 / 53 -63 -67 -72 / 55 62 67 71 / 53 -62 -67 -71 / 51 63 72 -67 / 69 -51 -63 -72 / 50 65 71 74 / 48 67 72 75 / 68 74 77 -48 / 47 67 -74 -77 / 51 67 75 79 / 51 67 70 79 / 65 -51 -70 -79 <END> 
<S> 48 63 72 75 / 50 65 -72 -75 / 51 67 70 -75 / 53 -67 -70 -75 / 55 67 71 74 / 55 71 74 -55 / 60 67 72 75 / 58 -67 -72 -75 / 57 65 72 77 / 53 75 -65 -72 / 58 65 70 74 / 57 -65 -70 -74 / 55 63 70 75 / 65 -55 -70 -75 <END> 
<S> 60 67 75 / 58 -60 -67 -75 / 56 60 68 75 / 55 -60 -68 -75 / 53 60 68 77 / 51 -60 -68 -77 / 58 70 79 / 55 -70 -75 / 53 60 68 77 / 68 -53 -60 -77 / 55 62 67 79 / 53 -62 -67 -79 / 51 60 72 79 / 53 -60 -72 -79 / 55 67 71 74 / 63 67 71 79 <END> 
<S> 53 60 68 80 / 55 70 75 -80 / 56 -68 -70 -75 / 58 74 77 -68 / 67 75 -58 -77 / 56 60 68 77 / 55 75 -60 -68 / 53 60 70 -68 / 65 68 -53 -60 / 48 63 67 72 / 53 65 68 74 / 55 63 67 70 / 65 -55 -67 -70 <END> 
<S> 53 60 68 -67 / 62 65 -53 -68 / 63 -53 -60 -70 / 46 62 65 70 / 63 67 70 / 57 63 65 72 / 59 65 74 / 60 63 67 72 / 62 65 -67 -72 / 60 63 67 72 / 58 62 -67 -72 <END> 
<S> 63 68 72 / 60 65 -68 -72 / 67 -60 -63 -72 / 60 65 68 / 63 -60 -68 -68 / 58 61 67 70 / 68 -58 -61 -68 / 60 67 68 / 59 64 -68 -67 / 61 65 68 / 55 -61 -65 -68 / 60 63 67 / 56 60 65 72 / 62 74 -56 -65 <END> 
<S> 60 63 67 / 56 60 65 72 / 65 -56 -72 / 55 62 67 71 / 48 64 67 72 / 53 57 65 72 / 58 65 -53 -68 / 60 64 67 / 57 -60 -64 -67 <END> 
<S> 46 62 65 70 / 52 60 -65 -70 / 53 60 67 / 68 -53 -60 -67 / 46 65 -60 -68 / 53 -46 -58 -65 / 48 55 60 64 / 56 -48 -60 -64 / 50 55 65 -60 / 53 62 -50 -65 / 60 -50 -65 / 53 58 62 <END> 
<S> 50 58 65 / 55 -50 -65 -72 / 48 55 63 70 / 53 56 68 -63 / 51 55 63 67 / 41 56 60 65 / 63 -41 -56 -60 / 43 59 62 -55 / 53 -43 -59 -62 / 36 51 55 60 / 47 55 62 67 / 48 55 60 63 <END> 
<S> 56 60 63 65 / 59 62 -48 -65 / 60 63 -56 / 55 62 -60 -63 / 53 59 62 68 / 51 60 67 / 50 65 -60 -72 / 51 55 67 72 / 53 60 68 -72 / 55 60 67 74 / 59 -55 -67 -74 / 43 60 67 74 / 59 -43 -67 -74 / 48 60 67 75 / 51 60 67 79 / 53 68 77 <END> 
