<S> 60 64 67 72 / 59 62 67 / 57 60 69 -67 / 66 -57 -60 -69 / 55 62 67 71 / 53 -62 -67 -71 / 52 60 67 72 / 58 -52 -67 -72 / 53 57 -67 -72 / 65 -53 -57 -72 / 48 55 72 -65 / 64 -48 -55 -72 / 60 64 67 / 58 -60 -64 -67 <END> 
<S> 52 60 67 72 / 53 -60 -67 -72 / 52 67 -53 -60 / 50 62 65 69 / 55 62 71 / 64 -55 -59 -71 / 48 55 64 72 / 52 62 71 -65 / 60 64 -52 -67 / 62 65 -64 / 59 -43 -65 / 48 55 -65 -65 / 47 55 62 65 / 43 -55 -62 -65 <END> 
<S> 52 64 67 71 / 54 62 -64 -67 / 45 64 69 -64 / 54 62 -64 -69 / 43 55 62 71 / 48 55 64 72 / 55 62 71 -55 / 55 -55 -62 -71 / 48 55 64 69 / 72 -48 -55 -64 / 52 55 62 71 / 67 -52 -55 -71 / 48 54 69 69 / 52 55 -69 -69 / 71 -55 -64 69 / 50 62 66 -69 / 60 66 -50 -69 <END> 
<S> 55 74 -67 -64 / 62 65 -55 -72 / 60 64 -55 -72 / 59 62 71 74 / 64 67 -59 -74 / 60 64 67 76 / 62 65 -67 -76 / 64 67 72 79 / 71 -67 -75 -79 / 60 72 81 -67 / 62 -72 38 -81 / 64 71 79 / 57 64 -71 -79 / 65 69 77 -64 / 62 -65 -69 -77 / 60 67 76 -62 / 60 -60 -67 -76 <END> 
<S> 60 67 72 76 / 57 69 72 77 / 57 -69 72 76 / 55 70 72 76 / 53 69 72 77 / 67 -53 -72 -77 / 55 69 72 76 / 54 60 -72 -76 / 55 67 72 74 / 59 67 -55 -74 / 60 67 72 76 / 59 -67 -72 -76 <END> 
<S> 53 69 72 74 / 55 67 71 74 / 65 -55 -71 -74 / 48 64 67 72 / 55 62 71 74 / 60 69 76 / 59 62 67 74 / 58 61 -67 -76 / 57 60 69 77 / 55 -60 -69 -77 / 53 60 70 79 / 52 -60 -70 -79 <END> 
<S> 59 62 67 79 / 60 67 76 / 62 -60 -67 -76 / 52 60 67 79 / 53 -60 -67 -79 / 55 60 67 74 / 59 -55 -67 -74 / 0 / 53 55 68 72 <END> 
<S> 54 60 69 74 / 55 -60 -69 -74 / 59 67 76 -55 / 56 64 71 -76 / 62 69 -56 -76 / 55 62 70 76 / 53 -62 -70 81 / 67 -53 -60 -70 / 53 60 69 -67 / 55 59 67 -69 / 60 -55 -67 -74 / 60 67 76 / 58 -60 -67 -75 <END> 
<S> 55 62 71 79 / 60 64 69 79 / 59 62 74 79 / 64 72 81 / 65 71 74 -81 / 64 67 72 76 / 65 69 74 83 / 67 71 74 -65 / 57 64 72 76 / 55 -64 -72 -76 / 54 62 69 -72 / 55 62 71 -69 / 64 -55 -62 -71 / 50 60 66 69 / 52 60 67 71 / 54 62 69 -67 <END> 
<S> 59 65 71 79 / 57 64 72 79 / 71 -57 -64 -79 / 50 62 66 77 / 67 62 -62 -77 / 48 60 67 76 / 55 59 67 74 / 52 60 67 79 / 71 -52 -60 -79 / 53 60 72 81 / 55 59 74 79 / 56 60 69 77 <END> 
<S> 47 62 67 79 / 48 60 67 -79 / 59 62 74 79 / 71 -59 -62 -74 / 56 60 72 76 / 55 77 -72 / 64 69 72 -55 / 54 62 69 74 / 55 62 67 -74 / 64 72 -55 -60 / 66 -55 -60 59 / 59 67 74 -55 / 52 60 64 76 / 50 57 65 74 / 48 64 -57 -74 <END> 
<S> 55 62 67 71 / 53 -62 -67 -71 / 52 60 67 72 / 48 -60 -67 -72 / 53 60 67 72 / 65 -53 -60 -72 / 52 60 67 -60 / 59 64 -52 -67 / 53 57 65 / 55 59 62 -65 / 60 64 -53 -59 / 57 60 62 66 / 43 59 62 67 / 47 55 62 67 <END> 
<S> 53 57 62 69 / 50 -57 -62 -69 / 52 55 62 67 / 60 -52 -55 -67 / 43 -52 60 -55 / 53 -43 -60 / 52 -43 -53 -60 / 47 55 62 -53 / 52 55 60 64 / 57 -55 -60 -64 / 55 59 62 67 / 52 55 59 67 / 50 -55 -59 -67 <END> 
<S> 47 55 62 65 / 48 60 -55 -65 / 43 59 62 67 / 55 59 62 67 / 52 55 64 71 / 50 65 -55 -71 / 48 55 64 72 / 60 -48 -55 -64 / 55 60 62 67 / 69 -55 -60 / 69 -43 -55 -60 / 70 -43 -55 -60 / 59 -43 -55 -67 / 44 48 60 65 / 47 50 62 -65 / 48 55 64 -62 / 60 -48 -55 -64 <END> 
<S> 48 55 62 69 / 47 -55 -62 -74 / 48 55 62 69 / 50 -55 -62 -69 / 55 62 71 / 43 -55 -62 -71 / 48 55 64 69 / 50 54 62 -69 / 60 -50 -54 -69 / 43 50 59 67 / 55 59 62 67 / 47 55 62 67 <END> 
<S> 50 55 62 69 / 52 71 -55 -62 / 54 57 62 69 / 59 62 -54 -69 / 43 59 62 67 / 45 52 64 72 / 45 52 64 71 / 50 57 66 72 / 52 55 67 72 / 53 62 65 69 / 52 62 67 71 <END> 
<S> 45 57 64 72 / 47 55 62 -72 / 48 55 64 72 / 50 62 65 71 / 52 64 67 72 / 54 -52 -67 -72 / 55 62 67 71 / 48 64 69 -67 / 50 62 66 -69 / 60 -50 -66 -69 <END> 
<S> 52 55 64 72 / 65 -52 -55 -72 / 40 -55 -65 -70 / 48 64 72 -55 / 60 -48 -55 -64 / 43 60 67 76 / 59 -43 -67 -74 / 64 72 -43 -59 / 43 62 65 -72 / 64 67 -43 / 45 60 65 -67 / 47 62 67 -65 / 48 64 -62 -67 / 60 62 -48 -67 <END> 
<S> 43 59 62 67 / 45 60 -55 -67 / 47 55 62 65 / 43 -55 -62 -65 / 48 55 60 64 / 55 59 62 / 54 -55 -59 -62 / 52 55 59 67 / 50 60 -55 -67 / 54 57 62 69 / 55 59 64 67 / 57 60 64 -67 / 65 -57 -60 / 59 62 67 -65 / 60 64 -62 -67 / 62 62 69 / 60 -62 -69 / 59 62 71 -69 / 67 72 -59 -64 / 62 66 66 71 <END> 
<S> 40 55 60 72 / 62 -55 -60 -72 / 52 60 67 / 59 -52 -67 / 53 57 69 -67 / 62 65 -53 -69 / 55 59 64 67 / 62 -55 -59 -67 / 57 60 65 / 47 55 62 -65 / 47 55 62 / 65 -47 -55 -62 / 48 55 60 64 / 46 -55 -60 -64 / 45 52 60 65 / 47 50 -60 -65 / 48 47 55 64 / 46 62 -55 -67 / 60 64 -43 -55 / 59 -43 -60 -64 / 45 57 65 -60 / 47 55 62 -65 / 64 -50 -55 -60 / 43 50 62 65 / 48 60 -50 -65 <END> 
<S> 45 48 60 65 / 47 55 62 67 / 48 55 60 64 / 50 65 -55 -60 / 52 60 67 / 58 62 -52 -67 / 53 57 60 69 / 55 59 67 -53 / 52 60 67 / 70 -52 -60 -67 / 45 60 65 69 / 47 62 65 69 / 48 64 -65 -69 / 47 55 62 71 / 48 55 64 72 / 50 -55 62 71 <END> 
<S> 50 53 65 71 / 52 62 -53 -65 / 53 57 60 64 / 55 59 62 / 53 57 60 / 52 55 64 -60 / 50 53 57 62 / 59 -50 -53 -62 / 45 52 60 64 / 43 50 59 67 / 45 52 60 -59 / 43 52 55 59 / 36 55 60 64 / 38 -55 -60 -64 / 40 55 59 62 / 43 52 -59 -62 <END> 
<S> 47 50 62 67 / 65 -50 -50 -62 / 52 55 64 71 / 53 57 62 69 / 55 62 71 -53 / 52 -55 -62 -71 / 50 60 66 69 / 52 60 67 / 43 59 67 71 / 48 60 64 72 / 62 -48 -60 -72 / 47 55 62 74 / 48 64 -55 -74 <END> 
<S> 47 62 67 69 / 48 71 -62 -67 / 50 57 66 69 / 55 62 67 71 / 43 59 62 67 / 48 60 64 67 / 47 62 67 -67 / 45 60 69 -67 / 47 62 -67 -69 / 48 64 67 69 / 50 62 -67 -69 / 52 60 67 72 / 64 -52 -67 -72 / 54 62 69 74 / 60 -54 -69 -74 / 55 59 67 76 / 60 64 -55 -76 / 62 -52 -67 -76 <END> 
<S> 45 64 69 72 / 47 67 -64 -72 / 48 64 69 -67 / 50 66 -64 -69 / 52 59 64 71 / 54 62 -59 -71 / 52 59 64 67 / 50 -59 -64 -67 / 48 57 64 69 / 71 -48 -64 / 72 -48 -64 / 47 55 62 67 / 67 -47 -55 -67 / 48 60 64 -67 / 53 65 -60 -69 / 55 59 67 -53 / 52 60 -55 -67 / 50 57 65 -60 / 55 59 62 -65 / 53 -59 -62 -65 <END> 
<S> 47 55 62 71 / 48 -55 -62 -67 / 47 55 62 69 / 64 -55 -62 -69 / 38 62 66 -69 / 43 59 62 67 / 48 52 60 67 / 47 50 62 67 / 48 55 64 69 / 50 59 65 69 / 52 60 -50 -65 / 48 55 60 64 / 62 -55 -60 -67 / 43 60 62 -60 59 59 -43 -43 -60 / 59 -43 -55 -62 / 53 -43 -59 -62 / 36 52 55 60 <END> 
<S> 47 50 62 67 / 65 -50 -50 -67 / 52 55 64 / 53 62 -52 -55 / 55 60 64 -52 / 59 -52 -55 -64 / 57 60 65 -55 / 58 62 -57 -65 / 45 57 64 -62 / 61 -57 -64 / 41 57 62 69 / 60 -53 -57 -69 / 55 59 62 / -55 57 60 / 57 62 62 / 64 -57 -62 / 50 59 62 67 / 52 60 67 76 / 53 -60 -67 -76 <END> 
<S> 50 57 62 65 / 62 -57 -62 -65 / 52 55 62 64 / 60 -55 -64 / 55 59 62 / 47 55 62 / 48 52 55 64 / 50 -45 -55 -64 / 40 55 60 67 / 41 -55 -60 -67 / 43 55 60 69 / 59 -43 -55 -69 / 45 -55 -59 -62 / 47 55 62 -55 / 48 55 -55 -62 / <END> 
<S> 43 55 60 62 / 59 -43 -55 -62 / 45 52 60 64 / 43 -52 -60 -64 / 41 57 62 -60 / 38 -57 -60 -62 / 43 55 59 -62 / 53 -43 -59 -62 / 36 52 55 60 / 48 52 55 60 / 47 55 62 67 / 48 55 60 64 <END> 
<S> 41 62 57 -60 / 43 50 59 -62 / 45 52 57 60 / 47 50 59 67 / 43 50 59 -67 / 48 52 57 60 / 41 -52 -57 -60 / 40 50 55 59 / 55 50 59 -50 / 48 52 55 60 / 38 -48 -55 -60 / 40 48 55 60 / 41 -55 -60 / 43 55 59 62 / 38 -55 -59 -62 <END> 
<S> 48 52 55 64 / 50 -48 -55 -64 / 40 48 -55 -55 / 41 57 -55 -64 / 40 55 60 64 / 38 -55 -60 -64 / 59 -43 -55 -64 / 45 48 57 65 / 50 64 -48 -57 / 47 55 62 -50 / 43 55 59 -62 / 48 52 55 60 / 48 52 60 67 / 47 62 -52 -67 / 45 52 64 72 / 54 -45 -64 -72 / 47 55 62 71 / 48 -55 -62 -71 <END> 
<S> 43 50 55 59 -64 / 48 62 -55 -59 / 47 60 -55 -64 / 43 55 62 65 / 53 59 -62 -65 / 52 60 64 / 57 62 -60 -64 / 50 59 62 65 / 52 60 -50 -65 / 53 59 62 67 / 55 -59 -62 -67 / 57 60 64 72 / 55 58 65 -72 / 53 57 69 72 / 52 62 67 71 <END> 
<S> 57 62 65 -48 / 47 59 -62 -65 / 48 55 64 -62 / 60 -48 -55 -64 / 41 57 62 -60 / 50 59 -41 -62 / 43 55 59 62 / 53 -43 -59 -62 / 36 52 55 60 / 0 / 48 55 60 64 <END> 
<S> 48 52 55 60 / 50 62 -52 -55 / 45 57 64 72 / 47 62 -57 -72 / 48 55 64 72 / 50 -55 -64 -72 / 52 55 64 72 / 54 57 -64 -72 / 55 59 62 71 / 52 67 -59 -71 <END> 
<S> 50 57 66 74 / 52 59 64 67 / 54 63 -64 -72 / 55 62 71 -52 / 59 -55 -62 -67 / 50 57 62 65 / 55 59 62 -65 / 60 64 -55 -71 / 59 62 67 -55 / 45 57 60 64 / 55 -45 -60 -64 / 50 53 62 70 / 50 69 -50 -62 <END> 
<S> 57 64 72 / 62 -57 -72 / 47 -57 -62 -72 / 48 55 62 71 / 53 -47 -62 -67 / 52 52 60 67 / 53 59 69 -67 / 52 60 67 / 50 62 65 -67 / 64 -50 -67 / 47 65 74 -50 / 48 -62 -65 -74 / 48 64 69 / 60 -48 -64 -69 <END> 
<S> 52 60 67 72 / 50 65 69 74 / 71 -50 -65 -74 / 48 67 72 76 / 60 67 77 -48 / 47 62 67 79 / 53 60 77 -67 / 76 -53 -60 -69 / 55 59 67 74 / 56 59 65 -74 / 57 60 64 72 / 65 74 -56 -60 <END> 
<S> 60 67 76 / 59 -60 -67 -76 / 57 60 65 77 / 55 67 76 -60 / 53 60 69 74 / 55 59 67 -74 / 72 -55 -60 -67 / 43 59 65 74 / 65 -43 -59 -74 / 48 55 64 72 / 55 62 71 74 <END> 
<S> 55 60 67 74 / 59 -55 -67 -74 / 48 64 67 72 / 60 64 72 79 / 53 65 72 81 / 64 -53 -72 -81 / 54 62 74 81 / 72 -54 -62 -81 / 55 67 71 74 / 55 67 71 74 / 53 -67 -71 -74 <END> 
<S> 53 65 72 81 / 64 -53 -72 -81 / 55 62 71 79 / 57 60 69 77 / 59 62 -69 -77 / 60 64 67 76 / 66 -60 -64 -76 / 67 -60 -64 -76 / 66 69 74 -60 / 59 67 71 -74 / 57 72 -67 / 65 69 74 / 59 -65 -74 -77 / 60 67 76 -62 / 60 -60 -67 -76 <END> 
<S> 60 64 67 76 / 62 77 -60 -67 / 59 61 67 79 / 60 77 -67 / 76 -60 -67 / 41 60 69 77 / 59 62 67 74 / 57 60 67 76 / 65 -57 -60 -76 / 55 59 67 74 / 65 -55 -59 -74 / 56 64 71 76 / 74 -56 -64 -71 / 57 64 72 55 / 62 71 -57 -67 <END> 
<S> 55 67 74 / 59 76 -67 / 57 60 -67 -76 / 59 62 74 -67 / 52 60 64 -74 / 57 72 -60 -64 / 55 59 67 74 / 53 -59 -67 -74 / 52 61 67 76 / 50 62 65 77 / 60 76 -50 -65 / 55 58 74 / 52 -55 -58 -74 / 53 57 60 72 / 59 62 -53 -72 <END> 
<S> 50 62 66 71 / 52 60 67 72 / 54 62 69 74 / 55 62 71 -74 / 57 72 -55 -62 / 47 55 67 74 / 48 64 -55 -67 / 50 62 66 -48 / 60 -50 -66 -66 / 59 62 -50 -66 <END> 
<S> 48 55 64 72 / 60 67 -43 / 59 69 -43 -67 / 45 64 -55 -69 / 62 -45 -69 -72 / 64 -45 -69 -72 / 67 -45 -64 -72 / 62 69 -57 -72 / 55 71 -62 -69 / 64 67 -55 -71 / 62 -55 -67 69 / 66 69 -55 -62 / 55 67 71 -62 / 52 55 67 72 / 54 57 62 -72 / 55 62 71 -57 <END> 
<S> 54 62 69 72 / 52 64 67 71 / 50 62 -67 -71 / 48 60 67 72 / 50 62 -67 -72 / 52 60 67 / 53 59 62 67 / 52 55 60 72 / 50 65 -55 -72 / 48 64 67 71 / 50 62 -67 -71 / 52 60 67 72 / 53 -60 -67 -72 / 52 55 67 72 / 48 64 -55 -72 <END> 
<S> 52 55 67 72 / 50 65 71 -55 / 48 55 64 72 / 64 74 -48 -64 / 55 62 67 71 / 69 -55 -62 -74 / 67 -55 -62 -74 / 72 -55 -62 -67 / 50 69 74 -67 / 52 67 72 / 54 -67 -72 / 55 59 67 74 / 60 -55 -67 -74 / 48 64 67 72 / 65 74 -48 -67 <END> 
<S> 52 67 72 / 60 -52 -67 -72 / 53 60 69 74 / 59 -53 -69 -74 / 54 60 62 74 / 59 62 74 -53 / 52 60 64 67 / 53 62 65 69 / 64 -62 -65 -69 / 62 65 71 / 64 -62 -65 -71 / 62 65 69 / 71 -62 -65 -69 / 60 64 69 72 / 65 74 -60 -69 / 55 67 76 -60 / 59 -55 -67 -76 <END> 
<S> 52 60 67 71 / 50 65 69 -60 / 71 -50 -65 -69 / 48 67 72 76 / 55 -67 -72 -76 / 57 67 72 -72 / 65 -57 -72 -72 / 59 64 67 -72 / 62 65 -56 -72 / 55 64 71 52 / 72 -55 -64 / 50 62 67 71 / 52 67 -62 -71 / 50 54 -67 -71 / 48 52 67 72 / 50 66 69 -50 / 52 59 -69 -69 / 60 62 64 67 / 58 60 -64 -67 -76 <END> 
<S> 52 64 69 72 / 71 -52 -64 -67 / 64 69 72 -64 / 50 62 -69 -72 / 54 64 69 -50 / 59 -54 -69 / 60 -54 -69 / 47 55 62 67 / 48 55 64 69 / 50 54 62 69 / 60 -50 -54 -69 / 43 50 59 67 / 48 52 60 67 / 50 53 -60 -67 / 52 55 67 72 / 48 -55 -67 -72 / 52 60 67 / 59 64 -52 -67 / 53 57 62 -67 / 65 -53 -57 -60 <END> 
<S> 47 55 62 67 / 48 55 60 64 / 50 65 -55 -60 / 52 60 67 / 48 58 -60 -67 / 53 57 60 69 / 59 62 -53 -69 / 52 60 64 67 / 50 58 -64 -67 / 49 57 64 67 / 50 62 -57 -67 / 52 55 64 67 / 54 57 62 69 / 55 62 71 / 52 55 -62 -71 / 53 57 60 69 / 50 62 65 71 / 47 62 67 -65 <END> 
<S> 50 57 65 71 / 52 55 64 -71 / 62 -52 -55 -71 / 54 57 60 69 / 55 59 62 67 / 52 64 67 -59 / 50 57 -64 -67 / 48 55 60 67 / 47 -55 -60 -67 / 45 48 60 65 / 47 55 62 67 / 43 55 62 71 / 50 54 62 69 / 55 62 67 / 60 -55 -67 <END> 
<S> 48 55 64 72 / 50 65 71 -55 / 52 55 64 72 / 62 -52 -55 -72 / 54 60 69 / 55 59 67 74 / 52 64 67 71 / 65 -52 -67 -71 / 57 67 69 72 / 50 -67 -72 -76 / 48 65 72 74 / 47 62 67 74 / 48 60 67 76 / 50 69 -60 -76 / 52 60 67 76 / 53 69 -60 -76 <END> 
<S> 64 67 71 / 62 66 69 / 55 62 67 71 / 53 -62 -67 -71 / 52 60 67 72 / 50 -60 -67 -72 / 52 60 67 74 / 70 -52 -60 -79 / 53 60 69 77 / 74 -53 -60 -69 / 55 67 72 76 / 55 74 -67 -72 / 71 -55 -67 -74 / 60 67 72 76 / 69 -60 -67 -76 / 65 70 77 -60 / 53 -65 -70 -77 <END> 
<S> 52 60 67 72 / 53 69 -60 -72 / 52 62 67 71 / 50 65 69 74 / 52 67 76 -74 / 54 69 72 -76 / 62 67 71 74 / 69 -67 -74 / 64 67 71 / 65 69 -43 -71 / 55 67 71 74 / 59 67 74 / 55 67 71 74 / 55 -67 -71 -74 / 65 67 73 76 <END> 
<S> 67 71 74 / 66 69 -67 -74 / 52 64 -69 -74 / 72 -64 -64 -67 / 62 65 69 74 / 59 68 -62 -74 / 68 -59 -62 / 56 59 64 76 / 57 64 72 / 55 59 67 74 / 60 67 76 / 59 -60 -67 -76 / 57 60 65 77 / 55 67 76 -60 / 53 -60 -67 -76 55 59 74 -50 -67 / 50 67 71 -74 / 52 67 72 / 65 -52 -67 -72 <END> 
<S> 60 64 67 76 / 59 62 -67 -76 / 57 60 65 77 / 59 62 67 -77 / 60 -59 -62 -67 / 59 62 67 74 / 55 -62 -67 -74 / 60 67 76 / 66 69 -76 / 64 67 71 / 62 66 69 74 / 55 67 71 74 / 64 67 72 -55 / 65 74 -67 -72 <END> 
<S> 57 60 67 76 / 59 62 -67 -76 / 57 60 64 77 / 55 59 67 76 / 53 57 69 72 / 50 74 -57 -69 / 55 64 76 -69 / 61 67 76 -76 / 50 65 74 77 / 76 -50 -65 -81 / 55 70 74 77 / 76 -55 -70 -76 / 53 69 72 77 / 55 67 71 76 <END> 
<S> 62 69 77 / 57 64 72 -69 / 53 65 69 74 / 55 59 67 -74 / 57 60 -67 -74 / 59 62 67 74 / 55 64 -67 -74 / 65 -55 -59 -74 / 48 64 67 72 / 55 62 67 71 / 55 -62 -67 -71 / 69 72 -55 -67 / 50 62 -67 -72 / 55 62 67 71 / 53 59 62 67 <END> 
<S> 48 64 67 72 / 55 62 67 71 / 55 62 67 71 / 48 64 67 72 / 55 62 67 71 / 55 59 62 67 / 52 60 67 70 / 57 65 69 72 / 59 62 67 74 / 60 67 76 / 62 77 -60 -67 <END> 
<S> 55 62 67 71 / 53 -62 -67 -71 / 52 64 67 72 / 50 -64 -67 -72 / 48 62 67 74 / 47 -62 -67 -74 / 45 60 72 76 / 55 -60 -72 -76 / 53 69 72 -60 / 55 67 -60 -72 / 47 62 67 / 65 -47 -62 -74 / 52 55 64 72 / 54 57 -64 -72 / 55 59 62 71 <END> 
<S> 53 57 65 69 / 62 -53 -57 -69 / 52 61 64 -69 / 50 62 65 71 / 52 64 67 / 65 -52 -67 / 67 -55 -59 -67 / 48 55 64 72 / 50 65 71 74 / 52 67 72 76 / 65 74 -52 -72 / 53 72 76 -72 / 74 -53 -67 -72 / 54 69 74 -72 / 72 -54 -69 -72 <END> 
<S> 52 60 67 72 / 53 69 -60 -72 / 52 65 71 74 / 50 -65 -71 -74 / 48 67 72 76 / 65 71 74 -48 / 60 67 72 76 / 53 69 74 77 / 55 67 71 74 / 48 67 72 76 / 60 67 72 76 / 59 -67 -72 -76 <END> 
<S> 60 67 72 76 / 59 -67 -72 -76 / 57 67 72 76 / 59 -67 -72 -76 / 60 67 72 76 / 65 74 -60 -72 / 64 69 72 61 / 62 71 77 / 60 64 67 79 / 65 -60 -67 -79 / 52 67 72 79 / 53 -67 -72 -79 / 55 67 71 74 / 56 -67 -71 -74 <END> 
<S> 60 64 69 79 / 57 -60 -69 -79 / 62 69 78 / 50 71 -62 -78 / 52 69 72 76 / 53 71 74 81 / 52 67 72 76 / 53 74 81 -67 / 55 62 71 76 / 57 60 69 72 / 59 62 67 74 / 60 67 76 / 59 -60 -67 -76 <END> 
<S> 59 67 76 / 74 77 -67 / 76 -59 -67 -74 / 60 65 72 77 / 74 -60 -65 / 55 67 72 76 / 71 -55 -67 -76 / 56 60 72 77 / 62 -56 -72 -77 / 55 60 67 -77 / 53 -60 -67 -74 / 52 59 67 76 / 77 / -59 -67 -74 / 52 67 72 / 53 69 74 -72 / 71 -55 -69 -74 / 72 -55 38 -74 / 62 66 74 -56 / 55 62 67 -74 / 53 69 -62 -74 <END> 
<S> 55 67 71 74 / 69 -55 -67 -74 / 52 67 70 72 / 65 -52 -69 -72 / 67 -52 -57 -72 / 53 69 74 / 55 62 71 -74 / 48 64 67 72 / 48 64 67 72 / 62 -48 -67 -72 / 60 76 67 -48 / 58 64 -67 / 62 65 69 -58 / 55 62 70 -69 / 67 -55 -62 -70 / 50 60 69 77 / 57 60 72 76 / 55 70 -60 -76 <END> 
