<S> 47 62 67 / 65 -47 -62 -67 / 48 63 67 -62 / 60 -48 -63 -67 / 50 58 65 70 / 51 58 67 -65 / 63 -51 -58 -67 / 58 67 70 -51 / 60 -51 -67 -70 / 50 62 65 71 / 48 55 63 72 / 47 62 67 74 <END> 
<S> 48 60 63 67 / 69 -60 -63 / 55 59 67 71 / 57 60 72 -67 / 65 -57 -60 -72 / 59 62 67 74 / 60 63 67 75 / 65 68 -60 -75 / 55 67 75 74 / 53 68 74 -74 / 55 67 71 -74 / 56 72 -67 -71 / 65 -56 -71 <END> 
<S> 60 67 75 / 58 62 -67 -75 / 56 63 72 / 55 -63 -72 / 53 68 74 -72 / 67 71 -53 -74 / 65 -53 -68 -74 / 55 59 67 74 / 60 -55 -67 -74 / 48 59 67 75 / 63 72 -48 -75 / 50 65 74 -72 / 71 -50 -65 -74 / 48 67 72 75 / 53 68 74 77 <END> 
<S> 48 63 67 72 / 60 63 67 72 / 58 62 -67 -72 / 57 60 65 72 / 55 67 -60 -72 / 53 65 69 72 / 51 -65 -69 -72 / 50 65 69 77 / 75 -53 -65 -69 / 55 58 67 74 / 60 75 -55 -67 / 62 65 77 -55 / 56 -62 -65 -77 <END> 
<S> 53 57 65 74 / 58 64 -53 -74 / 57 60 65 72 / 58 65 74 / 60 58 75 -65 / 58 62 70 77 / 67 -58 -62 -77 / 68 -58 -62 -77 / 60 63 67 75 / 65 69 -60 -75 / 55 67 71 74 / 55 -67 -71 -74 / 67 72 -55 -67 / 57 65 -67 -72 <END> 
<S> 55 62 67 71 / 56 60 67 72 / 65 68 -56 -72 / 55 62 67 71 / 53 59 65 72 / 52 74 -65 / 60 67 75 / 58 -60 -67 -75 / 56 60 72 77 / 55 70 -60 -77 / 53 65 68 72 / 74 -53 -65 -68 / 75 -53 -68 -65 / 53 65 69 74 <END> 
<S> 56 60 65 72 / 67 -56 -60 -72 / 55 62 71 74 / 53 -62 -71 -74 / 51 63 72 79 / 53 -63 -72 -79 / 55 67 71 74 / 62 67 70 75 <END> 
<S> 50 62 65 77 / 67 -50 -62 -77 / 51 60 67 79 / 53 -60 -67 -79 / 55 60 67 74 / 59 -55 -67 -74 / 48 63 67 75 / 65 68 -48 -75 <END> 
<S> 41 60 68 74 / 63 72 -60 -68 / 65 68 71 -63 / 63 -56 -68 -68 / 60 -63 -68 / 62 67 -60 / 59 -43 -62 -67 / 65 -43 -59 -62 / 48 55 60 63 / 51 58 67 / 53 -51 -58 -67 <END> 
<S> 48 60 63 67 / 55 -48 -63 -67 / 56 60 63 72 / 53 -60 -63 -72 / 55 62 67 71 / 56 60 63 72 / 62 65 -56 -72 / 55 63 67 72 / 53 65 68 -72 / 55 65 67 71 / 43 63 67 -67 / 65 -43 -67 -71 <END> 
<S> 56 60 63 72 / 55 65 -60 -72 / 53 56 68 72 / 55 58 -68 -72 / 56 60 68 72 / 58 62 -68 -72 / 60 63 67 72 / 58 -63 -67 -72 / 56 65 72 77 / 58 -56 -72 -77 / 60 67 72 75 / 58 -60 -67 -75 <END> 
<S> 63 68 72 -56 / 55 65 -68 -72 / 67 -55 -63 -70 / 53 65 68 -70 / 46 62 65 -68 / 51 63 67 70 / 56 60 65 68 / 58 64 67 74 / 58 64 67 72 / 56 65 68 72 <END> 
<S> 56 60 68 72 / 55 -60 -72 / 53 60 70 75 / 65 -60 -70 / 51 67 72 75 / 53 -67 -72 -75 / 55 67 70 74 / 65 -55 -70 -74 / 56 63 68 72 / 74 -56 -60 -68 -68 / 50 60 67 77 / 58 -50 -67 -77 / 51 56 65 72 / 63 -56 -72 <END> 
<S> 51 67 70 75 / 50 -67 -70 -75 / 48 -67 -72 -75 / 53 74 -67 -72 / 65 -53 -72 -74 / 55 67 71 -74 / 65 -55 -71 -74 / 48 63 67 72 / 62 70 77 / 63 -62 -77 -77 <END> 
<S> 55 63 70 75 / 56 65 -63 -75 / 58 62 67 74 / 63 70 -58 -74 / 56 63 68 72 / 74 -56 -65 -68 / 50 58 65 77 / 53 79 -58 -65 / 58 65 70 74 / 56 -65 -70 -74 <END> 
<S> 56 60 65 72 / 58 -56 -60 -72 / 57 60 65 72 / 55 67 -60 -72 / 53 60 65 70 / 62 -53 -65 -70 / 55 63 67 70 / 62 65 -55 -70 / 60 63 67 72 / 62 -60 -67 -72 / 60 65 69 74 / 59 -65 -69 -74 <END> 
<S> 56 60 65 72 / 55 -60 -63 -72 / 53 -60 68 -69 / 62 -53 -68 -68 / 63 67 -53 -68 / 46 62 65 -68 / 63 67 -46 -62 / 47 56 62 65 / 63 -43 -59 -59 / 48 55 60 63 / 56 60 67 / 58 -39 -67 -67 <END> 
<S> 44 60 63 / 43 58 62 65 / 60 -44 -56 -65 / 46 62 65 70 / 51 63 67 70 / 53 65 68 / 55 67 70 / 56 60 68 75 / 58 -60 -68 -75 / 56 60 72 75 / 55 70 -60 -75 <END> 
<S> 51 63 67 70 / 56 65 -67 -70 / 55 67 70 75 / 53 -67 -70 -75 / 51 65 70 77 / 50 -65 -70 -77 / 51 63 70 79 / 72 -51 -63 -79 / 47 68 74 77 / 67 -47 -74 -77 <END> 
<S> 55 63 70 75 / 53 -55 -70 -75 / 51 -55 -70 -75 / 56 77 -51 -70 / 50 58 68 -77 / 51 67 79 / 58 65 74 -51 / 56 60 65 75 / 55 58 67 75 / 53 60 68 77 / 62 -53 -68 -77 / 51 63 67 79 / 56 72 -60 -79 / 55 62 74 -67 / 54 63 67 72 <END> 
<S> 53 60 68 75 / 55 67 71 -60 / 56 60 65 72 / 59 74 -56 -65 / 60 -56 -64 / 55 62 67 71 / 50 -62 -67 -71 / 51 60 67 -67 / 48 63 -67 69 / 50 62 66 -69 / 55 62 67 70 / 72 -55 -62 -67 / 48 64 67 72 / 53 -62 -67 -72 <END> 
<S> 48 60 67 69 / 55 62 67 71 / 60 63 67 72 / 62 67 74 / 69 60 -67 -74 / 58 62 70 77 / 56 -62 -70 -77 / 55 63 70 79 / 53 -63 -70 -79 / 51 63 70 79 / 55 -63 -70 -79 / 56 63 72 77 / 53 -63 -72 -77 <END> 
<S> 55 63 70 75 / 53 65 -70 -75 / 51 67 70 77 / 65 73 -48 -70 / 56 63 72 -48 / 55 70 75 -63 / 53 60 68 74 / 58 62 70 77 / 56 63 72 -77 / 55 65 70 74 / 53 -65 -70 -74 <END> 
<S> 53 63 68 72 / 62 -53 -68 -72 / 63 -53 -68 -72 / 59 62 67 77 / 60 67 75 -62 / 55 59 74 / 65 -55 -71 -74 / 56 67 71 / 63 66 72 -56 / 55 -63 -67 -72 / 53 62 67 71 <END> 
<S> 55 63 67 75 / 57 65 -67 -75 / 58 62 67 74 / 67 -58 -62 -74 / 56 60 68 72 / 55 70 -60 -72 / 53 68 72 77 / 67 -53 -72 -77 / 48 69 72 75 / 50 65 -72 -75 / 51 67 72 -75 / 53 -67 -72 -75 / 55 67 70 74 / 56 60 68 77 / 55 60 67 75 / 53 -60 -67 -75 <END> 
<S> 51 67 72 -70 / 53 65 68 -72 / 55 62 67 71 / 56 63 68 72 / 55 65 -68 -72 / 53 67 70 / 52 -67 -70 / 53 65 68 72 / 67 74 -53 / / 60 67 75 / 55 58 -67 -75 / 56 60 65 77 / 55 58 67 75 / 53 60 68 77 / 50 62 70 -77 / 51 63 70 79 / 55 67 -63 -79 / 56 63 72 77 / 53 -63 -72 -77 <END> 
<S> 55 67 70 75 / 53 61 70 77 / 56 68 72 -77 / 55 70 74 79 / 72 -55 -70 -75 / 53 65 70 74 / 47 -65 -65 -74 / 48 63 72 -65 / 62 -48 -63 -72 / 60 -48 65 -72 / 55 59 67 74 / 60 -55 -67 -74 / 56 62 71 -67 / 65 -56 -62 -71 <END> 
<S> 55 62 67 71 / 43 59 62 67 / 55 62 67 70 / 53 63 65 70 / 51 63 -65 -70 / 48 58 65 68 / 50 58 65 70 / 51 58 63 67 / 62 -51 -58 -67 / 51 60 63 67 / 68 -51 -58 -63 <END> 
<S> 50 65 70 -65 / 46 62 -65 -70 / 51 63 67 70 / 62 -51 -67 -70 / 53 60 65 68 / 67 -53 -60 -68 / 55 60 68 74 / 53 -68 -68 -74 / 55 67 70 75 / 65 -55 -70 -75 / 51 63 70 79 / 74 -51 -70 -79 / 56 72 75 77 / 58 70 74 -77 <END> 
<S> 53 60 68 68 / 51 70 -60 -68 / 55 59 67 74 / 55 58 -67 -74 / 60 67 75 / 58 62 -67 -75 / 56 63 72 75 / 55 -63 -72 -75 / 53 68 72 74 / 50 75 -68 -72 / 77 -50 -68 -68 / 55 67 71 74 / 43 65 74 59 / 59 -43 -65 -74 <END> 
<S> 56 65 68 72 / 55 67 -65 -71 / 53 60 67 68 / 62 65 -53 -68 / 51 63 67 / 62 65 -51 -67 / 60 63 72 -51 / 55 58 -63 -72 / 56 60 68 72 / 65 -56 -60 -72 / 55 62 67 71 / 53 -62 -67 -71 / 51 60 67 72 / 48 -60 -67 -72 <END> 
<S> 56 60 63 72 / 65 74 -56 -60 / 55 58 67 75 / 53 68 -58 -75 / 55 62 70 74 / 56 65 72 -74 / 55 67 70 75 / 53 56 68 77 / 51 60 67 79 / 72 -51 -60 -79 / 67 72 74 -60 / 59 -67 -72 -74 / 56 67 71 76 / 57 72 -67 -75 <END> 
<S> 55 67 70 75 / 56 68 72 -75 / 58 74 -68 -75 / 68 -58 -74 -77 / 56 63 -68 -74 / 55 65 72 75 / 53 74 -67 -72 / 51 65 72 75 / 53 -65 -72 -75 / 58 62 70 77 / 56 -62 -70 -77 / 55 63 70 79 / 53 -63 -70 -79 / 51 63 70 79 / 55 -63 -70 -79 <END> 
<S> 63 67 70 79 / 62 65 -70 -79 / 60 63 72 79 / 58 62 70 77 / 68 -58 -62 -77 / 60 63 67 75 / 58 62 70 77 / 56 -62 -70 -77 / 55 63 70 79 / 62 72 -55 -79 / 56 60 70 77 / 65 -56 -60 -77 <END> 
<S> 58 62 70 77 / 60 63 75 79 / 58 -63 -67 -75 / 56 68 72 75 / 55 74 -68 -75 / 53 70 75 77 / 51 -70 -75 79 / 58 70 77 77 / 62 -58 -70 -77 / 63 -58 -70 -77 / 46 65 70 77 / 67 -46 -70 -77 <END> 
<S> 56 63 72 77 / 53 -63 -72 -77 / 58 62 70 77 / 51 67 70 75 / 51 70 79 79 / 63 70 79 <END> 
<S> 50 65 70 77 / 51 -65 -70 -77 / 53 63 72 -70 / 69 -53 -63 -72 / 55 62 71 79 / 60 67 72 <END> 
<S> 68 77 -60 -68 / 55 60 67 75 / 53 68 -60 -75 / 55 60 67 74 / 43 59 -67 -74 / 65 -43 -59 -74 <END> 
<S> 50 65 70 -60 / 52 60 67 -70 / 53 60 65 69 / 63 -53 -60 -69 / 46 62 65 70 / 48 63 69 72 <END> 
<S> 53 60 69 -65 / 62 65 -53 -69 / 60 63 67 / 62 65 -60 / 60 63 67 / 59 -60 -63 -67 / 56 60 63 / 78 -56 -60 -63 / 55 62 79 / 53 -59 -62 -77 / 51 60 79 / 58 50 -60 -79 <END> 
<S> 60 63 67 75 / 58 -60 -67 -75 / 56 60 65 75 / 55 67 75 -75 / 53 65 68 74 / 72 -53 -65 -68 / 55 67 71 -65 / 63 -55 -67 -71 / 65 -55 -67 -71 / 48 63 67 72 / 53 60 69 72 / 51 -60 -69 -72 / 50 65 70 74 / 55 -65 -70 -74 / 53 68 72 61 / 67 -53 -72 -80 <END> 
<S> 48 63 67 72 / 60 63 72 79 / 58 63 72 79 / 56 60 72 77 / 58 62 70 -77 / 68 -58 -62 -77 / 51 67 70 75 / 63 70 79 -75 / 65 68 77 77 / 67 75 -77 / 63 70 77 75 / 62 -63 -70 -77 <END> 
<S> 55 63 70 75 / 53 -63 -70 -75 / 51 63 70 79 / 53 -63 -70 -79 / 55 63 70 79 / 56 -63 -70 -79 / 58 62 70 77 / 68 -58 -62 -77 / 59 62 67 77 / 60 75 -67 / 58 62 65 74 / 63 72 -58 -77 / 65 68 74 -58 / 75 -65 -68 -74 <END> 
<S> 56 60 68 77 / 55 -60 -68 -77 / 53 61 70 79 / 52 60 -70 -79 / 53 60 70 79 / 55 -60 -70 -79 / 53 56 60 -70 / 72 -53 -56 -60 / 55 59 62 74 / 56 60 71 77 / 62 -56 -60 -77 / 55 60 62 67 / 59 -60 -67 <END> 
<S> 56 59 67 72 / 65 -56 -59 -67 / 60 64 67 72 / 55 -64 -67 -72 / 53 65 68 74 / 67 75 -53 / 58 -67 -67 -75 / 56 65 72 77 / 55 70 75 79 / 56 -70 -75 -79 / 55 70 75 79 / 53 -67 -75 -79 / 51 70 79 79 / 73 -51 -70 -79 <END> 
<S> 53 72 74 77 / 55 75 -74 -77 / 56 71 74 -77 / 68 72 75 -77 / 70 74 -65 -77 / 63 70 75 79 / 65 -70 -75 -79 / 67 72 75 79 / 74 -67 -72 -79 / 67 72 75 79 / 58 -67 -72 -79 / 56 72 75 77 / 58 70 74 -77 / 68 -58 -74 -77 / 51 67 70 75 <END> 
<S> 72 74 77 -60 / 55 75 -72 -77 / 56 60 -72 -77 / 58 62 70 -77 / 68 -58 -62 -77 / -68 63 67 -77 / 63 67 70 79 / 62 65 -70 -79 / 60 63 72 80 / 55 80 -63 -72 / 62 -55 -72 -80 / 56 60 72 77 / 55 71 -60 -77 / 57 60 72 75 / 53 74 -60 -72 / 55 67 71 74 / 65 -55 -71 -74 <END> 
<S> 56 65 72 77 / -65 -56 -72 -77 / 55 67 72 75 / 70 -55 -67 -75 / 53 60 68 77 / 62 -53 -68 -77 / 63 67 79 / 59 62 -67 -79 / 60 67 75 / 58 -67 -72 -75 / 56 60 72 77 / 55 70 -60 -77 / 53 60 68 77 / 68 -53 -60 -77 / 59 62 67 79 / 60 69 -67 -79 / 55 62 71 77 / 62 71 -55 -77 <END> 
<S> 67 72 79 / 71 74 -67 -79 / 57 67 72 75 / 58 -67 -72 -76 / 57 65 72 77 / 55 70 75 -65 / 53 65 72 80 / 74 -53 -65 -72 / 55 58 75 79 / 57 60 77 -75 / 58 62 70 -77 / 68 -58 -62 -77 / 60 63 67 75 / 58 65 -67 -75 / 56 65 72 77 / 55 70 75 -77 <END> 
<S> 53 60 68 77 / 51 -60 -68 -77 / 50 65 70 -68 / 62 77 -65 -70 / 60 63 67 79 / 58 62 -67 -79 / 57 60 72 77 / 59 62 -72 -77 / 60 67 76 / 48 -60 -67 -76 / 55 59 67 74 / 60 -67 68 / 58 62 67 70 / 57 63 72 -67 / 58 62 65 -72 <END> 
<S> 60 67 75 / 55 -60 -67 -75 / 53 68 74 -60 / 59 -43 -68 -74 / 44 60 72 75 / 74 -60 -60 -72 / 55 67 71 -60 / 59 62 67 74 / 60 67 72 75 / 63 68 72 77 / 65 -68 -72 -77 / 67 71 74 79 / 60 65 72 -79 / 74 -60 -65 -80 <END> 
<S> 60 63 67 75 / 62 -60 -67 -75 / 54 60 69 75 / 55 67 71 74 / 48 63 72 79 / 53 60 72 77 / 58 67 74 -77 / 68 -58 -74 -77 / 70 74 -58 -74 / 57 69 72 75 / 55 70 -72 -75 / 53 72 80 -63 / 62 77 -53 -80 <END> 
<S> 55 70 75 79 / 56 60 -70 -75 / 58 62 65 74 / 63 67 70 75 / 65 69 -63 -75 / 62 71 -65 -75 / 63 72 75 79 / 58 -63 -72 -79 / 56 63 72 77 / 58 -63 -72 -77 / 57 72 75 -77 / 58 65 70 74 <END> 
<S> 53 63 72 80 / 62 70 -53 -80 / 55 63 70 79 / 56 -63 -70 -79 / 58 63 70 77 / 62 -58 -70 -77 / 68 -58 -62 -77 / 51 58 67 75 / 63 69 72 -75 / 65 77 -63 -72 / 63 67 70 79 / 68 77 -63 -79 / 58 70 75 77 / 46 -70 -75 <END> 
<S> 51 63 67 75 / 53 65 68 74 / 55 67 70 -74 / 65 68 -55 -74 / 63 67 -55 -70 / 69 -55 -63 / 59 65 -55 -63 / 60 63 67 -59 / 48 -60 -63 -67 / 53 60 65 68 / 63 -53 -60 -68 / 55 59 62 67 <END> 
<S> 56 60 65 -51 / 47 55 -56 -65 / 48 55 60 63 / 44 56 60 -63 / 41 56 62 -60 / 43 55 59 -62 / 53 -43 -59 -62 / 36 51 55 60 / 48 60 63 67 <END> 
<S> 44 56 60 65 / 55 63 -44 -60 / 53 56 60 / 65 -53 -56 -60 / 53 62 -53 41 / 51 55 60 63 / 50 53 58 65 / 51 58 67 / 53 -51 -58 -67 / 48 51 60 65 / 50 53 -60 -65 <END> 
<S> 44 60 65 -63 / 46 58 62 -65 / 39 58 63 67 / 51 58 63 67 / 50 65 -58 -67 / 48 63 67 72 / 51 -63 -67 -72 / 53 62 68 72 / 50 -62 -68 -72 / 55 67 71 -62 / 63 -55 -67 -71 / 65 -55 -67 -71 / 48 63 67 72 / 55 67 71 74 <END> 
<S> 50 65 67 71 / 63 -67 -50 -71 / 65 -50 -55 -71 / 48 63 67 72 / 48 62 67 70 / 48 63 67 69 / 50 58 65 68 / 51 58 63 67 / 61 -51 -58 -67 / 44 60 65 / 53 56 60 65 / 0 / 55 58 62 70 <END> 
<S> 51 58 65 67 / 63 -51 -58 -67 / 46 65 68 -58 / 53 65 -46 -68 / 51 58 62 67 / 56 60 63 72 / 62 65 -56 -72 / 55 63 67 72 / 53 65 68 74 / 55 62 67 71 / 43 62 -67 -71 / 65 -43 -62 -71 <END> 
<S> 58 62 65 70 / 56 60 65 72 / 55 67 -60 -72 / 53 60 68 74 / 55 59 67 74 / 65 -55 -67 -74 / 48 63 67 72 / 60 63 67 72 <END> 
<S> 55 62 67 75 / 60 -55 -67 -75 / 55 59 65 74 / 53 60 68 74 / 55 59 67 74 / 65 -55 -59 -74 / 48 55 63 72 / 56 65 71 <END> 
<S> 55 67 70 75 / 53 -67 -70 -75 / 51 65 70 77 / 50 -65 -70 -77 / 51 63 70 79 / 53 58 70 77 / 55 -58 -70 -77 / 56 60 72 -70 / 68 -56 -60 -72 <END> 
<S> 53 63 68 72 / 51 60 70 -68 / 50 58 65 70 / 48 63 67 -70 / 50 62 65 69 / 51 60 66 -69 / 59 -51 -63 -69 / 51 60 67 -69 / 62 -51 -67 -67 <END> 
<S> 47 62 65 68 / 67 -47 -62 -65 / 51 60 67 / 58 -51 -67 -72 / 56 60 65 -72 / 53 -56 -60 -72 / 55 62 67 71 / 55 59 62 67 / 53 -59 -62 -67 / 51 60 63 72 / 55 -60 -63 -72 / 53 56 65 68 / 51 58 65 -68 / 50 58 65 70 / 51 60 63 -70 <END> 
<S> 57 60 65 -51 / 55 59 67 / 53 60 68 -67 / 62 -53 -67 -68 / 55 63 67 / 62 65 -55 / 60 -55 -65 / 59 62 -55 -60 / 58 60 -55 -63 / 57 -55 -60 -63 / 55 59 62 / 48 55 60 63 / 53 56 60 65 / 41 53 -53 -60 / 65 50 -53 -60 <END> 
