<S> 51 55 60 / 50 -55 -60 / 48 55 62 / 47 -55 -62 / 48 55 62 63 / 50 -55 -62 -63 / 51 60 -55 -63 / 48 -55 -60 -63 / 43 55 59 62 / 46 55 62 67 / 45 -55 -62 -67 / 43 62 69 / 42 -62 -69 <END> 
<S> 43 55 62 71 / 50 -55 -62 -71 / 48 55 62 72 / 50 71 -55 -62 / 48 55 62 72 / 50 54 62 -72 / 55 58 62 67 / 63 -55 -67 / 69 -55 -60 -67 / 43 62 67 70 / 50 -62 -67 -70 / 51 60 67 72 / 53 -67 -72 / 69 -50 -67 -72 / 55 62 -67 -72 / 60 -55 -67 -74 / 43 59 67 74 / 65 -43 -59 -74 <END> 
<S> 48 63 67 72 / 50 62 65 -72 / 51 67 -65 -72 / 52 60 67 48 / 53 60 68 -67 / 55 59 67 74 / 56 60 -67 -74 / 65 -56 -60 -74 / 55 59 67 75 / 53 -59 -67 -75 / 51 60 67 -67 / 53 65 69 -60 / 59 62 -53 -69 / 60 -53 -62 -68 / 55 59 62 67 / 60 63 -55 -67 <END> 
<S> 55 59 67 75 / 60 -55 -67 -75 / 55 59 67 74 / 53 -59 -67 -74 / 51 60 67 75 / 55 -60 -67 -75 / 53 68 74 -60 / 55 59 -74 -74 / 56 72 76 / 55 71 74 / 72 -56 -60 -72 / 55 62 67 71 / 53 -62 -67 -71 / 51 63 72 -67 / 50 -63 -67 -72 / 48 62 67 74 / 47 -62 -67 -74 <END> 
<S> 57 60 72 -51 / 55 70 -60 -72 / 53 60 68 74 / 55 59 67 -74 / 56 60 65 72 / 60 -56 -65 -72 / 55 59 67 74 / 60 67 75 / 58 -60 -67 -75 / 56 60 72 75 / 55 70 -60 -75 / 53 60 68 74 / 55 59 67 -74 / 56 60 65 72 / 74 -56 -60 -65 <END> 
<S> 60 67 75 / 58 -60 -67 -75 / 56 60 72 75 / 55 70 -60 -75 / 53 60 68 74 / 55 59 67 -74 / 56 60 67 72 / 65 -56 -60 -72 / 50 62 65 71 / 65 -50 -62 -71 / 48 63 67 72 / 60 -48 -67 -72 / 55 60 67 74 / 59 -55 -67 -74 / 48 60 63 67 / 68 -48 -63 <END> 
<S> 57 64 67 72 / 55 -64 -67 -72 / 57 65 72 / 55 58 -65 -72 / 53 57 -65 -72 / 50 65 -57 -72 / 51 58 65 70 / 64 -51 -58 -70 / 69 -51 -58 -63 / 67 -48 -58 -63 / 63 70 -58 -63 / 49 58 65 -70 / 68 -58 -63 -65 / 62 65 -58 -65 / 60 63 -57 -65 / 58 62 65 70 / 67 -58 -62 -65 / 60 63 68 / 57 -60 -63 -67 <END> 
<S> 46 62 65 70 / 63 68 72 / 62 65 70 74 / 60 63 67 75 / 69 -60 -63 -75 / 58 65 70 74 / 56 -65 -70 -74 / 55 67 70 75 / 53 68 77 -75 / 55 74 -68 -77 / 56 71 75 -53 / 51 72 -57 -75 / 55 74 75 -60 / 53 68 74 -60 / 55 59 67 -74 / 56 60 65 -74 / 48 60 67 75 / 53 60 68 74 / 55 59 67 -74 / 56 60 65 -74 / 72 -56 -60 -65 <END> 
<S> 56 67 72 75 / 55 -67 -72 -75 / 53 68 74 -72 / 55 67 -74 -74 / 65 -55 -74 -74 / 56 63 72 / 43 55 70 74 / 53 68 -43 -68 / 51 60 67 -53 / 59 62 -53 -67 / 51 60 63 67 / 50 62 65 -67 <END> 
<S> 55 58 62 70 / 63 -55 -58 -70 / 57 65 -55 -70 / 46 58 62 70 / 68 -58 -62 -70 / 51 60 63 67 / 53 -60 -63 -67 / 55 58 63 -67 / 56 65 -55 -67 / 63 67 -56 -65 / 58 62 -56 -67 / 58 65 -55 -58 / 57 60 -55 -63 / 55 58 62 / 53 56 60 / 65 -53 -56 -60 <END> 
<S> 56 60 63 72 / 55 -60 -63 -72 / 53 65 68 72 / 55 67 -65 -72 / 60 63 -67 -70 / 53 65 -60 -70 / 51 58 67 -60 / 53 -51 -58 -67 / 48 55 63 72 / 46 65 -55 -63 / 45 60 65 / 51 58 63 67 / 49 -58 -63 -67 / 58 62 -46 -58 / 56 -46 -62 -65 / 39 55 58 63 / 51 58 63 67 / 50 -58 -63 -67 <END> 
<S> 46 50 65 70 / 53 62 -46 -70 / 45 53 60 65 / 53 51 59 67 / 50 57 65 -60 / 58 62 -53 -65 / 51 55 60 67 / 53 60 65 68 / 55 63 67 / 56 62 65 71 / 60 63 65 72 / 62 -60 -65 <END> 
<S> 44 60 63 65 / 56 72 -63 -65 / 63 -56 -63 -72 / 62 65 -56 -72 / 55 60 63 67 / 53 59 65 68 / 51 60 63 67 / 59 62 -44 -67 / 45 60 65 / 45 63 -60 -65 / 46 62 65 / 53 58 63 -46 / 51 55 57 -63 / 60 -46 -58 -63 <END> 
<S> 44 60 65 / 45 64 -60 -65 / 46 53 62 65 / 58 -46 -62 -65 / 56 -46 -62 -65 / 39 55 58 63 / 51 58 63 67 / 50 65 -58 / 48 63 -58 -67 / 46 61 65 68 / 44 -46 -62 -65 <END> 
<S> 46 58 62 65 / 56 -46 -62 -65 / 47 55 62 67 / 45 60 -55 -67 / 47 50 62 65 / 43 53 59 -50 / 51 55 60 / 47 55 62 67 / 48 55 60 68 / 50 53 58 70 / 51 55 -58 -70 / 53 57 60 69 / 55 62 67 71 <END> 
<S> 48 55 62 63 / 46 -55 -63 -63 / 44 60 62 65 / 43 59 67 / / 60 65 -67 -72 / 62 65 67 -56 / 60 63 -65 -68 / 55 62 67 71 / 43 55 -67 -71 / 48 55 63 72 / 53 56 62 -72 / 51 55 63 70 / 61 -51 -55 -70 / 52 55 60 72 / 53 56 60 65 / 53 62 -53 -60 <END> 
<S> 55 62 67 71 / 56 60 65 72 / 74 -56 -60 -65 / 55 60 67 75 / 53 68 -60 -75 / 55 60 67 74 / 43 59 -67 -74 / 65 -43 -59 -74 / 48 55 63 72 / 48 63 72 79 / 50 65 -72 -79 <END> 
<S> 55 60 67 75 / 53 -60 -67 -75 / 55 59 67 74 / 65 -55 -59 -74 / 48 60 63 72 / 51 58 67 75 / 60 63 69 -51 / 53 -60 -63 -69 / 51 58 65 70 / 50 58 -65 -70 / 51 58 63 67 / 55 -51 -58 -67 <END> 
<S> 53 60 65 68 / 51 -60 -65 -68 / 50 58 65 70 / 46 62 -65 -70 / 51 58 63 67 / 62 -51 -58 -67 / 48 60 63 68 / 50 58 65 68 / 51 58 63 67 / 62 65 -51 -58 / 56 60 63 -51 / 55 58 -56 -63 / 41 53 56 62 / 60 -41 -56 -53 / 65 51 -41 -60 <END> 
<S> 51 58 63 67 / 46 -58 -63 -67 / 48 63 -58 -67 / 56 -48 -63 -67 / 51 55 63 70 / 61 -51 -55 -70 / 52 55 60 67 / 58 -52 -55 -67 / 53 56 60 / 48 -53 55 -60 / 44 56 60 65 / 41 56 60 65 / 43 55 59 62 / 53 -43 -59 -62 <END> 
<S> 44 56 60 65 / 55 58 64 67 / 53 56 62 65 / 58 -53 -53 -65 / 51 55 63 70 / 50 -55 -63 -70 / 48 55 63 70 / 68 -48 -55 -63 / 44 53 60 65 / 41 53 62 -60 / 60 -53 -56 -60 / 55 59 62 / -53 -55 -62 / 51 55 60 -55 / 53 -43 -60 -63 <END> 
<S> 55 62 65 70 / 75 -55 -62 -65 / 53 56 65 72 / 53 74 -65 / 60 67 72 75 / 53 -67 -72 -75 / 55 67 71 74 / 60 67 72 75 / 58 -67 -72 -75 / 57 60 72 77 / 55 70 -60 -77 / 53 65 69 72 / 74 -53 -65 -69 / 63 -53 -69 -74 <END> 
<S> 60 67 75 / 58 62 -67 -75 / 56 63 72 / 55 -63 -72 / 53 68 72 74 / 55 67 71 74 / 65 -55 -71 -74 / 48 63 67 72 / 51 58 70 79 / 53 60 69 77 / 62 67 70 -77 / 75 -62 -67 -70 <END> 
<S> 48 63 72 -67 / 56 65 -48 -72 / 51 -56 -65 -72 / 50 65 71 74 / 51 -65 -71 -74 / 67 75 -51 / 50 65 -67 -74 / 48 63 67 72 / 53 62 65 70 / 51 60 67 -65 / 63 -51 -60 -67 / 58 62 65 68 / 63 -58 -62 -68 / 53 56 68 -63 / 62 -53 -56 -68 / 55 60 63 67 / 59 62 -55 -67 / 53 60 65 68 / 51 58 67 -65 / 50 53 58 70 / 62 -50 -53 -70 <END> 
<S> 56 63 65 72 / 55 -63 -63 -72 / 53 62 68 70 / 68 -53 -62 -68 / 51 58 67 70 / 63 68 -58 -61 / 62 65 -58 / 55 58 63 67 / 55 58 63 67 / 56 60 65 68 / 53 58 62 70 / 51 58 63 67 <END> 
<S> 53 63 68 72 / 51 -63 -68 -72 / 50 65 68 71 / 55 62 67 -70 / 53 60 65 68 / 51 63 67 70 / 55 63 68 72 / 53 68 74 -72 / 55 67 71 75 / 65 -55 -71 -75 <END> 
<S> 55 63 70 75 / 61 -55 -70 -75 / 56 60 68 -75 / 51 58 67 75 / 55 63 70 / 56 63 68 72 / 61 64 67 70 79 / 65 68 72 77 / 59 -65 -68 -74 / 60 63 67 72 / 58 62 -67 -72 <END> 
<S> 63 68 72 / 60 65 -68 -72 / 58 62 70 74 / 68 -58 -62 -74 / 51 58 67 75 / 48 60 69 75 / 55 62 71 74 / 48 63 67 72 / 65 74 -48 -67 <END> 
<S> 55 60 67 75 / 53 -60 -67 -75 / 55 59 67 74 / 65 71 -55 -74 / 56 63 72 / 62 -56 -72 / 60 -56 -72 / 47 62 67 -56 / 55 -47 -62 -67 / 48 55 63 72 / 60 -55 -63 / 43 55 59 62 / 54 -43 -59 -62 <END> 
<S> 48 55 63 72 / 55 59 62 67 / 51 55 60 67 / 53 60 69 / 51 55 -60 -69 / 50 53 58 70 / 48 63 -53 -70 / 46 52 60 67 / 44 53 60 65 / 43 55 60 -65 / 41 62 -55 -60 / 43 55 59 -60 / 53 -43 -43 -59 -62 <END> 
<S> 46 53 62 70 / 58 -53 -62 -70 / 51 58 63 67 / 57 65 -51 -67 / 46 58 65 68 / 44 -46 -63 -65 / 46 58 62 -65 / 39 58 63 67 / 41 61 -58 -67 / 43 58 63 -58 / 41 56 -58 -63 / 39 58 63 65 / 41 -58 -61 -65 / 60 -44 -58 -65 / 56 59 65 -46 / 55 63 67 70 / 53 62 65 -70 / 60 63 67 72 / 58 -60 -67 -72 <END> 
<S> 44 63 68 -58 / 45 60 -63 -68 / 46 61 65 68 / 44 60 65 68 / 46 -60 -65 -68 / 48 58 64 67 / 49 64 67 -48 / 52 60 67 75 / 67 -52 -60 -75 / 53 60 65 77 / 55 59 67 -65 / 56 60 65 75 / 53 60 68 75 / 51 67 -60 -75 / 53 60 68 -75 / 55 67 70 75 / 56 65 68 77 <END> 
<S> 53 60 65 68 / 63 67 -53 -60 / 55 59 62 67 / 60 67 75 / 58 -60 -67 -75 / 56 60 65 75 / 53 -60 -65 -75 / 46 58 65 74 / 67 -46 -58 -74 / 45 60 65 72 / 63 -45 -60 -72 / 47 62 65 74 / 48 60 67 75 / 55 72 -60 -75 <END> 
<S> 44 60 65 72 / 56 64 -60 -72 / 62 65 -56 -72 / 60 -56 -65 -72 / 55 62 67 71 / 60 63 67 72 / 58 62 -67 -72 / 57 60 65 77 / 59 62 67 77 / 60 67 75 / 55 59 67 74 / 65 -55 -59 -74 <END> 
<S> 60 63 67 75 / 58 62 -67 -75 / 56 60 72 77 / 55 70 -60 -77 / 53 65 69 72 / 74 -53 -65 -69 / 55 58 67 75 / 57 60 -67 -75 / 58 62 65 74 / 52 67 70 72 / 53 65 69 63 / 63 -53 -69 -72 / 46 62 65 70 / 48 63 69 75 <END> 
<S> 53 60 69 75 / 58 65 70 74 / 56 65 72 / 74 -56 -65 / 55 67 72 75 / 53 -67 -72 -75 / 55 62 71 74 / 56 60 63 72 / 65 74 -56 -60 / 55 59 67 75 / 53 -59 -67 -75 / 51 60 67 72 / 53 65 68 74 <END> 
<S> 56 60 63 72 / 65 74 -56 -60 / 55 58 67 75 / 53 68 -58 -75 / 55 62 70 74 / 61 67 70 76 / 56 65 72 75 / 53 -65 -70 -75 / 58 65 70 74 / 56 -65 -70 -74 / 55 70 45 52 55 -67 -71 <END> 
<S> 58 65 70 74 / 56 -65 -70 -74 / 55 67 70 75 / 53 68 -67 -75 / 55 62 70 77 / 56 60 -70 -77 / 58 62 70 77 / 68 -58 -62 -77 / 60 63 67 75 / 55 59 67 74 / 57 60 -67 -74 / 59 62 67 74 / 55 59 -67 -74 <END> 
<S> 59 62 67 74 / 55 60 67 75 / 55 -60 -67 -75 / 53 60 68 74 / 55 59 67 -74 / 65 -55 -59 -74 / 48 60 63 72 / 58 62 70 77 <END> 
<S> 53 60 68 74 / 50 -60 -68 -74 / 55 59 67 -74 / 65 -55 -59 -74 / 48 55 63 72 / 51 63 67 79 <END> 
<S> 68 77 -58 -63 / 59 62 67 79 / 60 67 75 / 58 -60 -67 -75 / 56 60 72 77 / 53 -60 -72 -77 / 58 70 74 77 / 68 -58 -74 -77 <END> 
<S> / 60 68 75 / 67 72 -60 -75 / 53 68 72 74 / 55 -68 -72 -74 / 56 60 70 -74 / 65 -56 -60 -75 / 55 67 70 75 / 53 68 -67 -75 / 55 62 67 74 / 53 -62 -67 -74 / 51 63 72 79 / 53 -63 -72 -79 <END> 
<S> 56 60 68 72 / 55 -60 -68 -72 / 53 68 -60 -72 / 59 62 -53 -68 / 60 63 67 -53 / 58 62 65 -67 / 56 60 65 72 / 55 -60 -65 -72 / 53 59 68 74 / 58 -53 -68 -74 / 75 -53 -68 -68 / 55 67 -49 -68 / 62 65 -55 -70 <END> 
<S> 56 60 63 72 / 65 74 -56 -60 / 55 58 67 75 / 53 68 -58 -75 / 55 58 70 74 / 56 65 72 -74 / 55 67 70 75 / 53 68 77 -75 / 51 67 75 79 / 72 77 -51 -79 / 50 67 74 77 / 51 67 75 <END> 
<S> 53 68 72 77 / 70 -53 -68 -77 / 72 -58 -68 -77 / 55 67 70 74 / 63 72 -55 -70 / 56 65 68 72 / 58 67 74 / 68 -58 -74 / 65 -46 -68 -74 / 48 63 67 75 / 66 -48 -63 -75 / 55 62 67 70 / 60 63 67 75 / 58 68 -63 -75 <END> 
<S> 48 63 68 75 / 67 72 -48 -63 / 50 65 70 74 / 68 -50 -65 -74 / 51 63 67 72 / 53 65 68 -72 / 55 63 67 70 / 62 65 -55 -70 / 60 63 67 72 / 58 -64 -67 -72 / 56 65 72 77 / 55 64 -72 -77 / 53 65 70 74 / 51 -65 -70 -74 <END> 
<S> 60 63 67 72 / 58 62 -67 -72 / 57 60 65 -72 / 67 -57 -60 -72 / 53 65 69 74 / 53 65 72 74 / 63 -53 -72 -74 / 53 65 70 72 / 46 62 -65 -70 / 48 63 69 72 / 50 65 71 <END> 
<S> 57 60 65 72 / 58 65 74 / 60 75 -58 -65 / 62 65 70 77 / 67 -62 -70 -77 / 48 63 72 79 / 62 -48 -72 -79 / 70 -48 -62 -79 / 50 60 69 77 / 51 -60 -69 -77 / 53 59 70 -77 / 55 60 -70 -77 / 75 -48 -60 -72 <END> 
<S> 55 63 70 72 / 53 65 68 -72 / 51 67 69 72 / 63 68 74 / 55 67 -70 -74 / 65 -55 -70 -74 / 56 63 72 / 55 63 70 -72 / 53 65 68 74 / 63 -53 -68 -74 / 54 62 69 -74 / 63 67 70 / 62 66 -70 / 51 60 63 67 / 58 62 -51 -67 <END> 
<S> 53 63 69 72 / 62 -53 -69 -72 / 55 62 67 71 / 48 63 67 72 / 60 63 67 72 / 58 62 -67 -72 / 57 60 65 72 / 55 67 -60 -72 / 53 65 69 72 / 74 -53 -65 -69 / 75 -53 -65 -69 / 46 65 70 74 / 48 63 72 -70 / 50 62 65 70 / 51 -62 -65 -70 <END> 
<S> 57 60 65 77 / 55 -60 -65 -77 / 53 60 70 -65 / 52 -60 -65 -70 / 53 60 69 75 / 58 62 70 77 / 63 79 -58 -70 / 65 69 -58 -63 / 59 62 67 79 / 60 77 -67 / 58 62 67 / 43 -58 -62 -67 / 60 63 67 72 / 58 62 -67 -72 / 56 60 65 72 / 55 -60 -65 -72 <END> 
<S> 60 63 67 75 / 62 -60 -67 -75 / 51 60 67 75 / 58 -52 -67 -75 / 56 60 68 77 / 53 75 -60 -68 / 55 59 67 74 / 56 60 67 75 / 58 62 68 -67 / 63 67 -58 -62 / 53 60 68 77 / 62 -53 -69 -77 / 60 63 67 -53 / 55 59 62 67 <END> 
<S> 55 63 67 75 / 62 -55 -67 -75 / 56 60 65 77 / 53 68 -60 -77 / 55 62 67 71 / 43 -62 -67 -71 / 48 63 67 72 / 50 65 -67 -72 / 51 67 72 / 53 -67 -72 / 55 67 72 74 / 71 -55 -67 -74 / 65 -55 -71 -74 / 56 63 72 / 55 70 -63 -72 <END> 
<S> 51 67 72 / 70 -51 -67 -72 / 53 65 68 74 / 67 -53 -53 -74 / 55 58 67 -74 / 56 65 -55 -74 / 63 72 -56 -65 / 55 62 67 70 / 53 -62 -67 -70 / 51 63 67 70 / 50 65 -67 -70 / 48 67 72 75 / 53 -67 -72 -75 / 55 67 71 74 / 53 65 70 -74 <END> 
<S> 51 63 67 72 / 50 -63 -67 -72 / 48 62 67 74 / 47 -62 -67 -74 / 48 60 67 75 / 55 -60 -67 -75 / 53 60 68 74 / 55 59 67 -74 / 65 -55 -59 -74 / 48 60 63 72 / 58 62 70 79 <END> 
<S> 55 60 67 75 / 53 -60 -67 -75 / 55 59 67 74 / 65 -55 -59 -74 / 48 60 63 72 / 53 62 65 70 / 48 63 67 72 / 68 74 -60 -67 / 51 67 72 75 / 53 -67 -72 -75 / 55 67 71 74 / 51 67 70 79 / 53 -67 -70 -79 <END> 
<S> 48 63 72 75 / 60 67 72 75 / 65 70 74 77 / 75 -65 -70 -74 / 68 72 75 77 / 67 75 -72 -77 / 68 72 74 77 / 67 70 75 -77 / 65 68 72 75 / 74 -68 -68 -75 / 67 70 75 -60 / 53 -67 -70 -75 / 55 67 70 74 / 53 56 -67 -74 <END> 
<S> 70 75 -65 68 / 65 68 75 / 63 67 70 75 / 62 65 70 77 / 63 -62 -70 -77 / 59 -62 -70 -77 / 60 63 67 75 / 58 62 -67 -75 / 57 60 65 72 / 55 67 -60 -72 / 53 60 69 -67 / 62 65 -53 -69 / 60 63 67 / 62 65 -60 -67 / 60 63 67 72 / 58 -60 -67 -72 <END> 
<S> 57 60 72 -67 / 65 -57 -60 -72 / 60 67 -65 / 59 -60 -65 -67 / 60 64 67 / 55 -60 -67 -75 / 53 60 68 74 / 55 59 67 -74 / 65 -55 -67 -74 / 48 63 67 72 / 50 62 70 77 / 51 63 70 79 / 55 -63 -70 -79 / 53 68 80 -63 / 70 -53 -65 <END> 
<S> 48 63 67 72 / 48 63 72 79 / 70 -48 -63 -79 / 53 56 68 74 / 67 -53 -56 -74 / 47 56 65 -74 / 65 74 -56 -60 / 55 60 64 72 / 53 56 60 68 / 58 62 -53 -68 / 50 58 65 67 / 74 -50 -58 -65 / 51 58 63 67 / 55 58 65 70 / 63 -58 -70 <END> 
<S> 53 57 63 72 / 56 -53 -63 -72 / 46 62 65 70 / 60 63 67 / 53 60 68 -60 / 55 59 67 74 / 56 59 65 -74 / 60 -56 -65 -74 / 55 59 67 75 / 60 68 77 / 62 -60 -68 -77 <END> 
<S> 55 60 63 70 / 56 -60 -63 -70 / 58 62 65 68 / 63 -56 -65 -68 / 77 -58 -65 -68 / 60 63 67 75 / 69 -60 -63 -75 / 62 65 70 77 / 63 67 79 -70 / 62 71 77 -67 / 60 67 72 75 / 58 -67 -72 -75 <END> 
<S> 58 65 70 74 / 63 67 72 75 / 65 68 74 77 / 67 75 -65 / / 63 67 72 79 / 65 68 74 77 / 59 67 75 -74 / 77 -59 -67 -74 / 60 67 75 58 / 74 -60 -67 -79 / 53 65 68 72 / 63 -53 -68 -72 <END> 
<S> 59 67 74 77 / 60 67 72 75 / 55 67 71 74 / 55 67 71 74 / 60 67 72 75 / 58 68 74 77 / 56 -68 -74 -77 / 55 70 75 79 / 53 -70 -75 -79 / 51 70 75 79 <END> 
<S> 63 67 72 75 / 68 -63 -72 -75 / 56 63 72 75 / 65 -56 -72 -75 / 58 67 70 75 / 65 68 -58 -75 / 58 63 67 75 / 65 74 -46 -58 / 63 67 70 75 / 46 65 70 74 / 55 -65 -70 -74 / 63 70 75 / 62 65 -70 <END> 
<S> 58 65 70 74 / 62 65 -70 -74 / 67 72 -53 -70 / 68 74 -53 -72 / 51 63 70 79 / 53 68 77 -63 / 58 62 70 77 / 51 63 79 -70 / 62 65 70 77 / 53 62 68 77 / 55 75 70 -60 <END> 
