<S> 48 52 55 60 / 52 55 60 -48 / 50 53 -55 -60 / 52 55 60 67 / 60 -52 -60 -67 / 48 64 67 -60 / 58 62 -48 -67 / 53 57 60 69 / 52 55 -60 -69 / 50 53 62 71 / 48 55 64 72 <END> 
<S> 53 57 60 69 / 52 55 -60 -69 / 50 53 62 71 / 48 55 64 72 / 52 60 67 76 / 53 60 69 -67 / 62 65 -53 -69 / 64 -53 -65 -69 / 59 62 67 -53 / 52 60 -67 57 / 53 59 62 74 / 55 64 -59 -74 / 57 60 64 72 / 65 -57 -60 -72 <END> 
<S> 52 60 67 72 / 48 64 -60 -72 / 50 65 -60 -72 / 52 60 67 71 / 53 -60 -67 -70 / 52 60 67 72 / 48 64 -60 -72 / 50 65 -60 -72 / 52 60 67 71 / 53 59 62 -67 / 52 55 60 72 / 50 65 -55 -72 / 48 64 67 -72 / 50 62 -67 -72 / 54 62 69 -72 / 43 62 67 71 / 55 59 62 67 <END> 
<S> 50 62 65 71 / 52 67 -62 -71 / 53 60 69 -67 / 62 -53 -69 / 60 64 67 -53 / 58 62 65 / 57 60 64 -65 / 59 62 67 71 / 60 64 67 72 / 62 65 69 -72 / 71 -62 -65 -69 / 60 67 72 76 / 58 -67 -72 -76 / 57 69 72 77 / 55 70 74 79 <END> 
<S> 57 64 67 72 / 55 65 71 74 / 53 67 73 76 / 52 -67 -73 -76 / 50 69 74 77 / 52 -69 -74 -77 / 53 69 74 77 / 55 -69 -74 -77 <END> 
<S> 52 60 67 79 / 53 60 69 -79 / 55 67 71 74 / 52 67 72 76 / 57 65 72 77 / 52 67 72 79 / 77 -52 -67 -72 <END> 
<S> 58 62 65 74 / 67 -58 -62 -74 / 54 62 69 -74 / 72 -54 -62 -69 / 55 62 67 70 / 53 -62 -67 -70 / 52 60 67 72 / 58 -52 -67 -72 / 54 57 69 74 / 72 -54 -60 -69 <END> 
<S> 54 60 69 75 / 62 -54 -69 -74 / 55 63 70 -74 / 72 -55 -63 -70 / 53 65 70 74 / 51 63 67 70 / 53 62 65 -70 / 63 -53 -62 -70 / 46 58 62 68 / 53 -46 -62 -70 <END> 
<S> 53 58 65 70 / 51 63 -58 -70 / 57 -51 -63 -70 / 50 58 65 70 / 51 60 -58 -70 / 53 59 62 67 / 52 60 67 72 / 50 65 -67 -72 / 48 64 67 72 / 60 -48 -67 -72 / 43 55 67 74 -72 / 71 -55 -67 -74 / 65 -55 -70 -74 <END> 
<S> 47 62 67 74 / 48 -62 -67 -74 / 55 59 67 74 / 60 -55 -67 -74 / 48 63 67 72 / 62 66 -48 -72 / 60 63 67 70 / 58 62 -67 -70 / 56 60 65 72 / 55 70 -60 -72 / 53 60 68 -70 / 53 65 68 -68 / 60 63 67 -53 / 56 60 65 / 58 62 65 / 56 60 63 -65 / 55 62 70 -60 / 53 68 -60 <END> 
<S> 56 60 63 72 / 55 -60 -63 -72 / 53 65 68 72 / 63 -53 -68 -72 / 55 62 67 71 / 43 59 67 72 / 48 60 -67 -72 / 55 62 67 71 / 60 64 67 72 / 62 65 -67 -72 / 63 67 72 / / -67 -63 -72 / 65 71 74 / 63 67 72 / 44 -63 -67 -72 <END> 
<S> 59 64 67 72 / 54 -64 -67 -72 / 55 62 67 71 / 48 63 67 72 / 55 62 67 71 / 60 63 -67 -71 / 59 62 67 72 / 69 -59 -62 -72 / 60 67 71 74 / 62 67 71 -74 / 65 67 -71 -74 <END> 
<S> 59 62 67 74 / 60 67 72 76 / 55 -67 -72 -76 / 57 67 72 76 / 59 65 74 / 64 67 72 76 / 60 65 72 81 / 62 65 -72 -81 / 64 67 72 79 / 62 65 -72 -79 / 60 67 76 -72 / 71 -60 -67 -76 / 54 69 72 -76 / 55 71 74 57 / 72 -55 -69 -76 <END> 
<S> 59 67 74 79 / 60 67 72 76 / 59 -67 -72 -76 / 57 60 72 77 / 62 -57 -72 -77 / 52 64 72 79 / 60 -52 -72 -79 / 53 69 72 77 / 76 -53 -69 -72 / 55 62 72 74 / 64 72 -55 -74 / 65 71 74 -55 / 48 64 67 72 / 60 64 67 72 <END> 
<S> 53 69 72 / 52 -65 -69 -72 / 50 65 71 77 / 48 67 76 76 / 55 -67 -76 -79 / 57 72 77 -67 / 62 65 -72 -77 / 55 67 71 -74 / 72 -55 -67 -76 / 53 69 72 74 / 55 64 71 -74 / 65 -55 -71 -74 / 48 64 67 72 / 60 64 67 72 <END> 
<S> 57 64 72 / 55 -64 -72 / 53 72 -64 -72 / 67 -53 -72 / 41 65 69 -72 / 64 67 71 / 55 62 -67 -71 / 60 64 67 72 / 48 -64 -67 -72 / 53 65 68 74 / 59 67 -65 -74 / 60 64 67 76 / 65 72 -60 -76 / 55 67 71 74 / 53 -67 -71 -74 / 52 67 72 / 50 65 74 -72 <END> 
<S> 55 64 67 72 / 62 65 -55 -72 / 64 -55 -60 -72 / 59 62 67 74 / 52 -59 -62 -74 / 45 60 64 72 / 48 57 -64 -72 / 50 53 65 71 / 52 55 72 -65 / 53 57 74 -72 / 55 59 67 74 / 57 60 65 -74 / 59 64 67 -53 / 57 60 65 -64 / 59 62 67 74 <END> 
<S> 50 57 65 71 / 47 62 -57 -71 / 52 59 62 -71 / 50 60 69 -71 / 52 59 71 -69 / 68 -52 -59 -71 / 45 64 69 72 / 47 -59 -64 -72 / 48 57 64 72 / 50 -57 -64 -72 / 52 55 64 71 / 54 -55 -64 -71 / 55 62 71 74 / 50 59 67 -74 <END> 
<S> 45 64 69 72 / 47 68 -64 -72 / 48 60 64 69 / 50 -60 -64 -69 / 52 59 71 -64 / 57 64 72 / 55 -64 -72 / 53 67 71 74 / 69 -53 -67 -74 / 52 67 71 76 / 56 -64 -71 -76 / 62 71 -52 -67 / 69 60 69 77 / 64 71 -69 <END> 
<S> 52 64 67 72 / 53 62 69 -72 / 55 62 71 -69 / 64 -55 -62 -71 / 50 60 66 69 / 60 -60 -66 -69 / 59 62 67 71 / 55 59 67 74 / 57 60 -67 -74 / 59 62 67 74 / 55 59 62 74 / 64 -55 -74 / 65 -55 69 -74 / 48 64 67 70 / 53 62 65 69 <END> 
<S> 55 59 67 74 / 69 -55 -59 -74 / 57 60 66 69 / 59 62 67 71 / 57 60 66 72 / 62 66 -57 -72 / 55 62 67 71 / 55 62 67 71 / 53 62 69 71 / 52 64 68 71 / 57 64 -64 -71 / 62 -57 -64 -72 / 55 62 71 / 53 69 -62 / 64 67 71 / 62 65 -59 -67 <END> 
<S> 60 62 66 69 / 55 59 64 67 / 62 64 -55 -67 / 60 69 -55 -64 / 54 62 69 -69 / 55 62 67 71 / 52 64 67 71 / 50 65 -64 -67 / 48 64 67 72 / 47 62 -67 -72 / 45 60 72 -67 / 66 -45 -60 -72 / 47 62 67 71 / 48 -62 -67 -71 / 50 62 66 69 / 55 62 67 71 <END> 
<S> 50 62 65 71 / 62 -50 -62 -71 / 52 55 60 72 / 52 -55 -60 -72 / 50 62 67 71 / 50 66 -62 -71 / 52 60 67 72 / 59 62 74 -67 / 60 67 76 / 59 -60 -67 -76 / 57 60 65 77 / 55 67 76 -60 / 53 59 -67 -76 / 55 59 74 -48 / 52 -55 -59 -74 / 45 57 64 72 / 47 -57 -64 -72 / 48 57 64 72 / 50 -57 -64 -72 <END> 
<S> 60 67 76 / 52 -60 -67 -76 / 53 60 69 77 / 71 -53 -60 -77 / 55 67 72 76 / 57 65 -72 -76 / 55 59 74 -67 / 60 67 76 / 59 -60 -67 -76 / 57 60 72 77 / 55 67 76 -60 / 53 65 69 74 / 55 64 71 -74 / 56 65 72 / 64 74 -56 -72 / 55 71 74 -64 / 72 -55 -60 -74 / 59 71 74 -55 / 55 64 71 74 <END> 
<S> 57 65 72 / 64 67 -57 -72 / 59 62 74 77 / 57 60 72 76 / 59 62 71 74 / 60 64 72 76 / 65 74 -60 -72 / 64 67 71 -60 / 59 62 -67 -71 / 57 60 67 72 / 65 71 -60 -72 / 55 62 67 71 / 53 59 62 67 / 52 60 68 -67 / 50 65 -60 -67 / 48 60 67 -65 / 64 -48 -60 -67 <END> 
<S> 57 64 72 / 55 -64 -72 / 53 65 69 72 / 53 65 -69 -72 / 64 -53 -69 -72 / 46 65 74 / 58 64 67 -74 / 65 69 72 39 55 64 67 72 / 53 65 69 72 / 52 -65 -69 -72 / 50 65 69 74 / 71 -50 -65 -74 / 44 72 38 47 74 65 74 43 47 67 76 -74 <END> 
<S> 53 65 69 74 / 47 -53 -65 -74 / 48 64 72 79 / 50 62 77 -72 / 52 60 67 72 / 53 65 69 -72 / 64 -53 -69 -72 / 55 62 67 71 / 48 64 67 72 / 60 64 67 72 / 69 -60 -64 -72 / 55 67 71 74 / 65 -55 -71 -74 <END> 
<S> 48 64 67 72 / 60 67 76 / 69 77 -60 / 59 62 67 79 / 60 64 -67 -79 / 62 65 77 81 / 72 -62 -77 / 55 62 71 79 / 60 64 -55 -79 / 53 62 74 -60 / 59 -53 -62 -74 / 57 60 69 76 / 59 -60 -69 -76 <END> 
<S> 59 67 74 79 / 60 65 -67 -79 / 62 65 71 79 / 62 -62 -71 -79 / 60 64 72 79 / 65 -60 -72 -79 / 64 67 72 79 / 62 71 77 -79 / 60 64 72 79 / 65 74 -60 -79 / 64 67 72 76 / 65 69 74 81 / 62 67 71 -41 / 64 67 76 / 62 65 -67 -76 <END> 
<S> 59 67 79 / 69 -64 -67 -79 / 62 67 71 79 / 62 -62 -71 -79 / 60 64 72 79 / 58 -64 -72 -79 / 57 64 72 81 / 55 -64 -72 -81 / 53 69 72 81 / 65 -53 -72 -81 / 55 62 71 79 / 60 64 79 / 57 60 72 77 / 59 62 -72 -77 <END> 
<S> 55 67 70 76 / 53 60 69 81 / 67 -53 -60 -69 / 55 59 67 74 / 65 -55 -59 -74 / 57 60 64 72 / 55 62 71 74 / 53 -62 -71 -74 / 52 55 72 79 / 53 57 74 -79 / 55 67 71 74 / 65 -55 -71 -74 <END> 
<S> 55 62 71 74 / 53 -62 -71 -74 / 52 67 72 76 / 50 -67 -72 -76 / 48 67 74 -72 / 70 -48 -67 -74 / 53 65 69 72 / 71 -53 -65 -69 / 60 67 72 58 / 64 74 -67 / <END> 
<S> 53 69 72 / 52 60 67 -72 / 50 65 69 74 / 71 -50 -65 -74 / 48 67 72 76 / 52 -67 -72 -76 / 53 69 74 -72 / 50 65 -72 -74 / 55 62 71 -74 / 67 -55 -71 -74 / 65 -55 -71 -74 / 48 64 67 72 / 60 66 69 74 <END> 
<S> 50 69 74 -65 / 52 62 -69 -74 / 53 62 -69 -72 / 50 66 71 74 / 52 67 72 / 60 67 -52 -67 / 53 59 69 -67 / 57 -53 -67 -69 / 52 60 67 -69 / 50 58 -67 -67 / 48 57 67 72 / 55 64 -67 -72 <END> 
<S> 55 67 70 / 69 -51 -55 -70 / 50 54 62 69 / 60 -50 -54 -69 / 43 50 59 67 / 48 51 60 67 / 46 -51 -60 -67 / 45 53 60 72 / 46 53 58 74 / 55 -46 -58 -74 / 45 54 60 72 / 47 50 62 67 <END> 
<S> 48 51 60 67 / 46 -51 -60 -67 / 44 51 60 67 / 43 -51 -60 -67 / 44 53 65 -60 / 59 -44 -53 -65 / 48 51 60 63 / 44 51 60 -63 / 41 56 60 68 / 44 60 -56 -68 / 43 56 59 65 / 41 62 -56 -65 <END> 
<S> 44 51 60 65 / 41 -51 -60 -65 / 46 50 58 -65 / 39 51 58 63 <END> 
<S> 44 63 65 72 / 62 -44 -65 -72 / 60 63 67 -44 / 46 -60 -67 -75 / 44 60 65 72 / 43 59 67 45 / 48 60 -67 <END> 
<S> 43 59 67 74 / 55 59 62 67 / 53 60 67 74 / 65 -53 -60 -74 / 55 59 67 74 / 65 -55 -59 -74 / 48 60 63 72 / <END> 
<S> 53 60 69 74 / 55 -60 -69 -74 / 56 59 68 76 / 74 -56 -59 -67 / 57 60 64 72 / 55 59 67 74 / 53 -59 -67 -74 / 52 59 68 50 / 50 -59 -68 -74 / 48 60 67 76 / 69 -48 -60 -76 / 47 62 71 79 <END> 
<S> 55 59 67 74 / 53 -59 -67 -74 / 52 60 67 72 / 50 74 -60 -67 / 48 60 67 76 / 50 65 -60 -76 / 52 60 67 74 / 58 -60 -67 -76 / 48 60 67 76 / 58 -48 -67 -76 / 57 65 69 -48 / 47 67 -65 -74 / 48 67 72 76 / 50 -67 -72 -76 <END> 
<S> 55 60 67 76 / 53 -60 -67 -76 / 55 59 67 74 / 65 -55 -59 -74 / 48 55 64 72 / 48 67 72 76 / 50 65 71 77 / 69 -50 -65 -77 / 52 59 67 79 / 60 -52 -67 -79 / 53 69 72 77 / 76 -53 -69 -72 / 55 62 72 74 / 64 -55 -72 -74 / 65 71 -55 -74 <END> 
<S> 52 67 72 / 50 53 -67 -72 / 52 55 67 71 / 50 -55 -67 -71 / 48 55 64 72 / 53 57 65 72 / 55 59 67 74 / 60 67 76 / 59 -60 -67 -76 / 57 60 69 77 / 55 62 71 79 / 57 60 69 77 / 59 62 -69 -77 / 60 64 67 76 / 53 -64 -67 -76 <END> 
<S> 55 59 67 74 / 56 64 71 76 / 57 64 69 72 / 59 62 74 / 67 60 76 -74 / 59 62 74 77 / 64 67 76 -74 / 65 72 81 -76 / 67 -46 -72 -81 / 64 70 79 -81 / 62 64 79 -79 / 57 60 69 77 / 59 62 -69 -77 <END> 
<S> 57 64 72 76 / 69 -57 -72 -76 / 59 67 74 79 / 61 -52 -74 -79 / 60 62 76 79 / 69 77 -62 -79 / 61 67 76 79 / 77 -61 -67 -79 / 76 -58 -67 -76 / 57 69 72 77 / 59 67 74 79 / 77 -59 -67 -74 <END> 
<S> 61 64 69 77 / 50 62 65 77 / 52 67 -62 -77 / 53 60 69 76 / 50 65 77 71 / 52 64 67 72 / 55 74 -67 -72 / 65 -55 -72 -74 / 57 65 70 -74 / 58 65 70 74 / 56 65 -70 -74 / 55 67 70 76 / 53 60 69 77 / 60 -53 -69 -77 / 47 62 67 77 / 48 60 67 69 <END> 
<S> 53 65 69 72 / 54 63 -69 -72 / 55 62 67 71 / 64 67 -55 -71 / 50 66 69 -67 / 62 66 69 -50 / 60 -66 -69 / 55 59 67 / 60 62 67 / 59 62 67 79 / 57 64 69 72 / 59 62 67 74 / 60 67 76 / 59 -60 -67 -76 <END> 
<S> 57 64 67 72 / 55 62 67 71 / 53 60 65 69 / 52 -60 -65 -69 / 50 60 65 69 / 48 -60 -65 -69 / 50 59 62 67 / 57 -50 -62 -67 / 52 55 60 64 / 50 -55 -60 -64 / 55 57 62 / 43 -55 -62 -65 / 43 59 62 67 / 55 -43 -62 -67 / 52 55 60 67 / 50 65 -55 -60 <END> 
<S> 50 60 62 69 / 55 59 67 / 53 57 60 69 / 59 62 -53 -69 / 48 60 64 67 / 58 -48 -64 -67 / 45 57 65 72 / 47 62 67 / 65 -47 -62 -67 / 48 64 67 / 55 -48 -64 -67 / 45 57 64 72 / 66 -45 -57 -72 / 43 59 67 71 / 60 -43 -67 -71 / 69 -50 -67 -71 / 54 69 69 72 / 54 62 -69 -72 / 55 62 67 71 / 64 -55 -62 -67 <END> 
<S> 45 60 64 72 / 55 -45 -60 -72 / 47 53 62 67 / 48 52 60 69 / 50 59 62 67 / 52 55 60 67 / 50 53 -60 -67 / 52 55 67 72 / 50 65 -55 -72 / 48 55 64 72 / 52 55 71 -64 / 50 -55 -64 -67 / 48 55 64 72 / 50 -55 -64 -72 / 52 60 64 67 / 48 -60 -64 -67 <END> 
<S> 52 67 72 -58 / 53 59 -67 -72 / 55 60 67 74 / 72 -60 -67 / 55 59 67 74 / 59 -55 -67 -74 / 48 64 67 72 / 60 67 72 76 / 59 -67 -72 -76 / 57 69 72 77 / 59 67 74 -77 / 60 67 76 -74 / 72 -60 -67 -76 <END> 
<S> 55 67 71 74 / 60 67 72 76 / 64 69 72 -60 / 62 65 71 74 / 60 67 72 76 / 76 -60 -67 -72 / 55 67 72 74 / 71 -55 -67 -74 / 60 67 72 76 / 53 -67 -72 -76 <END> 
<S> 60 67 72 76 / 59 -67 -72 -76 / 60 67 72 76 / 59 62 74 79 / 57 60 72 77 / 59 62 74 -77 / 60 64 76 -74 / 66 -60 -64 -76 / 55 67 74 -60 / 59 -55 -67 -74 / 56 64 71 76 / 57 64 69 72 / 55 -64 -69 -72 <END> 
<S> 57 67 72 76 / 59 -67 -72 -76 / 57 60 72 78 / 55 62 71 79 / 60 64 67 79 / 53 60 69 81 / 71 -53 -60 -81 / 48 67 72 76 / 55 59 71 74 / 60 69 -55 -74 / 59 62 67 71 / 64 -55 -62 -67 <END> 
<S> 50 65 77 -72 / 71 -50 -65 -77 / 52 67 72 76 / 53 -67 -72 -76 / 55 67 74 -72 / 71 -55 -67 -74 / 0 / 55 67 71 74 / 65 -55 -71 -74 / 57 64 72 -71 / 62 -57 -72 -76 / 67 -57 -72 -76 / 53 69 74 -72 / 50 62 -72 -74 / 55 62 71 -74 / 67 -55 -62 -71 <END> 
<S> 52 64 67 72 / 54 62 69 -72 / 55 62 67 71 / 59 -55 -62 -67 / 48 60 64 69 / 47 59 62 67 / 69 -47 -59 -67 / 44 64 69 72 / 71 -55 -64 / 69 72 -55 -64 / 59 62 67 74 / 60 64 67 -74 / 65 68 74 / 64 67 73 -74 <END> 
<S> 71 -48 -64 -67 / 50 64 66 69 / 62 -50 -66 -69 / 48 64 67 71 / 62 71 -52 -67 / 53 60 69 -67 / 65 -53 -60 -69 / 55 59 65 67 / 43 59 -65 -67 / 48 55 64 72 / 60 / 64 67 72 / 58 -64 -67 -72 <END> 
<S> 48 60 64 67 / 58 -48 -64 -67 / 53 57 60 69 / 55 62 67 71 / 52 60 67 76 / 53 60 69 74 / 50 65 71 -74 / 55 64 -50 -74 / 72 -50 -64 -72 / 55 62 71 74 / 67 -55 -71 -74 / 65 -55 -71 -74 <END> 
<S> 53 60 69 74 / 50 -60 -69 -74 / 55 59 67 -74 / 61 69 -55 -74 / 72 -55 -60 / 50 59 65 74 / 52 59 67 -74 / 0 / 56 64 72 / 62 71 74 -56 / 57 60 69 76 / 62 77 -57 -72 / 64 -57 -69 -72 / 53 69 74 -72 / 50 65 -72 -74 / 55 62 71 -74 / 43 -55 -71 -74 <END> 
<S> 59 62 67 74 / 57 60 -67 -74 / 55 59 67 74 / 55 59 62 -74 / 55 -77 67 76 / 57 -48 -67 -76 / 55 59 67 74 / 53 -59 -67 -74 / 52 59 68 76 / 50 -59 -68 -74 / 57 60 69 76 / 59 62 -69 -76 / 60 64 67 76 <END> 
<S> 55 59 67 74 / 53 -59 -67 -74 / 52 59 67 76 / 54 57 69 72 / 55 64 67 72 / 62 74 -55 -67 / 48 60 69 76 / 50 59 71 -69 / 52 68 -59 -71 / 57 65 69 -52 / 59 64 67 72 / 62 -64 -67 -72 / 66 -57 -62 -67 / 59 62 67 71 / 60 -62 -67 -71 <END> 
<S> 52 60 67 72 / 50 62 -67 -72 / 48 64 67 69 / 47 62 67 -69 / 45 57 69 72 / 64 -45 -57 -72 / 50 59 65 71 / 60 -50 -65 -71 / 52 64 67 71 / 55 64 -52 -67 -71 / 57 60 69 72 / 65 -57 -60 -72 / 55 67 74 -60 / 59 -55 -67 -74 / 57 -55 -67 -74 / 59 74 -55 -67 <END> 
<S> 57 64 69 72 / 55 62 -69 -72 / 53 60 67 71 / 52 59 -67 / 50 53 65 69 / 48 64 -53 -69 / 47 62 67 74 / 43 -62 -67 -74 / 55 65 67 72 / 64 -55 -67 -72 / 43 62 67 71 / 65 -43 -62 -71 / 48 60 64 72 / 47 55 -64 -72 / 57 60 65 -72 / 66 -57 -72 / 55 59 67 74 / 60 67 76 / 58 -60 -67 -76 <END> 
<S> 47 62 67 74 / 48 60 67 76 / 77 -48 -60 -67 / 58 62 67 74 / 69 -58 -62 -74 / 58 67 74 / 57 76 -67 -74 / 74 -57 -67 -74 / 72 -57 -66 -76 / 52 64 67 71 / 53 68 -52 -67 / 52 62 67 71 / 50 -62 -67 -71 / 48 62 67 72 / 71 -48 -62 -67 / 50 57 69 -67 / 62 66 -50 -69 / 55 59 62 67 / 52 55 60 67 <END> 
<S> 52 60 67 72 / 69 -52 -60 -72 / 67 71 -52 -60 / 50 62 66 69 / 62 -50 -62 -69 / 60 -50 62 -69 / 43 59 62 67 / 48 60 67 76 / 55 59 67 74 / 52 60 67 76 / 48 60 64 67 <END> 
<S> 59 62 67 74 / 55 -59 -67 -74 / 60 67 76 / 69 77 -60 -67 / 52 60 67 79 / 50 -60 -67 -79 / 52 60 67 79 / 53 59 -67 -79 / 55 60 67 74 / 72 -55 -60 -67 / 55 59 67 74 / 64 -55 -59 -74 / 57 60 64 72 / 65 -57 -60 -72 / 59 62 67 74 / 60 -59 -67 -74 / 62 65 69 77 / 60 -65 -69 -77 <END> 
