<S> 60 64 67 72 / 59 62 67 74 / 61 65 69 76 / 64 -61 -69 -76 / 63 69 71 78 / 0 / 59 63 71 78 <END> 
<S> 0 / 59 62 67 79 / 60 67 76 / 59 -60 -67 -76 / 57 60 69 77 / 55 62 71 79 / 57 60 69 77 / 59 62 -69 -77 / 60 64 67 76 / 61 -64 -67 -76 <END> 
<S> 59 62 67 79 / 60 69 -67 -79 / 62 67 71 79 / 69 -62 -67 -79 / 50 62 71 79 / 52 55 72 79 / 53 71 74 -79 / 52 67 72 76 / 53 -67 -72 -76 / 55 67 71 74 / 60 67 72 76 / 48 -67 -72 -76 <END> 
<S> 53 69 72 81 / 55 67 72 76 / 57 69 72 77 / 74 -57 -69 -77 / 55 67 71 79 / 53 -67 -71 -79 / 52 64 72 79 / 62 70 77 -79 / 76 -62 -70 -77 / 72 -58 -62 -76 / 46 74 -58 -65 / 53 59 67 -74 <END> 
<S> 64 67 79 57 / 65 -64 -72 -79 / 62 67 72 79 / 71 -62 -67 -79 / 60 67 72 76 / 65 74 -60 -72 / 60 64 69 76 / -60 -64 -72 -76 <END> 
<S> 58 64 70 / 62 67 -58 -79 / 57 65 69 72 / 59 74 -65 -69 / 60 67 72 76 / 58 -60 -67 -76 / 57 60 72 77 / 55 -60 -72 -77 <END> 
<S> 60 67 76 / 58 -60 -67 -76 / 57 60 72 77 / 70 -57 -60 -77 / 53 65 69 -77 / 75 -53 -65 -72 / 46 65 74 / 58 75 -50 -65 / 51 58 63 79 / 67 70 -51 -79 <END> 
<S> 46 63 65 74 / 62 -46 -65 -74 / 60 63 67 75 / 58 62 -67 -75 / 56 60 72 77 / 55 70 -60 -77 / 53 65 68 72 / 74 -53 -65 -68 / 48 63 67 75 / 69 -48 -63 -75 / 50 65 70 74 / 51 -65 -70 -74 53 53 65 70 72 / 51 63 67 -70 <END> 
<S> 53 60 67 75 / 51 -60 -67 -75 / 53 60 65 74 / 63 72 -53 -60 / 55 62 71 74 / 55 59 71 74 / 53 -59 -67 -74 / 51 60 67 72 / 55 62 67 70 / 48 55 67 70 / 53 60 68 68 / 50 53 -68 -68 <END> 
<S> 48 60 63 67 / 58 62 -48 -67 / 53 56 60 65 / 55 59 62 67 / 56 60 63 72 / 62 -56 -60 -72 / 55 62 67 71 / 53 -62 -67 -71 / 51 60 67 72 / 48 -60 -67 -72 / 53 60 65 68 / 62 -53 -65 -68 / 55 67 -62 -65 / 63 56 -55 -67 / 59 62 -55 -67 <END> 
<S> 51 60 67 72 / 50 -60 -67 -72 / 48 65 67 74 / 47 -65 -67 -74 / 48 63 67 75 / 62 -48 -67 -75 / 50 60 65 74 / 59 -50 -65 -74 / 51 63 67 72 / 56 62 65 -72 / 60 -56 -65 -72 / 55 59 67 74 / 60 63 67 / 65 68 -60 <END> 
<S> 48 63 67 72 / 60 63 72 79 / 58 65 74 82 56 60 63 72 75 / 62 65 70 77 / 68 -62 -65 -77 / 63 67 70 79 / 62 65 -67 -79 / 60 63 67 75 / 58 -60 -67 -75 / 56 60 72 77 / 55 -60 -72 -77 <END> 
<S> 60 63 67 75 / 62 -60 -67 -75 / 56 60 65 75 / 55 -60 -65 -75 / 53 60 68 74 / 55 59 67 -74 / 56 60 65 72 / 65 74 -56 -60 / 55 60 67 75 / 53 68 -60 -75 / 55 60 74 -60 / 59 -55 -60 -74 / 56 59 65 -74 / 65 -56 -60 -65 <END> 
<S> 56 60 65 72 / 55 74 -60 -65 / 53 60 67 75 / 55 59 68 74 / 53 60 68 74 / 47 62 67 74 / 48 67 75 -62 / 60 -48 -67 -75 / 43 59 67 74 / 0 / 47 62 67 79 <END> 
<S> 48 60 63 67 / 60 63 72 / 51 55 63 70 / 56 63 72 / 55 -56 -63 -72 / 53 56 65 72 / 51 -56 -65 -72 / 50 58 65 70 / 51 58 67 -65 / 53 60 65 68 / 62 -53 -65 -68 <END> 
<S> 56 60 65 / 55 58 63 67 / 53 61 65 68 / 51 63 67 / 55 62 65 / 56 60 63 72 / 58 62 65 70 / 57 60 72 -65 / 62 66 -56 -72 / 55 63 67 70 / 53 68 -63 -70 <END> 
<S> 57 63 65 72 / 60 -57 -65 -72 / 60 65 67 74 / 58 65 74 57 / 60 63 72 / 55 62 67 -72 / 54 63 69 72 / 62 -54 -69 -72 / 55 62 67 71 / 60 64 67 72 / 58 -64 -67 -72 <END> 
<S> 54 63 69 72 / 62 -54 -69 -72 / 55 62 67 71 / 51 63 67 72 / 50 65 69 74 / 71 -50 -65 -74 / 48 67 72 75 / 70 -60 -67 -75 / 53 68 72 74 / 55 75 -68 -74 / 56 65 72 75 / 55 74 -72 -75 <END> 
<S> 51 67 72 75 / 53 -67 -72 -75 / 55 67 70 74 / 65 -55 -70 -74 / 56 63 68 72 / 74 -56 -63 -68 / 60 67 75 / 69 -60 -75 / 55 67 71 -75 / 60 68 72 75 / 65 74 -68 -75 / 63 67 70 75 / 65 68 72 77 / 67 75 -65 -72 / 63 65 72 80 / 55 -63 -72 -75 <END> 
<S> 60 67 75 / 68 74 -60 -67 / 59 68 74 79 / 55 -68 -74 -79 / 56 65 75 -74 / 53 72 -65 -68 / 55 63 67 70 / 62 65 -55 -70 / 60 63 67 72 / 55 62 -60 -67 / 53 60 65 69 / 51 -60 -65 -69 / 50 62 65 71 / 46 62 67 74 / 65 -47 -67 -74 <END> 
<S> 57 60 65 72 / 55 -60 -65 -72 / 53 60 68 70 / 52 -60 -65 -68 / 53 60 65 69 / 51 -60 -65 -69 / 50 58 65 70 / 46 58 -65 -70 / 51 58 65 67 / 50 -51 -65 -67 / 48 60 63 68 / 50 58 65 -68 / 51 67 -58 -65 / 63 60 -51 -67 <END> 
<S> 51 58 63 67 / 50 -58 -63 -67 / 48 60 63 69 / 51 -60 -63 -69 / 50 62 65 70 / 51 58 67 70 / 53 60 68 -70 / 62 -53 -60 -68 / 55 58 64 67 / 57 60 -55 -63 / 58 60 65 / 58 -39 -58 -65 / 39 51 58 67 / 65 -51 -58 -67 / 44 60 63 65 / 45 -60 -63 -65 <END> 
<S> 53 60 65 68 / 58 64 -53 -68 / 51 55 67 72 / 50 56 -67 -72 / 51 60 -67 -72 / 53 65 -60 -72 / 55 59 67 74 / 62 -55 -67 -74 / 56 63 67 72 / 65 -56 -67 -72 / 55 65 67 72 / 53 68 -67 -72 / 55 62 67 71 / 48 63 67 72 / 60 63 67 72 <END> 
<S> 52 60 67 72 / 53 -60 -67 -72 / 52 60 67 74 / 59 -52 -67 -74 / 56 60 67 72 / 65 -56 -60 -72 / 55 62 67 70 / 53 -62 -67 -70 / 51 60 67 72 / 55 -60 -67 -72 / 48 65 67 74 / 64 -48 -67 -74 / 71 -48 -64 -74 / 72 -55 -67 / / 72 -55 -67 / 67 71 -55 -67 <END> 
<S> 52 60 67 72 / 53 69 -60 -72 / 52 65 71 74 / 50 -65 -71 -74 / 48 67 72 75 / 60 -67 -72 -75 / 58 68 74 77 / 56 -68 -74 -77 / 55 70 75 79 / 53 -70 -75 -79 / 51 68 75 79 / 50 70 74 -79 / 48 68 72 75 <END> 
<S> 53 68 72 77 / 74 -53 -68 -77 / 55 70 75 79 / 57 -55 -70 -76 / 58 62 70 74 / 55 -58 -70 -75 / 56 60 68 77 / 58 62 68 -77 / 51 63 67 79 / 48 63 67 79 / 62 -48 -67 -79 / 53 60 69 77 / 55 -60 -69 -77 / 56 60 68 -77 / 58 62 65 -77 / 56 60 65 -77 / 51 55 67 72 <END> 
<S> 60 67 75 / 58 -60 -67 -75 / 56 60 68 75 / 55 -60 -68 -75 / 53 60 68 74 / 55 59 67 -74 / 56 60 67 72 / 65 -56 -60 -72 / 50 62 65 71 / 53 62 -62 -71 / 51 60 67 72 / 48 63 69 -72 / 55 62 71 74 <END> 
<S> 50 62 65 71 / 56 62 72 / 51 55 -72 72 / 57 60 65 -72 / 55 59 67 74 / 48 60 67 75 / 51 60 67 72 / 53 68 74 -60 / 55 67 71 -74 / 56 72 -67 / 60 65 -56 -72 / 55 59 67 74 <END> 
<S> 56 60 63 72 / 65 74 -56 -60 / 55 67 72 75 / 53 68 -72 -75 / 55 62 74 -72 / 67 71 -55 -74 / 65 -55 -71 -74 / 48 63 67 72 / 56 60 65 77 / 55 62 67 51 53 60 75 -67 / 53 65 -60 -75 / 55 59 67 74 / 56 72 -55 -74 <END> 
<S> 56 60 68 72 / 55 -60 -68 -72 / 53 67 70 72 / 52 -67 -72 / 53 65 72 -68 / 63 -53 -68 -72 / 55 62 67 71 / 48 63 67 72 / 60 63 67 72 / 58 62 -67 -72 <END> 
<S> 48 63 67 72 / 60 -48 -67 -72 / 55 60 67 74 / 59 68 -55 -74 / 44 60 67 72 / 65 74 -60 / 59 67 -65 -74 / 60 72 -67 -72 / 62 65 71 74 / 63 72 -71 / 62 65 71 74 / 60 63 72 79 <END> 
<S> 59 62 67 74 / 60 67 72 75 / 65 68 74 -72 / 63 70 -56 -74 / 65 68 72 -56 / 63 -56 -68 -72 / 62 65 68 -56 / 60 63 -65 -68 / 59 62 67 / 60 -46 -67 / 47 62 67 74 / 48 67 75 -62 / 50 -62 -67 -75 <END> 
<S> 56 60 63 72 / 55 -60 -63 -72 / 53 65 68 -72 / 63 -53 -68 -72 / 55 62 67 71 / 67 -55 -62 -67 / 65 -55 -67 -71 / 48 64 67 72 / 53 60 65 68 / 52 62 67 70 / 53 -62 -67 -70 / 55 65 67 70 / 53 63 -67 -70 <END> 
<S> 56 60 63 72 / 55 58 -63 -72 / 53 56 68 72 / 63 -53 -56 -72 / 55 62 67 71 / 48 60 67 75 / 63 -48 -67 -75 / 65 74 -48 -60 / 59 67 75 / 57 60 -67 -75 / 55 62 67 74 / 53 -62 -67 -74 / 51 63 72 -67 / 50 66 -63 -72 / 48 62 67 70 / 51 60 -67 -70 <END> 
<S> 60 75 -67 / 58 -60 -67 -75 / 56 60 68 77 / 55 -60 -68 -77 / 53 61 70 79 / 52 60 -70 -79 / 53 60 69 77 / 60 -53 -69 -77 / 46 65 70 74 / 58 65 70 74 / 56 65 68 72 / 55 67 70 75 <END> 
<S> 53 60 69 77 / 58 62 70 -77 / 46 -62 -70 -77 / 51 63 70 79 / 63 -63 -70 -79 / 65 70 77 -63 / 62 -65 -70 -77 / 60 67 75 79 / 58 -67 -75 -79 / 57 72 77 55 / 59 68 74 -77 / 60 67 76 -74 / 72 -60 -67 -76 / 55 68 72 74 <END> 
<S> 59 67 74 / 77 -59 -67 -74 / 60 67 75 / 58 74 -67 -75 / 56 63 72 75 / 55 -63 -72 -75 / 53 68 74 -72 / 71 -53 -68 -74 / 55 67 72 -60 / 43 59 71 -67 / 65 -43 -71 -71 / 48 63 67 72 / 55 67 71 74 <END> 
<S> 55 63 67 72 / 56 65 43 -72 / 58 67 74 / 68 -58 -74 / 51 58 67 75 / 51 58 -67 75 / 57 65 -51 -75 / 50 59 -65 -74 / 48 60 67 75 / 58 -48 -67 -75 / 53 56 65 74 / 51 -56 -65 -74 / 47 55 67 74 / 65 -47 -55 -74 <END> 
<S> 60 67 75 / 58 -60 -67 -75 / 56 68 72 75 / 55 -68 -72 -75 / 53 68 72 77 / 75 -53 -68 -72 / 55 67 74 -72 / 71 -55 -67 -74 / 65 -55 -71 -74 / 48 63 67 72 / 60 67 72 75 / 55 -67 -72 -75 <END> 
<S> 48 67 72 75 / 60 -51 -67 -75 / 53 65 69 74 / 72 -53 -65 -69 / 55 62 67 71 / 43 59 62 67 / 45 60 72 -67 / 66 -45 -60 -72 / 47 62 67 71 / 48 -62 -67 -71 / 53 60 67 / 62 65 -53 -60 / 59 -53 -62 -65 <END> 
<S> 45 60 65 / 63 -45 -60 -65 / 46 62 65 70 / 50 -62 -65 -70 / 48 55 63 72 / 53 56 65 74 / 55 58 67 75 / 56 60 65 77 / 58 62 67 -77 / 60 63 68 75 / 62 65 -68 -75 / 63 67 72 75 / 71 -67 -75 <END> 
<S> 55 63 70 75 / 53 68 -63 -70 / 55 63 70 -68 / 56 -63 -70 / 55 63 70 -63 / 53 -63 -70 / 51 63 67 70 / 65 68 -51 -70 / 47 67 -65 -68 / 48 67 -65 -70 / 48 64 69 72 / 58 67 -48 -72 / 60 63 67 72 / 43 -60 -67 -72 <END> 
<S> 48 63 67 72 / 60 -63 -67 -72 / 55 62 67 71 / 53 -62 -67 -71 / 51 60 67 72 / 69 -51 -60 -72 / 46 62 65 74 / 48 63 72 75 / 50 65 70 77 / 51 -65 -70 -77 / 53 65 70 79 / 55 -70 -70 -79 / 56 72 -70 -79 / 53 68 72 75 <END> 
<S> 48 63 67 72 / 56 62 65 72 / 60 63 67 72 / 58 62 67 70 / 56 63 72 70 / 55 -63 -70 -72 / 53 68 72 74 / 50 77 -68 -74 / 67 70 75 -53 / 52 -67 -70 -76 / 53 65 68 74 / 59 62 67 74 / 63 67 71 <END> 
<S> 50 68 77 -63 / 53 62 -69 -77 / 60 -53 -69 -77 / 58 62 70 77 / 56 -62 -70 -77 / 55 63 70 79 / 53 -63 -70 -79 / 51 63 70 79 / 55 -63 -70 -79 / 56 63 72 77 / 53 -63 -72 -77 / 58 62 70 77 <END> 
<S> 53 63 72 80 / 62 71 -53 -80 / 55 63 72 75 / 53 65 74 -75 / 58 67 70 77 / 68 -58 -74 -77 / 70 67 75 / 55 67 -70 -75 / 53 68 72 77 / 56 -53 -68 -72 <END> 
<S> 55 63 70 75 / 72 -55 -63 -75 / 53 68 74 77 / 67 72 -53 -77 / 51 67 70 79 / 53 -70 -70 -79 / 51 63 70 79 / 55 -63 -70 -79 / 56 63 68 72 / 53 65 70 80 / 51 -65 -70 -80 / 65 70 -51 -58 <END> 
<S> 53 63 68 77 / 51 67 70 -77 / 56 63 68 72 / 55 63 70 -68 / 53 61 67 -70 / 68 -46 -53 -67 / 47 62 65 67 / 45 60 65 44 / 46 62 65 74 / 47 63 -65 -74 / 48 60 67 75 / 58 67 -48 -75 / 53 56 60 65 / 59 -56 -56 -65 <END> 
<S> 46 60 65 68 -46 -46 -46 -60 -65 -68 / 51 67 70 -60 / 53 60 68 -67 / 62 -53 -60 -68 / 55 59 62 67 / 55 59 62 67 / 60 63 67 / 58 62 67 72 / 60 69 -67 -72 / 62 65 71 74 / 63 -62 -71 / 62 65 71 74 <END> 
<S> 59 62 67 74 / 60 -62 -67 -79 / 55 62 67 71 / 66 -62 -55 -71 / 60 63 67 72 / 58 62 -67 -72 / 57 60 65 72 / 55 67 -60 -72 / 53 65 69 -60 / 59 -53 -65 -69 / 60 -53 -65 -69 / 48 67 75 -53 / 52 -48 -67 -70 / 53 60 65 69 / 63 -53 -60 -69 / 62 -53 -60 -69 / 55 59 62 67 <END> 
<S> 52 60 67 72 / 70 -52 -60 -67 / 53 60 68 / / 48 -60 -67 / 43 53 60 68 / 59 -43 -53 -68 / 48 51 60 67 / 41 69 -51 -60 / 50 65 70 -60 / 58 -50 -65 -70 / 51 58 63 67 / 50 -58 -63 -67 / 48 60 63 -67 / 43 58 63 70 / 62 -58 -63 -70 / 56 60 63 68 / 65 -56 -60 <END> 
<S> 46 50 67 70 / 48 51 -67 -70 / 50 54 63 69 / 62 -57 -62 -69 / 43 58 62 70 / 51 55 63 69 / 48 54 -63 -69 / 46 55 62 70 / 48 60 63 69 / 46 55 62 67 / 45 55 -62 -67 / 50 54 62 69 / 60 -50 -54 -69 / 43 55 59 67 / 48 51 60 67 <END> 
<S> 50 55 62 69 / 54 -50 -62 -69 / 60 -50 -54 -69 / 43 55 59 67 / 48 51 60 67 / 47 50 62 -67 / 48 51 60 67 / 51 -51 -60 -67 / 53 60 65 68 / 62 -53 -65 -68 / 55 58 63 67 / 56 60 65 -63 / 58 62 65 / 56 60 63 -65 / 62 65 -56 -60 <END> 
<S> 48 60 63 67 / 47 -60 -63 -67 / 45 60 65 -63 / 47 62 -65 / 48 55 63 -62 / 56 60 62 / 55 60 63 / 62 -55 -60 / 51 55 60 / 53 59 68 -55 / 55 60 63 / 62 -55 -60 -63 / 56 59 62 / 65 -56 -62 / 47 55 59 67 / 48 55 60 63 / 55 -48 -60 -63 <END> 
<S> 55 62 63 70 / 53 56 -62 -70 / 51 55 63 72 / 50 -55 -63 -72 / 48 60 63 67 / 53 -60 -67 / 51 55 67 -60 / 59 -52 -67 / <END> 
<S> 50 58 65 -68 / 51 60 67 -65 / 48 60 63 -67 / 58 62 65 -48 / 63 -58 -55 / 41 56 60 65 / 43 55 59 62 / 53 -43 -59 -62 / 48 51 55 60 / 47 55 62 67 <END> 
<S> 44 48 60 65 / 46 -48 -60 -65 / 44 53 56 -60 / 41 -53 -56 -60 / 54 51 62 -53 / 50 53 58 -62 / 51 55 60 67 / 58 -51 -60 -67 / 45 53 60 65 / 41 -53 -60 -65 / 46 58 62 65 / 48 -58 -62 -65 <END> 
<S> 43 55 60 63 / 53 -43 -60 -63 / 44 59 -53 -63 / 41 57 -53 -60 / 43 53 59 62 / 50 55 62 -62 / 54 -50 -62 / 43 55 59 63 / 43 55 59 62 / 48 55 60 63 / 58 -48 -55 -63 / 41 56 56 60 / 43 -56 -60 -56 / 55 59 62 -43 / 48 55 60 63 / 50 65 -55 -60 <END> 
<S> 41 60 62 69 / 43 -60 -62 -69 / 53 59 62 67 / 51 60 63 -67 / 56 62 65 / 55 63 -62 -65 / 53 56 62 / 58 -56 -62 -68 / 53 57 60 65 / 53 56 60 65 / 55 67 -53 -60 / 55 59 62 -53 / 53 -55 -59 -62 / 48 51 55 60 / 50 -48 -55 -63 <END> 
<S> 53 60 62 68 / 50 53 -60 -69 / 51 58 67 / 50 53 -58 -67 / 51 55 67 72 / 60 -51 -67 -72 / 53 60 65 -72 / 51 -60 -65 -72 / 50 62 65 71 / 48 63 67 72 / 55 59 67 74 <END> 
<S> 50 58 65 70 / 64 -50 -58 -70 / 48 60 65 68 / 53 -60 -65 -68 / 51 55 67 -60 / 59 -51 -55 -67 / 44 53 60 65 / 41 55 -60 -65 / 46 53 58 62 / 46 53 58 -62 / 44 51 60 -58 <END> 
<S> 44 60 65 -63 / 56 62 -44 -65 / 60 -44 -56 -65 / 46 55 62 67 / 53 63 68 72 / 62 -53 -68 -72 / 60 63 67 75 / 65 -60 -63 -75 / 55 67 71 74 / 63 72 -55 -67 / 53 62 68 74 / 55 67 71 -74 / 65 -55 -71 -74 <END> 
<S> 63 67 72 / 62 74 -67 / 60 66 75 / 58 67 74 / 65 -58 -67 -74 / 56 63 72 / 55 70 -63 -72 / 53 68 74 -63 / 55 62 67 70 / 56 -62 -67 -71 / 55 63 67 70 / 53 65 -67 -70 / 51 67 70 / 53 60 68 77 <END> 
<S> 51 63 67 70 / 53 62 65 -70 / 51 63 72 -70 / 55 65 71 74 / 60 67 72 75 / 58 -67 -72 -75 / 56 60 72 77 / 55 70 75 79 / 53 65 70 74 / 51 67 72 75 / 53 68 72 74 / 55 67 71 -74 / 65 -55 -71 -74 <END> 
<S> 56 65 72 77 / 55 70 -65 -77 / 53 60 68 72 / 74 -53 -60 -68 / 48 60 67 75 / 58 -48 -67 -75 / 53 56 65 74 / 55 58 67 -74 / 56 60 65 68 / 62 -56 -65 -68 / 60 64 67 / 0 / 55 60 67 72 / 62 74 -60 -67 / 60 -62 -67 <END> 
<S> 56 60 63 72 / 65 -56 -60 -72 / 55 62 67 71 / 53 -62 -67 -71 / 51 63 67 72 / 53 -63 -67 -72 / 55 62 67 71 / 56 60 72 -67 / 65 74 -56 -60 / 55 60 67 75 / 53 -60 -67 -75 / 55 60 67 74 / 65 -55 -74 -74 / 56 60 63 72 / 65 74 -56 -60 / 55 60 67 75 / 53 -60 -67 -75 <END> 
