<S> 60 67 72 75 / 55 67 72 74 / 70 -55 -67 -74 / 65 -55 -70 -74 / 56 63 68 72 / 55 -63 -68 -72 / 53 65 68 72 / 51 -65 -68 -72 / 50 70 -65 -68 / 52 60 67 -70 / 53 60 68 -67 / 65 -53 -60 -68 / 48 60 64 67 / 51 60 67 <END> 
<S> 50 65 70 77 / 52 -65 -70 -77 / 53 65 70 75 / 74 -53 -65 -70 / 51 58 67 75 / 57 60 -51 -67 / 50 58 65 70 / 52 67 -58 -70 / 53 60 65 68 / 64 -53 -60 -68 / 55 59 67 74 / 56 60 65 -74 / 59 -56 -65 -65 / 55 58 64 67 / 53 57 65 70 / 55 58 67 70 / 53 60 68 -67 <END> 
<S> 53 57 65 72 / 55 63 67 72 / 57 65 -63 -72 / 58 62 65 74 / 55 59 67 75 / 60 -55 -67 -75 / 48 60 67 75 / 50 -60 -67 -75 / 51 60 67 75 / 58 -60 -67 -75 / 56 60 72 77 / 55 75 -60 -72 <END> 
<S> 60 63 67 75 / 62 -60 -67 -75 / 54 60 69 75 / 55 67 71 74 / 60 67 72 75 / 63 -60 -72 -75 / 68 77 -63 -72 / 70 75 -65 / 63 72 -70 / 69 74 -63 / 58 67 70 -74 / 58 -67 -70 -74 <END> 
<S> 63 67 72 75 / 65 68 74 77 / 67 70 75 / 55 63 67 79 / 53 68 77 -63 / 62 65 70 -77 / 60 63 67 75 / 65 74 -60 -67 / 55 67 72 75 / 57 -55 -72 -75 / 55 62 71 74 / 63 67 72 / 65 74 -67 -72 <END> 
<S> 60 63 68 75 / 65 -60 -68 -75 / 55 67 71 -60 / 55 59 67 74 / 48 60 67 75 / 58 -48 -67 -75 / 53 56 65 74 / 51 55 72 75 / 55 67 71 74 / 55 67 71 75 <END> 
<S> 56 60 63 72 / 58 74 -55 -63 / 53 56 -58 -74 / 51 55 72 75 / 53 68 74 -72 / 55 67 71 -74 / 65 -55 -71 -74 / 48 63 67 72 / 48 63 72 79 <END> 
<S> 53 69 74 -60 / 55 59 67 -74 / 56 60 -67 -74 / 43 59 65 -67 / 62 -43 -59 -65 / 48 55 63 / 47 55 62 67 / 48 55 60 63 / 56 -48 -60 -63 <END> 
<S> 48 55 63 72 / 43 55 58 74 / 60 69 -55 / / 55 62 71 79 / 60 63 -55 -71 / 62 -55 -67 -71 / 60 63 67 72 / 58 -63 -67 -72 / 56 65 68 72 / 58 -65 -68 -72 / 60 64 67 42 <END> 
<S> 48 63 67 72 / 60 63 67 72 / 58 62 70 77 / 56 -62 -70 -77 / 55 63 70 79 / 53 -63 -70 -79 / 51 63 70 79 / 55 -63 -70 -79 / 56 63 72 77 / 53 -63 -72 -77 / 58 62 70 77 <END> 
<S> 58 62 70 77 / 68 -58 -62 -77 / 60 63 67 75 / 65 69 -60 -75 / 55 67 71 74 / 55 67 71 74 / 60 67 72 75 / 58 -67 -72 -75 / 56 68 72 75 / 55 -68 -72 -75 / 53 67 70 77 / 76 -67 -70 -77 / 65 68 72 77 / 74 -65 -68 -77 <END> 
<S> 60 67 75 / 58 -60 -67 -75 / 56 68 72 75 / 55 -68 -72 -75 / 53 68 72 74 / 50 65 -72 -74 / 55 62 71 -74 / 63 -55 -71 -74 / 65 -55 -71 -74 / 48 63 67 72 / 60 64 67 72 / 58 -64 -67 -72 <END> 
<S> 48 63 67 72 / 60 63 67 72 / 58 62 -67 -72 / 57 60 65 72 / 55 67 -60 -72 / 53 65 69 -60 / 59 -53 -65 -69 / 60 -53 -68 / 58 74 -53 -68 / 50 67 73 -65 / 54 62 69 74 / 55 59 62 71 / 55 60 67 75 / 58 62 -67 -75 <END> 
<S> 56 60 63 72 / 55 58 -63 -72 / 53 56 68 72 / 58 62 -53 -72 / 60 63 67 72 / 56 65 72 77 / 55 67 70 75 <END> 
<S> 44 60 65 74 / 58 64 67 74 / 56 65 68 75 / 58 -65 -68 -75 / 60 63 67 75 / 65 72 77 -60 / 59 67 74 77 / 60 71 75 <END> 
<S> 58 62 65 77 / 56 60 72 77 / 55 62 70 79 / 53 -62 -70 -79 / 51 63 70 79 / 55 -63 -70 -79 / 56 63 72 77 / 53 -63 -72 -77 / 58 62 70 77 <END> 
<S> 53 63 72 80 / 62 -53 -72 -80 / 55 62 71 79 / 63 -55 -71 -79 / 65 -55 -70 -79 / 48 63 72 79 / 53 65 70 -80 / 63 -53 -70 -79 / 77 -53 -63 -70 / 55 58 67 75 / 56 60 65 -75 <END> 
<S> 58 63 70 79 / 60 -58 -70 -79 / 58 62 70 77 / 63 70 79 / 62 65 -70 -79 / 60 67 75 79 / 58 74 -67 -79 / 57 60 72 77 / 55 70 75 -60 / 53 65 69 74 / 53 65 70 -74 / 63 -53 -70 -74 <END> 
<S> 53 60 72 77 / 60 75 79 -53 / 53 72 80 79 / 55 71 74 -79 / 48 63 72 79 / 50 65 77 -72 / 51 63 67 79 / 53 -63 -67 -79 / 55 62 71 -67 / 56 60 63 72 / 65 74 -56 -60 <END> 
<S> 56 63 72 / 55 65 -72 -75 / 53 67 72 75 / 51 -67 -72 -75 / 53 68 72 74 / 50 65 -68 -74 / 55 63 70 -74 / 53 72 -70 68 / 51 67 70 75 / 50 65 -70 -75 / 46 65 68 74 / 55 63 70 75 / 56 65 68 -75 <END> 
<S> 53 68 -58 74 / 55 67 70 -74 / 56 63 72 / 70 -56 -63 -72 / 55 61 65 70 / 53 60 68 -70 / 51 65 68 -60 / 59 -43 -65 -68 / 48 60 64 67 / 60 63 67 72 / 58 62 -67 -72 <END> 
<S> 60 63 67 / 60 -60 -63 -67 / 55 59 62 67 / 53 57 62 72 / 55 58 67 74 / 53 60 69 77 / 50 -60 -69 -77 / 55 70 -60 -69 / 60 -60 -69 -77 / 58 -60 -69 -77 / 60 67 75 / 58 60 -67 -75 <END> 
<S> 52 60 67 79 / 58 -52 -67 -79 / 53 60 65 77 / 55 67 -60 -77 / 53 65 68 74 / 72 -53 -65 -68 / 55 62 67 71 / 43 59 62 67 <END> 
<S> 50 65 70 74 / 62 66 69 -50 / 63 67 70 79 / 62 -63 -70 -79 / 60 63 72 79 / 58 -63 -72 -79 / 57 65 72 77 / 55 70 79 -77 / 58 70 77 76 / 73 76 -58 -65 <END> 
<S> 58 65 73 77 / 56 -65 -72 -77 / 58 70 75 77 / 51 -58 -70 -75 / 51 58 70 79 / 55 70 -51 -79 / 56 60 68 77 / 50 -60 -68 -77 / 48 58 67 75 / 65 74 -48 -67 / 53 63 72 / 57 60 -72 -75 <END> 
<S> 56 60 68 77 / 55 75 -68 -77 / 53 67 70 79 / 52 -67 -70 -79 / 53 60 69 77 / 58 62 70 -77 / 56 63 72 76 / 74 -56 -64 -72 / 55 65 70 74 / 53 -65 -70 -74 / 63 70 79 -65 -70 / 59 68 -65 -70 <END> 
<S> 53 60 68 77 / 51 -60 -68 -77 / 75 -48 -60 -69 / 46 65 74 / 55 67 71 / 63 69 72 / 62 67 74 77 / 60 75 -69 -77 / 58 70 74 77 / 68 -58 -74 -77 / 60 67 72 75 / 70 -60 -67 -75 <END> 
<S> 58 63 70 77 / 62 65 -70 -77 / 67 70 79 -65 / 63 -67 -70 -79 / 59 65 67 79 / 74 77 -67 / 60 67 75 / 58 62 -67 -75 / 56 63 72 / 55 -63 -72 / 53 68 72 74 / 65 -53 -72 -74 / 55 62 71 74 / 63 -55 -71 -74 <END> 
<S> 53 65 68 74 / 63 72 -53 -68 / 55 62 67 71 / 63 72 -55 -67 / 55 59 67 74 / 53 -59 -67 -74 / 52 60 67 79 / 70 -52 -60 -79 / 53 60 65 68 / 56 59 65 68 / 51 60 67 75 / 65 74 -48 -60 <END> 
<S> 56 60 67 72 / 65 -56 -60 -72 / 55 60 63 67 / 59 -55 -63 -67 / 57 60 65 / 68 -56 -60 / 55 58 67 70 / 53 60 68 77 / 51 -60 -68 -77 / 50 62 70 77 / 62 -50 -70 -77 / 55 70 79 -62 / 63 -55 -70 -79 <END> 
<S> 55 58 63 70 / 53 -58 -63 -70 / 51 63 68 72 / 50 65 -68 -72 / 51 67 70 -65 / 53 63 -67 -70 / 62 65 69 -53 / 55 59 62 67 / 53 -59 -62 -67 / 51 60 67 72 / 50 -60 -67 -72 / 52 65 71 / 48 55 64 72 <END> 
<S> 55 62 67 / 60 69 -55 -67 / 55 62 67 71 / 53 -62 -67 -71 / 51 63 67 72 / 53 69 -63 -72 / 55 62 67 71 / 60 -55 -67 -71 / 62 -55 -67 -71 / 48 63 67 72 / 55 67 71 74 <END> 
<S> 50 62 65 71 / 63 67 -50 -71 / 65 -50 -67 -71 / 48 63 67 72 / 60 69 -48 -72 / 55 62 71 74 / 60 63 67 72 / 65 74 -60 -65 / 60 67 75 / 58 -60 -67 -75 / 56 60 72 77 / 55 70 -60 -77 <END> 
<S> 60 67 75 / 58 -60 -67 -75 / 56 68 77 75 / 55 -68 -72 -75 / 53 67 70 74 / 65 -53 -70 -74 / 53 63 69 72 / 55 71 -63 -72 / 56 60 72 77 / 58 62 -72 -77 / 60 67 72 75 / 58 -60 -72 -75 / 56 60 72 77 / 55 70 -60 -77 <END> 
<S> 56 60 72 77 / 53 68 -72 -77 / 55 62 71 79 / 63 -55 -71 -79 / 56 65 72 77 / 62 -56 -72 -77 / 55 67 75 -62 / 60 -55 -67 -75 / 53 65 74 -60 / 59 -53 -65 -74 / 51 60 63 72 / 67 74 -60 / 58 -67 -67 / 65 56 60 72 <END> 
<S> 56 60 68 77 / 55 -60 -68 -77 / 60 -56 -60 -69 / 55 59 67 -77 / 60 75 -67 / 58 74 -67 -75 / 56 72 75 / 55 70 74 53 / 56 72 75 / 51 -56 -72 -75 / 53 68 74 77 / 55 59 67 -74 / 65 -55 -59 -74 / 56 59 63 / 60 -56 -63 / 55 59 62 / 53 53 -59 -62 <END> 
<S> 53 56 68 74 / 72 -53 -56 -68 / 55 63 67 70 / 62 65 -55 -70 / 60 63 67 75 / 62 65 -67 -75 / 63 67 70 79 / 61 -67 -70 -79 / 60 68 77 -72 / 62 74 -60 -77 / 60 63 75 79 / 58 62 65 -75 / 60 75 -58 -65 <END> 
<S> 60 63 67 75 / 62 65 -67 -75 / 63 67 70 75 / 63 68 72 -75 / 56 65 74 77 / 67 70 75 -77 / 68 72 75 -53 / 67 72 75 / 60 -67 -72 -75 / 58 65 72 74 / 67 75 -58 / 56 63 68 72 / 55 62 67 71 <END> 
<S> 56 68 72 75 / 55 -68 -72 -75 / 53 68 72 77 / 74 -53 -68 -77 / 55 67 72 75 / 74 -55 -67 -75 / 65 -55 -71 -74 / 56 63 72 / 51 -56 -72 / 57 72 77 -51 / 50 65 71 -77 / 51 67 72 75 / 53 68 74 -72 <END> 
<S> 55 62 67 72 / 53 -62 -67 -72 / 51 60 67 72 / 48 -67 -72 / 55 70 74 -60 / 59 67 -55 -74 / 60 67 72 75 / 58 -67 -72 -75 / 57 60 72 77 / 55 70 -60 -77 / 53 65 69 72 / 74 -53 -65 -69 / 55 58 67 75 / 57 60 -67 -75 <END> 
<S> 57 60 72 -65 / 60 -56 -72 -77 / 55 70 -60 -77 / 53 60 68 74 / 55 59 67 -74 / 56 60 -67 -74 / 72 -56 -60 -67 / 55 62 67 70 / 53 -62 -67 -70 / 51 67 72 / 70 -51 -67 -72 / 53 65 68 74 / 46 -53 -65 -74 / 55 58 67 74 / 56 60 65 -74 / 48 58 64 67 / 57 60 65 68 <END> 
<S> 51 67 72 -58 / 53 -51 -67 -72 / 55 67 70 74 / 53 65 68 -74 / 55 63 70 75 / 56 65 -70 -75 / 58 61 67 74 / 68 -58 -74 / 58 67 70 74 / 48 63 72 75 / 67 -48 -72 -75 / 53 65 68 74 / 59 67 -65 -74 / 65 68 -59 -74 / 63 67 -68 <END> 
<S> 51 67 72 75 / 53 -67 -72 -75 / 55 67 71 74 / 65 -55 -71 -74 / 56 63 72 / 70 -56 -63 -72 / 55 65 68 74 / 53 -65 -68 -74 / 55 67 70 61 / 53 60 68 77 / 59 -60 -68 -77 / 60 67 72 75 / 53 -60 -67 -75 <END> 
<S> 56 60 63 72 / 65 -56 -60 -72 / 55 62 67 70 / 53 -62 -67 -70 / 51 63 67 70 / 65 69 -63 / 55 67 -65 / 51 60 67 75 / 53 -60 -67 -75 / 55 62 67 74 / 47 -55 -67 -74 / 48 63 67 72 / 65 -63 -67 -72 <END> 
<S> 55 62 67 75 / 60 -55 -67 -75 / 55 62 65 74 / 53 -62 -65 -74 / 52 67 72 / 48 64 -67 -72 / 55 62 67 -72 / 60 -55 -67 -72 / 55 62 67 71 / 48 55 64 67 / 53 60 68 / 51 55 60 67 / 59 68 -51 / <END> 
<S> 55 62 67 70 / 72 -55 -62 -67 / 67 -55 -62 -67 / 57 60 -67 69 / 55 59 67 74 / 53 -59 -67 -74 / 60 67 75 / 58 -60 -67 -75 / 56 65 72 75 / 55 67 71 -75 / 46 -55 -67 -71 / 48 62 67 77 / 60 -48 -67 -77 / 55 62 67 74 / 71 -55 -62 -67 <END> 
<S> 60 67 75 / 55 -60 -67 -75 / 55 67 74 -60 / 59 -55 -67 -74 / 48 63 67 72 / 60 63 67 72 / 58 62 -67 -72 / 56 60 65 72 / 55 67 -60 -72 / 53 60 68 77 / 62 -53 -68 -77 / 60 63 67 75 / 65 69 74 -60 / 55 67 71 74 / 62 72 -55 -74 / 67 -55 -72 -74 <END> 
<S> 57 60 65 72 / 55 59 67 -77 / 53 60 67 69 / 62 -53 -67 -72 / 55 62 67 71 / 60 63 67 72 / 55 59 67 74 / 53 65 68 / 51 65 67 / 79 -51 -67 -67 / 50 60 65 77 / 59 -50 -65 -77 <END> 
<S> 51 60 67 72 / 56 60 65 -72 / 55 67 -60 -72 / 53 60 65 68 / 51 59 67 -65 / 51 60 67 72 / 53 -60 -67 -72 / 55 62 67 71 / 48 63 67 72 / 60 63 67 72 <END> 
<S> 50 62 65 71 / 55 62 67 / 58 65 -55 -67 / 57 60 63 72 / 62 -57 -72 / 55 60 67 72 / 58 -52 -67 -72 / 53 57 65 74 / 55 58 67 -74 / 56 60 65 68 / 50 58 -65 -68 / 51 58 67 -65 / 63 -51 -58 -67 <END> 
<S> 53 56 65 68 74 / 72 -53 -56 -65 / 55 63 67 70 / 72 -55 -63 -67 / 55 62 67 70 / 60 63 67 72 / 58 62 -67 -72 / 57 60 65 72 / 50 -57 -65 -72 / 51 58 67 77 / 53 60 68 77 / 58 62 70 77 / 56 -62 -70 -77 <END> 
<S> 52 60 67 70 / 53 -60 -67 -70 / 52 60 67 72 / 58 -52 -67 -72 / 53 56 65 74 / 51 58 -65 -68 / 50 58 65 -68 / 62 -50 -58 -65 / 60 58 62 / 64 -58 -58 <END> 
<S> 50 58 65 70 / 46 62 -58 -70 / 51 58 63 67 / 62 65 -51 -58 / 56 60 63 / 55 58 62 65 / 56 -58 -63 -65 / 51 58 67 70 / 51 58 63 67 / 62 -51 -58 -67 <END> 
<S> 58 63 65 70 / 62 -58 -65 -70 / 60 63 67 / 58 -60 -67 -75 / 60 66 69 -60 / 59 62 67 -41 / 58 67 -67 / 57 60 66 72 / 62 66 69 -72 / 55 62 67 70 / 63 67 -55 -70 / 57 65 -67 -70 / 59 65 68 74 / 55 59 -65 -74 <END> 
<S> 57 60 67 75 / 62 66 -57 -60 / 55 58 67 70 / 50 63 68 -58 / 62 65 -50 -58 / 55 58 63 70 / 63 -55 -58 -70 / 51 58 63 67 / 65 -51 -58 -63 / 56 60 63 -51 / 55 58 -63 -67 / 53 56 65 72 / 58 -53 -65 -72 / 60 -53 -65 -72 / 55 74 -60 -65 / 59 75 -55 -74 <END> 
<S> 56 63 65 / 55 58 -63 -65 / 60 63 -58 -65 / 58 62 65 / 56 -58 -62 -65 / 55 58 62 67 / 53 60 65 69 / 51 -60 -65 -69 / 50 58 65 70 / 69 -50 -65 -70 / 51 63 69 72 / 58 65 74 -72 / 60 67 72 75 / 58 -67 -72 -75 / 56 68 72 77 / 55 62 71 -77 <END> 
<S> 50 62 65 77 / 51 60 -65 -77 / 53 58 75 79 / 74 -53 -58 -62 / 55 58 70 75 / 56 60 65 77 / 58 62 67 74 / 63 -58 -67 -74 / 56 72 -63 / 62 65 -56 -72 / 55 63 67 70 / 53 56 -67 -70 / 51 60 67 70 / 53 -60 -67 -70 / 55 65 72 -60 / 59 74 -55 -68 / 60 -55 -59 -74 / 65 -55 -60 -74 <END> 
<S> 56 60 68 72 / 55 -60 -68 -72 / 53 -60 70 -68 / 51 -60 -68 -68 / 50 60 68 77 / 58 62 -68 -77 / 60 63 67 75 / 65 69 -60 -75 / 55 67 71 74 / 50 -67 -71 -74 / 51 67 72 / 50 65 -67 -72 48 48 63 67 / 65 -48 -67 -72 / 47 67 67 74 / 48 67 75 -62 / 60 -48 -67 -75 <END> 
<S> 51 67 72 75 / 53 -67 -72 -75 / 55 67 71 74 / 51 67 70 79 / 60 -51 -70 -79 / 58 62 70 77 / 68 -58 -62 -77 / 60 63 67 75 / 53 65 69 -75 / 63 65 71 -53 / 58 62 65 -71 / 64 -55 -59 -71 / 60 63 72 -55 / 57 60 65 72 / 56 60 65 -72 <END> 
<S> 60 63 67 75 / 58 62 -67 -75 / 56 60 72 77 / 55 75 -60 -72 / 53 68 74 -72 / 55 67 71 -74 / 65 -55 -71 -74 / 48 63 67 72 / 46 62 70 77 / 51 67 72 75 / 53 68 74 -72 / 55 -68 -74 -74 / 56 -68 -74 -74 / 72 -56 -60 -74 <END> 
<S> 48 67 72 75 / 60 68 -72 -75 / 58 65 70 74 / 56 65 -65 -74 / 55 67 70 75 / 53 60 68 77 / 55 60 67 75 / 53 -60 -67 -75 / 51 60 67 75 / 53 -60 -67 -75 / 55 60 67 74 / 72 -55 -60 -67 / 43 59 67 74 <END> 
<S> 56 60 65 74 / 55 59 67 74 / 53 60 68 72 / 51 58 67 / 60 -51 -67 / 50 62 65 70 / 62 71 -50 -65 / 63 67 72 / 62 65 -67 -72 / 60 63 67 75 / 58 62 -67 -75 / 56 60 72 77 / 55 70 -60 -77 <END> 
<S> 51 63 67 72 / 56 62 65 -72 / 60 63 67 72 / 55 62 67 72 / 60 69 -55 -72 / 62 65 71 74 / 60 63 72 / 62 65 74 -72 / 59 67 74 77 / 60 67 72 75 / 55 67 71 74 <END> 
<S> 58 62 74 -65 / 63 -58 -70 -74 / 57 65 72 75 / 55 -65 -72 -75 / 53 60 68 -72 / 58 62 70 77 / 63 67 72 / 65 69 74 / 59 67 -65 -74 / 60 63 67 72 / 62 -60 -67 -72 / 54 60 69 74 / 55 62 67 71 <END> 
<S> 59 62 67 74 / 57 60 67 75 / 55 62 -67 -75 / 53 63 68 72 / 51 67 70 / 55 59 67 / 60 63 69 -67 / 58 62 65 70 <END> 
<S> 51 63 67 72 / 53 -63 -67 -72 / 55 62 67 71 / 60 63 67 72 / 58 65 74 / 68 -58 -65 -74 / 65 63 70 75 / 61 -63 -70 -75 / 62 68 77 -58 -62 / 55 63 70 79 / 56 -63 -70 -79 <END> 
