<S> 51 67 72 / 50 65 71 74 / 48 67 72 75 / 47 68 74 77 / 67 -47 -74 -77 / 48 67 75 -74 / 72 -48 -67 -75 / 53 68 74 -72 / 50 65 71 -74 / 69 -50 -65 -74 / 55 62 71 74 / 67 -55 -71 -74 / 65 -55 -71 -74 / 48 63 67 72 / 45 65 72 77 / 63 -45 -72 -77 <END> 
<S> 53 68 74 -72 / 50 65 71 -74 / 55 62 72 74 / 71 -55 -67 -74 / 65 -55 -71 -74 / 48 63 67 72 / 60 63 67 72 / 58 62 -67 -72 / 57 60 65 72 / 55 67 -60 -72 / 53 65 69 72 / 51 -65 -69 -72 / 50 65 69 77 / 75 -50 -65 -69 / 55 67 71 74 / 51 75 -67 -70 <END> 
<S> 57 60 65 72 / 55 67 -60 -72 / 53 65 69 72 / 51 -65 -69 -72 / 50 65 69 74 / 71 -50 -65 -74 / 48 67 72 75 / 50 -67 -72 -75 / 51 67 72 75 / 53 -67 -72 -75 / 55 67 70 75 / 56 60 68 77 / 62 -56 -68 -77 / 63 67 -56 -68 / 53 60 68 72 <END> 
<S> 48 67 72 75 / 50 -67 -72 -75 / 51 67 70 75 / 53 -67 -70 -75 / 55 67 71 74 / 53 68 72 77 / 55 67 71 75 / 65 -55 -71 -75 / 56 63 72 / 55 -63 -72 / 53 68 72 74 / 50 65 71 -74 / 51 63 72 -70 / 69 -51 -63 -72 / 50 65 70 74 / 68 -50 -65 -70 <END> 
<S> 57 63 72 77 / 58 62 70 -77 / 68 -58 -62 -77 / 60 63 67 75 / 58 62 -67 -75 / 56 60 72 77 / 55 70 75 -60 / 53 60 68 74 / 55 59 67 -74 / 65 -55 -67 -74 / 48 60 67 72 / 58 -67 -72 / 56 60 72 77 / 53 -60 -72 -77 <END> 
<S> 53 60 68 74 / 55 59 67 -74 / 56 60 -67 -74 / 60 -56 -60 -67 / 55 59 62 67 / 53 60 68 / 51 55 -60 -68 / 50 59 65 68 / 48 60 -65 -68 / 46 61 67 70 / 68 -46 -61 -70 / 51 63 67 -57 / 58 -51 -67 / <END> 
<S> 53 60 65 68 / 63 -53 -60 -68 / 55 59 62 67 / 55 59 62 67 / 56 60 63 72 / 55 58 -63 -72 / 56 60 68 72 / 65 -53 -68 -72 / 55 67 70 74 / 63 68 -55 -74 / 53 65 68 72 / 55 63 68 -72 <END> 
<S> 56 63 68 72 / 62 -56 -65 -72 / 60 63 67 72 / 58 -63 -67 -72 / 56 65 68 72 / 55 -65 -68 -72 / 53 60 67 70 / 52 -60 -67 -70 / 53 60 65 68 / 0 / 53 60 68 72 / 41 -53 -60 -72 <END> 
<S> 56 60 63 72 / 55 -60 -63 -72 / 53 65 68 72 / 55 67 -65 -72 / 60 63 -67 -70 / 53 -60 -67 -70 / 51 60 67 72 / 53 69 74 -60 / 55 59 67 74 / 65 -55 -67 -74 / 48 63 67 72 / 60 63 67 72 / 58 65 -67 -72 <END> 
<S> 55 59 67 75 / 60 -55 -67 -75 / 65 74 -55 -60 / 59 -55 -65 -74 / 48 60 64 72 / 60 67 72 75 / 58 68 74 77 / 59 67 74 77 / 58 62 70 77 / 60 63 75 79 / 58 62 79 -79 / 56 60 -79 -79 <END> 
<S> 58 65 74 77 / 60 75 -65 / 58 62 70 77 / 68 -62 -77 -77 / 51 63 67 75 / 75 -48 -67 -75 / 53 65 68 74 / 55 -65 -68 -74 / 63 70 73 -55 / -63 -70 -70 / 56 65 68 72 / 64 -56 -68 -72 / 60 63 72 -68 / 55 -60 -63 -72 <END> 
<S> 63 67 70 / 61 65 -67 -70 / 60 63 67 -70 / 58 62 -67 -70 / 56 60 72 77 / 55 -60 -72 -77 / 53 67 72 75 / 74 -53 -67 -72 / 51 65 72 79 / 50 -65 -72 -79 / 51 63 70 79 / 62 77 -70 / 56 60 72 75 / 58 -60 -72 -75 <END> 
<S> 48 67 72 75 / 60 -67 -72 -75 / 67 72 74 -67 / 66 -56 -72 -74 / 55 67 71 -74 / 65 -55 -71 -74 / 60 63 67 72 / 55 67 70 75 / 53 -67 -70 -75 / 55 67 70 74 / 53 -67 -70 -74 / 51 63 70 79 / 53 -63 -70 -79 / 55 63 70 79 / 56 -63 -70 -79 <END> 
<S> 55 67 70 75 / 63 -55 -70 -75 / 56 65 72 75 / 58 -65 -68 -75 / 60 63 72 56 / 62 -60 -63 -72 / 61 64 69 79 / 62 65 77 / 60 63 67 75 / 58 62 -67 -75 / 56 60 72 77 / 55 70 -60 -77 / 56 60 68 77 / 53 68 75 -60 / 55 67 70 74 / 56 65 68 -74 <END> 
<S> 56 63 77 / / 75 -56 -65 / 58 65 74 77 / 67 75 -58 -65 / 59 68 74 77 / 68 -59 -74 -77 / 60 63 67 75 / 62 -60 -67 -75 / 60 65 68 74 / 59 -65 -68 -74 / 60 63 67 75 / 69 -60 -63 -75 / 58 65 70 -75 / 56 65 72 77 <END> 
<S> 60 63 67 75 / 62 65 -67 -75 / 63 67 70 75 / 63 68 72 -75 / 53 65 74 -72 / 51 63 72 79 / 50 77 -63 -72 / 62 67 74 77 / 48 67 75 -74 / 50 72 74 77 / 51 72 75 79 / 53 -72 -75 -79 / 55 67 74 -79 <END> 
<S> 48 63 72 75 / 51 67 72 -75 / 53 68 74 -72 / 55 67 71 -74 / 65 -55 -71 -74 / 48 63 67 72 / 60 67 72 75 / 62 -67 -72 -75 / 56 65 71 77 / 63 -56 -65 -77 / 62 -56 -65 55 / 58 63 70 <END> 
<S> 48 63 67 72 / 60 63 67 72 / 58 62 -67 -72 / 57 60 65 72 / 55 67 -60 -72 / 53 60 65 70 / 51 -60 -65 -70 / 53 60 68 -65 / 62 -53 -65 -68 / 63 67 -53 -62 / 46 62 65 / 43 63 67 70 <END> 
<S> 53 60 65 68 / 55 63 -60 -68 / 53 -60 -63 -70 / 55 63 -60 -70 / 53 56 60 68 / 59 -53 -53 -68 / 48 60 63 67 / 68 -48 -60 -63 / 50 65 70 -60 / 58 52 60 67 / 53 60 68 -67 / 65 -53 -60 -68 / 48 60 65 67 / 64 -48 -60 -67 / 58 -48 -64 -67 <END> 
<S> 56 60 65 72 / 55 -60 -65 -72 / 53 -60 -65 -72 / 55 58 -65 -72 / 56 60 63 -65 / 53 65 68 -56 / 51 60 67 70 / 53 -60 -67 -70 / 55 59 67 74 / 56 72 -67 / / 55 65 74 -72 / 71 -55 -65 -74 / 48 63 72 79 / 60 -63 -72 -79 <END> 
<S> 55 62 67 75 / 60 -55 -67 -75 / 55 60 67 74 / 72 -55 -60 -67 / 43 59 67 74 / 65 -43 -59 -74 / 48 60 63 72 / 48 60 63 67 / 50 63 -60 -67 / 51 60 67 72 / 48 -60 -67 -72 / 55 60 67 74 / 59 -55 -67 -74 / 65 -55 -59 -74 <END> 
<S> 48 60 67 -65 / 60 64 67 72 / 62 74 -67 -72 / 75 -55 -67 -72 / 53 65 74 -72 / 55 59 -65 -74 / 48 63 67 75 / 48 63 67 72 <END> 
<S> 53 68 72 / / -67 -72 -72 / 50 62 -72 -72 / 71 -50 -62 -72 / 55 62 67 71 / 48 63 67 72 / 60 67 72 75 / 62 65 70 74 / 63 70 73 <END> 
<S> 51 63 67 72 / 50 -63 -67 -72 / 48 62 67 74 / 47 -62 -67 -74 / 48 60 67 75 / 53 62 -67 -75 / 55 63 67 72 / 53 65 68 74 / 55 59 -65 -74 / 56 60 63 -74 / 68 -56 -60 -77 <END> 
<S> 51 60 67 72 / 58 -51 -67 -72 / 56 65 68 72 / 63 -53 -68 -72 / 55 61 67 70 / 53 68 -61 -67 / 51 60 67 75 / 55 59 67 74 / 65 -55 -59 -74 <END> 
<S> 56 60 65 72 / 55 74 -60 -63 / 53 60 68 74 / 50 58 65 -74 / 56 72 -50 -65 / 48 55 63 70 / 53 59 68 74 / 51 60 67 75 / 58 -51 -67 -75 <END> 
<S> 44 63 72 -67 / 62 -44 -72 / 60 -44 -72 -75 / 55 67 71 -60 / 59 -55 -67 -71 / 60 63 67 72 / 62 74 -60 -67 / 60 65 75 / 58 -60 -65 -75 / 74 60 -58 -65 / 56 59 65 74 / 60 -56 -65 -74 <END> 
<S> 60 63 67 75 / 58 62 -67 -75 / 56 60 72 75 / 55 70 -60 -75 / 53 60 68 74 / 55 59 67 -74 / 65 -55 -59 -74 / 48 60 63 72 / 50 58 70 77 <END> 
<S> 53 60 68 74 / 50 -60 -68 -74 / 55 59 67 -74 / 65 -55 -59 -74 / 48 55 63 72 / 46 58 70 77 <END> 
<S> 48 60 67 75 / 58 62 70 77 / 56 -62 -70 -77 / 55 62 70 77 / 53 -62 -70 -77 / 51 63 70 79 / 55 58 70 79 / 61 -55 -70 -79 <END> 
<S> 63 70 79 / 62 -63 -70 -79 / 60 63 68 79 / 58 62 70 79 / 57 63 72 77 / 59 62 74 -77 / 60 67 75 / 72 -60 -67 -75 <END> 
<S> 63 68 72 75 / 65 74 -68 -72 / 63 67 70 75 / 65 72 -60 -75 / 55 67 74 -72 / 71 -55 -67 -74 / 65 -55 -71 -74 / 48 63 72 / 70 -48 -63 -72 <END> 
<S> 55 67 70 75 / 53 -67 -70 -75 / 51 65 70 77 / 50 -65 -70 -77 / 51 63 70 79 / 72 -51 -63 -79 / 47 68 74 77 / 67 -47 -74 -77 / 48 67 72 75 / 66 -48 -72 -75 <END> 
<S> 58 63 75 77 / 56 62 77 -75 / 55 63 70 75 / 53 65 -70 -75 / 51 67 72 -70 / 53 65 69 -72 / 46 65 70 74 / 58 65 70 / 56 63 -65 -70 / 55 62 65 70 / 53 -62 -65 -70 <END> 
<S> 56 65 72 / 63 -56 -72 / 55 65 70 74 / 53 -65 -70 -74 / 51 -65 -70 -74 / 53 72 -70 -70 / 68 -53 -72 -70 / 51 67 72 -70 / 50 65 -67 -72 / 48 67 72 75 / 51 -67 -72 -75 <END> 
<S> 48 63 67 72 / 62 -48 -67 -72 / 60 63 67 72 / 58 62 -67 -72 / 56 60 65 77 / 67 -56 -60 -77 / 55 62 71 79 / 53 -62 -70 -79 / 51 67 72 79 / 50 -67 -72 -79 / 52 67 72 79 / 53 -67 -72 -79 / 55 67 71 74 / 53 -67 -71 <END> 
<S> 48 63 72 79 / 50 65 -72 -79 / 51 67 72 75 / 53 -67 -72 -75 / 55 67 71 74 / 60 67 72 75 / 58 -67 -72 -75 / 56 60 72 77 / 55 70 -60 -77 / 53 60 68 74 / 67 -53 -60 -80 / 53 -60 -67 -74 / 55 59 67 -74 / 65 -55 -59 -74 / <END> 
<S> 56 65 72 77 / 53 -56 -72 -77 / 55 62 70 77 / 46 -55 -62 -70 / 48 63 67 -58 / 60 -48 -63 -67 / 50 65 -60 -70 / 51 58 67 70 / 53 60 65 68 / 59 -53 -65 -68 / 60 63 67 / 58 62 65 77 / 60 63 75 / 59 62 67 74 <END> 
<S> 51 58 65 70 / 63 -51 -58 -70 / 46 58 65 68 / 62 -46 -58 -65 / 53 60 63 68 / 51 58 63 67 / 56 63 65 / 55 63 67 70 / 62 -55 -63 -70 / 53 60 65 68 / 51 67 -60 -65 / 48 60 65 68 / 64 -48 -60 -68 / 55 59 67 74 <END> 
<S> 56 62 65 71 / 55 -62 -65 -71 / 60 63 67 72 / 69 -60 -63 -72 / 55 65 71 74 / 53 -65 -71 -74 / 51 63 72 79 / 62 71 77 -51 / 60 67 72 75 / 69 -60 -67 -75 / 58 65 70 74 / 56 -65 -70 -74 <END> 
<S> 60 63 67 75 / 62 -60 -67 -75 / 54 60 69 75 / 55 67 71 74 / 60 67 72 75 / 58 -67 -72 -75 / 57 60 72 77 / 55 70 -60 -77 / 53 65 69 72 / 74 -53 -65 -69 / 55 58 67 75 / 57 60 -67 -75 <END> 
<S> 57 60 72 77 / 53 -60 -72 -77 / 55 65 71 74 / 59 -65 -71 -74 / 60 63 72 79 / 62 71 79 -79 / 57 60 72 77 / 59 62 74 -77 / 60 67 76 -74 / 72 -60 -67 -76 / 55 67 71 74 / 53 -67 -71 -74 <END> 
<S> 59 62 74 79 / 77 -59 -62 -74 / 60 63 67 76 / 66 69 -60 -76 / 55 67 71 74 / 60 67 72 76 / 59 -67 -72 -76 / 57 69 72 77 / 59 67 74 79 / 77 -59 -67 -74 / 60 76 -67 -74 / 69 72 -60 -76 / 70 -60 -72 -76 / 53 69 72 74 / 55 65 71 74 / 64 -55 -71 -74 <END> 
<S> 67 72 76 / 65 74 -67 -72 / 64 69 72 / 62 71 -69 / 60 64 69 72 / 65 74 -60 -69 / 59 67 76 -74 / 60 69 76 -64 / 62 71 -69 -76 / 64 68 72 76 / 65 74 81 -81 / 64 67 79 -81 / 62 83 -67 -79 / 57 60 69 77 / 65 71 -57 -77 / 56 64 72 76 / 74 -48 -64 -72 / 53 69 72 77 <END> 
<S> 59 67 74 79 / 60 67 76 / 62 77 -60 / 60 64 67 72 / 53 62 69 74 / 55 62 71 74 / 64 -55 -71 -74 / 65 71 -55 -74 / 48 64 67 72 / 60 67 72 76 / 59 -67 -72 -76 / 57 69 72 77 / 59 62 74 79 <END> 
<S> 55 62 72 74 / 71 -55 -62 -74 / 43 55 67 72 / 60 67 -43 -72 / 59 62 71 79 / 57 60 72 77 / 59 62 74 -77 / 60 64 76 -74 / 66 72 -60 -76 / 55 67 71 74 / 69 -55 -67 -74 / 50 62 69 77 / 67 -62 -62 -77 <END> 
<S> 60 64 69 79 / 57 -60 -69 -79 / 62 69 78 78 / 50 -62 -69 -78 / 72 -50 -62 -78 / 72 -54 -62 -78 / 55 62 71 79 / 64 71 79 / 62 66 -71 -79 / 60 67 72 79 / 71 -67 -72 -79 / 57 72 -67 -76 / 55 65 71 74 / 53 59 62 -74 / 52 55 76 -62 / 53 57 60 72 / 55 59 67 74 <END> 
<S> 59 67 74 79 / 60 67 72 76 / 71 -60 -67 -76 / 61 69 72 77 / 62 -69 -72 -77 / 64 70 79 -65 / 62 -70 -77 -79 / 60 72 76 77 / 62 74 -72 -77 / 67 70 76 -62 / 61 64 69 -76 <END> 
<S> 59 67 76 79 / 77 -59 -67 -79 / 60 67 76 79 / 72 74 -67 -79 / 55 -67 -72 -76 / 53 74 -67 -72 / 55 62 67 71 / 53 -62 -67 -71 / 52 60 67 72 / 50 -60 -67 -72 / 52 65 67 71 / 47 50 -65 -67 / 48 55 64 72 / 52 -48 -64 -72 <END> 
<S> 52 60 67 72 / 50 53 -60 -67 / 52 55 67 74 / 71 -52 -55 -67 / 54 60 69 72 / 55 62 67 71 / 53 59 62 67 / 52 60 67 72 / 50 65 69 74 / 71 -50 -65 -74 / 48 67 72 76 / 60 74 77 -48 / 76 79 -48 -60 / 53 59 74 77 / 60 72 76 -53 <END> 
<S> 52 60 67 72 / 50 65 69 74 / 71 -50 -65 -74 / 48 67 72 76 / 60 74 77 -48 / 76 79 -48 -60 / 53 59 74 77 / 60 72 76 -53 / 55 67 71 74 / 56 64 71 76 <END> 
<S> 52 60 67 79 / 50 -60 -67 -79 / 52 60 72 79 / 71 -52 -60 -79 / 54 60 69 74 / 55 59 67 76 / 66 -55 -59 -76 / 64 -55 -59 -76 / 55 64 69 72 / 54 62 -69 -72 / 55 62 67 71 / 53 59 -62 -67 <END> 
<S> 57 64 72 / 55 -64 -72 / 65 69 -55 -72 / 53 -65 -69 -72 / 60 65 -65 -72 / 64 67 -60 -72 / 62 65 74 / 77 -58 -65 -74 / 60 67 76 / 55 -60 -67 -76 / 53 69 74 -60 / 55 59 67 -74 / 65 69 -55 -76 / 56 67 71 76 <END> 
<S> 53 65 69 72 / 74 -53 -65 -69 / 55 76 67 72 / 58 74 -67 -72 / 57 65 72 77 / 55 70 -65 -77 / 53 65 69 72 / 74 -53 -65 -69 / 55 58 67 76 / 57 60 -67 -76 / 58 60 65 74 / 59 67 -74 / 48 60 67 76 / 64 -48 -67 -76 <END> 
<S> 53 60 69 72 / 60 67 -53 -72 / 55 59 67 74 / 60 -55 -67 -74 / 48 67 -60 -67 / 60 64 67 76 / 59 -60 -67 -76 / 57 60 69 77 / 55 62 71 79 / 57 60 69 77 / 59 62 -69 -77 / 60 64 67 76 / 61 -64 -67 -76 <END> 
<S> 57 64 69 72 / 59 62 67 74 / 61 67 76 / 62 65 69 77 / 60 64 -69 / 59 62 67 74 / 61 70 76 <END> 
<S> 59 67 74 / 65 -59 -67 -74 / 60 67 76 / 59 62 -67 -76 / 57 60 64 77 / 55 58 67 76 / 53 57 69 74 / 50 65 77 -74 / 70 -50 -65 -77 / 52 67 72 -70 / 53 69 -67 -72 / 55 65 71 74 / 62 -55 -71 -74 <END> 
<S> 50 65 69 77 / 53 62 70 -77 / 60 67 76 -70 / 53 69 72 77 / 67 71 74 / 55 -67 -71 -74 / 60 67 72 76 / 57 -60 -67 -72 / 0 / 69 72 74 -60 / 55 71 74 -60 / 64 -55 -71 -74 / 65 -55 -71 -74 <END> 
<S> 60 67 72 76 / 65 -60 -72 -76 / 64 67 71 79 / 62 -67 -71 -79 / 60 67 72 76 / 65 -60 -72 -76 / 55 67 71 74 / 62 65 -55 -74 / 64 -55 54 -74 / 54 62 69 72 / 55 62 67 71 <END> 
<S> 57 64 69 72 / 65 -57 -69 -72 / 64 67 71 / 62 66 -71 -76 / 60 64 69 78 / 62 71 77 / 64 67 72 / 57 60 72 76 / 59 -57 -72 -76 / 57 60 66 77 / 55 59 67 76 / 53 -59 -67 -76 <END> 
<S> 57 64 71 72 / 59 -64 -72 / 60 62 69 -72 / 59 62 -69 -72 / 64 67 71 / 62 66 69 81 / 59 65 71 79 / 57 72 -65 / 55 59 74 79 / 60 67 76 / 59 62 67 74 / 60 64 76 -74 / 57 62 71 76 <END> 
<S> 59 62 67 79 / 69 -59 -62 -79 / 60 67 71 79 / 62 74 -67 -79 / 64 67 72 84 / 66 69 74 -84 / 67 71 74 83 / 72 76 -67 -83 / 62 74 78 81 / 64 70 -74 -81 / 65 72 81 81 / 64 67 -72 -81 / 53 69 72 77 / 60 67 72 75 <END> 
<S> 64 67 72 79 / 65 69 74 -79 / 67 70 76 69 / 65 69 81 81 / 64 73 79 -81 / 73 -64 -81 -79 / 50 69 77 -75 / 74 -50 -69 -77 / 72 76 -62 -69 / 47 62 71 74 / 69 72 -62 -77 / 59 67 74 79 / 60 67 72 76 / 59 -67 -72 -76 <END> 
<S> 67 69 74 / 50 65 69 -74 / 52 67 70 76 / 53 -67 -70 -76 / 53 60 69 81 / 65 -53 -69 -81 / 55 65 71 74 / 64 -55 -71 -74 / 57 64 72 -71 / 69 -57 -64 -72 / 52 64 72 -57 / 53 -64 -64 -72 <END> 
<S> 57 64 69 72 / 55 -64 -69 -72 / 54 62 69 72 / 71 -50 -62 -77 / 52 55 72 76 / 71 -52 -55 -76 / 67 -52 -55 -64 / 53 57 62 69 / 55 59 64 -69 / 60 -55 -64 -69 / 53 62 69 -60 / 59 68 -53 -62 / 48 60 64 67 / 64 -48 -60 -64 <END> 
<S> 53 57 69 72 / 64 -53 -69 -72 / 54 62 69 74 / 62 -54 -69 -74 / 55 62 71 79 / 64 -55 -71 -76 / 57 64 69 72 / 50 65 -69 -72 / 52 67 71 / 53 64 69 72 / 55 -64 -67 -72 / 62 65 69 72 / 64 -62 -69 -72 / 59 62 67 71 <END> 
