<S> 60 67 72 76 / 57 69 72 77 / 52 67 71 79 / 65 -52 -71 -79 / 57 64 72 79 / 50 65 72 77 / 71 -50 -65 -77 / 52 67 72 76 / 53 -67 -72 -76 / 55 67 71 74 / 55 67 71 74 <END> 
<S> 50 65 72 77 / 71 -50 -65 -77 / 52 67 72 76 / 53 -67 -72 -76 / 55 67 71 74 / 55 67 71 74 / 60 67 72 76 / 59 39 -67 -76 / 57 60 72 77 / 62 -57 -72 -77 / 52 64 72 79 / 62 71 -52 -79 / 50 60 69 77 / 62 71 -50 -77 <END> 
<S> 60 67 72 76 / 59 -67 -72 -76 / 57 69 72 77 / 59 62 74 79 / 52 -59 -74 -79 / 57 60 65 77 / 55 59 67 -77 / 53 -59 -67 -74 / 52 72 -59 -67 / 50 74 -59 -65 / 48 67 55 76 / 52 59 67 76 / 57 60 64 72 <END> 
<S> 52 60 67 79 / 53 -60 -67 -79 / 55 60 67 74 / 59 -55 -67 -74 / 48 64 67 72 / 60 64 67 72 / 59 62 67 79 / 60 67 76 / 59 -60 -67 -76 / 57 60 69 77 / 55 -60 -69 -77 <END> 
<S> 55 59 67 74 / 53 61 67 76 / 52 -61 -67 -76 / 50 62 65 77 / 67 -50 -62 -77 / 55 61 69 76 / 57 -61 -69 -76 / 58 62 69 74 / 67 -58 -62 -74 / 57 61 67 76 / 65 -57 -61 -76 / 64 -57 -61 -76 / 50 57 65 74 / 59 62 67 74 <END> 
<S> 58 62 69 74 / 67 -58 -62 -74 / 57 61 67 76 / 65 -57 -61 -76 / 64 -57 -61 -76 / 50 57 65 74 / 59 62 67 74 / 60 67 76 / 59 -60 -67 -76 / 57 60 69 77 / 55 62 71 79 / 57 60 69 77 / 59 62 -69 -77 <END> 
<S> 57 60 69 77 / 59 62 -69 -77 / 60 64 67 76 / 65 -60 -64 -76 / 55 59 67 74 / 65 -59 -67 -74 / 60 67 67 76 / 65 69 -60 -76 / 59 62 67 79 / 77 -59 -67 -79 / 60 67 76 79 / 77 -60 -67 -79 / 60 67 72 76 / 53 69 72 81 / 65 71 74 -53 / 62 65 -71 -74 / 57 64 73 76 / 69 -57 -64 -76 <END> 
<S> 59 67 74 79 / 61 76 81 -79 / 62 78 81 / 72 -62 -78 -81 / 55 71 74 79 / 60 64 76 79 / 56 60 76 -81 / 59 76 41 -81 / 57 60 77 -76 / 75 -57 -60 -72 / 55 59 67 74 / 53 -59 -67 -74 / 52 60 67 72 / 58 -52 -67 -72 / 53 57 69 72 / 47 65 -53 -72 / 48 60 67 76 / 55 59 64 74 / 53 -59 -59 -74 <END> 
<S> 55 59 67 74 / 48 60 67 76 / 48 60 64 72 / 50 65 74 -72 / 52 64 72 79 / 53 -64 -72 -79 / 55 62 71 79 / 77 -55 -62 -71 / 48 67 76 -62 / 50 60 -67 -76 / 52 -67 -76 -76 / 53 69 77 -60 / 52 60 67 76 / 74 -52 -60 -67 / 57 72 77 -60 / 59 67 74 -77 <END> 
<S> 52 67 72 / 50 65 74 -67 / 48 64 67 76 / 50 65 -67 -76 / 52 67 72 76 / 53 -67 -72 -76 / 55 67 72 -72 / 71 -55 -67 -72 / 56 71 -67 -71 / 0 / -71 -71 68 74 / 67 72 76 / 62 -67 -72 -76 / 60 69 77 -72 / 64 71 -60 -77 / 62 69 72 77 / 68 -62 -72 -77 / 67 70 76 -62 / 61 69 -67 -76 <END> 
<S> 60 67 72 76 / 65 69 72 77 / 64 -69 -72 -77 / 62 71 79 / 62 71 -71 -79 / 60 67 72 76 / 65 69 74 77 / 64 71 -74 -81 / 62 72 81 -67 / 66 39 -72 -81 / 55 67 71 79 / 60 67 76 79 / 62 -60 -67 -76 / 52 60 67 76 / 53 60 69 77 / 65 71 -53 -60 <END> 
<S> 64 67 72 79 / 65 74 81 -72 / 64 71 -74 -81 / 62 72 79 -79 / 74 -62 -64 -79 / 64 73 76 81 / 57 74 81 -81 / 64 69 72 -81 / 50 65 69 77 / 67 70 -50 -77 / 65 69 74 81 / -65 -69 -74 -81 / 64 67 72 58 62 65 -72 / 60 69 -65 / 59 67 -65 -69 / 60 64 69 -67 <END> 
<S> 57 69 72 77 / 67 -57 -72 -77 / 72 -57 -67 -72 / 55 67 71 74 / 60 67 72 76 / 59 -67 -72 -76 / 57 69 72 77 / 52 67 72 79 / 77 -52 -67 -72 / 53 69 72 77 / 52 67 72 76 / 53 69 72 74 / 55 67 71 -74 / 43 67 71 74 / 65 -43 -71 -74 <END> 
<S> 53 69 72 77 / 55 67 71 74 / 55 67 74 / 65 71 -55 -74 / 57 63 69 72 / 59 65 74 -69 / 67 -59 -64 -74 / 60 67 76 / 59 -60 -67 -76 / 57 60 65 77 / 55 59 67 76 / 53 57 69 74 / 50 59 65 -74 / 52 60 64 76 / 54 57 -64 -76 <END> 
<S> 59 62 67 74 / 57 60 -67 -74 / 55 59 67 74 / 53 -59 -67 -74 / 52 59 67 79 / 50 -59 -67 -79 / 52 60 67 79 / 53 -60 -67 -79 / 55 60 67 74 / 59 -55 -67 -74 / 52 59 67 76 / 74 -52 -59 -67 / 57 60 64 72 / 55 59 67 -64 / 54 57 62 69 / 50 -57 -62 -69 <END> 
<S> 55 59 67 74 / 53 61 -67 -74 / 52 60 67 76 / 53 69 -60 -76 / 55 67 71 74 / 52 67 71 76 / 74 -52 -67 -71 / 57 60 69 77 / 59 62 -69 -77 / 60 64 67 76 / 53 -64 -67 -76 <END> 
<S> 59 67 74 / 57 65 71 -74 / -79 64 72 / 54 69 74 -72 / 55 67 71 74 / 53 -67 -71 -74 / 52 68 72 76 / 74 -52 -68 -72 / 53 69 72 76 / 77 -53 -72 -69 / 67 72 -53 -72 / 55 67 -72 -72 / 65 74 -55 -72 / 64 -55 -72 -74 / 62 71 -55 -74 / 65 -55 -71 -74 <END> 
<S> 50 65 69 77 / 71 -50 -65 -77 / 52 67 72 76 / 53 -67 -72 -76 / 55 67 71 74 / 52 -67 -71 -74 / 50 65 67 72 / 48 -67 -72 -76 / 53 69 72 74 / 50 65 -72 -74 / 55 62 71 -74 / 67 -55 -71 -74 / 65 -55 -71 -74 / 48 64 67 72 <END> 
<S> 53 69 72 74 / 65 -53 -72 -74 / 55 62 71 74 / 67 72 -55 -71 / 65 -55 -71 -74 / 60 64 69 72 / 62 71 -69 / 60 64 67 72 / 65 69 -60 -72 / 55 67 71 -60 / 59 62 67 -55 / 57 64 69 -67 / 62 65 69 71 / 55 59 67 71 / 65 -55 -59 -67 <END> 
<S> 66 69 74 -60 / 59 67 -74 / 57 64 69 72 / 55 -64 -69 -72 / 53 62 69 71 / 50 -62 -69 -72 / 55 62 69 71 / 64 -55 -62 -71 / 50 60 66 69 / 59 62 67 -69 / 60 64 67 71 / 62 65 69 -71 / 64 67 71 / 62 65 -67 -71 <END> 
<S> 55 62 71 -69 / 67 71 -55 -71 / 50 62 69 -67 / 66 -50 -62 -69 / 60 -50 -66 -69 / 55 59 62 67 / 55 59 62 67 / 52 60 67 70 / 53 60 65 69 / 48 60 65 67 / 47 -60 -65 -67 / 45 60 64 72 / 47 62 -64 -72 / 48 57 64 72 / 50 -57 -64 -72 <END> 
<S> 53 60 67 69 / 52 -60 -67 -69 / 50 60 65 69 / 48 -60 -65 -69 / 47 62 67 71 / 43 -62 -67 -71 / 48 65 69 72 / 47 -65 -69 -72 / 48 60 64 67 / 58 -48 -64 -67 / 45 57 60 65 / 53 59 62 67 / 48 -59 -62 -67 <END> 
<S> 47 65 74 / 55 59 67 / -74 -55 -59 -67 / 48 55 60 64 / 43 53 59 62 / 52 -43 -59 -62 / 45 52 60 64 / 47 -52 -60 -64 / 48 57 60 65 / 41 -57 -60 -65 / 59 62 67 -57 / 64 -48 -59 -67 / 41 57 60 69 / 62 69 -41 -60 <END> 
<S> 45 57 60 64 / 46 53 62 -60 / 60 64 -53 -60 / 59 50 62 -53 / 52 55 60 64 / 50 57 65 -60 / 43 59 62 67 / 55 59 62 67 / 64 -55 -59 -62 / 60 -55 -64 / 62 -48 -55 -60 / 0 / 48 55 60 64 / 50 65 -55 -60 / 52 55 60 67 / 50 -55 -60 -67 <END> 
<S> 43 60 67 -60 / 59 -43 -60 -67 / 45 60 65 -60 / 47 55 62 67 / 48 55 64 72 / 60 -48 -64 -72 / 55 60 65 74 / 59 -55 -65 -74 / 48 60 64 72 / 53 57 60 -72 / 52 55 67 72 / 50 -55 -67 -72 / 48 64 67 72 / 47 -64 -67 -72 / 48 62 67 69 / 64 -62 -67 -69 <END> 
<S> 48 55 64 72 / 53 65 -48 -72 / 55 60 67 -48 / 59 -48 -55 -67 / 41 57 60 69 / 43 58 -57 -69 / 45 52 60 72 / 54 -45 -57 -72 / 43 55 70 74 / 42 -43 -50 -70 / 45 52 70 72 / 38 53 -70 -72 / 46 55 70 -63 / 61 -39 -55 -70 <END> 
<S> 50 54 62 69 / 48 55 -62 -69 / 47 54 62 69 / 45 60 -55 -69 / 43 55 59 71 / 62 -43 -55 -71 / 48 55 60 64 / 46 -55 -60 -64 / 45 53 60 65 / 43 55 59 -65 / 45 57 60 64 / 46 -57 -60 -64 / 41 57 60 62 / 43 55 59 -62 / 53 -43 -59 -62 <END> 
<S> 45 57 60 65 / 47 55 62 -65 / 48 55 64 / 47 62 -55 / / 59 -55 -62 / 40 55 60 67 / 41 -55 -60 -67 / 43 55 62 -60 / 59 -43 -55 -62 / 53 -43 -59 -62 / 48 52 55 60 / 47 57 62 65 / 64 -57 -57 / 45 57 62 65 / 46 53 62 -65 <END> 
<S> 48 55 60 -55 / 52 -48 -55 -60 / 47 50 55 59 / 48 52 55 60 / 47 50 55 62 / 45 57 -50 -62 / 43 59 59 62 / 55 -43 -59 -62 / 48 55 60 64 / 41 57 60 64 / 43 55 59 62 / 53 -43 -59 -62 / 48 52 55 60 <END> 
<S> 48 55 60 64 / 46 -55 -60 -64 / 45 57 60 65 / 47 55 62 -65 / 48 55 64 -62 / 60 -48 -55 -64 / 41 57 60 62 / 43 55 59 -62 / 53 -43 -59 -62 / 36 52 55 60 <END> 
<S> 41 50 57 60 / 43 55 59 -60 / 53 -43 -59 -59 / 48 52 55 60 / 48 55 60 64 / 58 -48 -55 -64 / 50 53 57 62 / 59 -53 -57 -62 / 52 55 59 -62 / 53 57 60 / 59 62 -53 / 52 55 60 64 / 50 57 65 -60 / 55 59 -50 -65 / 48 55 60 64 / 46 -55 -60 -64 <END> 
<S> 50 57 60 65 / 55 59 -50 -65 / 53 57 62 -65 / 50 -57 -62 -65 / 57 -50 -62 -65 / 55 61 64 / 53 62 -55 / 36 52 55 60 / 48 52 60 67 / 41 53 60 69 / 62 -53 -53 -69 / 48 45 64 72 / 47 55 -64 -72 / 48 57 64 72 / 50 -57 -64 -72 <END> 
<S> 52 55 60 67 / 50 65 -55 -60 / 48 55 60 64 / 46 -55 -60 -64 / 45 53 60 65 / 44 -53 -60 -65 / 43 55 60 64 / 59 62 -43 -55 / 57 -43 -55 -59 / 31 59 -55 -62 / 53 -43 -59 -62 / 45 52 55 60 <END> 
<S> 43 55 59 62 / 44 52 59 64 / 48 52 60 -59 / 50 55 59 62 / 48 55 64 -62 / 60 -48 -55 -64 / 41 57 60 62 / 43 55 59 -62 / 53 -43 -59 -62 <END> 
<S> 47 50 62 67 / 48 -47 -62 -67 / 50 65 69 / -48 -55 -69 / 55 70 74 -52 / 52 67 -70 -74 / 53 65 69 72 / 48 64 67 72 76 / 60 67 72 76 / 59 -67 -72 -76 / 57 69 72 77 / 59 67 74 79 <END> 
<S> 53 60 69 72 / 51 67 -60 -72 / 50 65 69 74 / 71 -50 -65 -74 / 48 67 72 76 / 52 -67 -72 -76 / 53 69 74 -72 / 50 65 -72 -74 / 55 62 71 -74 / 67 -55 -71 -74 / 65 -55 -71 -74 / 48 64 67 72 <END> 
<S> 53 69 72 / 52 67 -69 -72 / 50 65 71 74 / 48 67 72 76 / 55 -67 -72 -76 / 57 66 72 -76 / 62 66 74 / 60 69 72 -74 / 67 71 74 -67 / 69 72 -67 -76 / 62 67 71 79 / 72 -62 -67 -79 <END> 
<S> 57 64 69 72 / 67 -57 -64 -72 / 50 62 66 -72 / 60 -50 -66 -69 / 55 59 62 67 / 52 64 67 72 / 54 62 69 74 / 55 67 71 -74 / 72 -55 -67 -71 / 69 -55 -67 -74 / 67 71 -55 -67 / 65 -55 -67 -74 / 48 64 67 72 / 50 62 66 74 / 55 62 67 71 <END> 
<S> 55 67 69 74 / 50 59 -67 -74 / 52 60 67 72 / 54 69 74 -72 / 55 67 71 -74 / 62 67 71 -55 / 65 -55 -71 -71 / 64 -55 -71 -71 / 48 64 69 72 / 50 -64 -69 -72 / 55 62 71 -69 / 67 52 64 69 / 53 62 69 74 / 50 59 65 -74 / 64 67 -53 -60 / 46 62 65 74 <END> 
<S> 55 62 70 -67 / 48 64 67 69 / 50 62 66 71 / 52 60 67 / 50 59 62 -67 / 48 60 64 67 / 47 62 -67 -67 / 45 64 69 -67 / 45 -64 -67 -69 / 50 57 66 74 / 50 62 69 -74 / 52 55 64 71 / 54 60 69 -55 / 55 59 67 / / 52 -67 -74 <END> 
<S> 45 60 64 72 / 66 -45 -60 -72 / 47 62 67 71 / 48 -62 -67 -71 / 50 62 69 -67 / 55 62 -67 -69 / 38 59 62 67 / 57 60 72 -53 / 52 55 59 67 / 48 60 64 69 / 50 -60 -64 -69 / 52 64 67 71 / 48 64 -64 -67 / 50 62 65 71 / 62 69 -50 -65 <END> 
<S> 45 60 64 72 / 47 55 62 -72 / 48 64 -55 -72 / 50 55 62 71 / 52 55 -62 -71 / 50 54 57 69 / 59 -50 -54 -69 / 43 59 64 67 / 48 60 64 67 / 43 60 62 -67 / / 59 62 67 / 65 -43 -59 -62 / 52 55 60 64 / 53 -55 -60 -64 / 54 57 62 -60 / 55 59 62 / 53 -55 -59 -62 <END> 
<S> 47 50 62 67 / 49 55 64 -67 / 50 57 65 69 / 62 -50 -57 -69 / 52 60 64 -69 / 53 -60 -64 -69 / 55 60 65 -53 / 52 -55 -60 -65 / 43 58 62 -55 / 58 -43 -58 -62 / 48 52 55 60 / 53 62 -48 -55 / 47 55 60 64 / 48 -55 -60 -64 / 48 55 60 64 / 47 62 -55 -60 <END> 
<S> 55 62 65 / 53 -55 -62 -65 / 43 55 62 -62 / 60 -43 -55 -62 / 43 55 59 62 / 51 -43 -59 -62 / 48 55 60 64 / 47 62 -55 -64 / 48 55 60 64 / 50 65 -55 -60 / 52 55 60 64 / 53 -55 -60 -64 / 55 59 62 -55 / 53 -55 -59 -62 / 52 55 60 64 / 48 -55 -60 -64 <END> 
<S> 48 55 60 64 / 50 65 -55 -60 / 52 55 60 67 / 53 60 69 -55 / 53 62 -60 -69 / 55 59 62 67 / 64 -55 -59 -67 / 65 -55 -59 -67 / 48 60 64 67 / 48 -60 -64 -67 / 53 60 65 69 / 64 -53 -60 -69 / 59 62 67 -53 / 52 60 64 67 / 58 65 -52 -67 <END> 
<S> 55 60 64 72 / 62 -55 -60 -72 / 55 60 64 / 48 -55 -60 -64 / 47 -55 -60 -62 / 43 59 62 -55 / 53 -43 -59 -62 / 36 52 55 60 / 0 / 48 55 60 64 / 52 59 65 71 / 50 60 -65 -71 / 52 59 67 71 / 56 -52 -59 -67 / 62 -52 -67 -71 / 45 60 64 69 / 66 -45 -60 -69 / 47 62 67 71 <END> 
<S> 48 55 60 64 / 47 55 62 67 / 71 -47 -55 -62 / 45 55 60 64 / 54 -45 -60 -64 / 43 55 59 62 / 41 -55 -59 -62 / 42 57 60 64 / 48 -57 -60 -64 / 50 55 62 65 / 52 59 67 / 43 53 -59 -67 <END> 
<S> 43 55 60 62 / 59 -43 -55 -62 / 48 55 60 64 / 50 55 58 62 / 52 -50 -58 -62 / 53 59 -55 -62 / 55 -52 -59 -62 / 48 55 60 64 / 41 62 -60 -64 / 45 60 64 67 / 43 58 -60 -67 / 41 57 60 69 / 38 53 -60 -69 / 46 55 62 67 / 71 -55 -62 -67 <END> 
<S> 55 62 -48 -60 / 47 55 62 / 43 55 59 62 / 48 55 60 64 / 52 55 60 / 55 53 62 -60 / 52 55 60 67 / 50 65 -55 -60 / 48 55 60 64 / 47 -55 -60 -64 / 45 59 62 -64 / 50 57 -53 -64 / 59 62 -57 / 42 57 60 64 / 50 57 62 65 / 43 55 59 -62 <END> 
<S> 54 57 62 74 / 55 59 64 -74 / 54 57 62 72 / 52 55 64 -72 / 54 57 -64 -72 / 55 59 62 71 / 52 64 72 79 / 69 -52 -64 -79 / 53 62 77 81 / 57 -53 -62 -77 / 55 67 71 76 / 55 -67 -71 -76 / 57 72 73 -76 / 59 74 -69 -72 / 60 67 72 76 / 65 -60 -72 -76 <END> 
<S> 57 64 69 72 / 62 65 -69 -72 / 64 67 71 79 / 65 74 -67 -79 / 64 67 72 76 / 65 74 81 -67 / 64 67 76 84 / 65 74 81 -67 / 59 67 74 83 / 60 76 81 -67 / 62 71 79 <END> 
<S> 59 67 74 77 / 60 67 72 76 / 59 67 74 79 / 77 -59 -67 -74 / 60 67 76 -74 / 72 -60 -67 -76 / 55 67 72 74 / 59 -55 -67 -74 / 48 64 67 72 / 60 64 67 72 <END> 
<S> 67 69 74 / 58 -67 -74 -77 / 57 65 72 / 74 -57 -65 / 55 58 67 76 / 53 69 77 / 52 60 67 79 / 50 53 -60 -67 / 52 55 67 72 / 53 59 74 / 55 60 67 74 / 72 -55 -60 -67 <END> 
<S> 52 60 67 72 / 50 65 69 74 / 71 -50 -65 -74 / 48 67 72 76 / 50 59 -72 -76 / 52 60 67 76 / 53 74 -60 -67 / 55 59 67 74 / 56 64 71 76 <END> 
<S> 47 62 67 74 / 65 -47 -62 -74 / 52 55 64 72 / 50 -55 -64 -72 / 48 62 65 71 / 47 -62 -65 -71 / 48 64 67 -59 / 60 -48 -64 -67 / 53 60 69 -64 / 62 -53 -53 -69 / 52 60 64 67 / 50 57 65 -67 <END> 
<S> 45 60 64 72 / 47 55 62 -72 / 48 55 64 -62 / 45 60 -55 -64 / 46 53 62 -60 / 50 54 59 -62 / 53 57 -43 -62 / 52 55 -57 -62 / 50 53 55 62 / 48 52 55 -62 / 53 -48 -55 -59 / 40 55 60 67 / 41 -55 -60 -67 <END> 
<S> 47 50 62 -55 / 48 55 64 / 47 65 -55 / 40 60 64 67 / 59 62 -40 -67 / 45 57 60 69 / 43 55 59 71 / 42 -43 -59 -71 / 40 48 55 60 / 36 48 55 60 / 36 55 60 64 / 41 -55 -60 -64 / 43 57 60 -60 / 55 59 -43 -60 <END> 
<S> 47 55 62 / 65 -47 -55 -62 / 48 55 60 64 / 46 -55 -60 -64 / 45 57 60 65 / 43 -57 -60 -65 / 41 55 60 67 / 40 -60 -55 -67 / 43 55 60 67 / 53 -43 -60 -67 / 59 -43 -53 -62 / 52 -43 -59 -62 / 45 52 57 60 / 47 50 62 65 / 48 55 64 / 47 50 -55 -64 <END> 
<S> 41 60 62 67 / 45 -60 -62 -67 / 43 55 62 71 / 50 62 71 -55 / 48 55 60 64 / 47 -55 -60 -64 / 45 57 60 64 / 43 55 59 62 / 48 55 60 64 / 59 -48 -55 -64 / 43 55 60 67 / 59 -43 -55 -67 / 45 -43 -60 -67 / 43 55 59 62 / 47 55 62 67 <END> 
<S> 47 55 62 67 / 45 60 -55 -67 / 43 55 62 65 / 47 62 -55 -65 / 48 55 60 64 / 48 55 60 64 / 41 53 60 -60 / 59 -53 48 / 52 55 60 64 / 47 62 -55 -64 / 45 57 60 64 / 66 -57 -60 <END> 
<S> 48 55 60 64 / 50 -55 -60 -64 / 52 55 60 64 / 53 -55 -60 -64 / 55 59 62 / 53 -55 -59 -62 / 52 55 60 64 / 48 -55 -60 -64 / 53 55 60 64 / 52 -55 -60 -64 / 53 57 60 69 / 50 65 -60 -69 / 55 59 62 67 / 52 60 -55 -67 / 53 57 60 62 / 50 -57 -60 -65 / 55 59 62 / 43 55 59 62 <END> 
<S> 50 53 57 65 / 59 -50 -53 -65 / 52 55 60 64 / 53 -55 -60 -64 / 55 59 62 / 53 -55 -59 -62 / 52 55 60 64 / 50 -55 -60 -64 / 52 55 60 65 / 50 59 -50 -65 / 52 55 60 64 / 53 -55 -60 -64 / 55 59 62 / 53 55 61 64 / 52 57 60 -64 <END> 
<S> 50 53 62 65 / 47 55 -50 -65 / 48 52 55 60 / 48 52 60 67 / 58 -48 -55 -67 / 43 53 60 -58 / 57 -43 -53 -60 / 55 58 62 / 47 56 -62 -65 / 43 55 60 64 / 53 57 -60 -64 / 55 59 62 / 53 -55 -59 -62 / 52 55 60 64 / 50 -55 -60 -64 <END> 
<S> 47 55 62 67 / 48 52 60 -55 / 53 60 -48 -60 / 55 59 62 / 43 56 -55 -59 / 57 -43 59 62 / 45 57 60 65 / 64 -45 -57 -60 / 43 59 62 / -55 -59 -62 / 48 55 60 64 / 52 55 59 67 / 50 -55 -59 -67 / 49 57 64 67 / 45 -57 -64 -67 / 50 57 62 65 / 43 59 62 67 <END> 
<S> 47 55 62 67 / 43 -55 -62 -67 / 48 55 60 64 / 59 -48 -55 -64 / 42 57 60 62 / 44 59 64 -62 / 43 56 59 62 / 41 53 57 62 / 40 55 60 64 / 41 53 60 65 / 45 53 60 65 / 41 53 -60 -65 / 43 55 59 62 / 55 -43 -59 -62 <END> 
<S> 43 57 60 65 / 59 -43 -43 -65 / 48 55 60 64 / 55 59 62 / 53 -55 -59 -62 / 52 59 62 67 / 50 -55 -59 -67 / 48 55 60 65 / 47 62 -55 -65 / 48 55 60 64 / 62 -48 -55 -60 / 43 55 59 62 / 43 52 58 67 / 50 -43 -58 -67 <END> 
