<S> 51 55 60 67 / 55 60 -51 -67 / 57 65 -51 -60 / 50 53 59 -65 / 48 55 60 63 / 50 59 -55 -63 / 51 60 -55 -63 / 48 -55 -60 -63 / 43 55 60 62 / 59 -43 -55 -62 / 48 55 60 63 / 50 53 65 -60 / 55 59 -50 -65 / 56 -50 -59 -65 / 51 55 60 63 / 48 -55 -60 -63 <END> 
<S> 43 55 60 62 / 50 53 -60 -62 / 55 -50 -60 -62 / 43 59 62 -55 / 53 -43 -59 -62 / 48 51 55 60 / 48 60 63 67 / 50 -60 -63 -67 / 51 60 67 / 53 58 -67 / 57 65 72 -53 / 58 62 65 70 / 67 -58 -62 -70 / 51 60 63 67 / 48 -60 -63 -67 <END> 
<S> 48 60 64 67 / 58 -48 -64 -67 / 53 56 65 / 55 58 65 / / 53 56 -65 43 55 58 62 -53 / 57 60 -55 -62 / 55 58 62 / 53 -55 -58 -62 / 51 55 58 63 / 50 53 -58 -67 / 48 51 55 67 / 60 -48 -55 -67 / 42 55 58 65 / 62 -55 -58 / 56 60 -55 -58 / 53 56 60 62 / 55 59 -53 -62 / 53 62 -53 -59 / 51 55 60 / 63 50 65 -55 <END> 
<S> 55 58 62 / 53 56 60 -62 / 55 58 62 / 53 53 -58 -62 / 51 55 60 / 48 51 -60 -63 / 41 56 60 68 / 65 -41 -56 -68 / 39 63 67 -56 / 51 60 -67 -67 / 53 60 65 68 / 55 63 -60 -68 / 56 59 65 -63 / 60 -56 -65 / 55 58 63 67 / 53 68 -63 -67 / 51 63 67 70 / 68 -51 -63 -70 <END> 
<S> 45 53 60 65 / 47 55 63 67 / 65 -47 -55 -67 / 39 55 60 67 / 59 62 -55 -67 / 53 57 60 69 / 55 -60 -60 -69 / 55 59 62 67 / 52 55 60 67 / 53 57 60 65 / 55 59 62 / 51 55 60 63 / 53 56 62 -60 / 59 -53 -56 -62 <END> 
<S> 55 60 62 / 53 60 -60 / 43 55 59 62 / 44 -55 60 -75 / 43 55 60 72 / 53 -43 -60 -67 / 59 -43 -53 -55 / 36 51 60 -55 / 50 53 -60 -67 / 51 55 58 67 / 50 -55 -58 -67 / 48 48 60 65 / 53 -48 -60 -65 / 46 55 62 -60 / 59 -43 -55 -62 / 43 55 59 62 <END> 
<S> 44 51 60 62 / 47 50 -60 -62 / 48 51 55 60 / 48 51 55 58 / 53 56 60 -48 / 52 55 59 / 53 56 60 51 / 55 59 62 / 53 -55 -59 -62 / 51 55 60 63 / 53 -55 -60 -63 / 55 59 62 / 43 53 -59 -62 / 48 51 55 60 / 48 55 60 63 / 50 -55 -60 -63 <END> 
<S> 41 53 60 68 / 65 -53 -60 -68 / 48 55 60 67 / 59 62 -48 -67 / 53 60 65 / 51 55 -60 -65 / 50 58 62 / 57 60 -50 / 53 59 62 / 48 55 60 63 / 55 59 62 65 / 53 -55 -62 -65 / 50 55 62 70 / 48 60 63 -70 / 50 58 65 68 / 51 58 63 67 <END> 
<S> 57 60 66 -48 / 50 55 58 70 / 51 58 67 -58 / 50 54 -58 -67 / 52 55 60 72 / 54 62 -51 -72 / 50 58 65 70 / 51 58 63 67 / 50 -58 -63 -67 / 48 60 63 68 / 50 58 65 70 / 51 58 63 67 <END> 
<S> 51 58 67 / 50 -58 -67 / 51 55 63 -67 / 60 -55 -63 -67 / 58 62 65 -55 / 56 60 63 / / 55 62 70 / 68 -55 -58 -70 / 51 58 67 70 / 65 -51 -58 -70 / 67 -51 -58 -70 / 68 -46 -58 -70 / 51 58 67 75 / 58 62 70 77 <END> 
<S> 51 58 65 67 / 63 -51 -58 -67 / 56 60 63 72 / 55 -60 -63 -72 / 53 62 68 72 / 63 -53 -68 -72 / 55 65 67 71 / 48 63 67 72 / 55 59 67 74 <END> 
<S> 58 65 74 / 56 -58 -65 -74 / 55 67 70 75 / 51 -67 -70 -75 / 50 65 70 74 / 51 63 -70 -74 / 53 65 68 72 / 63 -53 -68 -72 / 46 62 65 74 / 55 70 -65 -74 / 56 65 72 / 63 70 -56 -72 <END> 
<S> 53 63 68 72 / 51 -63 -68 -72 / 50 58 70 77 / 51 63 70 79 / 53 65 68 77 / 55 67 75 / 57 60 -67 -75 / 59 62 65 74 / 63 67 -62 -74 / 62 65 70 / 63 69 -62 -65 / 59 62 67 74 / 60 67 75 / 58 -60 -67 -75 <END> 
<S> 60 63 67 75 / 56 60 65 -75 / 55 67 75 -65 / 53 60 68 77 / 62 -53 -68 -77 / 51 63 67 79 / 55 71 -63 -79 / 56 62 72 77 / 59 62 74 -77 / 60 63 67 75 / 65 -60 -75 -75 <END> 
<S> 56 60 75 -65 / 55 58 70 75 / 53 -58 -70 -75 / 51 65 70 77 / 50 -65 -70 -77 / 51 63 70 79 / 62 71 77 -51 / 56 60 72 75 / 55 70 -60 -75 / 53 68 72 77 / 74 -53 -68 -77 / 48 67 76 -62 / 50 62 66 77 / 60 -50 -50 -77 <END> 
<S> 55 70 75 -65 / 56 60 65 77 / 58 62 70 77 / 51 63 70 79 / 60 63 68 79 / 59 62 67 77 / 60 67 75 / 55 59 74 -67 / 55 67 71 74 <END> 
<S> 56 63 68 72 / 65 -56 -56 -72 / 50 62 65 71 / 60 63 67 / 59 62 67 / 57 60 -67 <END> 
<S> 51 63 67 / 50 65 -67 -72 / 48 63 67 72 / 55 71 -63 -67 / 57 60 66 72 / 59 62 67 74 / 60 67 75 / 62 -60 -67 -75 <END> 
<S> 47 62 67 79 / 48 63 67 -75 / 74 -48 -67 -63 / 50 65 67 72 / 51 63 67 / 53 62 -67 / 55 60 67 72 / 59 65 74 / 60 63 67 75 / 58 62 -67 -75 / 56 60 72 77 / 55 70 -60 -77 <END> 
<S> 60 63 67 72 / 58 62 -67 -72 / 56 60 65 72 / 55 67 -60 -72 / 53 60 68 74 / 55 59 67 74 / 65 -55 -67 -74 / 48 63 67 72 / 60 63 67 72 <END> 
<S> 68 72 -53 / / 59 -67 -72 / 60 68 72 -53 / 55 -60 -72 -77 / 57 72 75 / 53 65 74 -72 / 55 62 67 71 / 48 63 67 72 / 60 63 67 72 <END> 
<S> 68 74 -60 / 59 -43 -68 -74 / 60 67 -43 -74 / 47 62 67 74 / 48 60 67 75 / 51 60 67 74 / 50 59 -67 -74 / 48 67 72 75 / 51 -67 -72 -75 <END> 
<S> 48 60 67 75 / 60 67 72 75 / 55 67 71 74 / 55 67 71 74 / 53 -67 -71 -74 / 51 67 72 79 / 53 -67 -72 -79 / 55 67 70 75 / 65 -55 -67 -75 <END> 
<S> 48 63 72 75 / 50 65 -72 -75 / 51 67 72 75 / 53 -67 -72 -75 / 55 67 71 74 / 60 67 72 75 / 58 -67 -72 -75 / 57 60 72 77 / 59 62 -72 -77 / 60 63 72 75 / 65 -60 -72 -75 / 55 67 71 74 <END> 
<S> 57 60 72 77 / 55 -60 -72 -77 / 53 67 70 79 / 55 -67 -70 -79 / 53 65 69 72 / 63 -53 -69 -72 / 58 62 65 74 / 58 67 70 75 / 68 -58 -75 / 63 67 70 75 / 65 -67 -70 -75 / 67 70 74 77 / 59 -67 -70 -77 <END> 
<S> 58 63 67 70 / 62 65 69 / 60 63 -65 -69 / 58 62 65 70 / 60 63 75 / 58 -60 -63 -75 / 56 65 72 75 / 63 -56 -72 -75 / 68 -56 -72 -75 / 53 74 77 -56 / 55 71 75 79 / 56 72 77 -75 / 74 -56 -72 -77 / 53 68 72 75 <END> 
<S> 56 63 72 77 / 58 62 70 -77 / 68 -58 -62 -77 / 51 58 67 75 / 48 60 69 75 / 55 67 71 74 / 51 72 -67 / 50 53 65 74 / 48 55 64 72 / 53 65 68 -48 / 63 -53 -68 -68 / 55 67 -60 -65 / 58 62 -55 -67 / 53 57 60 72 / 62 -53 -57 -72 <END> 
<S> 55 67 72 75 / 53 -67 -72 -75 / 55 67 71 74 / 65 -55 -71 -74 / 48 63 67 72 / 55 67 70 75 / 53 68 72 74 / 55 67 71 -74 / 65 -55 -71 -74 / 48 63 72 / 46 62 70 77 <END> 
<S> 53 68 74 -72 / 65 -53 -72 -74 / 55 62 71 -74 / 67 -55 -71 -74 / 65 -55 -71 -74 / 48 63 67 72 / 55 67 70 74 <END> 
<S> 50 65 68 74 / 71 -50 -65 -74 / 52 67 72 / 53 65 74 -72 / 55 59 67 74 / 54 60 62 67 / 43 59 62 67 / 48 60 63 -67 / 50 62 -60 -67 <END> 
<S> 55 62 67 71 / 53 -62 -67 -71 / 51 60 67 72 / 48 -60 -67 -72 / 53 60 67 74 / 59 -53 -60 -68 / 51 58 60 67 / 56 59 65 / 55 63 67 70 / 56 60 -67 -70 <END> 
<S> 48 60 63 67 / 68 -48 -60 -63 / 50 53 65 70 / 51 58 67 / 50 65 -58 -67 / 48 63 67 72 / 46 62 -67 -72 / 44 60 65 -72 / 63 67 -60 -72 / 59 65 68 74 / 60 67 -65 -74 / 62 65 67 74 / 64 -62 -67 -74 <END> 
<S> 48 63 67 70 / 68 -48 -63 -67 / 50 63 67 70 / 69 -50 -63 -67 / 51 60 67 70 / 53 -60 -67 -70 / 55 62 67 70 / 53 -62 -67 -70 / 51 60 67 72 / 50 -60 -67 -72 / 48 65 67 74 / 47 -65 -67 -74 / 48 63 67 75 / 62 -48 -67 -75 / 60 65 74 -51 / 59 67 -65 -74 <END> 
<S> 51 58 67 72 / 50 -58 -67 -72 / 48 65 67 74 / 63 -48 -67 -74 / 55 62 67 71 / 53 -62 -67 -71 / 51 60 67 72 / 50 -60 -67 -72 / 48 65 67 74 / 47 -65 -67 -74 / 48 63 67 75 / 62 -48 -67 -75 / 50 60 65 74 / 59 -50 -65 -74 <END> 
<S> 48 60 67 75 / 58 -48 -67 -75 / 53 56 68 74 / 55 58 75 / 57 60 65 -75 / 46 58 62 65 / 55 67 -46 -62 / 51 60 -55 -67 / 53 60 68 -67 / 50 65 -60 -68 / 48 60 67 -65 / 60 -48 -67 -75 / 43 58 67 74 / 59 -43 -67 -74 <END> 
<S> 44 60 65 72 / 56 -44 -60 -72 / 46 53 62 65 / 58 -46 -53 -65 / 44 56 60 65 / 53 60 68 / 51 55 -60 -60 / 53 56 59 68 / 55 60 -68 -68 / 56 60 -68 -74 / 55 59 67 74 / 53 57 -67 -74 <END> 
<S> 56 60 65 / 55 59 67 74 / 53 -59 -67 -74 / 51 60 67 75 / 53 -60 -67 -75 / 55 59 67 74 / 65 -47 -55 -74 / 48 55 63 72 / 43 59 67 74 <END> 
<S> 53 68 74 / / -53 -68 -74 / 46 65 70 -74 / 46 65 68 74 / 55 62 70 75 / 51 63 67 72 / 50 65 -67 -72 <END> 
<S> 43 70 -63 -67 / 62 -51 -67 -70 / 53 60 65 68 / 56 62 65 70 / 55 63 67 70 / 55 62 67 71 / 53 68 74 -60 / 55 59 67 74 / 56 60 65 -74 <END> 
<S> 56 62 67 72 / 55 -67 -72 / 53 65 68 72 / 54 63 69 -72 / 55 62 67 71 / 55 59 62 67 / 53 -59 -62 -67 <END> 
<S> 58 62 67 / 63 -58 -67 / 53 62 65 69 / 51 60 -65 -69 / 50 58 65 70 / 46 62 -65 -70 / 48 60 63 67 / 58 62 -48 -67 / 53 57 60 69 / 65 -57 -60 -69 <END> 
<S> 46 62 65 / 63 -46 -62 -65 / 46 58 62 65 / 56 62 -62 -65 / 55 58 63 67 / 53 56 63 68 / 58 62 -53 -68 / 60 63 67 / 46 58 62 65 / 56 -46 -62 -65 / 48 55 60 63 / 50 65 -55 -60 <END> 
<S> 56 60 65 / 53 55 59 65 / 53 57 -53 -65 / 58 62 -53 -53 / 52 58 60 67 / 41 53 60 69 / 51 -41 -60 -69 / 43 50 59 67 <END> 
<S> 50 55 62 67 / 48 60 -55 -67 / 50 62 66 69 / 60 -50 -66 -69 / 43 58 62 67 / 48 60 63 67 / 46 -60 -63 -67 <END> 
<S> 43 62 70 -58 / 55 -43 -63 -70 / 48 60 65 68 / 50 58 -65 -68 / 51 58 67 -65 / 63 -51 -58 -67 / 46 65 -58 -63 / 46 58 62 -65 / 56 -46 -62 -65 / 39 55 58 63 <END> 
<S> 44 60 65 65 / 59 62 -44 -65 / 60 -44 -53 -65 / 46 62 67 -65 / 58 64 68 -67 / 58 64 68 -67 / 62 65 -67 -68 / 60 63 67 / 58 -60 -67 -75 / 56 60 65 77 / 53 68 -60 -77 / 55 67 70 75 / 53 65 68 -75 / 51 74 -65 -68 / 50 59 -68 -74 <END> 
<S> 56 60 65 75 / 58 -56 -65 -75 / 53 57 65 74 / 47 55 62 67 / 53 69 -62 / 58 64 67 70 / 50 62 65 70 / 52 60 67 -70 / 53 60 65 69 / 51 -60 -65 -69 <END> 
<S> 62 67 70 / 50 65 69 77 / 67 -50 -65 -77 / 55 67 70 74 / 53 -67 -70 -74 / 55 65 70 74 / 53 -65 -70 -74 / 55 67 70 74 / 56 72 -70 / 68 -56 -60 -72 <END> 
<S> 56 63 72 / 55 58 -63 -72 / 53 56 68 72 / 51 58 67 70 / 61 65 68 58 / 60 63 66 -51 / 52 61 67 70 / 53 56 63 72 / 55 63 -72 -72 / 56 65 72 80 / 55 67 70 75 <END> 
<S> 53 60 68 68 / 58 62 67 -53 / 56 60 65 / / 55 60 63 75 / 53 56 65 68 / 53 62 68 -53 / 63 -53 -53 -68 / 46 58 62 70 / 46 -58 -62 -70 / 48 58 64 67 / 60 67 75 / 58 -60 -67 -75 <END> 
<S> 51 58 63 67 / 60 -51 -63 -67 / 47 56 62 65 / 48 55 -62 -65 / 53 56 60 65 / 58 62 -53 -65 / 60 63 -53 -65 / 46 62 65 / 55 58 63 67 / 56 60 65 68 / 58 62 -65 -68 / 51 67 -65 -65 / 48 63 -51 -67 / 50 65 -48 -68 <END> 
<S> 44 60 65 -63 / 58 62 -44 -65 / 60 -44 -53 -65 / 46 58 62 70 / 46 -62 -70 / 51 67 -46 -62 / 50 58 65 -67 / 48 60 63 67 / 58 -60 -67 -75 / 56 60 65 75 / 55 -60 -65 -75 / 53 60 68 77 / 55 62 67 -77 / 56 60 68 72 / 65 -56 -60 -72 <END> 
<S> 60 63 67 / 59 -60 -67 -79 / 60 67 77 -60 / 58 62 -67 -77 / 56 60 72 77 / 55 -60 -72 -77 / 53 68 72 75 / 74 -53 -68 -72 / 55 67 71 74 / 65 -55 -71 -74 / 48 63 67 72 / 53 65 68 77 / 58 62 70 77 <END> 
<S> 53 68 74 -72 / 55 67 71 -74 / 65 -55 -71 -74 / 48 63 67 72 / 60 63 67 72 / 58 62 -67 -72 / 56 60 65 72 / 55 67 -60 -72 / 53 60 68 74 / 55 59 67 74 / 56 60 65 -74 / 48 58 67 75 / 60 63 67 -75 <END> 
<S> 56 60 68 72 / 65 -56 -60 -72 / 55 62 67 70 / 60 64 67 68 / 56 65 72 / 58 64 67 74 / 56 -58 -63 -74 / 55 58 63 75 / 53 68 -58 -75 / 51 67 70 75 / 50 65 70 77 <END> 
<S> 56 60 65 77 / 58 62 70 -77 / 68 -58 -62 -77 / 63 67 75 / 69 72 -63 / 62 65 70 / 60 63 67 75 / 69 -60 -63 -75 / 58 65 70 74 / 56 65 72 77 / 55 67 -72 -77 / 53 65 70 -77 / 51 75 -70 55 / 55 74 70 / 63 67 -55 -74 <END> 
<S> 58 65 70 74 / 67 -58 -70 -74 / 68 -58 -70 -74 / 51 63 67 72 / 55 62 67 70 / 60 63 67 70 / 56 62 65 68 / 55 59 63 67 / 56 60 63 -67 / 53 62 -60 -67 / 50 53 -60 -67 / 51 55 60 67 / 50 59 65 -55 <END> 
<S> 56 60 63 72 / 65 -56 -60 -72 / 55 62 67 70 / 53 -62 -67 -70 / 51 60 67 75 / 58 -60 -67 -75 / 56 60 65 68 / 55 -60 -65 -68 / 53 60 65 68 / 58 -48 -65 -68 / 56 65 65 72 / 63 -56 -65 -72 / 55 63 70 75 / 61 -55 -70 -75 <END> 
<S> 56 60 65 -65 / 58 -56 -65 / 55 63 70 -56 / 53 60 68 68 / 62 -53 -67 -68 / 51 63 67 70 / 56 60 -63 -70 / 58 62 65 68 / 63 67 -56 -65 / 53 62 68 77 / 59 -62 -68 -77 / 60 63 67 72 / 55 -60 -63 -67 <END> 
<S> 56 60 63 68 / 55 -60 -63 -72 / 53 60 68 -55 / 53 -53 -60 -68 / 48 51 60 67 / 50 53 -60 -67 / 55 59 67 -53 / 52 60 -55 -67 / 50 53 62 65 / 59 -50 -53 -65 / 51 55 60 / 53 57 62 -60 / 55 59 62 / 53 -55 -62 -59 <END> 
<S> 50 53 58 70 / 52 55 58 67 / 53 57 60 65 / 59 62 -53 -65 / 51 60 63 67 / 50 -60 -63 -67 / 51 55 63 67 / 50 -55 -63 -67 / 48 60 63 67 / 58 -48 -63 -67 / 56 60 65 / 45 -56 -60 -65 <END> 
<S> 48 63 68 -58 / 50 58 65 -68 / 51 58 63 67 / 62 -51 -58 -67 / 48 60 63 67 / 58 -48 -63 -67 / 41 56 65 / 55 58 67 -65 / -71 60 64 67 / 65 60 68 -60 / 70 -60 -65 -68 / 64 67 73 -58 / 56 64 -67 -72 / 62 65 -56 -72 / 60 -56 -65 -72 / 55 62 65 71 <END> 
<S> 62 65 69 / 60 -62 -65 -69 / 58 62 65 70 / 63 67 70 75 / 65 68 -46 75 / 63 67 70 / 65 68 -63 / 63 67 70 / 65 68 -46 -70 / 53 58 67 70 / 48 60 67 68 / 64 72 -48 -67 <END> 
<S> 51 67 70 72 / 53 65 69 -72 / 46 65 70 74 / 51 58 63 67 / 62 -51 -58 -67 / 53 60 65 68 / 62 -53 -65 -68 / 55 58 63 67 / 56 60 -63 -67 / 58 62 65 / 56 -58 -65 -65 <END> 
<S> 56 60 65 68 / 58 -56 -65 -68 / 60 67 -65 / 64 -60 -67 / 58 65 68 74 / 67 72 -58 / 56 62 65 -72 / 64 -56 -72 / 55 65 70 74 / 53 67 -70 -74 / 51 72 -67 -70 / 53 65 69 72 / 63 -53 -69 -72 / 46 65 70 74 <END> 
<S> 53 65 69 74 / 63 -53 -69 -74 / 62 65 70 74 / 63 72 -70 / 62 65 70 -72 / 58 -62 -70 -77 / 56 -62 -70 -77 / 55 63 75 79 / 53 -67 -75 -79 / 51 67 75 79 / 53 -67 -74 -79 / 55 67 71 74 / 53 -67 -71 -74 <END> 
