<S> 48 64 67 72 / 50 62 65 71 / 69 -50 -62 -65 / 52 64 67 -62 / 60 -52 -64 -67 / 57 60 64 72 / 55 65 74 -60 / 59 -55 -65 -74 / 48 60 67 76 / 58 -48 -67 -76 / 53 57 65 72 / 53 59 62 67 <END> 
<S> 55 65 74 -60 / 59 -55 -65 -74 / 48 60 67 72 / 55 64 67 72 / 71 -55 -67 -72 / 53 62 67 71 / 69 -53 -62 -67 / 50 62 69 -67 / 55 62 67 71 / 72 -55 -62 -67 / 50 62 69 -67 / 66 -50 -62 -69 / 60 -50 -66 -69 <END> 
<S> 54 62 69 74 / 52 67 70 -74 / 50 65 69 -74 / 52 67 71 -74 / 50 69 -67 -74 / 52 67 72 / 50 69 -67 -72 / 55 62 71 74 / 64 -55 -71 -74 / 65 -55 -71 -74 / 48 64 67 72 / 60 64 67 72 <END> 
<S> 52 67 72 / 65 -52 -72 / 53 60 67 72 / 55 59 -67 -72 / 53 57 69 72 / 64 -53 -69 -72 / 65 -53 -69 -72 / 59 65 67 74 / 60 64 69 76 / 65 -60 -69 -76 / 59 67 74 79 / 72 -59 -67 -79 / 60 67 72 76 / 65 74 -60 -72 / 64 67 72 76 / 65 -67 -72 -76 <END> 
<S> 57 64 69 72 / 55 65 71 74 / 53 64 69 72 / 52 -64 -69 -72 / 50 65 67 71 / 52 62 67 71 / 53 59 62 67 / 52 60 67 72 / 50 65 69 74 / 71 -50 -65 -74 / 48 67 72 76 / 50 59 -72 -76 <END> 
<S> 53 60 65 69 / 52 62 65 71 / 50 -62 -65 -71 / 52 60 67 72 / 54 57 69 -72 / 55 58 70 -69 / 62 67 -55 -70 / 48 55 64 69 / 50 57 66 -69 / 43 59 62 67 / 48 52 60 67 <END> 
<S> 50 57 69 -67 / 62 66 -50 -69 / 43 59 62 67 / 52 60 64 67 / 50 62 69 -67 / 65 -50 -62 -69 / 64 -50 -62 -69 / 38 62 66 71 / 60 69 -50 -66 / 43 59 62 67 / 48 60 64 67 / 50 -60 -64 -67 <END> 
<S> 48 63 69 72 / 62 71 -48 -69 / 50 62 66 69 / 60 -50 -66 -69 / 55 59 62 67 / 55 59 67 74 / 53 -59 -67 -74 / 52 60 67 76 / 58 -52 -67 -76 / 57 60 65 77 / 55 67 -60 -77 <END> 
<S> 55 59 67 74 / 56 59 71 -74 / 74 -56 -59 -74 / 57 64 72 / 55 -64 -72 / 65 74 / -48 -65 -74 / 52 67 76 -60 / 61 -52 -67 -76 / 53 57 65 72 / 50 65 77 -72 / 62 69 -53 -77 / 52 -62 -69 -77 / 50 62 71 77 <END> 
<S> 58 65 74 / 57 -58 -65 -74 / 55 58 70 76 / 53 69 -58 -76 / 55 67 70 74 / 56 65 -70 -74 / 55 67 70 74 / 53 68 -67 -74 / 55 67 70 -74 / 65 69 -55 -74 / 50 63 70 46 62 65 68 -50 51 <END> 
<S> 53 65 69 74 / 63 -53 -69 -74 / 59 62 65 70 / 60 63 67 72 / 58 62 67 74 / 57 63 72 -74 / 55 62 70 77 / 53 -62 -70 -77 / 51 67 70 79 / 55 -70 -70 -79 / 56 65 72 77 / 53 74 -68 -77 / 60 67 75 -74 / 72 -60 -67 -75 <END> 
<S> 55 63 70 75 / 53 -55 -70 -75 / 51 58 70 74 / 56 60 -70 -74 / 56 68 72 75 / 55 70 74 -72 / 53 68 72 77 / 51 60 67 79 / 55 60 72 -79 / 53 68 74 -60 / 55 59 67 -74 / 65 -55 -59 -74 <END> 
<S> 56 65 72 77 / 53 75 -72 -77 / 58 62 72 77 / 67 71 -62 -77 / 60 67 72 75 / 74 -60 -67 -72 / 53 68 72 75 / 74 -53 -68 -81 / 55 67 72 75 / 70 -55 -67 -75 / 56 60 72 77 / 55 70 -60 -77 / 53 65 68 74 / 72 -53 -65 -68 <END> 
<S> 55 67 70 75 / 56 60 -70 -75 / 58 62 68 74 / 56 -68 -68 -74 / 65 70 -56 -74 / 55 63 -70 -74 / 53 65 68 -70 / 51 63 67 70 / 62 -51 -67 -70 / 56 60 63 72 / 55 58 -63 -72 <END> 
<S> 63 68 -58 -68 / 62 -55 -63 -68 / 56 60 63 68 / 55 58 -63 -68 / 53 56 68 -63 / 58 62 -53 -68 / 60 63 67 / 46 58 62 -67 / 57 60 65 -51 / 50 58 65 / 57 -50 -58 -65 / 51 55 63 70 / 62 -51 -55 -70 / 51 60 63 67 / 58 -51 -67 / -79 <END> 
<S> 58 62 65 70 / 50 -62 -65 -70 / 51 58 63 67 / 62 -51 -58 -67 / 56 60 63 72 / 55 58 -63 -72 / 56 60 65 72 / 67 -56 -60 -72 / 53 65 68 72 / 63 70 -68 / 49 64 67 -70 / 68 -49 -61 -65 <END> 
<S> 53 60 65 68 / 63 67 -53 -68 / 55 62 67 71 / 43 59 62 67 / 0 / 55 58 63 70 / 56 60 -63 -70 / 46 62 65 / 63 68 -46 -62 / 43 53 59 67 / 55 -43 -67 -67 / 62 -43 -55 -67 <END> 
<S> 43 62 65 70 / 51 -62 -65 -70 / 53 60 65 69 / 63 -60 -65 -69 46 62 65 70 / 63 -53 -62 -70 / 46 62 65 70 / 46 -62 -65 -70 / 48 63 63 69 / 50 58 65 68 / 51 58 63 67 / 48 60 63 67 <END> 
<S> 63 68 -58 -63 / 62 65 -58 -63 / 60 63 -58 -65 / 56 62 65 / 60 -56 -65 / 55 58 62 67 / 53 59 62 67 / 51 55 60 67 / 53 57 60 69 / 55 59 62 74 / 56 60 63 72 / 65 74 -56 -60 <END> 
<S> 56 60 63 72 / 55 -60 -63 -72 / 53 68 74 -60 / 55 59 67 -74 / 65 -55 -59 -74 / 56 59 67 72 / 48 63 67 72 / 53 65 68 72 / 55 59 67 74 / 56 60 -67 -74 / 65 -56 -60 -74 <END> 
<S> 56 60 65 72 / 55 74 -60 -65 / 53 60 67 72 / 65 -53 -60 -72 / 58 65 74 / 56 -58 -65 -74 / 55 58 67 75 / 53 68 77 -75 / 55 62 70 74 / 63 -58 -70 -74 / 65 70 -58 -70 / 46 -58 -70 -70 / 69 -58 -63 -70 / 68 -58 -63 -70 / 69 -58 -63 -74 / 67 -58 -63 -74 / 57 69 73 -74 / 53 68 72 -74 / 55 63 -72 -72 / 53 56 -68 -72 <END> 
<S> 55 62 70 / 53 63 69 / 62 65 -53 -69 / 63 67 -53 -69 / 55 60 67 75 / 60 -55 -67 -75 / 43 59 65 74 / 72 -43 -59 -74 / 48 55 63 72 / 48 63 72 79 / 60 -48 -63 -79 <END> 
<S> 48 60 67 75 / 55 59 67 74 / 70 -55 -67 -74 / 48 67 72 75 / 70 -48 -67 -75 / 53 65 68 74 / 67 -53 -65 -74 / 54 63 69 72 / 55 62 67 70 / 55 59 62 67 <END> 
<S> 53 65 69 72 / 63 -53 -69 -72 / 46 62 65 70 / 55 58 67 75 / 57 60 -67 -75 / 58 62 65 74 / 52 67 70 75 / 50 65 70 77 / 68 -50 -65 -77 / 48 63 69 79 / 67 -48 -63 -79 / 50 65 72 77 / 71 -50 -65 -77 <END> 
<S> 50 65 70 77 / 51 63 -70 -77 / 53 65 68 77 / 67 -53 -60 -77 / 55 62 67 71 / 43 59 62 67 / 0 / 55 67 70 74 <END> 
<S> 55 62 67 71 / 56 60 65 72 / 62 74 -56 -65 / 60 63 67 75 / 58 62 -67 -75 / 56 60 65 77 / 55 67 -60 -77 / 53 65 68 -60 / 59 62 -53 -68 / 51 60 67 -68 / 50 65 -60 -67 <END> 
<S> 56 60 65 72 / 58 64 67 70 / 53 56 65 72 / 55 74 -65 / 60 64 -55 -74 / 62 65 -55 -60 / 56 59 -65 -68 / 55 60 67 -65 / 63 -55 -60 -67 / 55 62 65 70 / 53 -62 -65 -70 / 51 67 69 -62 / 53 60 68 46 / 58 62 70 -68 / 56 63 -58 -70 / 51 55 63 70 / 61 -51 -55 -70 <END> 
<S> 53 60 65 69 / 53 63 65 70 / 62 -53 -65 -70 / 52 60 67 70 / 48 -60 -67 -70 / 53 60 68 -67 / 62 65 -53 -68 / 63 -53 -62 -68 / 46 58 62 65 / 56 -46 -62 -65 / 48 55 63 -62 / 60 -48 -55 -63 / 41 56 60 62 / 50 60 -41 -60 / 43 55 59 62 / 53 -43 -59 -62 / 44 51 60 <END> 
<S> 44 60 63 65 / 59 62 -44 -65 / 48 60 63 67 / 41 60 63 68 / 62 -41 -60 -68 / 43 59 62 67 / 63 -43 -59 -67 / 45 60 65 -63 / 47 62 65 / 48 60 63 67 / 47 62 68 74 / 65 -47 -68 -74 / 48 67 72 -65 / 47 62 -67 -72 / 48 62 -67 -72 / 48 -62 -67 -72 <END> 
<S> 48 60 63 67 / 47 62 -60 -67 / 48 53 60 69 / 51 -48 -60 -69 / 50 53 62 71 / 51 55 60 72 / 50 53 65 70 / 48 58 65 68 / 45 52 60 67 / 43 53 58 -60 / 41 56 60 <END> 
<S> 46 53 62 70 / 48 60 63 69 / 50 62 65 70 / 51 63 67 -70 / 53 62 65 69 / 60 63 -53 -69 / 46 62 65 70 / 51 63 67 70 / 53 -63 -67 -70 <END> 
<S> 53 60 65 68 / 51 -60 -65 -68 / 50 58 -65 -68 / 48 63 -58 -65 / 46 61 65 / 44 -46 -61 -65 / 41 60 62 65 / 43 58 -62 -65 / 56 -43 -58 -62 / 55 -43 -59 -62 / 53 -43 -59 -62 <END> 
<S> 44 56 60 65 / 58 -44 -56 -65 / 42 57 60 64 / 43 55 -60 -64 / 53 56 60 -60 / 41 -53 -60 -56 / 51 55 60 63 / 50 53 -60 -68 / 55 59 62 / 53 -55 -59 -62 / 51 55 60 / 47 50 62 67 / 48 55 63 -67 / 50 65 -55 -67 <END> 
<S> 51 55 60 63 / 50 53 -60 -63 / 48 55 -53 -62 / 43 59 -53 -63 / 44 51 60 / 41 53 68 -60 / 43 55 58 63 / 44 60 -55 -63 / 46 53 62 -60 / 55 -46 -62 / 39 56 57 60 / 51 55 58 67 / 50 53 58 -67 / 65 -50 -58 -67 / 51 58 63 67 / 50 -58 -63 -67 <END> 
<S> 44 56 60 65 / -72 -56 -60 -65 / 55 59 62 67 / 53 -59 -62 -67 / 51 60 67 / 53 -51 -60 -67 / 51 55 60 67 / 59 -51 -55 -67 / 44 48 60 68 / 43 50 -60 -68 / 59 -43 -43 -53 / 55 -43 -59 -62 / 48 55 60 63 / 50 -55 -60 -63 / 51 55 60 63 70 -44 -60 -63 <END> 
<S> 48 55 60 63 / 46 -55 -60 -63 / 44 56 60 65 / 43 50 59 67 / 55 58 62 67 / 53 56 -62 -67 / 51 55 63 70 / 50 -55 -63 -70 / 48 55 63 72 / 53 56 62 -72 / 55 60 70 -60 / 53 65 -60 -70 / 55 59 67 -53 / 52 60 -55 -67 / 53 59 62 -67 <END> 
<S> 51 55 58 67 / 60 -51 -55 -67 / 50 53 62 70 / 48 51 -62 -70 / 53 56 60 68 / 65 74 -53 -60 / 48 60 67 75 / 58 -48 -67 -75 / 53 56 65 74 / 53 58 75 / 51 58 67 74 / 56 65 72 75 / 74 -56 -65 -72 / 55 67 71 75 / 53 -67 -71 -75 <END> 
<S> 55 60 67 72 / 56 74 -60 -67 / 55 59 67 74 / 53 -59 -67 -74 / 51 60 67 72 / 50 65 70 74 / 48 63 67 72 / 53 60 65 68 <END> 
<S> 48 60 67 75 / 51 -60 -67 -75 / 53 60 68 74 / 50 -60 -68 -74 / 55 59 67 74 / 65 -55 -59 -74 / 48 55 63 72 / 60 67 75 / 58 -60 -67 -75 <END> 
<S> 48 60 63 -67 / 60 65 -60 / 59 62 67 / 55 59 63 67 / 60 68 -67 / 58 62 67 70 / 65 68 -62 <END> 
<S> 50 62 65 71 / 51 60 67 72 / 58 -51 -67 -72 / 56 60 65 -72 / 55 67 -60 -72 / 53 65 68 74 / 50 59 -65 -68 -74 <END> 
<S> 56 65 68 72 / 55 -65 -68 -72 / 53 63 68 72 / 62 74 -53 -68 / 60 63 75 / 0 / 56 65 72 77 / 55 67 75 -72 <END> 
<S> 58 62 65 74 / 67 -58 -62 -74 / 60 63 67 75 / 58 62 -67 -75 / 56 60 72 77 / 55 70 -60 -77 / 53 65 68 72 / 74 -53 -65 -68 / 48 63 67 75 / 69 -48 -63 -75 / 50 65 70 74 <END> 
<S> 53 60 68 74 / 55 59 67 -74 / 56 60 -67 -74 / 72 -56 -60 -67 / 55 62 67 71 / 50 59 65 68 / 51 60 63 67 / 68 -60 -63 / 55 58 63 70 / 56 68 -63 -63 / 58 62 65 / 55 67 70 75 <END> 
<S> 53 68 -63 -72 / 62 -53 -68 -74 / 55 63 67 75 / 65 -55 -67 -75 / 56 65 72 75 / 58 64 67 -75 / 68 -58 -63 -75 / 58 65 74 77 / 68 -58 -74 -77 / 67 70 75 / 65 68 77 -75 / 63 67 75 79 / 72 -63 -67 -79 <END> 
<S> 58 62 70 77 / 68 -58 -62 -77 / 60 63 67 75 / 53 65 68 74 / 63 72 -53 -68 / 55 62 67 70 / 63 68 -55 -62 / 53 56 60 68 / 51 55 -60 -68 / 50 53 58 70 / 68 -50 -53 -58 / 48 51 60 67 / 58 -48 -52 -67 <END> 
<S> 53 60 68 -67 / 58 65 -53 -68 / 48 60 64 67 / 60 63 72 79 / 58 -63 -72 -79 / 57 63 72 77 / 59 62 74 79 / 60 63 67 75 / 62 65 -67 -75 / 63 67 70 75 / 63 -67 -70 -75 <END> 
<S> 60 63 67 75 / 62 -60 -67 -75 / 54 60 69 75 / 55 67 71 74 / 60 67 72 75 / 58 -67 -72 -75 / 57 60 72 77 / 55 70 -60 -77 / 53 65 69 72 / 74 -53 -65 -69 / 55 58 67 75 / 57 60 -67 -75 <END> 
<S> 57 60 72 77 / 55 70 -60 -77 / 53 65 69 72 / 74 -53 -65 -69 / 55 58 67 75 / 57 60 -67 -75 / 58 62 65 74 / 52 67 70 72 / 53 65 69 72 / 63 -53 -69 -72 / 46 62 65 70 / 48 63 69 75 <END> 
<S> 53 65 69 72 / 63 -53 -69 -72 / 46 62 65 70 / 48 63 69 75 / 50 62 70 77 / 51 63 70 79 / 53 -63 -70 -79 / 55 63 70 79 / 56 -63 -70 -79 / 58 65 70 74 / 60 75 -65 -70 / 58 70 77 -65 / 62 -58 -70 -77 / 51 63 70 79 / 62 77 -63 -70 / 56 60 63 72 / 55 58 -63 -63 / 53 60 68 -63 / 55 58 62 70 / 52 60 67 -70 <END> 
<S> 58 63 70 75 / 62 65 -70 -75 / 63 67 70 75 / 65 69 72 75 / 63 -69 -72 -75 / 68 74 77 -63 / 55 62 -74 -77 / 60 75 -55 -65 / 53 62 74 77 / 59 68 75 77 / 51 -59 -75 79 / 60 67 -51 -79 / 59 74 -67 50 <END> 
<S> 58 62 65 74 / 56 60 65 -74 / 55 67 70 75 / 53 -67 -70 -75 / 55 62 71 77 / 56 60 72 77 / 62 74 -56 -77 / 55 71 -62 -74 / 56 -55 -70 -74 / 53 72 68 74 / 55 59 67 -74 / 56 60 76 -74 / 50 -56 -60 -67 / 51 62 -56 -60 <END> 
<S> 55 67 71 75 / 63 -67 -71 -75 / 65 68 72 77 / 62 -68 -72 -77 / 60 63 72 79 / 62 77 -63 -72 / 60 63 67 75 / 58 62 -67 -75 / 56 60 72 77 / 55 70 -60 -77 / 53 65 68 74 / 59 74 -65 -68 / 60 67 76 / 58 -60 -67 -76 <END> 
<S> 56 60 63 72 / 65 74 -56 -60 / 55 67 70 75 / 53 68 68 74 / 55 63 67 -74 / 72 -55 -67 -75 / 65 -55 -67 -75 / 67 -55 -63 -75 / 65 -55 -67 -72 / 48 63 67 72 / 60 63 67 72 / 55 62 67 -72 / 56 60 65 72 / 74 -56 -60 -68 55 60 67 -56 -60 / 55 59 62 71 / 55 71 -55 -71 <END> 
<S> 63 68 72 -55 / 59 62 74 -56 / 60 63 67 / 65 69 -60 / 55 62 67 70 / 53 -62 -67 -70 / 51 67 72 / 50 -67 -72 / 65 69 -55 -72 / 55 67 71 -65 / 48 64 67 72 / 53 60 68 72 / 51 67 70 <END> 
<S> 52 67 72 / 70 -51 -67 -72 / 54 57 69 -72 / 50 65 72 74 / 55 62 71 -74 / 51 63 72 -55 / 50 -55 -63 -72 / 48 60 67 75 / 51 -60 -67 -75 / 56 60 67 72 / 65 -56 -60 -72 / 55 60 63 72 / 53 56 62 -72 / 55 62 71 -53 / 53 -55 -62 -71 <END> 
<S> 48 60 63 68 / 56 62 -48 -68 / 51 -56 -60 -68 / 55 59 67 / 55 60 63 67 / 68 -55 -60 -67 / 59 -55 -63 -67 / 65 -55 -59 -62 / 48 55 63 / 72 -48 -55 -63 / 50 53 58 70 / 51 58 67 / 57 -51 -67 / <END> 
<S> 48 60 63 68 / 50 -60 -63 -68 / 51 58 67 70 / 50 65 58 -70 / 68 -50 -58 -65 / 51 58 63 67 / 56 60 63 72 / 65 74 -56 -60 / 55 58 62 65 / 53 -58 -62 -65 / 51 58 63 67 / 56 60 65 -51 / 55 58 63 70 / 53 56 68 -63 <END> 
<S> 56 62 65 71 / 60 -56 -65 -71 / 55 59 67 74 / 53 -59 -67 -74 / 52 60 67 48 / 53 62 68 74 / 72 -53 -62 -77 / 55 62 71 -62 / 60 -55 -62 -71 / 50 62 67 71 / 51 -62 -67 <END> 
<S> 55 62 71 -69 / 60 63 67 72 / 69 -60 -63 -72 / 58 65 70 74 / 56 -65 -70 -74 / 55 63 70 75 / 61 -55 -70 -75 / 56 60 68 -75 / 51 58 67 75 / 55 63 70 <END> 
<S> 53 63 70 72 / 68 -53 -63 -72 / 58 62 67 70 / 68 -58 -62 -67 / 63 67 -58 -70 / 57 65 72 -70 / 58 65 70 74 / 53 -65 -70 -74 / 55 63 70 73 / 56 60 68 51 / 50 -60 -67 -68 <END> 
<S> 55 63 70 75 / 61 -55 -70 -75 / 56 68 -61 -75 / 59 68 74 -56 / 55 60 67 75 / 53 -60 -67 -75 / 55 60 67 74 / 43 59 -67 -74 / 65 74 -43 -59 / 48 63 67 72 <END> 
<S> 56 60 63 72 / 65 74 -56 -60 / 55 60 67 75 / 53 -60 -67 -75 / 55 60 67 74 / 59 -55 -67 -74 / 44 60 67 75 / 43 59 67 75 / 63 -43 -67 -75 / 51 67 72 75 / 53 -67 -72 -75 / 55 67 71 74 / 48 67 72 75 <END> 
<S> 48 63 72 -67 / 68 -48 -63 -72 / 50 65 70 74 / 51 67 70 75 / 53 65 69 72 / 46 65 70 74 / 58 65 68 74 / 56 65 72 / 55 67 70 75 / 53 68 77 51 / 55 62 70 79 / 72 -55 -62 -79 <END> 
<S> 58 65 70 74 / 56 -65 -70 -74 / 55 67 70 75 / 65 74 -55 -70 / 56 63 68 72 / 55 -63 -68 -72 / 53 61 67 70 / 52 -61 -67 -70 / 53 60 67 68 / 55 -60 -67 -68 / 56 60 65 68 / 53 -60 -65 -68 <END> 
<S> 56 60 67 72 / 65 -56 -60 -72 / 55 60 67 75 / 53 -60 -67 -75 / 55 59 74 -67 / 65 -55 -59 -74 / 48 60 63 72 / 48 63 72 79 / 50 65 77 -72 / 71 -50 -65 -77 <END> 
