<S> 60 64 67 72 / 55 59 67 74 / 48 60 67 76 / 59 -48 -67 -76 / 50 57 74 -67 / 66 -50 -57 -74 / 52 55 64 72 / 54 57 -64 -72 / 55 59 62 71 / 67 -55 -59 -71 / 60 -55 -67 -71 / 62 67 69 / 50 57 66 -69 / 55 59 67 <END> 
<S> 52 55 64 72 / 54 -52 -64 -72 / 55 62 71 -52 / 50 -55 -62 -71 / 48 55 64 72 / 50 55 62 71 / 48 69 -55 -62 / 50 54 62 69 / 60 -50 -54 -69 / 43 50 59 67 / 48 51 60 69 / 46 62 71 74 <END> 
<S> 50 55 62 69 / 64 -50 -55 -69 / 38 54 62 69 / 60 -38 -54 -69 / 43 55 59 67 / 48 55 60 67 / 41 53 60 69 / 62 -41 -41 -69 / 43 46 67 71 / 48 -43 -67 -71 <END> 
<S> 48 55 60 64 / 50 -55 -60 -64 / 52 55 60 67 / 50 -55 -60 -67 / 48 55 62 65 / 47 -55 -62 -65 / 48 55 60 64 / 64 -48 -55 -60 / 55 -48 -60 -64 / 47 55 62 67 / 65 -55 -59 -62 / 43 55 59 64 <END> 
<S> 48 55 60 64 / 46 -55 -60 -64 / 45 57 60 65 / 43 -57 -60 -65 / 41 55 60 67 / 41 -60 -67 41 / 43 55 60 72 / 59 -43 -55 -72 / 48 55 60 64 / 47 62 -55 -64 / 45 57 60 -55 / 38 53 62 -57 / 50 55 59 / -62 57 -55 53 57 62 -53 -51 -61 47 50 62 67 <END> 
<S> 48 55 60 64 / 58 -48 -55 -64 / 41 57 62 -55 / 43 55 59 -62 / 53 -43 -59 -62 / 48 52 55 60 / 0 / 48 60 64 69 / 53 57 60 65 / 59 62 -53 -65 / 60 -53 -62 -65 / 55 62 67 -60 / 60 -55 -67 / 43 59 62 67 / 47 59 62 67 <END> 
<S> 53 60 65 69 / 52 -60 -65 -69 / 50 59 67 -65 / 49 64 -59 -67 / 50 57 62 65 / 55 59 62 67 / 52 55 60 72 / 48 52 -60 -72 / 50 53 62 71 / 52 55 64 72 / 54 62 74 -72 / 55 62 71 74 / 53 -62 -71 -74 <END> 
<S> 48 55 62 72 / 64 71 -48 -55 / 55 60 64 70 / 53 62 65 69 / 52 -60 -65 -69 / 50 62 65 69 / 52 64 67 -69 / 53 62 -67 -72 / 50 60 65 74 / 59 -50 -65 -74 / 52 60 67 76 / 53 69 -60 -76 / 55 67 71 74 / 47 67 74 -74 / 65 -47 -74 -74 <END> 
<S> 53 60 69 -67 / 58 62 -53 -69 / 52 60 67 76 / 53 69 -60 -76 / 55 67 71 74 / 52 67 -67 -74 / 65 69 -52 -67 / 53 65 69 72 / 52 -65 -69 -72 / 50 65 71 -69 / 69 -50 -65 -77 / 52 64 71 79 / 62 -52 -72 -79 <END> 
<S> 50 65 69 74 / 71 -50 -65 -74 / 48 67 72 76 / 52 -67 -72 -76 / 53 69 74 -72 / 50 65 -72 -74 / 55 62 71 -74 / 67 -55 -71 -74 / 65 -55 -71 -74 / 48 64 67 72 <END> 
<S> 67 72 -57 / 47 -67 -67 -72 / 55 62 67 71 / 59 -55 -62 -67 / 48 55 64 69 / 57 -48 -64 -69 / 50 54 62 -69 / 43 59 62 67 / 48 60 64 67 / 47 62 -60 -67 <END> 
<S> 50 62 69 71 / 47 50 -62 -69 / 48 52 55 -69 / 50 54 57 62 / 52 58 61 67 / 57 60 64 67 / 55 -57 -64 -72 / 54 57 62 72 / 55 62 71 <END> 
<S> 50 57 62 65 / 47 62 -57 -65 / 45 57 60 64 / 43 55 59 -64 / 41 53 57 62 / 40 -53 -57 -62 / 38 53 57 65 / 42 -38 -57 -62 / 43 50 59 62 / 48 52 60 -59 / 50 53 58 -60 / 52 55 60 67 / 53 59 65 68 / 52 60 67 / 47 62 65 -67 / 43 62 67 71 <END> 
<S> 50 55 62 65 / 48 -50 -65 -65 / 47 55 62 67 / 65 -55 -62 / / 60 -55 -65 -72 / 59 62 -55 -67 / 48 55 60 64 / 50 65 -55 -60 / 52 55 60 67 / 50 -55 -60 -67 / 48 55 62 65 / 47 -55 -62 -65 / 48 55 60 64 / 59 -48 -55 -64 / 43 55 58 62 / 53 -43 -58 -62 <END> 
<S> 48 55 62 65 / 47 60 -55 -65 / 48 55 60 64 / 47 62 -55 -60 / 48 55 60 64 / 43 59 62 -55 / 53 -43 -59 -59 / 48 52 55 60 / 50 55 62 71 / 48 55 64 72 / 50 62 -55 -72 / 52 60 64 67 / 48 -60 -64 -67 <END> 
<S> 48 52 55 60 / 50 55 62 71 / 54 69 -50 -55 / 55 -45 -60 -69 / 59 50 67 -55 / 55 48 64 69 / 47 71 -55 -69 / 45 72 -55 -64 / 54 -45 -69 -72 / 55 62 67 71 / 52 69 -55 -62 / 54 62 69 -55 / 55 62 -62 -69 / 47 55 62 67 <END> 
<S> 48 64 69 -55 / 45 -55 -64 -69 / 50 54 62 -69 / 43 59 62 67 / 48 55 60 64 / 55 59 62 67 / 52 55 60 67 / 59 -52 -55 -67 / 57 54 60 69 / 55 59 62 -69 / 60 64 67 / 62 65 -60 -67 <END> 
<S> 55 59 62 67 / 52 -55 -59 -67 / 50 57 60 69 / 55 59 62 -69 / 54 57 -62 -65 / 60 64 67 -57 / 55 59 62 -67 / 60 64 67 / 58 -60 -64 -67 / 57 60 64 72 / 55 -60 -64 -72 / 53 65 69 72 / 52 -65 -69 -72 / 47 67 74 / 65 -47 -74 <END> 
<S> 57 60 64 72 / 65 -57 -60 -72 / 55 59 62 74 / 53 -59 -62 -74 / 52 55 67 72 / 48 64 72 79 / 60 64 72 79 / 59 -64 -72 -79 / 57 72 77 -64 / 59 62 74 79 / 77 -59 -62 -74 / 60 62 67 76 / 60 66 69 -76 <END> 
<S> 59 64 74 79 / 57 64 72 76 / 59 62 74 77 / 60 67 76 / 59 77 -60 -67 / 53 60 69 77 / 62 65 71 -77 / 64 72 -48 -77 / 50 62 65 77 / 67 -50 -65 -77 / 48 64 67 72 / 60 64 67 72 <END> 
<S> 60 69 76 / 53 -60 -69 -76 / 55 59 67 74 / 52 60 -67 -74 / 52 60 67 72 / 58 -52 -67 -72 / 54 57 69 72 / 50 -57 -69 -72 / 54 62 71 -69 / 52 59 67 -71 / 50 60 66 69 / 59 -50 -66 -69 / 52 59 64 67 / 62 -52 -59 -67 / 45 57 60 69 / 55 59 62 -69 / 60 64 -55 -59 / 43 55 59 62 <END> 
<S> 50 59 62 67 / 52 60 67 / 59 -52 -67 / 57 60 65 69 / 59 62 67 71 / 60 -59 -67 -71 / 57 60 65 72 / 55 59 67 74 / 53 -59 -67 -74 / 52 59 67 76 / 50 77 -59 -67 / 48 52 67 72 / 50 74 -67 -72 / 52 67 72 76 / 65 -67 -72 -76 / 67 72 -58 -60 / 59 -67 -72 -76 <END> 
<S> 59 62 67 76 / 57 60 72 77 / 55 67 71 -60 / 55 59 67 74 / 53 -59 -67 -74 / 52 57 67 72 / 50 65 71 74 / 52 59 67 72 / 0 / 57 64 69 72 / 62 -57 -69 -72 / 60 64 67 72 / 58 -64 -67 -72 <END> 
<S> 47 62 67 74 / 48 -62 -67 -74 / 50 62 66 77 / 52 60 67 -77 / 53 59 67 74 / 52 -59 -67 -74 / 50 57 65 72 / 64 -57 -60 -72 / 59 62 74 -57 / 57 61 -62 -74 / 56 60 76 / 62 -56 -72 -76 / 55 64 71 74 / 53 65 -71 -74 / 52 67 71 76 / 48 -67 -71 -76 <END> 
<S> 59 62 67 74 / 60 64 -67 -74 / 62 66 74 / 72 -54 -62 -74 / 55 62 71 74 / 67 -55 -71 -74 / 54 62 69 74 / 60 -54 -69 -74 / 55 59 67 74 / 66 -55 -59 -74 / 60 67 72 / 74 -60 -67 -72 / 59 67 74 79 / 57 -59 -74 -79 / 59 71 74 79 / 56 -65 -71 -74 <END> 
<S> 47 62 67 74 / 48 67 76 -74 / 72 -48 -67 -76 / 55 67 71 74 / 71 -55 -67 -74 / 56 64 71 76 / 56 64 -64 -71 / 62 65 71 / 69 -50 -65 / 55 62 71 79 / 59 67 74 79 / 76 -59 -74 -79 / 60 76 81 81 / 62 78 -81 <END> 
<S> 55 62 67 71 / 56 60 64 72 / 62 74 -55 -60 / 59 67 76 / 62 74 -67 -76 / 64 67 72 / 50 62 -67 -72 / 52 60 67 72 / 53 65 -60 -72 / 52 60 67 -65 / 59 -52 -67 / 57 65 -55 -72 / 55 58 67 74 <END> 
<S> 62 69 -67 / 64 -62 -69 / 50 62 65 69 / 48 60 64 67 / 59 -48 -64 -67 / 50 57 66 74 / 59 -50 -66 -74 / 52 60 67 76 / 59 -52 -67 -76 / 57 60 67 77 / 55 76 -60 -67 / 53 60 69 74 / 55 59 67 -74 / 74 -55 -59 -67 / 48 55 64 72 <END> 
<S> 57 60 67 76 / 55 59 74 / 57 72 -59 -76 / 59 68 74 76 / 57 76 -68 -74 / 65 69 72 76 / 55 67 71 79 / 60 67 72 76 / 62 67 71 79 / 64 67 72 79 62 71 -67 -72 / 60 67 72 76 / 59 74 -67 -72 <END> 
<S> 64 67 72 84 / 65 74 81 -67 / 67 71 -74 -83 / 73 -67 -76 / 57 60 72 76 / 74 -57 -60 -69 / 56 59 71 76 / 74 -56 -59 -71 / 57 60 64 72 / 55 59 -64 -72 / 53 57 69 74 / 50 59 -69 -74 / 52 60 68 76 / 59 68 -52 -76 / 57 60 64 76 / 53 69 77 -64 <END> 
<S> 59 62 71 74 / 68 -59 -62 -74 / 57 60 69 76 / 57 60 -69 76 / 55 59 67 74 / 53 57 69 74 / 50 59 65 -74 / 64 67 72 / 43 65 74 -72 / 71 -43 -65 -74 / 48 67 72 76 / 60 67 72 76 <END> 
<S> 53 60 69 74 / 50 -60 -69 -74 / 52 59 67 -74 / 72 -48 -55 -59 / 50 57 60 65 / 59 -50 -65 -65 / 52 60 64 67 / 53 -60 -64 -67 / 55 62 65 / 59 -55 -62 -74 / 53 60 62 / 52 55 -60 -65 / 50 55 62 65 / 48 64 -55 -65 / 47 55 62 67 / 48 52 60 -67 / 50 53 60 69 / 52 -43 -60 -69 <END> 
<S> 55 60 62 / 43 53 -60 -62 / 59 -43 -53 -62 / 44 52 60 / 43 52 55 60 / 41 62 -55 -60 / 43 55 59 62 / 53 -43 -59 -62 / 36 52 55 60 / 48 52 60 67 / 47 53 62 69 / 65 71 -50 -62 <END> 
<S> 44 48 60 65 / 41 -48 -60 -65 / 43 55 59 62 / 36 55 60 64 / 52 -55 -60 -64 / 43 57 60 65 / 53 59 62 -65 / 45 57 60 65 / 53 59 62 -65 / 60 -53 -53 -62 / 55 62 62 70 / 64 -55 -62 -70 / 53 60 65 69 / 51 57 -65 -69 <END> 
<S> 50 57 62 65 / 59 -50 -62 -65 / 52 55 60 64 72 / 53 57 -60 -72 / 55 59 62 71 / 52 60 64 67 / 50 65 -64 -67 / 48 64 67 72 / 47 62 -67 -72 / 45 60 72 -67 / 66 -45 -60 -72 / 47 62 67 71 / 48 -62 -67 -71 / 50 62 65 69 / 64 -50 -62 -69 / 55 62 71 -69 / 67 -55 -62 -71 / 50 62 69 -67 / 66 -50 -62 -69 <END> 
<S> 45 60 64 72 / 66 -45 -60 -72 / 47 62 67 71 / 48 -62 -67 -71 / 50 65 67 69 / 64 -50 -67 -69 / 55 62 67 71 / 53 59 62 67 / 52 60 67 / 59 -52 -60 -67 / 53 60 69 74 / 71 -53 -60 -74 / 52 72 72 -60 / 55 71 74 / 47 -55 -71 -74 / 48 64 67 72 / 60 67 72 76 <END> 
<S> 52 60 67 72 / 50 65 69 -72 / 71 -50 -65 -69 / 48 67 72 76 / 59 74 -48 -76 / 60 67 76 / 59 -60 -67 -76 / 57 60 69 77 / 55 -60 -69 -77 / 53 67 70 79 / 52 -67 -70 -79 / 53 65 72 81 / 55 -65 -72 -81 / 56 64 72 76 / 77 -56 -64 -72 <END> 
<S> 60 64 67 76 / 62 -60 -67 -76 / 52 60 67 79 / 53 -60 -67 -79 / 55 60 67 74 / 59 -55 -67 -74 / 48 55 67 72 / 48 64 67 72 / 60 69 -64 -72 / 55 62 71 74 / 53 -62 -71 -74 / 52 67 72 76 / 53 -67 -72 -76 / 55 67 71 74 / 52 67 73 76 <END> 
<S> 52 60 67 72 / 53 69 -60 -72 / 71 -53 -60 -69 / 60 72 -53 -69 / 55 59 67 74 / 62 60 66 -74 / 43 59 62 67 / 55 59 62 67 / 53 -59 -62 -67 / 52 60 67 72 / 53 69 -60 -72 / 52 65 71 74 / 50 -65 -71 -74 / 48 67 72 76 / 60 -67 -72 -76 / 69 74 77 -60 / 59 67 -74 -77 / 60 67 76 -74 / 72 -60 -67 -76 <END> 
<S> 52 60 67 72 / 50 65 69 74 / 71 -50 -65 -74 / 48 67 72 76 / 60 74 77 -48 / 76 79 -48 -60 / 53 59 74 77 / 60 72 76 -53 / 55 67 71 74 / 56 64 71 76 / 57 64 69 72 / 62 65 -69 -72 / 64 67 71 76 / 62 65 -71 -76 <END> 
<S> 59 67 74 79 / 61 76 -67 -79 / 62 65 69 77 / 69 74 -62 -77 / 68 72 -62 -77 / 57 69 72 76 / 67 -57 -72 -76 / 50 65 72 77 / 62 71 -50 -77 / 60 67 76 / 69 77 -60 / 58 62 70 79 / 55 70 74 -79 / 65 70 -55 -74 <END> 
<S> 50 62 69 77 / 67 -50 -62 -77 / 65 69 74 / 67 -62 -69 / 56 64 71 -69 / 57 64 69 72 / 55 67 71 74 / 53 67 73 76 / 52 -67 -73 -76 / 50 69 74 77 / 52 70 76 79 / 53 69 77 81 / 76 -53 -69 -81 <END> 
<S> 57 60 69 76 / 59 62 -69 -76 / 60 64 67 76 / 62 65 -67 -76 / 64 67 72 / 62 -67 -72 / 64 69 72 / 47 62 -69 / 64 -47 -47 -69 / 48 -43 -64 -69 / 45 65 69 -55 / 54 -45 -62 -69 / 47 62 67 -55 / 43 -62 -67 -67 / 48 55 65 69 / 47 -55 -65 -69 / 48 60 64 69 / 64 -48 -60 -64 / 50 58 65 -64 / 69 -50 -58 -65 <END> 
<S> 47 55 62 67 / 48 60 -55 -67 / 50 55 62 67 / 54 -50 -62 -67 / 43 55 62 67 / 59 -62 -55 -67 / 53 57 62 69 / 71 -53 -57 -62 / 52 55 64 72 / 57 -48 -64 -72 / 55 59 62 74 / 67 -55 -59 -74 / 52 55 67 72 / 48 64 -55 -72 / 50 62 65 71 / 54 69 -62 -71 / 55 59 67 / 53 60 65 69 / 52 60 65 67 / 59 -52 -65 -67 <END> 
<S> 52 55 64 71 / 62 -52 -55 -71 / 53 57 60 69 / 59 62 -53 -69 / 48 60 64 67 / 47 -60 -64 -67 / 45 60 64 69 / 47 -60 -64 -69 / 45 59 64 71 / 45 57 -64 -71 / 41 57 64 72 / 69 -53 -57 -64 / 52 62 71 -57 / 50 59 62 -71 / 48 57 64 72 / 45 57 66 72 <END> 
<S> 45 57 60 65 / 47 50 -57 -65 / 48 55 64 -57 / 53 -48 -55 -64 / 55 71 -48 / 40 55 60 69 / 59 62 67 -55 / 48 60 64 67 / 53 62 -60 -67 / 52 55 60 67 / 48 -55 -60 -67 / 50 55 62 65 / 59 -50 -55 -65 / 48 57 60 64 / 59 -48 -48 -64 / 50 57 60 / 55 59 62 -57 / 53 55 59 -62 / 53 52 55 60 / 52 -43 -55 -60 <END> 
<S> 48 55 60 64 / 64 -55 -60 -64 / 54 60 62 / 55 64 -41 -60 / 43 59 62 65 / 45 -55 -59 -65 / 47 55 62 / 48 55 60 64 / 50 57 60 65 / 52 58 67 -57 / 50 53 65 -67 / 52 55 67 72 / 53 57 65 74 / 55 59 67 74 / 55 59 67 -74 <END> 
<S> 50 53 57 -60 / 59 -50 -53 -57 / 52 55 60 / 53 62 55 / 60 -53 -55 -62 / 50 55 62 -60 / 59 -43 -55 -62 / 53 -43 -59 -62 / 48 52 55 60 / 47 57 62 65 / 64 -47 -57 -74 / 45 59 65 -71 / 64 -45 -59 -71 / 40 55 60 72 / 41 52 -60 -72 <END> 
<S> 48 52 55 60 / 50 55 62 -60 / 52 55 64 71 / 50 -55 -64 -67 / 48 55 62 65 / 47 -55 -62 -65 / 48 55 62 64 / 60 -48 -55 -64 / 43 55 60 62 / 59 -43 -55 -62 / 48 55 60 64 / 53 62 -55 -60 / 52 55 60 64 / 50 -55 -60 -64 <END> 
<S> 48 55 60 64 / 47 -55 -60 -64 / 48 57 60 64 / 50 55 62 65 / 55 64 -50 -55 / 40 -55 -55 -64 / 59 62 -55 -55 / 57 -55 -59 -62 / 43 55 59 64 / 48 51 57 -64 / 50 53 59 62 / 52 55 60 64 / 50 -55 -60 -64 / 55 59 62 / 43 53 -59 -62 <END> 
<S> 43 55 59 62 / 43 59 62 -55 / 48 55 60 64 / 52 -48 -60 -64 / 50 53 62 -60 / 59 -53 -53 -62 / 52 55 60 / 53 57 -60 59 / 55 59 62 / 43 53 -59 -62 / 52 52 55 60 / 53 57 62 -60 / 59 -57 -62 -65 / 57 60 64 / 55 59 62 / 53 57 -59 -62 <END> 
<S> 50 53 57 65 / 59 -50 -53 -65 / 52 55 60 64 / 53 -55 -60 -64 / 55 59 62 / 55 59 62 67 / 52 60 67 / / 50 65 -60 / 55 59 -50 -65 / 48 55 60 64 / 41 55 60 62 / 53 69 -60 -55 / 52 53 62 -60 / 59 -43 -59 -62 / 45 57 60 64 <END> 
<S> 47 55 62 67 / 48 55 60 64 / 50 55 59 62 / 52 -55 -59 -62 / 50 57 60 64 / 48 -57 -60 -64 / 47 55 62 / 43 55 59 62 / 48 -55 -59 -62 / 47 55 62 / 51 60 -43 -55 / 53 55 59 62 / 52 -55 -59 -62 / 50 55 60 64 / 48 -55 -60 -64 / 47 55 62 -60 / 43 55 59 62 / 43 55 59 62 <END> 
<S> 48 55 62 -48 / 47 -55 -62 -62 / 48 55 60 64 / 64 -43 -55 -60 / 55 59 62 -55 / 57 -55 -59 -62 / 43 55 59 -62 / 48 55 60 64 / 47 55 62 67 / 48 55 64 69 / 50 54 62 -69 / 60 -50 -54 -69 / 43 55 59 67 / 48 55 60 64 <END> 
<S> 48 55 60 64 / 47 55 62 67 / 45 -55 -62 -67 / 47 55 62 67 / 43 -55 -62 -67 / 48 55 60 64 / 58 -48 -55 -64 / 41 53 57 69 / 43 55 59 64 / 45 57 60 64 / 43 -57 -60 -63 / 41 57 60 62 / 38 53 59 -62 / 57 -38 -55 -59 / 43 50 55 59 <END> 
<S> 45 57 60 65 / 47 50 55 -65 / 48 55 64 / 41 -48 -55 -64 / 41 57 60 62 / 44 -57 -60 -62 / 43 55 59 62 / 55 -43 -59 -62 / 45 52 57 60 / 48 52 55 67 / 47 50 62 65 / 64 -50 -50 -60 / 45 60 62 / 46 50 -57 -60 / 43 50 59 62 67 <END> 
<S> 41 57 62 69 / 38 -57 -62 -69 / 43 59 62 67 / 40 55 60 72 / 36 52 55 -60 / 47 62 -52 -55 / 45 57 60 64 / 43 -57 -60 -64 / 41 57 60 69 / 38 53 -60 -69 / 59 -41 -53 -69 / 36 52 60 67 / 48 55 60 64 <END> 
<S> 41 57 60 65 / 74 -57 -60 -65 / 55 59 62 67 / 53 -59 -62 -67 / 52 60 64 67 / 53 62 -60 -67 / 55 59 62 67 / 57 -55 -62 -67 / 55 59 62 / 53 -55 -59 -62 / 52 55 59 62 / 50 -55 -59 -62 / 52 55 60 64 / 48 -55 -60 -64 / 47 55 62 65 / 48 55 60 -65 <END> 
<S> 59 62 67 -53 / 52 60 -67 -67 / 53 59 65 74 / 50 -59 -65 -74 / 48 55 64 72 / 43 55 59 71 / 48 55 60 72 / 47 62 -55 -72 / 48 64 72 -55 / 50 -55 -64 -72 / 52 55 64 71 / 54 -55 -64 -71 / 55 62 71 -55 / 48 64 69 -55 / 54 -48 -64 -69 / 52 -48 -64 -69 / 50 54 62 -69 / 60 -50 -54 -69 <END> 
<S> 48 55 64 72 / 47 62 -55 -72 / 45 60 72 -55 / 54 -45 -60 -72 / 43 50 59 67 / 48 55 60 64 / 41 57 60 69 / 43 50 59 -60 -69 / 45 57 60 64 / 48 -57 -60 -64 / 47 55 62 65 / 43 -55 -62 -65 / 48 55 60 64 / 46 -55 -60 -64 <END> 
<S> 43 52 60 67 / 59 -43 -55 -67 / 45 60 65 -55 / 47 55 62 -65 / 48 55 60 64 / 43 55 59 62 / 55 64 -55 -59 / 60 -43 -55 -64 / 59 62 -55 -67 / 45 60 65 -59 / 47 55 62 -65 / 48 55 64 -62 / 60 -48 -55 -64 / 42 57 62 -60 / 43 55 59 -62 / 53 -43 -59 -62 <END> 
<S> 48 55 60 64 / 47 62 -55 -60 / 45 57 60 64 / 43 -57 -60 -64 / 41 57 60 62 / 38 -57 -60 -62 / 43 55 59 -62 / 53 -43 -59 -62 / 36 52 55 60 / 48 52 60 67 / 47 53 62 -67 / 48 55 64 72 / 45 65 -55 -72 / 55 62 67 71 / 52 64 -55 -67 / 50 62 65 69 / 48 60 64 -69 / 47 62 71 -69 <END> 
<S> 45 60 65 / 47 55 62 -65 / 48 55 62 64 / 45 60 -55 -64 / 47 55 62 74 / 43 55 59 -74 / 48 55 60 72 / 55 59 67 -48 / 53 62 69 -48 / 52 55 60 64 / 50 57 60 65 / 48 58 67 -65 / 41 60 65 69 <END> 
<S> 48 55 60 64 / 46 -55 -60 -64 / 45 53 60 65 / 50 55 58 -65 / 60 67 -55 / / 55 59 67 / 62 65 -55 -59 / 57 60 64 / 59 62 -57 -64 / 45 57 60 64 / 50 65 -57 -60 / 55 59 -50 -65 / 53 57 -50 -65 / 53 55 60 62 / 59 -53 -55 -62 / 43 52 55 60 / 45 52 -55 -60 / 47 50 55 62 / 48 55 64 / 46 52 -55 -64 <END> 
<S> 45 57 60 65 / 47 50 55 -65 / 48 55 64 / -70 -48 -55 -64 / 41 55 60 -55 / 57 -55 -60 / 54 59 62 / 43 55 59 67 / 48 52 60 67 / 53 62 -48 -67 / 36 55 64 72 / 38 65 -55 -72 / 40 60 64 67 / 58 62 -40 -67 / 53 57 60 69 / 53 62 65 71 <END> 
<S> 48 55 64 69 / 50 -55 -64 -69 / 52 62 71 -69 / 38 59 71 -69 / 49 64 67 69 / 48 -64 -67 -72 / 50 62 66 69 / 60 -62 -66 -69 / 43 62 67 71 / 0 / 44 59 62 67 <END> 
