<S> 50 57 62 66 / 48 -57 -62 -66 / 46 58 62 67 / 45 60 66 69 / 43 62 67 70 / 42 62 69 72 / 43 62 67 70 / 38 66 69 -62 / 60 -38 -66 -69 / 43 59 62 67 / 47 55 62 67 <END> 
<S> 43 62 67 70 / 72 -43 -62 -67 / 58 62 67 70 / 53 -62 -67 -70 / 51 63 67 69 / 50 -62 -67 -69 / 55 62 67 70 / 53 60 65 68 / 58 -53 -65 -68 / 51 60 67 -65 / 63 -60 -67 / 58 62 65 / 63 -58 -62 <END> 
<S> 46 58 65 70 / 53 60 69 -65 / 62 65 -60 -69 / 60 63 67 75 / 58 62 -67 -75 / 57 60 72 77 / 70 -57 -60 -77 / 62 65 69 77 / 60 63 -69 -77 / 58 65 70 77 / 75 -58 -65 -75 / 58 65 74 77 / 67 -58 -74 -77 / 57 69 72 75 / 58 65 70 74 / 56 -65 -70 -74 <END> 
<S> 58 79 77 -63 / 62 -58 -70 -77 / 60 67 75 79 / 58 62 74 77 / 63 67 70 75 / 65 70 74 79 / 63 70 75 79 / 56 72 -70 -79 / 68 72 77 -53 / 53 68 -72 -77 / 68 -53 -72 -77 / 51 67 72 75 / 50 65 72 -75 <END> 
<S> 58 74 77 -65 / 56 72 -65 -77 / 55 70 75 79 / 53 -70 -75 -79 / 51 75 79 79 / 50 -70 -79 -79 / 48 72 81 -67 / 66 69 -48 -81 / 46 62 70 79 / 63 70 79 / 60 63 68 75 / 74 -60 -63 -68 <END> 
<S> 46 62 70 77 / 63 67 -77 / 65 68 -46 -77 / 63 70 75 79 / 62 65 72 77 / 59 62 74 79 / 60 63 72 80 / 62 65 77 -72 / 63 -62 -65 -77 / 58 62 70 77 / 46 -62 -70 -77 / 51 63 67 -69 / 70 -62 -67 / 61 67 70 75 / -61 -67 -70 <END> 
<S> 63 70 79 / 62 -63 -70 -79 / 60 63 72 79 / 58 74 79 -80 / 56 72 75 / 58 77 -72 -75 / 60 -58 -72 -77 / 58 70 77 -50 / 68 -58 -77 -77 / 68 -58 -74 -77 / 60 67 75 -74 / 48 63 72 79 <END> 
<S> 56 63 72 77 / 60 -56 -72 -77 / 58 62 70 77 / 68 -58 -62 -77 / 51 58 67 75 / 51 58 70 79 / 60 -51 -70 -79 / 50 62 70 77 / 51 67 -62 -77 / 53 60 69 -77 / 58 70 77 -53 / 52 67 72 79 / 53 70 77 -72 <END> 
<S> 51 58 70 75 / 53 65 70 74 / 55 63 70 -70 / 56 60 68 77 / 53 -60 -68 -77 / 51 60 67 79 / 58 -52 -67 -79 / 56 60 65 77 / 55 67 75 -60 / 53 59 68 74 / 55 59 67 -74 / 65 -55 -59 -74 <END> 
<S> 56 60 65 77 / 53 68 72 -77 / 74 -53 -68 -72 / 55 67 71 75 / 53 65 -67 -75 / 74 -50 -67 -68 / 55 65 67 72 / 53 74 -67 / 60 65 67 / 62 65 -67 -71 / 63 67 72 / 59 62 74 -67 <END> 
<S> 55 62 67 71 / 56 60 65 72 / 74 -56 -60 55 / 55 60 75 77 / 53 68 74 77 / 55 67 71 75 / 65 -55 -71 -75 / 63 -55 -71 -74 / 56 62 67 77 / 60 -56 -67 -72 <END> 
<S> 60 63 68 75 / 62 65 70 -75 / 63 65 72 77 / 62 71 -65 -77 / 60 63 72 79 / 62 65 72 80 / 71 -62 -65 / 63 67 72 / 62 65 -67 -72 / 60 63 67 75 / 58 62 -67 -75 / 56 60 72 77 / 55 70 -60 -77 <END> 
<S> 60 63 67 72 / 58 62 -67 -72 / 56 63 72 / 55 -63 -72 / 53 68 74 -72 / 67 71 74 / 65 67 72 / 55 67 70 75 / 53 65 68 72 / 60 -53 -65 -72 / 48 60 67 75 / 72 -48 -60 -75 <END> 
<S> 56 68 72 75 / 55 -67 -72 -75 / 53 68 72 74 / 65 -53 -68 -74 / 55 67 70 75 / 53 65 68 74 / 51 72 -65 -68 / 50 65 70 74 / 55 62 -70 / 53 69 72 -55 / 51 67 -56 -72 / 50 62 65 -72 / 48 60 63 -72 / 47 62 67 / 48 55 63 -67 <END> 
<S> 55 70 -67 -70 / 56 67 72 -70 / 68 -56 -67 -72 / 50 65 68 74 / 43 62 65 74 / 59 67 74 / 77 -43 -67 -74 / 48 67 75 -74 / 72 -48 -67 -75 / 55 67 74 -72 / 71 -55 -67 -74 / 60 67 72 75 / 58 -67 -72 -75 / 56 65 72 77 / 55 70 75 -65 <END> 
<S> 48 67 72 75 / 60 -67 -72 -75 / 58 67 74 77 / 56 -67 -74 -77 / 55 70 74 -67 / 53 68 -71 -74 / 51 67 72 75 / 50 74 -67 -72 / 48 -67 -72 -75 / 53 68 72 74 / 67 -53 -74 / 54 67 72 75 / 55 -67 -72 -75 / 53 -67 -72 -75 / 55 67 71 74 / 65 -55 -71 -74 <END> 
<S> 51 67 72 75 / 53 -67 -72 -75 / 55 67 71 74 / 65 -55 -71 -74 / 56 63 72 / 70 -56 -63 -72 / 55 65 68 74 / 53 75 -65 -68 / 77 -53 -65 -68 / 55 59 67 75 / 60 -55 -67 -75 / 74 -55 -60 -67 / 59 -55 -67 -74 / 48 63 67 72 / 60 63 67 72 <END> 
<S> 55 59 67 75 / 60 -55 -67 -75 / 74 -55 -60 -67 / 59 -55 -67 -74 / 48 63 67 72 / 57 60 65 72 / 58 65 74 / 57 60 66 72 / 59 62 67 74 / 58 67 -62 / 66 -46 -58 -62 / 43 59 62 70 / 55 67 71 79 <END> 
<S> 58 62 65 74 / 58 62 70 77 / 63 -58 -70 -77 / 57 65 70 77 / 55 -65 -70 -77 / 56 65 72 -70 / 68 -56 -65 -72 / 60 65 67 75 / 65 -60 -67 -75 / 58 60 67 75 / 55 -60 -67 -75 / 53 60 68 74 / 55 59 67 -74 / 56 60 65 -74 / 72 -56 -60 -65 <END> 
<S> 60 67 75 / 58 -60 -67 -75 / 56 60 75 77 / 55 -60 -72 -77 / 53 65 72 80 / 74 -53 -65 -80 / 51 63 75 79 / 50 77 -63 -79 / 48 62 74 77 / 50 73 -62 -77 / 51 60 67 75 / 53 -60 -67 -75 / 55 59 67 74 / 55 70 74 <END> 
<S> 50 72 77 -67 / 71 -50 -55 -77 / 51 67 72 75 / 53 -67 -72 -75 / 55 67 71 74 / 51 58 67 79 / 60 69 -51 -79 / 58 62 70 77 / 68 -58 -62 -77 / 60 63 67 75 / 53 69 -63 -75 / 55 65 71 74 / 56 63 72 <END> 
<S> 62 67 70 77 / 65 -62 -70 -77 / 63 70 79 -65 / 57 -63 -70 -79 / 58 62 70 77 / 55 -62 -70 -77 / 60 63 67 75 / 69 -60 -63 -75 / 58 65 70 74 / 56 65 72 77 / 55 67 -72 -77 / 53 68 72 75 / 55 -68 -72 -75 / 56 65 -72 -75 / 55 67 70 75 <END> 
<S> 53 68 72 77 / 74 -53 -68 -77 / 55 -68 -74 -77 / 56 63 72 / 55 70 74 -63 / 53 61 -70 -77 / 52 60 68 79 / 50 -60 -68 -79 / 48 60 67 75 / 70 -48 -60 -75 / 53 60 65 74 / 63 72 -53 -60 / 55 62 67 71 <END> 
<S> 53 60 65 68 / 51 56 60 -68 / 55 59 67 -63 / 53 61 65 68 / 51 60 63 -65 / 46 62 65 / 55 58 63 67 / 56 60 65 68 / 55 58 -65 -68 / 67 -56 -61 -70 / 68 -51 -61 -67 / 41 60 65 68 / 61 67 76 -58 / 52 60 66 -68 / 53 60 68 <END> 
<S> 56 60 63 65 / 58 62 -56 -65 / 51 55 60 67 / 53 60 68 / 55 58 67 -53 / 41 56 60 65 / 63 -41 -60 -68 / 46 58 62 65 / 48 -58 -62 -65 / 50 58 65 70 / 46 62 -58 -70 / 51 58 63 67 / 50 -58 -63 -67 <END> 
<S> 44 60 65 -63 / 62 -44 -44 -65 / 60 -44 -44 -65 / 43 58 63 67 / 41 -58 -67 -70 / 46 58 67 75 / 55 62 67 70 / 56 63 67 72 / 65 -56 -63 -72 / 62 65 -56 -72 / 60 63 -56 -72 / 62 71 -60 -68 / 60 63 67 72 / 59 62 67 74 / 60 67 75 / 58 -60 -67 -75 <END> 
<S> 60 63 67 72 / 62 -60 -67 -72 / 60 65 68 74 / 59 62 -68 -74 / 48 60 67 75 / 51 60 67 75 / 53 60 65 74 / 51 59 67 74 / 56 60 67 72 / 65 -56 -60 -72 / 55 62 67 71 / 55 59 67 74 / 53 -59 -67 -74 <END> 
<S> 56 60 65 72 / 55 74 -60 -65 / 53 -60 -67 -74 / 55 59 67 74 / 56 60 65 -74 / 48 58 64 67 / 57 65 -48 -67 / 55 59 67 74 / 51 60 67 75 / 48 60 -67 -75 / 50 65 74 -60 / 59 -50 -65 -74 / 48 60 67 75 / 53 60 68 74 / 55 59 67 -74 / 56 60 67 -74 / 72 -56 -60 -67 <END> 
<S> 60 67 75 / 58 -60 -67 -75 / 56 60 72 75 / 55 70 -60 -75 / 53 65 72 -75 / 74 -53 -65 -68 / 63 -53 -68 -74 / 55 59 67 -74 / 65 -55 -59 -74 / 56 60 63 72 / 55 58 -63 -72 / 54 57 62 74 / 72 -54 -57 -62 / 55 58 67 75 / 53 69 -67 -75 <END> 
<S> 56 60 65 72 / 55 -60 -65 -72 / 53 62 70 79 / 58 65 -70 -79 / 56 63 72 79 / 55 -63 -72 -79 / 53 65 72 80 / 71 -53 -65 -80 / 51 67 79 55 / 53 75 79 / 0 / 48 60 67 75 <END> 
<S> 53 63 69 72 / 46 65 70 74 / 47 67 68 74 / 48 60 67 75 / 55 59 67 74 / 55 59 67 74 <END> 
<S> 50 62 65 77 / 51 60 67 75 / 53 59 65 74 / 55 59 67 74 / 65 -55 -59 -74 / 56 59 63 72 / 60 -56 -65 -72 <END> 
<S> 55 67 70 75 / 53 -67 -70 -75 / 51 65 70 77 / 50 -65 -70 -77 / 51 63 70 79 / 72 -51 -63 -79 / 47 68 74 77 / 67 -47 -74 -77 <END> 
<S> 48 63 72 79 / 50 65 -72 -79 / 52 67 72 79 / 53 -67 -72 -79 / 52 67 72 79 / 53 -67 -72 -79 / 55 67 71 74 / 60 67 72 75 <END> 
<S> 50 65 72 77 / 71 -50 -65 -77 / 52 67 72 76 / 53 -67 -72 -76 / 55 67 74 -72 / 71 -55 -67 -74 / 56 72 -67 / 55 65 74 74 / 72 -55 -62 -74 / 55 67 71 74 <END> 
<S> 53 69 74 / 62 -53 -69 -74 / 55 62 71 -69 / 64 -55 -71 -74 / 54 60 69 74 / 50 66 -60 -74 / 55 62 67 71 / 52 59 67 / 65 -52 -67 -71 / 57 67 72 76 / 66 -57 -72 / 55 59 67 74 / 60 67 76 / 59 62 -67 -76 <END> 
<S> 52 64 67 72 / 74 -52 -64 -67 / 48 60 67 76 / 64 -48 -67 -76 / 50 65 69 74 / 71 -50 -65 -74 / 52 67 72 76 / 53 -67 -72 -76 / 55 59 74 -72 / 67 -59 -55 -74 / 60 67 72 76 / 59 -60 -67 -76 / 57 60 67 77 / 72 -57 -60 -77 <END> 
<S> 48 67 72 76 / 50 65 77 -72 / 52 64 72 79 / 62 71 -52 -79 / 77 -52 -64 -69 / 50 65 71 77 / 52 67 76 / 53 65 69 74 / 55 62 71 -74 / 64 -55 -71 -74 / 65 -55 -70 -74 / 48 64 67 72 / 60 66 69 74 / 58 67 74 / 57 69 -67 -74 <END> 
<S> 53 62 74 -72 / 50 -62 -72 -74 / 55 62 71 -74 / 67 -55 -71 -74 / 65 -55 -71 -74 / 48 64 67 72 / 60 66 69 74 / 59 67 74 / 55 72 -67 / 65 71 -55 -74 / 64 -55 -71 -74 / 45 72 -55 -67 / 53 69 -72 / 52 60 67 -72 / 50 65 -67 -72 / 48 64 67 72 / 60 -48 -67 -72 <END> 
<S> 55 67 74 / 72 -55 -67 / 43 71 -67 -67 / 65 -43 -67 -71 / 48 64 67 72 / 60 -64 -67 -72 / 55 62 67 71 / 53 59 62 67 / 52 60 67 72 / 50 65 69 74 / 71 -50 -65 -74 / 48 67 72 76 / 60 74 -48 -72 / 47 67 74 79 / 76 -47 -67 -74 / 77 65 71 -77 <END> 
<S> 57 60 64 72 / 55 59 67 74 / 53 -59 -67 -74 / 52 60 67 76 / 50 -60 -67 -76 / 48 62 67 77 / 47 -62 -67 -77 / 48 62 67 76 / 60 -48 -67 -76 / 43 60 67 74 / 59 -43 -67 -74 / 48 64 67 72 <END> 
<S> 48 60 67 76 / 55 -60 -67 -76 / 53 57 74 -60 / 59 -53 -57 -74 / 52 60 67 76 / 53 -60 -67 -76 / 55 59 67 74 / 65 -55 -59 -74 / 57 60 64 72 / 69 -57 -64 -72 / 59 62 66 74 / 60 -62 -66 -74 / 59 62 67 71 / 55 -62 -67 -71 <END> 
<S> 55 60 64 74 / 59 -55 -64 -74 / 48 60 64 39 / 50 60 66 74 / 52 59 67 74 / 43 59 -67 -74 / 48 55 64 72 / 53 57 65 74 / 59 -53 -65 -74 / 60 66 69 -60 / 60 -60 -69 -76 / 59 67 71 74 / 57 64 69 72 <END> 
<S> 47 55 62 74 / 48 -55 -62 -74 / 47 55 62 67 / 65 -47 -55 -62 / 48 55 60 64 / 47 62 -55 -64 / 45 57 60 64 / 43 -57 -60 -64 / 41 57 60 62 / 50 55 59 -62 / 57 72 -55 -62 / 43 55 59 -62 / 53 -43 -59 -62 <END> 
<S> 45 57 60 65 / 47 50 -57 -65 / 48 55 64 / 43 62 -48 -55 / 41 60 -48 / 40 55 59 62 / 38 -55 -59 -74 / 40 55 60 64 / 36 -55 -60 -64 / 41 53 57 62 / 52 52 55 60 / 53 57 62 -48 / 47 55 62 / 43 53 59 62 <END> 
<S> 45 52 57 60 / 47 50 55 -60 / 48 51 57 / 55 -48 -51 -67 / 47 -48 -55 -67 / 41 53 60 69 / 45 -53 -60 -69 / 43 50 59 67 / 50 -43 -59 -67 / 52 55 60 67 / 53 62 -52 -67 / 52 60 64 67 / 50 58 65 69 <END> 
<S> 47 50 62 67 / 49 55 64 -67 / 50 57 66 69 / 55 59 62 67 / 52 55 59 67 / 50 57 60 69 / 59 62 -50 -69 / 48 60 64 67 / 50 65 -60 -67 / 52 55 67 72 / 53 57 65 -72 / 55 58 64 67 / 62 -55 -64 -67 <END> 
<S> 52 60 67 72 / 50 53 -67 -72 / 52 55 67 71 / 48 60 67 69 / 50 62 65 71 / 52 60 64 67 / 59 -52 -64 -67 / 57 64 72 -64 / 62 66 -57 -72 / 55 62 67 71 / 53 -62 -67 -71 / 52 60 67 72 / 48 -60 -67 -72 <END> 
<S> 57 64 72 -48 / 47 55 -64 -72 / 48 62 69 -64 / 45 60 64 71 / 66 -45 -57 -64 / 47 62 -57 -69 / 45 57 64 72 / 48 -57 -64 -72 / 50 57 65 74 / 48 64 -57 -72 / 50 53 62 65 / 48 52 64 -65 / 53 57 60 65 / 59 62 -57 -65 / 60 57 64 69 / 55 62 -60 -69 <END> 
<S> 50 57 65 69 / 48 -57 -65 -69 / 47 55 62 67 / 43 -55 -62 -67 / 48 55 64 -62 / 59 -48 -55 -64 / 42 57 62 69 / 44 -54 -62 -69 / 43 55 62 71 / 42 -43 -62 -71 / 48 52 60 67 / 62 -52 -60 -67 / 45 60 64 69 / 66 -45 -60 -69 / 46 62 67 71 / 68 -62 -62 -67 <END> 
<S> 47 54 62 69 / 43 55 64 69 / 45 54 57 -69 / 47 50 57 67 / 60 -50 -57 -67 / 43 59 62 67 / 59 -43 -59 -67 / 45 -43 -59 -67 / 36 52 55 60 / 38 -52 -55 -60 / 40 55 60 64 / 41 -55 -60 -64 / 43 55 59 62 / 53 -43 -59 -62 / 36 52 55 60 / 48 52 60 67 / 47 62 -52 -67 <END> 
<S> 43 50 62 -55 -60 / 59 -43 -62 -62 / 43 55 60 64 / 59 -43 -55 -64 / 45 53 57 65 / 50 55 64 67 / 53 57 60 65 / 62 -57 -60 -65 / 57 60 64 / 55 59 -60 -64 / 53 57 60 / 51 55 -60 -65 / 50 53 59 65 / 48 52 55 60 / 47 55 60 62 / 54 -47 -62 -62 <END> 
<S> 57 60 65 / 53 64 -57 -60 / 55 59 62 / 43 53 -59 -62 / 48 52 55 60 / 48 52 60 / 50 53 -60 / 52 55 59 67 / 50 -55 -59 -67 / 48 55 64 67 / 62 -55 -67 / / 60 -55 -67 / 43 55 59 67 / 59 -43 -55 -67 <END> 
<S> 47 50 62 67 / 48 51 -62 -67 / 50 57 62 69 / 55 62 71 -69 / 38 54 -62 -71 / 60 -38 -54 -71 / 43 50 59 67 / 48 52 60 67 / 47 62 -52 -67 / 45 52 60 72 / 48 52 67 -72 / 50 65 69 -72 / 71 -50 -65 / 48 67 72 76 / 52 -67 -72 -76 <END> 
<S> 45 52 60 72 / 47 50 62 71 / 48 55 64 72 / 50 65 -55 -72 / 52 55 64 -72 / 38 57 65 -72 / 55 59 64 67 / 60 62 -55 -67 / 43 60 62 67 / 59 -43 -62 -65 / 48 55 60 64 / 50 54 57 -60 / 52 55 59 67 / 50 -55 -59 -67 <END> 
<S> 48 55 64 71 / 60 -48 -64 -71 / 54 60 62 69 / 62 -54 -62 -69 / 55 64 71 -62 / 57 66 -48 / 47 59 67 74 / 48 60 67 76 / 52 59 67 76 / 56 60 64 72 / 66 74 -60 -64 / 55 62 67 71 / 53 -62 -67 -71 <END> 
<S> 47 62 67 74 / 48 60 67 76 / 50 77 -60 -67 / 52 60 67 76 / 53 -60 -67 -76 / 55 59 67 74 / 72 -55 -59 -67 / 57 64 69 72 / 59 62 74 -69 / 60 67 76 / 59 -60 -67 -76 / 57 60 69 77 / 55 62 71 79 / 57 60 69 77 / 59 62 -69 -77 / 60 64 67 76 / 62 65 -60 -76 <END> 
<S> 57 64 72 / 55 59 -64 -72 / 54 60 69 -72 / 74 -54 -60 -69 / 72 -54 -60 -69 / 55 62 67 71 / 52 59 67 / 62 -52 -67 -71 / 50 60 69 -67 / 66 -50 -60 -69 / 43 59 62 67 / 52 55 59 67 / 57 60 69 -55 / 59 62 -57 -69 / 45 60 64 67 / 57 60 66 -45 <END> 
<S> 48 64 69 -67 / 50 62 66 -69 / 60 -50 -66 -69 / 55 59 62 67 / 52 60 67 / 59 62 -52 -67 / 45 57 60 69 / 55 62 -45 -69 / 50 59 62 67 / 57 60 64 -50 / 53 59 62 / 63 -50 -59 -62 / 45 55 60 64 / 46 -55 -60 -64 / 48 53 57 65 / 41 -53 -57 -65 <END> 
<S> 47 57 62 67 / 65 -47 -57 -62 / 52 55 64 67 / 54 62 -64 -67 / 55 60 62 67 / 59 64 -55 -67 / 65 -55 -59 -67 / 48 60 64 67 / 55 62 67 71 / 53 62 65 69 / 52 62 65 71 / 50 -62 -65 -71 <END> 
<S> 60 64 67 69 / 62 -60 -67 -69 / 52 60 67 71 / 64 -52 -60 -67 / 54 60 69 -64 / 62 -54 -60 -69 / 55 59 62 71 / 52 64 -55 -71 / 48 55 64 72 / 48 62 65 71 / 50 -62 -65 -71 / 52 55 64 72 / 54 62 -64 -72 / 55 62 71 / / 55 69 -62 <END> 
<S> 50 57 65 71 / 52 55 64 67 / 62 -52 -55 -67 / 53 57 60 69 / 59 62 -53 -69 / 48 60 64 67 / 58 -48 -64 -67 / 53 57 65 / 55 59 67 -53 / 52 60 -55 -67 / 50 53 65 -60 / 59 -50 -53 -65 / 52 55 60 / -65 -52 -55 -60 / 55 59 62 / 43 53 -55 -59 / 48 52 55 60 / 48 52 55 60 <END> 
<S> 55 59 62 / 53 -55 -59 -62 / 52 55 59 64 / 50 -55 -59 -62 / 52 55 60 64 / 50 -55 -60 -64 / 55 59 62 / 53 -55 -59 -62 / 52 55 59 62 / 50 -55 -59 -62 / 48 55 60 64 / 50 65 -55 -60 / 52 55 59 67 / 50 -55 -59 -67 / 48 55 60 65 / 47 -55 -60 -65 / 45 53 60 69 / 52 -60 -53 -69 / 50 53 62 69 / 52 -53 -62 -69 <END> 
<S> 48 55 60 64 / 50 55 57 65 / 52 55 59 67 / 48 -55 -59 -67 / 47 55 62 67 / 66 -55 -59 -67 / 60 -55 -67 / 69 -55 -60 -67 / 59 62 67 -55 / 53 -59 -62 -67 / 52 55 60 67 / 50 -55 -60 -67 / 48 55 62 67 / 47 -55 -62 -67 / 45 60 64 69 / 43 59 62 -69 / 45 57 64 72 / 42 -45 -64 -72 <END> 
<S> 48 55 64 69 / 45 -55 -64 -69 / 71 -45 -55 -64 / 72 -45 -55 -64 / 50 62 66 71 / 43 59 62 67 / 52 60 64 -67 / 50 57 65 -64 / 48 62 -57 -65 / 60 64 -57 -48 / 47 62 65 / 74 -55 -59 -62 / 48 55 64 -62 / 60 -48 -55 -64 / 41 55 62 -60 / 43 55 59 -62 / 53 -43 -59 -62 / 36 52 55 60 / 48 55 60 64 <END> 
<S> 45 57 65 -60 / 50 53 58 -65 / 57 64 -50 -57 / 55 59 62 / 53 -55 -59 -62 / 48 52 55 60 / 48 52 60 67 / 55 62 -48 -67 / 45 60 -55 -67 / 47 55 62 67 / 43 53 59 -67 / 48 52 60 67 / 43 52 -60 -67 / 42 62 -43 -60 / 43 55 59 62 / 67 -43 -55 -62 / 44 55 60 64 / 38 -55 -60 -64 / 43 55 60 62 / 53 -60 59 <END> 
