<S> 60 64 67 72 / 59 62 67 74 / 60 67 76 / 55 67 74 -60 / 59 -55 -67 -74 / 57 60 67 72 / 66 -57 -60 -72 / 59 62 67 71 / 60 -62 -67 -71 / 62 66 69 / 60 -62 -66 -69 / 55 59 62 67 <END> 
<S> 60 64 67 / 59 62 67 -67 / 45 60 69 -67 / 66 -45 -60 -69 / 43 50 59 67 / 62 -43 -50 -59 / 45 48 60 64 / 50 65 -45 -60 / 52 55 59 67 / 50 -55 -59 -67 / 48 55 60 67 / 53 65 -60 -67 / 55 59 62 67 / 53 -55 -59 -67 / 48 52 60 67 / 47 50 62 -67 <END> 
<S> 47 55 62 67 / 48 52 -55 -67 / 47 50 62 67 / 45 60 -50 -67 / 47 55 62 67 / 43 -55 -62 -67 / 48 55 60 64 / 58 -48 -55 -64 / 45 57 60 65 / 55 59 62 / -65 -55 -59 -62 / 52 64 -59 67 / 60 -52 -64 -67 / 47 62 65 -60 / 59 -47 -62 -65 / 48 -59 -62 -65 <END> 
<S> 48 55 60 64 / 55 59 62 -48 / 52 -55 -59 -62 / 48 55 60 64 / 48 -55 -60 -64 / 50 55 62 65 / 52 -55 -65 / 53 57 62 65 / 50 -57 -62 -65 / 55 60 64 / 43 53 62 -60 / 59 -43 -53 -62 / 45 52 60 64 / 0 / 47 50 62 67 <END> 
<S> 50 57 62 65 / 59 -50 -62 -65 / 52 55 60 64 / 54 57 -60 -64 / 55 59 62 / 52 59 64 67 / 62 -52 -59 -67 / 45 57 60 65 / 47 55 62 -65 / 48 55 64 -62 / 60 -48 -55 -64 / 41 57 60 62 / 50 59 -41 -62 / 43 57 55 59 / 53 -43 -59 -64 <END> 
<S> 45 57 60 65 / 47 55 62 -65 / 48 55 64 64 / 60 -48 -55 -64 / 41 57 60 62 / 43 55 59 -62 / 53 -43 -59 -62 / 48 52 55 60 / 48 60 64 67 / 50 62 -60 -67 / 52 55 60 67 / 48 -55 -60 -67 <END> 
<S> 48 52 55 60 / 50 53 60 69 / 55 59 62 / / 52 -55 -59 -62 / 48 55 60 64 / 48 -55 -60 -64 / 42 57 60 62 / 50 -57 -60 -62 / 43 55 59 62 / 55 -43 -59 -62 / 48 52 55 60 / 50 53 62 -60 / 52 55 60 64 / 53 57 -60 -67 <END> 
<S> 43 55 59 62 / 41 -55 -59 -62 / 40 48 55 60 / 48 52 60 67 / 41 60 -60 -67 / 43 55 59 62 / 57 -43 -59 -62 / 45 52 60 64 / 43 -52 -60 -64 / 45 53 60 65 / 41 57 -53 -60 / 43 59 62 -53 / 52 -43 -59 -62 / 47 55 62 67 <END> 
<S> 41 57 62 -60 / 38 59 -62 -62 / 57 -38 -62 -62 / 43 59 -62 -62 / 55 59 62 67 / 54 60 62 69 / 52 59 62 67 / 50 59 64 67 / 51 55 -64 -67 / 50 57 66 69 / 59 -50 -66 -69 / 51 60 66 -69 / 43 59 67 71 / 52 60 -67 -71 <END> 
<S> 43 59 67 74 / 50 59 62 -74 / 52 60 67 / 60 64 -52 -67 / 50 62 65 69 / 71 -50 -62 -65 / 52 55 64 71 / 54 57 -52 -64 / 55 59 67 74 / 69 -55 -59 -74 / 55 62 71 -74 / 64 -55 -71 -74 / 54 62 69 72 / 60 67 -69 -72 / 43 62 71 -67 <END> 
<S> 54 62 69 74 / 52 67 -62 -74 / 50 62 66 69 / 55 62 67 70 / 53 -62 -67 -71 / 52 60 67 72 / 70 -52 -60 -67 / 53 60 65 69 / 51 -60 -65 -69 / 50 58 65 70 / 62 -50 -65 -70 / 48 60 64 69 / 57 60 65 -69 <END> 
<S> 52 60 67 -69 / 70 -52 -60 -67 / 53 60 67 / 58 65 -53 -67 / 51 56 60 65 / 53 56 62 65 / 55 59 67 -65 / 60 63 -55 57 / 56 62 -60 -63 / 50 55 62 65 / 51 54 63 -65 / 63 -51 -58 -65 / 45 60 65 69 / 63 -60 -65 -69 <END> 
<S> 54 60 63 69 / 62 -54 -60 -69 / 55 62 67 71 / 48 63 67 72 / 53 60 65 74 / 52 -60 -65 -69 / 50 58 65 70 / 62 -58 -65 -70 / 60 63 65 72 / 57 -60 -63 -72 / 58 62 65 74 / 59 67 74 -65 <END> 
<S> 53 60 65 68 / 58 64 67 -53 / 51 60 67 -67 / 65 -51 -67 -67 / 44 60 63 -67 / 53 65 69 -60 / 51 -60 -65 -69 / 50 58 -65 -68 / 51 58 67 -65 / 63 -51 -67 -70 / 46 65 68 74 / 67 75 -53 -68 <END> 
<S> 44 60 63 65 / 56 59 63 / 0 -56 / 60 -56 -63 / 50 53 65 70 / 68 -50 -53 -65 / 51 58 67 70 / 60 -51 -67 -70 / 50 58 65 68 / 62 -50 -58 -65 / 51 58 63 67 / 62 65 -55 -58 <END> 
<S> 51 58 65 67 / 50 -58 -65 -67 / 48 60 63 68 / 50 -60 -63 -68 / 51 58 63 67 / 58 65 -51 / 50 -58 -65 / 48 62 65 77 / 50 -62 -62 -77 / 55 62 67 -62 / 60 63 -55 -67 / 53 60 62 65 / 55 58 63 -65 / 60 -55 -58 -63 / 46 58 62 65 / 60 -46 -62 -65 / 58 62 65 70 / 47 62 67 -58 <END> 
<S> 55 62 63 70 / 53 56 62 -70 / 51 55 63 72 / 50 55 65 71 / 48 63 67 72 / 60 62 67 71 / 55 59 62 67 / 53 -59 -62 -67 / 51 60 67 72 / 50 -60 -67 -72 / 48 65 67 74 / 47 -65 -68 -74 <END> 
<S> 55 62 67 71 / 53 -62 -67 -71 / 51 60 67 72 / 48 -60 -67 -72 / 53 60 65 68 / 59 62 -53 -68 / 51 55 60 67 / 53 60 69 -67 / 55 62 -60 -69 / 59 62 67 -55 / 65 -55 -59 -67 / 52 60 67 -65 / 53 62 65 / 71 -53 -65 <END> 
<S> 55 62 67 71 / 53 -62 -67 -71 / 51 60 67 72 / 48 -60 -67 -72 / 55 60 67 74 / 59 -55 -67 -74 / 65 -55 -59 -74 / 56 60 63 72 / 60 63 68 -56 / 60 -60 -68 -68 / 51 58 67 75 / 48 60 -67 -75 <END> 
<S> 48 60 63 67 / 55 60 63 -67 / 56 62 65 71 / 60 63 -56 -71 / 55 59 62 67 / 55 58 62 70 / 63 -55 -58 -70 <END> 
<S> 43 58 70 74 / 55 63 -70 -74 / 53 62 -70 -74 / 51 63 -70 -70 / 50 65 70 -70 / 46 62 -65 -70 / 48 60 63 -70 / 69 -48 -60 -63 <END> 
<S> 63 67 70 / 62 65 -70 / 60 63 67 / 58 -60 -67 -75 / 56 60 67 75 / 58 -56 -67 -75 / 56 60 65 77 / 53 62 70 -77 / 58 -62 -70 -77 <END> 
<S> 60 63 67 75 / 58 62 -67 -75 / 56 60 72 77 / 55 70 -60 -77 / 53 68 72 75 / 74 -53 -68 -72 / 55 67 71 74 / 65 -55 -71 -74 / 48 64 67 72 <END> 
<S> 53 68 72 / 51 -67 -72 / 50 65 -72 -72 / 71 -50 -65 -72 / 48 63 67 72 / 60 69 -48 -72 / 0 / 46 62 70 77 <END> 
<S> 48 63 67 75 / 50 62 -67 -75 / 51 60 67 75 / 53 -60 -67 -75 / 55 59 67 74 / 72 -55 -59 / 65 -55 -59 -72 <END> 
<S> 48 60 67 75 / 55 59 67 74 / 53 -59 -67 -74 / 51 58 67 79 / 60 -51 -70 -79 / 62 65 70 77 / 68 -62 -65 -77 <END> 
<S> 46 58 65 74 / 62 -46 -58 -65 / 48 60 63 -65 / 50 58 65 / 51 63 67 -58 / 53 60 68 -67 / 50 60 67 70 / 48 60 68 -60 <END> 
<S> 46 62 65 74 / 67 75 -60 / 53 60 68 74 / 62 72 -53 -68 / 55 63 67 70 / 65 -55 -63 -70 / 56 60 63 75 / 58 74 -63 -68 / 56 68 72 -63 / 62 -56 -72 / 60 -56 -72 -75 / 55 62 74 -72 / 67 -55 -72 -74 / 65 -55 -70 -74 <END> 
<S> 56 60 65 72 / 55 -60 -65 -72 / 53 -60 70 55 / 51 -60 -65 -70 / 50 58 65 68 / 62 -58 -58 -65 / 52 60 62 67 / 53 59 62 65 / 57 -53 -62 / 55 59 62 / 51 60 -55 -59 / 53 60 62 / 58 -53 -60 <END> 
<S> 55 62 65 / 53 56 -62 -65 / 55 58 63 -62 / 53 56 62 -63 / 55 58 62 / 53 56 60 65 / 58 52 67 / 55 58 67 70 / 65 -55 -67 -70 / 48 63 67 70 / 68 -48 -63 -70 / 50 58 65 -68 / 51 58 67 -65 <END> 
<S> 53 60 68 -51 / 50 53 58 -68 / 51 58 67 / 46 50 -58 -67 / 57 60 65 -51 / 50 58 65 / 51 55 67 -58 / 63 -51 -55 -67 / 48 60 63 67 / 46 -60 -63 -67 / 44 56 60 65 / 47 -56 -60 -65 / 48 55 60 64 / 58 -48 -55 -60 <END> 
<S> 48 60 63 67 / 47 -60 -63 -67 / 44 60 65 -60 / 64 -44 -60 -60 / 46 58 62 65 / 47 55 62 67 / 48 55 63 / 68 -48 -52 -63 / 55 58 63 -48 / 51 56 60 -63 / 39 55 58 -63 / 44 56 60 -63 / 43 58 62 -56 / 44 53 -58 -62 <END> 
<S> 48 56 60 63 / 49 55 61 65 / 44 56 60 65 / 58 -44 -60 -65 / 60 -44 -60 -65 / 43 59 62 67 / 55 59 67 74 / 60 67 75 / 58 62 -67 -75 / 56 63 72 / 55 -63 -72 / 53 68 72 74 / 55 67 71 74 / 65 -55 -71 -74 <END> 
<S> 51 60 67 75 / 58 62 65 77 / 56 60 72 77 / 55 58 70 75 / 56 60 68 -75 / 58 62 68 74 / 63 67 -58 -74 / 65 74 -63 / 56 63 72 75 / 55 70 -63 -72 / 53 68 72 77 / 67 -53 -68 -77 / 51 67 69 75 / 46 -51 -67 -75 / 48 67 72 75 / 58 -67 -72 -75 <END> 
<S> 51 67 72 75 / 53 68 74 -72 / 55 67 71 -74 / 56 67 72 / 65 -56 -72 / 55 60 67 75 / 53 -60 -67 -75 / 55 59 67 74 / 65 -55 -59 -74 / 56 60 63 72 / 55 67 -60 -72 / 53 65 68 72 / 63 -53 -68 -72 / 46 62 67 70 / 65 -46 -62 -70 <END> 
<S> 48 60 67 75 / 72 -48 -67 -75 / 55 67 74 -72 / 71 -55 -67 -74 / 65 -55 -71 -74 / 56 63 72 / 60 -56 -72 / 55 70 -60 -63 / 53 56 68 74 / 55 58 -68 -74 / 56 60 68 72 / 74 -56 -60 -68 / 55 59 67 75 / 53 68 -67 -75 / 55 67 75 / 53 68 -67 -75 / 51 60 67 75 / 53 -60 -67 -75 <END> 
<S> 55 59 67 75 / 56 60 -67 -75 / 62 65 -56 -60 / 59 63 -53 -68 / 47 62 67 / 55 60 67 75 / 51 -60 -67 -75 / 53 60 67 74 / 55 59 67 -74 / 65 -55 -59 -74 / 48 60 63 72 / 46 62 70 77 <END> 
<S> 53 60 67 74 / 62 65 -53 -74 / 63 67 -53 -74 / 46 65 65 74 / 67 71 -65 -74 / 63 67 72 / 60 65 -67 -72 / 55 59 67 74 / 55 67 71 75 / 60 -55 -67 -75 / 56 60 68 77 / 55 -60 -68 -77 <END> 
<S> 63 67 72 / 62 -60 -67 -72 / 60 65 74 -56 / 59 -60 -65 -74 / 60 63 67 75 / 58 62 70 77 / 56 -62 -70 -77 / 55 63 70 79 / 53 75 -70 / 51 67 70 75 / 50 65 -70 -75 / 51 67 70 75 / 50 65 -70 -75 <END> 
<S> 55 58 70 75 / 53 -58 -70 -75 / 51 65 70 77 / 50 -65 -70 -77 / 51 63 70 79 / 62 77 -70 / 56 60 72 -65 / 55 58 67 75 / 53 60 68 77 / 58 62 67 -77 / 60 63 67 75 / 58 65 74 62 56 64 72 / 55 65 -72 / 63 -55 -72 -75 / 56 -55 -60 -72 / 53 68 74 -56 <END> 
<S> 53 60 68 77 / 62 -53 -68 -77 / 55 63 67 70 / 55 -63 -67 / 53 56 62 70 / 51 60 63 68 / 58 -48 -63 -68 / 44 58 65 70 / 63 67 -58 -70 / 62 65 -55 -70 / 60 63 67 72 / 58 62 -67 -72 / 54 57 63 72 / 55 62 67 70 <END> 
<S> 51 58 65 67 / 63 -51 -58 -67 / 56 60 65 -51 / 55 58 -63 -68 / 53 58 65 68 / 51 58 63 67 / 56 60 63 65 / 62 -56 -60 -63 / 50 58 62 65 / 51 58 63 67 / 53 68 -58 -63 / 55 62 70 -58 / 56 65 68 72 <END> 
<S> 53 56 65 68 / 58 63 -68 -68 / 62 65 67 -68 / 60 63 -65 -68 / 58 65 70 74 / 56 -65 -70 -74 / 55 63 70 75 / 65 -55 -70 -75 / 53 67 70 74 / 51 72 -67 -70 / 53 65 69 72 / 63 -53 -69 -72 / 46 62 65 70 <END> 
<S> 53 65 68 74 / 63 75 -53 -68 / 62 65 70 / 79 63 -62 -70 / 56 60 63 72 / 65 74 -56 -60 / 55 67 75 -60 / 53 60 68 74 / 55 59 67 -74 / 65 -55 -67 -74 / 48 63 67 72 / 50 58 70 77 <END> 
<S> 53 60 68 74 / 50 -60 -68 -74 / 55 67 -60 -74 / 59 65 -55 -74 / 48 60 64 72 / 60 -48 -64 -72 / 50 55 65 74 / 71 -50 -55 -74 / 48 67 72 75 / 50 71 -67 -75 / 51 63 72 79 / 53 -63 -72 -79 / 55 67 71 74 / 47 -67 -71 -74 <END> 
<S> 48 63 67 72 / 62 71 -48 -67 / 50 60 69 -67 / 66 -50 -60 -69 / 55 59 62 67 / 55 59 62 67 / 53 -59 -62 -67 / 51 60 63 67 / 58 62 65 / 56 -58 -62 -65 / 43 55 62 70 / 63 69 -55 / 62 -55 -55 -70 / 48 55 63 72 / 51 63 -48 -72 <END> 
<S> 51 60 67 / 53 60 65 -67 / 55 63 65 / 56 62 -65 / 60 63 72 / 55 58 62 -72 / 54 57 63 72 / 62 -54 -57 -72 / 55 62 71 / 54 60 69 -55 / 54 63 69 72 / 55 59 67 -63 / 60 63 -67 / 59 62 67 -67 <END> 
<S> 54 57 62 74 / 50 58 -62 -74 / 60 67 -50 -74 / 43 50 -67 -74 / 65 -43 72 74 / 63 72 -43 -74 / 44 74 -67 -72 / 43 65 70 72 / 55 67 -70 75 / 53 -67 -70 -75 / 51 65 70 77 / 50 -65 -70 -77 / 51 63 70 79 / 72 -51 -63 -79 <END> 
<S> 48 60 67 75 / 51 63 67 -75 / 53 68 72 77 / 55 71 -68 -77 / 56 63 72 / 62 65 -72 / 63 67 75 -72 / 65 74 -67 -72 / 67 72 75 / 58 -67 -72 -75 / 56 60 72 -75 / 55 63 70 75 / 53 65 68 77 <END> 
<S> 48 67 72 75 / 60 -67 -72 -75 / 58 67 74 77 / 56 -68 -74 -77 / 55 70 74 79 / 53 68 -71 -79 / 51 63 70 79 / 50 -63 -70 -79 / 77 -50 -62 -67 / 48 67 72 75 / 50 -67 -72 -75 / 51 67 72 75 / 53 -67 -72 -75 / 55 67 70 75 / 53 56 68 77 <END> 
<S> 48 63 72 79 / 50 65 -72 -79 / 51 67 72 -75 / 53 -67 -72 -75 / 55 67 74 -72 / 70 -55 -67 -74 / 51 58 67 74 / 57 69 72 77 / 59 74 -69 -77 / 60 67 72 75 / 55 -60 -67 -72 <END> 
<S> 55 70 74 / 57 72 -67 -74 / 55 -67 -72 -76 / 53 68 -72 74 / 55 67 71 74 / 65 -55 -71 -74 / 48 63 67 72 / 53 65 70 74 / 51 -65 -70 -74 / 53 63 69 72 / 51 55 -63 -69 <END> 
<S> 53 65 68 74 / 51 58 -65 -74 / 74 -58 -58 -74 / 55 70 76 -74 / 56 72 -70 -75 / 58 68 74 77 / 67 75 -58 -77 / 59 67 74 77 / 55 -67 -74 -77 <END> 
<S> 48 63 67 75 / 72 -48 -63 -75 / 50 65 70 74 / 51 -65 -70 -74 / 53 65 69 72 / 46 74 -65 -68 / 60 67 75 / 58 -60 -67 -75 <END> 
<S> 46 65 70 74 / 63 67 -70 -74 / 65 72 -70 / 69 -65 -72 / 63 67 70 / 48 63 72 79 / 53 63 72 80 / 55 62 71 79 <END> 
<S> 63 68 72 -58 / 62 65 -68 -72 / 60 63 67 75 / 58 -60 -67 -75 / 56 60 72 77 / 55 -56 -60 -77 / 53 62 65 -56 / 59 -53 -65 -77 / 51 60 67 75 / 48 -60 -67 -75 <END> 
<S> 56 60 63 72 / 55 58 -63 -72 / 53 56 68 74 / 58 -53 -68 -74 / 51 60 67 75 / 58 -51 -67 -75 / 56 60 65 75 / 55 67 -60 -75 / 53 60 68 74 / 55 59 67 -74 / 65 -55 -67 -74 / 48 63 67 72 / 56 63 70 72 / 53 65 68 74 / 63 -53 -68 -74 <END> 
<S> 53 60 68 74 / 50 58 65 -74 / 51 70 63 67 / 55 58 -67 -70 / 60 63 68 72 / 53 -63 -68 -72 / 51 63 67 70 / 56 65 -51 -70 / 55 63 67 70 / 53 62 68 72 / 60 63 67 / 58 62 -67 -75 / 56 60 72 77 / 55 70 -60 -77 <END> 
<S> 51 63 67 70 / 61 -51 -67 -70 / 53 60 68 -67 / 65 -53 -60 -68 / 55 58 67 -65 / 56 60 65 -67 / 58 65 -56 -67 / 50 62 65 68 / 51 58 63 67 / 53 68 -58 -63 / 55 58 62 70 / 56 63 -55 -70 / 55 62 70 -55 / 53 60 68 -55 / 53 56 62 -53 / 51 55 58 63 <END> 
<S> 51 58 65 67 / 63 -51 -58 -67 / 46 65 68 -58 / 53 -46 -68 -68 / 51 58 67 75 / 58 74 -51 -67 / 51 63 67 72 / 53 65 68 -72 / 55 63 -68 -72 / 56 62 65 71 / 60 64 72 -67 / 55 59 67 74 <END> 
<S> 53 68 72 74 / 55 70 -68 -74 / 56 65 72 / 55 63 -72 / 53 56 68 -72 / 55 62 70 -68 / 53 60 65 68 / 58 -49 -65 -68 / 48 60 65 68 / 64 -48 -60 -68 / 62 -48 -67 -72 / 63 -48 -67 -72 / 56 65 72 -48 / 53 63 68 -72 <END> 
<S> 48 60 63 68 / 59 -48 -64 -68 / 53 56 60 68 / 58 -53 -56 -68 / 51 56 67 72 / 53 68 74 -58 / 55 60 67 72 / 68 -55 -60 -67 / 43 60 67 74 / 59 -43 -67 -74 / 65 -43 -59 -74 <END> 
<S> 56 60 65 75 / 55 -60 -65 -75 / 53 74 -60 -67 / 59 -53 -60 -68 / 48 60 67 75 / 44 60 67 75 / 43 59 67 74 / 65 -43 -59 -74 / 48 60 63 72 / 60 67 75 / 58 -60 -67 -75 <END> 
<S> 48 60 63 67 / 60 63 72 79 / 63 68 72 79 / 67 72 77 -63 / 62 65 -72 -77 / 63 67 72 75 / 65 74 -67 -75 / 60 67 75 -74 / 72 -60 -67 -75 / 55 67 71 74 / 53 -67 -71 -74 <END> 
<S> 56 65 72 77 / 67 -56 -72 -77 / 55 68 72 75 / 53 68 74 77 / 55 67 70 75 / 56 68 77 -75 / 58 70 74 77 / 72 -58 -70 -77 / 56 68 72 77 / 55 -68 -72 -77 / 53 70 75 79 / 51 -70 -75 -79 <END> 
<S> 58 70 75 77 / 51 68 72 77 / 70 -51 -68 -77 / 51 67 72 75 / 53 65 74 -72 / 55 63 70 -74 / 56 72 -63 / 58 65 -63 -72 / 56 62 72 -65 / 70 -56 -60 -72 / 53 62 68 71 / 63 -53 -68 -71 / 65 -51 -55 -70 <END> 
