<S> 48 55 60 63 / 47 -55 -60 -63 / 48 56 62 65 / 47 50 63 67 / 65 68 -47 -50 / 48 51 63 67 / 50 53 59 -67 / 51 55 60 -67 / 53 56 62 65 / 55 62 63 / 60 -55 -63 / 43 55 60 62 / 59 63 -43 -55 / 65 -43 -55 -59 / 48 55 60 63 / 51 -48 -60 -63 / 53 -48 -60 -63 / 59 62 -48 -53 <END> 
<S> 55 62 63 / 60 -55 -63 / 43 55 60 62 / 59 62 -43 -55 / 53 -43 -59 -62 / 48 51 55 60 / 48 60 63 67 / 50 -60 -63 -67 / 51 58 63 67 / 46 58 65 68 / -46 -58 -65 / 56 45 60 65 / 63 -45 -56 -60 <END> 
<S> 48 60 63 67 / 47 -60 -63 -67 / 45 60 65 -60 / 47 62 -60 -65 / 48 60 63 67 / 58 62 -48 -67 / 53 56 60 65 / 51 55 -60 -65 / 50 53 62 70 / 51 58 67 / 53 -51 -58 -67 / 52 55 60 67 / 58 -52 -55 -67 / 53 56 60 65 / 59 62 -53 -65 / 48 60 63 67 / 58 -60 -64 -67 <END> 
<S> 51 58 67 / 50 65 -58 -67 / 48 63 67 / 46 62 -67 / 44 60 67 / 59 -44 -67 / 36 60 65 68 / 62 -60 -65 / 60 63 -60 / 58 62 -60 -65 / 60 63 -58 / 56 59 62 65 / 60 -56 -59 / 51 55 60 67 / 53 59 62 67 / 50 -59 -62 -67 / 48 55 60 63 / 48 -55 -60 -63 <END> 
<S> 56 60 63 65 / 55 59 62 67 / 53 -59 -62 -67 / 51 60 67 / 53 62 -60 -67 / 51 55 60 72 / 50 53 -60 -72 / 51 55 60 72 / 48 51 -60 -72 / 50 53 65 -72 / 71 -50 -53 -65 / 51 55 63 72 / 53 56 -63 -72 / 55 58 63 70 / 49 -55 -63 -67 <END> 
<S> 51 55 60 67 / 48 60 64 69 / 53 60 65 68 / 46 62 65 -53 / 51 55 63 67 / 60 -55 -67 / 41 60 65 68 / 62 -41 -65 / 60 63 -45 / 58 62 -45 -63 / 56 -44 -59 -63 / 39 55 58 63 / 44 -55 -58 -63 <END> 
<S> 39 58 63 67 / 41 68 -58 -63 / 43 58 63 70 / 44 60 -63 -70 / 46 62 65 / 39 58 -65 -68 / 39 58 63 67 / 41 -58 -63 -67 / 39 51 60 68 / 46 53 -60 -68 / 48 51 60 67 / 58 -48 -51 -67 / 53 56 60 65 / 59 -53 -56 -65 <END> 
<S> 44 60 63 67 / 46 58 62 -67 / 51 58 63 67 / 50 58 65 70 / 51 60 63 69 / 53 60 62 -69 / 60 67 -57 -60 / 55 59 62 67 / 60 -55 -62 / 57 60 62 / 43 58 62 65 / 59 -43 -58 -65 <END> 
<S> 56 60 65 / 55 58 65 / 74 53 -58 -65 / 51 58 67 75 / 50 65 -67 -75 / 48 63 67 72 / 53 62 65 -72 / 51 55 63 72 / 50 62 65 -72 / 48 60 63 -72 / 67 -48 -60 -75 / 65 72 -48 -67 / 50 74 -65 -68 / 48 63 67 75 / 69 -48 -63 -75 <END> 
<S> 48 60 68 -67 / 65 -48 -60 -67 / 60 -48 -65 -68 / 63 -48 -60 -68 / 47 62 67 79 / 48 67 75 -62 / 60 -48 -67 -75 / 44 59 67 74 / 65 -59 -67 -74 / 60 63 67 72 / 62 65 -67 -72 / 60 63 67 75 / 58 62 -67 -75 / 56 60 72 77 / 55 70 -60 -77 <END> 
<S> 60 63 67 75 / 58 62 -67 -75 / 56 60 72 77 / 55 70 -60 -77 / 53 68 72 75 / 74 -53 -68 -72 / 55 67 72 75 / 43 65 71 74 -55 / 59 63 72 -50 / 74 -65 -68 / 60 67 75 75 / 58 -60 -67 -75 / 56 60 72 77 / 55 75 -60 -72 <END> 
<S> 48 63 67 72 / 60 63 72 79 / 58 65 74 77 / 56 -65 72 75 / 55 67 70 75 / 53 -67 -70 -75 / 51 65 72 50 / 71 74 -65 / 63 67 72 / 65 74 -67 / 67 75 -65 / 59 68 74 77 <END> 
<S> 56 68 72 75 / 55 -68 -72 -75 / 53 70 72 75 / 51 67 -72 -75 / 53 68 74 77 / 72 -53 -68 -77 / 55 70 74 -60 / 59 -55 -74 -77 / 60 63 67 75 / 48 60 67 75 / 55 59 67 74 <END> 
<S> 56 68 72 / 55 67 71 75 / 56 72 -67 -75 / 58 65 74 -56 / 67 75 -56 -65 / 53 68 77 -72 / 71 -53 -68 -77 / 60 67 72 75 / 65 68 -72 -75 / 63 67 71 36 / 62 -56 55 60 / 53 60 68 77 / 55 75 -60 -68 / 56 65 71 74 <END> 
<S> 60 67 75 / 58 -60 -67 -75 / 56 60 68 75 / 55 -60 -68 -75 / 53 60 68 74 / 55 59 67 -74 / 56 60 65 72 / 64 -56 -60 -72 / 55 62 67 72 / 71 -55 -62 -67 / 60 63 67 72 / 57 62 66 -72 / 55 62 67 71 / 53 -62 -67 -71 <END> 
<S> 57 60 65 72 / 55 -60 -65 -72 / 53 59 67 48 / 55 62 -67 / 60 65 -55 / 48 55 60 64 / 46 -55 -60 -63 / 44 51 56 -60 / 43 51 58 -60 / 41 53 56 -60 / 51 -41 -53 -56 / 49 -41 -56 -60 / 36 51 55 60 / 46 50 62 65 / 58 51 67 / 55 58 63 / 57 60 -63 / 43 55 62 70 <END> 
<S> 48 51 55 62 / 46 -51 -55 -60 / 44 51 56 60 / 41 -51 -56 -60 / 43 50 58 63 / 41 -43 -58 -63 / 44 48 56 60 / 45 48 -56 -65 / 63 -45 -56 -65 / 47 55 62 -65 / 39 55 60 -65 / 58 62 65 -55 / 56 60 -55 -65 / 55 62 67 / 53 68 -55 -62 <END> 
<S> 44 51 60 63 / 70 -44 -60 -63 / 46 58 62 65 / 56 60 63 -65 / 62 65 -56 -60 / 55 58 63 -48 / 51 55 -58 -63 / 41 53 56 60 / 59 -53 -56 -53 / 51 55 60 63 / 46 -55 -60 -63 / 44 60 65 -60 / 43 58 62 67 / 41 -58 -62 -67 / 60 -46 -62 -67 / 43 62 65 -67 / 63 -46 -62 / 44 60 -63 / 62 -44 -63 -72 <END> 
<S> 41 56 62 -60 / 60 -41 -56 -60 / 43 55 59 62 / 0 / 48 60 63 / 58 -48 -63 -63 / 50 56 65 -63 / 58 62 -53 -65 / 55 60 63 / 53 57 -60 -63 / 55 60 62 / 53 58 -62 / / 52 -58 -62 / 43 -52 -59 -62 / 45 53 60 65 / 47 56 62 -65 <END> 
<S> 56 62 65 / 55 58 63 -65 / 56 60 63 / 55 58 -60 -63 / 53 56 60 65 / 55 -53 -60 -65 / 53 56 60 65 / 55 -53 -60 -65 / 51 55 60 67 / 53 69 -60 / 55 59 62 / 56 60 -53 -59 / 55 62 -60 / 59 -43 -55 -62 / 53 -43 -59 -62 <END> 
<S> 53 56 60 65 / 55 63 -53 -60 / 47 56 62 / 55 -47 -62 / 48 55 60 63 / 46 53 62 -60 / 44 51 60 63 / 43 55 59 62 / 53 -43 -59 -62 / 48 51 55 60 / 48 60 63 67 / 50 62 -60 -67 / 51 58 67 / 50 53 -67 70 <END> 
<S> 44 48 60 65 / 47 50 -60 -65 / 48 51 55 60 / 53 62 -48 -55 / 55 60 63 -48 / 46 -55 -60 -63 / 44 53 60 65 / 43 55 -53 -65 / 41 57 60 62 / 43 58 59 -62 / 53 -43 -59 -62 <END> 
<S> 46 56 62 65 / 44 -56 -60 -65 / 43 59 62 -53 / 53 -43 -59 -62 / 36 55 60 63 / 51 -55 -60 -63 / 50 56 60 65 / 59 -50 -56 -65 / 48 55 60 63 / 53 62 -60 -63 / 55 59 62 / 62 -43 -55 -59 <END> 
<S> 56 62 -48 -63 / 47 55 62 -62 / 48 55 60 63 / 51 55 58 67 / 60 69 -51 -55 / 50 53 58 70 / 48 51 60 -70 / 46 53 62 70 / 51 -53 72 -70 / 48 51 63 69 / 50 58 65 70 / 51 58 63 67 <END> 
<S> 50 53 65 70 / 51 58 63 67 / 53 56 60 68 / 58 62 -56 -68 / 56 60 72 -51 / 55 58 63 70 / 53 68 -63 -70 / 51 65 68 -68 / 50 59 -65 -68 / 51 58 63 67 / 50 58 65 / 63 -50 -58 -65 <END> 
<S> 51 58 65 67 / 63 -51 -58 -67 / 56 60 63 72 / 55 -60 -63 -72 / 53 60 68 72 / 62 -53 -68 -72 / 63 67 70 -53 / 65 68 -55 -61 / 51 60 67 75 / 48 60 67 75 / 56 60 65 77 / 53 56 60 -77 / 55 59 62 67 <END> 
<S> 56 60 63 72 / 65 74 -56 -60 / 55 58 67 75 / 57 60 65 -75 / 58 62 65 74 / 56 60 -65 -74 / 55 58 67 75 / 53 68 77 -58 / 55 63 70 75 / 56 -63 -70 -75 / 58 65 70 74 / 53 68 -58 -74 / 55 70 -58 -74 / 56 60 -70 -74 / 58 62 65 74 / 63 67 72 -58 / 60 65 68 74 / 59 -65 -68 -74 <END> 
<S> 53 68 74 -58 / 55 75 -68 -74 / 56 71 77 -68 / 65 -56 -71 -74 / 51 67 72 -58 / 48 63 -72 / 67 -48 -72 / 65 69 -48 -72 / 46 -65 -69 -74 / 51 67 72 / 58 74 -67 -72 / 60 67 72 75 / 58 -67 -72 -75 / 56 68 77 75 / 58 -68 -72 -75 / 56 60 72 75 / 55 70 -60 -75 <END> 
<S> 48 67 72 75 / 68 -48 -72 -75 / 55 67 71 74 / 55 67 71 74 / 60 67 72 75 / 62 65 70 77 / 63 70 79 -65 / 63 -63 -70 -79 / 62 72 77 -63 / 59 62 74 -77 / 60 67 75 -74 / 72 -60 -67 -75 <END> 
<S> 62 67 70 -79 / 53 -62 -70 -77 / 55 70 75 79 / 56 -62 -70 -79 / 58 62 70 77 / 63 75 -58 -70 / 46 65 70 74 / 48 -65 -70 -74 / 53 65 69 72 / 63 -53 -69 -72 / 46 62 65 70 / 67 -46 -62 -70 <END> 
<S> 53 60 65 69 / 51 63 -60 -69 / 50 58 65 70 / 48 67 -58 -65 / 46 53 62 65 / 44 -53 -58 -65 / 46 58 62 65 / 55 58 64 -65 / 56 60 63 65 / 45 -60 -63 -65 / 46 58 65 -63 / 62 -46 -58 -65 / 56 -46 -62 -65 <END> 
<S> 46 58 62 65 / 44 -58 -62 -65 / 43 56 60 63 / 44 60 -56 -63 / 43 55 60 63 / 53 -55 -60 -63 / 57 60 -55 -60 / 43 59 62 / 53 59 62 -43 <END> 
<S> 55 58 62 / 50 -55 -58 -62 / 55 55 70 -58 / 53 57 60 69 / 55 58 62 70 / 53 -58 -62 -70 / 51 55 60 69 / 50 54 -60 -69 / 52 55 67 70 / 50 -55 -67 -70 / 48 60 67 72 / 55 59 74 -67 <END> 
<S> 55 58 62 70 / 51 -55 -58 -70 / 53 56 60 68 / 51 55 -60 -68 / 50 58 65 70 / 46 62 -58 -70 / 51 58 63 67 / 65 -51 -58 -67 / 48 63 67 72 / 51 -63 -67 -72 / 56 62 65 -72 / 67 -56 -65 -72 / 55 65 67 74 / 71 -55 -67 -74 / 65 -55 -67 -74 <END> 
<S> 51 67 72 -51 / 50 -51 -67 -72 / 48 62 67 74 / 48 60 67 75 / 55 59 67 74 / 51 60 67 79 / 50 65 -60 -79 / 55 67 74 -60 / 59 -55 -67 -74 / 48 63 67 72 / 60 -63 -67 <END> 
<S> 55 62 67 70 / 53 63 67 70 / 51 63 67 70 / 53 56 65 68 / 51 63 67 70 / 53 56 65 68 / 55 58 -65 -68 / 56 60 65 68 / 62 -56 -65 -68 / 46 61 67 70 / 65 68 -61 -61 <END> 
<S> 53 56 63 68 / 58 65 -53 -68 / 60 67 -56 -65 / 58 61 65 68 / 48 60 -65 -68 / 46 61 67 70 / 44 63 68 72 / 49 49 -68 -72 / 51 63 70 -68 / 67 -51 -63 / -39 -67 -67 -70 / 48 63 67 72 / 53 65 68 -72 / 47 62 67 74 / 67 -47 -62 -67 / 65 -47 -62 -67 <END> 
<S> 51 58 67 / 65 -51 -58 -67 / 51 63 67 72 / 60 -63 -67 -72 / 44 60 65 -72 / 41 56 -60 -72 / 58 62 70 -56 / 60 -56 -65 -70 / 55 58 62 -65 / 53 60 63 68 / 55 59 65 -68 / 51 58 63 67 / 59 -51 -58 -67 / 51 56 60 67 / 55 -51 -60 -67 / 53 56 60 68 / 58 -53 -53 -68 <END> 
<S> 51 63 68 72 / 50 -63 -68 -72 / 51 63 68 -68 / 50 -63 -68 -68 / 51 58 67 75 / 58 -67 74 / 56 63 72 / 55 58 -68 -72 / 53 67 70 74 / 52 -67 -70 -74 / 53 65 72 -70 / 55 63 70 -72 / 56 65 68 72 / 58 74 -65 -68 / 60 67 76 / 53 60 -67 -74 <END> 
<S> 53 65 68 74 / 51 58 67 75 / 56 60 72 / 58 62 74 77 / 56 -62 -65 -74 / 55 63 70 75 / 72 -55 -63 -75 / 53 68 74 77 / 67 72 -53 -77 / 51 63 69 79 / 56 71 -63 -79 / 55 63 72 -79 / 53 56 62 -72 / 71 -53 -62 / 55 67 72 75 / 65 -55 -72 -79 <END> 
<S> 56 63 72 77 / 53 68 -72 -77 / 55 62 70 -77 / 75 -55 -62 -70 / 53 56 65 72 / 74 -53 -56 -65 / 51 58 67 75 / 53 60 68 77 / 62 -53 -68 -77 / 55 63 70 79 / 56 -63 -70 -79 / 58 62 65 74 / 67 -59 -62 -74 / 60 63 67 72 / 48 -60 -67 -72 <END> 
<S> 55 63 70 75 / 53 56 68 74 / 51 55 60 67 / 59 -51 -55 -67 / 44 53 60 67 / 43 55 59 62 / 53 55 60 63 / 51 -55 -60 -63 / 53 56 65 -60 / 55 59 62 -65 / 60 -55 -62 -65 / 55 59 62 / 53 60 -55 -59 / 48 60 55 -60 / 55 59 62 -48 / 47 -55 -59 / 48 55 60 63 / 48 51 -60 -63 <END> 
<S> 55 62 65 -48 / 56 60 63 / 65 -56 -60 / 51 55 67 -60 / 53 60 68 -55 / 55 59 -53 -68 / 51 67 -53 -59 / 50 60 65 / 51 58 64 67 / 50 65 -58 -67 / 52 60 67 / 48 -60 -67 / 53 60 67 69 / 55 -60 -67 -69 / 53 65 68 -60 / 59 62 67 -53 / 52 60 -59 -67 / 57 60 65 -51 / 50 59 62 -65 / 48 55 63 / 50 65 -55 -63 <END> 
<S> 53 60 65 69 / 51 -60 -65 -69 / 50 53 65 70 / 46 62 -53 -65 / 51 58 63 67 / 56 62 65 -67 / 51 55 67 72 / 48 63 67 70 / 50 62 -67 -70 / 51 60 67 72 / 53 -60 -67 -72 / 52 55 67 72 / 48 -55 -67 -72 / 56 60 65 -72 / 67 -56 -60 -72 / 55 62 -67 -72 / 67 -55 -62 -72 / 65 -55 -67 -72 / 48 64 67 72 / 60 63 67 72 / 58 -67 -72 <END> 
<S> 51 67 72 -67 / 53 65 -67 -72 / 55 67 71 74 / 55 62 71 79 / 53 -62 -71 -79 / 51 63 72 79 / 70 -51 -63 -79 / 53 68 77 -63 / 55 67 70 75 / 56 65 72 -75 / 58 74 -65 -75 / 51 63 72 -58 / 53 60 68 -72 / 39 63 67 70 / 62 65 -67 -70 <END> 
<S> 53 68 72 77 / 74 -53 -68 -77 / 75 -53 -68 -68 / 55 67 74 / 55 65 -74 / 63 72 -55 / 57 60 66 74 / 55 62 67 70 / 53 -62 -67 -70 / 51 63 72 -67 / 50 65 -63 -72 / 51 62 67 70 / 48 60 67 75 / 69 -60 -75 <END> 
<S> 51 58 67 75 / 50 65 -58 -75 / 55 67 74 -58 / 53 -55 -67 -74 / 51 55 72 -67 / 70 -51 -63 -72 / 67 -51 -63 -72 / 67 -47 -63 -72 / 48 63 68 72 / 61 -63 -68 -72 / 48 63 68 72 / 67 -63 -72 / 56 65 72 / 60 65 -56 -72 / 55 62 67 71 / 55 62 67 71 <END> 
<S> 50 65 72 77 / 71 -50 -65 -77 / 51 67 72 79 / 53 -67 -72 -79 / 55 67 71 74 / 51 67 72 79 / 70 -51 -67 -79 / 53 68 72 77 / 55 75 -68 -72 / 56 74 -72 / 55 72 75 / 74 -55 -60 -75 / 56 72 75 -60 / 55 70 75 -60 <END> 
<S> 53 68 72 77 / 74 -53 -68 -77 / 55 70 75 79 / 63 -55 -75 -75 / 56 72 77 -75 / 58 -56 -72 -77 / 57 67 72 75 / 58 70 74 / 63 67 70 79 / 65 68 -71 -79 / 63 67 75 -58 / 62 77 -67 -75 / 60 67 72 75 / 70 -60 -67 -75 <END> 
<S> 58 65 70 74 / 53 65 72 -70 / 74 -53 -65 -70 / 48 58 67 75 / 53 60 68 77 / 62 -53 -68 -77 / 55 63 70 79 / 56 -63 -70 -79 / 58 70 -63 -75 / 62 -58 -70 -75 / 46 -58 -70 -79 <END> 
<S> 58 63 70 79 / 63 -58 -70 -79 / 72 -58 -63 -79 / 62 70 77 -58 / 60 63 70 79 / 55 -63 -70 -79 / 56 63 72 77 / 53 -63 -72 -77 / 58 62 70 77 <END> 
<S> 53 63 72 79 / 60 79 -53 -72 / 58 62 70 77 / 60 63 70 79 / 62 65 -70 -79 / 63 67 72 79 / 59 -67 -72 -79 / 60 67 72 75 / 58 -67 -72 -76 <END> 
<S> 63 72 79 / 60 -63 -72 -79 / 58 70 74 77 / 56 65 72 77 / 55 67 70 75 / 53 -67 -70 -75 / 51 65 70 77 / 50 -65 -70 -77 / 51 63 70 79 / 72 -51 -63 -79 <END> 
<S> 58 63 70 77 / 65 -58 -70 -77 / 58 67 74 77 / 55 70 75 -77 / 60 72 44 -75 / 62 74 77 -60 / 59 62 -74 -77 / 60 67 74 75 / 58 70 -67 -75 / 56 60 72 77 / 55 70 -60 -77 <END> 
<S> 60 63 67 75 / 62 65 -67 -75 / 63 67 72 / / -67 -72 -75 / 58 74 -67 -72 / 56 71 -67 -74 / 65 72 -71 / 45 63 72 -58 / 57 63 -63 -72 / 50 65 70 74 / 55 -65 -70 -74 / 53 65 73 -70 / 51 -65 -70 -75 / 50 65 70 77 / 68 -50 -65 -77 <END> 
<S> 52 60 67 70 / 53 60 65 69 / 51 -60 -65 -69 / 50 58 65 70 / 62 -50 -65 -70 / 48 60 63 -70 / 50 58 65 68 / 51 58 63 67 / 39 58 63 67 / 61 -39 -58 -67 <END> 
<S> 46 58 65 -63 / 62 -46 -58 -65 / 60 -46 -58 -65 / 58 62 65 -46 / 51 58 67 -65 / 63 -51 -58 -67 / 48 60 63 -67 / 58 -48 -63 -67 / 36 56 63 72 / 58 -44 -63 -72 / 46 53 62 70 / 55 63 70 / 53 56 68 72 <END> 
<S> 48 60 63 68 / 50 58 65 -68 / 51 58 67 -65 / 63 -51 -58 -67 / 56 60 63 72 / 55 -60 -63 -72 / 53 68 72 74 / 50 65 -72 -74 / 55 62 71 -74 / 67 -55 -71 -74 / 65 -55 -71 -74 / 48 63 67 72 / 58 65 70 74 / 56 -65 -70 -74 <END> 
<S> 53 68 74 -60 / 55 59 67 -74 / 65 -55 -67 -74 / 48 63 67 72 / 56 62 71 77 / 60 63 67 72 / 58 62 70 77 / 56 63 68 72 / 55 65 -68 -72 / 53 63 70 79 / 51 -60 -70 -79 <END> 
<S> 58 63 67 70 / 62 65 70 -58 / 63 -58 -70 -70 / 55 65 70 79 / 53 -65 -70 -79 / 51 70 79 -65 / 63 70 -51 -70 / 56 63 65 72 / 67 -56 -64 -72 / 53 65 68 72 / 74 -53 -68 -68 / 60 63 67 75 / 69 -60 -63 -75 <END> 
<S> 56 63 68 72 / 53 68 -68 -72 / 55 63 67 / 62 65 -55 59 / 48 60 63 67 / 55 59 67 74 / 53 60 67 74 / 65 -53 -60 -74 / 55 59 67 74 / 65 -55 -59 -74 / 56 60 63 72 / 55 -60 -63 -72 <END> 
<S> 55 59 67 74 / 56 60 -67 -74 / 65 74 -56 -60 / 59 -56 -60 -65 / 57 60 65 75 / 47 -60 -65 -75 / 48 60 65 75 / 50 59 65 74 / 51 -59 67 / 60 -51 -67 <END> 
<S> 60 63 68 / 55 59 62 67 / 53 57 65 72 / 63 -53 -65 -72 / 58 62 65 70 / 48 63 69 75 / 50 58 65 -75 / 51 58 65 74 / 63 72 -55 -58 / 56 65 68 -72 / 63 67 -56 -72 <END> 
<S> 63 68 -58 -68 / 50 58 65 -68 / 51 58 63 67 / 62 65 -51 -58 / 56 60 63 72 / 55 58 -63 -72 / 53 56 68 72 / 74 -53 -68 / 60 67 75 / 65 -60 -67 -75 / 55 67 71 74 / 62 71 -67 -74 / 62 66 -71 -74 / 67 -62 -71 -74 / 65 69 -71 -74 / 51 67 70 75 / 50 -67 -70 -75 <END> 
<S> 59 62 67 74 / 77 -59 -62 -67 / 56 60 67 72 / 65 -56 -60 -72 / 55 62 67 71 / 55 62 67 71 / 53 -62 -67 -71 / 51 60 67 72 / 48 -60 -67 -72 / 50 60 67 74 / 59 -50 -67 -74 / 51 60 67 75 / 53 65 68 74 / 55 59 67 74 / 56 60 65 -74 / 59 -56 -65 -74 <END> 
<S> 60 67 75 / 58 -60 -67 -75 / 56 60 72 75 / 55 70 -60 -75 / 53 68 74 -60 / 55 59 67 -74 / 56 60 65 -74 / 72 -56 -60 -65 / 55 62 67 70 / 60 63 67 70 / 53 65 68 72 / 74 -53 -65 -68 / 75 -53 -68 -68 / 77 -53 -68 -68 / 55 67 70 75 / 72 -55 -67 -75 / 53 68 74 77 / 59 75 -68 -74 / 56 68 72 75 / 55 70 74 <END> 
