<S> 57 64 69 72 / 59 62 67 74 / 60 67 76 / 77 -60 -67 / 52 60 67 79 / 50 60 69 77 / 55 59 67 -77 / 48 60 67 76 / 60 67 72 76 / 77 -60 -67 -72 <END> 
<S> 0 / 50 60 69 77 / 55 59 67 -77 / 53 60 69 74 / 52 60 67 76 / 58 65 74 77 / 56 76 -65 -74 / 55 62 72 77 / 71 -55 -62 -77 / 48 55 64 72 / 60 66 -55 -72 / 55 62 67 71 / 52 64 67 71 / 50 65 -64 -67 <END> 
<S> 55 67 72 74 / 62 71 -67 -74 / 64 69 72 -76 / 62 67 71 74 / 61 65 69 72 / 62 -57 -65 -72 / 64 67 71 / 66 -64 -67 -71 / 62 66 69 74 / 59 62 67 71 / 64 67 71 / 62 65 -71 -79 / 60 64 72 81 / 62 77 -72 <END> 
<S> 62 66 69 / 60 -62 -66 -69 / 59 62 67 71 / 57 69 72 -67 / 62 66 69 74 / 59 67 -62 -74 / 72 -59 -62 -67 / 64 67 69 72 / 62 67 71 79 / 60 76 -67 -79 / 59 67 74 79 / 57 72 -67 -79 / 55 67 71 74 / 53 -67 -74 <END> 
<S> 64 67 71 / 62 66 -71 -74 / 64 67 71 / 62 66 74 81 / 59 62 74 -67 / 64 67 76 57 / 60 81 -67 -76 / 62 66 74 -81 / 72 -62 -66 -81 / 55 62 71 79 / 60 64 72 79 / 53 -64 -72 -79 / 52 67 71 79 / 50 65 -71 -79 <END> 
<S> 64 67 79 -79 / 60 83 -79 -79 / 59 74 79 81 / 72 -59 -62 -79 / 55 67 74 -72 / 71 -67 -74 -83 / 72 67 72 / 55 59 -67 -72 / 60 67 76 / 53 -60 -67 -76 / 55 59 67 74 / 53 -59 -67 -74 / 52 60 67 76 / 50 -60 -67 -76 / 48 62 67 77 / 47 -62 -67 -77 <END> 
<S> 55 60 67 76 / 57 60 -67 -76 / 59 62 67 74 / 64 -59 -62 -74 / 57 60 64 72 / 69 -57 -60 -72 / 55 62 67 71 / 53 59 62 67 / 52 60 67 72 / 50 65 69 74 / 71 -50 -65 -74 / 48 67 72 76 / 60 74 77 -48 <END> 
<S> 53 60 69 74 / 62 -53 -69 -74 / 55 59 67 74 / 65 -55 -59 -74 / 48 55 64 72 / 55 62 71 71 / 60 64 69 -55 / 54 60 62 -69 / 43 59 62 67 / 48 55 60 64 <END> 
<S> 57 64 72 / 59 -57 -64 -72 / 60 62 66 -72 / 59 62 67 71 / 64 -59 -67 -71 / 54 69 -59 -67 / 62 -54 -59 -69 / 50 55 64 71 / 52 55 59 67 / 60 -52 -67 / 57 60 66 69 / 59 -60 -69 -67 / 60 67 76 / 59 -60 -67 -76 <END> 
<S> 52 59 67 / 50 53 65 69 / 52 64 -53 -69 / 59 62 67 -53 / 52 60 67 76 / 50 65 -60 -67 / 52 67 72 / 48 -67 -72 / 65 -48 -67 -72 / 64 -48 -72 / 41 62 74 -72 / 71 -55 -62 -74 / 69 -55 -62 -74 / 67 71 -55 -74 / 65 -55 -71 -74 <END> 
<S> 48 64 67 72 / 50 65 -67 -72 / 52 67 72 / 53 -67 -72 / 55 67 74 -72 / 71 -55 -67 -74 / 0 / 55 67 71 74 <END> 
<S> 50 62 65 77 / 48 60 67 76 / 55 59 67 74 / 55 59 67 74 <END> 
<S> 59 62 67 74 / 60 67 76 / 52 60 -67 -76 / 53 69 74 -60 / 55 59 67 -74 / 65 -55 -59 -74 <END> 
<S> 50 60 67 77 / 52 60 67 72 / 53 59 67 74 / 52 -59 -67 -74 / 60 67 76 / 50 -60 -67 -76 / 55 -50 -67 74 / 43 59 67 74 / 45 60 72 81 <END> 
<S> 48 60 64 67 / 59 -48 -64 -67 / 50 57 66 74 / 72 -50 -57 -66 / 55 59 67 71 / 52 60 67 72 / 50 74 -67 -72 / 48 67 72 76 / 65 -48 -72 -76 / 64 67 72 -72 / 62 74 -67 -72 / 55 67 72 74 / 71 -55 -67 -74 <END> 
<S> 67 71 74 / 65 -67 -71 -74 / 65 67 72 / 74 -65 -65 / 60 64 67 76 / 58 62 -67 -76 / 57 60 65 77 / 59 62 67 -77 / 60 64 69 76 / 57 64 71 72 / 0 / 52 67 72 76 <END> 
<S> 55 60 64 69 / 53 -60 -64 -69 / 59 62 67 -53 / 52 60 -67 -67 / 50 62 65 69 / 62 71 -62 / 57 72 -62 -71 / 56 59 64 72 / 57 64 72 / 47 -57 -64 -72 / 48 57 64 72 / 50 -57 -64 -72 <END> 
<S> 57 64 67 72 / 59 62 67 74 / 60 67 76 / 59 -60 -67 -76 / 57 60 65 77 / 55 67 76 -60 / 53 60 69 74 / 55 59 67 -74 / 72 -55 -60 -67 / 43 62 -55 -67 / 65 -43 -55 -74 / 48 55 64 72 / 55 62 67 71 <END> 
<S> 55 62 67 71 / 60 64 69 -55 / 54 62 69 74 / 52 60 67 -74 / 72 59 -60 -67 / 55 59 67 74 / 62 -55 -59 -74 / 57 60 64 72 / 65 -57 -60 -72 / 55 59 67 74 / 53 -59 -67 -74 / 52 61 67 76 / 50 65 69 74 / 64 67 70 76 / 62 65 77 81 <END> 
<S> 55 60 64 74 / 64 -55 -60 -74 / 59 71 -55 -74 / 57 72 -55 -71 / 64 72 -55 -60 / 55 59 67 74 / 55 59 67 / 65 -55 -59 / 57 -55 -59 -67 / 55 59 62 67 / 53 -59 -62 -67 / 52 60 67 / 53 69 -60 -67 / 52 65 -60 -69 / 59 -52 -65 -69 / 45 60 64 72 / 62 74 -57 -60 <END> 
<S> 44 60 64 72 / 62 65 -48 -72 / 47 55 67 74 / 48 -55 -67 -74 / 50 -55 -67 -74 / 72 -50 -55 -67 / 55 62 67 74 / 59 -55 -67 -74 / 48 60 67 76 / 58 -48 -67 -76 / 53 57 72 77 / 72 -53 -57 -77 / 55 58 70 76 / 69 -55 -58 -74 / 55 70 74 -58 / 53 -55 -70 -74 <END> 
<S> 48 60 67 76 / 50 -60 -67 -76 / 52 60 67 76 / 53 -60 -67 -76 / 55 59 67 74 / 56 72 -59 -67 / 57 60 66 72 / 59 62 67 74 / 60 64 67 76 / 62 77 -60 -67 / 61 64 79 <END> 
<S> 57 64 72 / 55 67 71 74 / 69 -55 -67 -74 / 52 67 70 53 / 65 -52 -70 -72 / 57 64 69 72 / 55 -64 -69 -72 / 53 65 69 74 / 52 -65 -69 -74 / 64 67 76 / 50 66 74 -45 / 45 74 43 76 / 55 71 -74 <END> 
<S> 57 64 69 72 / 55 65 -69 -72 / 53 67 70 72 / 52 -67 -70 -72 / 53 69 72 -67 / 65 -53 -69 -72 / 64 -53 -69 -72 / 46 62 65 74 / 55 62 70 -74 / 53 -62 -70 -74 / 55 67 70 75 / 53 65 69 74 / 51 65 70 74 / 50 -65 -70 -74 <END> 
<S> 55 58 70 75 / 64 -55 -70 -75 / 53 65 68 -70 / 67 -53 -65 -70 / 53 59 68 74 / 58 60 -68 -74 / 56 60 72 / 74 -56 -60 -72 / 55 72 75 -60 / 53 68 74 -72 / 55 59 74 -74 / 48 60 67 75 / 48 60 67 75 / 50 -60 -67 -75 <END> 
<S> 56 60 72 75 / 55 70 74 -60 / 53 68 72 74 / 74 -53 -68 -74 / 55 67 72 76 / 43 65 71 74 / 48 63 72 75 / 55 67 71 74 <END> 
<S> 68 74 -60 -68 / 59 67 74 -53 / 55 67 71 -74 / 72 -55 -67 -71 / 51 70 -67 / 60 65 69 -51 / 63 -60 -65 -69 / 58 62 65 70 / 56 63 -65 -70 / 65 55 63 70 / 53 56 68 -70 / 51 55 70 70 / 53 56 68 -70 <END> 
<S> 53 57 65 70 / 63 -57 -60 -70 / 53 60 68 74 / 59 68 -53 -74 / 51 58 67 75 / 51 58 67 75 / 53 56 65 -75 / 55 70 -65 -68 / 56 60 -70 68 / 58 62 65 68 / 75 -58 -65 -68 / 56 60 65 / 55 -60 -65 <END> 
<S> 56 63 65 72 / 55 58 -63 -72 / 53 56 68 72 / 51 58 67 70 / 56 60 65 -70 / 53 58 65 68 / 53 -59 -65 -68 / 48 60 64 67 / 58 -60 -64 -67 / 60 65 -64 / 62 -60 -65 / 60 63 67 -60 / 58 62 65 / 53 56 -62 -65 <END> 
<S> 60 64 67 / 60 -60 -67 / 59 62 67 / 53 -59 -62 -67 / 52 60 67 72 / 53 62 65 -72 / 63 -53 -65 -72 / 46 62 65 70 / 48 63 67 72 / 68 -48 -60 -72 / 50 65 70 74 / 68 -50 -65 -74 / 51 63 67 79 / 60 -51 -67 -79 <END> 
<S> 46 65 70 74 / 63 67 -70 -74 / 65 68 72 / / -65 -68 -72 / 60 63 67 72 / 58 -64 -67 -72 / 56 65 72 77 / 55 63 75 -72 / 53 65 72 80 / 51 -65 -72 -80 / 53 68 80 77 / 55 62 -68 -77 <END> 
<S> 53 65 68 72 / 63 -53 -68 -72 / 58 62 70 56 / 68 -58 -62 -77 / 56 60 -68 -77 / 55 58 62 79 / 53 -58 -62 -79 / 51 58 79 -79 / 50 -58 -70 -79 / 48 63 72 79 / 56 -63 -72 -79 / 55 62 70 79 / 63 -55 -70 -79 / 56 65 77 -70 / 63 -56 -65 -77 / 65 70 -56 -77 / 55 70 -65 -77 / 53 60 68 77 / 51 -60 -68 -77 <END> 
<S> 51 63 70 79 / 53 63 69 77 / 62 71 -53 -77 / 51 63 72 75 / 53 -63 -72 -75 / 55 67 70 75 / 56 65 68 -75 / 55 67 70 75 / 46 -67 -70 -75 / 44 65 70 74 / 72 -65 -65 / 63 -48 -65 -72 / 47 62 65 74 / 67 -47 -65 -74 / 48 63 72 0 / 50 65 -63 -72 <END> 
<S> 55 67 70 75 / 53 -67 -70 -75 / 51 65 70 77 / 50 -65 -70 -77 / 51 63 70 79 / 53 58 70 77 / 55 -58 -70 -77 / 56 60 72 -70 / 55 70 -60 -63 / 53 56 60 68 / 53 56 62 68 / 51 58 67 -68 / 65 -51 -58 -67 / 63 67 72 -51 / 62 -51 -67 -72 / 60 63 67 -51 / 58 62 -67 / 56 60 65 <END> 
<S> 53 62 68 74 / 63 -53 -68 -74 / 55 62 67 71 / 43 59 62 67 / 55 60 63 70 / 53 -60 -63 -70 / 51 58 65 68 / 50 -58 -65 -65 / 48 60 63 / 51 58 -60 -63 / 56 60 63 67 / 55 -60 -63 -67 / 53 60 65 68 / 50 58 -65 -68 / 51 67 -57 -65 / 46 53 62 65 / 50 65 -58 -62 <END> 
<S> 56 60 65 -63 / 55 58 62 -65 / 53 57 63 / / 51 -57 -63 / 46 53 62 70 / 55 58 67 / 64 -55 -58 -67 / 43 60 63 -67 / 48 -60 -63 -67 / 53 56 60 65 / 55 59 62 67 / 53 -59 -62 -67 / 51 60 67 / 53 -60 -67 -75 / 55 62 65 74 / 53 -55 -62 -74 / 48 55 63 -62 / 60 63 -48 -63 <END> 
<S> 56 60 63 65 / 55 58 65 -63 / 53 56 62 -65 / 55 58 63 67 / 56 62 65 / 60 63 -56 -67 / 55 62 67 / 53 59 62 67 / 51 60 67 70 / 50 65 -60 -67 / 48 55 63 72 / 60 -55 -63 / 41 56 60 65 / 62 -41 -56 -65 / 43 55 59 63 / 53 -43 -59 -63 <END> 
<S> 51 60 67 / 55 -51 -60 -67 / 53 60 67 / 68 -53 -60 -67 / 55 62 65 71 / 56 60 63 72 / 65 74 -56 -60 / 55 60 67 75 / 53 -60 -67 -75 / 55 60 67 74 / 59 -55 -67 -74 / 44 72 -55 -75 / 43 50 59 74 <END> 
<S> 56 60 65 72 / 55 74 -60 -65 / 53 60 68 75 / 55 59 65 74 / 56 60 63 72 / 65 74 -56 -60 / 55 58 67 75 / 53 68 77 / 55 63 70 75 / 56 65 68 -75 <END> 
<S> 56 60 65 72 / 62 -56 -60 -72 / 55 60 67 74 / 59 -55 -67 -74 / 57 60 67 72 / 65 -57 -72 / 63 -57 -65 -72 / 59 62 74 -65 / 67 -59 -62 -74 / 60 63 67 75 / 58 62 -67 -75 / 56 60 72 77 / 55 70 -60 -77 <END> 
<S> 60 63 67 75 / 58 62 -67 -75 / 56 60 72 77 / 55 70 -60 -77 / 53 65 68 74 / 63 75 -53 -68 / 59 62 68 77 / 60 67 75 / 55 58 70 74 <END> 
<S> 63 68 72 / / 62 -68 -72 / 63 70 -62 / 62 65 -70 / 63 67 70 / 0 / 60 63 67 79 <END> 
<S> 50 65 68 / 51 60 67 75 / 53 60 68 74 / 55 59 67 74 / 56 65 -55 -74 / 48 55 64 72 / 55 62 67 70 / 60 63 -67 -70 <END> 
<S> 48 63 67 72 / 60 63 67 72 / 58 62 -67 -72 / 56 60 65 72 / 55 67 -60 -72 / 53 60 68 74 / 55 59 67 74 / 65 -55 -67 -74 / 48 63 67 72 / 60 63 67 72 <END> 
<S> 56 60 68 72 / 55 -60 -68 -72 / 53 67 70 72 / 52 -67 -72 / 53 60 68 -72 / 55 67 70 -60 / 53 60 65 69 / 51 -60 -65 -69 / 50 62 65 70 / 46 62 -65 -70 / 48 58 63 67 / 56 68 -51 -63 <END> 
<S> 53 60 65 68 / 62 -53 -65 -68 / 55 58 63 67 / 56 -58 -63 -67 / 58 63 65 / 62 65 -58 / 55 58 63 70 / 53 68 -58 -63 / 51 58 67 / 55 -51 -58 -67 / 44 60 63 68 / 46 58 62 68 / 51 58 63 67 / 50 58 65 68 / 51 63 -58 -65 <END> 
<S> 51 58 65 68 / 50 58 -65 -68 / 51 58 63 67 / 62 -51 -58 -67 / 56 60 63 / 55 -56 -60 -63 / 58 62 65 -56 / 47 55 -65 -68 / 48 55 63 67 / 45 60 -55 -67 / 47 62 -55 -67 / 65 -47 -55 -62 / 48 55 63 / 46 -55 -63 / 44 60 62 65 / 43 58 64 67 / 41 57 60 65 / 43 55 59 67 <END> 
<S> 48 55 63 72 / 53 68 -48 -63 / 51 55 60 67 / 58 -51 -55 -67 / 43 53 65 -58 / 53 -43 -53 -65 / 55 63 -46 -53 / 41 -53 56 -68 / 55 59 62 -44 / 47 -55 -62 -65 / 48 55 60 63 / 50 65 -55 -60 / 59 -50 -55 -63 / 44 51 60 62 / 43 50 59 67 / 65 -43 -55 -59 <END> 
<S> 55 59 62 / 53 55 60 63 / 51 -55 -60 -63 / 53 56 60 / 55 -53 -60 / 41 56 60 65 / 53 62 -41 -65 / 60 63 -53 -65 / 46 58 62 65 / 53 58 62 -65 / 64 -46 -58 -62 / 57 60 65 / 43 50 58 65 / 55 -50 -58 -65 / 53 -50 -58 -65 / 51 55 58 / 53 57 60 / 52 58 -60 <END> 
<S> 46 58 62 65 / 53 -46 -62 -65 / 39 55 58 63 / 51 55 58 67 / 50 53 -58 -67 / 48 51 60 67 / 55 -51 -60 -67 / 53 56 60 68 / 62 -53 -53 -56 / 55 58 63 / 56 62 -55 -58 / 39 55 60 67 <END> 
<S> 48 55 60 63 / 46 -55 -60 -63 / 44 56 60 65 / 43 55 59 62 / 53 62 -43 -59 / 48 51 55 60 / 0 / 48 60 63 67 / 58 -48 -63 -67 / 44 56 65 72 / 58 62 -56 -72 / 51 60 67 -56 / 53 -60 -67 -67 <END> 
<S> 48 55 60 63 / 56 -48 -60 -63 / 50 58 63 65 / 62 -50 -58 -65 / 51 58 63 67 / 50 -58 -63 -67 / 48 63 -58 -67 / 56 -48 -63 -67 / 50 55 58 65 / 53 62 -58 -65 / 63 <END> 
<S> 46 53 65 70 / 51 58 65 67 / 53 63 -58 -67 / 51 55 63 67 / 48 61 -63 -67 / 56 60 65 / 59 -56 -60 -65 / 55 59 62 67 / 53 -59 -62 -67 / 51 60 67 72 / 50 53 -67 -72 / 51 55 67 74 / 48 60 67 75 / 53 -60 -67 -75 <END> 
<S> 48 60 63 67 / 55 59 67 74 / 55 71 -67 -74 / 65 67 72 75 / 62 -67 -72 -75 / 60 65 72 77 / 70 -65 -72 -77 / 68 72 75 77 / 70 -68 -77 -77 / 68 72 75 -65 / 74 -68 -72 -75 / 67 71 74 77 / 65 -67 -74 -77 <END> 
<S> 58 68 74 77 / 67 75 -74 / 65 68 72 / / 63 67 72 79 / 62 65 71 -79 / 60 63 72 79 / 59 74 79 -79 / 60 72 75 -79 / 58 74 77 62 / 60 79 -74 / 62 70 77 / 69 72 -62 -65 <END> 
<S> 60 63 72 80 / 74 -60 -63 -80 / 59 62 75 79 / 77 -59 -62 -79 / 60 67 72 75 / 62 77 -67 -72 / 63 67 70 79 / 44 -63 -70 -79 / 51 63 70 79 / 55 -63 -70 -79 / 56 63 68 77 <END> 
<S> 63 67 70 79 / 62 65 -70 -79 / 60 63 72 80 / 80 -60 -63 -72 / 58 65 74 80 / 68 -58 -74 / 63 67 75 / 69 79 -63 -67 <END> 
<S> 63 70 79 / 62 -63 -70 -79 / 60 63 68 79 / 59 62 -68 -79 / 77 -59 -62 -67 / 0 / 67 71 -51 -79 / 72 -67 -71 -79 <END> 
<S> 43 62 70 77 / 72 -43 -63 -70 / 53 65 69 72 / 63 -53 -69 -72 / 46 62 65 70 / 55 63 67 75 / 57 60 -67 -75 / 58 62 65 -75 / 63 67 -58 -75 <END> 
<S> 51 60 67 75 / 53 -60 -67 -75 / 55 60 67 74 / 72 -55 -60 -67 / 43 59 67 74 / 65 -43 -59 -74 / 48 55 63 72 / 60 67 75 / 58 -60 -67 -75 <END> 
<S> 48 60 63 75 / 60 67 -48 -75 / 50 65 69 74 / 71 -50 -65 -74 / 48 67 72 75 / 50 65 70 74 / 51 -65 -70 -74 / 53 65 69 72 / 70 -53 -65 -69 <END> 
<S> 46 65 70 74 / 53 65 68 72 / 74 -53 -65 -68 / 60 63 67 75 / 58 62 -67 -75 / 56 60 65 77 / 55 67 75 -60 / 53 60 68 74 / 55 59 67 74 / 65 -55 -67 -74 <END> 
<S> 56 60 65 72 / 55 74 -60 -65 / 53 72 -60 -67 / 55 59 74 -67 / 65 -55 -59 -74 / 56 60 63 72 / 55 -60 -63 -72 / 53 60 68 77 / 62 -53 -68 -77 / 60 63 67 -53 / 59 65 74 -67 / 60 67 72 75 / 63 -60 -72 -75 / 56 68 72 75 / 74 -56 -68 -72 <END> 
<S> 56 60 63 72 / 65 -56 -60 -72 / 55 62 67 71 / 55 62 67 71 / 53 -62 -67 -71 / 51 60 67 72 / 48 -60 -67 -72 / 53 60 67 68 / 62 65 -53 -68 / 55 63 67 70 / 65 -55 -63 -67 / 60 63 67 / 59 62 -67 / 60 67 -56 -67 / 53 62 68 77 / 55 63 75 79 / 56 77 -63 -75 / 55 72 75 -63 / 53 74 77 -72 / 51 70 75 79 / 58 -70 -75 -79 / 56 60 68 77 <END> 
<S> 60 63 67 75 / 58 62 -67 -75 / 56 60 72 77 / 55 70 -60 -77 / 53 65 68 74 / 64 -53 -68 -74 / 59 65 67 71 / 60 63 67 72 / 55 62 67 71 / 55 62 67 70 / 53 -62 -67 -70 / 51 67 72 -67 / 66 -51 -67 -72 / 55 67 71 74 / 55 62 71 74 / 60 67 75 / 58 -60 -67 -75 <END> 
<S> 63 72 -70 / 57 66 -72 / 46 58 62 74 / 57 -46 -62 -74 / 55 58 67 76 / 57 60 -67 -75 / 58 62 65 74 / 67 -58 -74 -74 / 60 67 72 75 / 70 -60 -67 -72 / 53 65 69 72 / 46 65 70 74 / 58 65 70 74 / 56 -65 -70 -74 <END> 
