<S> 55 67 70 -75 / 65 74 -55 -70 / 56 63 68 72 / 58 74 -63 -68 / 60 63 67 75 / 62 65 77 / 60 63 79 / 58 -63 -79 / 56 60 65 77 / 67 -56 -60 -77 / 58 62 68 77 / 51 63 67 75 / 60 63 69 75 <END> 
<S> 56 60 65 77 / 58 62 68 -77 / 68 -58 -62 -77 / 59 62 67 79 / 63 67 71 79 / 62 65 72 79 / 60 63 72 79 / 58 65 74 -79 / 68 -58 -74 -79 / 63 67 75 -53 / 66 -51 -67 -75 / 60 67 75 77 / 62 -60 -67 -75 <END> 
<S> 56 63 72 75 / 74 -56 -63 -72 / 53 68 72 74 / 50 -68 -72 -74 / 55 70 72 -60 / 55 67 74 72 / 58 67 75 -67 / 65 -58 -67 -74 / 63 67 70 / 62 65 -70 / 60 63 67 / 59 62 -48 -67 <END> 
<S> 51 67 70 75 / 60 -67 -70 -75 / 58 65 69 74 / 56 -65 -69 -74 / 55 67 70 74 / 53 -67 -70 -74 / 51 65 70 79 / 50 -65 -70 -79 / 51 63 70 79 / 55 -63 -70 -79 / 53 62 65 70 / 51 58 67 75 / 56 60 77 -51 / 50 61 70 -77 <END> 
<S> 56 63 72 77 / 53 -63 -72 -77 / 58 62 70 77 / 46 -62 -70 -77 / 51 67 70 75 / 53 65 68 72 / 74 -53 -65 -68 / 48 60 67 75 / 50 59 67 74 / 51 60 67 75 / 53 60 68 77 / 50 59 65 -77 / 48 67 63 75 / 72 -48 -67 -75 <END> 
<S> 47 68 74 -65 / 48 67 75 -74 / 55 74 -67 -74 / 72 -55 -67 -74 / 71 -55 -67 -74 / 65 -55 -71 -74 / 48 63 67 72 / 55 67 70 75 / 53 -67 -70 -75 / 55 67 70 74 / 53 -67 -70 -74 / 51 65 70 72 / 50 74 -65 -70 / 51 63 72 -70 / 53 65 69 -72 / 46 65 70 74 / 51 58 63 67 <END> 
<S> 53 68 72 74 / 55 67 71 -74 / 65 -55 -71 -74 / 48 63 72 / 51 63 70 79 / 58 65 70 77 / 60 67 75 / 55 62 67 74 / 63 70 -55 / 53 -63 -70 / 51 63 67 70 / 65 -63 -70 / 63 70 -58 -65 / 56 -63 -65 -70 <END> 
<S> 58 67 70 75 / 63 -58 -70 -75 / 68 -58 -63 -75 / 58 62 70 77 / 56 -62 -65 -77 / 55 63 70 79 / 53 56 -70 -79 / 55 70 79 -65 / 56 60 -70 -79 / 58 62 65 77 / 67 75 -62 -65 / 59 67 74 79 / 60 -67 -74 -79 <END> 
<S> 56 60 65 77 / 53 -56 -60 -77 / 55 59 62 67 / 53 -59 -62 -67 / 51 60 67 75 / 53 -60 -67 -75 / 55 59 67 74 / 72 -55 -59 -74 / 65 -55 -59 -74 / 56 59 65 72 / 60 -56 -65 -72 / 55 59 67 74 / 60 -55 -67 -74 / 65 -55 -60 -74 <END> 
<S> 55 59 67 75 / 60 -55 -67 -75 / 55 59 67 74 / 53 -59 -67 -74 / 51 60 67 79 / 58 -60 -67 -79 / 56 60 68 77 / 55 -60 -68 -77 / 53 60 70 79 / 52 -60 -70 -79 / 53 60 68 72 / 0 / 53 60 0 / 65 69 -53 -60 <END> 
<S> 55 60 67 75 / 53 -60 -67 -75 / 55 59 67 74 / 65 -55 -59 -74 / 48 55 63 72 / 48 63 67 79 / 50 65 -67 -79 / 51 67 72 79 / 53 -67 -72 -79 / 55 67 71 74 / 60 67 72 75 <END> 
<S> 63 72 -51 -67 / -75 65 68 -72 / 63 67 70 / 68 -63 -67 / 58 63 68 / 56 -58 -63 -68 / 51 58 67 70 / 65 -51 -58 -70 / 67 -51 -58 -70 / 48 63 68 72 / 49 -63 -68 -72 / 51 63 70 -68 / 61 -51 -67 -70 / 52 60 67 72 / 58 -52 -67 -72 <END> 
<S> 51 58 67 / 60 -51 -67 / 50 53 65 69 / 59 -50 -65 -65 / 51 60 63 67 / 53 60 63 68 / 51 -60 -63 -68 / 55 59 62 67 / 60 -56 -62 -67 / 55 60 62 67 <END> 
<S> 56 63 65 72 / 62 -56 -65 -72 / 60 63 67 75 / 58 -60 -67 -75 / 56 60 72 77 / 55 68 75 -77 / 53 75 80 -67 / 51 55 67 71 / 48 63 67 72 / 53 65 69 -72 / 46 62 65 70 / 51 60 67 70 / 53 60 65 68 <END> 
<S> 53 68 72 74 / 54 60 -68 -74 / 55 62 70 74 / 55 58 -70 -74 / 56 72 -55 -70 / 55 58 70 75 / 56 72 -70 -75 / 55 63 70 72 / 53 68 -63 -72 / 51 63 67 70 / 65 -51 -67 -70 / 50 67 -65 -70 / 48 63 67 69 / 53 60 68 -69 <END> 
<S> 58 65 70 74 / 63 -58 -70 -74 / 55 70 75 -70 / 63 -55 -70 -75 / 56 65 72 -75 / 58 -65 -68 -75 / 60 67 75 / 58 62 -67 -75 / 56 60 72 77 / 55 70 75 -60 / 53 68 72 74 / 50 74 -68 -72 / 77 -50 -68 -74 / 55 67 71 74 / 43 59 74 -67 <END> 
<S> 53 60 68 74 / 55 70 -60 -74 / 56 60 66 -74 / 72 -60 -60 -66 / 55 59 67 74 / 55 59 67 74 / 60 67 75 / 58 62 -67 -75 / 56 63 72 77 / 55 -63 -72 -77 / 53 62 70 79 / 51 63 -70 -79 / 50 65 70 82 / 62 67 -50 77 / 43 70 75 79 <END> 
<S> 60 63 72 79 / 58 -63 -72 -79 / 56 64 72 77 / 62 70 79 -77 / 60 72 75 77 / 58 74 75 -77 / 67 -58 -74 -77 / 51 67 70 75 / 51 65 70 79 / 63 70 79 / 62 -63 -70 -79 / 60 63 72 80 / 62 -60 -72 -80 / 58 65 74 79 / 56 -65 -74 -80 <END> 
<S> 51 67 72 79 / 53 -62 -67 -79 / 55 63 70 79 / 56 60 -70 -79 / 58 62 68 77 / 60 75 -65 -68 / 47 67 74 79 / 48 72 75 55 / 74 -48 -72 / 47 70 -52 -74 / 48 67 72 75 / 66 -48 -72 -75 / 55 67 71 74 <END> 
<S> 58 65 74 / 56 -58 -65 -74 / 55 67 71 74 / 54 63 72 -55 / 62 -54 -69 -72 / 55 62 67 71 / 53 -62 -67 -71 / 51 60 67 72 / 48 63 69 -72 / 55 62 71 74 / 51 60 72 79 / 50 65 77 -60 / 48 63 67 75 / 53 68 74 77 <END> 
<S> 51 63 67 72 / 56 62 65 -72 / 60 -56 -65 -72 / 55 59 67 74 / 60 63 67 / 65 68 -60 / 59 62 67 70 / 60 63 68 75 / 58 65 68 74 / 63 67 70 75 / 61 65 70 77 <END> 
<S> 60 63 68 75 / 62 65 70 -51 / 63 63 67 70 / 53 65 68 80 / 62 70 77 / 56 -62 -70 -77 / 55 63 70 75 / 53 65 74 -70 / 51 67 72 -65 / 50 -62 -67 -72 / 48 62 -67 -72 / 66 -48 -62 -72 <END> 
<S> 53 63 69 72 / 54 60 -69 -72 / 55 62 70 -69 / 60 66 -55 -70 / 55 58 62 67 / 60 69 -55 / 54 57 62 69 / 55 58 62 67 / 48 55 64 72 / 50 65 -55 -72 / 51 60 67 -72 / 53 -60 -67 -70 <END> 
<S> 55 62 67 70 / 53 -62 -67 -70 / 51 60 67 72 / 50 -60 -67 -72 / 48 65 67 74 / 58 64 -67 -74 / 60 66 75 -58 / 72 -60 -66 -75 / 58 62 70 -75 / 56 60 70 77 / 55 58 -70 -77 / 53 57 68 77 / 51 67 75 <END> 
<S> 53 63 72 79 / 70 -53 -63 -79 / 58 62 68 77 / 67 75 -62 -65 / 63 69 77 / 62 65 70 77 / 51 67 70 75 / 55 59 67 74 / 53 -59 -67 -74 / 51 60 67 75 / 58 -60 -67 -75 <END> 
<S> 48 67 75 75 / 51 -67 -72 -75 / 55 67 71 74 / 51 -67 -70 -74 / 56 65 72 / 55 67 71 74 / 53 67 70 75 / 51 -67 -70 -75 / 50 65 70 77 / 53 68 -77 -77 / 51 67 79 79 / 55 71 -67 -79 <END> 
<S> 58 65 70 74 / 56 -65 -70 -74 / 55 67 70 75 / 53 -67 -70 -75 / 51 65 70 77 / 50 -65 -70 -77 / 51 63 70 79 / 50 65 70 77 / 51 67 -70 -77 / 53 65 69 77 / 72 -53 -65 -69 / 55 58 67 74 / 70 -55 -67 -74 / 60 67 72 75 / 70 -60 -63 -75 <END> 
<S> 53 67 72 -70 / 68 -53 -62 -72 / 51 63 67 72 / 55 58 -67 -72 / 56 60 65 72 / 53 68 -60 -72 / 46 62 67 70 / 58 65 68 74 / 56 60 -68 -74 / 55 62 67 71 / 53 -62 -67 -71 / 51 63 67 72 / 53 65 69 -72 / 46 65 74 -53 / 58 67 75 / 57 65 74 <END> 
<S> 53 62 65 68 / 63 67 -53 -68 / 46 62 65 70 / 63 -46 -70 -65 / 47 62 65 67 / 48 60 63 67 / 58 62 67 / 53 -58 -67 / 51 55 67 72 / 50 65 70 -55 / 48 63 68 72 / 50 62 65 -72 / 51 63 67 70 / 53 -63 -67 -70 <END> 
<S> 51 60 67 72 / 53 -60 -67 -72 / 52 55 67 71 / 65 -52 -55 -71 / 48 55 63 72 / 48 -55 -63 -72 / 50 65 70 -60 / 51 58 63 67 / 53 56 60 65 / 55 58 67 -53 / 53 56 60 65 / 59 -53 -53 -65 <END> 
<S> 56 60 63 / 55 58 65 -63 / 56 62 67 -65 / 63 -56 -67 / 55 65 70 / 53 56 -65 -70 / 51 55 63 70 / 62 -51 -55 -70 / 48 60 63 67 / 68 -48 -60 -63 / 50 58 65 70 / 53 68 -50 -65 <END> 
<S> 55 63 70 -51 / 56 -63 -67 -70 / 58 63 70 / 62 -58 -63 -70 / 56 60 63 72 / 55 58 -63 -72 / 53 56 68 74 / 58 -53 -68 -74 / 48 60 68 75 / 50 -60 -68 -75 / 51 58 67 -75 / 56 65 -51 -75 / 39 58 67 75 / 51 63 67 70 <END> 
<S> 48 60 68 75 / 50 -60 -68 -75 / 51 58 67 -75 / 56 65 -51 -75 / 39 58 67 75 / 51 60 67 75 / 58 60 70 77 / 56 60 68 -77 / 51 55 67 70 / 53 68 68 51 / 55 63 67 / 62 65 -55 -67 <END> 
<S> 55 58 70 75 / 53 60 68 77 / 62 -53 -68 -77 / 51 67 70 79 / 55 63 -70 -79 / 56 63 -70 -79 / 58 62 70 77 / 68 -62 -77 -77 60 67 75 -62 / 60 -60 -67 -75 / 55 67 74 -60 / 59 -55 -67 -74 <END> 
<S> 59 62 67 77 / 60 -62 -67 -77 / 55 62 67 71 / 53 -62 -67 -71 / 51 63 67 72 / 48 -63 -67 -72 / 55 62 67 71 / 56 60 65 72 / 62 74 -56 -60 / 55 58 63 75 / 56 60 65 -75 / 58 62 65 74 / 63 67 -58 -74 <END> 
<S> 56 63 68 72 / 55 -63 -68 -72 / 53 61 67 70 / 52 -61 -67 -70 / 53 60 67 68 / 55 -60 -67 -68 / 53 60 68 -67 / 65 -51 -60 -68 / 48 60 64 67 / 58 -48 -64 -67 / 41 56 65 -58 / 53 63 -46 -56 / 50 54 58 <END> 
<S> 48 60 65 68 / 64 -48 -60 -68 / 55 59 67 74 / 65 -55 -67 -74 / 43 59 67 -74 / 65 -43 -59 -74 / 44 60 63 72 / 60 62 67 / 58 60 -67 / 57 60 65 75 / 58 62 65 74 / 63 67 72 -58 / 62 65 70 74 / 68 -62 -65 -74 <END> 
<S> 60 64 67 / 58 -60 -64 -67 / 56 60 65 / 55 -60 -65 / 53 56 60 68 / 55 58 62 -68 / 56 60 65 / 53 63 68 72 / 55 67 71 74 / 55 67 71 75 <END> 
<S> 44 60 65 75 / 63 -60 -75 / 62 65 -60 -72 / 59 62 67 74 / 58 63 67 51 65 60 63 67 / 56 60 63 72 / 65 74 -56 -60 / 55 58 67 75 / 53 68 -58 -75 / 55 62 70 74 / 56 65 72 -74 / 58 67 74 77 / 56 59 -74 -77 <END> 
<S> 60 63 67 75 / 58 62 -67 -75 / 56 60 72 77 / 55 70 -60 -77 / 53 65 68 72 / 74 -53 -65 -68 / 60 63 67 75 / 69 -60 -63 -75 / 58 65 70 74 / 53 65 68 72 / 55 -65 -68 -72 / 56 60 68 77 / 58 -60 -68 -77 <END> 
<S> 60 63 67 75 / 58 62 70 77 / 56 63 72 77 / 55 70 75 79 / 53 72 80 -67 / 62 -53 -72 -77 / 51 63 70 79 / 55 -63 -70 -79 / 56 63 72 -70 / 58 62 70 77 / 67 -58 -62 -77 / 60 75 -58 -67 <END> 
<S> 56 63 72 77 / 53 -63 -72 -77 / 58 62 70 77 / 51 67 70 75 / 50 65 70 77 / 74 -53 -65 -70 / 75 63 67 70 / 62 77 -65 / 60 63 70 79 / 58 62 70 79 / 60 -58 -70 -79 <END> 
<S> 58 65 70 74 / 56 -65 -70 -74 / 55 67 70 74 / 65 -55 -70 -74 / 56 63 70 72 / 68 -56 -63 -72 / 51 58 67 70 / 65 -51 -67 -70 / 67 -51 65 / -51 -51 -67 / / 75 -58 -67 / 63 68 -58 -75 / 58 65 70 74 / 67 -58 -70 -74 / 68 -58 -74 -77 / 75 -58 -68 -74 <END> 
<S> 58 65 68 74 / 62 65 -68 -74 / 63 67 70 / 65 -60 -67 / 59 63 67 / 58 77 -63 -67 / 56 63 72 77 / 55 -63 -72 -77 / 53 62 70 79 / 51 60 -70 -79 / 53 65 72 80 / 55 77 -65 -72 / 56 60 -72 -77 / 58 74 77 -60 / 59 67 -74 -77 / 65 -59 -74 -77 / 60 63 75 -77 / 58 62 70 77 / 56 -62 -70 -77 <END> 
<S> 53 57 65 72 / 53 60 65 70 / 62 65 69 -48 / 60 63 67 75 58 69 -60 -75 / 58 70 75 / 62 74 -70 / 63 -58 -70 -74 / 58 63 75 -70 / 69 -58 -75 -75 / 58 67 74 77 / 68 -58 -74 -77 / 63 70 75 79 / 65 72 -75 / 67 74 72 / 68 77 -72 / 63 67 70 79 <END> 
<S> 53 68 77 -63 / 62 65 -53 -77 / 51 63 67 79 / 55 58 62 -79 / 60 -55 -72 -79 / 55 62 71 77 / 60 63 67 75 / 62 65 70 77 / 68 -62 -65 -77 / 63 67 70 79 / 62 65 -70 -79 / 60 63 72 79 / 58 -63 -72 -79 <END> 
<S> 58 62 70 77 / 60 63 75 79 / 58 62 77 -75 / 60 75 -58 -67 / 58 62 67 77 / 63 67 70 79 / 62 65 -70 -79 / 60 63 72 79 / 62 77 -63 -72 / 63 70 79 / 62 -63 -70 -79 / 60 63 72 79 / 58 -63 -72 -79 <END> 
<S> 60 63 72 80 / 62 65 70 77 / 63 79 -70 -65 / 62 77 -70 / 58 -62 -67 -77 / 60 75 -62 -67 / 58 62 65 74 / 56 60 63 72 / 55 58 62 -72 / 68 -55 -59 -72 <END> 
<S> 56 60 63 72 / 65 -56 -60 -72 / 55 62 67 70 / 53 -62 -67 -70 / 51 63 67 72 / 50 65 74 -67 / 48 67 72 75 / 50 65 71 74 <END> 
<S> 68 74 -60 -65 / 59 67 74 -53 / 51 60 67 72 / 65 69 -51 -72 / 50 -65 -69 -74 / 55 67 70 -74 / 65 -55 -70 -74 / 51 63 67 72 / 48 63 67 72 / 65 74 -48 -67 <END> 
<S> 70 -50 -62 -70 / 51 55 63 72 / 57 60 -63 -72 / 55 58 62 74 / 67 -55 -58 -74 / 57 60 66 72 / 63 -57 -60 -72 / 62 -54 -60 -72 / 55 58 63 72 / 57 -55 -63 -72 / 50 58 62 70 / 53 68 -62 -70 / 52 55 67 72 / 53 57 65 -72 <END> 
<S> 57 60 65 72 / 55 -60 -65 -72 / 53 -60 70 79 / 58 65 -70 -79 / 56 63 -70 -79 / 77 -56 -63 -70 / 50 58 70 77 / 51 -58 -70 -77 / 53 -58 -70 -77 / 51 75 -58 -70 / 55 67 71 -75 / 55 74 -70 -75 / 56 65 72 75 <END> 
<S> 55 62 70 77 / 53 -62 -70 -77 / 51 63 70 79 / 65 72 -60 -79 / 67 72 75 -53 / 59 -67 -72 -75 / 60 63 72 75 / 58 62 -75 -75 / 56 60 72 77 / 55 70 -60 -77 / 53 60 68 77 / 67 -53 -60 -77 / 59 62 67 77 / 60 -62 -67 -77 / 60 65 74 -60 / 59 -60 -65 -74 / 60 64 72 / 47 62 67 -72 <END> 
<S> 56 60 72 77 / 60 -56 -72 -77 / 55 70 75 -60 / 53 -55 -60 -75 / 53 62 74 77 / 59 67 74 -77 / 60 67 72 75 / 55 62 71 74 / 60 67 72 75 / 55 67 71 74 <END> 
<S> 55 62 67 71 / 56 60 65 72 / 74 -56 -60 -65 / 51 60 67 75 / 53 -60 -67 -75 / 55 59 67 74 / 65 -55 -59 -74 / 56 60 63 72 / 55 -60 -63 -72 / 53 68 -60 -72 / 58 62 -53 -68 / 48 60 63 -68 / 65 -48 -60 -68 <END> 
<S> 56 60 68 72 / 55 -60 -68 -72 / 53 60 68 72 / / 74 -53 -68 -72 / 55 67 71 75 / 56 65 72 -75 / 55 74 -65 -72 / 53 63 70 75 / 55 65 -70 -75 / 56 64 72 -70 / 55 63 68 -72 / 53 67 70 75 / 52 -67 -70 -75 <END> 
<S> 53 65 68 72 / 63 -53 -68 -72 / 46 61 65 70 / 48 60 69 -65 / 50 -60 -65 -69 / 51 58 63 67 / 56 60 63 -67 / 58 62 65 / 56 60 68 -65 / 55 58 67 75 / 56 60 68 77 / 62 72 -56 -77 / 55 70 74 -62 / 53 68 77 -74 <END> 
<S> 56 60 63 68 / 62 65 -56 -60 / 55 58 63 67 / 53 -58 -63 -67 / 51 58 65 67 / 63 -51 -58 -67 / 56 60 65 -51 / 58 -56 -63 -68 / 51 58 67 -65 / 53 60 68 -58 / 55 61 -60 -68 / 56 60 65 68 / 58 -60 -65 -68 / 60 67 -65 / 64 -60 -67 <END> 
<S> 56 60 65 / 58 -56 -65 / 56 -56 -65 / 47 -56 -65 / 47 47 67 74 / 65 -47 -47 -74 / 48 55 63 70 / 60 63 67 70 / 68 -60 -63 -67 / 58 62 67 70 / 56 63 68 72 / 55 65 -68 -72 <END> 
<S> 51 63 67 70 / 62 -51 -67 -70 / 53 60 68 -67 / 65 -53 -60 -68 / 48 60 65 67 / 58 64 -48 -67 / 53 56 65 / 55 62 67 70 / 60 64 -67 -70 / 58 65 68 72 / 53 -65 -68 -72 / 55 67 70 -65 / 56 60 65 68 / 53 -60 -65 -68 <END> 
<S> 56 60 67 72 / 65 -56 -60 -72 / 55 61 65 70 / 53 -65 -61 -70 / 46 -53 -65 -70 / 48 63 68 -46 / 45 63 73 79 / 50 62 70 77 / 51 63 72 79 / 53 -63 -72 -79 / 55 67 71 74 <END> 
<S> 58 62 65 77 / 63 67 -58 -77 / 65 74 -58 -67 / 59 67 74 75 / 58 77 -67 -74 / 60 67 75 -74 / 72 -60 -67 -75 / 55 67 71 74 / 60 67 72 75 / 55 68 74 -72 / 53 70 -68 -74 / 51 63 72 -70 / 69 -51 -63 -72 / 67 70 -51 -72 / 50 68 -67 -72 <END> 
<S> 60 67 72 75 / 62 65 72 77 / 70 -56 -65 -77 / 63 70 79 -65 / 63 -63 -70 -79 / 59 62 65 79 / 58 60 77 / 60 76 -60 / 56 59 62 77 / 55 60 75 79 / 53 60 70 79 / 51 -60 -70 -79 <END> 
<S> 56 60 75 -65 / 58 -56 -63 -75 / 54 57 74 -63 / 72 -54 -57 -62 / 55 58 70 / 51 60 67 -70 / 69 -51 -63 / 50 62 70 77 / 68 -50 -62 -77 / 51 63 67 75 / 53 69 74 -75 / 55 67 71 -74 / 65 72 -55 -74 / 67 -55 -65 -74 / 48 67 -67 -74 <END> 
<S> 53 60 69 75 / 58 65 70 74 / 56 65 70 74 / 55 58 70 75 / 53 60 68 77 / 62 -53 -68 -77 / 51 63 67 79 / 65 -51 -67 -79 / 50 67 72 75 / 48 -67 -72 -75 / 53 68 74 77 / 72 -53 -68 -77 / 55 70 74 -53 / 52 -55 -70 -74 / 56 72 -70 / 56 68 -72 65 <END> 
<S> 48 67 75 75 / 53 -67 -75 -75 / 55 67 71 74 / 63 67 72 / 62 65 71 74 / 60 63 67 75 / 62 -60 -67 -75 / 60 65 68 74 / 59 -65 -68 -74 / 60 63 67 75 / 62 -60 -67 -75 / 56 60 65 75 / 55 -60 -65 -75 <END> 
