<S> 59 62 67 79 / 55 67 71 79 / 65 -55 -71 -79 / 60 64 72 79 / 62 -72 -79 / 60 64 72 79 / 60 70 -60 -79 / 60 65 69 81 / 72 -60 -65 -81 / 67 71 79 / 77 -67 -71 / 60 67 72 76 / 59 67 74 <END> 
<S> 60 65 69 77 / 53 -60 -69 -77 / 58 70 76 77 / 60 69 72 77 / 74 -60 -69 -77 / 59 67 74 79 / 77 -59 -67 / 60 67 72 76 / 55 67 71 74 / 65 -55 -71 -74 / 57 64 72 / 62 65 -57 -72 <END> 
<S> 60 67 76 / 55 60 67 74 / 43 59 74 -67 / 65 -43 -59 -74 / 48 55 64 72 / 60 64 67 72 / 59 -64 -67 -72 / 57 62 72 78 / 55 -57 -72 -72 / 54 62 69 -72 / 54 -62 -69 -72 / 55 62 67 71 / 52 64 67 <END> 
<S> 64 72 -55 -64 / 65 -55 -64 -72 / 54 62 69 -72 / 56 -62 -69 -72 / 64 71 69 72 / 55 -64 -70 -72 / 57 64 69 72 / 52 -64 -69 -72 / 50 65 69 77 / 71 -50 -65 -77 / 48 67 72 76 <END> 
<S> 57 64 71 72 / 55 -64 -71 -72 / 54 62 69 -72 / 71 74 -53 -62 / 55 62 72 76 / 71 -55 -62 -76 / 52 55 73 76 / 50 57 74 77 / 52 76 -57 -74 / 62 65 71 77 / 69 -55 -62 -77 / 57 62 71 76 / 55 -62 -71 -76 <END> 
<S> 50 62 71 77 / 52 60 67 76 / 53 59 67 74 / 55 59 67 -74 / 65 -55 -59 -74 / 64 -55 -59 -74 / 60 64 67 72 / 62 -64 -67 -72 / 64 67 71 -64 / 66 -64 -71 -79 / 64 67 72 81 / 62 74 -67 -81 / 55 67 71 76 / 65 -55 -71 -76 <END> 
<S> 59 62 67 74 / 60 64 -67 -74 / 55 62 67 72 / 43 -55 -62 -72 / 48 64 69 -62 / 47 67 -64 -74 / 45 64 69 72 / 71 -50 -64 -72 / 55 62 71 -69 / 54 59 62 -69 / 52 60 67 -69 / 50 -60 -67 -74 / 48 60 67 76 / 59 -48 -67 -76 / 57 60 69 -48 / 55 59 67 74 / 53 -59 -67 -74 <END> 
<S> 59 62 67 71 / 60 -62 -67 -71 / 62 66 69 / 59 -62 -66 / 57 59 62 71 / 55 59 62 67 / 53 -59 -62 -67 / 52 60 67 72 / 50 -67 -72 -76 / 52 -67 -72 -76 / 53 -67 -72 -76 / 55 67 74 -72 / 43 -55 -67 -74 / 65 -43 -55 -74 / 48 64 72 -55 -70 / 53 62 69 -72 / 50 -62 -69 -72 <END> 
<S> 48 60 67 76 / 55 -60 -67 -76 / 53 59 74 -67 / 72 -53 -53 -68 / 46 53 65 69 74 / 74 -53 -65 -69 / 48 64 67 72 / 50 65 69 74 / 71 -50 -65 -74 / 52 67 72 / / 74 -67 -72 / 55 67 71 74 / 60 67 72 76 / 65 74 77 -60 <END> 
<S> 47 62 67 74 / 48 67 76 -74 / 72 -48 -67 -76 / 55 67 71 74 / 60 67 72 76 / 59 -67 -72 -76 / 57 69 72 77 / 55 -69 -72 -77 / 53 -69 -72 -77 / 52 67 72 77 / 47 74 -67 -72 / 43 67 71 76 / 65 77 -71 -74 <END> 
<S> 60 67 72 76 / 48 -60 -72 -76 / 67 70 76 -60 / 74 -60 -67 -76 / 59 67 74 / 57 -59 -67 -74 / 59 64 67 76 / 57 69 -64 -76 / 62 74 -57 -69 / 72 -57 -60 -69 / 55 59 67 74 / 60 64 67 -74 / 72 -60 -64 -67 / 55 71 -60 -67 <END> 
<S> 57 60 69 72 / 59 62 -69 -72 / 60 64 67 76 / 57 65 -67 -76 / 55 67 71 74 / 60 67 72 76 / 52 -67 -72 -76 / 53 69 72 77 / 62 -53 -69 -77 / 48 67 72 76 / 55 -67 -72 -76 / 55 67 71 74 / 60 67 72 76 / 59 -67 -72 -76 <END> 
<S> 52 67 72 / 53 65 69 -72 / 64 -53 -69 -72 / 55 62 67 71 / 48 64 67 72 / 55 67 71 74 / 55 67 73 -74 / 53 69 -67 -74 / 55 67 71 74 / 64 69 72 -55 / 54 62 74 -72 / 55 62 71 74 / 59 67 -62 -74 <END> 
<S> 57 64 69 72 / 50 65 71 74 / 52 64 68 76 / 57 64 69 72 / 59 67 74 77 / 60 67 76 / 55 59 67 74 / 53 -59 -67 -74 / 59 62 67 74 / 60 67 76 / 62 77 -60 -67 <END> 
<S> 59 67 74 / 65 -59 -67 -74 / 60 64 67 76 / 62 77 -60 -67 / 52 60 67 79 / 53 -60 -67 -79 / 55 67 74 -60 / 59 -55 -67 -74 / 52 60 67 72 / 57 69 -60 -72 / 55 59 67 74 / 65 -55 -59 -74 / 48 60 64 67 / 59 62 -48 -67 <END> 
<S> 52 60 67 72 / 50 65 69 74 / 71 -50 -65 -74 / 48 67 72 76 / 60 77 -72 -76 / 79 67 72 76 / 53 69 72 77 / 67 76 -53 -72 / 50 69 72 77 / 52 67 72 79 / 53 65 -72 -79 / 52 67 72 79 / 70 -52 -67 -79 <END> 
<S> 52 67 72 79 / 50 -67 -72 -79 / 52 67 72 79 / 53 -67 -72 -79 / 55 67 71 74 / 53 -67 -71 -74 / 52 68 71 76 / 74 -52 -68 -71 / 57 69 72 76 / 55 -69 -72 -76 / 53 69 72 74 / 47 67 76 -74 / 48 67 72 76 <END> 
<S> 57 64 69 72 / 55 65 -69 -72 / 53 67 70 / 52 -67 -70 / 50 53 -67 -70 / 48 52 67 72 / 55 59 -67 -72 / 60 67 76 / 62 -60 -67 -76 / 48 60 64 79 / 59 62 74 -79 / 60 67 76 -62 / 59 74 -67 -76 / 57 69 72 76 / 55 71 -69 -76 <END> 
<S> 55 59 67 74 / 53 -59 -67 -74 / 52 60 67 76 / 53 -60 -67 -76 / 55 59 67 74 / 65 -55 -59 -74 / 57 60 64 72 / 55 64 -64 -72 / 53 62 65 71 / 69 -62 -65 / 64 67 69 / 66 -64 -67 / 59 66 67 / 62 -59 -67 -67 / 59 62 67 79 / 60 64 -67 -48 / 55 62 67 71 / 53 -62 -67 -71 <END> 
<S> 58 62 65 74 / 57 60 64 -74 / 55 59 64 67 / 54 57 62 69 / 55 62 71 / 53 55 62 67 / 52 60 67 / 59 -52 -67 / 57 60 69 -67 / 65 -57 -60 -69 / 55 62 67 71 / 43 59 62 67 / 53 57 60 72 / 52 62 67 / <END> 
<S> 47 62 67 / 65 -47 -62 -67 / 56 64 71 / 55 62 -64 -71 / 54 57 64 72 / 55 59 64 -72 / 54 57 69 74 / 50 59 67 -74 / 52 55 72 -67 / 54 57 62 -72 / 55 59 62 67 / 60 64 -55 -67 / 54 60 69 -67 / 62 -54 -60 -69 / 55 59 62 67 / 52 64 67 / 54 57 64 72 / 55 62 71 <END> 
<S> 55 64 69 72 / 67 71 -55 -64 / 52 60 69 -67 / 66 -52 -60 -69 / 59 62 67 71 / 64 -59 -67 / 57 60 67 72 / 62 66 -57 -72 / 55 62 67 71 / 64 -55 -67 -71 / 65 -55 -67 -71 / 62 66 69 -55 / 60 -50 -65 -69 / 55 59 62 67 / 60 64 67 / 59 -60 -67 <END> 
<S> 59 62 67 71 / 60 -62 -67 -71 / 62 66 69 72 / 59 -66 -69 / 57 62 66 71 / 52 55 -66 -71 / 54 63 69 72 / 55 59 67 71 / 57 60 66 72 / 50 62 66 71 / 55 62 67 71 / 53 59 62 67 <END> 
<S> 62 67 69 / 64 66 71 -69 / 50 66 69 -66 / 55 62 67 71 / 53 59 62 67 / 52 60 67 72 / 50 53 65 69 74 / 48 65 71 74 / 50 -65 -71 -74 / 52 67 72 / 53 65 69 -72 / 64 -53 -69 -72 / 55 62 67 71 / 48 64 67 72 / 60 66 69 74 <END> 
<S> 52 60 67 72 / 53 -60 -67 -72 / 52 55 67 71 / 65 -52 -55 -71 / 45 60 64 72 / 46 62 62 -72 / 48 64 67 72 / 50 62 -67 -72 / 52 60 67 72 / 53 -67 -60 -72 / 52 60 67 74 / 48 -60 -67 -74 / 50 59 67 74 / 48 60 67 -74 / 50 65 -60 -67 / 60 -50 -60 -65 <END> 
<S> 52 60 67 72 / 53 69 74 -67 / 55 65 71 -74 / 57 64 72 -71 / 74 -57 -64 -72 / 55 59 71 74 / 53 59 62 74 / 52 59 68 76 / 50 57 74 77 / 72 -57 -57 -77 / 52 55 76 79 / 57 -52 -72 -79 / 53 69 74 -72 / 50 65 -72 -74 / 55 62 71 -74 / 67 -55 -62 -71 <END> 
<S> 57 64 69 72 / 59 62 74 -69 / 60 64 67 76 / 65 77 -60 -67 / 61 67 76 79 / 60 69 77 -79 / 62 70 77 -60 / 57 60 69 76 / 55 70 -60 -76 / 53 60 69 77 / 58 62 70 77 / 57 -62 -70 -77 / 55 70 76 -62 / 53 60 69 77 <END> 
<S> 62 64 69 77 / 72 -62 -69 -77 / 68 -62 -77 -77 / 60 69 76 -62 / 60 67 71 74 / 59 69 74 79 / 71 -59 -74 -79 / 52 64 72 79 / 53 74 -64 -79 / 55 62 71 76 / 67 -55 -71 -76 / 54 69 74 50 / 60 67 -74 -76 / 72 -60 50 59 55 67 72 74 -55 -60 -67 47 50 62 65 57 69 -50 -50 <END> 
<S> 57 64 72 79 / 55 -64 -72 -84 / 53 69 72 / 52 67 -53 -72 / 50 65 71 74 / 48 67 69 76 / 50 60 -67 -76 / 52 72 -60 -76 / 53 69 74 -60 / 55 59 67 -74 / 72 -55 -59 -67 / 48 64 67 72 / 55 67 71 74 <END> 
<S> 53 60 69 74 / 58 -53 -69 -74 / 52 60 67 72 / 70 -52 -60 -67 / 53 60 65 69 / 52 -60 -65 -69 / 53 60 64 69 / 62 -53 -69 / 47 62 65 71 / 64 67 -53 -71 / 62 65 69 -72 / 64 -62 -69 -72 / 62 71 69 / 60 -62 -69 -72 / 59 62 67 71 <END> 
<S> 50 62 65 69 / 62 -50 -65 -69 / 43 62 71 -62 / 61 64 -43 -55 / 45 60 65 -64 / 47 62 67 -65 / 48 60 64 -67 / 50 57 62 -67 / 52 55 64 67 / 54 57 -64 -67 / 55 59 62 / 55 -55 -59 -62 / 48 55 64 -55 / 50 54 62 -55 / 43 55 59 62 / 53 -43 -59 -62 <END> 
<S> 50 57 62 65 / 59 -50 -62 -65 / 52 55 60 64 / 53 57 -60 -64 / 55 59 62 / 52 55 60 64 / 53 -55 -60 -64 / 55 57 62 -60 / 59 -55 -55 -62 / 43 55 59 62 / 53 -43 -59 -62 / 45 52 55 60 / 47 50 62 67 <END> 
<S> 55 62 -60 / 59 -55 -55 -62 / 53 57 62 -60 / 50 -57 -62 -65 / 55 59 62 / 43 -59 -55 -62 / 48 55 60 64 / 52 -55 -60 -64 / 50 57 60 65 / 50 59 62 67 / 43 -59 -62 -67 / 48 55 60 64 / 62 -48 -55 -64 / 47 55 62 / 43 55 64 -62 / 45 60 -55 -64 / 55 -45 -60 -64 / 50 53 59 62 / 48 52 -55 -62 / 53 -48 -55 -60 <END> 
<S> 48 52 60 67 / 50 53 -60 -67 / 52 55 67 -60 / 53 57 62 -67 / 55 59 62 67 / 60 -55 -62 -67 / 43 62 65 -55 / 53 -43 -62 -65 / 48 55 64 64 / 60 -48 -64 -64 / 41 60 65 -64 / 62 -41 -56 -65 / 43 55 64 71 / 53 -43 -62 -71 / 52 55 60 72 / 53 57 -60 -72 / 52 62 65 71 / 50 -62 -65 -71 <END> 
<S> 45 57 65 -64 / 47 55 62 -65 / 48 55 60 64 / 48 52 60 67 / 41 53 60 69 / 47 50 62 71 / 48 55 60 64 / 50 65 -55 -60 / 52 55 60 / 48 -55 -60 / 41 55 60 62 / 38 -55 -60 -62 / 43 55 59 -62 / 53 -43 -59 -62 <END> 
<S> 48 55 60 64 / 46 -55 -60 -64 / 59 -43 -55 -64 / 45 53 60 65 / 47 50 62 -65 / 48 67 71 / 47 -65 -67 / 48 55 64 72 / 60 -48 -55 -72 / 55 59 67 / 60 -55 -67 / 50 62 66 69 / 43 59 62 67 / 48 57 60 64 <END> 
<S> 48 55 64 47 / 55 62 -48 / 47 -55 -62 / 48 55 60 64 / 58 -48 -55 -64 / 43 55 60 67 / 58 62 -55 -67 / 43 55 59 65 / 53 -43 -59 -65 / 48 52 55 60 / 47 55 62 / 51 54 -62 / 60 -45 -55 -60 / 47 55 62 67 / 60 -50 -55 -67 / 43 55 59 62 / 57 -43 -59 -62 / 45 52 55 60 / 47 -52 -55 / <END> 
<S> 43 55 59 62 / 48 55 60 64 / 47 -55 -60 -64 / 48 57 62 66 / 45 -57 -62 -66 / 47 55 62 67 / 48 55 64 69 / 71 -48 -55 -64 / 72 -45 -55 -64 / 50 62 71 -55 / 48 52 64 69 / 50 62 65 69 / 52 60 67 / 71 -52 -60 -67 / 45 60 64 69 / 47 62 67 71 / 48 64 67 69 / 50 62 66 -69 / 60 -50 -66 -69 <END> 
<S> 45 52 60 64 / 43 55 64 -60 / 41 60 65 -55 / 40 55 60 64 / 41 53 60 69 / 43 59 62 67 / 48 55 60 64 / 47 62 -55 -60 / 48 55 60 64 / 58 -48 -55 -64 / 43 55 58 60 / 41 53 57 -60 / 40 52 55 60 <END> 
<S> 48 55 60 64 / 49 55 64 / 52 54 62 -48 / 49 55 64 67 / 50 65 -55 -67 / 48 55 64 72 / 54 57 62 -69 / 55 59 62 67 / 60 64 69 -55 / 54 57 62 72 / 55 62 67 71 / 48 64 67 69 / 50 62 66 -69 / 60 -50 -66 -69 <END> 
<S> 52 55 64 71 / 54 69 -52 -64 / 55 59 67 71 / 50 69 -55 -67 / 52 55 62 71 / 53 -55 -62 -71 / 48 52 60 67 / 50 53 -60 -67 / 52 55 67 -60 / 59 62 -55 -67 / 45 60 65 -59 / 47 55 62 -65 / 48 55 64 -62 / 47 60 -55 -64 / 59 -47 -55 -64 / 45 55 60 65 / 43 58 -60 -65 <END> 
<S> 47 52 67 72 / 48 -52 -67 -72 / 50 55 67 71 / 52 -55 -67 -71 / 50 54 69 69 / 62 -50 -69 -69 / 43 59 62 67 / 48 60 64 67 / 59 -48 -64 -67 / 50 57 66 -64 / 43 58 62 67 / 41 53 60 69 / 48 52 60 -69 / 47 50 62 67 <END> 
<S> 48 60 64 67 / 47 62 -60 -67 / 45 52 60 69 / 39 59 67 71 / 52 64 68 72 / 62 -52 -68 -72 / 44 60 64 67 / 69 -55 -60 -64 / 43 62 65 -60 / 59 -43 -62 -65 / 48 55 60 64 / 47 55 62 / <END> 
<S> 53 60 69 / 57 -53 -60 -69 / 55 59 62 67 / 60 -55 -55 -67 / 55 62 -55 -60 / 59 -55 -55 -62 / 48 55 60 64 / 48 55 60 64 / 58 -48 -55 -64 / 41 57 62 -55 / 53 -41 -57 -62 / 43 55 59 -62 / 53 -43 -59 -59 <END> 
<S> 48 55 60 64 / 58 -48 -60 -64 / 43 55 60 62 / 59 -43 -55 -62 / 48 55 60 64 / 43 55 59 62 / 55 -43 -59 -62 / 36 55 60 64 / 48 -55 -60 -64 / 50 55 62 65 / 52 -55 -62 -65 / 53 57 60 69 / 62 -53 -57 -69 / 52 60 64 67 / 48 -60 -64 -67 <END> 
<S> 48 52 55 60 / 47 55 62 67 / 45 60 -55 -67 / 50 59 62 67 / 52 59 64 67 / 57 60 -52 -67 / 55 59 62 67 / 53 -59 -62 -67 / 52 60 67 72 / 50 -60 -67 -72 / 48 65 67 74 / 47 -65 -67 -74 / 48 62 67 76 / 60 -48 -67 -76 / 50 60 74 77 / 70 -50 -74 -77 / 55 67 74 -70 / 53 69 -67 -74 / 55 62 67 71 / 53 60 62 69 <END> 
<S> 48 64 67 72 / 50 62 66 74 / 52 60 67 72 / 54 62 69 -72 / 55 62 67 71 / 64 -55 -62 -71 / 50 60 66 69 / 52 -60 -66 -69 / 59 62 67 71 / 52 60 67 72 / 62 -52 -67 -72 / 64 67 71 -55 / 50 65 -67 -71 / 52 60 67 72 / 48 -60 -67 -72 <END> 
<S> 55 64 69 72 / 62 71 -55 -72 / 55 62 69 74 / 59 -62 -69 -74 / 60 67 -62 / 62 66 -60 -62 / 55 59 62 67 / -71 -59 -62 -67 / 57 60 64 72 / 62 66 -57 -72 / 55 64 67 71 / 53 62 -67 -71 / 52 60 67 -67 / 59 -52 -67 / / 60 67 74 / 72 -60 -67 <END> 
<S> 59 62 67 71 / 60 64 67 69 / 62 66 69 / 60 64 -66 -69 / 56 59 71 -64 / 57 64 72 / 66 -57 -57 -72 / 55 62 67 71 / 53 59 62 67 / 52 60 67 72 / 50 65 69 74 / 71 -50 -65 -74 / 48 67 72 76 / 60 74 77 -48 / 76 79 -48 -60 / 53 59 74 77 / 60 72 76 -53 <END> 
<S> 57 60 64 72 / 55 60 67 74 / 53 -60 -67 -74 / 52 60 67 72 / 53 59 65 74 / 64 -53 -65 -74 / 50 62 65 71 / 62 -50 -62 -65 / 52 55 64 67 / 53 57 60 -64 / 55 58 62 67 / 56 -58 -62 -67 / 55 64 67 / 72 -55 -64 -67 / 52 62 67 71 / 50 65 69 72 / 64 -50 -69 -72 / 55 62 67 71 <END> 
<S> 50 62 65 69 / 60 -50 -65 -69 / 55 59 62 67 / 52 60 64 67 / 59 65 -64 -67 / 57 60 64 -65 / 59 62 49 -65 / 57 60 64 / 55 59 -60 -64 / 53 57 60 62 / 59 -53 -57 -62 / 52 55 60 64 / 53 57 -60 -64 / 55 59 62 / 53 -55 -59 -62 / 52 55 60 64 / 48 -55 -60 -64 <END> 
<S> 57 60 62 65 / 64 -57 -60 / / 57 62 65 74 / 59 -62 -65 -74 / 60 64 67 76 / 62 77 -60 -67 / 48 60 67 79 / 50 65 -67 -79 / 52 67 72 79 / 53 -67 -72 -79 / 55 67 74 -72 / 71 -55 -67 -74 / 71 -55 -67 -74 / 65 -55 -71 -74 <END> 
<S> 60 67 76 / 62 77 -60 -67 / 48 64 72 79 / 70 -48 -64 -79 / 50 69 77 -64 / 62 -50 -69 -77 / 52 67 76 -62 / 60 -52 -67 -76 / 53 59 67 69 / 52 -59 -67 -69 / 50 57 69 77 / 55 62 -69 -77 / 52 59 68 76 / 50 57 60 -76 / 52 59 67 79 / 53 57 65 72 / 52 59 67 79 / 53 60 69 81 / 55 59 67 74 / 65 -55 -59 -74 <END> 
<S> 50 57 69 77 / 52 67 -57 -77 / 53 69 76 -62 / 77 -53 -69 -72 / 46 58 67 74 / 58 65 74 / 70 -58 -62 / 56 60 69 72 / 64 -60 -69 / 59 62 67 79 / 60 67 77 / 62 76 -67 / 60 64 72 79 / 59 64 74 79 / 61 64 69 76 <END> 
<S> 58 62 67 77 / 68 -58 -62 -77 / 60 67 76 -62 / 59 -60 -67 -76 / 53 60 69 77 / 55 60 67 76 / 57 60 69 77 / 58 62 70 77 / 60 -58 -70 -77 / 58 62 70 77 / 69 -62 -62 -77 / 58 67 70 79 / 57 64 69 -79 / 62 65 70 77 / 67 -62 -70 -77 / 55 70 74 79 / 57 72 77 47 <END> 
<S> 58 62 70 77 / 62 65 -58 -77 / 60 -58 -65 -70 / 59 62 65 77 / 67 -59 -62 -77 / 60 62 67 76 / 60 -60 -67 -76 / 55 62 71 79 / 72 77 -55 -62 / 60 67 76 / 59 -60 -67 -76 / 57 60 69 77 / 55 67 71 -77 / 53 69 73 76 / 52 67 72 79 <END> 
<S> 59 62 67 79 / 60 -59 -67 -79 / 60 66 74 81 / 59 -66 -74 -81 / 64 67 72 81 / 62 74 -67 -84 / 57 60 72 76 / 55 71 -60 -76 / 54 69 72 50 74 -54 -69 / 50 67 71 -74 / 52 64 68 71 / 57 64 69 72 / 55 62 67 71 / 48 60 67 76 / 50 62 -60 -67 -76 / 52 60 67 76 / 53 -60 -67 -76 <END> 
<S> 57 64 69 72 / 71 -57 -64 -69 / 72 57 66 74 / 59 62 -66 -69 / 52 59 67 / 64 -52 -59 -67 / 45 60 64 67 / 57 60 65 72 / 55 67 -60 -72 / 53 69 74 -60 / 59 62 67 -53 / 52 60 67 -59 / 53 60 69 -60 / 65 -53 -60 -69 / 59 67 -53 -65 / 60 -53 -65 -68 / 55 60 67 76 / 59 -55 -67 -76 <END> 
<S> 53 60 69 -67 / 62 -53 -60 -67 / 52 60 64 67 / 50 -60 -64 -67 / 52 55 60 67 / 47 62 -55 -67 / 48 55 60 64 / 59 -48 -55 -64 / 55 -48 -55 -64 / 40 55 62 67 / 52 59 64 -67 / 57 60 65 -64 / 50 62 65 / 55 58 64 67 / 53 57 62 -67 / 52 60 64 67 / 50 53 65 69 / 55 71 -50 -65 / 48 55 60 64 / 62 -48 -55 -60 <END> 
<S> 48 55 64 72 / 53 -48 -64 -72 / 55 62 71 -48 / 47 -55 -62 -71 / 48 55 64 69 / 50 54 62 -69 / 60 -50 -54 -69 / 43 50 59 67 / 48 52 60 67 / 46 -52 -60 -67 / 45 52 60 72 / 66 -45 -60 -72 / 47 62 67 71 / 48 64 67 69 / 50 62 66 69 <END> 
<S> 45 60 64 67 / 47 50 -67 -64 / 48 52 55 67 / 50 -52 -55 -67 / 52 55 67 72 / 50 65 -55 -72 / 48 60 64 67 / 62 -48 -60 -67 / 58 -48 60 65 / 46 67 74 -58 / 49 -46 -67 -67 / 45 53 65 72 / 47 -53 -65 -72 / 48 60 67 -65 / 58 -48 -64 -67 <END> 
<S> 48 60 65 69 / 50 -60 -65 -69 / 52 60 64 67 / 58 -52 -64 -67 / 53 57 60 65 / 47 62 67 / 55 -47 -62 -67 / 48 55 64 -62 / 60 -48 -55 -64 / 41 57 62 -60 / 50 59 -41 -62 / 57 -41 -50 -62 / 43 55 59 62 / 53 -43 -59 -62 <END> 
<S> 45 57 60 65 / 47 55 62 -65 / 48 55 64 -62 / 60 -48 -55 -64 / 43 55 60 62 / 59 -43 -55 -62 / 36 55 60 64 / 55 59 62 38 53 53 -59 -62 / 52 52 60 67 / 50 53 -60 -67 / 52 55 59 67 / 47 55 62 67 <END> 
<S> 55 62 -48 -60 / 47 55 62 / 43 53 59 62 / 52 55 60 64 / 50 53 65 -60 / 48 55 60 67 / 47 55 -60 -67 / 57 72 -48 -60 / 43 -57 59 -60 / 55 59 -43 -55 / 42 -43 -59 -64 / 45 57 60 64 / 44 -57 -60 -64 / 43 55 59 62 / 41 -55 -59 -62 / 40 52 55 60 / 48 52 55 60 / 50 53 62 -60 / 55 59 -50 -62 <END> 
<S> 55 59 62 / 53 -55 -59 -62 / 52 55 59 64 / 50 -55 -59 -79 / 48 55 60 64 / 47 -55 -60 -64 / 45 57 60 64 / 43 -57 -60 -64 / 41 57 60 62 / 38 50 59 -62 / 57 -38 -50 -59 / 43 50 55 59 / 55 59 -50 -55 / 45 48 55 64 / 46 55 58 62 / 49 53 57 69 / 58 50 65 70 / 45 64 69 72 / 57 65 69 72 <END> 
<S> 40 55 61 67 / 41 -55 -61 -67 / 43 55 60 62 / 59 -43 -55 -62 / 53 -43 -59 -62 / 45 52 60 / 53 57 64 69 / 65 -57 -57 -69 / 52 59 66 -57 / 50 -59 -59 -65 / 45 57 60 65 / 53 62 -57 -65 / 47 55 62 67 / 43 -55 -62 -67 / 48 55 64 -62 / 60 -48 -55 -64 <END> 
