<S> 57 60 69 77 / 55 60 69 77 / 53 62 -69 -77 / 60 64 67 76 / 58 -64 -67 -76 / 57 65 69 72 / 64 67 -57 -72 / 58 62 65 74 / 57 60 -65 -74 / 55 58 67 76 / 53 60 69 77 / 50 62 69 77 / 60 -50 -69 -77 <END> 
<S> 56 65 71 74 / 60 64 72 76 / 74 -64 -64 -72 / 53 69 72 77 / 74 -53 -69 -72 / 55 67 72 76 / 43 74 -67 -72 / 65 -43 -72 -74 / 48 64 67 72 / 55 62 67 72 / 69 -55 -62 -72 <END> 
<S> 55 67 72 74 / 53 -67 -72 -74 / 55 67 71 74 / 65 -55 -71 -74 / 48 64 67 72 / 55 67 71 74 / 53 67 73 76 / 52 -67 -73 -76 / 50 69 74 77 / 52 -69 -74 -77 / 53 69 74 77 50 55 -69 -74 <END> 
<S> 55 65 71 74 / 53 -62 -65 -71 / 52 64 67 72 / 54 -64 -67 -72 / 55 62 67 71 / 53 -62 -67 -71 / 52 60 67 72 / 48 -60 -67 -72 / 43 60 67 74 / 59 -43 -67 -74 / 65 -55 -59 -74 / 48 55 64 72 / 60 64 67 72 <END> 
<S> 48 60 67 -65 / 64 -48 -60 -67 / 55 59 67 74 / 72 -55 -59 -67 / 50 62 65 77 / 62 76 -62 -69 / 55 59 67 74 / 60 67 76 / 58 -60 -67 -76 / 57 60 65 77 / 55 67 76 -60 / 53 60 69 74 / 55 59 67 -74 / 74 -55 -59 -67 / 48 55 64 72 <END> 
<S> 60 67 76 / 55 -60 -67 -76 / 53 60 69 74 / 76 -60 -69 / 41 77 -60 -69 / 72 -53 -69 -77 / 52 67 72 79 / 71 -52 -67 -79 / 53 60 69 81 / 62 71 -53 -81 / 52 64 72 -81 / 71 -52 -64 -79 / 50 69 72 77 / 71 -50 -64 -77 / 52 67 72 76 / 53 74 -67 -72 <END> 
<S> 57 64 72 / 55 65 -72 / 64 67 72 79 / 65 69 -72 -79 / 59 67 74 79 / 62 65 77 77 / 60 64 72 76 / 74 -60 -64 / 53 65 69 72 / 74 -53 -65 -69 / 55 67 72 76 / 57 -67 -72 -76 / 59 74 -67 -72 / 57 69 72 77 / 59 -69 -72 -77 <END> 
<S> 55 64 70 76 / 53 65 69 81 / 67 -53 79 -53 / 52 60 -67 -79 / 53 69 74 -60 / 59 67 -53 -74 / 52 60 67 -74 / 53 72 -60 -67 / 55 59 74 -53 / 52 67 -59 -74 / 50 57 65 72 / 48 64 -57 -72 / 50 57 62 71 / 48 -57 -62 -71 / 50 55 65 74 / 50 59 -50 -65 <END> 
<S> 50 57 65 74 / 58 -50 -65 -74 / 45 57 72 -65 / 64 -57 -57 -72 / 45 57 64 72 / 71 -57 -57 -64 / 52 56 64 71 / 62 -52 -56 -71 / 45 57 60 69 / 50 59 62 -69 / 48 52 60 67 / 60 64 -48 -67 / 47 62 67 74 / 48 60 -67 -74 <END> 
<S> 54 57 62 69 / 50 59 71 -62 / 48 55 60 64 / 55 59 67 / 55 59 67 / 60 64 67 / 59 62 -60 -67 / 57 60 65 -60 / 64 -60 -65 / 55 59 62 -65 / 53 57 -62 -65 / 62 -53 -57 -65 <END> 
<S> 60 64 67 / 59 62 -64 -67 / 54 57 62 69 / 55 62 71 -57 / 52 55 64 72 / 50 55 -64 -72 / 48 62 67 72 / 65 -62 -67 -72 / 55 64 67 71 / 62 -55 -67 -71 / 69 -55 -67 -76 / 71 -55 -67 -74 / 65 -55 -71 -74 / 48 64 67 72 / 60 66 69 74 <END> 
<S> 52 55 67 72 / 65 -52 -55 -72 / -52 -55 -59 -67 / 48 60 64 67 / 47 62 -60 -67 / 45 60 72 -64 / 66 -45 -60 -72 / 47 62 67 71 / 48 -62 -67 -71 / 50 62 69 -67 / 48 64 -67 -69 / 50 62 66 69 / 45 60 -66 -69 / 43 59 62 67 / 47 62 67 79 <END> 
<S> 48 64 67 69 / 50 62 -67 -69 / 60 -50 -67 -69 / 55 62 67 71 / 53 -62 -67 -71 / 52 64 67 72 / 54 62 69 -72 / 55 62 71 -69 / 67 -55 -62 -71 / 50 62 69 -67 / 66 -50 -62 -69 / 60 -50 -66 -69 / 43 59 62 67 / 47 55 62 67 <END> 
<S> 55 62 69 74 / 71 -55 -62 -74 / 48 64 69 -55 / 50 54 62 -69 / 60 -50 -54 -69 / 55 59 62 67 / 52 58 64 67 / 50 -58 -63 -67 / 48 62 65 69 / 47 -62 -65 -69 / 48 62 67 69 / 50 -62 -67 -69 / 52 60 67 72 / 54 -60 -67 -72 <END> 
<S> 43 59 62 67 / 48 60 64 69 / 47 62 67 71 / 45 64 72 -67 / 66 -45 -64 -72 / 47 62 67 71 / 48 60 64 67 / 50 62 65 69 / 64 -50 -62 -69 / 47 62 -62 -69 / 67 -47 -62 -71 / 48 55 64 69 / 50 54 62 -69 / 60 -50 -54 -69 <END> 
<S> 45 64 69 72 / 47 67 -64 -72 / 48 -64 -67 -72 / 50 62 66 -72 / 48 64 69 -72 / 50 62 71 -69 / 52 60 67 72 / 53 60 69 74 / 50 59 65 -74 / 55 59 64 76 / 60 -55 -64 -76 / 59 62 65 74 / 56 59 -65 -74 / 64 67 72 76 <END> 
<S> 52 60 67 72 / 50 62 74 -67 / 48 60 67 76 / 50 -60 -67 -76 / 52 60 67 76 / 53 -60 -67 -76 / 55 59 67 74 / 56 65 -59 -74 / 57 59 64 72 / 57 60 -64 -72 / 55 62 69 72 / 54 62 69 -72 / 55 62 67 71 / 64 72 -55 -67 / 50 62 66 74 / 59 -50 -66 -74 <END> 
<S> 57 60 64 72 / 55 59 -64 -72 / 54 57 62 -72 / 50 74 -57 -62 / 52 55 64 71 / 54 -52 -64 -71 / 55 59 71 -52 / 50 -55 -59 -67 / 48 55 60 67 / 59 65 -55 -67 / 57 60 64 69 / 59 62 62 -69 / 60 64 -62 -69 / 59 62 67 71 / 64 72 -59 -67 / 62 66 66 69 / 60 -66 -66 -69 <END> 
<S> 52 60 67 72 / 54 69 -60 -72 / 55 62 67 71 / 50 62 66 69 / 52 59 67 / 57 -52 -67 / 55 59 67 74 / 65 -59 -67 -74 / 60 67 76 / 62 77 -60 -67 / 48 64 72 79 / 0 -48 -64 -79 / 65 69 77 -60 / 59 67 74 -77 / 60 67 76 -74 / 72 -60 -67 -76 <END> 
<S> 60 64 67 / 59 -60 -64 -67 / 57 60 66 69 / 55 -60 -66 -69 / 57 60 64 71 / 62 -57 -60 -69 / 59 62 67 74 / 68 -59 -62 -74 / 59 67 74 79 / 77 -59 -67 -74 / 60 67 76 / 62 77 -67 -72 / 64 67 71 79 / 57 -67 -71 -79 / 59 67 74 79 / 65 -59 -74 -79 <END> 
<S> 67 59 74 / 65 -59 -67 -74 / 60 64 67 76 / 59 62 -67 -76 / 60 76 -67 -76 / 62 65 71 74 / 64 67 72 76 / 65 74 81 -72 / 64 71 79 -81 / 64 73 76 -79 / 74 77 -64 -68 / 67 76 -62 / 49 69 76 -76 / 77 -57 -69 -72 / 64 67 72 76 <END> 
<S> 59 67 74 79 / 65 -59 -74 -79 / 60 64 72 79 / 71 74 -64 -79 / 56 64 72 76 / 62 77 -57 -72 / 60 64 76 79 / 67 71 -60 -79 / 56 65 72 81 / 55 71 74 -81 / 57 72 76 -53 / 66 71 74 -76 / 67 -57 -74 -76 / 72 -57 -67 -76 / 50 66 74 -72 / 62 69 74 -74 / 71 -62 -74 -77 / 69 72 -62 -77 / 57 -69 -72 -77 <END> 
<S> 57 72 76 / 77 -57 -72 / 52 70 76 79 / 53 69 72 79 / 55 67 71 74 / 53 69 -67 -74 / 52 67 71 76 / 57 65 69 72 / 59 64 67 79 / 60 -64 -67 -79 / 62 65 74 81 / 59 -62 -74 -77 / 57 64 72 76 / 56 71 74 -64 / 69 -55 -72 -76 <END> 
<S> 57 64 69 72 / 71 -57 -64 -72 / 54 57 69 72 / 74 -54 -57 -69 / 55 59 67 -74 / 52 58 67 76 / 57 -52 -67 -76 / 50 54 69 74 / 55 58 67 -74 / 57 66 72 -74 / 55 64 69 72 / 54 62 -69 -72 / 55 62 67 71 / 60 64 69 -55 / 54 62 69 74 / 56 59 64 -74 / 64 72 -55 -59 <END> 
<S> 50 62 69 78 / 60 -50 -69 -69 / 55 59 62 71 / 53 57 62 72 / 52 55 67 72 / 54 57 69 -72 / 55 59 67 71 / 48 60 64 67 / 59 62 -48 -67 / 53 57 60 69 / 52 55 64 71 / 50 55 62 65 <END> 
<S> 47 62 67 74 / 48 -62 -67 -74 / 50 62 66 69 / 55 -50 -62 -69 / 43 59 62 67 / 48 60 67 76 / 50 -60 -67 -76 / 52 60 67 76 / 53 -60 -67 -76 / 55 59 67 74 / 65 -55 -59 -74 / 57 60 64 72 / 62 66 -57 -72 / 55 62 67 71 / 53 59 62 67 <END> 
<S> 52 60 67 72 / 53 62 -67 -72 / 52 64 67 71 / 50 65 -64 -67 / 48 64 67 72 / 47 -64 -67 -72 / 45 60 72 -67 / 66 -45 -60 -72 / 47 62 67 71 / 48 -62 -67 -71 / 50 57 67 69 / 66 -50 -57 -69 / 55 59 62 67 / 52 60 64 72 <END> 
<S> 48 64 67 69 / 50 62 66 -69 / 60 -50 -66 -69 / 55 59 62 67 / 52 60 67 72 / 50 65 69 74 / 71 -50 -65 -74 / 48 67 72 76 / 60 77 -72 -76 / 55 67 74 -60 / 53 59 71 79 / 52 60 68 79 / 59 -52 -68 -79 <END> 
<S> 48 67 72 76 / 50 -67 -72 -76 / 52 67 72 76 / 53 -67 -72 -76 / 55 67 72 74 / 57 -67 -72 -74 / 59 71 74 -67 / 56 65 -71 -74 / 57 64 72 -71 / 59 -64 -71 -72 / 60 64 69 72 / 62 -64 -69 -72 / 64 68 71 <END> 
<S> 57 64 72 -71 / 69 -57 -64 -72 / 52 64 71 -69 / 68 -52 -64 -71 / 57 64 69 72 / 59 62 67 74 / 60 65 69 / 64 -60 -69 / 62 65 69 / 64 -62 -65 -69 / 59 62 65 74 / 60 67 -59 -74 / 60 69 76 -74 <END> 
<S> 59 62 67 76 / 60 69 -62 -67 / 55 62 67 71 / 53 -62 -67 -71 / 52 64 67 72 / 50 -64 -67 -72 / 48 62 67 74 / 47 -62 -67 -74 / 45 60 72 76 / 55 -60 -72 -76 / 53 69 72 -60 / 52 67 -60 -72 / 50 65 69 74 / 71 -50 -65 -74 / 48 67 72 76 / 52 -67 -72 -76 <END> 
<S> 45 60 65 72 / 47 74 -60 -65 / 48 60 67 76 / 55 59 74 79 / 57 60 72 77 / 59 62 74 -77 / 60 64 76 -74 / 72 -60 -64 -76 / 53 65 71 74 / 69 -53 -65 -74 / 52 64 67 72 / 62 -52 -67 -72 / 53 60 69 -67 / 55 62 67 71 / 64 -55 -67 -71 / 65 -55 -67 -71 <END> 
<S> 55 60 69 74 / 59 71 -55 -74 / 57 72 -67 -71 / 52 59 71 74 / 48 67 72 76 / 50 -67 -72 -76 / 52 67 72 76 / 53 -67 -72 -76 / 55 67 72 74 / 70 -55 -67 -74 / 56 60 69 76 / 65 74 -60 -69 / 55 67 -60 -74 / 53 -55 -60 -74 / 55 59 62 -74 / 64 -55 -59 -74 <END> 
<S> 52 67 72 79 / 53 -67 -72 -79 / 55 67 71 74 / 65 -55 -71 -74 / 48 64 67 72 / 53 65 69 74 / 55 59 67 76 / 65 74 -55 -60 / 57 60 64 72 / 65 74 -57 -60 / 55 59 67 76 / 53 57 69 74 / 52 55 -69 -74 / 50 57 65 74 / 50 59 62 -74 / 64 -50 -59 -74 <END> 
<S> 57 64 71 76 / 56 -64 -71 -76 / 64 57 65 72 / 59 62 67 74 / 60 67 76 / 62 77 -60 -67 / 61 64 69 79 / 62 69 77 / 59 68 -62 -77 / 57 61 69 76 / 57 60 69 76 / 77 -57 -60 -69 <END> 
<S> 62 64 69 77 / 61 -62 -69 -77 / 57 60 69 76 / 77 -57 -60 -69 / 46 61 67 79 / 62 69 77 -61 / 53 -62 -69 -77 / 55 70 76 -62 / 57 61 73 -76 / 50 57 65 74 <END> 
<S> 58 62 69 77 / 60 67 70 76 / 61 69 77 -60 / 61 -69 -77 -77 / 76 70 73 77 / 58 -64 -70 -77 / 57 64 69 72 / 55 65 70 74 / 53 65 70 72 / 52 -65 -70 -72 <END> 
<S> 60 64 69 78 / 53 -60 -69 -76 / 70 -53 -60 -69 / 55 60 69 77 / 53 -60 -69 -77 / 52 60 67 76 / 58 -52 -67 -76 / 53 57 65 72 / 55 59 67 74 / 53 60 69 -74 / 52 59 67 76 <END> 
<S> 53 60 69 72 / 54 57 69 74 / 56 59 64 -74 / 57 64 72 / 59 62 67 -72 / 60 67 76 / 58 -60 -67 -76 / 57 60 65 77 / 55 67 -60 -77 / 53 69 -60 -77 / 59 -53 -69 -77 / 60 76 -53 -69 / 46 62 67 77 / 48 64 72 79 <END> 
<S> 55 60 69 76 / 53 -60 -69 -76 / 55 59 67 74 / 65 -55 -59 -74 / 56 64 71 72 / -56 -64 -71 -64 / 62 69 -64 / 60 -62 -69 / 55 62 67 71 / 53 -62 -67 -71 / 52 60 67 72 / 50 -60 -67 -72 / 52 60 67 74 / 48 -60 -67 -74 / 55 59 67 74 / 56 60 65 -74 / 74 -56 -60 -65 <END> 
<S> 52 60 67 72 / 70 -52 -60 -67 / 53 60 65 69 / 52 60 65 67 / 58 62 65 74 / 57 60 64 -74 / 55 62 67 71 / 43 -62 -67 -71 / 48 62 67 69 / 50 -62 -67 -69 / 52 60 67 72 / 65 74 -60 / 55 67 -65 / 62 65 -55 -67 / 64 -55 -62 -70 / 43 62 71 -65 / 48 55 64 72 / 48 55 64 72 / 65 74 -48 -55 <END> 
<S> 55 62 69 / 52 60 -55 -69 / 50 54 62 69 / 48 -54 -62 -69 / 47 55 62 67 / 48 60 64 67 / 47 62 -60 -67 / 45 60 69 -60 / 55 59 62 71 / 52 64 -55 -71 / 54 60 69 -64 / 62 -54 -60 -69 / 55 59 62 71 / 52 64 -55 -71 / 57 60 64 72 / 65 -57 -60 -72 / 55 59 67 74 / 56 -59 -67 -74 <END> 
<S> 45 60 64 72 / 47 -60 -64 -72 / 48 60 64 69 / 50 -60 -64 -67 / 52 55 64 72 / 54 62 -64 -72 / 55 62 71 / 59 -55 -62 -71 / 48 55 64 69 / 50 54 62 -69 / 60 -50 -54 -69 / 43 50 59 67 / 48 52 60 67 / 50 -48 -60 -67 <END> 
<S> 46 55 62 69 / 71 -50 -55 -62 / 48 55 62 64 / 53 -48 -55 -62 / 55 59 62 / 43 53 -59 -62 / 48 52 55 60 / 50 55 62 67 / 48 -55 -62 -67 / 47 62 -55 -67 / 66 -47 -55 -71 / 48 55 64 69 / 50 54 62 -69 / 43 59 62 67 / 48 60 64 67 / 47 55 62 69 <END> 
<S> 47 55 62 67 / 45 60 -55 -67 / 43 55 59 62 / 47 62 -55 -62 / 45 53 60 -62 / 52 52 59 67 / 60 -52 -52 -67 / 47 62 -52 -67 / 57 -47 -47 -62 / 55 59 -50 / 41 53 60 / 40 55 59 62 / 36 55 60 64 / 43 55 59 62 / 53 -43 -59 -62 <END> 
<S> 45 57 60 65 / 47 55 62 -65 / 48 55 60 64 / 46 -55 -60 -64 / 45 57 60 65 / 43 -57 -60 -65 / 41 57 60 64 / 41 53 -60 -64 / 43 55 60 / 47 55 62 67 / 45 55 60 65 / 47 55 62 -65 / 48 55 64 -62 / 60 -48 -55 -64 / 41 55 62 -60 / 59 50 -55 -62 / 53 -43 -59 -62 <END> 
<S> 41 55 60 62 / 43 55 60 64 / 53 -43 -60 -64 / 59 -43 -53 -62 / 43 -53 -59 -62 / 36 52 55 60 / 40 55 60 64 / 41 -55 -60 -64 / 43 55 59 62 / 53 -43 -59 -62 / 36 52 55 60 / 48 55 64 / 60 -48 -55 -64 / 41 56 60 65 / 43 58 64 -62 / <END> 
<S> 41 57 60 62 / 43 55 59 -62 / 53 -43 -59 -62 / 36 52 55 60 / 48 52 60 67 / 45 53 60 65 / 41 55 62 -60 / 60 -41 -57 -60 / 43 55 59 62 / 43 55 59 62 / 48 55 60 64 / 66 -48 -55 -60 <END> 
<S> 48 55 60 64 / 47 -55 -60 -64 / 45 57 60 65 / 43 -57 -60 -65 / 41 55 59 62 / 38 53 -59 -62 / 36 52 55 60 / 48 60 64 67 / 47 -60 -64 -67 / 45 57 60 69 / 55 -45 -60 -69 / 46 53 62 69 / 48 71 -53 -62 / 47 50 62 67 / 43 -62 -67 50 <END> 
<S> 45 60 65 69 / 47 -60 -65 -69 / 48 60 64 67 / 58 -48 -64 -67 / 49 64 -58 / 57 -49 -64 / 50 57 66 74 / 55 59 62 67 / 54 57 62 72 / 52 55 64 72 / 50 57 65 -64 / 48 62 -57 -65 / 47 55 62 67 / 43 -55 -62 -67 <END> 
<S> 52 57 64 67 / 50 -57 -64 -72 / 52 57 64 71 / 53 69 -57 -64 / 55 59 67 74 / 57 60 66 -74 / 59 62 67 74 / 57 64 -62 -74 / 55 62 69 74 / 50 62 67 -74 / 66 -50 -62 -69 / 55 62 67 71 / 52 59 67 / 65 -52 -59 -67 <END> 
<S> 59 62 67 71 / 64 -62 -67 / 66 69 -64 -67 / 62 -66 -69 / 60 62 -69 / 64 71 -60 / 57 66 72 -64 / 59 62 67 74 / 60 64 67 76 / 62 65 77 81 / 64 72 79 / 71 74 -64 -79 / 60 72 76 81 / 74 77 -60 -81 <END> 
<S> 57 64 69 72 / 59 62 67 74 / 60 67 76 / 62 77 -60 -67 / 61 64 69 79 / 62 69 77 / 59 -62 -69 -77 / 60 67 76 -62 / 60 -60 -67 -76 / 62 67 71 -60 / 59 -62 -67 -71 / 60 64 69 72 / 62 -60 -69 -72 <END> 
<S> 60 64 69 77 / 62 71 -60 -77 / 57 60 72 76 / 55 59 -72 -76 / 53 57 69 74 / 50 59 -69 -74 / 48 60 76 -69 / 50 59 71 74 / 52 64 68 71 / 57 64 69 72 / 59 62 67 -72 / 60 64 67 -72 / 65 69 72 -60 / 64 67 71 74 / 62 65 -71 -74 <END> 
<S> 57 64 69 72 / 55 62 71 -69 / 54 57 62 72 / 52 55 64 71 / 57 -52 -64 -67 / 54 62 -57 -64 / 55 59 62 / 53 -55 -59 -62 / 52 55 60 64 / 48 -55 -60 -64 / 57 60 65 -55 / 55 59 62 -65 / 52 58 67 / 53 57 60 69 / 55 62 67 70 / 53 -62 -67 -70 <END> 
<S> 48 55 60 64 / 58 -48 -55 -64 / 43 55 60 67 / 41 53 -60 -67 / 43 55 62 -60 / 59 -43 -55 -62 / 45 52 55 60 / 47 50 62 67 / 48 55 -62 -67 / 50 54 62 69 / 60 -50 -54 -69 / 43 50 59 67 / 48 52 60 67 / 47 -52 -60 -67 <END> 
<S> 47 50 62 67 / 49 52 -67 / 50 53 57 69 / 55 59 62 67 / 52 60 -55 -67 / 53 59 62 -55 / 50 -53 -59 -62 / 52 55 60 64 / 48 -55 -60 -64 / 47 55 62 65 / 48 -55 -62 -65 / 47 55 62 67 / 43 62 -55 -67 / 48 55 62 64 / 60 -48 -55 -64 / 43 55 62 -60 / 59 64 -43 -55 / 53 57 -43 -59 <END> 
<S> 50 62 65 -48 / 47 55 62 -65 / 48 55 60 64 / 47 62 -55 -60 / 45 57 60 64 / 43 -57 -60 -64 / 41 57 60 62 / 50 55 59 -62 / 57 -38 -55 -62 / 43 50 55 59 / 48 52 60 -55 / 53 -45 -60 -64 / 59 62 -45 -53 -72 / 43 59 -53 -69 / 41 52 -43 -59 / 40 48 60 67 / 36 52 60 67 / 41 -52 -60 -67 <END> 
<S> 43 55 59 62 / 41 -55 -59 -62 / 40 55 60 64 / 36 -55 -60 -64 / 43 55 59 62 / 67 -43 -55 -62 / 45 60 -55 -67 / 47 55 62 67 / 43 -55 -62 -67 / 48 55 60 64 / 53 55 59 62 / 52 -55 -59 -62 / 50 55 60 64 / 48 -55 -60 -64 / 65 -48 -55 -60 / 55 60 62 -48 -55 -60 / 50 58 62 -55 / 53 -43 -58 -62 / 48 52 55 60 / 46 52 55 60 / 52 55 59 67 / 50 -55 -59 -67 <END> 
<S> 45 48 55 65 / 47 55 62 67 / 45 60 69 -67 / 57 66 -45 -60 -69 / 59 62 67 71 / 52 60 64 -67 / 50 62 65 -67 / 48 64 67 69 / 47 62 67 -69 / 45 -62 -67 -72 / 52 55 72 -67 / 60 -52 -67 -72 / 50 62 69 77 / 62 -50 -69 -77 / 52 67 71 79 / 60 67 -52 -79 / 53 60 69 77 / 55 67 71 79 / 77 -55 -67 -70 <END> 
<S> 55 62 69 / 60 66 -55 -69 / 55 59 67 / 62 67 74 / 47 62 67 79 / 48 57 67 72 / 52 64 71 72 / 55 -64 -72 / 64 67 72 -52 / 59 -64 -67 -72 / 60 66 69 74 / 71 -60 -69 -67 / 72 66 69 74 / 59 -66 -69 -74 / 59 71 -69 -74 <END> 
<S> 52 60 67 72 / 50 62 -67 -72 / 48 64 67 -72 / 50 62 -67 -72 / 54 62 69 -72 / 55 62 67 71 / 53 59 62 67 / 52 60 67 72 / 50 65 69 74 / 71 -50 -65 -74 / 48 67 72 76 / 60 74 77 -48 / 76 79 -48 -60 / 53 59 74 77 / 60 72 76 -53 <END> 
<S> 52 60 67 72 / 50 53 -67 -72 / 52 55 67 71 / 48 60 67 76 / 50 60 67 74 / 59 -50 -67 -74 / 52 60 67 76 / 53 69 -60 -76 / 55 67 71 74 / 52 67 71 76 <END> 
<S> 52 60 67 72 / 50 65 69 74 / 71 -50 -65 -74 / 48 67 72 76 / 60 74 77 -48 / 76 79 -48 -60 / 53 59 74 77 / 60 72 76 -53 / 55 67 71 74 / 56 64 71 76 <END> 
<S> 53 60 69 72 / 65 74 -53 -60 / 55 58 64 -74 / 57 60 66 -74 / 59 62 67 74 / 58 61 -67 -74 / 52 60 67 79 / 53 69 -60 -79 / 55 67 71 74 / 52 67 71 76 <END> 
<S> 55 60 64 72 / 53 65 -60 -72 / 52 59 67 71 / 50 -59 -62 -67 / 48 55 60 64 / 53 57 62 / 55 -57 -62 / 60 53 62 67 / 41 -60 -62 -67 / 43 62 65 -60 / 64 -43 -60 -62 / 59 -43 -62 -65 / 45 52 60 64 / 43 -52 -60 -64 <END> 
