<S> 56 60 63 72 / 62 65 -56 -72 / 55 63 67 70 / 53 60 63 68 / 62 -53 -68 / 51 62 63 67 / 60 -51 -63 -67 / 56 60 63 65 / 59 -56 -63 -65 / 60 62 -56 -65 / 60 -56 -60 -65 / 55 59 62 67 / 55 59 67 74 <END> 
<S> 56 60 63 65 / 59 62 -56 -65 / 60 -56 60 65 / 55 -60 -63 / 53 55 59 67 / 50 -55 -60 -67 / 48 51 55 -60 / 53 62 -48 -63 / 55 60 63 -48 / 46 -55 -60 -63 / 44 53 60 65 / 43 55 59 62 / 42 57 60 63 / 50 62 65 -57 / 55 63 -50 -65 / 53 58 62 65 / 39 55 60 63 / 51 -55 -60 -63 <END> 
<S> 48 55 60 63 / 50 65 -55 -60 / 51 55 60 67 / 53 59 68 / 57 -53 -53 -69 / 51 58 63 -68 / 65 -53 -58 -68 / 46 58 65 67 / 48 -46 -58 -67 / 50 58 65 70 / 51 58 63 67 / 62 -51 -58 -67 / 48 60 63 67 / 46 58 62 -67 <END> 
<S> 51 58 63 67 / 50 -58 -63 -67 / 48 60 63 67 / 46 -60 -63 -67 / 44 58 65 -63 / 63 -44 -58 -65 / 46 58 62 65 / 56 -46 -62 -65 / 48 55 62 63 / 53 60 68 -63 / 51 58 60 67 / 56 63 68 72 / 55 65 -68 -72 <END> 
<S> 44 60 63 65 / 46 -60 -63 -65 / 45 60 65 -63 / 53 58 62 -65 / 60 -53 63 -58 / 56 60 63 / 51 -56 -60 -63 / 55 59 62 65 / 48 55 60 63 / 46 -55 -60 -63 / 44 51 60 65 / 43 -51 -60 -65 / 41 56 68 -63 / 58 62 -41 -68 <END> 
<S> 44 56 60 63 / 43 55 60 -63 / 62 -43 -60 / 59 -43 -55 -62 / 53 -43 -59 -62 / 48 51 55 60 / 48 51 60 67 / 50 62 65 70 / 51 63 67 / 53 -51 -63 -67 / 48 55 63 72 / 51 58 67 / 56 60 -51 -67 <END> 
<S> 48 51 60 67 / 50 53 -60 -67 / 51 55 67 -60 / 59 -51 -55 -67 / 44 48 60 63 / 46 55 62 67 / 44 51 60 67 / 43 -51 -60 -67 / 44 51 60 65 / 41 -51 -60 -65 / 46 50 58 -65 <END> 
<S> 44 51 60 67 / 46 -51 -60 -67 / 44 51 60 63 / 46 -51 -60 -63 / 44 51 58 65 / 39 -51 -58 -65 / 41 56 60 65 / 43 55 58 -65 / 44 60 -55 -58 / 41 56 60 -55 / 43 53 58 62 / 44 -53 -58 -62 / 43 51 58 67 / 41 -51 -58 -67 <END> 
<S> 44 51 56 60 / 58 -44 -51 -60 / 43 51 56 63 / 44 48 -56 -63 / 46 53 56 61 / 41 53 -56 -61 / 55 -41 -58 -60 / 56 -41 -58 -60 / 41 53 57 -60 / 43 -53 -56 -60 / 55 -43 -53 -60 / 44 53 60 / 51 55 59 67 / 50 -55 -59 -67 <END> 
<S> 41 56 60 62 / 43 55 59 -62 / 53 -43 -59 -62 / 36 51 55 60 / 48 60 63 67 / 50 -60 -63 -67 / 51 58 63 67 / 61 -51 -58 -67 / 53 56 60 68 / 58 62 -53 -68 / 48 60 63 67 / 46 -60 -63 -67 <END> 
<S> 44 60 65 68 / 63 -60 -65 -68 / 58 62 65 70 / 56 63 -65 -74 / 55 58 63 75 / 51 58 63 67 / 56 60 63 72 / 55 65 -63 -72 / 53 62 68 71 / 51 68 72 -68 / 50 65 74 -68 <END> 
<S> 56 60 63 65 / 59 -56 -63 / 55 60 63 67 / 53 60 68 -63 / 55 58 61 70 / 53 56 60 72 / 55 58 61 -72 53 56 60 72 / 53 56 65 -72 / 47 55 67 74 / 48 60 67 75 / 52 -48 -60 -67 <END> 
<S> 56 60 63 72 / 65 74 -56 -60 / 55 58 67 75 / 53 68 -58 -75 / 55 63 70 74 / 56 65 72 75 / 58 67 -70 -75 / 56 60 68 77 / 58 62 68 77 / 51 67 75 79 / 53 72 77 / 55 71 74 -77 / 60 67 72 75 / 74 -60 -67 -75 <END> 
<S> 56 60 68 77 / 55 75 -60 -68 / 53 68 74 -60 / 59 59 -68 -74 / 56 60 -68 -74 / 53 56 65 72 / 56 74 -65 -72 / 55 71 74 -67 / 65 -55 -71 -74 / 48 63 67 72 / 60 63 67 72 <END> 
<S> 59 62 67 74 / 60 67 75 / 58 60 -67 -75 / 56 68 72 75 / 55 -68 -72 -75 / 53 68 72 77 / 74 -53 -68 -77 / 58 65 75 -50 / 56 -58 -65 -75 / 46 58 62 65 74 / 68 -46 -62 -65 / 48 63 67 / 0 -48 -67 <END> 
<S> 53 56 68 74 / 72 -53 -56 -68 / 55 59 67 -53 / 60 63 -55 -67 / 65 -55 -60 / 39 55 58 67 / 48 55 60 63 / 50 53 58 65 / 51 58 67 -65 / 63 -51 -58 -67 / 45 60 65 -63 / 47 62 65 70 <END> 
<S> 55 58 63 67 / 56 -58 -63 -67 / 58 65 -63 / 56 62 -65 / 55 58 63 67 / 55 58 63 67 / 56 60 63 -67 / 65 -56 -60 -63 / 58 62 65 / 56 -58 -62 -65 / 51 55 63 67 / 48 60 63 67 / 53 60 68 74 / 50 -60 -68 -74 <END> 
<S> 56 60 65 68 / 58 -60 -65 -68 / 60 67 -65 / 64 -60 -67 / 58 65 68 / 62 65 67 75 / 60 64 -67 -75 / 58 65 74 -68 / 67 75 -58 / 63 -55 -67 -75 / 56 65 72 77 / 71 -56 -65 -77 / 72 -56 -65 -77 / 58 65 74 77 / 67 75 -58 -65 / 58 65 74 77 / 68 -58 -74 -77 / 60 67 72 75 / 55 74 -67 -72 / 53 65 70 74 / 51 58 67 75 / 53 68 72 77 / 55 70 -68 -77 <END> 
<S> / 63 68 72 75 / 70 -68 -63 -72 / 61 65 69 77 / 60 -65 -69 -77 / 58 65 70 79 / 63 -58 -70 -79 / 62 -58 -70 -75 / 58 62 70 77 / 63 -58 -70 -77 / 56 65 68 77 / 67 -56 -60 -77 / 55 62 67 -77 / 53 -62 -67 -77 / 51 60 67 79 / 53 -60 -67 -79 / 55 67 71 74 / 47 -67 -71 -74 / 56 67 72 / 65 74 -56 -72 <END> 
<S> 55 62 67 75 / 60 -55 -67 -75 / 53 60 65 74 / 59 -53 -65 -74 / 60 63 67 75 / 68 -60 -63 -75 / 55 62 71 -75 / 56 60 72 77 / 55 70 75 -60 / 53 68 74 77 / 55 75 -74 / 56 72 77 / 55 65 -72 -77 / 56 67 75 -72 / 53 -67 -72 -75 / 55 62 71 74 / 56 60 72 77 <END> 
<S> 53 65 72 74 / 63 72 -53 -77 / 62 65 71 77 / 60 63 67 79 / 60 63 -67 -79 / 59 62 74 79 / 77 -59 -62 -79 / 60 67 75 / 62 74 -67 -60 / 63 72 79 / 62 71 74 <END> 
<S> 59 62 74 / 77 -59 -62 -74 / 60 67 75 / 55 60 67 75 / 53 60 68 74 / 55 59 67 -74 / 65 -55 -67 -74 / 48 63 67 72 / 56 63 72 / 55 65 74 -72 / 53 67 70 75 / 65 68 -53 -75 / 63 67 70 -53 / 62 65 -67 -70 <END> 
<S> 48 63 67 72 / 60 63 67 72 / 58 65 70 74 / 56 -65 -70 -74 / 55 67 70 75 / 74 -55 -67 -70 / 53 63 68 72 / 51 -63 -68 -72 / 50 65 70 77 / 46 62 -70 -77 / 51 63 70 79 / 72 -51 -63 -79 / 50 65 77 82 / 48 -65 75 -77 <END> 
<S> 53 62 68 77 / 51 63 67 79 / 55 68 71 -79 / 57 65 72 75 / 59 62 74 77 / 67 -59 -74 -77 / 60 67 75 -74 / 72 -60 -67 -75 / 55 67 74 -72 / 71 -55 -67 -74 / 65 -55 -71 -74 / 56 63 72 / 62 -56 -72 <END> 
<S> 60 67 74 / 58 72 -67 -75 / 57 60 65 72 / 55 67 -60 -72 / 53 65 69 72 / 51 -65 -69 -72 / 50 65 72 77 / 75 -50 -65 -72 / 55 67 74 -72 / 71 -55 -67 -74 / 53 -43 -67 -71 / 51 55 67 72 / 50 57 65 74 / 48 58 67 75 <END> 
<S> 55 67 72 75 / 53 -67 -72 -75 / 55 67 71 74 / 65 -55 -71 -74 / 48 63 67 72 / 53 65 68 77 / 51 63 70 79 / 55 -63 -70 -79 / 53 63 68 80 / 62 -53 -68 -77 / 60 63 67 75 / 69 -60 -63 -75 / 58 65 70 74 <END> 
<S> 56 63 68 72 / 65 -56 -68 -72 / 64 -53 -68 -72 / 55 62 67 71 / 65 -55 -62 -71 / 48 60 63 72 / 50 58 65 74 / 51 58 67 75 / 60 -51 -67 -75 / 53 60 65 72 / 63 -53 -60 -72 / 46 62 65 70 <END> 
<S> 51 60 67 75 / 58 -51 -67 -75 / 56 60 72 77 / 55 -60 -72 -77 / 53 60 70 79 / 51 -60 -70 -79 / 53 65 68 77 / 59 62 67 79 / 60 67 75 / 63 72 -60 -75 <END> 
<S> 56 60 63 72 / 55 58 -63 -72 / 53 56 68 72 / 51 58 67 / 60 63 68 -51 / 58 62 73 -68 / 56 60 68 72 / 65 -56 -68 / 55 63 67 70 / 53 65 68 -70 / 51 67 72 / 55 -51 -67 -72 <END> 
<S> 56 63 68 72 / 61 -56 -68 -72 / 51 63 68 72 / 53 -63 -68 -72 / 55 63 67 70 / 62 65 -55 -70 / 60 63 67 72 / 58 62 -67 -72 / 56 60 65 72 / 55 -56 -63 -72 / 53 56 65 72 / 63 -53 -56 -72 <END> 
<S> 56 60 63 72 / 55 -60 -63 -72 / 53 65 68 72 / 63 -53 -68 -72 / 46 65 67 74 / 59 65 68 74 / 44 60 72 75 / 74 -60 -60 -72 / 54 60 69 75 / 55 -60 -69 -75 <END> 
<S> 48 60 67 75 / 55 67 70 74 / 51 -67 -70 -74 / 53 65 69 72 / 74 -53 -65 -69 / 55 58 67 75 / 57 60 -67 -75 / 58 60 65 74 / 53 59 68 72 <END> 
<S> 56 60 65 72 / 55 67 -60 -72 / 53 -60 -67 -72 / 55 65 74 / 71 -55 -65 -74 / 48 63 67 72 / 0 / 56 60 72 77 / 58 62 70 -77 <END> 
<S> 55 63 70 75 / 63 -55 -70 -75 / 56 68 72 75 / 53 -68 -72 -75 / 55 67 71 74 / 65 -55 -71 -74 / 48 63 67 72 / 50 58 65 77 <END> 
<S> 43 67 70 74 / 65 -43 -70 -74 / 53 63 69 72 / 51 63 -69 -72 / 53 65 68 74 / 55 58 -65 -68 / 56 60 -65 -68 / 58 62 68 -65 / 60 63 67 -58 / 53 62 -63 -70 / 55 61 63 70 / 53 65 69 -70 / 46 65 68 74 / 58 -65 -68 -74 <END> 
<S> 57 60 65 65 / 58 64 -65 / 60 64 67 / 58 -60 -64 -67 / 56 60 65 / 58 62 65 / 56 60 63 72 / 55 58 -63 -72 / 53 56 68 72 / 58 62 74 -53 / 60 63 75 79 / 58 62 77 -75 / 56 60 77 75 <END> 
<S> 53 63 68 72 / 51 58 70 79 / 56 60 -70 -79 / 58 62 68 77 / 60 68 75 -62 / 55 58 67 74 / 53 -58 -67 -74 / 51 58 67 79 / 50 -51 -70 -79 / 48 63 72 79 / 50 62 65 -79 / 48 63 72 79 / 51 63 79 <END> 
<S> 55 62 70 77 / 56 -62 -70 -77 / 58 62 70 77 / 63 -58 -70 -77 / 65 -58 -70 -77 / 58 65 70 77 / 63 67 70 79 / 62 65 -70 -79 / 60 63 72 79 / 58 -63 -72 -79 / 56 63 72 77 / 58 62 70 77 / 68 -58 -62 -77 / 51 63 67 75 <END> 
<S> 53 68 77 -63 / 62 -53 -68 -77 / 60 63 67 79 / 62 77 -67 / 60 63 72 79 / 58 65 -72 -79 / 56 64 72 79 / 55 63 -72 -79 / 53 62 72 79 / 60 77 -51 -72 / 59 62 74 79 / 58 65 77 <END> 
<S> 56 65 72 77 / 53 -65 -72 -77 / 63 70 79 79 / 62 -63 -70 -79 / 58 63 70 79 / 56 -63 -70 -79 / 58 63 70 77 / 62 -58 -70 -77 / 68 -58 -62 -77 / 51 58 67 75 / 52 58 67 79 / 53 68 -58 -79 <END> 
<S> 58 63 68 77 / 62 -58 -68 -77 / 58 63 67 79 / 55 -58 -67 -79 / 56 60 77 -67 / 53 -60 -68 -77 / 55 60 67 -77 / 58 -55 -67 -76 / 56 65 72 77 / 55 67 75 -72 / 53 -67 -72 -75 / 55 74 -67 -72 / 65 -55 -72 -74 / 56 63 72 / 60 68 -56 -72 <END> 
<S> 53 69 72 74 / 50 -62 -72 -74 / 55 62 71 -74 / 63 67 -55 -71 / 65 -55 -67 -71 / 48 63 67 72 / 58 65 70 74 / 56 -65 -70 -74 / 55 67 70 75 / 53 68 -67 -75 / 55 62 67 74 / 56 65 -62 -74 / 51 58 67 75 / 65 74 -51 -58 <END> 
<S> 56 63 68 72 / 62 68 -56 -72 / 55 61 67 74 / 65 -55 -67 -74 / 56 63 72 / 65 74 -56 -72 / 55 67 75 -72 / 53 68 74 77 / 55 75 -74 -68 / 56 74 -68 / 55 67 45 -74 / 53 68 72 / / 74 -53 -65 / 48 58 67 75 / 50 57 65 74 / 58 -50 -65 -74 <END> 
<S> 53 68 74 -60 / 55 59 67 -74 / 56 60 65 -74 / 59 62 67 74 / 55 -59 -67 -74 / 60 67 75 / 58 -60 -67 -75 / 56 60 68 75 / 55 -60 -68 -75 / 53 60 68 74 / 55 59 67 -74 / 56 60 65 72 / 48 -56 -65 -72 / 50 55 65 71 / 51 62 67 -71 <END> 
<S> 55 60 67 75 / 53 -60 -67 -75 / 55 59 67 74 / 65 -55 -59 -74 / 48 60 63 72 / 55 58 63 75 / 51 58 67 77 / 56 60 68 72 / 65 -56 -60 -72 / 58 62 65 74 / 59 67 -65 -74 / 60 63 67 75 / 65 68 -60 -75 <END> 
<S> 56 60 68 75 / 53 68 -60 -75 / 55 62 67 74 / 53 59 68 -74 / 51 58 67 75 / 50 65 -58 -75 / 51 58 72 77 / 68 -51 -58 -77 / 51 63 67 79 / 62 -51 -67 -79 / 60 67 72 -51 / 59 -67 -72 -79 / 60 67 72 75 / 65 74 -60 -72 <END> 
<S> 48 63 72 75 / 50 65 -72 -75 / 51 67 70 -75 / 53 -67 -70 -75 / 51 67 70 75 / 65 74 77 -58 / 63 67 -58 -77 / 46 -58 -63 -77 / 51 58 67 75 / 51 60 67 75 / 55 58 70 74 / 60 68 -55 -74 / 53 62 68 74 / 63 -53 -68 -74 <END> 
<S> 51 63 67 70 / 56 63 -51 -70 / 55 58 63 70 / 53 60 -63 -70 / 55 62 -60 -70 / 53 68 -62 -60 / 55 60 -60 -68 / 53 -60 -60 -67 / 55 59 62 / 53 55 59 62 / 51 -55 -59 -62 / 51 55 60 67 / 58 -51 -55 -67 <END> 
<S> 57 60 62 65 / 60 -57 -60 -65 / 55 59 62 / 55 53 -59 62 / 51 55 60 / 48 53 62 65 / 55 63 -48 -65 / 46 -55 -63 / 44 53 60 65 / 43 55 62 -65 / 59 62 -43 -65 / 53 57 60 63 / 62 -53 -57 -60 / 55 60 63 / 53 59 62 / <END> 
<S> 44 56 60 65 / 55 58 63 75 / 53 56 62 68 / 51 55 60 -68 / 59 -51 -55 -67 / 45 53 60 65 / 63 -45 -53 -60 / 46 55 58 62 / 53 53 57 62 / 51 55 60 67 / 50 65 -55 -60 / 48 51 55 -60 / 53 -48 -51 -60 / 55 59 67 -48 -57 47 50 58 65 / 48 51 55 63 / 46 50 -55 -63 <END> 
<S> 55 58 62 67 / 53 -58 -62 -67 / 51 58 63 -67 / 53 60 68 -58 / 48 60 -53 -68 / 46 58 62 65 / 56 -46 -62 -65 / 55 58 62 67 / 55 58 62 / 53 -58 -58 / 55 58 60 63 / 53 56 60 -60 / 59 -53 -53 -63 / 55 60 -53 -62 / 41 56 62 -60 / 43 55 59 62 / 50 53 62 71 <END> 
<S> 56 62 65 / 55 58 63 -65 / 56 60 63 -63 / 50 55 65 -63 / 53 62 -50 -65 / 51 58 63 67 / 53 60 63 68 / 55 58 63 70 / 56 65 -58 -63 / 58 63 67 / 55 62 67 70 75 / 46 65 70 74 <END> 
<S> 53 60 65 68 / 63 -53 -60 -68 / 59 62 68 74 / 60 67 75 / 58 65 68 74 / 56 63 68 72 / 55 63 70 75 / 53 68 68 74 / 55 67 75 -53 / 54 60 62 -75 / 58 61 67 74 / 65 -58 -74 <END> 
<S> 58 65 70 74 / 65 -58 -70 -74 / 55 63 70 79 / 62 65 -70 -75 / 60 63 67 75 / 58 62 -67 -75 / 56 60 72 77 / 55 70 -60 -77 / 53 60 68 79 / 55 67 75 -60 / 53 60 65 68 <END> 
<S> 56 60 72 77 / 58 -56 -72 -77 / 60 -56 -72 -77 / 55 62 71 77 / 59 62 67 79 / 60 67 75 / 58 62 -67 -75 / 56 63 72 / 55 -63 -72 / 53 68 74 -72 / 55 67 71 -74 / 65 -55 -71 -74 / 48 55 63 72 / 48 63 67 79 <END> 
<S> 60 67 75 / 58 62 -67 -75 / 56 63 72 / 55 63 -72 / 53 68 72 74 / 55 67 71 74 / 65 -55 -71 -74 / 48 63 67 72 / 51 58 70 79 <END> 
<S> 53 68 72 74 / 65 -53 -72 -74 / 55 62 71 -74 / 67 -55 -71 -74 / 65 -55 -71 -74 / 48 63 67 72 / 55 67 70 75 <END> 
<S> 48 63 68 72 / 50 65 -68 -72 / 51 63 67 70 / 62 -51 -67 -70 / 53 60 65 68 / 67 -53 -60 -68 / 54 60 62 70 / 46 62 67 70 <END> 
<S> 50 62 65 71 / 60 -50 -65 -70 / 55 62 65 70 / 53 63 68 72 / 62 65 -68 -72 / 60 63 67 / 58 -60 -63 -67 / 56 60 65 / 58 -56 -65 / 56 65 -56 -65 / 47 55 63 67 / 47 55 62 65 <END> 
<S> 58 62 65 / 56 60 63 / 55 65 -60 / 55 72 -55 -60 / 53 74 -60 / 58 -53 -60 / 48 56 60 / 76 -48 -56 -60 / 43 55 59 62 / 0 / 48 55 60 63 <END> 
<S> 55 59 62 / 53 -55 -59 -62 / 48 51 55 60 / 48 63 -55 -60 / 50 55 58 -63 / 51 58 67 / 50 65 -58 -67 <END> 
<S> 48 60 63 68 / 50 58 65 -68 / 51 67 -58 -65 / 63 -51 -58 -67 / 56 60 63 72 / 55 -60 -63 -72 / 53 65 68 72 / 63 74 -53 -68 / 59 67 75 / 60 68 -67 -75 / 58 65 74 79 / 56 72 -70 <END> 
<S> 56 60 63 72 / 65 74 -56 -60 / 55 60 67 75 / 53 68 -60 -75 / 55 60 67 74 / 68 -55 -60 -74 / 43 59 67 -74 / 65 -43 -59 -74 / 48 60 63 72 <END> 
<S> 55 59 67 75 / 60 -55 -67 -75 / 55 62 67 74 / 53 -62 -67 -74 / 51 63 67 72 / 50 65 69 74 / 48 67 75 -72 / 50 65 74 77 / 51 67 75 79 / 53 -67 -75 -79 <END> 
<S> 48 63 67 72 / 62 71 -48 -67 / 60 63 69 75 / 58 65 70 74 / 56 -65 -70 -74 / 55 67 70 75 / 53 60 68 77 / 62 -53 -68 -77 / 51 63 67 79 / 56 -51 -67 -79 / 55 67 -51 -79 <END> 
<S> 55 63 70 75 / 53 68 -63 -75 / 51 63 70 79 / 47 -63 -70 -79 / 48 63 72 79 / 62 70 77 -48 <END> 
