<S> 36 52 60 67 / 38 53 -60 -67 / 40 55 60 64 / 41 -55 -60 -64 / 43 62 -55 -60 / 50 59 -43 -62 / 57 -43 -50 -62 / 55 59 -43 -62 / 53 -43 -59 -62 / 36 52 55 60 / 47 55 62 67 / 43 -55 -62 -67 / 50 62 69 -55 / 38 54 -62 -69 <END> 
<S> 36 52 55 60 / 47 55 62 67 / 38 -55 -62 -67 / 43 55 62 69 / 59 -43 -62 -69 / 48 52 60 67 / 47 50 62 -60 / 48 52 55 60 / 53 -48 -55 -60 / 55 59 62 / 43 59 -55 -62 / 48 55 60 64 / 52 55 60 67 <END> 
<S> 47 50 62 67 / 45 48 60 -67 / 47 50 59 67 / 49 52 -59 -67 / 50 57 66 -52 / 55 59 64 67 / 38 57 60 65 / 59 -38 -57 -65 / 57 -41 59 -65 / 60 -53 -57 -65 / 47 62 -53 -65 / 43 59 64 -53 / 48 52 60 67 / 41 53 -60 -67 / 43 55 59 67 / 62 -43 -55 -71 / 45 48 60 72 / 47 62 67 -55 <END> 
<S> 47 62 65 67 / 45 60 -65 -69 / 47 59 62 67 / 43 -59 -62 -67 / 45 60 64 69 / 47 -60 -64 -69 / 48 64 71 -60 / 50 55 -64 -69 / 48 52 55 67 / 72 -48 -55 -64 / 47 55 62 67 / 43 55 62 -67 / 45 60 -55 -67 / 47 55 62 67 / 43 -55 -62 -67 / 48 55 64 69 / 54 59 62 67 / 60 69 -53 -64 / 59 62 -53 -69 / 48 60 64 67 / 50 -60 -64 -67 <END> 
<S> 48 64 69 -67 / 50 65 71 -69 / 52 62 67 -71 / 50 62 66 71 / 52 55 62 67 / 52 64 67 72 / 54 62 69 -72 / 55 62 67 71 / 53 59 65 69 / 64 -53 -65 -69 / 55 59 67 74 / 60 -55 -67 -74 / 65 -55 -60 -74 / 72 -55 -60 -66 / 43 59 67 74 / 55 59 67 74 / 48 -55 -67 -74 <END> 
<S> 53 69 72 / 52 -67 -72 / 50 65 71 77 / 48 -65 -72 -77 / 55 67 72 74 / 71 -55 -67 -74 / 48 67 72 76 / 50 65 71 74 / 69 -50 -65 -74 / 52 64 67 71 / 53 56 -64 -71 / 62 52 69 -56 / 45 57 -62 -69 / 47 55 62 67 / 48 64 -55 -67 / 50 60 62 67 <END> 
<S> 50 69 -67 -72 / 54 62 69 74 / 60 -54 -69 -74 / 55 59 67 74 / 48 60 64 67 / 52 60 67 72 / 62 69 -60 -72 / 55 71 -62 -70 / 57 60 69 72 / 62 66 -57 -72 / 55 59 67 71 / 55 59 62 67 <END> 
<S> 55 64 67 72 / 62 -55 -67 -72 / 43 62 71 -67 / 50 59 -67 -71 / 52 59 67 79 / 57 72 77 -64 / 59 67 74 77 / 60 67 76 -74 / 72 -60 -67 -76 / 55 67 74 -72 / 71 -55 -67 -74 / 0 / 53 69 72 74 / 71 -53 -69 -77 <END> 
<S> 48 67 72 76 / 71 -48 -67 -76 / 50 65 69 77 / 71 -50 -65 -77 / 52 67 72 76 / 53 -67 -72 -76 / 55 67 71 74 / 55 67 71 74 / 60 67 72 76 / 59 -67 -72 -76 / 57 69 72 77 / 59 67 74 79 / 77 -59 -67 -74 <END> 
<S> 48 64 72 79 / 50 65 -72 -79 / 52 67 72 79 / 53 -67 -72 -79 / 55 67 74 -72 / 71 -55 -67 -74 / 52 67 71 76 / 65 74 -52 -71 / 57 60 69 76 / 59 62 -69 -76 / 60 64 76 / 57 66 72 -76 <END> 
<S> 59 67 74 / 57 64 -67 -74 / 65 74 -57 -60 / 59 64 67 76 / 57 60 69 76 / 55 -60 -69 -76 / 53 69 74 -60 / 52 59 67 76 / 50 65 77 / 64 -50 -65 -77 / 69 62 77 -56 / 68 -62 -74 -77 / 57 69 73 76 / 67 -57 -72 -76 / 53 65 69 74 <END> 
<S> 57 64 69 72 / 59 62 67 74 / 60 67 76 / 62 77 -60 -67 / 61 64 69 79 / 62 69 77 / 59 68 -62 -77 / 57 61 69 76 / 57 60 69 76 / 77 -57 -60 -69 / 52 60 67 79 / 50 -60 -67 -79 / 52 60 72 79 / 71 -52 -60 -79 <END> 
<S> 61 64 69 79 / 62 65 69 77 / 67 71 76 / 69 72 -67 / 50 65 69 74 / 55 62 71 74 / 67 -55 -74 / 65 -55 69 -74 / 48 64 67 76 / 50 57 -67 -76 / 52 69 72 -76 / 54 -69 -72 -76 / 55 67 72 74 / 57 -67 -72 -74 / 59 -67 -72 -74 / 65 -59 -71 -74 <END> 
<S> 52 60 67 72 / 53 69 -60 -72 / 52 65 71 74 / 50 -65 -71 -74 / 48 67 72 76 / 65 71 74 -48 / 60 67 72 76 / 53 69 74 77 / 55 67 71 74 / 54 69 72 -74 / 55 67 71 -74 / 54 69 72 -74 / 52 67 -72 -74 / 50 65 71 74 / 69 -50 -65 -74 <END> 
<S> 57 67 72 76 / 66 -57 -72 -76 / 59 67 74 79 / 57 69 77 -74 / 55 67 71 76 / 53 -67 -71 -76 / 52 67 72 76 / 50 -67 -72 -76 / 48 67 72 76 / 65 74 -48 -67 / 60 64 67 72 / 58 -60 -67 -72 / 57 60 69 77 / 55 -60 -69 -77 <END> 
<S> 48 67 72 76 / 50 -67 -72 -76 / 52 67 72 76 / 53 -67 -72 -76 / 55 67 72 74 / 57 -67 -72 -74 / 59 71 74 -67 / 56 65 -71 -74 / 57 64 72 -71 / 59 -64 -71 -72 / 60 64 69 72 / 62 -64 -69 -72 / 64 71 -69 / 68 -64 -71 <END> 
<S> 57 64 69 72 / 59 62 74 -69 / 60 62 67 76 / 60 -60 -67 -76 / 55 59 67 74 / 52 67 73 / 50 65 69 74 / 64 -50 -69 -74 / 62 65 71 77 / 69 76 -62 -77 / 57 62 71 76 / 52 60 72 79 / 53 -62 -72 -79 <END> 
<S> 62 67 69 / 66 -62 -69 / 55 62 67 70 / 53 -62 -67 -71 / 52 60 67 72 / 50 65 -60 -72 / 52 64 67 71 / 62 -52 -67 -71 / 53 60 67 72 / 55 -67 -72 / 57 65 72 74 / 59 -65 -72 -74 / 60 67 72 76 / 77 -60 -67 -72 / 60 67 72 76 <END> 
<S> 52 60 67 72 / 53 -60 -67 -72 / 52 65 67 71 / 50 -65 -67 -71 / 48 62 67 72 / 65 -48 -55 -72 / 55 67 72 74 / 71 -55 -67 -74 / 56 64 71 76 / 65 -56 -71 / 57 64 72 / 55 -57 -64 -72 / 53 69 72 / 71 74 -53 / 52 67 72 76 / 67 52 -72 -76 <END> 
<S> 55 64 69 72 / 54 62 -69 -72 / 55 62 67 71 / 53 59 62 67 / 52 60 67 72 / 50 65 69 74 / 71 -50 -65 -74 / 48 67 72 76 / 60 74 77 -48 / 76 79 -48 -60 / 53 59 74 77 / 60 72 76 -53 <END> 
<S> 52 60 67 72 / 50 65 69 74 / 71 -50 -65 -74 / 48 67 72 76 / 60 74 77 -48 / 76 79 -48 -60 / 53 59 74 77 / 60 72 76 -53 / 55 67 71 74 / 56 64 71 76 <END> 
<S> 53 60 69 74 / 46 65 -60 -74 / 59 74 -65 / 55 60 64 72 / 62 74 -60 -55 / 53 -62 -67 -70 / 55 59 67 74 / 53 -59 -67 -74 / 52 60 67 72 / 48 64 -60 -72 / 55 60 65 74 / 59 -55 -65 -74 / 48 60 64 67 / 60 64 -60 -67 <END> 
<S> 52 60 67 72 / 48 64 -60 -72 / 53 60 69 -72 / 65 -53 -60 -69 / 55 59 67 -65 / 64 -55 -60 -67 / 43 60 -60 -67 / 59 -43 -55 -67 / 48 55 64 67 / 60 -48 -55 -64 / 50 53 57 65 / 59 -50 -53 -65 / 52 55 60 64 / 53 -55 -60 -64 / 55 62 -60 / 55 59 62 / 53 -55 -59 -62 <END> 
<S> 48 55 60 64 / 55 59 -48 -64 / 41 57 -55 -64 / 54 62 -57 -57 / 55 59 64 / 57 -43 -55 -64 / 59 62 -43 -55 / 45 48 57 64 / 47 50 57 -64 / 45 57 59 -50 / 48 52 55 60 / 50 54 -55 -60 / 40 55 48 -60 / <END> 
<S> 45 52 57 72 / 47 50 55 -72 / 48 52 55 64 / 47 -52 -55 -64 / 41 52 57 60 / 69 -55 -57 -60 / 40 55 59 67 / 41 -55 -59 -67 / 40 55 60 64 / 38 -55 -60 -64 / 41 57 62 -60 / 55 59 -41 -62 / 53 57 62 / 52 55 60 64 / 53 57 -60 -64 / 55 59 62 / 43 53 -55 -62 <END> 
<S> 41 57 60 62 / 43 55 59 -62 / 53 -43 -59 -62 / 36 52 55 60 / 47 48 62 67 / 43 52 60 -67 / 45 53 -60 -67 / 47 55 62 67 / 43 -55 -62 -67 / 48 55 60 64 / 53 59 62 -48 / 52 55 60 -48 / 50 57 66 -60 / 55 59 62 67 / 53 -59 -62 -67 <END> 
<S> 48 55 60 64 / 58 -48 -55 -64 / 43 57 60 66 / 59 62 -41 -53 / 40 60 -53 -57 / 38 53 -60 -60 / 59 -41 -53 -56 / 55 59 62 -53 / 52 -55 -59 -62 / 50 53 60 64 / 52 -55 -60 -64 / 50 57 62 65 / 59 -50 -62 -65 / 57 60 64 / 55 59 62 / 53 -55 -59 -62 <END> 
<S> 55 58 62 -48 / 52 -55 -58 -62 / 50 53 60 69 / 52 -60 -64 -69 / 50 62 65 69 / 52 -62 -65 -69 / 53 57 62 65 / 59 62 -53 -65 / 52 60 60 67 / 53 -60 -60 -67 / 55 59 62 / 53 57 -59 -62 / 52 55 60 64 / 50 -55 -60 -64 <END> 
<S> 55 58 62 / 53 60 -55 -62 / 55 59 62 67 / 53 -55 -59 -67 / 52 55 60 67 / 50 -55 -60 -67 / 48 55 60 65 / 47 62 -55 -65 / 45 48 60 64 / 43 55 59 62 / 40 55 60 67 / 41 -55 -60 -67 / 43 55 62 71 / 59 -43 -55 -62 / 48 55 60 64 / 47 55 62 74 <END> 
<S> 48 55 62 64 / 47 -55 -62 -64 / 48 55 62 -62 / 64 -48 -55 -60 / 47 55 62 67 / 43 59 -55 -67 / 45 52 60 65 / 47 50 62 -65 / 48 55 64 / 47 55 60 65 / 48 64 67 -60 / 50 62 65 71 / 52 60 64 72 / 53 65 69 -72 / 54 62 69 74 / 50 62 66 69 / 55 62 67 71 / 60 66 69 -55 <END> 
<S> 45 48 60 69 / 47 55 62 71 / 48 55 60 64 / 59 62 -48 -55 / 41 57 60 62 / 43 55 59 -62 / 53 -43 -59 -62 / 48 52 55 60 / 48 64 67 / 60 -48 -64 -67 / 50 65 69 / 70 -50 -65 -69 / 52 67 -65 -70 / 64 -52 -67 -70 / 53 65 69 / 50 58 67 70 / 49 65 69 77 <END> 
<S> 48 55 60 64 / 53 59 -48 -64 / 55 -48 60 -48 / 47 59 62 67 / 48 55 60 64 / 57 -48 -60 -64 / 59 -48 -55 -64 / 40 55 60 67 / 41 48 -60 -67 / 43 50 59 -60 / 36 52 55 60 / 47 55 62 67 / 48 55 64 <END> 
<S> 44 48 55 60 / 52 55 59 -48 / 50 54 57 60 / 59 -50 -57 -65 / 48 55 60 64 / 46 55 62 -60 / 59 -43 -55 -62 / 48 55 60 64 / 43 59 62 -55 / 45 53 57 60 / 47 50 -57 -65 / 48 52 -57 -65 / 55 64 -48 -57 / 47 55 62 / 41 -55 -59 -62 <END> 
<S> 48 55 60 64 / 47 -55 -60 -64 / 45 57 60 65 / 43 -57 -60 -65 / 41 55 60 67 / 41 -60 -67 -76 / 43 60 65 -60 / 59 -43 -43 -65 / 48 55 60 64 / -48 -55 -60 -64 / 47 55 62 65 / 48 -55 -62 -65 / 50 55 62 65 / 64 -50 -55 / 45 60 -55 -64 / 43 55 -60 -64 / 59 62 -43 -55 <END> 
<S> 48 55 60 64 / 47 55 -60 -64 / 45 59 62 65 / 45 -59 -62 -65 / 47 55 62 67 / 48 -55 -62 -67 / 50 54 62 69 / 43 59 62 67 / 48 60 64 67 / 47 55 62 67 / 45 -55 -62 -67 / 47 55 62 67 / 43 -55 -62 -67 / 48 55 60 64 / 58 -48 -55 -64 <END> 
<S> 47 55 62 67 / 48 55 60 64 / 50 62 -55 -60 / 52 60 -55 / 53 59 62 -52 / 45 -53 -59 -62 / 47 55 62 / 43 53 -55 -62 / 48 55 64 72 / 54 57 62 -72 / 46 55 62 71 / 54 -43 -62 -71 / 52 55 64 69 / 54 62 69 -69 / 60 64 67 / 62 71 -57 -67 <END> 
<S> 47 55 62 67 / 45 -55 -62 -67 / 43 59 62 71 / 47 55 62 -71 / 48 55 64 69 / 50 54 62 -69 / 60 -50 -54 -69 / 43 50 59 67 / 50 53 62 69 / 52 -53 -62 -69 / 50 57 65 69 / 48 -57 -65 -69 / 47 50 65 67 / 49 52 64 -67 / 50 53 62 65 / 55 59 -50 -65 <END> 
<S> 50 52 67 71 / 54 -50 -67 -71 / 55 64 69 72 / 54 62 -69 -72 / 55 62 69 71 / 52 59 64 67 / 57 60 64 72 / 55 59 67 74 / 53 67 76 / 52 -67 -76 58 <END> 
<S> 57 60 64 72 / 55 59 67 74 / 53 -59 -67 -74 / 52 60 67 76 / 50 -60 -67 -76 / 48 60 67 76 / 77 -48 -60 -67 / 55 59 67 74 / 56 64 71 76 <END> 
<S> 47 62 67 74 / 65 -47 -62 -74 / 55 62 67 71 / 53 -62 -67 -71 / 52 60 67 72 / 48 -60 -67 -72 / 55 67 74 -60 / 59 -55 -67 -74 / 57 60 67 72 / 59 62 67 74 / 60 -59 -67 -74 <END> 
<S> 47 62 67 71 / 48 -62 -67 -71 / 50 60 66 69 / 55 -50 -60 -69 / 55 59 62 67 / 48 55 60 67 / 53 62 65 69 / 71 -53 -62 -65 / 52 55 64 72 / 57 72 -55 -64 / 55 59 67 74 / 50 -59 -67 -74 / 48 59 67 76 / 65 74 -48 -59 <END> 
<S> 50 62 65 71 / 60 64 72 -50 / 55 59 62 67 / 53 60 65 69 / 52 -60 -65 -69 / 50 62 71 -65 / 48 64 69 72 / 50 59 74 -69 / 45 60 66 -74 / 43 59 62 67 / 59 -43 -59 -67 / 45 60 64 69 / 47 62 62 71 <END> 
<S> 48 64 67 69 / 50 62 66 -69 / 60 -50 -66 -69 / 55 59 62 67 / 52 59 67 / 50 65 -59 -67 / 48 60 67 76 / 53 60 65 74 / 55 59 67 74 / 55 60 67 76 / 48 60 67 76 <END> 
<S> 55 62 67 71 / 43 59 62 67 / 48 64 67 72 / 0 / 48 60 64 79 / 59 62 67 74 / 76 -59 -62 -67 / 57 60 69 77 / 59 62 -69 -77 / 60 64 67 76 / 53 65 69 -76 <END> 
<S> 59 67 74 / 55 67 71 74 / 79 77 -67 -71 / 65 69 74 -77 / 76 -62 -69 -77 / 60 67 76 -62 / 58 76 -67 -76 / 57 67 74 77 / 59 -67 -74 -77 <END> 
<S> / 73 76 81 / 72 76 -81 / 62 74 -72 -77 / 57 69 72 76 / 65 71 74 -81 / 69 72 81 -76 / 70 74 -69 -81 / 61 69 76 79 / 57 64 73 79 / 50 69 74 77 / 59 67 74 -50 <END> 
<S> 57 69 72 76 / 77 -57 -69 -72 / 52 67 72 79 / 53 -67 -72 -79 / 55 67 71 74 / 62 67 71 79 / 65 69 74 79 / 62 71 76 / 69 72 77 / 60 67 -72 -77 / 59 67 71 74 / 60 76 -67 <END> 
<S> 64 67 72 79 / 62 65 74 81 / 67 71 -50 79 / 64 72 79 / 57 60 72 77 / 59 62 74 -77 / 60 67 76 -74 / 72 -60 -76 -76 / 55 67 71 74 / 65 -55 -71 -74 / 48 64 67 72 / 60 66 69 74 <END> 
<S> 57 69 72 77 / 59 67 74 -77 / 60 67 76 -74 / 72 -60 -67 -76 / 55 67 72 74 / 71 -55 -67 -74 / 0 / 56 64 71 76 <END> 
<S> 59 67 74 -67 / 60 -67 -67 -74 / 62 66 74 / 62 72 -62 -74 / 55 62 71 79 / 60 64 67 79 / 65 69 72 -60 / 59 67 74 77 / 76 -59 -67 -74 <END> 
<S> 59 62 67 77 / 64 76 -62 -67 / 60 66 69 74 / 55 62 71 74 / 55 64 72 76 / 53 65 -72 -76 / 52 67 72 -58 / 53 57 69 -72 / 55 67 71 74 / 52 67 72 76 / 50 -67 -72 -76 / 65 74 -50 -72 <END> 
<S> 53 57 69 72 / 50 65 71 74 / 52 64 67 76 / 53 65 69 74 / 55 65 71 -74 / 56 64 71 76 / 74 -56 -64 -71 / 57 64 71 72 / 55 -64 -71 -72 / 54 69 72 / 52 -62 -69 / 67 71 -52 -62 / 50 65 69 81 / 52 64 67 71 / 62 -52 -67 -71 <END> 
<S> 57 64 72 / 55 -64 -72 / 54 69 74 -72 / 55 67 71 74 / 69 -55 -67 -74 / 52 67 71 79 / 65 -52 -71 -79 / 57 64 72 79 / 55 65 74 -79 / 53 67 72 76 / 52 -67 -72 -76 / 53 69 72 74 / 50 65 71 -74 / 69 -50 -53 -74 / 55 71 -50 -74 / 56 72 -55 -71 <END> 
<S> 57 65 72 77 / 60 67 76 -77 / 58 72 76 79 / 53 -72 -76 -79 / 55 67 72 76 / 53 69 -72 -76 / 55 67 71 74 / 64 72 -55 -71 / 65 -55 -72 -79 / 67 71 74 -55 / 65 -55 -71 -74 / 48 64 67 72 / 53 60 69 74 <END> 
<S> 55 67 72 74 / 62 -67 -72 -74 / 55 62 71 79 / 64 67 72 79 / 65 74 81 -79 / 59 64 79 79 / 57 64 73 -79 / 50 65 72 77 / 67 70 -50 -77 / 57 69 72 76 / 77 -57 -69 -72 <END> 
<S> 62 69 77 -77 / 73 -62 -69 -77 / 50 69 -62 -77 / 57 67 72 76 / -57 -67 -72 -76 / 69 74 -72 / 50 71 -74 -74 / 72 -50 -68 -74 / 55 67 72 74 / 53 -67 -72 -74 / 52 67 71 74 / 65 69 -71 -74 <END> 
<S> 55 67 71 74 / 53 -67 -71 -74 / 52 67 71 79 / 57 64 72 76 / 59 62 74 79 / 60 64 72 76 / 65 -60 -72 -76 / 58 64 74 79 / 57 65 -72 -79 / 59 67 74 79 / 55 65 -67 -79 <END> 
<S> 60 64 69 79 / 62 -60 -69 -79 / 61 64 69 79 / 69 77 -64 / 62 -69 -77 / 60 72 76 -69 / 55 67 71 74 / 55 59 74 79 / 60 -55 -74 -79 / 59 74 79 -55 / 57 60 66 -74 <END> 
<S> 55 62 71 79 / 64 -55 -71 -79 / 57 65 72 77 / 59 62 -72 -77 / 60 64 -72 -77 / 62 77 -72 / 60 64 67 -72 / 53 65 68 74 / 62 74 -65 / 45 64 69 -74 / 72 -57 -64 -69 / 55 64 67 71 / 53 59 62 -67 <END> 
<S> 65 74 -60 / 59 67 -65 -74 / 60 64 69 72 / 62 -60 -64 -72 / 60 64 67 / 58 -60 -64 -67 / 45 60 65 69 / 47 -60 -65 -69 / 48 60 64 67 / 58 -48 -64 -67 / 53 56 65 72 / 55 67 72 74 / 54 -67 -72 -74 / 55 67 71 74 / 65 -55 -71 -74 <END> 
<S> 53 60 65 69 / 51 -60 -65 -69 / 50 59 65 -69 / 48 60 -65 -70 / 55 59 67 74 / 60 -55 -67 -74 / 65 -55 -60 -74 / 53 59 65 74 / 64 72 -53 -59 / 55 62 71 74 / 57 60 72 76 / 55 64 -72 -76 / 53 65 72 81 / 64 -53 -72 -81 / 58 62 70 79 <END> 
<S> 59 64 67 74 / 62 -59 -67 -74 / 60 67 76 / 64 -60 -67 -76 / 54 62 69 74 / 55 67 71 -74 / 57 64 69 73 / 67 -57 -64 -73 / 50 62 69 77 / 66 -50 -62 -77 / 60 67 76 -62 / 58 60 -67 -76 / 57 74 -60 -69 / 72 -57 -60 -69 / 55 59 67 74 / 62 -55 -59 -74 <END> 
<S> 50 65 69 74 / 71 -50 -65 -74 / 48 67 72 76 / 52 -67 -72 -76 / 53 69 -72 74 / 50 65 -72 -74 / 55 62 71 -74 / 67 -55 -71 -74 / 65 -55 -71 -74 / 48 63 67 72 / 60 64 67 72 <END> 
<S> 69 72 -50 -64 / 55 71 71 74 / 43 -65 -71 -74 / 48 64 67 72 / 48 62 67 -72 / 60 -48 -67 -72 / 55 60 67 74 / 59 -55 -67 -74 / 48 64 67 72 / 60 64 72 76 / 59 -64 -72 -76 <END> 
<S> 48 60 67 72 / 55 59 67 74 / 64 -55 -67 -72 / 71 -55 -67 -74 / 48 67 72 76 / 53 65 74 81 / 72 -53 -65 -81 / 55 65 -72 -72 / 64 -55 -72 -72 / 43 62 65 74 / 67 -43 -74 / 65 -43 -59 -74 / 48 55 64 72 <END> 
<S> 53 69 74 / 71 -53 -57 -74 / 52 67 72 -58 / 53 -67 -72 -76 / 55 67 72 74 / 71 -55 -67 -74 / 67 -55 -71 -74 / 65 69 -55 -74 / 60 64 67 72 / 53 65 69 74 / 55 59 67 74 / 60 -55 -67 -74 / 59 62 67 74 / 64 -59 -67 <END> 
