<S> 48 55 60 64 / 50 -55 -60 -64 / 52 55 60 / 53 62 -55 -60 / 52 60 64 67 / 50 -60 -64 -67 / 52 55 60 67 / 48 -55 -60 -67 / 53 60 69 / 0 / 53 57 60 69 <END> 
<S> 53 60 69 / 0 / 53 60 62 69 / 48 60 64 69 / 50 65 -60 -68 / 52 67 -53 -60 / 53 59 62 -67 / 64 -53 -59 -67 / 50 62 65 69 / 52 60 64 -69 / 53 59 62 -69 / 52 60 64 -69 / 50 53 62 69 <END> 
<S> 52 57 67 72 / 50 -52 -67 -72 / 52 55 71 -67 / 65 -52 -55 -71 / 49 55 64 69 / 50 54 62 -69 / 60 -50 -54 -69 / 43 50 59 67 / 48 52 60 67 / 50 -48 -60 -67 / 52 55 64 72 / 62 -55 -55 -72 / 45 60 -55 -72 / 43 55 62 -60 / 59 -43 -55 -62 / 53 -43 -59 -62 -71 <END> 
<S> 47 50 62 67 / 66 -50 -62 / 52 60 67 / 50 59 65 -67 / 48 55 64 67 / 62 -48 -55 -67 / 45 57 60 66 / 43 55 59 67 / 65 -43 -55 -59 / 48 55 60 64 / 49 57 64 69 / 54 62 -57 -69 / 55 59 62 67 / 52 -55 -59 -67 / 50 57 62 65 / 59 -50 -62 -65 <END> 
<S> 48 55 60 64 / 58 -48 -55 -64 / 41 57 60 69 / 43 -54 59 62 / 44 52 60 67 / 40 55 60 72 / 41 53 -60 -72 / 43 55 59 62 / 41 -55 -59 -62 / 48 55 60 64 / 47 55 62 65 / 48 55 60 64 <END> 
<S> 48 55 62 65 / 47 -55 -62 -65 / 48 55 60 64 / 64 -48 -55 -60 / 55 60 -48 -64 / 41 -55 -60 -64 / 43 55 59 62 / 44 59 -55 -62 / 47 55 62 67 / 48 55 64 69 / 50 54 62 -69 / 60 -50 -54 -69 / 43 55 59 67 / 48 55 60 64 / 41 65 -55 -60 <END> 
<S> 48 52 55 67 / 50 -48 -55 -67 / 40 52 60 67 / 48 62 -52 -67 / 36 60 64 69 / 59 65 67 71 / 52 64 67 72 / 54 62 69 -72 / 55 62 71 -69 / 67 -52 -55 -71 / 54 62 69 69 / 50 71 -62 -69 / 55 62 67 71 / 53 59 62 67 <END> 
<S> 55 62 69 74 / 71 -55 -62 -74 / 68 -55 -62 -74 / 55 62 69 74 / 54 -62 -69 -74 / 55 62 71 79 / 50 -62 -71 -79 / 52 60 67 79 / 72 -52 -60 -67 / 55 59 67 74 / 52 60 67 59 / 48 60 69 76 / 50 -60 -69 -76 / 52 60 67 76 / 50 -60 -67 -76 / 52 60 67 76 / 53 -60 -67 -76 <END> 
<S> 55 59 67 74 / 60 64 76 / 57 60 64 77 / 62 69 -57 -77 / 55 64 71 79 / 62 65 73 81 / 64 72 81 -81 / 62 71 74 -81 / 61 67 76 84 / 57 69 76 -76 / 50 -69 -76 -76 / 69 72 74 77 / 76 67 72 76 / 74 -67 -72 -76 / 55 67 72 74 / 71 -55 -67 -74 / 65 -55 -71 -74 <END> 
<S> 57 64 69 72 / 58 65 74 -72 / 60 67 76 -72 / 58 74 -67 -76 / 57 72 77 47 / 62 70 74 77 / 60 72 76 81 / 58 -72 -76 -81 / 57 69 72 77 / 59 67 74 79 / 60 67 72 76 / 65 69 74 -72 <END> 
<S> 60 67 72 76 / 74 -60 -67 -72 / 61 69 76 79 / 62 -69 -76 -79 / 50 65 74 81 / 71 -50 -65 -79 / 57 64 72 81 / 55 62 74 -72 / 53 69 -62 -74 / 52 67 72 76 / 53 65 72 81 / 55 79 -72 -81 / 57 64 72 -81 <END> 
<S> 52 60 67 79 / 50 -60 -67 -79 / 52 60 72 79 / 58 -52 -72 -79 / 53 60 69 77 / 55 59 67 76 / 57 60 69 77 / 59 -57 -69 -77 / 60 67 76 / 59 62 -67 -76 / 57 60 69 77 / 55 62 71 79 / 72 -55 -62 -79 / 54 62 74 -72 / 50 60 -66 -69 -74 55 67 71 -50 / 43 59 62 74 <END> 
<S> 57 60 69 76 / 59 -57 -69 -76 / 45 60 68 76 / 49 69 77 -76 / 50 57 74 77 / 72 -50 -57 -77 / 55 70 74 -50 / 52 -65 -70 -74 / 53 69 72 -65 / 52 -65 -69 -72 / 50 65 69 -65 / 52 -65 -69 -72 / 53 62 69 74 / 50 65 71 77 <END> 
<S> 53 65 69 72 / 54 60 -69 -72 / 55 62 67 71 / 55 59 62 67 / 53 59 -62 -67 / 52 60 67 72 / 50 65 74 -60 / 52 60 67 72 / 53 69 -60 -72 / 67 -53 -60 -72 / 55 60 67 74 / 59 -55 -68 -74 / 55 60 67 74 / 59 -55 -67 -74 / 48 64 67 72 / 60 64 67 72 <END> 
<S> 52 60 67 72 / 53 -60 -67 -72 / 52 60 67 -67 / 62 -52 -67 -67 / 48 60 64 -67 / 50 65 -60 -67 / 52 55 67 72 / 48 57 65 74 / 53 59 67 -74 / 52 60 67 72 / 50 65 74 -60 / 52 67 -60 / 53 57 69 74 / 55 59 67 -74 / 64 72 -55 -67 / 65 -55 -67 -72 <END> 
<S> 52 60 67 72 / 50 53 -67 -72 / 52 55 67 74 / 48 71 -55 -67 / 50 55 67 72 / 48 -55 -67 -72 / 50 66 69 -55 / 52 64 -55 -69 / 54 62 69 -55 / 55 62 67 -69 / 47 -62 -67 / 43 67 72 -51 -67 / 52 -67 -72 -79 / 50 65 71 74 / 55 62 -71 -74 / 52 67 72 76 / 57 -67 -72 -76 / 55 65 71 74 / 69 -55 -65 -74 <END> 
<S> 50 62 66 71 / 51 60 66 72 / 52 59 67 -72 / 54 69 74 -72 / 50 62 69 -72 / 55 62 67 71 / 55 59 62 67 / 52 60 67 72 / 48 64 -60 -72 / 50 65 72 -60 / 52 58 67 -72 / 53 57 69 72 / 55 59 -69 -72 / 53 60 69 72 / 52 62 -69 -72 / 64 -52 -69 -72 <END> 
<S> 55 62 67 71 / 53 -62 -67 -71 / 52 60 67 72 / 48 -60 -67 -72 / 55 60 67 74 / 59 -55 -67 -74 / 60 67 76 / 62 -60 -67 -76 / 48 64 67 79 / 71 -48 -67 -79 / 50 69 77 -64 / 62 71 -50 -77 / 52 67 76 -62 / 60 -52 -67 -76 <END> 
<S> 48 60 67 76 / 64 -60 -67 -76 / 50 65 74 77 / 76 -50 -65 -68 / 55 67 71 74 / 53 -67 -71 -74 / 52 67 71 74 / 50 65 -67 -74 / 48 64 67 76 / 50 65 -67 -76 / 52 67 72 76 / 53 -67 -72 -76 / 55 67 71 74 / 55 62 71 74 / 60 64 72 76 / 59 -64 -72 -76 / 57 65 72 77 / 59 67 74 79 <END> 
<S> 53 62 69 74 / 50 65 69 -74 / 55 62 67 71 / 43 59 62 67 / 48 64 67 72 / 50 65 69 74 / 71 -50 -65 -74 / 72 -50 -65 -72 / 55 71 74 -72 / 67 71 -55 -74 / 48 64 67 72 / 53 65 69 72 / 52 -65 -69 -72 <END> 
<S> 48 67 76 -62 / 50 69 -67 -76 / 52 67 72 76 / 53 -67 -72 -76 / 55 67 71 74 / 60 67 72 76 / 59 69 74 77 / 57 69 74 -77 / 59 67 -74 -77 / 60 67 76 -74 / 59 67 74 79 / 77 -59 -67 -74 <END> 
<S> 57 69 72 77 / 59 -69 -72 -77 / 60 67 72 76 / 53 69 72 74 / 55 67 71 -74 / 48 67 72 76 / 55 67 71 74 / 53 -67 -71 -74 <END> 
<S> 47 65 74 / / 67 -47 -74 / 48 72 77 -67 / 76 -48 -48 -72 / 50 55 67 71 / 54 62 69 74 / 52 59 67 -74 / 0 / 56 59 -67 -76 <END> 
<S> 47 62 67 71 / 48 64 67 72 / 55 62 67 74 / 71 -55 -62 -67 / 69 -55 -62 / 43 62 67 71 / 55 59 62 67 / 53 -59 -62 -67 / 52 60 64 67 / 50 -60 -64 -67 <END> 
<S> 55 59 62 67 / 52 60 67 70 / 53 65 69 -60 / 59 62 -53 -69 / 52 60 67 76 / 50 77 -60 -67 / 52 59 67 76 / 53 57 74 77 / 59 59 67 -74 / 56 60 -64 76 / 62 71 -57 -76 / 56 64 71 74 / 57 64 69 72 / 59 68 74 -64 / 62 -59 -67 -76 <END> 
<S> 57 60 69 76 / 59 -60 -69 -76 / 60 67 76 / 58 77 -60 -67 / 56 60 72 76 / 55 70 -60 -76 / 53 60 69 77 / 47 -60 -69 -77 / 48 60 67 76 / 55 59 67 74 / 55 59 67 74 <END> 
<S> 50 62 65 77 / 60 76 -50 -65 / 58 74 69 74 / 56 67 71 76 / 77 -56 -67 -71 / 57 72 77 -67 / 59 -57 -72 -77 / 60 67 72 76 / 65 74 77 -60 / 55 64 71 -77 / 62 65 69 77 / 60 64 67 -77 / 58 62 65 74 / 53 60 72 77 / 76 -53 -60 -72 <END> 
<S> 60 67 72 76 / 48 -60 -67 -72 / 55 67 71 74 / 60 66 74 -55 / 59 -55 -66 -74 / 48 64 67 72 / 53 62 71 74 / 48 60 72 76 / 50 74 77 -60 / 52 67 72 76 / 53 69 74 77 / 55 67 -74 -77 / 57 69 73 -76 / 50 -69 -69 -76 <END> 
<S> 55 67 74 -72 / 71 -55 -67 -74 / 56 72 -67 / 60 65 -56 -72 / 55 62 67 72 / 55 62 67 71 / 53 -62 -67 -71 / 51 60 67 72 / 48 -60 -67 -72 / 55 67 74 -60 / 59 -55 -67 -74 / 56 60 63 72 / 65 -56 -60 -72 / 50 62 65 70 / 63 -50 -65 -70 / 65 69 -60 -65 / 59 67 -65 -74 <END> 
<S> 55 67 74 -60 / 59 -55 -67 -74 / 57 -55 -67 -74 / 43 59 67 74 / 55 59 67 74 / 53 -67 -59 -74 / 51 60 67 79 / 58 62 65 -79 / 56 60 63 72 / 55 58 -63 -72 / 53 68 74 77 / 51 67 72 75 / 58 -67 -72 -75 / 56 65 72 75 <END> 
<S> 56 60 68 77 / 55 62 71 -77 / 60 63 72 79 / 53 60 68 77 / 71 -53 -60 -77 / 51 67 72 75 / 53 -67 -72 -75 / 55 67 71 74 / 51 60 67 79 / 62 -52 -67 -79 / 60 63 72 79 / 58 -63 -72 -79 <END> 
<S> 47 62 74 79 / 55 -47 -74 -79 / 55 62 71 77 / 67 -55 -71 -74 / 65 67 72 / 60 -67 -72 / 62 65 70 -72 / 63 -62 -70 / 68 58 65 70 / 46 61 -65 -70 / 48 60 63 67 / 58 62 -48 -67 / 53 56 60 65 / 55 59 62 67 / 55 59 62 67 <END> 
<S> 58 62 65 -70 / 56 60 -65 -70 / 55 58 62 70 / 53 68 -58 -62 / 51 55 63 70 / 50 -55 -63 -70 / 48 63 67 72 / 46 62 -67 -72 / 45 60 65 75 / 47 62 67 74 / 65 -47 -62 -74 / 48 55 63 72 / 53 60 63 67 / 51 58 63 67 / 56 68 -63 72 <END> 
<S> 53 60 68 -67 / 55 59 67 -53 / 53 56 60 -67 / 52 60 67 / 53 60 65 68 / 51 60 67 -65 / 41 56 60 65 / 58 <END> 
<S> 53 60 68 / 55 60 67 / 56 59 65 / 57 60 63 / 55 59 -60 -63 / 53 57 60 65 / 59 62 -53 -65 / 48 60 63 -53 / 53 57 60 63 <END> 
<S> 55 60 65 / 53 56 -60 -65 / 59 62 -53 -65 / 48 60 67 -65 / 63 -48 -60 -67 / 0 / 56 60 65 75 / 53 -60 -65 -75 / 51 60 67 58 / 53 -51 -67 -70 / 55 63 67 70 / 57 65 -63 -70 <END> 
<S> 55 60 63 75 / 53 -60 -63 -67 / 55 58 63 68 / 48 60 -63 -67 / 50 58 65 70 / 46 62 -58 -70 / 51 58 63 67 / 62 -51 -58 -67 / 56 60 63 / 55 58 65 -63 / 53 56 62 68 / 55 58 67 70 / 56 60 -67 -70 <END> 
<S> 63 67 -46 -60 / 58 62 -43 -67 / 56 60 63 / 57 55 -60 -63 / 53 62 68 -60 / 59 -53 -62 -68 / 53 60 67 / / 52 -60 -67 / 43 53 60 69 / 59 -43 -53 -69 / 51 60 67 / / 53 -60 -67 -72 / 55 62 67 71 / 43 59 62 67 / 48 60 63 67 / 68 -48 -60 -63 <END> 
<S> 50 53 62 71 / 48 55 -62 -71 / 50 55 60 69 / 54 62 -60 -69 / 43 58 62 67 / 48 60 63 67 / 46 -60 -63 -67 / 45 58 65 -63 / 63 -45 -60 -65 / 47 62 67 / 55 -47 -62 -67 / 48 55 63 -67 / 72 -48 -55 -63 / 50 57 65 / 70 -50 -57 -65 <END> 
<S> 48 55 60 64 / 46 -55 -60 -63 / 44 56 60 65 / 43 59 62 -65 / 48 60 63 67 / 58 62 65 -48 / 56 60 63 / 55 -56 -60 -63 / 55 59 62 / 53 -55 -59 -62 / 51 55 60 63 / 53 -55 -60 -63 / 55 59 62 / 43 55 59 62 / 53 -43 -59 -62 <END> 
<S> 56 60 63 65 / 59 -56 -63 -65 / 60 56 62 65 / 53 -60 -62 -65 / 55 62 67 -60 / 53 60 68 -67 / 65 -53 -60 -68 / 46 67 -60 -65 / 62 65 -46 -56 / 55 60 63 67 / 59 62 65 -55 <END> 
<S> 63 67 -58 -63 / 62 65 -55 -63 / 60 62 63 67 / 58 62 65 / 56 60 63 72 / 55 58 67 75 / 53 60 68 74 / 65 -53 -60 -74 / 59 62 67 74 / 65 -59 -62 -74 / 48 60 63 72 / 50 -60 66 51 <END> 
<S> 56 60 63 72 / 65 74 -56 -60 / 55 58 67 75 / 57 60 65 77 / 59 68 74 -77 / 60 67 72 75 / 65 74 -60 -72 / 58 67 74 / 57 -67 -74 / 58 65 70 / 55 62 -70 / 55 62 70 -55 / 57 60 63 72 / 59 62 67 -72 <END> 
<S> 59 67 74 79 / 60 75 -67 -79 / 58 62 65 77 / 56 60 75 / 55 58 70 77 / 53 68 -58 -77 / 51 63 67 79 / 50 65 69 77 / 71 -50 -65 -77 / 48 67 72 75 / 74 -48 -67 -75 <END> 
<S> 58 62 65 74 / 67 -58 -62 -74 / 60 63 68 75 / 72 -60 -63 -75 / 55 65 74 -72 / 71 -55 -65 -74 / 48 67 72 75 / 60 68 72 75 / 62 65 71 74 / 67 72 75 / 65 68 74 77 <END> 
<S> 56 60 68 77 / 55 62 -68 -77 / 60 63 67 79 / 59 62 -67 -75 / 60 67 74 / / 59 68 74 / 55 59 67 74 / 48 55 67 72 <END> 
<S> 55 67 70 75 / 53 -67 -70 -75 / 51 65 70 77 / 50 -65 -70 -77 / 51 63 70 79 / 72 -51 -63 -79 / 53 68 74 77 / 47 67 -74 -77 / 48 67 72 75 / 66 -48 -72 -75 <END> 
<S> 58 62 65 77 / 56 60 75 -65 / 55 58 70 77 / 53 68 73 -77 / 51 67 70 75 / 50 65 70 77 / 51 67 70 -77 / 53 60 -70 -77 / 55 59 -70 -77 / 56 55 71 75 / 56 72 75 / 58 74 -67 -72 / 63 67 70 / 65 65 -70 -74 <END> 
<S> 53 68 77 -63 / 55 62 -68 -77 / 56 60 -68 -77 / 59 62 68 -77 / 60 67 75 / 58 -60 -67 -75 / 53 57 65 74 / 72 -53 -60 -65 / 55 59 67 74 / 60 -55 -67 -74 / 48 60 67 75 / 64 -60 -67 -75 / 56 60 68 75 / 55 -60 -68 -75 / 53 60 68 77 / 55 -68 -68 -77 / 56 60 68 72 / 65 74 -56 -60 / 55 59 67 75 / 53 -59 -67 -75 <END> 
<S> 56 60 67 72 / 65 -56 -60 -72 / 55 62 67 71 / 55 62 67 71 / 60 63 67 72 / 62 74 -67 / 60 75 -67 / 58 65 74 77 / 56 72 75 / 55 65 74 -72 / 67 -55 -72 -77 / 48 67 72 75 / 50 65 74 -72 / 51 67 72 -65 / 53 -67 -72 <END> 
<S> 60 65 74 77 / 72 -60 -65 -77 / 55 71 74 -65 / 63 -55 -71 -74 / 56 65 72 / 55 64 -72 / 53 57 74 -72 / 55 71 -60 -74 / 54 60 69 75 / 43 -60 -69 -74 / 55 62 67 71 / 53 60 65 68 / 62 -53 -65 -68 / 55 63 67 70 / 65 -55 -67 -70 / 56 60 67 75 / 62 74 -56 -67 / 50 63 67 72 / 65 74 -50 -72 / 67 72 -51 -72 / 50 74 -72 -67 / 55 65 72 -72 / 71 -55 -72 -75 / -55 -71 -72 <END> 
<S> 48 63 67 72 / 55 62 67 74 / 60 -55 -67 -74 / 55 67 74 -60 / 59 -55 -67 -74 / 48 63 67 75 / 60 67 72 75 / 55 67 71 74 / 53 -67 -71 -74 / 51 67 72 75 / 53 -67 -72 -75 / 55 67 71 74 / 65 -55 -71 -74 / 56 63 72 / 70 -56 -63 -72 <END> 
<S> 48 67 72 75 / 70 -67 -72 -75 / 56 65 71 74 / 55 67 -65 -71 / 48 63 67 72 / 53 57 65 72 / 46 58 65 74 / 56 -46 -65 -74 / 55 58 64 70 / 53 60 65 -70 / 68 -53 -60 -65 / 59 62 65 -53 / 52 60 67 -65 / 53 65 -60 -72 <END> 
<S> 56 63 65 72 / 55 -56 -63 -72 / 53 56 68 72 / 51 58 67 75 / 65 -51 -58 -75 / 56 60 72 / 55 70 -60 -63 / 53 60 65 68 / 58 67 -60 -68 / 57 60 68 -65 / 56 59 65 68 / 55 59 -65 -68 <END> 
<S> 56 60 65 68 / 53 -60 -65 -68 / 60 67 -65 / 64 -60 -67 / 58 60 65 68 / 56 60 65 -68 / 60 64 67 / 59 -60 -64 -67 / 41 60 65 68 / 46 58 65 68 <END> 
<S> 48 60 63 -67 / 58 62 -48 -67 / 53 57 60 69 / 51 55 72 -69 / 50 62 65 -72 / 51 58 67 75 / 53 -58 -67 -75 / 55 58 65 74 / 63 72 -55 -74 / 43 65 74 -72 / 67 -47 -74 -74 / 48 67 72 75 <END> 
<S> 56 60 67 72 / 65 68 -60 -72 / 55 62 67 71 / 53 59 62 67 / 51 60 67 -67 / 53 65 -60 -67 / 59 62 -53 -65 / 57 60 63 -53 / 50 62 65 / 51 58 63 67 / 50 -58 -63 -67 <END> 
<S> 55 60 62 -65 / 60 64 -53 -60 / 58 62 -53 -60 / 55 58 62 / 53 56 -58 -62 / 55 58 62 / 61 -55 -58 / 53 60 62 / 55 58 63 -53 / 56 -53 -60 -63 / 55 58 62 / 53 56 60 65 / 58 62 65 / 56 60 63 -65 / 55 62 65 70 / 63 67 -55 -70 <END> 
<S> 55 58 63 / 60 -55 -63 / 58 56 62 65 / 53 57 60 69 / 55 62 -60 -69 / 53 59 62 67 / 51 60 63 -67 / 56 65 63 72 / 62 -56 -65 -72 / 55 63 67 72 / 53 65 68 74 / 55 63 67 70 / 65 -55 -70 -75 / 51 58 67 75 / 74 -58 -51 -67 <END> 
<S> 56 60 63 72 / 62 65 -56 -72 / 55 63 67 72 / 53 65 68 74 / 55 59 67 74 / 65 -55 -59 -74 / 56 60 63 72 / 55 58 -63 -72 / 53 56 65 74 / 50 58 -65 -74 / 56 60 65 72 / 55 74 -60 -72 / 67 72 -60 -72 <END> 
<S> 56 60 63 72 / 55 58 -63 -72 / 54 57 63 72 / 62 -54 -57 -72 / 55 62 71 / 54 63 69 72 / 63 67 70 / 62 66 69 -51 / 50 70 -69 / 63 -45 -69 -70 / 50 65 68 74 / 62 65 -53 -68 / 60 63 67 70 / 62 65 -67 <END> 
<S> 52 68 70 -69 / 50 66 69 -77 / 51 67 70 79 / 58 -67 -70 -79 / 60 63 69 81 / 62 -60 -69 -75 / 58 65 70 75 / 63 -58 -70 -75 / 57 65 72 77 / 55 -65 -72 -77 / 60 65 72 80 / 74 -60 -68 -80 / 58 70 75 79 / 56 -58 -70 -79 <END> 
<S> 58 65 70 74 / 60 -65 -74 -74 / 58 65 73 56 / 64 72 48 55 62 70 79 / 56 63 72 77 / 58 70 74 -77 / 68 -58 -74 -77 / 51 67 70 75 / 58 65 70 74 / 56 -65 -70 -74 / 55 67 70 75 / 53 -67 -70 -75 <END> 
<S> 51 67 70 75 / 53 68 72 77 / 74 -53 -68 -77 / 51 70 79 / 55 63 -70 -79 / 69 -55 -63 -79 / 62 65 70 77 / 70 -62 -65 -77 / 63 70 79 -65 / 63 -63 -70 -79 / 62 65 70 77 / 59 62 74 77 <END> 
<S> 58 63 70 79 / 62 -58 -70 -79 / 60 63 79 80 / 58 -63 -79 -79 / 56 63 72 77 / 53 -63 -72 -77 / 58 62 70 77 / 51 67 70 75 / 50 70 77 77 / 62 68 77 <END> 
<S> 63 68 72 77 / 62 65 -68 -77 / 60 63 67 75 / 58 62 -67 -75 / 56 60 72 77 / 55 70 -60 -77 / 53 60 68 77 / 76 -53 -68 -77 / 55 67 71 74 / 43 65 71 74 / 48 63 72 75 / 55 67 71 74 <END> 
