<S> 48 60 67 76 / 62 -48 -67 -76 / 60 64 67 74 / 72 -60 -64 -67 / 62 67 74 -60 / 59 -62 -67 -74 / 57 62 71 79 / 55 -62 -71 -79 / 60 64 67 76 / 62 65 -67 -76 / 64 67 72 / 60 69 -67 -72 / 55 67 71 74 <END> 
<S> 60 64 67 76 / 62 65 -67 -76 / 64 67 72 / 60 69 -67 -72 / 55 67 71 74 / 65 -55 -71 -74 / 48 64 67 72 / 55 62 67 71 / 48 60 64 67 / 59 -48 -64 -67 / 50 57 66 -64 / 59 62 -57 -64 <END> 
<S> 48 64 67 72 / 55 71 -67 / 60 67 72 / 59 62 67 / 60 64 69 -67 / 62 65 69 / 63 -62 -65 -69 / 58 62 67 70 / 57 60 69 77 / 59 62 67 -77 <END> 
<S> 46 62 65 70 / 67 -46 -62 -70 / 48 60 69 -67 / 50 59 65 -69 / 52 60 67 / 58 62 -52 -67 / 53 57 60 69 / 52 55 67 71 / 50 60 65 69 / 48 64 -60 -69 / 50 53 59 -69 / 48 52 55 60 / 47 55 62 -52 <END> 
<S> 53 60 69 / 57 -53 -60 -69 / 55 59 67 74 / 48 60 67 76 / 58 -48 -64 -67 / 49 57 65 72 / 50 53 58 74 / 57 -50 -65 -74 / 52 55 64 71 / 62 -52 -55 -71 / 53 57 60 69 / 62 -53 -57 -69 / 45 57 64 65 / 59 -38 -57 -64 <END> 
<S> 50 57 65 71 / 52 55 -57 -71 / 50 57 66 -55 / 55 59 -50 -66 / 48 55 59 64 / 52 -55 -59 -62 / 50 55 60 64 / 48 -55 -60 -64 / 47 62 65 -55 / 43 50 59 -65 / 48 52 55 64 / 41 53 60 62 / 40 52 60 67 / 38 53 -60 -67 <END> 
<S> 48 52 55 60 / 50 -52 -55 -60 / 40 55 60 64 / 41 -55 -60 -64 / 43 55 59 62 / 53 -43 -59 -62 / 36 52 55 60 / 48 52 60 67 / 47 62 -52 -67 / 45 52 60 72 / 48 -45 -60 -72 / 47 55 62 71 / 48 55 64 69 / 50 -55 -64 -69 <END> 
<S> 41 48 60 67 / 52 -41 -60 -67 / 43 55 60 -67 / 59 -43 -55 -67 / 65 -43 -55 -59 / 45 48 60 64 / 46 52 58 67 / 45 73 -52 -67 / 50 53 -45 -67 / 41 48 57 65 / 47 55 62 67 / 64 -47 -55 / 38 50 65 74 / 55 59 -50 -65 / 48 55 60 64 / 59 -48 -55 -64 / 42 57 62 -48 / 43 55 59 62 / 67 -43 -55 -59 <END> 
<S> 47 50 62 67 / 45 60 -50 -67 / 47 55 62 65 / 43 -55 -59 -62 / 48 55 60 64 / 55 59 62 / 54 -55 -59 -62 / 52 55 59 67 / 50 55 60 69 / 54 59 62 -69 / 60 -54 -54 -69 / 55 59 62 67 / 48 60 64 67 / 50 62 -60 -67 / 52 55 60 67 / 53 60 -55 -67 <END> 
<S> 47 55 62 67 / 48 55 64 69 / 50 62 71 -69 / 38 72 -64 -69 / 59 -45 -69 -69 / 52 60 67 69 / 50 62 -67 -72 / 48 64 67 -72 / 50 65 -67 -72 / 52 64 67 72 / 62 -52 -67 -72 / 54 60 69 74 / 72 -60 -66 -69 -74 55 62 67 71 / 55 59 62 67 <END> 
<S> 52 64 67 72 / 50 -64 -67 -72 / 48 65 67 74 / 47 -65 -67 -74 / 48 62 67 76 / 60 -48 -67 -76 / 55 60 67 74 / 59 -55 -67 -74 / 48 64 67 72 / 55 67 71 74 <END> 
<S> 48 60 67 76 / 58 74 -67 -76 / 57 65 72 77 / 55 67 74 79 / 55 70 76 -74 / 53 69 73 76 / 52 67 72 79 / 70 -52 -67 -79 / 53 65 69 81 / 65 -53 -69 -81 / 46 65 74 79 / 58 64 73 -79 <END> 
<S> 53 69 72 77 / 60 67 72 76 / 69 -60 -72 -76 / 70 -67 -72 -76 / 53 69 72 77 / 60 67 72 76 / 55 -67 -72 -76 / 57 60 -72 -76 / 55 67 71 74 / 53 -67 -71 -74 / 52 67 72 / 70 -52 -67 -72 <END> 
<S> 55 67 72 74 / 62 71 -55 -74 / 64 69 72 -55 / 65 71 74 -55 / 57 64 69 72 / 57 64 69 72 / 50 65 71 74 / 52 64 71 72 / 48 64 69 -72 / 50 62 66 -72 / 69 -50 -62 -72 / 55 62 71 -69 / 64 67 -55 -71 <END> 
<S> 62 65 69 / 64 67 71 / 62 65 -67 -71 / 60 64 67 72 / 62 -60 -67 -72 / 55 60 67 74 / 59 -55 -67 -74 / 60 67 76 / 53 69 77 -60 / 55 67 71 74 / 52 -67 -74 / 60 67 72 76 / 59 -67 -72 -76 / 57 69 72 77 / 55 67 71 -77 <END> 
<S> 55 62 67 71 / 43 59 62 67 / 55 59 62 67 / 53 -59 -62 -67 / 52 60 67 72 / 53 69 -60 -72 / 52 65 71 74 / 50 -65 -71 -74 / 48 67 72 76 / 65 71 74 -48 / 60 67 72 76 / 53 69 74 77 <END> 
<S> 52 60 67 72 / 53 69 -60 -72 / 52 65 71 74 / 50 -65 -71 -74 / 48 67 72 76 / 60 -67 -72 -76 / 69 74 77 -60 / 59 67 -74 -77 / 60 67 76 -74 / 72 -60 -67 -76 / 55 67 71 74 / 53 -67 -71 -74 / 52 67 72 / 57 69 77 -72 <END> 
<S> 60 67 76 / 59 -60 -67 -76 / 57 60 65 77 / 55 67 76 -60 / 53 60 69 74 / 55 59 67 -74 / 72 -55 -60 -67 / 72 -55 -60 -67 / 55 59 67 74 / 52 60 67 79 / 48 60 64 67 <END> 
<S> 55 67 76 -60 / 59 -55 -67 -76 / 57 66 72 74 / 59 67 74 / 55 67 70 -74 / 54 69 73 55 / 50 -69 -72 -76 / 52 67 72 -76 / 53 69 -67 -72 / 55 67 71 74 / 65 -55 -71 -74 / 48 64 67 72 / 55 62 67 71 / 69 -55 -62 -67 <END> 
<S> 53 69 72 74 / 50 -69 -72 -74 / 55 71 74 -74 / 72 -55 -71 -74 / 65 71 -55 -74 / 48 64 67 72 / 60 64 67 72 / 59 -64 -67 -72 / 54 69 72 -64 / 62 -54 -69 -72 / 55 62 71 -69 / 64 67 -55 -71 / 65 -55 -67 -71 / 48 64 67 72 / 62 65 71 74 / 52 60 67 72 / 69 -52 -60 <END> 
<S> 55 64 69 72 / 53 -64 -69 -72 / 60 62 67 -69 / 59 -62 -67 -74 / 64 67 73 / 50 62 66 74 / 55 59 67 74 / 48 60 67 76 / 52 60 67 72 / 53 69 74 -60 / 62 -53 -69 -74 / 55 67 71 -74 / 65 -55 -71 -74 / 48 64 67 72 / 60 64 67 72 <END> 
<S> 52 60 67 72 / 53 69 -60 -72 / 52 65 71 74 / 50 -65 -71 -74 / 48 67 72 76 / 65 71 74 -48 / 60 67 72 76 / 53 69 74 77 / 55 67 71 74 / 65 -55 -71 -74 / 48 64 67 72 / 60 66 69 74 <END> 
<S> 53 69 74 / 71 -53 -74 / 51 67 72 -74 / 55 -67 -72 -74 / 67 71 74 -55 / 65 -55 -71 -74 / 57 64 72 -71 / 69 -57 -64 -72 / 52 64 71 -69 / 68 -52 -64 -71 / 45 64 69 72 / 47 -64 -69 -72 / 48 64 69 72 / 50 -64 -69 -72 / 52 55 64 71 / 54 -52 -64 -71 <END> 
<S> 45 64 69 72 / 47 68 -64 -72 / 48 64 69 72 / 50 -64 -69 -72 / 52 64 71 -69 / 62 67 -52 -71 / 53 60 67 69 / 52 -60 -67 -69 / 50 65 69 74 / 71 -50 -65 -74 / 48 67 72 76 / 60 -67 -72 -76 / 55 67 74 -72 / 71 -55 -67 -74 / 69 -55 -67 -74 / 62 67 71 74 / 66 -62 -71 -74 <END> 
<S> 53 60 69 74 / 50 -60 -69 -74 / 52 59 67 76 / 61 74 -52 -67 / 50 57 67 72 / 55 65 -72 / 64 -55 -72 / 64 69 -55 -72 / 54 62 69 74 / 55 62 67 70 / 59 -55 -62 -67 / 50 60 65 69 / 52 -60 -65 -69 / 53 60 69 -65 / 59 62 67 -53 / 52 60 64 67 / 59 -52 -60 -67 <END> 
<S> 55 62 71 -69 / 67 72 -55 -71 / 50 62 69 -67 / 66 -50 -62 -69 / 55 59 62 67 / 55 59 67 / 53 57 65 69 / 52 62 65 71 / 50 -62 -65 -71 / 52 60 67 72 / 54 57 69 -72 / 55 62 69 70 / 74 -55 -62 -70 / 69 -55 -62 -74 / 50 67 71 -55 <END> 
<S> 50 62 65 69 / 60 -50 -65 -69 / 55 59 62 67 / 52 60 67 72 / 54 69 74 -60 / 55 62 67 71 / 69 -55 -62 / 65 -55 -62 -71 / 52 60 67 72 / 50 62 69 -72 / 48 64 67 72 / 50 -64 -67 -72 / 52 62 67 71 / 47 -62 -67 -71 / 48 64 67 72 / 62 69 -67 -72 / 64 67 71 79 / 69 -64 -67 -79 / 59 67 74 79 / 60 76 -67 <END> 
<S> 52 64 67 72 / 62 -52 -67 -72 / 54 62 69 -72 / 55 62 71 -69 / 67 -55 -62 -71 / 50 62 66 69 / 51 59 66 71 / 52 59 64 67 / 54 -59 -64 -67 / 55 59 64 67 / 72 -59 -64 -67 / 59 62 67 74 / 60 67 76 / 62 -60 -67 -76 / 60 64 67 71 / 69 -60 -67 -76 / 62 67 71 77 / 59 -62 -67 -77 <END> 
<S> 57 64 67 72 / 62 66 -72 / 55 62 67 71 / 50 62 67 69 / 55 -50 -67 -69 / 52 62 67 -69 / 66 -52 -60 -69 / 59 62 67 -69 / 60 64 67 / 62 65 69 74 / 64 67 70 76 / 65 77 81 -67 / 67 74 79 -81 / 76 79 77 -64 / 62 65 74 77 <END> 
<S> 57 64 69 72 / 55 67 71 74 / 60 67 72 76 / 65 74 -60 -72 / 64 72 -60 -72 / 59 62 -72 -72 / 57 60 72 77 / 59 62 74 -77 / 60 64 67 76 / 65 69 -60 -76 / 55 67 71 74 / 53 -67 -71 -74 / 52 67 72 / 70 -52 -67 -72 <END> 
<S> 60 64 69 72 / 54 -60 -64 -69 / 55 62 67 71 / 50 59 65 -67 / 57 60 64 -50 / 59 62 67 / 60 -59 -62 -67 / 59 62 67 / 55 62 67 71 / 52 62 67 71 / 50 -62 -67 -71 / 48 62 67 71 / 47 62 -67 -71 / 48 60 64 69 / 48 60 64 67 / 52 60 67 72 <END> 
<S> 59 62 67 / 60 64 -67 / 59 62 66 69 / 60 -62 -66 -69 / 59 62 67 71 / 57 60 66 72 / 59 62 67 74 / 60 67 76 / 59 -60 -67 -76 / 57 60 65 77 / 55 67 76 -60 / 53 60 69 74 / 55 59 67 -74 / 64 72 -55 -60 / 43 74 -55 -60 -67 / 59 -43 67 74 / 48 60 67 76 / 47 62 65 77 <END> 
<S> 60 67 76 / 55 -60 -67 -76 / 57 60 67 77 / 69 -57 -60 -77 / 59 62 67 74 / 58 -62 -67 -74 / 60 67 76 / 62 77 -67 / 64 76 -67 / 57 65 69 74 / 74 -57 -65 -69 / 59 71 74 79 / 64 71 74 -79 / 65 74 81 -81 / 59 67 74 -81 / 60 76 81 -67 / 62 71 77 -76 <END> 
<S> 59 67 76 / 77 -59 -67 -72 / 59 67 74 79 / 71 77 -67 / 55 67 72 76 / 71 -55 -67 -76 / 66 69 72 -76 / 55 71 74 79 / 67 -55 -71 -74 / 54 69 73 76 / 52 67 72 -76 / 53 -67 -72 -76 / 55 67 71 -72 / 65 -55 -67 -72 <END> 
<S> 60 67 72 76 / 62 -67 -72 -76 / 55 67 71 74 / 60 67 76 -74 / 62 69 77 78 / 64 71 79 79 / 65 71 72 81 / 67 74 81 / 65 74 81 / 64 71 -74 -81 / 73 -64 76 81 / 57 74 -76 -81 / 59 68 74 76 / 57 64 72 76 <END> 
<S> 59 65 74 79 / 60 64 72 79 / 62 65 -72 -79 / 64 67 72 79 / 60 64 -72 -79 / 65 72 81 / 64 -65 -72 -81 / 59 62 74 79 / 67 77 -59 -74 / 60 67 76 -74 / 72 76 -60 -67 / 70 -60 -67 -76 <END> 
<S> 60 64 72 79 / 62 65 -72 -79 / 64 67 71 79 / 62 65 -71 -79 / 60 64 72 79 / 62 65 77 -72 / 60 67 76 79 / 60 -60 -67 -79 / 62 67 71 -79 / 77 -62 -67 -71 / 62 67 71 79 / 50 60 -67 -79 <END> 
<S> 64 71 79 / 62 -64 -71 -79 / 60 64 69 79 / 62 71 77 / 52 67 72 76 / 53 -67 -72 -76 / 55 67 71 74 / 56 65 71 -74 / 57 64 72 / 55 -64 -72 / 54 57 62 74 / 55 59 67 -74 / 60 64 -55 -74 / 72 -60 -64 <END> 
<S> 57 64 71 72 / 55 -64 -71 -72 / 54 62 69 72 / 60 -54 -69 -72 / 55 62 71 -69 / 64 -55 -71 -74 / 50 66 69 74 / 52 -66 -69 -74 / 54 62 71 -69 / 55 -62 -70 -74 / 52 62 67 71 / 50 -62 -67 -71 / 52 60 67 72 / 54 69 -60 -72 / 55 67 70 74 / 50 65 69 -74 / 48 66 72 -69 / 55 62 67 71 <END> 
<S> 55 62 70 -69 / 67 -55 -62 -70 / 50 60 69 -67 / 66 -50 -60 -69 / 43 59 67 / 47 62 67 74 / 48 60 67 76 / 59 -48 -67 -76 / 50 57 66 74 / 52 55 64 72 / 53 56 62 -72 / 59 -53 -56 -72 / 44 -53 60 -72 / 43 55 60 72 / 59 -43 -55 -60 / 36 52 55 60 / 36 52 -55 -60 / 41 55 62 -60 / 38 -55 -60 -62 <END> 
<S> 43 55 60 62 / 59 -43 -55 -62 / 48 55 60 64 / 47 55 62 67 / 48 55 60 64 / 50 65 -55 -60 / 52 55 60 67 / 50 -55 -60 -67 / 48 55 62 65 / 47 -55 -62 -65 / 48 55 60 64 / 48 55 60 64 / 47 62 -55 -64 <END> 
<S> 48 52 55 64 / 50 53 55 62 / 52 55 60 64 / 53 -55 -60 -64 / 55 59 62 / 53 -55 -59 -62 / 52 55 60 64 / 48 -55 -60 -64 / 53 55 60 62 / 52 -55 -60 -62 / 53 59 -43 -62 / 48 52 55 60 / 48 60 64 67 <END> 
<S> 55 62 -60 -48 / 50 -55 -62 -65 / 43 55 59 62 / 53 -43 -59 -62 / 36 52 55 60 / 48 52 60 67 / 47 55 62 67 / 45 55 64 69 / 54 -45 -64 -69 / 40 56 64 71 / 62 -40 -56 -71 / 45 57 64 69 / 62 65 71 -57 64 <END> 
<S> 47 55 62 67 / 48 64 -55 -67 / 50 62 66 69 / 60 -50 -66 -69 / 43 59 62 67 / 55 59 62 67 / 53 57 -62 -67 / 52 55 64 72 / 50 55 -64 -72 / 48 55 64 72 / 50 62 65 71 / 52 60 67 72 / 59 62 74 -67 / 52 67 76 -74 / 72 -52 -67 -76 / 53 69 74 77 / 76 -53 -69 -74 <END> 
<S> 52 55 67 72 / 50 -55 -67 -72 / 48 62 66 74 / 43 59 67 74 / 45 59 67 76 / 57 60 64 72 / 59 62 74 -72 / 60 64 69 72 / 62 66 -69 -72 / 60 67 72 76 / 59 -67 -72 -76 / 57 69 72 77 / 55 62 71 79 / 77 -55 -62 -71 <END> 
<S> 57 60 72 76 / 59 -57 -72 -76 / 57 64 71 76 / 62 77 -57 -76 / 60 67 76 / 59 74 -67 / 57 72 -67 -74 / 55 59 71 74 / 65 -55 -59 -74 / 48 64 67 72 / 55 62 71 74 / 48 64 67 72 / 65 74 -48 -67 <END> 
<S> 48 60 64 72 / 55 59 67 74 / 60 67 76 / 59 67 74 / 77 -59 -67 -74 / 60 67 76 / 55 59 74 -67 / 53 60 69 / 52 59 62 -69 / 50 57 62 69 <END> 
<S> 59 67 74 / 65 -59 -67 -74 / 60 64 67 76 / 60 69 -67 -76 / 62 65 71 -76 / 64 -62 -71 -81 / 62 65 71 77 / 69 -62 -77 / 60 67 76 / 59 -60 -67 -76 / 57 60 69 77 / 55 76 -69 -77 / 53 74 -69 / 50 -69 -74 -77 / 47 62 67 79 / 43 -62 -67 -79 / 48 62 72 -67 / 71 -48 -62 <END> 
<S> 62 69 77 / 60 -62 -69 -77 / 59 62 67 -77 / 60 77 81 -67 / 61 67 79 69 / 62 69 78 / 50 65 71 -78 / 52 67 72 76 / 53 -67 -72 -76 / 55 67 71 74 / 55 67 71 74 <END> 
<S> 50 65 72 77 / 71 -50 -65 -77 / 52 67 72 76 / 53 -67 -72 -76 / 55 67 74 -72 / 71 -55 -67 -74 / 57 69 72 77 / 59 -69 -72 -77 / 60 67 72 76 / 53 69 72 74 / 55 67 71 -74 / 65 -55 -71 -74 <END> 
<S> 57 69 72 77 / 59 -69 -72 -77 / 60 67 72 76 / 55 67 71 74 / 57 65 72 81 / 65 74 -57 / 64 -50 -67 -74 / 65 69 74 -81 / 67 71 -74 -76 / 64 67 72 76 <END> 
<S> 57 69 72 77 / 59 -69 -72 -77 / 60 67 72 76 / 53 -67 -72 -76 / 55 67 71 74 / 72 -55 -67 -76 / 52 67 71 -76 / 50 65 69 72 / 52 67 71 79 / 50 60 69 77 / 71 -50 -60 -77 <END> 
<S> 52 67 72 / 50 62 67 74 / 48 60 67 76 / 50 65 -60 -76 / 52 67 -60 -76 / 53 69 -60 -76 / 55 59 67 74 / 56 64 71 -74 / 62 69 -56 -72 / 55 62 71 -69 / 64 67 -55 -71 / 50 65 69 -67 / 66 -50 -69 / 60 -50 -69 -66 / 43 59 67 <END> 
<S> 59 62 74 -67 / 60 64 69 76 / 62 66 -69 -76 / 43 67 71 74 / 60 67 72 76 / 59 67 74 79 / 57 65 72 77 / 59 62 74 -77 / 60 64 72 76 / 65 72 -60 -76 / 55 67 74 -72 / 69 -55 -67 -74 / 43 71 -67 -74 / 62 65 -43 -74 <END> 
<S> 65 74 81 / 62 -65 -74 -81 / 55 62 71 79 / 64 -55 -71 -79 / 65 -55 -71 -79 / 57 64 72 77 / 62 74 77 -57 / 43 76 -62 -74 / 60 69 77 -57 / 61 67 69 -77 / 52 68 72 79 / 70 -52 -72 -79 / 53 69 72 77 / 67 -53 -72 -77 / 69 76 -72 -53 / 77 -53 -69 -72 <END> 
<S> 62 69 77 -77 / 57 73 76 -77 / 67 72 76 / 77 -57 -72 / 52 70 72 79 / 53 65 72 81 / 55 64 71 79 / 57 64 72 77 / 53 69 74 -72 / 55 67 71 74 / 65 -55 -71 -74 <END> 
<S> 57 60 72 77 / 59 62 -72 -77 / 60 64 72 76 / 67 -60 -64 -76 / 53 65 69 74 / 71 -53 -65 -74 / 48 67 72 76 / 60 67 72 76 / 59 -67 -72 -76 / 57 69 72 77 / 59 -69 -72 -77 / 60 67 72 76 / 55 -60 -67 -72 <END> 
<S> 60 67 72 76 / 59 -67 -72 -76 / 57 60 72 77 / 59 62 -72 -77 / 60 64 72 76 / 65 -60 -72 -76 / 55 67 71 74 / 62 -55 -67 -74 / 60 64 67 72 / 65 -60 -64 -72 / 55 67 76 -60 / 59 -55 -67 -76 / 57 64 72 -67 / 55 62 71 -67 / 60 64 67 <END> 
<S> 57 64 72 / 55 -64 -72 / 62 -55 -72 -72 / 60 64 -72 -72 / 67 -55 -60 -72 / 54 60 69 38 / 55 59 67 74 / 69 72 -59 -74 / 64 67 72 / 62 66 -72 / 60 69 -66 -72 / 59 62 71 79 / 60 64 72 79 / 62 65 -72 -79 / 64 67 72 79 / 62 65 -72 -79 / 60 64 72 79 / 65 71 -60 -79 <END> 
<S> 62 66 69 60 / 60 64 -69 -74 / 72 -60 -64 -72 / 59 65 74 -69 / 67 -59 -74 -77 / 60 67 76 / 55 64 67 72 / 53 65 69 74 / 52 64 -69 -74 / 50 65 69 76 / 52 67 -57 -76 / 50 62 69 77 / 50 -62 -69 -77 / 57 62 67 76 / 60 66 69 -76 / 55 67 70 74 / 57 -67 -70 -74 / 59 62 69 46 55 62 65 71 <END> 
<S> 50 57 69 74 / 58 62 70 76 / 56 -62 -70 -76 / 55 60 69 76 / 53 -60 -69 -76 / 48 60 67 76 / 55 59 67 74 / 60 67 76 / 57 64 69 72 / 64 -57 -69 -72 / 50 62 69 78 / 71 -50 -62 -78 <END> 
<S> 60 64 67 76 / 62 -60 -67 -76 / 52 60 67 74 / 59 -43 -67 -74 / 48 67 76 / 60 66 74 / 60 64 67 / 58 62 -67 -72 / 57 64 72 / 66 -57 -57 -72 / 55 62 67 70 / 50 62 69 -67 / 67 -50 -62 -67 / 48 62 66 69 / 60 -62 -66 -69 / 58 62 67 70 / 57 60 69 -67 <END> 
<S> 54 62 69 74 / 50 59 -62 -69 / 55 62 69 71 / 59 -55 -62 -71 / 57 64 69 72 / 55 67 71 74 / 57 67 72 76 / 65 -57 -72 -76 / 64 67 71 79 / 62 74 -67 -79 / 60 67 76 / 44 -60 -67 -76 / 48 60 67 79 / 64 -48 -67 -79 / 54 62 69 72 / 55 62 71 -69 <END> 
<S> 60 67 72 76 / 59 -67 -72 -76 / 57 69 72 77 / 55 62 71 79 / 64 -55 -71 -79 / 50 65 69 77 / 71 -50 -65 -77 / 52 67 72 76 / 53 -67 -72 -76 / 55 67 71 74 / 55 67 71 74 <END> 
<S> 50 65 72 77 / 71 -50 -65 -77 / 52 67 72 76 / 53 -67 -72 -76 / 55 67 74 -72 / 71 -55 -67 -74 / 0 / 53 68 71 74 <END> 
<S> 50 62 65 77 / 67 -50 -62 -77 / 55 61 69 76 / 53 -58 -69 -76 / 52 67 70 77 / 53 -67 -70 -77 / 48 72 -67 81 / -67 -72 -48 -81 / 47 67 74 79 / 77 -47 -67 -74 <END> 
