<S> 59 67 74 79 / 57 72 -67 -79 / 55 62 71 79 / 53 -62 -71 -79 / 52 60 72 79 / 48 64 81 -72 / 50 62 65 82 / 52 60 67 -82 / 53 65 69 81 / 70 -53 -65 -81 / 60 67 72 79 / 69 -60 -72 -79 / 70 -60 -72 -79 / 62 65 69 77 / 59 67 74 79 / 77 -59 -67 -74 <END> 
<S> 53 65 69 81 / 70 -53 -65 -81 / 60 67 72 79 / 69 -60 -72 / 70 -60 -72 -79 / 53 60 72 81 / 62 77 -53 -72 / 60 -53 -72 -77 / 59 67 74 79 / 55 64 71 -79 / 57 60 69 76 / 77 -57 -69 / 52 67 79 -57 / 53 52 -67 -79 <END> 
<S> 57 64 72 / 59 62 74 77 / 60 76 -68 -74 / 62 74 77 -60 / 64 72 76 -60 / 59 74 -64 -76 / 55 -59 -64 -74 / 60 64 72 48 / 60 64 72 79 <END> 
<S> 57 64 72 / 55 59 62 -72 / 60 64 67 72 / 48 -64 -67 -72 / 55 64 67 72 / 52 62 67 -72 / 60 -52 -67 -72 / 53 69 74 -60 / 59 62 67 -53 / 52 60 64 67 / 57 62 65 72 / 55 59 67 <END> 
<S> 53 57 69 72 / 62 -53 -69 -72 / 52 64 67 71 / 50 65 -64 -67 / 48 62 67 71 / 47 -62 -67 -71 / 45 60 69 -67 / 66 -45 -60 -69 / 43 62 67 71 / 38 59 62 -67 57 / 48 62 67 / 60 -48 -62 -67 <END> 
<S> 43 59 67 74 / 45 57 -67 -74 / 43 59 62 71 / 50 -43 -62 -71 / 48 52 55 72 / 60 -52 -55 -72 / 54 60 69 -72 / 62 -54 -69 -72 / 55 62 67 71 / 52 64 -62 -71 / 50 60 66 69 / 59 -50 -66 -69 / 43 59 62 67 <END> 
<S> 50 62 71 -67 / 66 -50 -62 -71 / 52 62 67 71 / 50 59 62 69 / 64 -47 -62 -69 / 48 62 71 -69 / 45 -62 -62 -71 / 50 57 62 66 / 55 62 67 71 / 52 60 67 72 / 54 69 74 -72 / 55 67 71 -74 / 65 -55 -71 -74 <END> 
<S> 50 62 65 69 / 52 62 67 71 / 53 -62 -67 -71 / 52 64 67 72 / 50 -64 -67 -72 / 48 62 67 74 / 47 -62 -67 -74 / 45 60 72 76 / 55 -45 -60 -72 / 47 62 -55 -72 / 48 60 64 69 / 53 60 65 69 / 52 -60 -65 -69 <END> 
<S> 48 55 64 72 / 50 65 -55 -72 / 52 60 67 / 53 60 69 -67 / 62 65 -53 -69 / 55 64 67 71 / 62 -55 -67 -71 / 60 -55 -67 -71 / 65 -55 -67 -71 / 48 64 67 72 / 48 60 64 67 <END> 
<S> 53 62 69 74 / 71 -53 -62 -74 / 52 64 72 76 / 53 -64 -72 -76 / 55 62 71 74 / 67 -55 -74 -74 / 65 -55 -71 -74 / 60 67 72 76 / 58 -67 -72 -76 / 57 65 72 77 / 55 70 -65 -77 / 53 65 69 72 / 74 -53 -65 -69 / 58 67 70 76 / 57 -67 -70 -76 <END> 
<S> 53 65 69 72 / 60 -65 -69 -72 / 59 67 74 79 / 57 72 -67 -79 / 55 62 71 79 / 57 60 69 77 / 59 62 -69 -77 / 60 64 67 76 / 66 69 -60 -76 / 62 67 71 74 / 64 67 72 / 62 65 69 77 <END> 
<S> 57 60 69 77 / 59 62 -69 -77 / 60 64 67 76 / 66 72 -60 -76 / 55 67 71 74 / 65 -55 -71 -74 / 56 64 71 / 57 64 69 72 / 65 -57 -69 -72 / 59 67 74 / 61 65 77 59 / 60 64 76 -77 / 58 74 76 -67 / 69 -58 -76 -76 <END> 
<S> 57 64 69 72 / 53 65 69 74 / 55 59 67 76 / 57 60 65 -76 / 59 62 67 74 / 55 64 70 -74 / 57 64 72 -70 / 69 -57 -64 -72 / 67 -57 -64 -72 / 50 65 69 74 / 71 -50 -65 -74 / 48 67 72 76 / 52 -67 -72 -76 / 53 69 72 74 / 50 65 -72 -74 / 55 62 71 -74 / 67 -55 -71 -74 / 65 -55 -71 -74 <END> 
<S> 65 69 74 / 52 -65 -69 -74 / 53 67 69 -74 / 52 -67 -73 -76 / 50 69 -67 -76 / 52 -50 -69 -76 / 49 -52 -69 -76 / 50 57 69 77 / 52 67 -57 -77 / 53 62 69 77 / 50 -62 -69 -77 / 55 62 70 76 / 61 69 -55 -76 / 67 -43 -61 -61 / 48 -61 -67 -72 <END> 
<S> 50 62 69 77 / 67 -50 -62 -77 / 57 62 69 76 / 55 71 -69 -76 / 53 62 67 74 / 52 59 -67 -74 / 45 60 67 76 / 57 66 -60 -76 / 55 59 67 74 / 47 68 -55 -74 / 48 60 64 69 / 50 -60 -64 -69 / 52 60 64 71 / 48 -60 -64 -69 <END> 
<S> 60 67 76 / 59 -60 -67 -76 / 57 60 65 77 / 55 67 76 -60 / 53 60 69 74 / 55 59 67 -74 / 72 -55 -60 -67 / 43 59 65 74 / 65 -43 -59 -74 / 48 55 64 72 / 55 62 71 74 <END> 
<S> 55 60 67 74 / 59 -55 -67 -74 / 56 64 71 76 / 62 -56 -71 -76 / 57 60 69 77 / 59 62 -69 -77 / 60 64 67 76 / 53 65 69 -76 / 65 67 71 74 / 64 -67 -71 -74 / 62 67 72 76 / 60 -67 -72 -76 / 67 72 74 / 55 -67 -72 -74 65 65 74 -55 -74 <END> 
<S> 57 60 69 77 / 59 62 -69 -77 / 60 64 67 76 / 53 65 69 -76 / 65 67 71 74 / 64 -67 -71 -74 / 62 67 72 76 / 60 -67 -72 -76 / 67 72 74 / 55 71 -67 -74 / 65 -55 -71 -74 / 60 64 67 72 / 55 67 71 74 / 53 -67 -71 -74 <END> 
<S> 67 72 74 / 65 71 -74 / 72 -55 -65 / 48 64 67 -72 / 50 65 69 77 / 71 -50 -65 -77 / 52 67 72 76 / 53 -67 -72 -76 / 55 67 71 74 / 52 67 73 76 / 50 69 74 77 / 52 67 72 76 / 53 69 74 -72 / 55 67 71 -74 / 43 67 72 76 <END> 
<S> 50 69 74 77 / 67 72 76 -50 / 52 -67 -72 -76 / 53 69 -72 74 / 55 67 71 -74 / 65 -55 -71 -74 / 48 64 67 72 / 60 64 67 76 / 54 62 69 74 / 55 62 71 -74 / 67 -55 -62 -74 / 65 -55 -67 -74 / 60 64 67 72 / 62 -60 -67 -72 <END> 
<S> 57 64 69 72 / 50 -64 -69 -72 / 55 64 67 72 / 54 62 69 74 / 55 62 71 -69 / 67 -55 -62 -71 / 50 62 -67 69 / 66 -50 -62 -69 / 55 59 62 67 / 52 60 67 72 / 50 62 67 71 / 55 62 -67 -71 / 57 60 64 72 / 55 74 -64 -72 / 53 67 72 76 / 52 -67 -72 -76 <END> 
<S> 55 62 67 71 / 53 59 62 67 / 52 60 67 72 / 50 65 69 74 / 71 -50 -65 -74 / 48 67 72 76 / 60 74 77 -48 / 76 79 -48 -60 / 53 59 74 77 / 60 72 76 -53 / 55 67 71 74 / 56 64 71 76 <END> 
<S> 50 65 72 77 / 71 -50 -65 -77 / 52 67 72 76 / 53 -67 -72 -76 / 55 67 71 74 / 55 67 71 74 / 60 67 72 76 / 59 -67 -72 -76 / 57 69 72 77 / 59 67 74 79 / 77 -59 -67 -74 / 60 76 -67 -76 / 69 77 -60 -72 / 59 -69 -74 -77 <END> 
<S> 60 67 72 76 / 59 -67 -72 -76 / 57 60 72 77 / 62 -57 -72 -77 / 64 69 72 76 / 67 71 -76 / 65 69 69 74 / 62 71 -69 / 67 72 -62 / 62 65 -67 -72 / 64 67 79 -72 / 62 65 77 -79 / 60 64 79 79 / 62 65 -79 -79 / 61 64 69 79 <END> 
<S> 64 67 79 / 62 65 -67 -79 / 60 67 76 / 58 -67 -76 -76 / 57 69 72 77 / 55 70 74 79 / 58 70 76 79 / 60 72 76 79 / 62 72 81 -81 / 64 74 -72 -81 / 65 69 72 -81 / 53 -65 -72 -81 / 60 64 70 79 / 62 77 -60 -67 / 61 64 69 76 <END> 
<S> 53 72 81 / 64 -53 -72 -81 / 54 62 74 81 / 72 -54 -62 -81 / 55 67 71 74 / 55 67 71 74 / 53 -67 -71 -74 / 52 67 72 79 / 50 74 -67 -79 / 52 67 72 79 / 53 -67 -72 -79 / 55 67 71 74 / 53 -67 -71 -74 / 52 68 71 76 / 74 -52 -59 -68 <END> 
<S> 48 67 72 76 / 50 -67 -72 -76 / 52 67 72 76 / 53 -67 -72 -76 / 55 67 74 -72 / 71 -55 -67 -74 / 65 -55 -67 -74 / 60 64 67 72 / 62 -60 -67 -72 / 60 64 69 72 / 65 -60 -69 -72 / 64 67 69 72 / 62 66 -69 -72 / 64 67 71 / 69 -64 -67 / 50 66 69 74 <END> 
<S> 57 64 69 72 / 64 67 71 / 62 65 69 / 60 64 67 -69 / 59 62 -64 -67 / 57 60 64 69 / 65 -57 -60 -69 / 59 62 67 71 / 57 -62 -67 -71 / 55 60 67 74 / 59 -55 -67 -74 / 60 64 67 76 / 65 69 -60 -76 / 59 67 71 74 / 76 -59 -67 -71 / 57 69 72 77 <END> 
<S> 59 62 67 74 / 60 64 -67 -74 / 62 66 74 / 72 -50 -66 -74 / 55 67 71 74 / 55 59 62 74 / 53 -59 -62 -74 / 52 59 67 76 / 50 65 -59 -76 / 57 64 -50 -65 / 45 57 65 73 / 50 53 57 74 / 59 -50 -53 -74 / 52 60 64 76 / 50 65 77 -60 / 52 67 -60 -77 / 53 60 69 77 <END> 
<S> 55 59 67 74 / 53 -59 -67 -74 / 52 60 67 76 / 50 -60 -67 -76 / 48 60 67 76 / 77 -60 -67 -76 / 55 67 72 74 / 71 -55 -67 -74 / 57 66 72 43 / 59 62 74 79 / 60 67 76 -62 / 60 -60 -67 -76 / 55 67 74 -60 / 59 -55 -67 -74 <END> 
<S> 59 62 67 79 / 60 67 74 / 59 62 -67 -74 / 60 64 76 / 57 60 -64 -69 / 56 59 71 76 / 74 -56 -59 -71 / 57 64 72 / 55 -64 -72 / 54 69 72 / 52 67 -72 / 53 69 -72 / 55 67 71 / 57 65 -55 -67 / 55 59 64 67 / 60 -55 -63 -67 / 55 62 -60 -67 / 59 67 -55 -62 <END> 
<S> 54 57 69 74 / 52 55 64 72 / 48 52 55 64 / 50 53 62 65 / 52 55 64 / 53 57 -55 -60 / 55 59 62 / 53 -55 -59 -62 / 52 55 59 64 / 50 -55 -59 -79 / 52 55 60 72 / 54 62 -60 -72 / 55 60 62 67 / 59 -55 -62 -67 / 57 60 64 69 / 55 59 62 67 <END> 
<S> 50 55 62 69 / 60 -50 -55 -69 / 55 59 62 / -69 -55 53 / 55 59 62 / 53 -55 -59 -62 / 52 55 59 64 / 50 -55 -59 -79 / 52 55 60 72 / 53 59 62 74 / 55 58 60 64 / 57 -55 -60 -64 / 55 59 62 / 53 -55 -59 -62 / 52 55 60 67 / 50 -55 -60 -67 / 48 55 62 65 / 47 -55 -62 -65 <END> 
<S> 55 59 62 / 53 -55 -59 -62 / 52 55 59 62 / 50 -55 -62 -71 / 52 55 60 72 / 53 -55 -60 -72 / 52 55 60 67 / 59 -52 -55 -67 / 57 60 64 69 / 59 62 62 67 / 48 60 64 -62 / 50 57 62 66 / 48 -57 -66 -66 / 47 55 62 67 / 43 55 62 71 <END> 
<S> 52 60 64 67 / 54 57 62 69 / 55 62 71 / 52 55 60 72 / 53 62 69 -55 / 50 62 71 -69 / 38 66 -62 -69 / 40 55 -66 -69 / 36 64 67 -55 / 38 -51 -67 -67 / 45 52 -67 72 / 38 57 65 -72 <END> 
<S> 50 57 62 65 / 47 62 -57 -65 / 45 57 60 64 / 44 -57 -60 -64 / 43 59 62 / 55 -43 -59 -62 / 48 55 60 64 / 55 59 62 67 / 53 57 -62 -67 / 52 55 62 67 / 50 -57 -55 -64 / 55 59 62 67 / 55 59 62 67 <END> 
<S> 50 57 62 66 / 43 55 62 67 / 47 55 62 67 / 48 55 60 64 / 50 65 -55 -60 / 52 55 60 67 / 50 -55 -60 -67 / 48 55 60 65 / 47 -55 -60 -65 / 45 48 60 64 / 48 52 60 64 / 50 65 -60 -64 / 52 55 64 67 / 50 -55 -60 -67 / 48 55 62 67 / 47 -55 -62 -67 <END> 
<S> 48 55 60 64 / 50 -55 -60 -64 / 52 55 60 64 / 50 -55 -60 -64 / 52 55 61 / 52 55 59 67 / 50 60 -55 -67 / 48 55 62 65 / 47 -55 -62 -65 / 48 55 62 64 / 60 -48 -55 -64 / 43 55 60 62 / 59 -43 -55 -62 / 53 -43 -59 -62 / 48 52 55 60 / 47 50 62 65 <END> 
<S> 48 55 62 64 / 47 -55 -62 -64 / 48 55 62 64 / 45 -55 -60 -64 / 50 55 62 71 / 54 -55 -62 -71 / 52 55 60 72 / 54 57 62 -72 / 55 62 71 / 52 55 64 71 / 57 69 -52 -55 / 50 59 67 71 / 55 -50 -59 -67 / 48 55 64 69 / 45 60 64 -69 / 50 -45 -64 -69 / 48 -45 -64 -69 / 49 64 67 -49 / 50 60 -64 -67 <END> 
<S> 52 55 64 71 / 54 -52 -64 -71 / 50 71 -55 -64 / 54 62 69 -55 / 55 59 62 67 / 52 55 60 67 / 50 57 60 65 / 59 -50 -57 -65 / 48 55 60 64 / 43 55 60 62 / 59 -43 -55 -62 / 53 -43 -59 -62 / 52 -43 -59 -60 / 48 55 60 64 <END> 
<S> 48 55 62 -65 / 60 -48 -55 -67 / 43 55 60 67 / 59 62 -43 -67 / 45 57 60 64 / 43 -57 -60 -64 / 41 57 60 69 / 38 53 -60 -69 / 46 50 59 67 / 55 -50 -59 -67 / 45 53 60 69 / 45 54 57 62 / 61 -45 -54 -57 / 42 50 55 -57 / 40 55 -50 -69 / 43 50 59 67 <END> 
<S> 47 50 62 67 / 49 55 -67 / 50 54 57 62 / 52 59 -57 -62 / 40 50 57 60 / 40 48 -57 -60 / 41 57 60 -57 / 40 55 60 64 / 41 53 -60 -64 / 43 55 60 -60 / 53 -43 -60 59 / 44 -53 60 -77 / 43 55 60 64 / 41 -55 -60 -64 / 43 55 60 -60 / 59 -43 -55 -60 / 57 -43 -55 -60 / 55 59 62 -43 / 53 -59 -62 <END> 
<S> 50 53 62 -60 / 59 -50 -53 -62 / 52 55 60 / 53 57 -60 55 / 55 59 62 / 43 53 -59 -62 / 45 52 57 60 / 48 -57 -60 / 47 55 62 / 43 55 59 64 / 48 52 -55 -64 / 53 -47 -55 -60 / 52 55 60 / -63 -55 -60 / 55 59 62 / 57 -55 -59 -62 <END> 
<S> 48 52 55 60 / 47 -52 -55 -60 / 40 55 60 / / -55 -60 -60 / 41 57 60 62 / 38 -57 -62 -62 / 40 55 59 -62 / 36 55 -59 -62 / 36 52 55 60 / 36 48 55 60 / 47 62 -55 / 54 60 62 69 / 50 -60 -62 -69 / 55 59 62 71 / 53 -55 -59 -71 <END> 
<S> 41 48 55 60 / 69 -48 -55 -60 / 43 50 59 67 / 55 -43 -59 -67 / 45 60 65 -55 / 47 55 62 -65 / 48 55 60 64 / 62 -48 -55 -60 / 43 55 59 62 / 43 52 58 67 / 50 -43 -58 -67 <END> 
<S> 48 55 60 64 / 46 -55 -60 -64 / 45 57 60 65 / 43 -57 -60 -65 / 41 55 60 67 / 46 -55 -60 -67 / 57 72 -43 -60 / 43 55 59 -60 / 53 -43 -59 -62 / 45 48 57 60 / 47 50 55 62 / 48 55 64 / 65 -48 -55 -64 / 40 60 67 -48 / 59 62 -40 -67 / 41 57 60 69 / 43 -57 -60 -69 <END> 
<S> 36 52 55 60 / 48 52 55 60 / 57 -48 -52 -60 / 47 55 62 67 / 44 -55 -62 -67 / 43 59 62 67 / 55 60 62 69 / 54 62 62 -69 / 60 -38 -62 -69 / 43 59 62 67 / 0 / 44 59 62 67 <END> 
<S> 50 57 62 69 / 55 59 62 / 57 60 -55 / 55 59 62 / 53 -55 -59 -62 / 52 55 59 62 / 50 -55 -59 -62 / 52 55 60 67 / 50 -55 -60 -67 / 48 55 62 67 / 47 -55 -62 -67 / 48 55 60 64 / 48 55 60 64 / 47 62 -55 -64 <END> 
<S> 48 55 60 64 / 48 55 60 64 / 47 55 62 67 / 48 55 60 64 / 46 65 -55 -60 / 52 55 60 / -65 -52 -55 -60 / 55 59 62 67 / 53 -55 -59 -67 / 52 60 64 67 / 50 62 65 -67 / 48 64 67 / 57 -48 -64 -67 / 55 59 67 74 / 53 -59 -67 -74 <END> 
<S> 50 55 62 71 / 48 55 64 72 / 55 59 67 74 / 52 60 67 72 / 65 69 -52 -60 / 52 60 67 70 / 53 65 -60 -67 / 52 64 67 -60 / 55 62 71 -55 / 53 57 69 -62 / 55 59 62 -69 / 54 -55 -62 -71 / 52 55 60 72 / 60 64 -55 -72 / 54 62 67 71 / 69 -54 -62 -67 <END> 
<S> 53 57 69 72 / 52 64 -57 -69 / 50 62 65 69 / 48 64 67 / 47 65 -64 / 45 60 64 72 / 47 62 67 -72 / 48 60 64 69 / 45 60 65 -69 / 64 -45 -60 -69 / 47 50 -64 -69 / 48 57 62 -69 / 47 59 -62 -69 / 45 60 64 69 / 66 -45 -60 -69 -72 / 52 59 67 71 / 50 57 -67 -71 <END> 
<S> 49 64 67 69 / 69 -51 -64 -69 / 50 71 -69 / 69 -50 -53 -69 / 52 55 67 71 / 50 59 64 67 / 52 55 64 72 / 54 62 -55 -72 / 55 62 71 / 59 -55 -62 -71 / 48 64 69 -55 / 50 54 57 62 / 60 -50 -54 -69 / 43 55 59 67 / 48 52 60 67 / 47 62 -60 -67 <END> 
<S> 55 62 69 71 / 52 67 -62 -71 / 50 54 69 -67 / 62 66 -50 -69 / 60 -50 -66 -69 / 55 59 62 67 / 50 59 62 67 / 52 55 60 67 / 53 60 69 / 55 59 67 -53 / 52 60 67 57 / 50 60 65 -60 / 52 55 64 -60 / 53 59 62 -52 <END> 
<S> 55 59 62 67 / 52 55 60 70 / 50 57 62 69 / 48 60 -57 -69 / 47 50 55 67 / 55 -50 -50 -67 / 52 55 60 / 50 53 59 62 / 48 55 60 64 / 50 65 -60 -64 / 52 59 62 67 / 55 59 62 67 / 57 60 65 69 / 59 62 65 69 / 64 71 -62 -65 / 64 -62 -65 -71 / 62 65 69 74 / 71 -65 -62 -74 <END> 
<S> 47 55 62 67 / 48 60 -55 -67 / 47 55 62 67 / 43 71 -55 -67 / 45 48 60 69 / 47 55 62 71 / 48 55 60 64 / 47 62 -55 -64 / 45 57 60 64 / 66 -57 -60 -64 / 55 59 62 / 53 55 -59 -62 / 52 55 61 64 / 57 60 65 / 55 59 62 67 / 48 55 60 76 / 50 57 65 -60 / 52 55 -57 -60 / 47 50 55 62 / 48 55 60 64 / 47 -55 -60 -64 <END> 
<S> 48 55 60 64 / 58 -48 -55 -64 / 43 55 59 62 / 55 -43 -59 -62 / 48 55 60 64 / 48 55 60 64 / 58 -48 -55 -64 / 43 53 56 -60 / 41 -53 -56 -60 / 45 48 57 65 / 47 50 55 67 / 48 51 60 67 / 44 -51 -60 -67 / 45 60 65 72 / 47 62 67 <END> 
<S> 48 55 60 63 / 46 -48 -55 -63 / 44 53 62 -60 / 43 46 -53 -60 / 41 44 -53 -60 / 39 59 67 -53 / 41 50 60 -67 / 57 48 65 -53 / 48 55 60 67 / 46 62 -55 -67 / 44 53 60 65 / 63 -44 -53 -60 / 46 62 -53 -60 / 60 -44 -53 -60 / 59 62 -53 -53 / 51 55 60 63 / 55 -55 -60 -63 / 57 -55 -60 -63 / 55 59 62 / 53 -55 -59 -62 <END> 
<S> 0 / 43 55 60 63 / 53 62 -43 -60 / 59 -43 -53 -62 / 44 -53 -59 -62 / 51 67 -59 / -62 / 60 -51 -67 / 55 59 62 67 / 55 59 62 67 / 56 60 63 72 / 65 74 -56 -60 / 51 60 67 75 / 53 -60 -67 -75 / 55 59 67 74 / 65 -55 -59 -74 / 56 60 63 72 / 55 -60 -63 -72 / 53 68 -60 -72 / 62 -53 -68 -72 / 63 67 -53 -72 / 43 59 67 74 / 65 -47 -74 <END> 
<S> 60 67 75 / 58 -60 -67 -75 / 56 60 68 75 / 55 -60 -68 -75 / 53 60 68 77 / 51 63 67 79 / 70 -51 -63 -79 / 56 60 68 77 / 55 75 -60 -68 / 53 59 68 74 / 58 67 -53 -74 / 51 58 67 72 / 56 64 71 72 / 65 -56 -72 / 55 63 67 70 / 65 -55 -67 -70 <END> 
<S> 60 67 75 / 58 -60 -67 -75 / 56 60 68 77 / 55 -60 -68 -77 / 53 60 70 79 / 55 -60 -70 -79 / 53 65 68 80 / 55 63 75 79 / 56 65 77 -80 / 71 79 -65 -77 / 72 -58 -65 -77 / 59 67 74 79 / 55 77 -70 <END> 
<S> 60 63 72 79 / 58 74 -63 -79 / 57 60 72 77 / 59 67 -72 -77 / 60 67 72 75 / 55 67 71 74 / 55 67 71 / 50 65 -67 -71 / 48 62 67 71 / 50 -62 -67 -71 <END> 
<S> 55 62 67 71 / 43 59 62 67 / 48 60 64 67 / 52 55 60 67 / 57 60 64 67 / 53 60 65 68 / 52 67 -60 -65 / 53 60 65 68 / 63 -53 -60 -68 / 59 62 67 -53 / 60 -53 -59 -67 / 44 60 67 -60 / 59 62 -60 -67 <END> 
<S> 53 60 67 69 / 52 -60 -67 -69 / 50 60 65 69 / 48 64 -60 -69 / 47 62 67 71 / 48 64 67 72 / 50 62 66 69 / 60 -50 -66 -69 / 43 59 62 67 / 55 59 62 67 / 52 55 64 70 / 48 57 64 69 / 66 -48 -57 -69 <END> 
<S> 55 62 69 / 60 66 -55 -69 / 55 59 62 67 / 52 60 64 / 53 57 -60 -64 / 50 55 62 65 / 60 -50 -54 -65 / 43 55 59 67 / 48 55 60 64 <END> 
<S> 55 62 65 / 71 -55 -62 -65 / 52 55 64 72 / 54 57 62 74 / 55 59 62 71 / 54 57 62 -71 / 52 55 64 72 / 50 -64 -64 -72 / 48 64 67 72 / 47 -64 -67 -72 / 45 66 69 74 / 52 59 -66 -74 / 64 72 -55 -64 / 54 62 69 74 <END> 
<S> 52 55 64 71 / 54 62 -52 -71 / 55 59 64 71 / 54 57 62 69 / 55 59 62 71 / 52 64 67 71 / 53 62 69 72 / 71 -53 -62 -69 / 55 59 67 71 / 53 59 62 67 <END> 
