<S> 60 67 72 76 / 59 -67 -72 -76 / 57 69 72 77 / 55 62 71 79 / 64 -55 -71 -79 / 50 65 69 77 / 71 -50 -65 -77 / 52 67 72 76 / 53 -67 -72 -76 / 55 67 71 74 / 48 67 72 76 / 60 67 76 / 59 -60 -67 -76 <END> 
<S> 52 67 72 76 / 53 -67 -72 -76 / 55 67 71 74 / 48 67 72 76 / 48 64 72 79 / 50 -64 -72 -79 / 52 67 72 79 / 48 64 -72 -79 / 53 65 72 81 / 52 -65 -72 -81 / 53 65 72 81 / 64 -53 -72 -81 / 54 62 74 -72 / 43 71 -62 -74 <END> 
<S> 65 69 74 -60 / 52 67 70 76 / 53 60 69 77 / 60 67 72 76 / 55 67 72 74 / 62 71 -55 -74 / 64 -55 -71 -74 / 65 -55 -71 -74 / 48 64 67 72 / 53 60 69 74 / 64 -53 -60 -69 / 55 59 67 74 / 52 60 -55 -74 <END> 
<S> 55 67 72 74 / 53 -67 -72 -74 / 55 67 71 74 / 65 -55 -71 -74 / 48 64 67 72 / 60 64 67 72 / 69 -60 -64 -72 / 55 64 71 72 / 62 -55 -67 -71 / 48 60 67 76 / 50 -60 -67 -76 / 52 60 67 76 / 53 -60 -67 -76 / 55 59 67 74 / 65 -55 -59 -74 <END> 
<S> 55 62 67 71 / 53 -62 -67 -71 / 52 60 67 72 / 55 -60 -67 -72 / 52 67 -60 -67 / 64 -52 -60 -67 / 55 60 65 69 / 59 -60 -65 -69 / 57 60 64 71 / 55 -64 -67 -71 / 57 65 -64 / 55 59 -65 / 52 60 67 / -59 -60 -52 -60 / 0 55 <END> 
<S> 57 64 71 / 56 59 -64 -71 / 62 71 -57 -64 / 45 57 64 72 / 59 62 -45 -72 / 60 69 -52 -64 / 59 62 67 74 / 64 -59 -59 -74 / 57 60 69 72 / 56 59 71 76 / 57 60 72 77 / 59 62 -77 -77 / 60 64 76 / 57 60 69 -76 / 53 69 74 -60 <END> 
<S> 59 62 67 79 / 57 60 69 -79 / 55 59 71 79 / 72 -55 -59 -79 / 52 60 67 79 / 59 62 -67 -79 / 57 60 69 77 / 55 76 -60 -69 / 53 59 74 79 / 52 67 74 -79 / 50 65 77 -46 / 76 -50 -65 -71 / 48 67 72 76 / 76 -48 -67 -76 / 53 69 74 77 / 76 -53 -69 -74 / 55 67 70 -74 / 54 69 74 43 50 70 -54 -74 <END> 
<S> 45 64 69 76 / 67 77 -64 / 61 69 76 / 79 -58 -69 -76 / 50 62 71 77 / 69 -50 -62 -77 / 55 62 71 79 / 57 61 69 -79 / 59 62 67 74 / 55 59 62 -79 / 77 -59 -62 -77 / 60 67 76 / 53 60 69 -76 / 55 67 71 74 / 65 -55 -71 -74 / 48 64 67 72 / 53 65 69 72 <END> 
<S> 60 69 76 / 55 -60 -69 -76 / 53 59 67 74 / 52 59 76 -67 / 50 57 65 69 / 59 62 68 74 / 52 60 67 76 / 53 69 -60 -76 / 55 67 71 74 / 55 67 71 74 <END> 
<S> 50 60 65 77 / 62 -50 -65 -77 / 52 64 67 79 / 65 -52 -67 -79 / 64 67 72 48 / 65 69 81 / 64 67 71 -81 / 62 65 71 81 / 64 67 73 83 / 65 74 81 -67 / 64 73 -76 -81 / 62 74 81 -81 / 72 76 38 -81 / 62 71 79 77 <END> 
<S> 64 67 79 / 65 74 -64 -67 / 59 67 74 / 57 60 65 -74 / 59 62 67 74 / 60 64 67 76 / 54 62 72 -76 / 55 67 71 74 / 52 67 70 53 / 65 -52 -70 -74 / 57 64 69 73 / 55 -64 -69 -72 <END> 
<S> 64 67 71 / 62 66 69 / 60 64 67 / 57 60 66 69 / 55 -60 -69 -74 / 53 59 67 -74 / 52 59 -67 -74 / 50 57 65 74 / 64 -50 -57 -74 / 45 57 65 74 / 47 68 -57 -74 / 48 55 64 72 / 42 57 60 -72 <END> 
<S> 50 57 66 74 / 52 55 64 72 / 54 54 62 -72 / 55 62 71 / 54 69 -55 -62 / 43 55 67 71 / 48 55 64 67 / 52 55 60 67 / 53 62 69 -55 / 50 54 62 69 / 60 -54 -54 -69 / 55 55 62 67 / 47 -55 -62 -67 / 48 60 64 69 / 53 59 62 -69 <END> 
<S> 47 55 62 71 / 48 55 64 69 / 50 62 65 69 / 55 62 71 / 60 -55 -62 / 55 59 62 67 / 50 53 62 69 / 64 -53 -53 -69 / 50 65 71 -50 / 55 62 67 -71 / 60 -55 -67 -71 / 43 62 67 69 / 72 -43 -67 -69 / 47 62 67 -72 / 65 71 -50 -67 <END> 
<S> 55 62 69 / 50 54 62 69 / 43 59 62 67 / 48 60 64 67 / 47 -60 -64 -67 / 45 60 64 67 / 47 -60 -64 -67 / 48 60 64 67 / 43 -60 -64 -67 / 45 60 64 69 / 47 65 -64 -69 / 48 64 67 71 / 50 -64 -67 -71 / 52 62 67 71 / 64 -52 -67 -71 / 50 62 69 -67 / 60 -50 -67 -69 / 55 62 67 71 / 53 59 62 67 <END> 
<S> 64 67 72 -55 / -64 -64 -67 -72 / 54 -64 -67 -72 / 54 62 69 74 / 52 60 67 -74 / 50 59 65 -74 / 57 60 64 72 / 56 60 66 -72 / 55 67 67 72 / 53 62 -67 -72 / 55 60 64 -67 / 62 65 -55 / 43 59 -62 -65 / 48 55 60 64 / 47 62 -55 -60 / 48 55 60 64 / 50 65 -55 -60 <END> 
<S> 55 59 67 / 53 57 65 69 / 59 62 65 74 / 47 62 67 -65 / 48 64 67 69 / 50 62 66 -69 / 60 -50 -66 -69 / 55 59 62 67 / 55 59 62 67 <END> 
<S> 62 67 69 / 64 -62 -69 / 50 62 65 69 / 48 60 64 67 / 59 -48 -64 -67 / 50 57 66 -64 / 62 -50 -57 -66 / 45 60 64 -50 / 53 -45 -57 -64 / 43 55 59 62 / 40 -55 -59 -62 / 41 53 57 60 / 52 -43 -57 -60 <END> 
<S> 47 62 67 -57 / 45 60 -62 -67 / 43 59 62 67 / 47 62 -62 -67 / 48 60 64 67 / 52 55 59 67 / 74 -52 -59 -67 / 57 60 64 69 / 55 59 62 -69 / 52 60 67 72 / 53 -60 -67 -72 / 55 62 67 71 / 65 -55 -67 -71 / 48 64 67 69 / 53 62 -67 -69 / 52 60 67 -69 / 50 -60 -67 -72 <END> 
<S> 48 60 64 69 / 50 65 -60 -69 / 52 60 67 / 48 -60 -67 / 59 -48 -67 -72 / 53 60 65 69 / 52 -60 -65 -69 / 60 67 -60 -69 / 59 -60 -67 -76 / 57 60 69 77 / 55 72 76 79 / 71 -55 -76 -79 / 56 67 72 77 / 53 69 74 -72 / 55 67 71 74 / 65 -55 -74 -74 <END> 
<S> 60 76 67 76 / 58 -60 -67 -76 / 57 60 77 -60 / 59 62 67 -77 / 60 64 81 -67 / 66 72 -48 -64 / 55 67 71 74 / 52 64 71 79 / 62 -52 -71 -79 / 57 60 69 77 / 59 62 -69 -77 / 60 64 67 76 / 65 69 -60 -76 / 53 67 74 -72 / 52 -67 -72 -74 / 50 65 69 77 / 71 -50 -65 -77 <END> 
<S> 57 60 69 77 / 59 62 -69 -77 / 60 64 67 76 / 59 67 -64 -76 / 57 69 72 -76 / 77 -57 -69 -72 / 52 67 72 76 / 53 -67 -72 -76 / 55 67 71 74 / 72 -55 -67 -74 / 60 67 72 76 / 62 65 77 -72 / 64 72 79 / 62 65 -72 -79 / 60 67 72 76 / 58 -67 -72 -76 / 57 60 72 77 / 55 70 -60 -77 <END> 
<S> 60 64 67 76 / 62 65 -67 -76 / 64 67 72 / 60 64 -67 -72 / 59 62 67 74 / 57 60 69 -74 / 55 59 71 74 / 72 -55 -59 -74 / 65 -55 -72 -74 / 57 64 71 72 / 69 -64 -64 -72 / 50 65 69 71 / 52 64 68 71 / 57 64 -47 -71 / 65 69 -57 -72 / 59 64 67 -72 / 62 65 71 <END> 
<S> 57 64 69 72 / 50 65 71 74 / 52 64 68 71 / 57 64 69 72 / 59 67 74 / 60 72 -67 -74 / 62 67 71 74 / 64 67 -71 79 / 60 67 72 77 / 62 -60 -72 -77 <END> 
<S> 60 64 67 72 / 62 -60 -67 -72 / 52 60 67 72 / 53 69 -60 -72 / 52 65 71 -69 / 62 -52 -65 -71 / 53 60 64 72 / 62 65 77 -48 / 60 64 67 79 / 69 -60 -64 -79 / 62 71 77 -64 / 57 60 69 -77 / 55 59 -69 76 / 53 60 69 74 / 52 -60 -69 -74 <END> 
<S> 64 67 71 / 62 66 74 / 60 64 76 / 62 71 -60 -76 / 56 64 71 -76 / 55 71 74 -64 / 57 64 69 72 / 55 -64 -69 -72 / 54 62 69 / 60 69 -53 / 59 62 67 -53 / 52 60 66 -67 / 50 59 66 74 / 52 59 68 74 / 57 64 72 -68 / 59 69 49 -72 <END> 
<S> 57 60 69 72 / 55 59 -69 -72 / 53 60 69 72 / 52 62 -69 -72 / 64 -52 -69 -72 / 50 65 69 74 / 71 -50 -65 -74 / 48 67 72 76 / 52 -67 -72 -76 / 55 67 74 -72 / 71 -55 -67 -74 / 65 -55 -71 -74 / 48 64 67 72 / 60 66 69 74 <END> 
<S> 67 72 74 / 69 -67 -72 / 66 71 -69 / 51 62 67 71 / 55 59 62 67 / 53 -59 -62 -67 / 52 59 64 67 / 50 -59 -64 -67 / 48 55 -64 -67 / 45 57 65 -64 / 59 62 -48 -65 / 60 60 64 67 / 57 60 64 69 / 62 66 -57 -60 / 55 59 62 67 / 53 -59 -62 -67 <END> 
<S> 59 62 67 -53 / 47 -59 -62 -67 / 45 57 64 69 / 66 -50 -57 -69 / 52 55 62 67 / 50 53 62 -67 / 52 55 60 67 / 53 -55 -60 -67 / 52 55 60 67 / 50 65 -55 -60 / 52 55 60 64 / 53 57 62 -60 / 55 59 62 / 53 -43 -59 -62 / 48 52 55 60 / 48 52 60 / 55 62 -48 -60 / 45 60 -55 -60 / 46 55 62 -60 / 59 -55 -50 -62 / 43 55 59 62 / 53 -43 -59 -62 <END> 
<S> 53 57 62 -48 / 55 -53 -57 -62 / 53 55 60 62 / 52 52 55 60 / 50 53 59 62 / 52 55 60 64 / 50 53 59 65 / 55 -50 -65 / 48 57 60 64 / 53 57 60 69 / 52 62 -57 -69 / 50 53 64 71 / 57 -53 -62 -71 / 50 62 -57 -62 / 60 -50 -62 -69 / 43 59 62 67 / 48 55 60 64 <END> 
<S> 50 53 57 65 / 59 -50 -53 -65 / 52 55 60 64 / 53 -55 -60 -64 / 55 59 62 / 53 55 61 64 / 52 -55 -61 -64 / 50 57 62 65 / 59 -50 -62 -65 / 57 60 64 / 55 59 -60 -64 / 53 57 60 62 / 59 -53 -57 -62 / 57 -53 -57 -62 / 55 59 -62 / 43 53 -59 -62 <END> 
<S> 50 57 62 65 / 59 -50 -62 -65 / 57 60 64 / 55 59 -60 -64 / 53 57 60 62 / 59 -53 -57 -62 / 57 -53 -57 -62 / 55 59 -62 / 53 -55 -59 -62 / 48 52 55 60 / 45 52 72 / 54 -45 -60 -72 / 47 55 62 71 / 48 54 63 69 / 50 55 62 71 <END> 
<S> 48 55 60 64 / 50 -55 -60 -64 / 52 55 59 67 / 50 -55 -59 -67 / 57 60 65 -50 / 47 62 -57 -65 / 45 59 64 -62 / 57 60 64 72 / 55 59 62 / -72 / 60 67 76 / 59 -60 -67 -76 / 57 60 65 77 / 55 59 67 76 / 53 57 69 74 / 50 75 -57 -69 / 52 70 -57 -69 / 56 64 68 72 <END> 
<S> 57 64 72 / 62 -57 -72 / 64 -57 -72 / 59 62 67 -72 / 60 64 67 76 / 65 -60 -67 -76 / 55 67 71 74 / 74 -55 -67 -74 / 60 67 72 76 / 57 69 72 77 / 62 72 79 / 71 -56 -72 -79 / 52 72 -67 -79 / 71 77 -51 -67 / 62 67 76 <END> 
<S> 60 67 72 76 / 57 65 72 77 / 55 64 71 79 / 62 65 -55 -79 / 60 64 67 79 / 59 62 -67 -79 / 57 60 69 77 / 55 67 71 76 / 53 -67 -71 -76 / 52 67 72 -76 / 50 -67 -72 -76 / 48 67 72 76 / 70 -48 -67 -76 <END> 
<S> 59 62 67 79 / 69 -59 -62 -79 / 60 64 71 79 / 62 65 -71 -79 / 64 67 72 79 / 65 74 81 / 64 67 71 -74 / 62 65 81 81 / 64 67 -74 -84 / 72 81 -67 -83 / 66 74 43 43 59 67 / 59 67 76 79 / 60 -67 -79 -79 / 62 67 74 79 / 59 -67 -74 -79 / 60 67 76 81 / 62 74 -67 -76 / 64 67 72 / 59 62 -67 -72 <END> 
<S> 59 67 79 / 65 -59 -67 -79 / 60 67 72 76 / 59 74 -67 -72 / 57 60 72 76 / 59 -57 -72 -76 / 57 60 72 77 / 55 62 71 79 / 60 -55 -71 -79 / 53 72 79 -67 / 65 69 -53 -72 / 64 67 72 / 65 69 74 / 55 67 70 -74 / 53 67 -70 -74 / 52 72 -70 55 <END> 
<S> 57 64 72 / 55 71 -64 -72 / 53 65 69 74 / 52 59 68 76 / 74 -52 -59 -67 / 57 60 69 76 / 59 62 -69 -76 / 60 64 67 76 / 53 65 69 -76 / 64 67 71 74 / 62 -67 -71 -74 / 64 67 72 / 65 69 74 <END> 
<S> 57 60 69 76 / 59 -57 -69 -76 / 60 64 67 -76 / 62 77 -67 -76 / 57 69 72 76 / 77 -57 -69 -72 / 52 67 72 79 / 53 -67 -72 -79 / 55 67 71 74 / 62 71 -55 -74 / 64 71 -55 -74 / 65 -55 -71 -74 / 48 64 67 72 / 60 67 -64 -72 / 62 65 69 74 / 71 -65 -69 <END> 
<S> 57 64 72 / 55 62 71 / 53 55 62 72 / 52 -55 -60 -72 / 50 59 67 74 / 52 55 -67 -74 / 50 57 65 72 / 50 62 74 / 43 59 62 74 / 64 -43 -59 -74 / 45 60 65 72 / 47 74 -60 -65 / 48 60 67 76 / 53 60 69 74 / 55 59 67 -74 / 74 -55 -59 -67 / 48 64 67 72 <END> 
<S> 48 60 67 76 / 55 72 -67 -76 / 57 67 72 76 / 66 -57 -72 -76 / 59 68 72 77 / 60 67 76 -47 / 55 71 77 -64 / 57 72 -55 -76 / 59 74 74 -67 / 72 -59 -67 -74 / 57 69 72 76 / 55 71 76 79 / 53 69 74 81 / 55 76 -69 -74 / 57 65 72 76 / 53 65 -72 -76 <END> 
<S> 57 64 69 72 / 59 62 74 -69 / 60 64 67 76 / 65 -60 -67 -76 / 55 67 74 -60 / 59 -55 -67 -74 / 57 60 -67 -74 / 59 62 74 -67 / 55 64 71 -74 / 54 62 69 72 / 60 -54 -69 -72 / 55 62 71 74 / 64 -55 -71 -74 / 65 -55 -71 -74 / 48 64 67 72 / 60 69 -64 -72 <END> 
<S> 57 60 69 76 / 55 -60 -69 -76 / 53 60 69 76 / 52 67 -60 53 / 50 65 69 72 / 71 -50 -65 -69 / 48 64 67 72 / 55 -64 -67 -72 / 55 62 67 71 / 53 -62 -67 -71 / 52 60 67 72 / 48 -60 -67 -72 / 55 60 67 74 / 59 -55 -67 -74 / 60 67 72 76 / -67 -60 -67 -76 <END> 
<S> 52 60 67 72 / 48 64 -60 -72 / 50 65 -60 -72 / 52 60 67 71 / 53 -60 -67 -70 / 55 67 74 -60 / 59 -55 -67 -74 / 57 60 67 74 / 59 65 74 / 72 -55 -59 -74 / 48 64 72 79 / 60 64 72 -79 / 69 72 77 -60 / 62 67 72 -77 / 50 -67 -72 -77 / 55 67 71 -74 / 53 -67 -71 -74 <END> 
<S> 48 67 72 76 / 50 65 71 77 / 69 -50 -65 -77 / 52 64 67 79 / 62 -52 -67 -79 / 57 60 69 76 / 55 -60 -69 -76 / 53 60 69 74 / 55 59 67 -74 / 74 -55 -59 -67 / 48 55 64 72 <END> 
<S> 57 60 69 77 / 59 62 -69 -77 / 60 64 67 76 / 53 60 69 77 / 55 67 71 74 / 53 -67 -71 -74 / 52 67 72 76 / 53 -67 -72 -76 / 55 67 71 74 / 57 -67 -71 -74 / 59 62 68 74 <END> 
<S> 47 65 74 / 62 67 -74 -74 / 66 74 76 / 67 72 45 64 / 62 -72 74 / 64 67 72 / 62 66 71 74 / 60 64 67 76 / 62 71 -67 -76 / 64 67 72 79 / 62 65 0 -79 / 52 64 67 72 / 53 65 69 -72 <END> 
<S> 60 67 76 / 62 -60 -67 -76 / 64 60 69 -76 / 59 62 67 74 / 60 67 76 / 62 77 -60 -67 / 61 64 69 79 / 50 62 69 77 / 55 62 71 52 60 64 67 -55 / 53 60 65 69 / 50 57 65 69 / 71 -50 -57 -65 <END> 
<S> 55 62 69 71 / 53 -62 -69 -71 / 52 61 67 69 / 50 -62 -67 -69 / 52 62 67 71 / 54 -62 -67 -71 / 55 62 67 71 / 50 59 62 67 / 52 55 60 67 / 59 -55 -52 -67 / 57 -52 60 -67 / 50 62 65 69 / 48 64 67 / 50 65 -67 <END> 
<S> 48 64 67 69 / 50 62 66 -69 / 60 -50 -66 -69 / 55 59 62 67 / 55 59 62 67 / 52 55 64 71 / 57 -52 -64 -71 / 50 54 69 74 / 55 62 71 74 / 52 67 72 76 / 71 74 -67 -71 <END> 
<S> 57 60 64 72 / 55 64 71 -72 / 53 65 69 72 / 52 -65 -69 -72 / 50 64 69 77 / 67 -53 -64 -77 / 53 62 74 77 / 60 72 76 -53 / 55 67 71 74 / 55 67 71 74 <END> 
<S> 58 62 65 74 / 67 76 -58 -74 / 57 69 72 77 / 55 70 74 79 / 53 -70 73 79 / 52 70 53 79 / 50 72 81 -81 / 48 67 76 -81 / 72 76 -48 -67 / 47 67 74 65 / 48 -67 -72 -74 / 50 65 71 74 / 69 -50 -65 -74 / 52 67 71 / 55 67 71 74 <END> 
<S> 50 69 74 77 / 71 -50 -74 -77 / 72 76 -50 43 / 53 62 -72 -77 / 55 71 -62 -77 / 56 60 72 76 / 53 71 74 -60 / 52 72 -60 -76 / 53 74 -60 -72 / 55 59 74 -74 / 57 64 69 -74 / 65 71 -57 -74 / 72 -57 -64 -67 / 50 57 65 74 / 59 62 68 74 / 52 60 67 76 / 69 -52 -60 -76 <END> 
<S> 58 65 70 74 / 57 -65 -70 -74 / 55 63 69 72 / 54 62 -69 -72 / 55 62 67 71 / 43 59 64 67 / 45 60 64 72 / 47 62 67 74 / 48 60 67 76 / 50 -60 -67 -76 / 52 59 76 -76 / 52 60 67 -76 <END> 
<S> 57 60 64 67 / 55 59 62 67 / 53 -59 -62 -67 / 48 52 60 67 / 59 -48 -52 -67 / 50 53 57 69 / 59 -50 -53 -69 / 52 60 64 67 / 50 57 -64 -67 / 48 55 62 65 / 47 -55 -62 -65 / 48 55 62 64 / 60 -55 -64 / 43 55 59 62 / 55 59 -50 -55 <END> 
<S> 50 52 59 67 / 48 52 -59 -67 / 47 50 62 67 / 45 -50 -67 -67 / 52 62 67 71 / 50 -62 -67 -71 / 48 55 62 72 / 64 71 -55 -48 / 55 62 67 71 / 72 -55 -62 -67 / 65 69 -55 -62 / 57 60 -55 -69 / 55 58 62 67 / 52 60 -55 -67 / 57 62 65 -60 / 50 59 62 -65 <END> 
<S> 55 67 71 74 / 72 -55 -67 -71 / 71 -55 -67 -71 / 57 65 72 -71 / 59 62 -71 -72 / 60 64 67 72 / 57 -64 -67 -72 / 0 / 52 64 71 79 / 62 -52 -72 -79 / 57 60 77 -72 / 59 62 -69 -77 / 60 64 67 76 / 66 69 -60 -76 <END> 
<S> 59 64 71 79 / 57 -64 -71 -79 / 59 64 74 79 / 77 -59 -64 -74 / 59 67 76 -74 / 72 -59 -67 -76 / 57 65 72 77 / 55 67 72 76 / 53 -67 -72 -76 / 55 67 71 74 / 65 -55 -71 -74 / 48 64 67 72 <END> 
<S> 53 69 72 / 71 74 -53 -69 / 48 67 72 76 / 55 67 71 74 / 55 67 71 74 / 48 67 72 76 / 50 -67 -72 -76 / 52 67 72 76 / 53 -67 -72 -76 / 55 67 72 74 / 62 71 -55 -74 / 64 -55 -71 -74 / 56 65 71 76 / 57 64 69 72 <END> 
<S> 48 67 72 76 / 50 -67 -72 -76 / 52 67 72 76 / 53 -67 -72 -76 / 55 67 72 74 / 57 -67 -72 -74 / 59 71 74 -67 / 56 65 -71 -74 / 57 64 72 / 55 -64 -72 / 53 65 69 74 / 62 71 -53 -74 / 52 67 72 76 / 53 -67 -72 -76 / 55 67 74 -72 / 71 -55 -67 -74 / 65 -55 -71 -74 <END> 
<S> 57 60 65 72 / 64 -57 -60 -72 / 59 62 74 79 / 77 -59 -62 -74 / 59 62 74 -77 / 60 76 76 / 43 59 67 74 / 0 / 50 60 69 77 / 62 71 -50 -77 / 52 67 72 76 / 53 69 -72 -76 / 55 62 71 74 / 48 67 72 76 <END> 
<S> 52 67 72 / 50 65 74 -72 / 52 64 71 -74 / 57 69 72 76 / 77 -57 -69 -72 / 52 67 72 79 / 50 -67 -72 -79 / 52 67 72 79 / 53 -67 -72 -79 / 55 67 71 74 / 53 -67 -71 -74 / 52 68 71 76 / 50 74 -68 -71 / 52 61 69 76 <END> 
<S> 67 72 76 / 69 66 74 / 58 67 -74 / 57 66 72 -74 / 55 62 67 70 / 54 62 69 / 60 -54 -69 -69 / 55 62 67 70 / 68 -55 -62 -70 / 55 62 67 72 / 53 -62 -67 -72 / 55 62 67 71 / 53 59 62 67 <END> 
<S> 55 62 70 70 / 67 -55 -70 -70 / 56 65 72 -70 / 67 -56 -65 -72 / 53 68 72 74 / 62 65 -68 -74 / 60 63 67 75 / 65 -60 -75 / 58 67 75 / 53 68 -58 -75 / 55 60 70 74 / 68 72 -55 -74 / 55 67 70 75 / 65 -55 -70 -75 <END> 
<S> 55 67 70 75 / 53 68 72 -75 / 55 74 77 -72 / 56 -68 -72 -77 / 55 67 70 75 / 53 -67 -70 -75 / 51 62 70 77 / 68 -51 -62 -77 / 51 63 67 75 / 69 -51 -63 -75 / 47 65 74 74 / 75 -47 -65 -74 / 65 -47 77 -65 / 48 -65 75 <END> 
<S> 55 62 70 77 / 53 -62 -70 -77 / 51 63 70 79 / 72 -51 -63 -79 / 56 68 74 77 / 55 -68 -74 -77 / 55 67 71 75 / 53 -67 -71 -75 / 51 60 67 79 / 53 -60 -67 -79 / 55 67 71 74 / 50 -67 -71 -74 / 51 67 72 75 / 53 -67 -72 -75 / 55 67 70 75 / 56 60 -70 -75 / 58 62 65 74 / 56 60 -65 -74 / 55 58 67 75 / 53 68 77 -58 <END> 
