<S> 60 67 76 / 55 58 64 72 / 57 65 74 / 55 58 67 76 / 53 60 69 77 / 46 58 65 74 / 45 58 65 74 <END> 
<S> 58 65 70 74 / 60 -65 -70 -74 / 58 65 73 77 / 67 72 75 -60 / 58 -67 -72 -76 / 56 60 72 77 / 55 70 -60 -77 / 53 60 68 72 / 67 -53 -60 -72 / 58 65 68 74 / 56 -65 -68 -74 <END> 
<S> 53 56 68 74 / 72 -53 -56 -74 / 55 62 67 71 / 55 59 62 67 / 65 -55 -59 -67 / 48 55 63 70 / 60 63 68 72 / 62 74 -65 -68 / 60 63 67 75 / 69 -60 -63 -75 / 58 62 65 77 / 56 60 -65 -77 / 55 58 70 75 / 60 -55 -70 -75 <END> 
<S> 60 64 67 / 58 -60 -67 -75 / 56 60 75 -60 / 55 -60 -63 -75 / 53 65 68 74 / 55 59 -65 -74 / 56 60 63 -74 / 72 -56 -60 -63 / 55 62 67 70 / 53 -62 -67 -70 / 51 60 67 72 / 64 -60 -67 -72 / 53 65 68 74 / 58 -65 -68 -74 / 56 63 -63 -74 / 55 -63 -63 -74 <END> 
<S> 55 62 67 71 / 56 -62 -67 -71 / 65 -56 -67 -71 / 63 -56 -67 -71 / 62 65 -56 -71 / 60 63 -53 -68 / 55 59 67 74 / 55 59 67 74 / 60 -55 -67 -74 / 55 59 67 74 / 48 60 67 75 / 62 -48 -67 -75 / 63 72 -48 -75 / 53 65 72 74 / 63 -53 -72 -74 / 54 62 72 -74 / 55 62 71 -74 / 63 -55 -71 -74 / 65 -55 -71 -74 <END> 
<S> 55 67 71 74 / 60 67 72 75 / 59 68 74 77 / 67 -59 -74 -77 / 60 67 72 75 / 55 67 71 74 / 63 67 72 / 62 -67 -72 / 60 67 74 / 59 -60 -67 -74 / 60 67 75 / 58 -60 -67 -75 <END> 
<S> 63 67 72 / 62 65 -72 / 63 56 72 -65 / 58 65 74 / 56 -58 -63 -74 / 55 58 70 75 / 53 68 -58 -75 / 55 67 70 74 / 53 68 -67 -74 / 55 62 67 70 / 56 60 65 68 / 58 64 67 74 / 57 60 64 72 <END> 
<S> 53 68 -58 -63 / 55 62 70 -68 / 56 60 68 72 / 65 74 -56 -60 / 55 60 67 75 / 53 68 -60 -75 / 55 60 65 74 / 68 -55 -60 -77 / 43 59 67 74 / 65 -43 -59 -74 / 48 55 63 72 <END> 
<S> 56 60 65 72 / 65 -56 -60 -72 / 55 62 67 71 / 53 -62 -67 -71 / 51 63 67 72 / 53 -63 -67 -72 / 55 62 67 71 / 56 60 65 72 / 58 74 -65 / 56 60 72 77 / 55 70 75 -60 <END> 
<S> 56 60 63 72 / 65 -56 -60 -72 / 55 62 67 71 / 53 -62 -67 -71 / 51 63 72 -67 / 53 -63 -67 -72 / 55 62 67 71 / 48 63 67 72 / 60 67 74 / 55 59 67 72 <END> 
<S> 58 62 65 74 / 63 67 -58 -74 / 65 65 68 72 / 63 -65 -68 -72 / 62 65 67 71 / 60 63 67 75 / 58 62 67 74 / 56 60 65 77 / 55 67 75 -60 / 53 60 68 74 / 55 67 -60 -74 / 54 60 69 -55 / 56 -48 -60 -74 <END> 
<S> 60 63 67 75 / 58 62 -67 -75 / 56 60 72 77 / 55 75 -60 -72 / 53 68 74 -72 / 55 67 71 -74 / 65 -55 -71 -74 / 48 64 67 72 / 53 71 -67 -72 / 55 67 72 74 / 53 -67 -72 -74 / 55 67 71 74 / 65 -55 -71 -74 <END> 
<S> 55 67 72 75 / 53 -67 -72 -75 / 55 67 71 74 / 65 -55 -71 -74 / 48 63 67 72 / 53 65 70 75 / 46 65 68 74 / 44 65 70 75 <END> 
<S> 53 68 74 77 / 51 75 -68 -74 / 55 67 72 74 / 71 -55 -67 -74 / 63 72 -55 / 65 69 74 / 59 67 -74 -74 / 51 63 70 79 / 53 -63 -70 -79 <END> 
<S> 48 63 67 75 / 51 63 67 72 / 50 65 70 74 / 48 -65 -70 -74 / 53 68 72 77 / 67 -53 -72 -77 / 63 70 79 -53 / 53 -63 -70 -79 / 55 63 70 82 / 53 -63 -70 -79 <END> 
<S> 58 65 70 74 / 56 -65 -70 -74 / 55 67 70 75 / 53 -67 -70 -75 / 51 65 70 77 / 50 -65 -70 -77 / 51 63 70 79 / 53 58 -70 -79 / 55 -58 -70 -79 / 48 63 79 -70 / 69 -48 -63 -79 / 50 62 71 77 / 48 63 72 75 <END> 
<S> 55 63 70 75 / 53 68 -63 -75 / 51 65 67 74 / 53 65 74 -74 / 51 63 70 75 / 65 68 72 77 / 67 -65 -72 / 69 74 -56 -65 / 55 63 71 79 / 56 65 72 -79 / 58 74 77 -65 <END> 
<S> 56 65 68 72 / 55 74 -65 -68 / 60 67 75 / 53 60 68 74 / 55 59 67 74 / 56 60 67 72 / 65 -56 -60 -72 / 55 62 67 70 / 53 -62 -67 -70 <END> 
<S> 56 60 63 72 / 65 -56 -60 -72 / 55 62 67 70 / 53 -62 -67 -70 / 51 60 67 75 / 58 -60 -67 -75 / 56 60 65 68 / 55 -60 -65 -68 / 53 60 65 68 / 51 58 67 -65 / 56 60 63 -65 / 62 65 -56 -60 <END> 
<S> 56 60 63 / 55 -56 -60 -63 / 53 56 65 72 / 63 -53 -56 -72 / 62 -53 -68 -72 / 60 63 67 75 / 58 65 -67 -75 / 56 65 72 77 / 55 70 75 79 / 58 70 75 79 / 74 -58 -70 -79 / 72 -58 -75 -79 / 56 70 74 77 / 68 77 -74 <END> 
<S> 53 65 70 77 / 51 63 -70 79 / 53 65 72 -70 / 71 -53 -65 -72 / 63 67 72 / 58 65 74 -67 / 60 67 75 / 58 62 -67 -75 / 56 63 72 / 55 -63 -72 / 53 68 72 74 / 55 67 71 74 / 65 -55 -71 -74 <END> 
<S> 56 60 65 72 / 55 67 -60 -72 / 53 61 69 -67 / 62 65 -53 -69 / 60 63 -53 -69 / 58 62 -53 -68 / 60 63 -53 -68 / 50 62 65 70 / 60 -53 -65 -70 / 46 58 65 70 / 53 60 69 -65 / 48 60 67 75 / 55 59 67 74 <END> 
<S> 58 65 70 / 64 -58 -70 -79 / 56 64 70 72 / 55 63 -70 -82 / 53 68 -63 -70 / 51 63 70 -68 / 50 65 68 -68 / 51 58 67 -65 / 63 -51 -58 -67 / 56 60 65 -51 / 53 -60 -56 -60 / 55 59 62 -53 / 50 -55 -59 -62 / 48 51 55 60 / 46 -51 -55 -63 / 44 48 56 63 / 43 58 -56 -63 <END> 
<S> 53 60 65 69 / 51 -60 -65 -69 / 50 58 65 70 / 46 62 -65 -70 / 48 63 63 -70 / 49 58 65 68 / 50 58 65 -68 / 51 58 67 / 65 -51 -58 -67 / 56 60 63 72 / 55 -60 -63 -72 <END> 
<S> 55 63 70 / 51 58 -63 -70 / 56 60 65 68 / 53 58 65 68 / 51 58 67 -65 / 63 67 -51 -58 / 56 60 65 -68 / 56 60 65 70 / 53 -60 -65 -70 / 46 58 65 70 / 63 67 -58 -70 / 56 60 65 72 / 67 74 -60 -60 <END> 
<S> 56 60 63 72 / 55 -60 -63 -72 / 53 65 68 72 / 55 74 -65 -68 / 60 63 67 75 / 58 65 74 -75 / 56 72 75 77 / 68 -56 -72 -77 / 67 70 74 79 / 65 68 -70 -74 / 51 67 72 75 / 70 -51 -67 -72 / 53 65 68 72 / 51 -65 -68 -72 <END> 
<S> 53 68 72 77 / 74 -53 -68 -77 / 55 63 75 79 / 56 -55 -75 -75 / 53 74 77 -56 / 72 -50 -53 -77 / 51 63 67 75 / 53 69 74 77 / 55 67 71 -74 / 65 -55 -71 -74 / 56 63 72 / 48 55 -72 / 70 53 68 74 / 67 72 -53 -56 / 55 67 71 74 / 65 -55 -71 -74 <END> 
<S> 55 67 75 -72 / 53 -67 -72 -75 / 55 62 71 74 / 77 -55 -71 -74 / 48 63 67 72 / 60 63 67 72 / 58 62 -67 -72 / 57 60 65 72 / 58 62 67 77 / 60 63 67 57 / 58 72 -63 -67 / 56 62 68 71 / 50 -56 -62 -68 <END> 
<S> 57 60 65 72 / 60 -57 -65 -72 / 64 67 -60 / 58 65 -67 / 62 74 -58 -65 / 57 60 63 72 / 55 58 -63 -72 / 53 56 65 74 / 55 58 -65 -74 / 56 60 63 72 / 50 58 65 -72 <END> 
<S> 58 62 65 70 / 56 60 -65 -70 / 55 62 65 70 / 53 63 68 72 / 68 74 -53 -68 / 60 67 75 / 69 -60 -75 / 55 67 70 75 / 53 -67 -70 -75 / 51 65 70 77 / 47 -65 -70 -77 / 63 72 79 / 69 77 -63 <END> 
<S> 58 65 70 74 / 56 -65 -70 -74 / 55 67 70 75 / 65 -55 -70 -75 / 56 63 68 72 / 55 -63 -68 -72 / 53 65 68 72 / 51 63 -68 -72 / 50 65 68 77 / 51 63 67 79 / 53 60 68 -79 / 55 59 67 74 / 56 60 65 -74 <END> 
<S> 63 68 72 -51 / 50 65 -72 -74 / 51 58 70 79 / 63 -51 -70 -79 / 70 -51 -70 -79 / 68 72 75 / 56 68 74 77 / 55 70 75 79 / 72 -55 -75 -79 / 53 68 74 77 / 75 -53 -68 -72 <END> 
<S> 51 63 70 79 / 53 -63 -70 -79 / 55 63 70 79 / 56 60 -70 -75 / 58 62 65 74 / 67 -58 -62 -74 / 53 60 68 -74 / 55 59 67 75 / 56 60 65 -75 / 50 58 65 74 / 51 58 67 -74 / 53 60 68 72 / 50 65 70 -72 <END> 
<S> 53 60 68 74 / 55 -60 -68 -74 / 56 60 71 -74 / 65 -56 -60 -74 / 48 67 72 -65 / 55 59 67 74 / 60 63 67 / 68 -60 -63 / 58 62 67 70 / 56 63 68 72 / 55 67 -63 -72 <END> 
<S> 56 60 63 72 / 53 56 65 74 / 46 58 65 74 / 68 -46 -58 -74 / 55 58 67 75 / 57 60 65 -75 / 58 62 65 74 / 67 -58 -62 -74 / 56 60 72 / 55 70 75 -60 <END> 
<S> 46 58 65 70 / 63 -46 -58 -70 / 48 60 63 67 / 68 -48 -60 -63 / 47 62 67 70 / 65 -47 -62 -67 / 48 55 63 72 / 56 60 65 / 58 -56 -65 / 55 60 67 -65 / 58 62 -55 -67 / 53 56 68 -62 <END> 
<S> 51 60 67 75 / 58 -51 -67 -75 / 56 60 72 75 / 55 70 -60 -75 / 53 68 74 -60 / 59 67 -53 -74 / 51 60 67 75 / 58 -51 -67 -75 / 56 65 72 -51 / 53 68 -56 -72 / 55 62 67 71 / 48 63 67 72 / 68 74 -48 -67 <END> 
<S> 51 60 67 72 / 53 -60 -67 -72 / 52 55 67 71 / 65 -52 -55 -71 / 48 63 63 72 / 57 65 -63 -72 / 58 62 70 74 / 68 -58 -62 -74 / 56 63 72 / 55 65 -63 -72 / 53 63 68 72 / 51 -68 -72 -68 / 53 63 68 72 / 55 67 71 48 <END> 
<S> 56 68 -65 -75 / 58 -68 -68 -75 / 60 63 72 75 / 55 -60 -63 -75 / 53 60 68 74 / 55 59 67 -74 / 65 -55 -67 -74 / 48 63 67 72 / 50 58 70 77 / 51 58 63 79 / 55 -58 -63 -79 <END> 
<S> 48 63 67 72 / 60 63 67 72 / 58 62 -67 -72 / 57 60 65 72 / 55 67 -60 -72 / 53 65 69 72 / 51 -65 -69 -72 / 50 65 69 77 / 75 -50 -65 -69 / 55 67 70 74 / 51 75 -67 -70 <END> 
<S> 57 60 72 -65 / 63 -57 -60 -72 / 62 65 71 74 / 60 67 72 75 / 74 -60 -67 -72 / 53 67 72 75 / 65 74 -53 -72 / 51 63 72 75 / 65 -51 -72 -75 / 67 75 -72 -75 / 68 -51 -72 -75 / 50 67 71 74 / 48 67 72 75 / 53 68 72 74 <END> 
<S> 68 74 77 / 47 67 -74 -77 / 48 67 75 -74 / 50 65 72 77 / 51 67 70 -77 / 53 60 69 -77 / 75 -53 -60 -69 / 55 58 67 74 / 55 59 67 74 / 48 60 67 75 / 58 -48 -67 -75 / 53 56 65 74 / 55 63 72 / 53 56 62 71 <END> 
<S> 48 63 67 75 / 72 -48 -63 -75 / 50 65 70 74 / 51 67 70 75 / 53 -67 -70 -75 / 55 67 70 74 / 56 65 68 -74 / 58 64 67 74 / 62 65 -58 -74 / 64 72 -58 -62 / 65 69 -48 -72 / 63 67 70 / 69 -63 -67 <END> 
<S> 58 65 70 74 / 56 -65 -70 -74 / 55 67 72 -70 / 53 69 -67 -72 / 55 65 67 71 / 53 63 -67 -71 / 51 63 67 72 / 48 63 67 -72 / 53 65 68 72 / 55 63 70 / 56 60 -63 -70 / 58 62 68 -63 / 60 63 -58 -68 <END> 
<S> 51 63 67 70 / 65 -51 -67 -70 / 67 75 -51 -67 / 70 -51 -67 -75 / 53 65 68 72 / 63 -53 -68 -72 / 46 62 65 70 / 48 63 67 75 / 50 58 70 77 / 68 -50 -58 -77 / 51 63 67 79 / 62 -51 -67 -79 / 60 67 72 75 / 58 -67 -72 -75 <END> 
<S> 51 63 67 70 / 63 -51 -67 -70 / 53 56 68 -67 / 58 65 -53 -68 / 48 60 63 67 / 50 -60 -63 -67 / 51 58 63 67 / 58 -51 -63 -67 / 50 -58 -63 -67 / 51 58 63 -67 / 38 56 65 -63 / 39 58 63 67 <END> 
<S> 51 58 67 / 65 -51 -58 -67 / 63 -51 -58 -67 / 46 58 65 -63 / 62 -46 -58 -65 / 53 60 63 -46 / 53 56 60 65 / 55 59 62 / / 55 59 62 / 53 55 60 <END> 
<S> 44 60 65 / 53 63 -44 -60 / 46 53 62 -60 / 58 -41 -53 -62 / 53 -46 -53 -62 / 51 55 60 -58 / 57 -48 -60 -63 / 55 58 62 -48 / 43 55 59 62 / 48 55 60 63 / 53 -48 -60 -63 <END> 
<S> 55 62 -48 -60 / 50 53 60 62 / 52 58 -53 -62 / 53 57 60 / / 55 -53 -60 -77 / 55 59 62 -53 / 53 -55 -59 -62 / 48 51 55 60 / 46 -51 -55 -60 / 44 51 60 67 / 41 -51 -60 -67 / 44 51 60 67 / 41 -51 -60 -67 <END> 
<S> 48 55 60 63 / 50 -55 -60 -63 / 51 55 58 63 / 50 -55 -58 -63 / 48 51 55 63 / 50 53 58 62 / 51 60 67 / 53 59 62 65 / 51 55 60 63 / 53 62 -44 -60 / 55 59 62 / 53 -43 -59 -62 <END> 
<S> 51 55 62 67 / 53 60 -62 -67 / 51 55 58 67 / 50 53 65 69 / 48 51 63 67 / 50 53 58 65 / 51 55 67 -58 / 53 60 68 / 50 55 58 67 / 53 56 60 68 / 58 -53 -60 -68 <END> 
<S> 51 56 68 72 / 53 74 -51 -68 / 55 70 -51 -68 / 53 60 68 -70 / 46 65 -53 -70 / 48 63 72 -70 / 68 -48 -63 -72 / 46 62 65 70 / 67 -46 -62 -70 / 48 63 69 / 50 57 65 -69 / 58 -45 -65 -69 / 63 -45 -57 -69 <END> 
<S> 46 62 65 70 / 51 63 67 70 / 50 65 -67 -70 / 48 67 72 75 / 60 74 -67 -75 / 55 59 67 74 / 53 -59 -67 -74 / 51 60 67 72 / 58 74 -67 / 65 56 65 -74 / 55 67 -60 -74 / 53 60 68 75 / 55 -60 -68 -75 / 53 60 68 41 / 62 -53 -68 -77 <END> 
<S> 56 60 67 72 / 65 -56 -60 -72 / 55 60 67 74 / 59 -55 -67 -74 / 56 60 67 72 / 65 -56 -60 -72 / 50 62 65 71 / 65 68 -50 -71 / 55 63 67 70 / 53 68 -63 -67 / 51 60 67 70 / 48 -60 -67 -70 / 53 60 69 -67 <END> 
<S> 51 63 67 72 / 60 -63 -67 -72 / 53 62 65 -72 / 63 -53 -72 -72 / 41 65 69 74 / 46 65 70 74 / 48 63 72 -70 / 69 -48 -63 -72 / 50 62 66 71 / 51 62 67 72 / 70 -51 -67 -72 / 50 65 -67 -72 / 59 -50 -67 -72 / 51 60 67 -50 / 48 -60 -67 -75 <END> 
<S> 48 63 72 -70 / 67 -48 -63 -72 / 50 65 69 74 / 71 -50 -65 -74 / 48 67 72 75 / 58 -67 -72 -75 / 56 60 72 77 / 55 67 75 -60 / 53 60 68 74 / 55 59 67 -74 / 65 -55 -67 -74 / 48 63 67 72 / 50 58 70 77 <END> 
<S> 53 60 68 74 / 55 -60 -68 -74 / 56 60 72 77 / 71 -56 -60 -77 / 60 -56 72 -77 / 55 62 71 79 / 60 63 70 79 / 59 62 74 79 / 60 67 75 -79 / 58 74 79 -67 / 56 60 68 -77 / 55 70 75 79 / 53 68 74 77 <END> 
<S> 60 63 72 80 / 62 74 79 / 63 67 71 -79 / 65 72 81 / 63 -65 -69 -72 / 67 79 -63 -65 / 60 63 -67 -79 / 62 65 77 -51 / 60 63 75 -65 / 58 62 65 -75 / 67 75 -58 -75 <END> 
<S> 56 63 72 77 / 60 -56 -72 -77 / 58 62 70 77 / 68 -58 -62 -77 / 51 67 70 75 / 50 65 70 77 / 68 -50 -65 -77 / 51 67 70 79 / 63 -51 -70 -79 / 56 63 72 77 / 53 -63 -72 -77 / 58 62 70 77 / 51 67 70 75 <END> 
<S> 51 67 70 75 / 53 65 69 77 / 51 63 70 79 / 50 -63 -70 -79 / 48 63 72 79 / 55 -63 -72 -79 / 56 63 72 77 / 58 -63 -72 -77 / 60 67 75 -62 / 58 -60 -67 -75 / 56 60 72 77 / 55 70 75 -60 <END> 
<S> 56 63 72 77 / 53 -63 -72 -77 / 58 62 70 77 / 51 67 70 75 / 50 65 70 77 / 69 -50 -65 -77 / 51 63 70 79 / 61 -63 -70 -79 / 56 60 68 77 / 58 62 70 -77 / 60 -56 -65 -70 / 47 62 67 77 / 65 -47 -62 -77 <END> 
<S> 51 63 70 79 / 62 -51 -70 -79 / 53 60 68 77 / 55 67 -60 -77 / 56 60 65 68 / 53 -60 -65 -68 / 55 59 67 74 / 55 59 71 74 <END> 
<S> 56 65 72 / 55 74 -65 -72 / 53 67 70 75 / 51 -67 -70 -75 / 53 65 68 74 / 67 75 -53 -65 / 51 63 -67 -75 / 65 68 74 -51 / 50 59 -68 -74 <END> 
<S> 63 67 70 -51 / 50 65 -67 -70 / 48 63 67 72 / 55 65 71 74 / 60 63 67 72 / 58 62 74 -67 / 68 -58 -62 -74 <END> 
<S> 53 68 74 -63 / 55 62 67 -74 / 56 -62 -67 -74 / 72 -56 -60 -67 / 55 62 67 71 / 53 62 67 71 / 51 67 72 -67 / 50 65 69 74 / 71 -50 -65 -74 / 48 63 72 79 / 53 68 74 77 / 55 67 71 74 / 55 67 71 74 <END> 
<S> 50 65 70 74 / 51 58 -70 -74 / 53 68 -58 -74 / 55 67 70 -74 / 51 72 -67 / 66 69 -48 -72 / 55 67 71 74 / 60 67 72 75 / 58 68 74 77 / 56 -68 -74 -77 / 55 70 75 79 / 53 -70 -75 -79 / 51 70 75 79 / 50 72 77 65 <END> 
