<S> 60 63 67 72 / 59 62 67 74 / 60 67 75 / 58 -60 -67 -75 / 57 60 65 77 / 58 62 65 74 / 67 -58 -62 -74 / 54 69 -62 -74 / 72 -54 -62 -69 / 55 62 67 70 / 51 63 67 70 <END> 
<S> 58 62 65 70 / 56 60 -65 -70 / 55 58 67 70 / 53 68 -58 -70 / 51 63 67 70 / 62 -51 -67 -70 / 56 60 65 72 / 55 74 -60 -65 / 51 60 67 72 / 53 74 -60 -67 / 55 60 67 74 / 59 -55 -67 -74 / 48 -55 -67 -74 / 47 59 67 74 / 65 -55 -59 -74 <END> 
<S> 56 60 63 72 / 55 -60 -63 -72 / 53 65 68 72 / 55 63 -68 -72 / 56 -68 -63 -72 / 58 64 68 74 / 67 -56 -74 / 65 72 -56 -56 / 55 60 64 67 / 53 60 65 68 / 56 59 -65 -68 / 60 64 -56 -60 / 55 59 62 67 <END> 
<S> 56 60 65 72 / 55 -60 -72 / 53 68 -60 -72 / 55 62 -68 -72 / 60 -55 -68 / / 59 -55 -60 / 43 55 59 67 / 48 55 60 63 / 55 58 60 -63 / 53 56 60 65 / 58 -53 -60 -65 <END> 
<S> 48 55 60 63 / 46 55 58 62 / 44 56 60 72 / 43 55 -60 -72 / 53 62 -43 -60 / 55 -43 -62 -62 / 53 -43 -62 -62 / 51 -43 -62 -62 / 43 55 59 -62 / 44 51 60 <END> 
<S> 43 50 62 65 / 55 -43 -62 -65 / 48 55 63 -62 / 57 -48 -55 -63 / 43 55 59 62 / 55 59 62 / 53 -55 -62 / 60 -50 -55 / 55 59 62 -50 / 48 51 60 63 / 50 -48 -60 -63 / 51 55 58 63 / 56 -51 -58 -63 <END> 
<S> 47 55 62 67 / 48 55 -62 -67 / 46 55 62 67 / 51 60 66 69 / 50 -60 -63 -69 / 51 62 67 70 / 50 -62 -67 -70 / 48 55 67 72 / 70 -55 -67 -70 / 56 60 65 68 / 53 -60 -65 -68 <END> 
<S> 51 60 67 68 / 50 -60 -67 -75 / 48 60 67 74 / 47 68 74 -67 / 65 -47 -67 -74 / 48 67 72 75 / 55 -67 -72 -75 / 60 67 72 75 / 58 -67 -72 -75 / 56 68 72 77 / 55 -60 -72 -77 <END> 
<S> 48 63 67 72 / 60 67 72 75 / 55 67 70 74 / 53 67 70 75 / 65 68 77 -51 / 50 67 70 77 / 51 70 79 -77 / 63 -70 -70 -79 <END> 
<S> 58 63 70 79 / 62 -58 -70 -79 / 60 63 72 79 / 58 -63 -72 -79 / 56 63 72 77 / 58 62 70 -77 / 75 -58 -62 -70 / 51 67 70 75 / 63 70 79 <END> 
<S> 63 69 72 77 / 70 -63 -69 -77 / 68 72 75 -77 / 68 74 -72 -77 / 63 70 75 79 / 65 -70 -75 -79 / 67 72 75 79 / 53 -67 -72 -79 / 0 / 60 71 79 -79 / 56 60 -82 -79 <END> 
<S> 48 63 72 80 / 50 65 -72 -77 / 51 67 70 75 / 53 -67 -70 -75 / 55 67 72 74 / 53 71 -67 -74 / 51 63 72 79 / 53 -63 -72 -79 / 55 62 71 79 / 60 63 72 79 / 74 -60 -65 <END> 
<S> 56 63 72 / 55 63 -72 -63 / 53 68 -63 -72 / 55 62 71 -68 / 63 -55 -71 -74 / 65 -55 -71 -74 / 48 63 67 72 / 60 67 72 75 / 58 -67 -72 -75 / 56 60 72 77 / 55 70 -60 -77 <END> 
<S> 48 63 67 72 / 60 63 72 79 / 53 65 72 80 / 74 -53 -65 -80 / 51 67 75 79 / 70 -51 -79 -79 / 53 68 72 77 / 55 67 72 75 / 55 65 71 74 / 53 63 72 <END> 
<S> 56 63 72 77 / 53 -63 -72 -77 / 58 62 70 77 / 68 -58 -62 -77 / 51 63 67 75 / 58 62 70 77 / 56 -62 -70 -77 / 55 63 70 79 / 53 72 80 -63 / 62 71 -53 -80 / 51 63 70 79 / 55 -63 -70 -79 <END> 
<S> 55 63 70 75 / 56 72 -63 -75 / 58 62 74 77 / 68 -58 -74 -77 / 51 70 75 79 / 63 70 79 62 65 70 77 / 60 67 75 -70 / 55 59 74 79 / 57 60 72 77 / 59 62 74 -77 / 60 67 75 / 68 72 -60 -75 <END> 
<S> 59 68 74 77 / 60 67 -74 / 55 59 67 74 / 60 -55 -67 -74 / 56 59 67 74 / 65 -59 -56 -74 / 57 60 64 72 / 55 58 -63 -72 / 53 56 65 68 / 58 65 -53 -68 / 56 60 65 68 / 46 -60 -65 -68 <END> 
<S> 56 60 67 72 / 65 -56 -60 -72 / 55 61 64 70 / 53 65 -61 -70 / 48 60 67 72 / 64 -60 -67 -72 / 56 65 71 74 / 53 68 72 / 52 67 70 79 / 50 65 -70 -79 / 51 67 72 79 / 48 -67 -72 -79 <END> 
<S> 55 58 70 75 / 53 -58 -70 -75 / 51 65 70 77 / 50 -65 -70 -77 / 51 63 70 79 / 62 71 77 -51 / 56 60 72 75 / 55 70 -60 -75 / 53 68 74 77 / 55 75 -68 -74 / 56 72 -68 -75 / 55 65 -72 -75 / 74 -55 -65 -72 / 54 63 -72 56 / 62 -54 -72 -56 <END> 
<S> 53 68 74 -72 / 55 67 71 -74 / 65 69 -55 -74 / 56 59 -65 -74 / 74 -56 -65 / 55 59 67 75 / 60 -55 -67 -75 / 53 62 65 77 / 59 62 67 -77 / 60 63 75 79 / 62 69 77 -60 <END> 
<S> 58 62 65 70 / 60 63 -65 -70 / 62 65 -60 -70 / 60 63 -65 -70 / 59 62 68 79 / 51 60 67 75 / 48 60 67 75 / 50 59 67 74 / 51 60 67 79 / 53 60 69 77 / 55 71 -60 -77 / 56 60 72 76 / 55 70 -60 -72 <END> 
<S> 48 60 67 75 / 50 65 74 77 / 51 67 75 79 / 53 -67 -72 -79 / 55 67 71 74 / 51 67 70 79 / 60 -51 -70 -79 / 56 62 70 77 / 55 -62 -70 -77 / 53 63 70 79 / 51 55 -70 -79 / 53 68 72 77 / 70 -53 -68 -77 <END> 
<S> 56 63 72 77 / 53 -63 -72 -77 / 58 62 70 77 / 46 -62 -70 -77 / 51 67 70 75 / 63 70 79 / 62 65 -70 82 / 63 67 70 79 / 72 77 -63 -67 / 58 65 74 77 <END> 
<S> 58 65 68 74 / 63 67 72 / 62 65 -67 -72 / 60 63 67 72 / 58 62 -67 -72 / 56 60 65 72 / 55 67 -63 -72 / 53 60 65 68 / 51 58 67 70 / 56 63 68 72 / 55 -63 -68 -72 <END> 
<S> 56 60 68 72 / 58 -44 -68 -72 / 56 60 72 -68 / 55 -60 -63 -72 / 53 60 68 74 / 55 59 67 -74 / 65 -55 -67 -74 / 48 60 67 72 / 50 58 70 77 <END> 
<S> 55 70 -65 / 63 -55 -70 / 46 -55 -63 -70 / 48 63 67 -58 / 53 -48 -63 -67 / 55 62 67 70 / 75 -55 -62 -70 / 67 -58 -62 -67 / 60 67 -62 -67 / 60 -60 -67 -70 / 58 62 65 70 / 56 -62 -65 -70 / 55 63 70 -58 / 53 -63 -70 55 / 51 63 70 79 / 53 -63 -70 -79 <END> 
<S> 60 63 67 75 / 58 62 -67 -75 / 56 60 72 77 / 55 75 -60 -72 / 53 68 74 -72 / 55 67 71 -74 / 65 -55 -71 -74 / 48 64 67 72 / 46 62 70 77 / 48 63 75 79 / 72 -48 -75 -79 / 53 68 74 -72 / 55 67 71 -74 / 65 -55 -71 -74 <END> 
<S> 48 63 67 72 / 62 71 -48 -67 / 50 60 65 69 / 51 -60 -65 -69 / 53 59 62 68 / 51 60 63 -68 / 56 59 65 68 / 51 -56 -65 -68 / 55 58 67 70 / 63 -55 -58 -67 / 53 60 65 68 / 51 58 -65 -68 / 50 59 65 -65 / 51 60 -65 -65 <END> 
<S> 62 65 -46 -62 / 47 55 -62 -65 / 48 55 63 -62 / 44 59 62 / 51 60 63 67 / 45 -60 -63 -67 / 46 62 65 / 53 58 63 -65 / 45 57 60 65 / 43 50 62 65 / 55 58 -50 -65 / 48 55 60 63 / 46 -55 -60 -63 <END> 
<S> 46 58 62 65 / 50 -58 -62 -65 / 56 60 62 -53 / 43 55 59 62 / 55 -43 -59 -62 / 48 55 60 63 / 53 60 62 67 / 51 55 60 67 / 50 53 62 65 / 63 -50 -55 -65 / 43 62 62 -55 / 55 -43 -62 -62 / 60 -43 -55 -62 / 43 55 59 62 / 53 -43 -59 -62 <END> 
<S> 47 55 62 67 / 45 60 -55 -67 / 47 55 62 65 / 47 55 62 -65 / 48 55 60 63 / 50 58 65 / 51 56 -58 -65 / 51 55 67 70 / 50 65 -55 -70 / 48 55 63 72 / 53 56 62 68 / 58 -53 -62 -68 / 50 65 -58 -68 / 63 -50 -58 -65 / 48 60 65 -58 / 60 -48 -57 -65 / 46 58 62 65 <END> 
<S> 51 58 67 / 50 65 -58 -67 / 48 63 67 -58 / 53 60 68 / 51 55 60 67 / 58 -52 -55 -67 / 53 56 60 65 / 59 -53 -53 -65 / 48 55 60 63 / 56 -48 -60 -63 / 55 59 62 / 53 -55 -59 -62 / 51 55 60 63 / 50 -55 -60 -63 / 48 55 63 / 68 -48 -55 -63 / 51 58 67 / 68 -51 -58 -67 <END> 
<S> 53 60 68 -62 / 55 60 -60 -68 / 56 59 65 -55 / 48 60 64 67 / 55 58 63 70 / 53 56 63 68 / 51 55 58 67 / 53 56 60 68 / 58 62 -53 -68 / 51 60 67 / 58 62 -51 -67 / 56 60 65 -51 / 51 55 58 67 <END> 
<S> 53 57 65 68 / 51 58 63 67 / 50 65 -58 -67 / 46 62 65 / 63 -46 -62 -65 / 46 62 63 67 / 44 60 63 65 / 45 58 65 -63 / 46 62 65 -58 / 39 55 58 63 / 51 58 63 67 <END> 
<S> 44 60 65 -63 / 62 -44 -60 -65 / 60 -44 -60 -65 / 43 58 60 63 67 / 55 59 62 67 / 53 60 65 / 51 55 60 67 / 53 60 65 68 / 51 58 67 -65 / 56 63 65 / 59 62 -56 -68 <END> 
<S> 53 56 60 68 / 55 60 67 -68 / 59 65 -55 -70 / 48 60 64 68 / 50 58 65 -68 / 51 58 67 -65 / 63 -51 -58 -67 / 46 65 -58 -63 / 62 -46 -58 -65 / 56 60 65 77 / 55 59 62 -77 <END> 
<S> 46 62 65 70 / 63 -46 -65 -70 / 53 62 65 70 / 58 62 70 77 / 57 -62 -70 -77 / 55 63 70 75 / 53 65 69 74 / 51 67 70 75 / 63 72 -51 -75 / 56 65 72 74 / 67 -56 -72 -77 / 68 -56 -72 -77 / 55 62 71 79 / 63 -55 -71 -79 <END> 
<S> 51 67 72 75 / 53 -67 -72 -75 / 55 67 71 74 / 65 -55 -71 -74 / 56 63 72 / 65 -56 -72 / 55 67 70 75 / 53 68 74 77 / 59 67 -74 -77 / 60 67 72 75 / 70 -60 -67 -75 / 53 65 68 77 / 55 67 -65 -77 / 56 63 72 44 / 62 -56 -63 -72 <END> 
<S> 60 67 75 / 58 62 -67 -75 / 56 63 72 / 55 -63 -72 / 53 68 74 -72 / 55 67 71 74 / 65 -55 -71 -74 / 48 63 72 / 51 63 70 79 <END> 
<S> 53 69 72 74 / 63 -53 -72 -74 / 55 62 71 74 / 51 67 72 / 48 67 74 -72 / 71 -67 -74 / 65 72 -67 / 55 67 72 -65 / 63 -55 -67 -72 <END> 
<S> 51 67 72 / 50 65 70 -72 / 51 62 70 77 / 48 60 69 75 / 53 59 68 74 / 51 58 67 -74 / 65 -58 -58 -74 / 56 63 72 / 70 -56 -63 -72 / 55 68 70 74 <END> 
<S> 53 68 74 -68 / 50 65 -68 -74 / 51 63 67 70 / 53 60 65 68 / 59 62 67 -53 / 55 60 63 -67 / 62 -55 -60 -67 / 48 60 63 67 <END> 
<S> 43 59 63 67 / 62 65 -43 -59 / 60 60 63 67 / 59 62 -60 -67 / 51 60 67 70 / 53 -60 -67 -70 / 55 62 67 71 / 56 60 65 72 / 62 74 -56 -65 / 60 63 67 75 / 58 62 68 -75 / 56 60 -68 -75 55 55 58 70 75 / 53 68 -58 -70 <END> 
<S> 60 63 67 / 56 60 68 75 / 55 67 70 75 / 53 65 68 74 / 51 75 -55 -68 / 50 59 68 77 / 57 65 -50 -77 / 58 67 74 79 / 55 -58 -74 -79 / 57 72 75 / 55 58 -63 -72 <END> 
<S> 55 58 70 75 / 53 56 65 74 / 51 -53 -65 -74 / 50 59 65 74 / 51 62 67 71 / 60 65 69 -51 / 62 65 67 71 / 63 -62 -67 / 62 65 -55 -59 / 60 -55 -62 -65 / 55 60 62 / 58 -55 -60 / 56 59 62 / 48 55 60 63 / 53 56 62 65 / 55 63 -53 -70 / 53 56 62 71 / 60 -53 -53 -67 <END> 
<S> 56 60 63 67 / 62 65 -56 -60 / 55 60 63 67 / 59 62 -55 -67 / 53 57 60 69 / 55 62 -53 -69 / 63 54 62 -69 / 46 58 62 65 / 48 55 60 63 / 58 -48 -55 -63 / 41 56 56 60 / 43 -53 -56 -60 / 44 51 -56 -60 / 41 50 -56 -60 <END> 
<S> 48 55 60 63 / 58 -48 -55 -63 / 41 56 56 65 / 53 63 72 -56 / 55 -41 -63 -72 / 56 60 65 72 / 65 74 -56 -60 / 55 62 67 71 / 53 -62 -67 -71 / 51 63 67 72 / 53 -63 -67 -72 / 55 62 -67 -72 / 56 60 -67 -72 / 55 59 67 74 / 53 -59 -67 -74 <END> 
<S> 56 63 72 / 55 -63 -72 / 53 56 65 74 / 72 -53 -56 -65 / 55 63 70 75 / 56 65 -63 -75 / 58 62 65 70 / 63 -58 -70 -74 / 56 63 72 -70 / 68 -56 -63 -72 / 51 58 65 67 / 58 62 65 / 68 -58 -62 -65 / 51 58 67 75 / 51 58 65 74 / 67 -58 -65 -74 <END> 
<S> 58 65 70 74 / 63 -58 -70 -74 / 55 63 70 75 / 74 -55 -63 -70 / 56 72 -63 / 55 64 -72 -72 / 53 65 68 -72 / 63 -53 -68 -72 / 62 65 69 74 / 71 -65 -74 / 63 67 72 / 60 67 72 75 / 53 65 72 74 / 55 67 71 -74 / 65 -55 -71 -74 <END> 
<S> 56 65 72 77 / -65 -56 -72 -77 / 55 67 72 75 / 54 69 -72 -75 / 55 62 71 74 / 67 -62 -71 -74 / 65 67 -71 -74 / 72 -65 -71 -74 / 55 67 72 75 / 57 -67 -72 -75 / 55 65 71 74 / 53 67 -71 -74 / 51 67 72 / 50 65 70 74 <END> 
<S> 55 67 72 75 / 53 -67 -72 -75 / 55 67 71 74 / 65 -55 -71 -74 / 48 63 67 72 / 53 65 70 74 / 75 -53 -65 -70 / 77 -53 -65 -70 / 55 63 70 79 / 56 -63 -70 -79 / 58 70 77 -63 / 62 -58 -70 -77 / 68 -58 -62 -77 / 59 62 67 77 <END> 
<S> 58 63 70 79 / 56 -58 -70 -79 / 58 63 70 77 / 62 65 -70 -77 / 58 67 75 77 / 58 67 75 77 / 67 -58 -75 -75 / 57 72 75 -75 / 58 65 74 77 / 52 67 72 79 / 70 -52 -67 -79 / 53 60 69 77 / 51 67 70 79 / 50 65 -70 -79 / 51 67 72 75 / 53 -67 -72 -75 <END> 
<S> 58 70 74 77 / 68 72 75 -53 / 58 67 74 79 / 77 -58 -70 -74 / 55 67 70 75 / 53 -67 -70 -75 / 51 65 70 77 / 50 -65 -70 -77 / 51 63 70 79 / 72 -51 -63 -79 / 53 68 74 77 / 47 67 -74 -77 / 48 67 72 75 / 53 68 74 -72 <END> 
<S> 53 68 72 77 / 74 -53 -68 -77 / 51 70 75 -68 / 55 67 70 75 / 46 65 70 74 / 44 -65 -70 -74 / 55 65 70 74 / 53 63 69 72 / 51 63 67 70 / 62 -51 -67 -70 / 52 60 67 72 / 58 -52 -67 -72 / 53 56 65 74 / 51 58 67 75 / 56 60 65 77 / 62 -56 -65 -77 <END> 
<S> 51 63 67 70 / 48 -63 -67 -70 / 53 56 65 72 / 55 58 -65 -72 / 56 60 65 72 / 55 58 -65 -72 / 53 60 68 72 / 62 -53 -68 -72 / 63 67 70 79 / 62 -70 -70 -79 / 60 63 72 79 / 58 -64 -72 -79 / 56 65 72 77 / 55 70 75 -77 <END> 
<S> 46 62 65 70 / 63 67 -46 -70 / 65 68 -46 43 / 67 70 75 / 65 74 -70 / 63 67 72 -58 / -63 -67 -72 / 55 62 67 70 / 53 -62 -67 -70 / 51 60 67 72 / 55 -60 -67 -72 / 53 57 65 72 / 63 -53 -56 -72 / 46 62 65 70 <END> 
<S> 56 60 65 72 / 55 -60 -65 -72 / 53 60 68 74 / 55 -60 -68 -74 / 55 59 67 74 / 65 -55 -59 -74 / 56 60 63 72 / 55 58 -63 -72 / 54 57 62 74 <END> 
<S> 56 60 65 72 / 55 70 -60 -65 / 53 60 68 68 / 47 -60 -68 -68 / 48 67 68 / / -48 -67 -68 / 67 60 65 -48 / 63 -60 -65 / 59 62 67 -65 / 60 63 -67 / 58 62 65 / 56 60 -65 -65 / 55 62 67 70 / 55 59 67 74 / 55 59 67 74 <END> 
<S> 56 60 63 72 / 62 65 -56 -72 / 55 63 67 72 / 53 65 68 74 / 55 62 67 71 / 48 63 67 72 / 60 67 72 75 / 70 -60 -67 -75 / 61 65 69 77 / 53 62 70 -77 / 68 -62 -70 -77 / 65 70 74 79 / 63 70 75 -79 <END> 
<S> 48 63 67 72 / 62 71 -48 -67 / 53 60 69 -67 / 55 62 67 71 / 63 -62 -67 / 60 66 69 / 55 59 62 / 53 59 67 74 / 55 -59 -67 -74 / 51 60 67 72 / 50 62 -67 -72 <END> 
<S> 55 59 67 75 / 60 -55 -67 -75 / 55 62 67 74 / 59 -55 -67 -74 / 48 63 67 72 / 57 63 65 72 / 58 65 -65 -72 / 57 -65 -72 / 63 66 72 / 55 62 67 70 / 53 67 70 / 65 -53 -70 -70 / 52 58 67 72 / 56 60 65 -72 / 67 -56 -60 -72 <END> 
<S> 58 65 70 74 / 61 -58 -70 -74 / 52 72 -58 -70 / 53 57 69 -72 / 55 63 -69 -72 / 62 -55 -69 -72 / 60 63 67 -72 / 59 62 74 -67 / 60 67 75 / 58 -60 -67 -75 / 56 60 68 77 / 62 -56 -68 -77 / 55 63 67 75 / 53 68 77 -75 / 55 67 72 74 / 71 -55 -67 -74 / 65 -55 -71 -74 <END> 
<S> 56 60 65 77 / 67 -56 -60 -77 / 55 62 67 74 / 53 -62 -67 -74 / 51 60 67 72 / 65 -51 -67 -72 / 67 / -65 -72 / 64 74 -48 -67 / 55 60 67 75 / 53 -60 -67 -75 / 55 59 67 74 / 65 -55 -59 -74 / 56 60 63 72 / 55 -60 -63 -72 <END> 
<S> 60 67 75 / 58 -60 -67 -75 / 56 60 72 75 / 55 70 -60 -75 / 53 65 68 74 / 51 55 67 75 / 57 60 65 -75 / 59 65 68 74 / 60 63 67 72 / 58 62 -67 -72 / 56 60 65 77 / 55 67 -60 -77 / 53 65 68 72 / 74 -53 -65 -68 / 48 63 67 72 / 53 68 74 -72 <END> 
<S> 60 63 68 75 / 58 65 -68 -75 / 56 67 -65 -75 / 55 60 65 74 / 53 -60 -65 -74 / 55 59 67 75 / 56 60 65 72 / 53 56 68 74 / 55 58 67 75 / 56 60 65 -75 / 50 58 65 74 / 68 -50 -58 -74 / 51 58 67 75 / 63 67 -51 -75 / 65 -51 -58 -70 <END> 
<S> 55 58 70 75 / 53 68 -58 -75 / 51 58 67 79 / 50 -58 -70 -79 / 48 63 72 79 / 62 71 -48 -79 / 53 60 72 77 / 48 67 75 -60 / 55 59 67 74 / 53 -59 -67 -74 / 51 60 67 79 / 53 -60 -67 -79 / 55 60 67 74 / 53 -60 -67 -74 <END> 
