<S> 65 68 72 / 59 65 67 74 / 60 63 67 75 / 58 -63 -67 -75 / 56 62 68 77 / 60 -56 -68 -77 / 55 59 62 79 / 53 59 67 79 <END> 
<S> 59 62 67 79 / 77 -59 -62 -67 / 60 67 75 / 58 77 -67 -75 / 56 65 72 75 / 55 70 74 -75 / 53 68 72 77 / 67 -53 -72 -77 / 58 65 74 77 / 56 -65 -74 -77 / 55 70 75 79 / 53 -70 -75 -79 / 51 72 75 79 / 50 -72 -75 -79 <END> 
<S> 53 68 72 77 / 74 -53 -68 -77 / 55 70 75 79 / 56 -70 -76 -76 / 58 65 74 77 / 67 75 -58 -65 / 63 68 72 77 / 62 -63 -68 -77 / 60 63 67 75 / 58 65 74 -75 / 56 63 72 75 <END> 
<S> 56 63 72 77 / 58 -63 -72 -77 / 57 63 72 -77 / 58 65 70 74 / 53 -65 -70 -74 / 51 63 70 79 / 67 72 75 -63 / 50 65 72 77 / 71 -50 -65 -77 / 51 67 72 75 / 53 -67 -72 -75 <END> 
<S> 58 65 74 -70 / 68 -58 -65 -74 / 60 67 75 / 58 -60 -67 -75 / 56 60 68 75 / 55 -60 -68 -75 / 53 60 68 74 / 55 59 67 -74 / 56 60 65 72 / 48 -56 -65 -72 / 50 55 65 71 / 51 63 67 -71 / 62 -51 -67 -71 <END> 
<S> 53 60 65 74 / 59 -53 -65 -74 / 54 60 63 72 / 74 -54 -60 -64 / 55 62 71 77 / 53 -62 -71 -77 / 51 67 72 79 / 50 -62 -72 -79 / 51 60 67 75 / 53 -67 -75 <END> 
<S> 63 72 -51 -67 / 50 65 77 -72 / 71 -50 -65 -77 / 51 67 72 75 / 53 -67 -72 -75 / 55 67 71 74 / 51 67 70 79 / 60 -51 -70 -79 / 58 62 70 77 / 56 60 72 77 <END> 
<S> 51 63 67 75 / 53 62 65 77 / 60 63 67 79 / 58 62 -67 -79 / 56 60 65 77 / 55 67 75 -60 / 53 60 68 74 / 55 59 67 -74 / 65 -55 -67 -74 / 48 63 67 72 / 56 63 72 <END> 
<S> 53 60 68 74 / 55 72 -60 -68 / 56 59 65 74 / 60 -56 -65 -74 / 55 59 67 75 / 54 57 62 74 / 55 59 62 50 / 54 62 62 / 60 -50 -54 -62 / 43 55 59 62 <END> 
<S> 50 59 62 67 / 65 -50 -55 -62 / 48 55 63 70 / 53 -48 -63 -67 / 45 60 65 -63 / 47 55 62 67 / 48 55 60 63 / 48 55 60 63 / 58 -48 -55 -60 / 41 56 60 65 / 62 -41 -56 -65 <END> 
<S> 48 55 60 63 / 46 -55 -60 -63 / 44 56 60 65 / 43 50 59 67 / 55 58 62 67 / 53 56 -62 -67 / 51 55 63 70 / 50 -55 -63 -70 / 48 60 63 67 / 53 -60 -63 -67 / 55 62 67 -60 / 59 -55 -67 / 65 -43 -55 -67 / -71 62 -55 -67 / 47 55 62 -67 / 65 -47 -55 -62 <END> 
<S> 55 62 63 70 / 51 -55 -63 -70 / 53 56 62 68 / 58 60 -53 -68 / 50 53 62 70 / 51 58 67 -70 / 53 60 65 69 / 51 -60 -65 -69 / 50 58 65 70 / 46 58 62 -65 / 51 58 63 67 / 51 58 63 67 <END> 
<S> 50 62 65 70 / 46 -62 -65 -70 / 48 60 63 68 / 50 -60 -65 -68 / 51 58 67 / 68 -51 -58 / 57 60 63 -51 / 55 58 -63 / 62 56 -55 -63 / 55 58 63 / 56 59 62 65 <END> 
<S> 56 60 62 65 / 55 59 62 -65 / 60 63 -55 / 57 60 62 -60 / 55 59 62 / 53 -43 -59 -62 / 36 51 55 60 / 48 55 63 67 <END> 
<S> 55 60 62 / 53 -55 -60 -62 / 43 55 59 -62 / 53 -43 -59 -62 / 48 51 55 60 / 48 60 63 67 / 58 62 -48 -67 / 53 57 60 69 / 51 55 -60 -69 / 50 53 62 70 / 51 58 67 / 50 53 -58 -67 <END> 
<S> 48 55 60 63 / 56 -48 -60 -63 / 50 55 58 65 / 53 56 62 -50 / 51 55 58 / 53 56 60 62 / 55 59 62 / 56 60 -55 -62 / 51 55 60 67 / 58 -52 -55 -67 / 53 57 60 65 / 55 58 63 -65 / 56 62 65 / 55 58 63 75 / 56 60 65 51 <END> 
<S> 55 60 63 / 59 62 -55 -60 / 55 60 -55 / 53 62 -55 -60 / 50 59 -55 -62 / 53 -50 -55 -60 / 55 59 -50 -55 / 53 -43 -59 -62 / 48 51 55 60 / 0 / 48 60 63 67 / 58 -48 -63 -67 / 53 56 65 / 60 -53 -56 -65 <END> 
<S> 48 51 55 60 / 50 53 58 65 / 55 58 67 -50 / 53 56 62 -67 / 51 55 60 -67 / 62 -51 -55 -67 / 48 60 63 67 / 53 60 65 68 / 46 62 65 70 / 51 63 67 70 / 62 -51 -67 -70 <END> 
<S> 53 60 65 68 / 51 -60 -65 -68 / 50 62 65 70 / 46 62 -65 -70 / 51 58 63 67 / 50 -58 -63 -67 / 48 63 68 -58 / 46 58 62 70 / 51 58 63 67 / 50 65 -58 -67 / 52 60 67 72 / 48 -60 -67 -72 / 55 60 67 74 / 59 -55 -67 -74 / 65 -55 -59 -74 <END> 
<S> 51 58 67 75 / 53 60 69 -75 / 55 62 70 74 / 63 72 -55 -70 / 65 74 -55 -72 / 60 67 75 -72 / 59 62 -67 -75 / 60 72 75 -67 / 62 65 77 -72 / 71 -62 -65 -77 / 63 67 72 79 / 71 -63 -67 -79 / 60 67 72 75 / 74 -60 -67 -72 <END> 
<S> 60 63 72 75 / 62 65 77 -72 / 71 -65 -69 -77 / 63 67 72 79 / 60 63 72 79 / 59 62 74 79 / 77 -59 -62 -74 / 60 63 72 75 / 57 -63 -72 -75 / 55 63 70 72 / 53 -63 -70 -75 / 51 65 70 77 / 50 -65 -70 -77 <END> 
<S> 59 62 74 79 / 77 -59 -62 -74 / 60 63 67 75 / 65 69 -60 -75 / 55 67 71 74 / 50 67 71 77 / 51 67 72 79 / 53 -67 -72 -79 / 55 67 71 74 / 65 -55 -71 -74 / 56 63 72 / 70 -56 -63 -72 <END> 
<S> 51 67 72 75 / 53 -67 -72 -75 / 55 67 71 74 / 51 67 70 79 / 65 -51 -70 -79 / 63 70 79 -65 / 62 -65 -70 -79 / 60 63 75 79 / 58 -63 -72 -79 <END> 
<S> 63 70 79 / 62 65 -70 -79 / 63 67 79 -82 / 60 63 75 79 / 58 62 70 77 / 56 60 75 77 / 55 70 75 79 <END> 
<S> 63 70 79 / 62 -63 -70 -79 / 60 63 68 79 / 58 -63 -68 -79 / 56 63 72 77 / 55 -63 -72 -77 / 57 60 75 77 / 58 67 75 <END> 
<S> 53 68 72 75 / 55 67 71 74 / 56 60 72 77 / 58 62 70 -77 / 68 -58 -62 -77 / 60 63 67 75 / 58 62 -67 -75 / 56 60 65 77 / 55 67 -60 -77 <END> 
<S> 63 67 70 / 61 -63 -67 -70 / 56 63 68 72 / 67 -56 -63 -72 / 65 68 -56 -72 / 64 -65 -68 -72 / 63 70 -65 / 62 63 -70 / 41 60 68 74 / 59 68 74 -53 / 51 60 67 -74 / 56 72 -51 -67 <END> 
<S> 44 60 65 72 / 56 -60 -72 / -72 -60 -67 -72 / 74 -60 -67 -72 / 60 68 74 -67 / 59 68 -68 -74 / 60 -68 -68 -74 / 60 67 75 / 58 -60 -67 -75 / 56 60 67 75 / 55 -60 -67 -75 / 53 65 68 74 / 67 -53 -65 -74 / 48 63 67 75 / 69 -48 -63 -75 <END> 
<S> 56 60 65 74 / 55 59 67 -74 / 53 60 68 72 / 51 58 67 79 / 60 69 -51 -79 / 58 62 50 -79 / 56 60 -62 -77 / 55 62 71 79 / 56 -62 -71 -79 / 62 77 -56 -71 / 59 -62 -69 -77 / 60 67 75 / 62 77 -60 -67 <END> 
<S> 58 62 67 57 / 60 -58 -67 / 55 59 67 74 / 55 67 70 74 / 60 67 72 75 / 58 -67 -72 -75 / 56 68 72 75 / 53 -68 -72 -75 / 55 62 71 74 / 63 67 -55 -71 / 62 65 77 -70 / 60 63 75 79 / 58 62 74 77 <END> 
<S> 56 68 72 77 / 55 -68 -72 -77 / 56 60 75 -68 / 74 -56 -60 -68 / 55 59 67 75 / 56 60 72 75 / 53 62 68 74 / 55 67 71 -74 / 65 -55 -71 -74 / 48 63 67 72 / 55 67 71 74 <END> 
<S> 53 60 68 74 / 51 -60 -68 -74 / 50 59 68 74 / 55 59 67 -74 / 65 -55 -59 -74 / 48 60 63 67 / 46 -60 -63 -67 / 44 63 68 72 / 46 -63 -68 -72 / 51 63 70 -68 / 62 -51 -67 -70 / 53 60 68 -67 / 55 58 -68 -67 / 56 60 65 68 / 53 58 65 68 <END> 
<S> 46 62 65 70 / 51 63 67 70 / 61 -51 -67 -70 / 52 60 67 72 / 53 74 -60 -67 / 55 60 67 / 59 -55 -67 / 65 48 -55 -67 / 48 55 63 / 47 62 -55 / 44 51 60 67 <END> 
<S> 55 60 67 75 / 53 -60 -67 -75 / 55 59 67 74 / 65 -55 -59 -74 / 56 60 63 72 / 55 58 -63 -72 / 53 56 68 74 / 58 -53 -68 -68 / 48 60 67 68 / 68 -48 -60 -68 / 46 61 67 70 / 44 60 68 <END> 
<S> 48 60 68 -67 / 50 -60 -67 -68 / 51 -60 -67 -75 / 53 -60 -67 -75 / 55 62 74 -67 / 65 -55 -72 -74 / 56 63 70 -74 / 65 -56 -70 -74 / 47 67 68 74 / 65 -47 -74 -77 / 48 67 72 75 / 53 -67 -72 -75 / 55 -67 -72 -75 / 48 -55 -72 -75 <END> 
<S> 48 63 67 72 / 55 67 71 74 / 55 67 71 74 / 53 67 70 75 / 65 68 72 -75 / 63 67 70 75 / 65 72 -70 -75 / 67 71 74 77 / 59 67 74 79 <END> 
<S> 46 67 70 74 / 65 68 72 / 63 67 70 / 62 65 -67 -70 / 60 63 67 72 / 58 62 -67 -72 / 56 60 65 72 / 55 67 -60 -72 / 53 60 65 68 / 51 67 -60 -65 / 53 60 65 68 / 63 -53 -65 -68 / 46 62 65 70 / 51 63 67 70 / 61 -51 -67 -70 <END> 
<S> 56 60 67 72 / 65 -56 -60 -72 / 55 61 67 70 / 53 65 68 -70 / 51 67 72 / 59 74 -67 / 60 67 72 75 / 58 -67 -72 -75 / 56 68 77 -72 / 55 67 71 75 / 65 -55 -71 -75 <END> 
<S> 48 63 67 75 / 62 -48 -67 -75 / 53 60 65 74 / 63 72 -53 -60 / 55 59 62 74 / 60 67 72 / 58 65 68 74 / 63 67 70 / 62 65 -67 -70 / 60 63 67 75 / 58 -60 -67 -75 <END> 
<S> 63 70 -56 -65 / 55 63 67 70 / 65 -55 -67 -70 / 53 56 67 72 / 51 63 -56 -72 / 50 53 65 70 / 55 62 67 -70 / 53 60 65 69 / 51 63 67 70 / 50 62 65 71 / 48 60 67 72 / 52 60 67 70 / 53 60 68 -67 <END> 
<S> 53 60 63 68 / 62 -53 -60 -68 / 55 59 67 / 65 -55 -59 -67 / 56 60 63 / 55 58 62 70 / 53 63 68 72 / 55 65 -68 -72 / 53 -65 -68 -72 / 64 -53 -68 -72 / 58 65 -68 -68 / 60 67 -65 -68 / 58 65 -67 -68 / 60 63 68 75 / 55 -60 -68 -75 <END> 
<S> 56 60 67 72 / 65 -56 -60 -72 / 55 61 67 70 / 53 56 68 -70 / 51 58 67 68 / 65 -51 -58 -67 / 63 67 -58 -70 / 62 65 -55 -70 / 60 63 67 72 / 58 62 70 -75 / 56 63 72 77 / 55 -63 -72 -77 / 53 62 70 79 / 51 63 -70 -79 <END> 
<S> 63 67 70 / 61 -63 -67 -70 / 60 63 67 70 / 58 -63 -67 -70 / 56 63 68 72 / 55 -63 -68 -72 / 53 61 67 70 / 52 -61 -67 -70 / 53 60 67 68 / 55 -60 -67 -68 / 56 60 65 68 / 53 -60 -65 -68 <END> 
<S> 56 60 63 72 / 55 -60 -63 -72 / 53 65 68 72 / 55 67 -65 -72 / 56 65 -67 -72 / 58 65 74 / 57 60 -65 -74 / 55 58 67 75 / 65 74 -55 -58 / 53 56 72 -58 / 57 -53 -53 -72 / 46 58 62 70 / 68 -46 -58 -62 / 77 -58 -62 <END> 
<S> 53 57 65 74 / 72 -53 -57 -65 / 63 58 65 70 / 62 65 69 / 60 63 70 / 56 62 65 72 / 60 -56 -65 -72 / 47 62 67 71 / 65 -47 -62 -71 / 48 63 65 69 / 57 63 -48 -69 <END> 
<S> 43 59 62 67 / 55 62 67 70 / 60 63 67 70 / 56 60 65 68 / 58 62 67 70 / 56 65 68 72 / 55 64 67 70 / 53 65 68 -70 <END> 
<S> 56 63 68 72 / 53 -63 -68 -72 / 55 63 67 70 / 53 61 -67 -70 / 51 60 67 72 / 53 -60 -67 -72 / 55 65 67 71 / 43 59 67 74 / 48 60 -67 -74 / 47 68 74 -60 / 44 59 67 74 <END> 
<S> 56 60 63 72 / 65 74 -56 -60 / 55 67 72 75 / 53 68 74 -75 / 55 62 71 74 / 56 72 -62 / / 55 67 70 75 / 53 68 77 51 / 55 67 75 79 / 56 65 77 -75 / 58 74 75 -65 / 63 -58 -70 -75 <END> 
<S> 53 68 77 -63 / 55 62 70 -77 / 56 63 72 -70 / 55 65 70 74 / 53 67 70 75 / 51 -67 -70 -75 / 53 65 70 74 / 51 63 70 -74 / 53 68 72 -63 / 62 -53 -68 -72 / 51 63 67 79 / 62 -51 -67 -79 / 60 67 72 75 / 58 -67 -72 -77 <END> 
<S> 51 63 67 72 / 60 -51 -67 -72 / 53 56 65 -72 / 51 58 67 -65 / 63 -58 -67 / 62 65 -51 -58 / 63 -56 -65 / 55 58 70 75 / 55 63 70 -70 / 51 67 -63 -70 / 56 60 63 72 / 60 65 -56 -72 / 55 62 67 71 / 48 63 67 72 / 50 63 67 70 <END> 
<S> 51 58 67 70 / 63 -51 -67 -70 / 69 -51 -63 -67 / 50 62 66 -69 / 51 62 67 70 / 50 -62 -67 -70 / 48 62 67 72 / 58 -48 -67 -72 / 54 57 62 74 / 72 -57 -57 -62 / 55 58 63 72 / 57 65 -63 -72 / 58 62 65 70 / 60 63 68 75 / 57 -60 -63 -75 <END> 
<S> 52 60 67 72 / 70 -52 -60 -67 / 53 60 65 69 / 51 -60 -65 -69 / 50 58 65 70 / 46 62 -65 -70 / 51 60 63 67 / 58 -60 -63 -67 / 56 60 63 68 / 53 62 65 68 / 60 63 -53 -68 / 55 59 62 67 / 56 60 63 -67 / 65 74 -56 -60 / 55 58 63 67 / 56 65 68 -51 / 55 63 67 70 / 53 65 68 72 <END> 
<S> 56 60 63 / 55 -56 -60 -63 / 53 56 62 / 55 58 63 / 57 56 60 65 / 55 58 62 70 / 53 68 -58 -62 / 51 63 67 -58 / 53 60 65 68 / 55 59 67 -65 / 56 60 63 -67 / 62 65 -56 -60 / 50 58 62 67 / 53 -62 -67 -70 / 51 63 67 72 / 53 -63 -67 -72 <END> 
<S> 51 58 63 67 / 53 68 -58 -63 / 55 58 63 70 / 51 56 65 68 / 63 -51 -56 -65 / 50 58 65 70 / 56 62 -58 -70 / 51 58 63 67 / 62 -51 -58 -67 / 44 60 63 67 / 46 58 62 68 / 51 58 63 67 <END> 
<S> 51 63 68 -58 / 50 -63 -68 -68 / 55 58 63 67 / 60 -55 -67 / 58 62 67 / 56 60 63 72 / 65 74 -56 -60 / 55 58 63 75 / 53 -58 -63 -75 / 51 58 70 77 / 56 75 -51 -70 / 51 67 70 72 / 50 65 70 74 / 51 -65 -70 -74 <END> 
<S> 55 58 67 75 / 53 68 -58 -75 / 51 63 67 72 / 50 65 74 / 48 63 67 72 / 46 62 70 / 68 -46 -62 -70 / 51 58 67 70 / 55 63 70 -51 / 53 -63 -67 -70 / 51 63 67 72 / 50 65 71 74 / 48 67 72 75 / 51 -67 -72 -75 <END> 
<S> 55 58 70 75 / 53 68 -58 -75 / 55 63 70 74 / 56 65 72 75 / 58 77 -70 -75 / 75 -58 -62 -75 / 51 70 77 -60 / 58 75 -51 -70 / 51 63 70 79 / 55 63 70 79 / 61 70 79 / 60 63 72 79 <END> 
<S> 58 63 70 77 / 62 -58 -70 -77 / 60 63 67 79 / 55 62 -67 -79 / 57 60 65 77 / 59 62 67 -77 / 60 63 67 75 / 55 62 -67 -75 / 53 68 72 74 / 55 67 71 -74 / 65 -55 -71 -74 / 48 63 67 72 / 56 65 70 77 / 55 67 70 75 / 53 68 77 -75 / 55 67 74 77 / 56 72 75 <END> 
<S> 48 67 75 -65 / 60 -48 -67 -75 / 55 67 74 -60 / 59 -55 -67 -74 / 57 60 63 72 / 65 68 -60 -72 / 62 67 70 / 60 68 -67 / 58 62 67 79 / 60 68 -51 -79 / 55 62 67 71 / 53 -62 -67 -71 / 60 67 72 75 / 63 -67 -72 -75 / 56 65 74 -72 / 55 71 -65 -74 <END> 
<S> 60 63 67 75 / 62 -60 -67 -75 / 54 60 69 75 / 55 67 71 74 / 60 67 72 75 / 58 -67 -72 -75 / 57 60 72 77 / 55 70 -60 -77 / 53 65 69 72 / 74 -53 -65 -69 / 55 58 67 75 / 57 60 -67 -75 / 58 62 65 74 <END> 
<S> 57 60 72 77 / 55 70 -60 -77 / 53 65 69 72 / 74 -53 -65 -69 / 55 58 67 75 / 57 60 -67 -75 / 58 62 65 74 / 59 67 74 / 51 -59 -67 -74 / 60 67 72 75 / 62 65 71 77 / 63 72 79 / 62 -63 -72 -79 <END> 
<S> 60 63 67 75 / 62 -60 -67 -75 / 54 60 69 75 / 55 67 71 74 / 60 67 72 75 / 58 -67 -72 -75 / 57 60 72 77 / 55 70 -60 -77 / 53 65 69 72 / 74 -53 -65 -69 / 55 58 67 75 / 57 60 -67 -75 <END> 
<S> 57 60 72 77 / 55 70 -60 -77 / 53 65 69 72 / 74 -53 -65 -69 / 55 58 67 75 / 57 60 -67 -75 / 58 62 65 74 / 52 67 70 72 / 53 65 69 72 / 63 -53 -69 -72 / 46 62 65 70 / 48 63 69 75 <END> 
<S> 53 65 69 72 / 63 -53 -69 -72 / 46 62 65 70 / 55 58 67 75 / 57 60 -67 -75 / 58 62 65 74 / 64 67 -58 -74 / 65 -58 -67 -74 / 57 63 72 75 / 62 65 70 -72 / 63 67 70 75 / 69 72 -63 -75 / 62 65 70 74 / 63 67 70 75 / 65 -43 -70 -75 <END> 
<S> 63 67 70 / 62 65 -70 / 60 63 67 75 / 58 62 70 77 / 56 60 72 77 / 55 70 -60 -77 / 53 68 72 75 / 74 -53 -68 -72 / 75 -53 -68 -72 / 55 67 71 74 / 48 67 72 / 60 67 74 / 59 65 -67 -74 <END> 
<S> 53 68 72 74 / 55 67 71 -74 / 65 -55 -71 -74 / 48 63 72 / 60 63 67 72 / 58 62 -67 -72 / 56 60 65 72 / 55 -60 -63 -72 / 53 -60 68 72 / 55 74 -60 -68 / 67 -55 -60 -74 / 56 60 65 72 / 65 -56 -60 -72 / 63 -56 -60 -72 / 59 62 74 -56 / 55 67 71 -74 <END> 
