<S> 45 57 64 72 / 52 56 64 71 / 62 -52 -56 -71 / 53 57 60 69 / 52 55 67 71 / 57 72 -52 -67 / 50 59 65 74 / 48 60 64 76 / 66 -48 -60 -76 / 47 62 67 74 / 64 -47 -67 -74 / 45 66 69 72 <END> 
<S> 50 60 65 71 / 52 59 -50 -65 / 57 -50 -65 -65 / 47 55 65 74 / 62 71 -55 -65 / 48 55 64 72 / 48 60 64 72 / 50 -60 -64 -72 / 52 64 67 72 / 62 -52 -67 -72 / 66 -48 -55 -72 / 43 62 67 71 / 55 59 62 67 <END> 
<S> 52 64 67 72 / 55 62 -64 -72 / 54 60 69 -72 / 55 62 67 71 / 53 59 62 67 / 52 59 67 / 50 65 77 -58 / 52 60 64 72 / 53 59 62 74 / 52 60 67 76 / 50 77 -60 -67 / 52 67 -60 -76 / 53 59 74 -67 / 55 64 72 76 / 62 -55 -72 -76 <END> 
<S> 52 60 67 72 / 50 62 -67 -72 / 52 64 67 / 60 64 67 76 / 56 60 72 77 / 57 62 -57 -72 / 55 64 72 76 / 65 -55 -72 -76 / 55 67 74 -72 / 71 -55 -67 -74 / 65 -55 -71 -74 / 56 64 71 72 / 57 64 69 72 / 67 -57 -64 -72 / 50 62 66 71 / 59 -50 -62 -71 <END> 
<S> 57 64 72 / 55 59 67 74 / 60 67 76 / 59 -60 -67 -76 / 52 60 67 79 / 53 69 74 -60 / 55 67 71 74 / 65 -55 -71 -74 / 48 64 67 72 / 57 60 66 72 / 55 59 67 74 / 47 59 62 67 <END> 
<S> 55 62 67 72 / 71 -55 -62 -67 / 55 62 69 -67 / 71 -55 -62 / 72 -48 -55 -67 / 47 55 62 67 / 64 -47 -55 -67 / 45 60 69 -55 / 53 -45 -60 -69 / 48 60 67 -53 / 52 -48 -60 -67 / 50 58 65 / -50 -50 -58 -65 / 55 59 62 / -65 -55 -62 / 43 55 62 64 / 48 57 60 -64 <END> 
<S> 50 53 65 71 / 52 62 -53 -69 / 52 52 60 67 / 53 60 69 -67 / 65 -53 -60 -69 / 59 62 67 -53 / 52 60 64 -67 / 50 65 -60 -68 / 52 67 -60 -65 / 53 59 68 -67 / 55 65 -59 -67 / 64 -55 -59 -64 / 50 57 65 -64 / 62 -50 -65 -66 / 55 59 64 67 / 62 -55 -59 -67 / 48 55 64 -62 / 47 55 62 -64 <END> 
<S> 53 60 65 69 / 62 -53 -65 -69 / 52 60 64 67 / 58 -52 -64 -67 / 53 57 60 65 / 53 62 65 69 / 50 62 65 69 / 71 -50 -62 -65 / 52 55 64 72 / 54 57 -64 -72 / 55 59 62 71 / 60 69 -55 -74 / 55 59 67 74 / 53 60 -67 -74 <END> 
<S> 50 62 66 71 / 60 69 -50 -66 / 55 59 62 67 / 55 59 62 67 / 57 60 -62 -67 / 59 62 67 74 / 72 -59 -62 -67 / 52 64 67 72 / 50 62 65 -67 / 48 64 67 69 / 47 62 -67 -69 / 45 52 60 -69 / 48 52 -60 -69 / 50 62 66 71 / 48 55 64 69 / 62 -48 -55 -69 / 70 -48 -55 -64 <END> 
<S> 48 60 67 69 / 50 -60 -67 -69 / 52 60 67 72 / 48 64 -67 -72 / 65 -48 -67 -72 / 43 59 67 74 / 62 74 -53 -74 / 52 60 67 76 / 65 -52 -60 -76 / 57 64 -60 -76 / 62 77 -57 -72 / 59 62 67 79 / 60 69 -67 -79 / 62 71 79 / 72 -62 -71 -79 <END> 
<S> 59 62 67 74 / 60 76 -67 / 59 62 67 74 / 57 60 -67 -74 / 55 59 67 74 / 53 -59 -67 -74 / 52 61 67 76 / 50 62 65 77 / 60 76 -50 -65 / 59 74 -50 -65 / 52 55 60 76 / 53 57 69 72 / 55 67 71 74 / 60 67 76 -74 / 72 -60 -67 -76 / 59 67 74 77 / 76 -59 -67 -74 <END> 
<S> 52 60 67 72 / 50 65 69 74 / 71 -50 -65 -74 / 48 67 72 76 / 50 77 -72 -76 / 52 79 -72 -76 / 53 74 -72 50 / 55 62 71 -74 / 77 -50 -62 -71 / 48 67 76 -62 / 60 -48 -67 -76 / 47 67 74 / 52 76 -67 -74 / 53 65 69 72 / 47 65 74 -72 / 64 -47 -69 -74 / 62 69 77 -64 / 61 -69 -69 -77 <END> 
<S> 48 67 76 47 / 64 -67 -76 / 62 66 74 -48 / 64 67 -74 -77 / 65 69 73 76 / 67 73 79 / 69 74 77 / 59 62 74 -77 / 60 64 76 -74 / 72 -60 -64 -76 / 54 69 74 -72 / 56 64 71 -74 / 57 64 72 -71 / 69 -57 -64 -72 <END> 
<S> 59 67 74 79 / 60 77 -67 / 62 65 69 74 / 71 -62 -66 / 61 64 69 72 / 62 69 74 / 64 -69 -72 / 50 65 71 77 / 52 67 72 76 / 53 -67 -72 -76 / 55 67 71 -74 / 52 67 70 79 / 65 -52 -67 -79 <END> 
<S> 50 69 74 77 / 71 -50 -74 -77 / 52 67 72 76 / 53 69 -72 -76 / 55 67 71 74 / 57 65 69 72 / 59 62 67 74 / 65 -59 -62 -74 / 55 60 67 76 / 53 57 -67 -76 / 55 59 67 74 / 53 -59 -67 -74 <END> 
<S> 59 62 67 74 / 57 60 -67 -74 / 55 59 67 74 / 55 59 -74 / 53 57 62 / 55 64 -53 -69 / 50 65 71 -69 / 52 67 -57 -71 / 50 59 65 -71 / 48 64 67 72 / 48 64 67 72 / 55 62 67 71 <END> 
<S> 50 62 65 69 / 64 -50 -69 / 62 71 -57 / 55 59 -62 -71 / 60 64 69 72 / 57 60 -69 -72 / 55 67 71 74 / 53 -67 -71 -74 / 52 67 72 -67 / 50 65 69 77 / 48 64 67 76 / 50 66 69 74 / 55 67 71 74 / 62 67 71 -74 <END> 
<S> 50 62 66 -72 / 69 -50 -62 -78 / 55 62 71 79 / 64 67 72 79 / 65 74 81 / 64 -65 -74 -81 / 62 66 74 81 / 72 -62 -66 -81 / 55 67 71 79 / 60 64 69 79 / 62 71 -69 -79 / 64 67 69 72 / 50 -64 -67 -72 <END> 
<S> 59 67 74 79 / 60 67 76 -79 / 59 74 79 -67 / 57 71 76 -81 / 56 64 71 81 / 57 64 72 -81 / 59 62 74 79 / 61 64 76 -79 / 62 65 69 77 / 50 69 74 -77 / 68 74 71 -77 / 76 67 73 76 / 69 74 50 71 <END> 
<S> 57 60 76 77 / 59 74 -57 -77 / 76 -59 -66 -76 / 57 69 72 77 / 55 74 -69 / 53 59 67 -74 / 52 60 67 72 / 58 -52 -67 -72 / 53 57 69 72 / 52 67 72 -57 / 50 57 65 72 / 64 -50 -57 -72 / 55 59 62 74 / 60 64 -55 -74 / 65 -55 -60 -74 <END> 
<S> 50 65 69 74 / 71 -50 -65 -74 / 48 67 72 76 / 52 -67 -72 -76 / 53 69 74 -72 / 50 65 -72 -74 / 55 62 71 -74 / 67 -55 -71 -74 / 65 -55 -71 -74 / 48 64 67 72 <END> 
<S> 53 69 72 / 52 67 -53 -72 / 50 65 71 / 55 59 67 -71 / 48 60 67 72 / 48 64 -60 -72 / 47 62 74 -72 / 66 -47 -62 -74 / 48 64 67 71 / 50 62 -67 -71 / 52 62 67 71 / 48 64 -67 -71 / 50 62 66 69 / 60 -50 -66 -69 <END> 
<S> 48 64 67 72 / 62 71 -67 / 69 72 -62 / 50 62 69 71 / 67 -50 -62 -69 / 51 66 69 72 / 46 62 -69 -72 / 48 64 69 -72 / 50 62 66 -72 / 51 60 67 71 / 50 59 -67 -71 / 48 55 -67 -71 / 50 62 66 69 / 60 -50 -66 -69 / 43 59 62 67 <END> 
<S> 49 64 69 -67 / 50 66 69 -69 / 62 -50 -66 -69 / 43 59 62 67 / 48 55 60 64 / 59 -48 -55 -64 / 50 55 58 62 / 43 55 59 62 / 48 55 60 64 / 48 52 60 67 / 53 60 69 72 / 52 64 71 57 / 68 -52 -64 -71 <END> 
<S> 48 55 60 64 / 50 -55 -60 -64 / 52 55 60 64 / 50 -55 -60 -64 / 48 55 60 62 / 47 55 62 -62 / 67 -47 -53 -62 / 43 55 59 62 / 53 -43 -59 -62 / 48 52 55 60 / 0 <END> 
<S> 43 55 60 62 / 55 -43 -60 -62 / 53 -43 -60 -62 / 52 55 59 -62 / 53 -43 -59 -62 / 52 52 -43 -59 / 45 53 57 -62 / 47 55 62 / 65 -47 -55 -62 / 48 55 64 64 / 46 -55 -64 -64 / 45 57 60 65 / 43 55 59 64 / 41 57 60 65 / 38 -57 -60 -65 <END> 
<S> 48 52 55 60 / 48 52 55 60 / 50 62 -55 -60 / 52 55 60 / 53 59 62 -55 / 55 60 64 / 43 59 62 -55 / 45 57 60 66 / 43 50 59 67 / 41 53 60 69 / 43 59 -53 -62 / 45 52 60 64 / 54 57 62 69 <END> 
<S> 47 55 62 67 / 45 -55 -62 -67 / 47 55 62 67 / 43 -55 -62 -67 / 48 55 60 64 / 48 55 60 64 / 58 -48 -55 -64 / 41 53 57 62 / 43 -53 -57 -62 / 45 52 57 60 / 53 -45 -57 -60 / 47 55 62 / 43 55 59 62 <END> 
<S> 55 58 62 -48 / 52 -55 -58 -62 / 53 57 60 69 / 55 59 62 -69 / 52 -55 -59 -62 / 50 53 60 65 / 52 59 -50 -65 / 48 52 55 64 / 60 -48 -55 -64 / 43 55 60 62 / 55 59 -43 -62 / 53 -43 -59 -62 / 48 52 55 60 / 0 <END> 
<S> 48 55 60 64 / 47 -55 -60 -64 / 45 57 60 -64 / 43 -57 -60 -64 / 41 55 60 62 / 38 -55 -60 -62 / 43 59 59 -62 / 36 55 60 64 / 52 55 60 67 / 53 69 -60 -67 / 50 62 65 69 / 48 64 -62 -69 / 50 57 65 69 / 48 55 64 67 / 60 -48 -55 -64 <END> 
<S> 45 60 64 69 / 47 -60 -64 -69 / 48 59 64 67 / 50 60 -64 -67 / 52 55 64 72 / 54 62 -55 -72 / 55 62 71 / 53 -55 -62 -71 / 52 55 60 72 / 48 64 -55 -72 / 54 62 69 74 / 50 59 67 -74 / 57 66 -50 -69 / 43 59 62 67 / 48 60 64 67 <END> 
<S> 50 62 69 -67 / 60 -50 -67 -69 / 55 59 62 67 / 55 59 62 67 / 52 60 67 / 58 -52 -60 -67 / 53 57 60 69 / 52 55 -60 -69 / 50 53 62 71 / 48 55 64 72 / 43 59 67 74 / 45 60 -67 -74 / 47 62 65 74 / 43 59 -74 -74 / 48 55 60 72 / 47 55 62 67 / 65 -47 -55 -62 <END> 
<S> 52 55 67 72 / 50 53 65 74 / 52 64 67 -74 / 53 62 69 74 / 71 -53 -62 -74 / 55 59 67 76 / 60 67 72 76 / 71 -60 -67 -76 / 69 72 74 -67 / 62 71 -69 / 64 67 72 / 65 69 -67 -72 / 64 67 71 / 62 65 -67 -71 / 60 64 67 72 / 62 74 -60 -67 / 52 60 67 76 / 53 69 -60 -76 <END> 
<S> 60 67 72 76 / 57 65 -72 -76 / 55 62 71 74 / 64 -55 -71 -74 / 48 64 67 72 / 60 66 69 74 / 55 59 67 74 / 60 67 76 / 59 62 -67 -76 / 57 60 65 77 / 55 67 76 -60 / 53 60 69 74 / 55 59 67 -74 / 72 -55 -60 -67 / 50 74 -67 66 <END> 
<S> 59 62 67 74 / 58 65 74 / 57 60 66 -74 / 59 62 67 71 / 60 64 -67 -71 / 62 69 -67 / 64 72 -67 / 50 66 69 -72 / 59 62 67 71 / 52 60 64 72 / 54 57 60 72 / 55 59 67 74 / 52 64 71 79 / 50 62 69 72 / 55 62 67 71 <END> 
<S> 57 64 69 72 / 62 65 -69 -72 / 64 67 71 / 62 65 -71 -79 / 60 64 72 79 / 59 74 -64 -79 / 57 60 72 76 / 55 71 -60 -76 / 53 65 69 72 / 52 -65 -69 -72 / 50 65 69 74 / 71 -50 -65 -74 / 48 67 72 76 / 52 -67 -72 -76 / 53 69 -72 74 / 50 65 -72 -74 / 55 62 71 -74 / 67 -55 -71 -74 / 65 -55 -71 -74 <END> 
<S> 53 65 69 72 / 64 -53 -69 -72 / 58 62 74 -69 / 67 76 -62 -74 / 65 69 -62 -74 / 67 71 -62 -77 / 56 67 73 76 / 57 64 69 72 / 55 -64 -69 -72 / 53 57 69 72 / 71 -53 -57 -69 / 52 60 67 76 / 50 -60 -67 -76 / 52 60 67 -76 / 53 59 68 74 <END> 
<S> 57 64 69 72 / 55 -64 -69 -72 / 53 60 69 -69 / 52 64 -69 -69 / 50 65 -69 -77 / 52 59 68 76 / 56 64 -59 -71 / 57 64 72 / 55 65 74 / 53 67 70 -74 / 52 -67 -70 -74 / 53 65 69 72 / 55 71 -65 -69 / 57 60 64 72 / 69 74 -60 -64 <END> 
<S> 58 62 67 74 / 64 -58 -67 -74 / 57 65 69 72 / 50 77 -65 -69 / 60 -50 -65 -77 / 58 62 65 74 / 64 67 -58 -74 / 53 65 68 72 / 64 -53 -70 -72 / 55 65 69 72 / 53 -65 -69 -72 / 52 -65 70 -72 / 53 65 69 -72 / 48 -65 -69 -72 <END> 
<S> 57 60 65 72 / 55 -60 -65 -72 / 53 65 69 72 / 52 -65 -69 -72 / 53 65 69 74 / 53 -65 -69 -74 / 55 63 70 -74 / 72 -55 -63 -70 / 55 70 74 -63 / 53 -67 -70 -74 / 51 63 70 79 / 50 -63 -70 -79 <END> 
<S> 55 63 70 75 / 61 -55 -70 -75 / 56 68 -61 -75 / 58 60 68 75 / 68 -46 -60 -68 / 51 58 67 75 / 0 / 63 67 70 79 / 62 65 -70 -79 / 60 63 72 79 / 58 68 72 77 / 60 67 75 <END> 
<S> 63 68 72 -58 / 62 65 -72 / 63 67 70 -72 / 65 68 -63 -72 / 63 67 71 / 62 68 -67 / 60 63 67 75 / 58 -60 -67 -75 / 56 60 72 77 / 55 62 71 79 / 53 -62 -71 -79 / 51 63 79 79 / 77 -51 -63 -79 <END> 
<S> 60 63 72 75 / 62 65 72 77 / 70 79 -65 / 63 68 72 77 / 65 70 74 / 63 67 70 / 62 65 -67 -70 / 60 63 67 -70 / 58 62 -67 -70 / 56 60 68 72 / 55 -60 -63 -72 <END> 
<S> 63 67 70 79 / 62 65 -70 -79 / 60 63 72 79 / 57 60 77 -72 / 59 62 74 77 / 60 67 75 -74 / 51 67 72 79 / 53 69 77 -72 / 71 74 -53 -65 / 48 60 72 76 <END> 
<S> 58 63 74 79 / 72 -58 -63 -79 / 55 62 71 77 / 57 60 72 77 / 59 67 74 -77 / 60 67 75 -74 / 72 -60 -67 -75 / 55 67 71 74 / 0 / 51 70 75 79 <END> 
<S> 63 67 79 -60 / 59 62 -67 -75 / 60 67 75 / 58 -60 -67 -75 / 53 57 65 72 / 46 58 65 74 / 51 58 67 75 / 50 60 65 77 / 56 62 68 -77 / 51 63 67 75 <END> 
<S> 53 63 68 77 / 51 -53 -68 -77 / 50 58 70 77 / 46 62 -70 -77 / 51 63 67 79 / 60 63 79 -79 / 58 65 68 -79 / 59 67 74 77 / 68 -59 -74 -77 / 60 67 75 -74 / 72 -60 -67 -75 <END> 
<S> 51 60 67 79 / 53 60 69 -79 / 55 58 70 74 / 56 60 68 72 / 65 74 -56 -60 / 55 58 67 75 / 53 68 77 -58 / 55 62 70 -58 / 56 63 72 -70 / 65 68 -56 -72 / 67 -56 -65 -72 / 47 65 68 74 / 67 -47 -68 -74 / 65 -47 -67 -74 <END> 
<S> 56 60 65 68 / 55 -60 -65 -68 / 53 60 67 70 / 68 -60 -53 -67 / 53 62 68 / 60 -53 -68 / 46 62 65 70 / 46 62 65 -70 / 48 60 63 -70 / 50 58 65 70 / 51 58 67 -65 / 63 -51 -58 -67 <END> 
<S> 46 65 70 -63 / 62 -46 -65 -70 / 46 58 63 67 / 62 65 -58 -67 / 63 60 63 67 / 58 -60 -63 -67 / 56 60 65 -60 / 58 62 -56 -65 / 46 58 62 67 / 44 60 63 -67 / 45 60 65 / 51 63 -45 -60 -65 <END> 
<S> 44 60 63 65 / 58 62 -65 / 63 56 60 / -65 -56 55 62 / 55 63 71 -55 / 53 56 62 / 48 51 55 60 / 50 53 58 65 / 51 58 67 / 53 59 65 68 / 51 55 60 67 / 59 -55 -60 -67 / 53 60 65 -60 / 52 59 -60 -65 <END> 
<S> 51 55 67 72 / 50 -55 -67 -72 / 48 67 74 -67 / 65 69 -55 -74 / 53 62 67 45 / 60 66 -57 / 58 -45 67 / 60 72 -51 -58 / 62 -51 -58 -67 / 51 60 63 69 / 48 58 -63 -69 / 50 57 65 / 70 53 60 -65 / 51 55 67 / 48 52 60 -67 / 53 56 60 68 / 55 -53 -60 -68 <END> 
<S> 56 60 67 72 / 65 -56 -60 -72 / 55 60 67 70 / 53 -60 -67 -70 / 55 59 67 74 / 53 -59 -67 -74 / 51 60 67 75 / 58 62 -67 -75 / 56 63 72 77 / 55 62 71 79 / 60 67 72 75 / 58 62 -67 -72 <END> 
<S> 60 63 67 75 / 58 62 -67 -75 / 56 60 72 77 / 55 70 -60 -77 / 53 65 68 74 / 63 -53 -68 -74 / 59 65 68 74 / 60 67 -65 -74 / 58 62 65 70 / 67 -55 -62 -65 / 48 60 63 -70 / 50 59 65 68 <END> 
<S> 53 63 68 72 / 62 -53 -68 -72 / 63 79 -53 -68 / 65 -53 -60 -72 / 59 67 79 -53 / 52 60 67 -79 / 54 60 69 75 / 50 62 71 77 / 48 63 72 75 / 65 -48 -72 -75 / 55 67 74 -72 / 71 -55 -67 -74 / 51 67 72 / 60 -67 -72 <END> 
<S> 60 67 75 / 58 -60 -67 -75 / 56 60 68 77 / 55 -60 -68 -77 / 53 60 70 79 / 52 -60 -70 -79 / 53 60 68 77 / 59 -53 -68 -77 / 60 67 75 / 53 72 -60 -75 / 55 67 74 -72 / 47 -55 -67 -74 / 48 55 67 72 / 65 74 -55 -67 <END> 
<S> 53 60 69 77 / 53 60 70 75 / 55 65 70 74 / 51 63 67 -74 / 53 74 -67 -70 / 51 72 -67 / 70 -51 -67 -72 / 50 65 70 74 / 48 67 72 75 / 70 -48 -67 -75 / 53 65 68 74 / 72 -53 -65 -68 / 55 67 71 -60 / 63 -55 -67 -71 <END> 
<S> 51 67 72 75 / 53 -67 -72 -75 / 55 67 71 74 / 53 63 70 79 / 55 -63 -70 -79 / 53 63 70 79 / 52 67 -70 -79 / 53 68 72 77 / 62 70 -53 -77 / 60 63 72 79 / 69 -60 -63 -72 / 58 65 70 74 <END> 
<S> 53 60 72 77 / 60 67 75 -53 / 58 62 70 77 / 56 -62 -70 -77 / 55 63 70 79 / 53 -63 -70 -79 / 51 63 70 79 / 72 -51 -63 -79 / 56 68 74 77 / 55 75 -74 51 58 72 70 74 / 76 -58 -70 -74 <END> 
<S> 53 68 77 -63 / 58 62 70 -77 / 51 63 79 79 / 67 -51 -79 -79 / 68 77 -51 -67 / 50 67 72 75 / 48 -67 -72 -75 / 50 65 70 74 / 51 55 70 75 / 53 68 77 -58 / 55 62 67 -77 / 60 63 67 75 / 58 62 65 -75 / 56 60 72 77 / 55 70 -60 -77 <END> 
<S> 51 67 72 77 / 53 75 -67 -72 / 55 67 71 74 / 50 65 70 -74 / 48 72 75 -65 / 50 65 70 74 / 51 -65 -70 -74 / 53 65 69 72 / 63 -53 -69 -72 / 46 62 70 77 / 51 67 70 75 / 53 65 68 77 <END> 
<S> 53 65 70 72 / 51 -65 -70 -72 / 53 65 72 -70 / 67 -53 -65 -72 / 63 -53 -67 -72 / 46 62 65 74 / 48 63 72 75 / 55 67 71 74 / 60 67 72 75 / 62 74 77 -60 / 60 63 75 79 / 58 62 -75 -79 / 56 60 -75 -79 <END> 
<S> 63 68 72 77 / 47 67 74 79 / 48 67 72 75 / 50 65 72 77 / 71 -50 -65 -77 / 51 67 72 75 / 53 -67 -72 -75 / 55 67 71 74 / 65 -55 -71 -74 / 56 63 72 / 70 -56 -63 -72 <END> 
<S> 53 67 72 75 / 51 -67 -72 -75 / 53 68 72 74 / 55 67 71 -74 / 65 -55 -71 -74 / 48 63 67 72 / 51 58 67 79 / 53 60 69 77 / 55 62 67 -77 / 53 -58 -62 -74 / 51 58 63 79 / 55 -51 -63 -79 <END> 
<S> 55 63 70 75 / 53 68 -63 -75 / 51 63 67 70 / 65 -51 -67 -70 / 56 63 67 72 / 62 65 -67 -72 / 60 63 67 72 / 58 62 -67 -72 / 56 60 65 72 / 55 67 -60 -72 / 53 60 68 74 / 59 -60 -68 -74 / 56 60 65 72 / 68 -56 -60 -72 <END> 
<S> 56 60 63 72 / 65 74 -56 -60 / 55 58 67 75 / 53 68 -58 -75 / 55 62 70 74 / 56 72 -63 -74 / 65 74 -56 -72 / 55 63 70 75 / 53 68 -63 -75 / 51 67 70 75 / 65 74 -70 -51 / 63 67 72 75 / 68 -63 -72 -75 <END> 
