<S> 55 63 70 75 / 56 63 68 72 / 74 -56 -63 -68 / 55 63 70 75 / 53 77 -63 -70 / 51 63 70 79 / 57 63 72 77 / 58 62 70 77 / 68 -58 -62 -77 / 51 58 67 75 / 48 60 69 75 <END> 
<S> 57 63 72 77 / 58 62 70 77 / 68 -58 -62 -77 / 51 63 67 79 / 53 65 69 -79 / 71 -53 -65 -79 / 63 72 81 / 62 65 -72 -81 / 63 67 72 79 / 62 65 -72 -79 / 60 63 72 75 / 58 62 70 77 <END> 
<S> 53 63 72 80 / 62 65 70 -80 / 58 63 70 79 / 63 -58 -70 -79 / 56 72 77 -63 / 62 70 -56 -77 / 56 63 72 77 / 60 -56 -63 -77 / 58 62 70 77 / 68 -58 -62 -77 / 51 63 67 75 / 60 67 75 / 58 62 70 77 <END> 
<S> 56 63 68 77 / 53 65 68 -77 / 63 70 79 / 62 65 -70 -79 / 60 63 75 79 / 58 -63 -75 -79 / 56 72 77 -63 / 58 62 70 -77 / 68 -58 -62 -77 / 51 58 67 75 / 58 70 74 / 63 -58 -70 -74 <END> 
<S> 56 63 72 77 / 53 -63 -72 -77 / 58 62 70 77 / 51 67 70 75 / 63 70 79 <END> 
<S> 50 53 62 77 / 51 60 67 75 / 53 62 69 74 / 55 63 67 -74 / 65 -55 -60 -74 / 53 59 67 74 / 55 59 68 -74 <END> 
<S> 53 56 68 74 / 55 60 67 -74 / 56 60 65 68 / 50 58 65 -68 / 48 60 67 -65 / 64 -48 -60 -67 / 53 56 65 -60 / 53 59 -53 -65 / 51 60 -53 -59 / 53 57 60 / 50 58 62 65 / 48 55 63 72 / 44 59 65 74 <END> 
<S> 56 60 65 74 / 55 59 67 -74 / 53 60 68 75 / 51 -60 -68 -75 / 50 60 67 77 / 58 -50 -68 -77 / 51 63 67 75 / 53 65 69 -75 / 55 63 70 77 / 56 62 -70 -77 / 58 62 70 77 / 63 67 70 77 / 65 68 -70 -77 <END> 
<S> 51 58 67 75 / 70 -51 -58 -75 / 56 60 68 72 / 55 67 70 -60 / 53 60 68 -67 / 65 -53 -60 -68 / 46 65 65 74 / 58 63 -65 -74 / 56 64 72 43 55 71 -56 -63 / 60 -56 -64 / 56 59 65 / 55 60 -56 -71 <END> 
<S> 56 63 65 72 / 55 62 -63 -72 / 53 60 65 68 / 51 63 67 70 / 53 68 -63 -70 / 55 63 70 -63 / 56 -63 -63 -70 / 58 63 70 -63 / 61 -58 -63 -67 / 56 60 63 67 / 58 65 -63 / 56 62 -65 -70 <END> 
<S> 51 63 67 -58 / 60 -51 -63 -67 / 56 60 63 68 / 65 -60 44 -68 / 60 63 67 / 58 -60 -67 -75 / 56 60 65 72 / 53 68 74 -65 / 52 67 70 / 61 -52 -67 -70 / 53 60 67 68 / 65 -53 -60 -68 / 56 59 65 -68 / 60 63 -56 -65 <END> 
<S> 52 60 67 72 / 58 -52 -67 -72 / 53 57 67 72 / 65 -53 -57 -72 / 54 63 72 / 55 62 67 70 / 53 63 67 72 / 58 65 74 / 57 67 72 75 / 58 65 70 74 / 56 -65 -70 -74 <END> 
<S> 53 65 68 72 / 63 -53 -68 -72 / 58 61 70 -68 / 67 -58 -61 -70 / 56 60 68 72 / 65 -56 -60 -72 / 55 61 65 70 / 60 64 -65 -70 / 53 65 -60 -70 / 60 63 67 75 / 58 62 -67 -75 / 56 60 72 77 / 53 -60 -72 -77 <END> 
<S> 60 63 67 / 57 60 72 75 / 53 65 -72 -75 / 58 65 74 -72 / 70 -55 -65 -74 / 48 63 72 75 / 50 65 70 74 / 71 -50 -65 -74 / 52 67 72 / 58 65 70 74 / 60 -65 -70 -74 / 62 66 -70 -74 / 67 72 36 0 / 55 63 70 -72 <END> 
<S> 50 58 65 70 / 48 60 -65 -70 / 46 62 65 70 / 67 -46 -62 -70 / 51 60 67 69 / 50 59 65 71 / 48 63 67 72 / 48 62 67 70 / 53 -62 -67 -70 / 51 60 67 72 / 55 -60 -67 -72 / 57 65 -55 -72 / 53 59 -65 -72 / 60 -53 -65 / 58 62 74 -53 / 54 63 69 -74 <END> 
<S> 55 62 67 70 / 53 -62 -67 -70 / 51 63 67 72 / 53 65 74 -72 / 51 67 71 -74 / 55 67 72 75 / 57 -67 -72 -75 / 58 62 65 77 / 67 75 -58 -62 / 55 60 72 77 / 53 -60 -72 -77 / 52 60 67 79 / 53 60 69 77 / 55 59 67 -77 / 60 -55 -67 -74 / 48 60 67 75 / 58 -48 -67 -75 <END> 
<S> 57 60 72 77 / 59 62 -72 -77 / 60 67 72 75 / 58 -67 -72 -76 / 56 60 72 77 / 55 62 75 79 / 57 63 72 77 / 59 65 74 -77 / 60 67 72 75 / 74 -60 -67 -72 / 53 68 74 -72 / 55 71 -74 51 / 72 -55 -71 -79 / 56 68 77 -72 / 59 67 74 -77 <END> 
<S> 53 68 72 75 / 55 -68 -72 -75 / 56 60 72 77 / 58 75 -72 -77 / 56 71 72 51 / 55 70 74 79 / 53 -70 -74 -79 / 51 75 79 79 / 50 -72 -79 -79 / 48 68 74 77 / 47 -68 -74 -77 / 48 67 72 75 <END> 
<S> 53 68 77 -63 / 62 -53 -68 -77 / 51 63 67 79 / 55 70 79 -79 / 60 67 75 79 / 58 46 50 65 -79 / 59 -50 81 -65 / 51 60 79 -65 / 58 -62 -65 -79 / 60 63 75 79 / 58 62 65 77 / 60 63 75 -65 / 58 62 65 77 <END> 
<S> 56 60 65 77 / 58 62 70 -77 / 68 -58 -62 -77 / 59 62 67 79 / 63 -62 -67 -79 / 59 62 67 79 / 60 -67 -72 / 62 65 71 74 / 60 63 72 75 / 59 68 74 77 <END> 
<S> 59 62 67 74 / 55 71 74 -67 / 60 67 72 75 / 63 72 -67 -75 / 59 65 74 77 / 60 75 -65 / 63 67 -60 -75 / 58 65 -67 -75 / 60 67 72 75 / 58 -67 -72 -75 / 56 65 72 75 / 55 70 75 -75 <END> 
<S> 60 67 72 75 / 58 65 74 77 / 56 -65 -70 -74 / 55 63 70 75 / 51 -55 -70 -75 / 53 68 72 77 / 74 -53 -68 -77 / 51 70 75 79 / 58 -70 -75 -79 / 60 68 -75 -79 / 58 74 75 -67 / 60 68 77 56 59 62 -68 -77 <END> 
<S> 53 68 74 77 / 55 67 75 -74 / 56 72 -67 -75 / 55 74 -67 -72 / 53 65 70 -74 / 51 67 70 -65 / 63 -51 -67 -70 / 53 60 68 -67 / 58 65 -53 -68 / 48 60 67 -65 / 64 -48 -60 -67 / 58 -48 -64 -67 / 41 56 60 65 / 53 57 65 72 / 51 60 67 -65 <END> 
<S> 44 60 65 72 / 63 -44 -60 -72 / 46 62 65 70 / 48 63 69 75 / 50 58 70 77 / 68 -50 -58 -77 / 51 63 67 79 / 55 -60 -67 -79 / 53 60 70 79 / 55 -60 -70 -79 / 56 60 68 77 / 59 -60 -68 -77 / 60 67 75 / 53 72 -60 -75 <END> 
<S> 56 67 72 75 / 53 -67 -72 -75 / 55 62 71 74 / 53 -62 -71 -74 / 51 63 67 72 / 50 65 74 -72 / 71 -50 -65 -74 / 48 67 72 75 / 50 -67 -72 -75 / 51 77 -72 47 / 53 -72 -77 -77 / 48 67 75 77 / 47 62 74 79 / 67 72 -51 -79 <END> 
<S> 48 63 72 75 / 50 65 -72 -75 / 51 67 72 -75 / 53 -67 -72 -75 / 55 67 71 74 / 60 67 72 75 / 62 77 -72 -75 / 63 70 79 -77 / 62 -70 -77 -79 / 60 72 75 79 / 58 -72 -75 <END> 
<S> 63 72 75 -67 / 68 74 -63 -67 / 58 63 75 -67 / 56 -58 -75 -75 / 58 65 74 77 / 56 -65 -74 -77 / 55 70 75 79 / 77 -55 -70 -75 / 56 72 75 77 / 58 70 74 -77 / 68 -58 -74 -77 / 51 67 70 75 / 48 -67 -70 -74 <END> 
<S> 53 68 72 77 / 74 -53 -68 -77 / 55 70 75 -62 / 56 74 77 / 58 62 67 74 / 51 63 67 75 / 60 63 68 72 / 55 -63 -68 -72 / 55 61 67 70 / 53 60 68 -67 / 51 60 67 72 / 53 -60 -67 -72 <END> 
<S> 56 63 72 / 55 -63 -72 / 56 65 72 -56 / 53 -56 -65 -72 / 54 57 63 72 / 55 58 67 75 / 56 60 -67 -75 / 58 62 68 74 / 56 60 65 -74 / 55 58 67 75 / 53 60 68 77 / 62 -53 -68 -77 / 51 63 67 79 / 62 71 77 -60 / 60 72 75 -60 / 55 58 67 75 <END> 
<S> 56 60 65 77 / 55 70 75 -60 / 53 60 68 74 / 55 59 67 -74 / 56 60 65 72 / 64 -56 -60 -72 / 55 62 67 70 / 53 -62 -67 -70 / 51 60 67 70 / 48 -60 -67 -70 / 53 59 67 74 / 55 -59 -67 -74 / 56 60 67 72 / 65 -56 -60 -72 <END> 
<S> 51 60 67 72 / 55 -60 -67 -72 / 54 57 62 72 / 55 62 71 / 54 60 63 72 / 55 62 67 71 / 53 63 69 72 / 62 71 -53 -62 / 60 63 69 72 / 62 65 -69 -72 / 63 67 71 79 / 62 65 72 -79 / 60 63 72 79 / 58 -63 -72 -79 <END> 
<S> 54 62 69 74 / 62 -54 -69 -74 / 55 62 70 74 / 64 72 -55 -70 / 65 70 74 -55 / 56 -65 -70 -74 / 55 70 75 -70 / 56 68 -70 -75 / 58 63 67 70 / 53 -58 -67 -70 / 52 58 67 72 / 56 -52 -67 -72 / 53 65 68 72 / 51 63 -68 -72 / 50 65 68 74 / 51 67 70 75 <END> 
<S> 53 60 68 74 / 56 -60 -68 -74 / 55 59 67 71 / 65 -55 -67 -71 / 48 64 67 72 / 50 62 -67 -72 / 51 60 67 72 / 53 -60 -67 -72 / 55 59 67 74 / 55 62 71 79 / 60 63 72 79 / 65 -60 -72 -79 / 59 67 77 -72 / 65 -59 -74 -79 <END> 
<S> 55 59 67 74 / 56 60 -67 -74 / 65 -56 -60 -74 / 55 59 67 74 / 53 -59 -67 -74 / 51 60 67 79 / 53 -60 -67 -79 / 55 60 67 74 / 59 -55 -67 -74 / 48 63 67 72 / 57 65 72 -48 / 58 65 70 74 <END> 
<S> 53 60 69 75 / 51 -60 -69 -75 / 55 58 74 -69 / 75 -55 -58 -74 / 65 72 -55 -58 / 63 67 -55 -60 / 59 62 -55 -67 / 60 63 67 72 / 58 62 -67 -72 / 56 60 65 72 / 55 -56 -65 -72 / 53 56 65 72 / 46 74 -53 -65 / 51 58 67 75 / 51 58 67 79 / 55 -58 -67 -79 <END> 
<S> 56 60 63 72 / 65 74 -56 -60 / 55 58 67 75 / 57 60 -67 -75 / 58 62 65 74 / 56 60 -65 -74 / 55 59 67 75 / 53 -59 -67 -75 / 51 60 67 79 / 53 68 74 77 / 55 67 74 -77 / 72 -55 -74 -77 / 71 74 -55 -74 / 65 -55 -71 -74 <END> 
<S> 55 59 67 75 / 53 -59 -67 -75 / 51 60 72 79 / 53 80 -72 -79 / 55 67 71 79 / 63 67 72 -79 / 60 65 72 77 / 67 -60 -72 -77 / 57 65 72 -77 / 75 -53 -65 -72 / 46 65 74 82 / 59 67 74 79 / 77 -59 -74 <END> 
<S> 56 65 72 77 / 67 -56 -72 -77 / 55 67 72 75 / 53 68 74 77 / 55 67 75 79 / 51 -67 -75 -79 / 60 72 75 79 / 58 74 77 -80 / 56 72 75 77 / 55 70 75 79 / 56 72 -75 -79 <END> 
<S> 48 60 72 75 / 53 68 72 74 / 55 67 71 -74 / 56 63 72 / 62 -56 -72 / 63 -56 -72 / 55 62 71 79 / 60 67 72 75 / 58 74 -67 -75 / 56 63 72 75 / 55 -63 -72 -75 / 53 68 72 74 / 50 75 -68 -74 / 55 70 74 -74 / 56 72 -70 <END> 
<S> 60 67 75 / 58 -60 -67 -75 / 56 68 75 -60 / 55 -60 -68 -75 / 53 60 68 77 / 62 -53 -68 -77 / 63 70 79 / 59 65 -70 -79 / 60 67 72 75 / 62 74 -67 -72 / 64 67 72 79 / 60 -67 -72 -75 / 65 74 72 -60 / 59 -55 -68 -72 / 60 63 67 / 58 62 -67 -75 <END> 
<S> 60 67 72 75 / 62 65 71 77 / 63 72 79 / 62 63 -72 -79 / 59 63 75 79 / 62 -63 -75 -79 / 60 63 72 79 / 58 -63 -72 -79 / 56 63 72 77 / 58 62 70 -77 / 68 -58 -62 -77 / 51 58 67 75 / 58 63 70 79 / 60 63 68 77 <END> 
<S> 56 63 72 77 / 58 62 70 -77 / 68 -58 -62 -77 / 51 58 67 75 / 48 60 67 75 / 55 59 67 74 / 68 -55 -59 -74 / 57 60 63 72 / 55 58 -63 -72 / 53 56 65 74 / 58 -53 -65 -74 / 51 58 65 74 / 63 -51 -58 -70 <END> 
<S> 60 67 75 / 58 -60 -67 -75 / 56 60 68 75 / 55 -60 -68 -75 / 53 60 68 77 / 51 67 -60 -77 / 59 68 74 -53 / 52 -68 -74 -79 / 53 65 72 75 / 55 67 74 -72 / 71 -55 -67 -74 / 0 / 48 67 72 75 <END> 
<S> 53 59 68 74 / 57 -53 -68 -74 / 55 59 67 74 / 65 -55 -67 -74 / 48 63 67 72 / 68 -48 -64 -72 / 50 65 70 74 / 69 -50 -65 -74 / 67 70 -50 -65 / 65 69 -50 -70 / 55 63 70 -70 / 56 62 68 -70 / 68 -56 -60 -68 / 55 67 70 -65 / 53 56 -67 -70 <END> 
<S> 62 65 69 -51 / 53 65 68 74 / 63 -53 -68 -74 / 55 62 67 71 / 65 -55 -62 -71 / 48 63 67 72 / 50 62 65 71 / 51 63 67 72 / 55 59 67 74 <END> 
<S> 48 63 67 72 / 60 63 68 -48 / 46 58 65 68 / 50 53 -65 -72 / 51 58 67 / 53 60 68 -51 / 50 58 65 -68 / 51 67 -58 -65 / 60 -51 -67 / 44 60 65 70 / 41 -60 -65 -70 <END> 
<S> 46 58 62 65 / 44 -58 -62 -65 / 43 59 62 67 / 48 55 60 63 / 55 63 -48 -60 / 41 56 60 62 / 43 55 59 -62 / 53 -43 -59 -62 / 36 51 55 60 / 36 55 60 63 / 62 -55 -60 / 59 -55 56 60 <END> 
<S> 41 60 62 -56 / 38 53 -60 -62 / 43 50 59 -62 / 55 62 -43 -59 / 53 -43 -59 -62 / 36 51 55 60 / 48 55 63 / 50 53 -55 -63 / 48 55 63 -53 / 46 -55 -53 -63 / 45 53 60 65 / 50 58 65 / 53 57 62 <END> 
<S> 48 51 55 60 / 46 -51 -55 -60 / 44 51 60 67 / 41 -51 -60 -67 / 44 51 60 67 / 46 -51 -60 -67 / 44 53 60 65 / 46 55 58 63 / 56 -46 -58 -63 / 55 70 63 -58 / 49 56 -63 -67 <END> 
<S> 44 51 60 65 / 41 -51 -60 -65 / 46 50 58 -65 <END> 
<S> 48 60 64 67 / 58 -48 -64 -67 / 53 56 60 / 55 0 / 51 56 60 67 / 53 60 68 / 51 55 -60 -68 <END> 
<S> 56 60 65 / 55 59 62 -65 / 53 60 63 / 51 58 -60 -63 / 56 60 63 72 / 65 -56 -60 -72 / 55 59 67 74 / 53 -59 -67 -74 <END> 
<S> 56 60 65 72 / 55 74 -60 -65 / 53 60 67 75 / 65 -53 -60 -75 / 51 60 67 75 / 58 74 -51 -67 / 53 56 65 72 / 51 74 -56 -65 / 51 58 75 79 / 53 -58 -75 -75 / 46 74 77 -63 / 62 -74 -77 / 51 63 70 75 / 51 -63 -70 <END> 
<S> 53 60 68 77 / 51 -60 -68 -77 / 50 62 70 77 / 68 -50 -62 -77 / 51 63 67 75 / 58 62 -67 -75 / 56 60 72 77 / 55 75 -60 -72 / 53 65 72 74 / 55 65 71 -74 / 48 63 67 72 / 48 60 67 75 / 50 60 -67 -75 / 51 60 67 74 / 72 -60 -67 <END> 
<S> 48 63 67 72 / 60 63 72 79 / 53 65 72 80 / 74 -53 -65 -80 / 51 67 79 79 / 73 -51 -79 -79 / 53 68 72 77 / 55 67 71 79 / 65 -55 -71 -79 / 60 63 72 79 / 58 -63 -72 -79 / 56 64 72 77 / 55 62 70 79 / 57 60 -70 -77 <END> 
<S> 53 63 72 80 / 62 65 70 -80 / 58 62 70 77 / 56 -62 -70 -77 / 55 63 70 79 / 53 -63 -70 -79 / 51 63 70 79 / 72 -51 -63 -79 / 50 65 74 77 / 48 67 75 75 / 55 67 74 -75 / 60 67 72 75 / 58 -67 -72 -75 / 56 60 72 77 / 55 70 -60 -77 <END> 
<S> 48 67 72 75 / 50 65 71 77 / 51 63 72 79 / 53 -63 -72 -79 / 55 62 71 79 / 60 63 67 79 / 65 74 -60 59 / 59 67 75 -80 / 60 -59 -75 -79 / 56 60 72 77 / 55 71 -60 -77 / 53 60 69 74 / 55 59 67 -74 / 65 -55 -60 -74 <END> 
<S> 59 62 67 77 / 60 75 -67 / 55 59 67 74 / 60 63 67 75 / 58 62 -67 -75 / 57 60 65 75 / 58 65 74 / / 53 -65 -74 / 55 58 67 75 / 57 60 65 -75 / 46 58 62 65 <END> 
<S> 56 60 65 / 53 55 62 67 / 51 60 68 -67 / 50 65 68 -46 / 48 63 67 72 / 68 -48 -63 -72 / 50 56 65 -72 / 71 -50 -56 -65 / 51 55 67 72 / 53 59 68 74 / 48 60 67 75 / 62 -48 -67 -75 <END> 
<S> 51 58 67 75 / 53 60 69 77 / 55 62 70 -77 / 56 60 72 77 / 59 62 67 -77 / 60 67 75 / 58 -60 -67 -75 / 56 60 65 77 / 55 67 75 -60 / 53 60 68 74 / 55 59 67 74 / 65 -55 -67 -74 <END> 
<S> 60 67 75 / 58 -60 -67 -75 / 56 60 68 75 / 55 -60 -68 -75 / 53 60 68 80 / 55 75 -60 -68 / 53 60 68 77 / 58 62 -68 -77 / 56 63 72 / 67 74 -60 -63 / 55 65 74 -60 / 59 -55 -65 -74 / 48 60 63 67 / 60 63 67 72 <END> 
<S> 53 68 72 74 / 55 67 71 -74 / 65 -55 -71 -74 / 48 63 67 72 / 58 62 70 77 / 56 -62 -70 -77 / 55 63 70 79 / 53 -63 -70 -79 / 51 63 70 79 / 55 -63 -70 -79 / 56 63 72 77 / 53 -63 -72 -77 <END> 
<S> 55 63 70 75 / 53 68 -63 -75 / 51 63 70 79 / 50 -63 -70 -79 / 51 63 70 79 / 55 -63 -70 -79 / 56 63 72 77 / 53 -63 -72 -77 / 58 62 70 77 <END> 
<S> 48 63 72 79 / 53 -63 -72 -79 / 55 63 70 79 / 56 -63 -70 -79 / 58 62 70 77 / 68 -62 -62 -77 / 60 67 75 -62 / 60 -60 -67 -75 / 55 67 74 -60 / 59 -55 -67 -74 <END> 
<S> 67 72 -62 / 58 -67 -72 -76 / 56 60 72 77 / 55 62 71 79 / 63 72 -55 -79 / 65 67 74 -55 / 59 67 74 / 68 -59 -74 / 60 67 72 75 / 58 62 70 77 <END> 
<S> 55 63 70 75 / 56 -63 -70 -75 / 58 62 65 77 / 56 60 -65 -77 / 58 62 70 77 / 68 -62 -62 -77 / 51 63 67 75 / 69 74 -51 -60 / 58 67 70 75 / 51 -58 -67 -75 / 51 72 75 -67 / 53 65 68 74 / 55 63 70 -68 / 56 -63 -68 -70 <END> 
