<S> 56 63 67 72 / 65 -56 -63 -72 / 62 68 -56 -72 / 60 -56 -68 -72 / 55 59 74 -68 / 67 -55 -74 / 65 -55 -67 -74 / 48 63 67 75 / 72 -48 -67 -75 / 50 66 74 -72 / 70 -50 -66 -74 / 52 67 72 -70 / 69 -52 -67 -72 / 67 -52 -67 -72 / 54 62 69 74 / 69 -54 -62 -74 / 55 62 69 71 / 67 -55 -62 -71 / 65 -55 -62 -71 / 60 63 69 -55 <END> 
<S> 52 67 72 -70 / 69 -52 -67 -72 / 67 -52 -67 -72 / 54 62 69 74 / 55 62 67 70 / 60 66 69 -55 62 67 -60 -66 / 64 58 67 / 57 66 -63 -67 / 55 60 63 67 / 58 62 -55 -67 / 57 60 65 -55 / 58 62 67 / -55 -58 -62 / 54 57 63 72 / 55 58 62 70 <END> 
<S> 55 62 67 70 / 65 -55 -62 -70 / 56 60 64 72 / 65 74 -60 / 55 67 72 75 / 53 68 74 -72 / 55 62 71 74 / 56 72 -62 -71 / 55 62 67 71 / 53 60 65 68 / 59 62 67 -53 / 51 60 67 / 50 53 -60 -67 <END> 
<S> 59 62 67 71 / 57 60 72 -67 / 55 59 67 74 / 55 59 67 74 / 60 67 75 / 58 62 -67 -75 / 56 63 72 75 / 55 -63 -72 -75 / 53 68 72 74 / 67 -53 -68 -74 / 65 69 72 -53 / 55 -69 -72 -76 / 67 -55 -72 <END> 
<S> 60 63 67 75 / 58 62 -67 -75 / 56 60 72 77 / 55 70 75 -60 / 53 68 74 -60 / 55 59 67 -74 / 65 -55 -59 -74 / 48 60 63 72 / 46 58 70 77 / 68 -50 -58 -77 / 51 63 67 75 / 58 62 70 77 <END> 
<S> 48 60 63 68 / 50 58 65 -68 / 51 58 63 67 / 50 65 -58 -67 / 51 63 67 72 / 53 62 68 -72 / 55 60 67 75 / 53 60 68 74 / 55 59 67 -74 / 65 -55 -67 -74 / 48 63 67 72 / 60 63 67 72 <END> 
<S> 56 60 68 74 / 55 72 -60 -68 / 53 60 68 74 / 62 -53 -68 -74 / 55 63 70 75 / 65 -55 -70 -75 / 51 63 70 79 / 74 -51 -63 -70 / 56 63 72 / 65 -56 -72 -72 / 55 67 70 75 <END> 
<S> 63 68 72 / / 62 -68 -72 / 63 67 70 / 62 65 -70 / 60 63 67 -65 / 58 62 65 -67 / 58 62 65 / 56 60 63 / 55 58 62 70 / 53 68 -58 -70 <END> 
<S> 58 63 65 / 62 -58 -58 -65 / 51 58 63 67 / 50 -58 65 -67 / 48 60 63 -67 / 50 -60 -63 -67 / 51 58 63 67 / 61 -51 -58 -67 / 53 56 60 68 / 58 62 -53 -68 / 48 60 63 67 / 46 -60 -63 -67 <END> 
<S> 44 60 65 / 53 63 -60 -65 / 46 58 62 -65 / 56 -46 -62 -65 / 39 55 58 63 / 51 58 63 67 / 50 60 65 69 / 48 -60 -65 -69 / 46 62 65 70 / 53 -62 -65 -70 / 51 55 63 70 / 50 -55 -63 -70 <END> 
<S> 44 60 65 -63 / 56 62 -44 -65 / 60 -44 -56 -65 / 46 62 62 -65 / 44 63 -62 -65 / 61 67 -44 -63 / 69 -43 -58 -67 / 44 60 65 70 / 53 -60 -65 -70 / 46 -53 -65 -70 / 53 63 -46 -70 / 45 -53 -63 -69 / 46 58 62 70 / 48 60 69 75 / 46 61 68 74 <END> 
<S> 58 62 70 77 / 68 -58 -62 -77 / 60 63 67 75 / 65 69 -60 -75 / 55 67 71 74 / 55 67 71 74 / 60 67 72 75 / 58 -67 -72 -75 / 57 65 72 77 / 53 75 -65 -72 / 58 65 70 74 / 57 -65 -70 -74 <END> 
<S> 60 67 72 75 / 58 -67 -72 -75 / 56 66 72 75 / 70 -56 -66 -75 / 61 65 68 77 / 60 63 -68 -77 / 58 70 77 -63 / 62 -58 -70 -77 / 51 63 70 79 / 55 63 70 79 <END> 
<S> 44 60 72 77 / 68 -60 -72 -77 / 50 67 70 77 / 68 -50 -65 -77 / 51 63 67 79 / 53 68 -67 -79 / 55 62 71 79 / 60 67 72 75 / 65 74 72 -60 / 59 67 75 79 / 60 77 -67 -79 / 62 72 79 -67 / 53 -62 -67 -72 <END> 
<S> 60 67 72 75 / 62 65 71 74 / 63 67 72 / 62 65 71 74 / 60 63 72 79 / 58 -63 -72 -79 / 56 63 70 77 / 55 -63 -70 -77 / 53 63 68 77 / 50 -58 -65 -77 / 51 70 79 -65 / 63 75 -70 <END> 
<S> 56 63 72 77 / 53 -63 -72 -77 / 58 62 70 77 / 51 67 70 75 / 51 70 79 79 / 63 70 75 79 <END> 
<S> 50 62 65 77 / 51 62 67 -77 / 53 -62 -67 -70 / 51 60 67 79 / 58 -60 -67 -79 / 56 60 68 77 / 55 -60 -68 -77 <END> 
<S> 48 63 67 72 / 60 63 72 79 / 58 65 72 77 / 67 71 74 79 / 55 -67 -74 -79 / 60 67 75 -74 / 53 -60 -67 -75 <END> 
<S> 63 72 79 / 62 65 71 74 / 60 67 72 75 / 53 68 74 -72 / 55 67 71 -74 / 56 72 -67 / 65 74 -56 -72 / 55 67 72 74 / 54 -67 -72 -74 / 56 67 71 -74 / 57 72 -67 -74 <END> 
<S> 56 67 72 75 / 53 -67 -72 -75 / 55 62 71 74 / 65 -55 -71 -74 / 48 63 67 72 / 53 63 72 79 / 51 63 72 79 / 50 65 72 77 / 71 -50 -65 -77 / 48 67 72 75 / 53 68 74 77 <END> 
<S> 53 65 69 72 / 51 -65 -69 -72 / 50 65 71 74 / 51 63 72 75 / 53 74 77 -63 / 55 67 75 -77 / 51 70 -67 -75 / 56 72 77 -48 / 50 70 -68 -77 / 51 67 72 75 / 53 68 74 65 65 <END> 
<S> 53 68 74 77 / 72 -53 -68 -77 / 55 70 74 79 / 57 -55 -70 -79 / 58 62 65 74 / 68 -58 -62 -74 / 60 63 67 75 / 69 -60 -63 -75 / 62 65 71 74 / 63 67 72 75 / 65 -67 -72 -75 / 67 74 -72 / 63 -67 -72 -74 / 65 68 72 77 / 67 -56 -72 <END> 
<S> 60 63 67 75 / 62 65 -67 -75 / 63 67 72 / / -67 -72 -75 / 58 74 -67 -72 / 56 68 72 75 / 55 -67 -72 -75 / 53 68 77 74 / 67 -53 -74 -77 / 54 69 74 -74 / 72 -54 -69 -74 / 55 67 70 -74 / 65 -55 -70 -74 / 51 63 67 75 / 62 65 -51 -70 / 67 72 -51 -65 / 63 -47 -67 -72 <END> 
<S> 55 68 72 75 / 53 -68 -72 -75 / 55 67 70 74 / 65 -55 -71 -74 / 56 63 72 / 55 -63 -72 / 53 68 72 77 / 71 -53 -68 -77 / 51 67 72 75 / 53 -67 -72 -75 / 55 67 70 74 / 56 65 -70 -74 / 51 63 67 70 / 65 -51 -67 -70 / 53 60 68 75 / 51 -60 -68 -75 <END> 
<S> 53 68 72 74 / 55 67 71 -74 / 65 -55 -71 -74 / 48 63 72 / 51 63 70 79 / 56 65 68 77 / 67 -56 -65 -77 / 68 -56 -65 -77 / 47 62 67 79 / 48 60 67 75 / 58 67 74 -48 / 63 -55 -67 -74 / 56 60 65 77 / 62 -56 -60 -77 / 58 62 67 77 / 56 -62 -67 -77 <END> 
<S> 51 60 67 75 / 70 -60 -67 -75 / 53 68 72 74 / 70 -53 -68 -74 / 55 67 72 -58 / 57 65 -72 -75 / 58 62 74 79 / 64 -58 -71 -79 / 60 63 72 79 / 62 77 -63 -72 / 63 63 70 79 / 72 -63 -63 -79 / 56 63 72 77 / 60 -56 -63 -72 / 58 62 70 77 / 68 -58 -62 -77 <END> 
<S> 53 63 72 80 / 62 65 70 77 / 63 79 -70 / 62 65 70 82 / 63 67 70 79 / 72 -63 -67 -79 / 59 67 74 79 / 77 -59 -67 -74 / 60 67 75 79 / 74 -60 -67 -79 / 56 60 72 77 / 53 -60 -72 -77 <END> 
<S> 60 67 75 / 58 62 -67 -75 / 56 63 72 77 / 55 -63 -72 -77 / 53 62 70 79 / 51 63 -70 -79 / 50 65 70 77 / 51 -65 -70 -77 / 53 65 73 79 / 53 0 50 -79 / 74 -53 59 -81 / 67 71 -53 -79 <END> 
<S> 55 63 70 / 53 56 -63 -70 / 51 55 63 70 / 53 56 62 -70 / 51 55 63 70 / 48 55 -63 -70 / 50 57 65 72 / 46 62 -65 -72 / 48 60 67 -65 / 63 -60 -67 / 58 62 65 / 56 60 63 72 / 62 65 -56 -72 <END> 
<S> 51 60 67 -65 / 63 -51 -67 -67 / 62 65 69 -48 / 60 63 -69 -69 / 58 62 65 70 / 58 62 70 / 56 -58 -62 -70 / 55 58 63 67 / 62 -55 -58 -67 / 56 60 65 / 58 -51 -65 / 56 -48 -65 / 46 47 -65 -68 / 48 67 -46 -60 / 47 50 65 -67 / 48 51 60 67 / 53 60 -48 -67 <END> 
<S> 58 62 65 70 / 51 63 -70 -70 / 53 62 65 69 / 60 -53 -65 -69 / 55 59 62 67 / 60 63 -55 -67 / 62 65 -55 / 53 59 62 67 / 51 60 67 / 55 -51 -67 -67 / 56 65 -67 / 60 66 -67 -72 / 55 62 67 71 / 55 59 67 74 / 53 -59 -67 -74 <END> 
<S> 56 60 63 72 / 55 -60 -63 -72 / 53 65 68 74 / 63 72 -53 -68 / 55 62 67 71 / -62 -67 55 62 / 51 60 -55 -70 / 53 60 69 -55 / 53 -53 -60 -69 / 48 -53 -60 -69 / 48 67 -53 -60 / 46 52 60 67 / 44 -52 -60 -67 / 43 67 -60 -63 / 41 56 -60 -67 <END> 
<S> 48 55 60 64 / 46 -55 -60 -63 / 44 56 60 63 / 43 -56 -60 -63 / 44 56 60 65 / 41 -60 -65 / 60 -41 -60 -65 / 55 59 62 -65 / 53 56 -62 -65 / 51 55 63 70 / 50 -55 -63 -70 / 48 55 63 70 / 53 56 68 -63 / 51 58 63 67 / 65 68 -51 -58 <END> 
<S> 50 62 65 70 / 46 -62 -65 -70 / 48 63 65 69 / 51 60 -65 -69 / 50 58 65 70 / 46 62 -65 -70 / 51 58 63 67 / 62 -51 -58 -67 / 48 60 63 68 / 50 58 65 -68 / 51 67 -58 -65 / 60 -51 -65 -67 / 63 -51 -60 -63 / 59 62 -46 -65 / 55 60 63 -46 / 53 -60 -63 -67 / 51 60 63 67 / 50 65 -60 -67 <END> 
<S> 44 60 65 / 70 -56 -60 -65 / 58 62 -65 / 56 -58 -62 -65 / 51 58 63 67 / 51 58 63 67 / 50 65 -58 -67 / 48 63 67 / 68 -48 -63 -67 / 50 63 70 -56 / 51 65 68 / 47 50 -65 -68 / 48 60 67 -65 / 58 -48 -67 -67 / 43 56 65 -60 59 59 -43 -56 -65 / 55 60 62 / 53 60 -55 -60 <END> 
<S> 48 63 68 72 / 50 65 70 / 51 63 67 -70 / 53 62 65 -70 / 62 -53 -65 -70 / 55 58 63 70 / 57 60 -63 -70 / 46 58 62 70 / 55 63 67 -70 / 53 62 65 -70 / 51 63 -65 -70 / 55 62 65 70 / 62 67 -62 -70 / 65 -62 -70 -70 <END> 
<S> 57 63 65 72 / 57 -63 -65 -72 / 58 65 70 74 / 53 -65 -70 -74 / 55 63 70 75 / 65 -55 -70 -75 / 51 67 70 74 / 65 -51 -70 -74 / 56 63 72 / 71 -56 -63 -72 / 55 62 70 74 / 53 60 65 68 / 59 65 -53 -68 <END> 
<S> 51 63 67 70 / 53 62 65 -70 / 63 -53 -65 -70 / 55 59 65 70 / 63 -55 -59 -70 / 56 60 63 72 / 60 -56 -60 -72 / 55 59 67 74 / 60 75 -55 / 57 60 65 75 / 58 62 65 74 / 64 67 -58 -74 / 53 65 72 -70 / 69 -53 -65 -72 / 58 65 70 74 / 57 -65 -70 -74 <END> 
<S> 57 60 65 75 / 55 -60 -65 -75 / 53 -60 -67 -75 / 55 59 74 / 57 60 -55 -74 / 56 59 62 74 / 55 77 -59 -74 / 60 67 72 75 / 55 67 71 74 / 55 67 71 74 / 53 -67 -71 -74 <END> 
<S> 59 62 67 74 / 77 -59 -67 -74 / 60 67 72 75 / 55 -67 -72 -75 / 71 -55 -67 -75 / 65 -55 -71 -75 / 56 63 72 / 65 -56 -72 / 55 67 71 75 / 53 -67 -71 -75 / 51 63 72 79 / 50 62 77 82 / 48 63 72 79 / 50 65 -70 -79 / 51 63 67 79 / 62 -51 -67 -79 / 53 60 72 77 / 55 -60 -72 -77 <END> 
<S> 60 63 67 75 / 56 62 72 -75 / 55 63 71 -75 / 56 65 72 -75 / 55 67 71 74 / 53 68 72 / 51 67 70 75 / 50 65 77 -75 / 55 67 74 79 / 43 -55 -67 -74 / 65 72 -43 -55 / 48 64 67 72 <END> 
<S> 53 68 72 74 / 55 67 71 -74 / 65 -55 -71 -74 / 48 63 72 / 51 58 70 79 / 60 -51 -70 -79 / 53 62 68 77 / 55 75 -62 -65 / 56 60 68 77 / 58 62 74 -77 / 68 -58 -74 -77 / 48 67 75 -65 / 63 67 72 60 <END> 
<S> 56 60 68 77 / 53 -60 -68 -77 / 55 60 68 -77 / 53 75 -60 -68 / 77 -53 -60 -68 / 58 67 75 -53 / 47 65 68 74 / 62 -47 -65 -74 / 48 63 67 72 / 65 74 -48 -55 / 60 67 72 75 / 58 -67 -72 -75 / 56 68 77 -72 / 62 75 -56 -72 / 53 68 72 74 / 55 65 71 74 <END> 
<S> 48 63 72 -67 / 51 -63 -67 -72 / 56 62 65 72 / -56 -56 -65 / 55 63 67 70 / 65 -55 -67 -70 / 67 -55 -60 -67 / 65 -55 -59 -67 / 60 63 67 / 55 58 63 70 / 56 60 63 68 / 53 56 62 72 / 55 71 -56 -62 / 0 / 48 55 60 64 <END> 
<S> 56 60 63 65 / 53 58 65 68 / 53 58 65 68 / 62 -53 -65 -68 / 55 58 64 67 / 55 -58 -63 -67 / 53 56 60 65 / 58 62 -53 -65 / 60 63 -53 -65 / 55 58 62 -65 / 60 63 -58 / 43 62 65 70 / 41 69 -65 -70 <END> 
<S> 58 60 65 / 58 56 -65 / 56 64 72 / 55 67 / 63 67 72 / 65 74 -67 -60 / 67 75 -60 -65 / 59 62 68 74 / 55 60 67 75 / 65 -55 -60 -75 / 60 -55 -60 -65 / 53 59 62 67 / 47 -59 -62 -68 <END> 
<S> 55 62 67 71 / 53 -62 -67 -71 / 51 60 67 72 / 48 -60 -67 -72 / 53 60 65 68 / 62 -53 -65 -68 / 55 60 63 70 / 53 56 68 -60 / 51 58 67 / 50 53 -67 -74 / 52 67 72 / 54 -67 -72 / 63 67 70 -72 / 65 69 -67 / 46 65 70 / 48 63 72 -70 / 50 65 70 -72 / 51 -65 -70 -72 <END> 
<S> 52 60 67 72 / 53 -60 -67 -72 / 55 62 65 71 / 48 63 67 72 / 60 63 67 72 / 58 62 70 77 / 68 -58 -62 -77 / 60 63 67 79 / 62 77 -67 / 60 67 72 75 / 58 -67 -72 -75 / 56 60 72 77 / 55 70 75 -60 <END> 
<S> 60 63 67 75 / 68 -60 -63 -75 / 55 67 70 74 / 65 -55 -70 -74 / 56 63 72 / 55 70 -63 -72 / 53 65 68 74 / 63 70 -53 -68 / 55 67 68 75 / 53 -67 65 -75 / 51 63 67 70 / 56 63 68 72 / 65 -56 -56 -72 <END> 
<S> 51 63 67 70 / 50 65 -67 -70 / 48 63 67 72 / 55 -63 -67 -72 / 56 62 65 72 / 60 -56 -65 -72 / 55 59 67 74 / 60 63 67 / 65 68 -60 / 58 62 67 70 / 56 63 68 72 / 65 -56 -68 -72 <END> 
<S> 56 60 63 72 / 55 -60 -63 -72 / 53 60 68 72 / 55 62 70 -68 / 63 -55 -60 -70 / 57 60 65 68 / 58 -60 -65 -68 / 60 67 -65 / 64 -60 -65 / 60 63 68 72 / 58 -63 -68 -72 <END> 
<S> 63 68 -48 -63 / 46 61 -63 -68 / 44 60 63 67 / 46 58 62 -67 / 39 58 63 67 / 51 58 63 67 / 50 65 -58 -67 / 48 63 67 72 / 46 62 -67 -72 / 44 60 65 -72 / 64 -44 -60 -72 / 54 60 63 69 / 56 62 71 -41 <END> 
<S> 48 63 67 72 / 56 -48 -67 -72 / 47 56 65 74 / 55 59 -65 -74 / 48 55 63 72 / 60 63 67 72 / 58 62 -67 -72 / 56 60 65 72 / 55 67 -60 -72 / 53 60 65 68 / 62 65 -53 -68 / 63 -53 -68 -68 / 62 65 69 -48 / 63 -62 -69 / 58 62 65 70 / 58 63 70 -50 / 56 63 72 77 / 58 62 70 77 <END> 
<S> 53 60 65 68 / 62 65 -53 -68 / 60 63 67 / 59 62 74 -67 / 60 63 72 / 55 67 -63 -72 / 54 62 69 74 / 50 62 66 -69 / 55 62 67 70 / 51 63 67 70 / 53 56 65 -70 / 55 72 -53 -65 / 53 56 65 74 / 55 62 -65 -74 <END> 
<S> 62 68 70 / 63 70 -58 / 56 65 68 72 / 63 72 -56 -68 / 55 63 67 70 / 61 -55 -67 -70 / 56 60 68 72 / 65 74 -56 -60 / 55 63 67 72 / 53 68 -63 -72 / 55 62 67 70 / 53 -62 -67 -70 <END> 
<S> 56 63 65 72 / 55 -63 -72 / 53 68 74 -72 / 55 71 -67 -74 / 65 -55 -71 -74 / 48 63 72 / 60 63 67 75 / 58 62 -67 -75 / 56 60 72 77 / 55 70 -60 -77 / 53 65 68 72 / 74 -53 -65 -68 / 48 63 67 75 / 69 -48 -63 -75 / 50 65 70 74 <END> 
<S> 60 63 67 75 / 58 62 -67 -75 / 56 60 72 75 / 55 70 -60 -75 / 53 60 68 74 / 55 59 67 -74 / 56 60 65 72 / 48 -56 -65 -72 / 50 55 65 71 / 62 -55 -65 -71 / 48 63 67 72 / 60 63 69 -72 <END> 
<S> 53 60 67 72 / 55 -60 -67 -72 / 56 65 72 -60 / 58 74 -65 -68 / 56 60 72 -65 / 56 74 -60 -72 / 55 59 67 74 / 65 -55 -59 -74 / 56 60 63 72 / 60 66 -56 -72 / 55 67 71 79 / 60 67 72 75 <END> 
<S> 56 60 -65 -72 / 55 -60 -67 -72 / 53 60 68 74 / 55 59 67 -74 / 56 60 65 72 / 48 -56 -65 -72 / 50 60 65 74 / 58 -50 -65 -74 / 48 60 63 72 / 50 58 65 74 / 51 67 -58 -74 / 53 60 68 77 / 50 62 65 -77 / 51 63 67 75 / 53 -60 -67 -75 <END> 
<S> 51 60 67 72 / 50 58 65 74 / 62 -50 -65 -74 / 48 60 63 75 / 50 65 -60 -75 / 51 67 74 -60 / 53 59 68 74 / 51 60 -68 -74 / 56 59 68 74 / 57 60 65 -74 / 55 59 67 74 <END> 
<S> 56 60 65 72 / 55 67 -60 -72 / 53 60 69 -67 / 62 65 -53 -69 / 60 63 67 / 58 62 65 / 60 63 -58 -65 / 46 65 62 / 47 -65 -65 / 48 -46 -65 -65 / 47 62 65 67 <END> 
<S> 62 65 -58 / 56 60 63 / 55 62 65 70 / 53 -62 -65 -70 / 51 63 67 70 / 50 63 -67 -70 / 48 62 67 / 47 60 -67 / 62 65 -48 -57 / 63 55 58 -63 <END> 
<S> 43 62 67 70 / 63 -62 -67 -70 / 58 62 65 70 / 60 67 -65 / 58 62 67 77 / 63 -62 -67 -77 / 60 62 67 77 / 58 -62 -67 -75 / 56 60 72 77 / 55 75 -60 -72 / 53 72 74 -72 / 55 67 71 -74 / 65 -55 -71 -74 <END> 
<S> 60 67 75 / 58 -60 -67 -75 / 56 60 68 75 / 55 -60 -68 -75 / 53 60 68 77 / 76 -53 -60 -68 / 55 58 70 74 / 56 65 -55 -74 / 48 55 63 72 / 50 65 70 77 / 51 -65 -70 -77 / 53 65 69 72 / 63 -53 -69 -72 / 46 62 65 70 / 58 67 70 75 <END> 
<S> 53 57 65 74 / 58 -53 -65 -74 / 54 60 69 74 / 43 59 67 -74 / 65 -43 -59 -74 / 60 63 67 / 62 -55 -60 -67 / 56 60 65 75 / 58 62 74 -65 / 56 60 65 -74 / 53 -56 -60 -74 / 51 55 72 -60 / 50 53 58 70 / 51 58 67 / 43 -58 -51 -67 <END> 
<S> 56 60 63 68 / 55 -60 -63 -68 / 53 60 65 68 / 58 67 -53 -65 / 51 67 -58 -65 / 63 60 -51 -67 / 58 62 65 -48 / 46 58 62 67 / 68 -46 -58 -65 / 46 58 65 67 / 63 -46 -58 -67 / 46 58 65 68 / 50 58 65 70 / 62 -58 -65 -70 / 52 60 67 72 / 70 -52 -60 -67 <END> 
