<S> 45 57 60 64 / 43 -57 -60 -64 / 41 57 60 65 / 53 67 -41 -60 / 69 -41 -53 -60 / 43 52 60 67 / 50 59 -43 -67 / 48 57 -43 -67 / 43 50 59 65 / 64 -43 -50 -59 / 65 -43 -50 -59 / 36 55 60 64 / 48 55 60 64 / 57 65 -48 -60 / 47 59 62 67 / 59 -47 -59 -67 / 45 52 60 / 48 -45 -60 <END> 
<S> 48 55 64 69 / 50 54 62 -69 / 60 -50 -66 -69 / 55 59 62 67 / 48 64 69 -55 / 50 54 62 69 / 60 -50 -62 -69 / 43 59 62 67 / 55 59 62 67 / 53 57 -62 -67 / 52 55 64 72 / 50 55 -64 -72 / 48 55 64 72 / 50 65 -55 -72 <END> 
<S> 43 59 62 67 / 45 60 64 -67 / 47 55 62 71 / 48 55 64 72 / 50 62 65 71 / 52 64 67 / -71 -52 -67 / 48 64 67 72 / 48 64 -67 -72 / 62 67 71 76 / 52 69 72 79 / 71 -52 -69 -79 / 69 72 76 / 62 74 -69 / 67 76 -62 -69 / 66 69 -57 -72 <END> 
<S> 48 64 67 72 / 50 62 66 74 / 52 60 67 72 / 54 62 69 -72 / 55 62 67 71 / 48 60 64 67 / 59 -48 -64 -67 / 50 57 64 65 / 62 -50 -57 -65 / 45 57 60 64 / 61 -45 -57 -64 / 46 58 62 65 <END> 
<S> 48 64 69 -67 / 50 62 66 -69 / 43 59 62 67 / 55 59 62 67 / 53 -59 -62 -67 / 52 55 60 67 72 / 50 62 65 71 / 48 64 67 69 / 50 62 66 69 / 60 -50 -66 -69 / 55 59 62 67 / 52 60 64 67 / 50 65 -64 -67 <END> 
<S> 52 60 67 72 / 50 65 71 74 / 52 67 71 76 / 65 74 -52 -71 / 57 60 69 76 / 59 62 74 -69 / 67 -59 -62 -74 / 60 64 67 76 / 65 69 -60 -76 / 59 67 74 79 / 77 -59 -67 -74 / 60 76 67 76 / 57 69 77 -72 / 50 -57 -69 -72 / 52 70 -57 -69 / 50 -57 -71 -74 <END> 
<S> 57 64 69 72 / 59 62 67 74 / 60 67 76 / 59 -60 -67 -76 / 57 60 65 77 / 55 67 76 -60 / 53 60 69 77 / 55 59 67 76 / 65 74 -55 -59 / 48 64 67 72 / 55 67 71 74 <END> 
<S> 57 60 69 77 / 55 -60 -69 -77 / 59 67 74 79 / 72 -59 -67 -79 / 52 67 72 79 / 71 -52 -67 -79 / 50 65 69 77 / 71 -50 -65 -77 / 52 67 72 76 / 53 -67 -72 -76 / 55 67 71 74 / 50 65 70 -74 <END> 
<S> 50 65 69 74 / 71 -50 -65 -74 / 48 67 72 76 / 52 -67 -72 -76 / 53 69 74 -72 / 50 65 -72 -74 / 55 62 71 -74 / 67 -55 -71 -74 / 65 -55 -71 -74 / 48 64 67 72 / 60 66 69 74 <END> 
<S> 69 74 -50 -65 / 43 71 -65 -74 / 64 69 72 / 55 62 71 74 / 52 55 71 79 / 72 -52 -55 -79 / 53 65 74 -72 / 50 65 71 74 / 52 67 76 -74 / 53 69 72 76 / 55 67 71 74 / 53 69 72 43 <END> 
<S> 53 69 72 / 52 67 -69 -72 / 50 65 71 74 / 48 67 76 -74 / 50 -67 -74 -76 / 55 -67 -71 -74 / 57 72 -55 -71 / 57 66 -57 -72 / 55 59 62 67 / 52 60 67 -67 / 53 60 69 -67 / 65 -53 -60 -69 / 59 62 67 -53 / 60 64 -53 -67 / 62 65 69 -48 / 50 -62 -69 -65 / 46 62 67 70 / 46 -62 -67 -70 <END> 
<S> 52 60 64 72 / 67 -52 -60 -72 / 53 60 69 74 / 59 -53 -69 -74 / 48 60 67 76 / 55 59 67 74 / 0 / 57 60 69 77 / 59 62 -69 -77 / 60 64 67 76 / 65 -60 -76 -76 / 67 -60 -60 -76 / 59 74 -67 -76 / 57 62 71 77 <END> 
<S> 59 62 67 79 / 57 -62 -67 -79 / 55 62 67 71 / 53 -62 -67 -71 / 52 60 67 72 / 48 -60 -67 -72 / 55 60 67 74 / 59 -55 -67 -74 / 48 64 67 72 / 60 64 67 72 / 59 62 67 79 <END> 
<S> 48 55 64 72 / 60 67 -55 -72 / 55 59 67 74 / 53 -59 -67 -74 / 52 59 67 76 / 50 77 -59 -67 / 49 60 67 76 / 69 -60 -76 / 58 65 70 74 / 56 -65 -70 -74 / 55 67 70 74 / 65 -55 -70 -74 <END> 
<S> 60 67 76 / 55 -60 -67 -76 / 55 67 74 -60 / 59 -55 -67 -74 / 48 64 67 72 / 60 67 72 76 / 59 -67 -72 -76 / 57 69 72 77 / 52 67 71 79 / 77 -55 -70 -77 <END> 
<S> 60 64 67 72 / 62 -60 -67 -72 / 52 60 67 72 / 53 69 -60 -72 / 52 65 71 -69 / 50 -65 -65 -74 / 48 67 72 76 / 65 74 -48 -72 / 63 -48 -65 -72 / 50 62 74 -72 / 71 -50 -65 -74 / 48 67 72 76 / -67 -72 -76 / 55 67 71 74 / 53 -67 -71 -74 <END> 
<S> 48 63 72 -67 / 50 65 66 -72 / 51 67 -65 -72 / 53 60 -67 -72 / 55 59 74 -72 / 56 60 71 -74 / 65 -56 72 / 55 64 67 -72 / 53 65 68 74 / 59 62 67 77 / 60 63 67 79 / 58 62 -67 -79 / 56 60 72 77 / 55 70 75 -60 53 53 69 72 74 / 76 -53 -69 -72 <END> 
<S> 60 63 67 / 58 62 65 -67 / 56 60 63 72 / 55 58 -63 -72 / 53 56 65 74 / 58 -53 -65 -74 / 56 60 63 72 / 55 70 -60 -63 / 53 60 68 77 / 53 -60 -68 -77 / 51 60 67 79 / 58 -51 -67 -79 / 56 60 77 77 / 55 75 -60 -77 <END> 
<S> 55 63 70 75 / 53 68 77 -63 / 51 63 70 79 / 50 65 70 77 / 71 -50 -65 -77 / 51 67 72 75 / 53 -67 -72 -75 / 55 67 71 74 / 65 -55 -71 -74 / 56 63 72 / 70 -56 -63 -72 <END> 
<S> 53 67 74 / / 72 -67 -74 / 55 67 71 74 / 56 67 72 / 65 -56 -72 / 55 62 67 71 / 53 60 68 51 / 51 60 67 / 69 -51 -60 -67 <END> 
<S> 48 63 68 75 / 46 61 -63 -75 / 44 60 68 -75 / 72 75 -60 -68 / 55 67 70 75 / 53 68 77 72 / 67 -53 -68 -72 / 47 65 68 74 / 68 -47 -68 -74 / 48 67 72 75 / 53 -67 -72 -75 <END> 
<S> 48 63 67 72 / 60 67 72 75 / 55 67 70 74 / 53 67 70 75 / 65 68 -75 -75 / 46 65 70 74 / 46 65 70 74 / 68 -46 -65 -74 <END> 
<S> 58 67 70 74 / 68 -58 -74 -74 / 67 70 75 / 65 68 74 / 63 67 70 75 / 62 65 70 77 / 60 63 -68 -77 / 62 -60 -69 -77 / 60 63 67 79 / 58 62 -67 -79 <END> 
<S> 63 68 72 / 60 67 -63 -72 / 62 65 70 -56 / 55 -62 -65 -70 / 53 63 70 72 / 51 65 68 -72 / 50 65 70 -65 / 63 -50 -65 -70 / 62 65 69 77 / 60 75 -65 -69 / 58 -60 -65 -75 / 60 75 -58 -65 / 46 62 65 74 / 62 71 -65 <END> 
<S> 62 65 71 -56 / 55 -62 -65 -71 / 53 63 72 -55 / 57 -53 -63 -72 / 55 58 62 74 / 57 60 66 -74 / 55 59 67 74 / 65 -55 -59 -74 / 56 60 63 72 / 55 -60 -63 -72 / 53 68 74 -60 / 55 59 67 -74 / 65 -55 -59 -74 <END> 
<S> 55 59 67 75 / 56 60 -67 -75 / 55 62 74 -67 / 53 59 67 -74 / 51 63 67 72 / 50 -63 -67 -72 / 48 62 67 74 / 47 -62 -67 -74 / 48 60 67 75 / 53 62 -67 -75 / 55 63 67 -75 / 53 62 68 77 <END> 
<S> 48 63 67 72 / 56 -63 -67 -72 / 55 62 67 71 / 53 -62 -67 -71 / 51 60 67 72 / 48 -60 -67 -72 / 50 65 67 74 / 59 -50 -67 -74 / 51 60 67 72 / 53 62 -67 -72 / 51 63 -67 -72 / 53 65 68 -72 / 63 -53 -68 -72 / 55 62 67 71 / 65 -55 -62 -71 <END> 
<S> 55 67 -63 -72 / 62 -55 -67 -72 / 60 -55 -67 -72 / 53 67 70 74 / 52 -67 -70 -74 / 53 65 69 72 / 63 -53 -69 -72 / 46 62 65 70 / 48 58 64 67 / 60 63 67 72 / 58 -63 -67 -72 / 57 63 72 77 / 58 62 70 77 / -58 -62 -70 -77 <END> 
<S> 46 62 65 70 / 63 -46 -70 -65 / 46 65 70 / 55 62 67 -70 / 48 63 67 72 / 50 65 74 -67 / 51 63 67 72 / 53 62 -67 -72 / 55 60 67 74 / 59 -55 -67 -74 / 60 67 75 / 58 -60 -67 -75 <END> 
<S> 51 67 72 75 / 53 -67 -72 -75 / 55 67 71 74 / 51 67 70 79 / 53 -67 -70 -79 / 55 67 71 79 / 57 -67 -71 -79 / 59 62 67 77 / 55 75 -62 -67 / 77 -55 -62 -67 <END> 
<S> 67 72 75 / 55 -67 -72 / 67 70 -55 -67 / 58 65 -67 -70 / 57 60 -65 -70 / 58 62 65 69 / 63 -58 -62 -69 / 57 60 65 -63 / 58 62 65 70 / 58 65 70 74 / 56 -65 -70 -74 / 55 63 70 75 <END> 
<S> 53 60 65 68 / 58 62 -65 -68 / 56 60 65 / 55 58 64 67 / 53 60 65 68 / 55 59 65 -68 / 56 60 65 -68 / 47 56 -65 -65 / 48 55 60 64 <END> 
<S> 56 60 65 / 53 55 59 65 / 53 57 60 / / 62 -57 -60 / 45 54 60 63 / 46 53 62 <END> 
<S> 50 54 62 74 / 48 -54 -62 -66 / 55 59 62 67 / 47 55 62 67 / 45 -55 -62 -67 / 47 62 -55 -67 / 43 -62 -67 -71 / 48 55 67 72 / 50 66 -55 -72 <END> 
<S> 43 58 67 76 / 55 -43 -58 -67 / 45 53 60 69 / 46 55 62 71 / 48 60 64 72 / 50 55 64 71 / 54 62 -50 -71 / 43 55 59 67 / 48 55 60 64 <END> 
<S> 50 62 65 69 / 71 -50 -62 -65 / 52 59 62 67 / 60 -52 -59 -67 / 50 57 60 65 / 59 -50 -65 -65 / 52 60 64 67 / 59 -52 -64 -67 / 54 57 62 69 / 72 -54 -62 -57 / 55 62 71 / 54 -55 -62 -71 / 52 55 67 72 / 48 64 71 -55 / 50 62 66 69 / 51 59 66 71 / 52 59 64 67 / 54 -59 -64 -67 <END> 
<S> 54 60 62 69 / 52 59 64 71 / 57 60 64 72 / 66 -57 -60 -72 / 55 59 67 74 / 52 59 67 76 / 57 60 69 77 / 59 62 -69 -77 / 60 64 67 76 / 54 60 69 -76 / 62 67 71 74 / 0 -62 -67 -74 64 67 72 / 65 69 -52 -72 <END> 
<S> 57 60 69 77 / 59 62 -69 -77 / 60 64 67 76 / 53 65 69 -76 / 67 71 74 -53 / 52 -67 -71 -74 / 50 67 72 76 / 48 -67 -72 -76 / 55 67 74 -72 / 43 71 -67 -74 / 65 -43 -71 -74 / 48 64 67 72 / 55 67 71 74 / 69 72 -55 -74 <END> 
<S> 67 74 -58 / / 76 -67 -74 / 55 67 72 / 62 71 -55 -72 / 60 64 72 79 / 67 -64 -72 -79 / 62 65 72 77 / 62 -65 -72 -77 / 64 67 72 76 / 65 69 77 -72 / 67 71 -43 -77 / 48 72 76 -67 / 60 65 72 77 / 76 -60 -67 -72 / 48 67 74 -60 <END> 
<S> 62 65 69 74 / 60 -65 -69 -74 / 59 62 67 74 / 58 -62 -67 -74 / 60 64 67 76 / 65 69 -60 -76 / 55 67 71 74 / 53 -67 -71 -74 / 52 67 72 -67 / 53 65 69 -72 / 64 -53 -69 -72 / 55 62 67 71 / 48 60 64 67 / 59 62 -48 -67 <END> 
<S> 52 67 72 / 48 -67 -72 65 / 53 69 72 -72 / 67 -53 -69 -72 / 54 62 69 74 / 72 -54 -62 -69 / 55 62 67 71 / 64 -55 -62 -71 / 50 60 66 69 / 59 62 67 71 / 52 59 67 71 / 60 -52 -67 -71 / 50 59 67 74 / 57 -47 -62 -74 / 55 59 62 71 / 56 60 -59 -71 <END> 
<S> 55 59 62 71 / 54 -59 -62 -71 / 52 59 64 67 / 50 -59 -64 -67 / 48 59 64 67 / 45 -59 -64 -67 / 45 64 72 -57 / 52 55 -64 -72 / 50 62 65 71 / 48 55 64 -71 / 50 65 -55 -71 / 52 60 64 72 / 54 60 62 -72 / 55 62 67 71 / 52 59 67 / 50 57 -67 69 / 59 62 65 74 <END> 
<S> 50 57 62 71 / 55 62 67 -71 / 53 60 -67 -71 / 52 62 67 71 / 50 -62 -67 -71 / 52 55 67 72 / 53 57 -67 -72 / 55 59 62 74 / 52 60 67 -74 / 54 69 -62 -74 / 50 62 67 -74 / 72 -50 -62 -67 / 55 62 71 -67 / 67 -55 -71 / 51 60 66 69 / 50 59 62 67 71 <END> 
<S> 55 62 67 71 / 48 60 66 69 / 50 59 62 67 / 52 60 67 / 59 -52 -67 / 57 60 69 77 / 55 62 67 71 / 53 60 67 72 / 52 65 -60 -72 / 53 60 69 74 / 50 -60 -69 -74 / 55 59 67 74 / 65 -55 -59 -74 / 48 55 64 72 / 53 56 71 74 <END> 
<S> 53 60 67 69 / 52 -60 -67 -69 / 50 53 65 69 / 52 -50 -65 -69 / 50 59 65 74 / 52 60 67 76 / 53 60 69 77 / 55 59 67 74 / 57 60 65 -74 / 72 -57 -60 -65 / 55 59 67 74 / 65 -55 -59 -74 / 57 60 64 72 / 55 64 -64 -72 / 53 62 69 74 / 50 -62 -69 -74 <END> 
<S> 57 60 65 74 / 59 -60 -65 -74 / 60 64 67 76 / 57 62 -64 -76 / 57 60 66 74 / 59 59 67 74 / 60 76 -59 / 62 77 -60 / 52 59 76 79 / 53 60 81 -67 / 69 -53 -60 -69 / 55 71 -62 -69 / 62 -55 -71 -74 <END> 
<S> 59 62 74 57 / 61 -59 -62 -79 / 60 62 76 / 57 60 69 77 / 59 62 -69 -77 / 60 64 67 76 / 54 -64 -67 -76 / 55 67 71 74 / 55 67 71 74 / 60 67 72 76 / 59 -67 -72 -76 / 57 69 72 77 / 59 74 -69 -77 / 60 67 72 76 / 65 74 -60 -76 <END> 
<S> 60 67 76 / 62 77 -60 -67 / 48 64 72 79 / 50 71 77 -79 / 71 -50 74 79 / 52 67 72 76 / 53 74 -67 -72 / 55 67 71 74 / 72 -55 -67 -74 / 43 67 71 74 / 65 -43 -71 -74 / 48 64 67 72 / 55 67 71 74 / 69 72 -55 -74 <END> 
<S> 55 67 74 -72 / 53 69 -67 -74 / 62 65 71 74 / 55 67 71 74 / 48 67 72 76 / 52 -67 -72 -76 / 50 65 71 74 / 69 -50 -65 -74 / 52 64 67 71 / 55 -52 -64 -67 / 57 60 67 72 / 65 -57 -60 -72 / 59 67 74 -65 / 72 -59 -67 -65 / 55 67 74 -72 / 71 -55 -67 -74 <END> 
<S> 69 72 -64 / 50 66 -72 -74 / 55 62 71 74 / 67 -55 -71 -74 / 65 -55 -71 -74 / 48 64 67 72 / 55 67 71 74 / 55 67 71 74 / 53 -67 -71 -74 / 52 67 71 79 / 65 -52 -71 -79 / 57 64 73 79 / 50 65 74 77 / 71 -50 -65 -77 / 52 67 72 76 / 53 -67 -72 -76 <END> 
<S> 60 67 72 76 / 62 66 -72 -76 / 55 67 71 74 / 53 -67 -71 -74 / 52 67 72 / 50 62 65 74 / 48 60 64 76 / 59 -48 -64 -76 / 57 64 72 -64 / 62 66 -57 -72 / 52 67 71 -62 / 50 -52 -67 -71 / 48 64 67 72 / 50 62 -67 -72 / 55 62 67 71 / 53 -62 -67 -71 <END> 
<S> 57 64 72 -55 / 55 59 62 -72 / 54 57 62 -72 / 55 62 71 -57 / 64 -55 -60 -71 / 50 60 65 69 / 62 -60 -69 / 52 60 67 -69 / 53 -60 -67 -70 / 55 67 -60 -67 / 59 65 -55 -67 / 48 55 64 72 / 55 62 71 / 54 69 -55 -62 / 55 62 67 71 / 53 69 -62 -67 / 52 60 67 71 / 50 65 -60 -67 <END> 
<S> 52 60 67 72 / 50 65 69 74 / 71 -50 -65 -74 / 48 67 72 76 / 50 77 -72 / 52 67 72 76 / 53 -67 -72 -76 / 55 67 71 74 / 55 67 71 74 / 60 67 72 76 / 59 -67 -72 -76 / 57 69 72 77 / 59 67 74 79 / 77 -67 -70 -74 <END> 
<S> 47 62 67 79 / 48 60 67 77 / 76 -60 -67 -72 / 55 67 74 -60 / 59 -55 -67 -74 / 48 64 67 72 / 53 65 69 72 / 74 -53 -65 -69 / 55 67 76 -74 / 72 -55 -67 -76 / 43 74 -67 -72 / 65 69 -72 -74 / 64 67 71 76 / 62 65 69 74 / 64 67 -74 <END> 
<S> 53 65 69 74 / 64 -53 -69 -74 / 59 62 67 74 / 55 61 69 76 / 57 65 69 -76 / 50 -65 -69 -76 / 52 59 68 71 / 0 -52 52 60 67 72 <END> 
<S> 59 62 67 74 / 57 60 -67 -74 / 55 59 67 74 / 53 -59 -67 -74 / 52 59 67 79 / 50 65 -59 -79 / 52 60 79 -65 / 53 -60 -64 -79 / 55 60 67 74 / 59 -55 -67 -74 / 48 60 67 76 / 53 60 65 74 / 52 59 67 76 <END> 
<S> 55 60 67 76 / 53 -60 -67 -76 / 55 59 67 74 / 65 -55 -59 -74 / 48 55 64 72 / 48 55 64 72 / 50 65 -55 -72 / 52 60 67 72 / 65 -52 -60 -72 / 52 60 67 -65 / 53 -60 -67 -60 / 55 60 62 -67 / 64 -55 -60 -67 / 43 59 65 -55 <END> 
<S> 52 67 72 -58 / 48 64 -67 -72 / 53 62 65 -72 / 50 -62 -65 -72 / 51 55 67 71 / 52 64 -55 -70 / 53 57 62 69 / 71 -53 -57 -62 / 52 55 64 72 / 54 57 -64 -72 / 55 59 62 71 / 67 -55 -59 -71 / 60 -55 -67 / 69 -51 -60 -67 / 50 57 66 69 / 55 59 62 67 / 53 59 62 67 <END> 
<S> 54 57 69 72 / 55 59 67 71 / 48 60 67 76 / 52 60 67 72 / 69 77 -60 -69 / 59 67 74 -77 / 60 67 76 -74 / 72 -60 -67 -76 / 55 74 -67 -72 / 67 71 -55 -74 / 65 -55 -71 -74 / 48 64 67 72 / 60 67 72 76 <END> 
<S> 55 67 72 / 62 65 -55 -72 / 64 -55 -72 / / 66 -72 -72 / 60 67 72 76 / 59 -67 -72 -76 / 57 69 72 77 / 59 67 74 79 / 77 -59 -67 -74 / 60 67 76 -74 / 72 -60 -67 -76 / 55 67 74 -72 / 71 -55 -67 -74 / 48 67 71 74 / 65 -67 -71 -74 <END> 
<S> 59 67 74 79 / 60 67 77 / 65 71 74 -77 / 72 76 -60 -66 / 62 71 74 / 64 69 72 / 65 68 71 / 64 67 69 72 / 62 71 -67 -72 / 64 69 72 / 62 -64 -69 -72 / 59 62 67 71 / 52 60 67 72 / 57 65 -60 -72 <END> 
<S> 57 64 72 -71 / 74 -57 -64 -72 / 69 72 76 -55 / 59 67 74 -67 / 52 67 72 76 / 57 65 69 72 / 59 67 74 / 55 60 67 76 / 58 -60 -67 -76 / 57 60 65 77 / 55 67 -60 -77 / 53 59 69 74 / 55 76 -69 -74 / 53 74 -69 -74 / 72 -53 -57 -74 / 55 59 67 74 / 52 60 -67 -74 / 59 -52 -67 -74 <END> 
<S> 53 62 69 71 / 76 -53 -62 -69 / 55 62 67 71 / 53 -62 -67 -71 / 52 64 67 72 / 50 -64 -67 -72 / 48 62 67 74 / 47 -62 -67 -74 / 48 60 67 76 / 50 -60 -67 -76 / 52 55 67 74 / 53 59 -67 -74 / 60 67 76 / 55 -60 -67 -76 / 53 60 65 74 / 55 59 67 -74 / 53 -55 -59 -74 / 72 -55 -59 -62 <END> 
<S> 48 60 67 76 / 50 -60 -67 -76 / 52 60 67 76 / 53 -60 -67 -76 / 55 59 67 74 / 56 72 -59 -67 / 57 60 65 72 / 59 62 67 74 / 60 64 67 76 / 72 -64 -60 -76 / 54 69 74 -72 / 56 64 71 -74 / 57 64 72 / 55 -64 -72 / 64 -55 72 / 54 69 74 -72 / 67 71 -74 <END> 
<S> 60 64 67 76 / 62 -60 -67 -76 / 52 60 67 76 / 53 -60 -67 -76 / 55 60 67 74 / 72 -55 -60 -67 / 55 59 65 74 / 69 -55 -59 -74 / 48 58 64 72 / 65 74 -48 -64 / 47 67 -64 -72 / 48 69 74 -72 / 50 71 -69 -74 / 55 67 71 74 / 43 59 -67 -74 / 65 69 -43 48 <END> 
<S> 48 60 64 69 / 50 59 65 71 / 52 64 -59 -71 / 60 -52 -64 -71 / 62 -52 -56 -67 / 45 57 60 77 / 47 62 -57 -69 / 48 59 64 67 / 50 57 -64 -67 / 55 59 62 67 / 54 -55 -62 -67 / 43 59 62 67 / 47 50 -62 -67 / 48 52 60 69 / 50 53 -60 -69 / 52 59 -53 -69 / 50 53 -59 -69 <END> 
