<S> 56 60 63 72 / 65 -56 -60 -72 / 58 62 65 70 / 67 -58 -62 -70 / 48 63 67 68 / 50 65 -68 / 51 58 65 67 / 63 -51 -58 -67 / 44 60 63 65 / 59 -44 -63 -65 / 60 62 -44 -65 / 60 -44 -60 -65 / 43 59 62 67 / 55 59 67 74 <END> 
<S> 44 60 63 65 / 59 -44 -63 -65 / 60 62 -44 -65 / 60 -44 -60 -65 / 43 59 62 -65 / 77 -56 -60 -65 / 55 58 67 75 / 60 -55 -67 -75 / 53 60 68 -67 / 65 -53 -60 -68 / 48 60 67 -65 / 64 -48 -60 -67 / 58 -48 -64 -67 / 41 56 65 / 53 58 62 67 <END> 
<S> 60 68 -65 / 64 -60 -68 -76 / 55 67 71 74 / 53 -67 -71 -74 / 51 67 72 / 50 53 -67 -72 / 48 62 67 -72 / 60 -62 -67 -72 / 55 59 67 74 / 51 60 67 72 / 70 -51 -60 -67 <END> 
<S> 48 63 67 72 / 60 -63 -67 -72 / 55 67 71 74 / 53 67 73 76 / 51 -67 -73 -75 / 50 65 74 77 / 71 -50 -74 -77 / 51 67 72 75 / 53 -67 -72 -75 / 55 67 70 74 / 65 -55 -70 -74 <END> 
<S> 48 67 72 75 / 50 65 70 74 / 51 -65 -70 -74 / 53 65 69 72 / 71 74 -53 -65 / 60 67 72 75 / 58 -67 -72 -75 / 56 60 72 77 / 55 67 75 -60 / 53 59 68 74 / 55 60 65 -74 / 56 72 -60 -65 <END> 
<S> 56 65 72 / 63 -56 -72 -72 / 55 65 71 74 / 53 67 72 75 / 51 -67 -72 -75 / 53 68 72 74 / 50 65 -72 -74 / 55 62 71 -74 / 67 -55 -71 -74 / 48 63 67 72 / 60 63 67 72 / 58 62 -67 -72 <END> 
<S> 55 67 71 -63 / 63 -55 -67 -71 / 62 -55 -67 -70 / 60 63 67 69 / 58 62 67 70 / 56 63 -62 -70 / 55 58 63 70 / 53 56 65 -70 / 51 55 67 70 / 53 56 -67 -70 / 55 62 67 71 / 53 60 -67 -71 / 51 65 -60 -67 / 48 -60 -65 -65 <END> 
<S> 55 62 70 52 / 55 -62 -70 / / 53 62 -70 / 51 58 63 67 / 56 -58 -63 -67 / 56 60 63 / 55 -60 -63 -67 / 53 56 60 68 / 58 62 -53 -68 / 48 60 63 67 / 45 -60 -63 -67 / 58 63 65 / 62 -44 -58 -65 / 46 53 62 70 / 55 -46 -62 -70 / 53 56 60 68 / 51 55 -60 -67 <END> 
<S> 51 60 67 / 58 -52 -67 / 53 56 65 -67 / 63 -53 -56 -67 / 55 62 62 71 / 50 -62 -62 -71 / 51 60 67 / 58 63 -67 / 57 60 65 72 / 62 67 70 / 55 65 68 74 / 59 -65 -68 -74 / 60 63 67 72 / 56 62 72 77 / 60 -56 -72 -77 <END> 
<S> 60 63 67 72 / 58 62 -67 -72 / 57 60 65 72 / 58 65 74 / 57 60 66 72 / 59 62 67 74 / 58 67 75 / 57 60 -67 -75 / 55 58 67 74 / 72 -55 -58 -67 / 56 60 72 -67 / 65 -56 -60 -72 / 55 61 70 -77 / 53 68 -61 -77 <END> 
<S> 60 63 67 75 / 58 62 -67 -75 / 56 60 65 77 / 55 67 -60 -77 / 53 65 68 72 / 63 74 -53 -68 / 59 62 67 74 / 58 -62 -67 -79 / 60 63 67 48 / 62 65 -67 -79 / 63 67 70 79 / 59 -67 -70 -79 <END> 
<S> 48 63 67 72 / 60 63 67 72 / 58 62 -67 -72 / 57 60 65 72 / 55 -60 -65 -72 / 53 60 69 77 / 51 -60 -69 -77 / 58 70 74 77 / 55 72 75 77 / 53 74 77 -56 / 55 67 70 79 <END> 
<S> 53 60 72 80 / 55 70 -60 -80 / 56 65 72 80 / 58 71 77 -80 / 60 67 72 75 / 58 65 70 77 / 65 70 75 / 63 67 -70 -75 / 62 65 70 77 / 68 -62 -65 -77 / 63 67 70 79 / 77 -63 -67 -70 <END> 
<S> 58 65 70 74 / 56 -65 -70 -74 / 55 67 70 75 / 53 74 -67 -70 / 55 63 70 72 / 56 65 68 -72 / 58 67 70 74 / 65 68 -58 -74 / 63 67 70 / 62 65 -67 -70 / 60 63 67 68 / 58 -60 -67 -75 <END> 
<S> 63 67 70 -58 / 65 -51 -63 -70 / 56 63 70 72 / 55 -63 -70 -72 / 56 65 72 -70 / 55 -65 -72 -72 / 53 65 72 74 / 63 -53 -72 -74 / 55 62 71 -74 / 63 -55 -71 -74 / 65 -55 -71 -74 / 48 63 67 72 / 55 62 70 77 / 56 -62 -70 -77 <END> 
<S> 53 63 68 72 / 51 63 -68 -72 / 50 65 68 72 / 55 62 67 / 53 59 65 68 / 51 60 -65 -68 / 56 62 -60 -65 / 59 62 -56 -65 / 55 58 60 63 / 53 57 -60 -63 / 55 58 62 <END> 
<S> 56 60 65 / 55 58 65 / 55 63 67 -58 / 53 57 -63 -67 / 55 59 62 / 51 53 60 67 / 58 -39 -53 -67 / 41 56 60 65 / 43 55 59 67 <END> 
<S> 50 53 62 71 / 51 55 67 / 50 53 -67 -67 / 51 67 72 -67 / 66 -51 -67 -72 / 55 59 67 74 / 60 67 75 / 58 -60 -67 -75 <END> 
<S> 47 62 67 74 / 48 -62 -67 -74 / 53 62 68 -48 / 47 55 -62 -68 / 48 51 60 67 / 44 51 60 65 / 41 -51 -60 -65 / 46 50 58 -65 <END> 
<S> 44 60 65 -63 / 56 -44 -60 -65 / 41 60 65 69 / 53 -60 -65 -69 / 51 60 67 68 / 50 -60 -67 -68 / 51 60 67 / 58 62 65 -51 / 53 60 63 68 / 55 59 67 <END> 
<S> 44 63 65 / 44 53 -63 -65 / 46 62 62 -65 / 58 63 -62 -65 / 56 60 63 / 62 65 -56 -60 / 60 55 63 67 / 55 58 -63 -67 / 56 60 63 72 / 65 74 -56 -60 / 58 60 67 75 / 65 68 -60 -75 / 61 67 68 75 / 62 -67 -68 -75 <END> 
<S> 56 60 63 72 / 55 -60 -63 -72 / 53 65 68 72 / 55 74 -65 -68 / 60 63 67 75 / 69 -60 -63 -75 / 58 65 70 74 / 53 -65 -70 -74 / 55 67 70 -74 / 56 72 -70 / 68 -56 -60 -72 / 50 65 68 74 / 55 62 67 59 <END> 
<S> 53 65 68 74 / 63 -53 -68 -74 / 55 65 70 -74 / 53 63 -70 -74 / 51 58 -70 -74 / 56 72 -58 -75 / 55 70 74 -58 / 53 -70 -74 51 51 67 70 72 / 53 65 69 -72 / 46 65 70 74 <END> 
<S> 53 68 74 -60 / 58 62 67 -74 / 54 63 69 72 / 55 62 67 70 / 53 -62 -67 -70 / 51 60 67 72 / 55 -60 -67 -72 / 48 65 67 74 / 64 -48 -67 -74 / 71 -48 -64 -74 / 54 62 67 74 / 55 62 67 70 / 53 -62 -67 -70 <END> 
<S> 48 63 67 72 / 68 -48 -63 -72 / 50 65 70 74 / 51 58 67 -70 / 53 60 69 -70 / 62 -53 -69 / 60 63 67 / 58 -48 -63 -67 / 56 65 -48 -63 / 50 58 65 70 / 51 58 67 75 / 50 68 -58 77 <END> 
<S> 63 68 -58 -63 / 50 58 65 70 / 51 58 63 67 / 68 -58 -63 / 51 58 63 67 / 56 60 63 72 / 55 58 -63 -72 / 53 56 65 74 / 54 57 -65 -74 / 55 58 64 70 / 62 -55 -70 -75 / 56 60 72 75 / 55 70 -60 -75 <END> 
<S> 53 57 63 69 / 55 58 65 70 / 56 -65 -65 -70 / 58 63 70 70 / 62 65 -70 -70 / 60 63 67 72 / 68 -60 -63 -72 / 58 62 70 77 / 68 -58 -62 -77 / 60 63 67 75 / 55 59 67 74 / 65 -55 -59 -74 <END> 
<S> 56 60 65 77 / 58 -56 -65 -77 / 53 63 70 79 / 55 -63 -70 -79 / 53 65 70 80 / -65 -70 -74 / 67 70 79 -65 / 63 -67 -70 -79 / 62 65 72 77 / 67 -62 -65 -77 / 60 67 75 / 58 -60 -67 -75 / 56 68 72 75 / 55 -60 -72 -75 53 53 60 68 74 / 51 72 -60 -68 <END> 
<S> 60 63 68 75 / 65 -60 -68 -75 / 59 67 74 / 65 -59 -74 / 60 63 67 72 / 58 62 -67 -72 / 57 60 65 72 / 55 67 -60 -72 / 53 60 69 72 / 51 -60 -65 -72 / 50 62 67 77 / 48 63 75 -67 / 53 65 68 -75 / 55 74 -65 -68 / 67 -58 -62 -74 / 63 67 69 -74 <END> 
<S> 52 60 67 72 / 58 -52 -67 -72 / 53 57 65 74 / 58 -53 -65 -74 / 54 60 63 74 / 62 -54 -69 -74 / 55 62 67 70 / 51 60 66 69 / 50 59 62 67 / 51 60 67 72 / 53 62 65 71 / 51 63 -65 -71 / 50 62 65 70 / 48 63 67 72 <END> 
<S> 51 63 67 / 50 65 -63 / 48 56 62 65 / 47 55 -62 -65 / 48 55 60 63 / 44 51 60 -63 / 41 56 62 -60 / 43 55 59 -62 / 53 -43 -59 -62 / 44 51 60 / 43 52 59 67 / 45 48 60 65 / 47 55 62 -65 / 48 55 62 -62 / 60 -48 -55 -67 <END> 
<S> 41 48 60 63 / 46 55 -60 -63 / 44 56 60 65 / 41 -56 -60 -65 / 48 55 59 67 / 52 60 -55 -67 / 53 56 60 68 / 55 -53 -68 -68 / 50 65 70 -68 / 46 65 68 74 / 63 67 -46 -70 / 44 63 65 72 / 41 74 -65 -68 <END> 
<S> 51 58 67 70 / 65 -51 -58 -70 / 67 -51 -58 -70 / 48 63 68 72 / 67 -48 -63 -72 / 53 58 65 70 / 51 63 67 70 / 55 62 67 70 / 60 67 75 / 58 -60 -67 -75 / 56 60 68 75 / 55 -60 -68 -75 / 53 60 68 77 / 51 67 -60 -77 <END> 
<S> 51 63 67 72 / 56 62 65 -72 / 60 -56 -65 -72 / 55 59 67 74 / 60 63 67 / 65 68 -60 / 58 62 67 70 / 56 63 68 72 / 65 -56 -68 -72 / 55 63 67 70 / 65 -55 -67 -70 / 53 58 67 75 / 51 68 -58 -75 <END> 
<S> 63 67 70 -58 / 62 65 -59 -70 / 60 63 67 72 / 55 58 -67 -72 / 56 60 65 72 / 55 67 -63 -72 / 53 60 68 74 / 59 -53 -68 -74 / 48 60 72 -74 / 50 53 58 -74 / 51 67 75 / 58 -67 -67 -75 / 56 65 72 77 / 55 63 75 -72 <END> 
<S> 48 60 67 75 / 55 67 72 74 / 71 -55 -67 -74 / 65 -55 -71 -74 / 56 63 72 / 68 -56 -72 / 55 65 68 74 / 53 -65 -68 -74 / 55 67 70 -74 / 53 65 -70 -74 / 51 67 72 75 / 53 74 -67 -72 / 55 67 74 -72 / 65 -55 -72 -74 <END> 
<S> 56 65 72 75 / 55 70 74 -75 / 53 68 72 75 / 74 -53 -68 -72 / 55 67 71 74 / 65 -55 -71 -74 / 48 63 67 72 / 53 65 68 74 / 55 63 -68 -74 / 54 62 68 -74 / 72 -54 -62 -66 <END> 
<S> 56 63 68 72 / 55 -63 -68 -72 / 53 61 67 70 / 52 -61 -67 -70 / 53 60 67 68 / 64 -53 -60 -68 / 65 -53 -60 -68 / 59 60 67 -65 / 64 72 -53 -60 / 54 62 -60 -72 <END> 
<S> 55 60 67 -65 / 62 -55 -60 -67 / 59 -55 -62 -67 / 67 -43 -59 -62 / 48 55 60 63 / / 53 60 65 / 63 -53 -53 -65 / 46 62 -53 -65 / 55 58 63 / / 62 -55 -58 / 55 60 -55 -58 / 53 56 59 68 / 51 55 60 67 / 53 56 60 68 / 62 -53 -53 -68 <END> 
<S> 56 63 65 / 55 59 -63 -65 / 60 -55 -63 / 55 58 62 -48 / 50 53 -58 -62 / 51 55 60 63 / 53 58 60 / 68 53 56 60 / 44 -53 -60 -64 / 41 56 60 62 / 43 55 59 -62 / 53 -43 -59 -62 <END> 
<S> 44 56 60 65 / 63 -56 -56 -60 / 55 58 62 -44 / 53 -55 -59 -62 / 48 55 60 63 / 51 56 60 65 / 58 -44 -56 -65 / 44 53 56 60 / 46 -53 -56 -60 / 48 53 56 60 / 51 55 59 67 / 60 -39 -55 -67 / 50 53 62 70 / 48 51 63 -70 / 53 56 65 68 / 55 63 -53 -68 / 56 60 65 68 / 59 -60 -65 -68 <END> 
<S> 43 55 60 70 / 53 -43 -60 -70 / 59 -43 -53 -67 / 65 -53 -55 -59 / 55 60 -55 -65 / 42 57 60 -60 -65 / 55 59 62 / 53 -55 -62 / 60 -53 -55 / 53 59 62 -53 / 48 51 60 / 50 53 59 62 / 51 55 60 / 50 53 57 -60 / 55 59 -50 / 53 56 -43 -59 <END> 
<S> 50 55 58 62 / 51 -55 -58 -62 / 53 56 60 / 55 58 -53 -63 / 48 56 60 65 / 41 -48 -60 -65 / 43 55 62 -60 / 59 -43 -55 -62 / 44 53 60 65 / 41 -55 -60 -65 / 42 57 60 62 / 43 53 -60 -62 / 59 -43 -53 -62 / 51 60 -53 -59 / 50 51 55 -60 <END> 
<S> 41 60 62 -56 / 38 53 -60 -62 / 43 50 55 59 -62 / 53 -43 -59 -62 / 36 51 55 60 / 36 51 55 60 / 50 53 62 -55 / 51 55 -53 -60 / 50 53 58 65 / 51 58 67 / 46 53 58 65 / 51 -46 -53 -58 / 49 53 58 <END> 
<S> 48 51 55 63 / 46 50 -55 -63 / 44 51 60 67 / 41 -51 -60 -67 / 44 53 60 65 / 43 55 63 -60 / 44 59 62 65 / 43 60 63 -65 / 44 62 65 -60 / 39 58 63 67 / 41 56 60 68 / 58 -41 -56 -68 / <END> 
<S> 44 56 60 65 / 55 -44 -60 -65 / 46 53 58 62 / 46 53 58 62 / 44 -53 -58 -62 / 43 55 58 63 / 44 60 -55 -63 / 43 62 -55 -63 / 59 -43 -55 -63 / 44 53 60 / 43 55 -60 -63 / 41 56 62 -60 / 38 53 59 -62 / 65 -53 -59 -62 <END> 
<S> 44 56 60 63 / 58 -44 -60 -63 / 41 56 60 62 / -41 -56 -60 / 43 55 59 62 / 53 -43 -59 -62 / 48 51 55 60 / 48 55 60 63 / 46 -55 -60 -63 / 44 56 60 63 / 43 51 58 -63 / 44 51 56 60 / 46 -51 -56 -60 / 44 51 58 60 / 48 -51 -60 -63 <END> 
<S> 48 51 60 63 / 46 -51 -60 -63 / 44 51 60 67 / 39 -55 -60 -67 / 41 53 60 -60 / 62 -53 -53 / 51 54 63 / 57 65 -48 -51 47 55 67 -48 -51 / 50 53 59 65 / 58 -50 -53 -65 / 51 55 58 / 52 60 -55 / 53 55 60 67 / 59 -51 -55 -67 / 45 48 65 -55 / 53 -45 -48 -60 / 46 55 60 / 44 48 -55 -60 <END> 
<S> 47 50 62 67 / 65 -47 -50 -67 / 43 55 62 / 59 62 -43 -55 / 55 60 -43 / 58 62 -53 -55 / 51 56 60 / 53 59 68 -56 / 55 60 67 / 53 56 -60 -67 / 51 55 59 67 / 50 53 69 -58 / 48 51 56 60 / 55 -48 -51 -63 / 43 55 58 62 / 41 -55 -58 -62 <END> 
<S> 50 53 62 65 71 / 51 63 67 72 / 59 62 65 74 / 51 60 63 72 / 55 62 67 71 / 48 63 67 72 / 50 53 65 70 / 51 63 67 70 / 50 65 -67 -70 / 48 67 72 75 / 51 -67 -72 -75 <END> 
<S> 48 60 63 67 75 / 58 62 -67 -75 / 56 60 72 77 / 55 75 -60 -72 / 53 74 -60 -72 / 55 59 67 74 / 65 -55 -59 -74 / 48 55 63 72 / 53 56 63 72 / 54 57 63 -72 / 55 62 67 70 / 53 -62 -67 -70 <END> 
<S> 48 55 63 72 / 55 59 62 67 / 53 -59 -67 / 51 60 67 / 58 -60 -67 / 57 60 65 69 / 59 62 -65 -69 / 60 63 67 / 57 60 65 75 / 58 62 65 74 / 56 60 -65 -74 / 55 58 67 75 / 53 68 77 -58 / 51 63 67 79 / 50 -63 -67 -79 <END> 
<S> 60 63 65 / 58 64 -65 / 56 60 65 65 / 47 -56 -65 -65 / 48 55 64 72 / 53 60 68 74 / 55 59 67 74 / 65 -55 -59 -74 / 56 60 63 72 / 55 58 -63 -72 / 53 60 65 68 / 58 62 67 70 / 56 65 68 72 <END> 
<S> 57 60 67 75 / 55 -60 -67 -75 / 53 60 68 74 / 55 58 -68 -74 / 56 60 65 68 / 50 -60 -65 -68 / 51 58 67 -65 / 63 -51 -58 -67 / 56 60 63 72 / 55 -60 -63 -72 / 53 65 68 72 / 74 -53 -65 -68 -74 / 67 76 -53 -70 / 54 69 -67 -72 <END> 
<S> 60 63 67 72 / 58 -60 -67 -72 / 54 57 62 74 / 72 -54 -57 -62 / 55 62 -57 -72 / 54 62 69 74 / 55 58 67 -74 / 57 69 -67 -74 / 70 -57 -67 -74 / 55 62 67 70 / 53 -62 -67 -70 / 51 60 67 70 / 48 -60 -67 -70 / 53 60 65 69 <END> 
<S> 55 62 67 70 / 53 62 65 70 / 51 63 67 -70 / 48 63 69 -67 / 62 -48 -67 -69 / 60 -48 -67 -69 / 50 65 71 -60 / 59 -50 -65 -71 / 51 60 67 72 / 53 60 68 74 / 55 59 67 74 / 65 -55 -59 -74 <END> 
<S> 56 60 63 72 / 55 -60 -63 -72 / 53 65 68 72 / 63 -53 -68 -72 / 46 65 70 74 / 46 65 70 -70 / 48 65 68 -70 / 64 -48 -70 -70 / 50 65 67 -70 / 51 60 68 -67 / 58 62 -67 -68 / 48 60 67 75 / 68 72 -60 -75 <END> 
<S> 46 62 65 70 / 51 -62 -65 -70 / 53 60 65 70 / 51 -60 -65 -70 / 50 58 65 70 / 68 -50 -58 -65 / 51 58 63 67 / 50 -58 -63 -67 / 48 60 63 67 / 58 -48 -63 -67 / 44 56 65 72 / 55 70 -44 -63 / 49 -55 -63 -70 / 50 58 65 68 / 46 -58 -65 -70 <END> 
<S> 48 60 65 68 / 50 -60 -65 -68 / 51 58 63 67 / 50 -58 -63 -67 / 51 58 63 67 / 61 -51 -58 -67 / 56 60 63 -48 / 55 58 -43 -63 / 53 56 60 65 / 55 58 62 -65 / 56 -58 -62 -65 / 51 55 63 70 / 60 -55 -63 -70 <END> 
<S> 56 60 65 / 53 55 -60 -65 / 50 53 65 70 / 58 62 -50 -70 / 51 58 67 / 53 -51 -58 -67 / 48 55 60 65 / 63 -48 -55 -60 / 41 60 63 -48 / 43 55 -60 -63 / 41 56 60 65 / 53 -41 -60 -65 / 43 59 62 67 / 55 -43 -59 -62 / 36 51 55 60 / 43 51 58 67 <END> 
<S> 44 48 60 63 / 43 55 -60 -63 / 41 56 60 62 / 43 55 59 -62 / 53 -43 -59 -62 / 36 51 55 60 / 48 51 55 60 / 46 -51 -55 -60 / 44 51 60 <END> 
<S> 48 55 60 63 / 50 -55 -60 -63 / 51 55 60 63 / 58 -51 -55 -63 / 53 56 60 65 / 59 -53 -56 -65 / 48 55 60 63 / 53 62 -60 / 55 60 63 / 59 62 -55 -67 / 53 57 60 69 / 51 55 -60 -69 <END> 
<S> 56 60 63 / 55 59 62 67 / 53 55 59 62 / 51 -55 -59 -62 / 50 55 60 65 / 48 -55 -60 -65 / 46 55 58 62 / 44 53 60 / 62 -44 -53 -60 / 43 55 60 63 / 53 62 -43 -60 / 48 60 63 <END> 
<S> 41 53 62 -60 / 60 -53 -56 -60 / 50 53 58 -60 / 51 55 59 67 / 50 -55 -58 -67 / 48 51 55 63 / 46 -51 -55 -63 / 44 51 60 67 / 43 -51 -60 -67 / 44 53 60 65 / 41 62 -53 -65 / 43 55 58 63 / -72 60 -55 -63 / 41 -55 -60 -63 <END> 
<S> 44 51 60 67 / 58 -44 -51 -67 / 56 -44 -60 -67 / 41 53 56 68 / 51 -41 -60 -68 / 49 58 61 67 / 68 -52 -58 -67 / 43 58 65 70 / 41 68 -65 -70 / 48 60 65 69 / 46 61 67 70 / 44 63 72 / 44 65 -63 -72 <END> 
<S> 44 60 63 68 / 44 -60 -63 -68 / 46 61 65 / 48 55 63 67 / 53 65 -43 -67 / 51 67 -53 / 53 -51 -67 -67 / 50 65 68 77 / 51 58 -65 -68 / 50 58 65 -65 / 63 -50 -58 -65 / 51 58 62 65 <END> 
