<S> 67 74 83 / 60 67 76 81 / 62 66 74 -81 / 55 67 74 83 / 65 -55 -74 -83 / 60 65 72 79 / 64 -60 -72 -79 / 53 64 72 81 / 62 77 -53 -81 / 55 67 76 83 / 74 -55 -67 -83 / 48 67 76 84 / 60 67 76 84 / 59 -67 -76 -84 <END> 
<S> 53 64 70 79 / 65 69 -53 -79 / 67 76 -53 -79 / 62 69 77 -76 / 60 74 -69 -77 / 58 70 76 77 / 60 67 72 76 / 59 67 74 79 / 55 -67 -74 -79 / 60 67 72 76 / 53 69 74 -72 / 50 65 71 74 / 52 67 71 -74 / 50 65 69 72 <END> 
<S> 57 67 72 76 / 65 -57 -72 -76 / 59 64 74 79 / 60 77 -64 -79 / 62 70 77 / 57 64 72 76 / 55 65 70 74 / 53 67 70 76 / 52 -67 -70 -79 / 53 60 69 77 / 55 76 -60 -69 <END> 
<S> 58 65 73 79 / 64 -58 -73 -79 / 70 79 -65 / 61 64 69 -79 / 62 65 77 81 / 67 -62 -77 -77 / 60 68 76 -62 / 60 67 72 76 / 59 67 74 79 / 57 72 -67 -79 / 55 65 71 74 / 53 69 -65 -74 <END> 
<S> 60 67 76 / 55 -60 -67 -76 / 53 65 69 74 / 71 76 -65 -74 / 69 72 76 / 67 71 74 / 64 67 69 72 / 65 71 74 79 / 64 72 81 62 66 71 74 -81 / 67 -62 -71 -77 / 60 67 72 76 / 62 71 -67 -76 <END> 
<S> 59 67 74 79 / 60 67 72 76 / 65 71 74 -60 / 59 69 73 76 / 57 64 69 72 / 59 62 74 -69 / 60 67 76 / 62 77 -60 -72 / 61 64 69 79 <END> 
<S> 57 64 69 72 / 59 62 67 74 / 60 67 76 / 62 77 -60 -67 / 61 64 69 79 / 62 69 77 / 59 -62 -69 -77 / 60 64 67 76 / 62 66 -60 -76 / 59 67 74 79 / 72 -59 -67 -79 / 59 67 74 79 / 77 -59 -67 -74 <END> 
<S> 57 60 69 77 / 59 62 -69 -77 / 60 64 67 76 / 53 65 69 -76 / 65 67 74 58 / 59 -67 -74 -77 / 60 67 72 76 / 52 -67 -72 -76 / 54 69 72 -72 / 50 74 -69 -72 / 55 62 71 74 / 67 -55 -62 -74 / 65 -55 -67 -71 / 48 64 67 72 / 55 59 67 74 <END> 
<S> 53 69 72 / 66 -50 -69 -72 / 55 59 62 -69 / 64 67 -55 -59 / 57 60 65 -43 / 50 59 65 74 / 55 59 64 74 / 48 60 67 76 / 69 -60 -76 / 55 71 74 -60 / 64 -55 -71 -74 / 65 -55 -71 -74 / 48 64 67 72 / 60 64 67 72 / 69 -60 -64 -72 <END> 
<S> 60 64 67 76 / 58 -64 -67 -76 / 57 60 65 77 / 55 59 67 76 / 53 -59 -67 -76 / 52 59 67 76 / 50 -59 -67 -74 / 48 60 67 76 / 69 -48 -60 -76 / 55 62 71 74 / 53 59 62 74 / 52 60 64 76 / 50 65 -60 -76 <END> 
<S> 60 67 76 / 59 -60 -67 -76 / 57 60 65 77 / 55 76 -60 -65 / 53 59 74 -65 / 52 -59 -62 -74 / 50 57 65 72 / 48 64 -57 -72 / 47 62 65 / 60 64 -47 -55 / 65 -47 -50 -64 / 45 57 60 64 / 65 -45 -57 -60 / 47 55 62 67 / 48 -55 -62 -67 / 50 -55 -62 -67 / 38 55 62 69 / 38 54 62 -69 / 43 55 62 67 / 48 60 -55 -67 <END> 
<S> 47 50 62 69 / 48 55 -62 -69 / 47 55 62 67 / 45 60 -55 -67 / 47 55 62 65 / 43 59 -55 -62 / 48 55 60 64 / 48 52 60 64 / 50 55 -60 -64 / 52 55 60 67 / 53 69 -55 -60 / 55 62 71 / 57 -55 -62 -71 / 43 55 64 67 / 62 -43 -55 -67 / 45 60 64 72 / 47 -60 -64 -72 / 48 60 67 76 / 52 -60 -67 -76 <END> 
<S> 48 55 60 64 / 50 55 59 62 / 48 55 60 64 / 48 57 60 64 / 52 55 59 67 / 50 -55 -59 -67 / 48 52 60 67 / 58 -52 -67 -67 / 53 60 69 -67 / 62 -53 -67 -69 / 64 -53 -62 -69 / 50 62 65 71 / 52 55 -62 -71 / 50 54 62 69 / 60 -50 -54 -69 <END> 
<S> 45 60 64 72 / 47 55 62 -72 / 48 64 -55 -72 / 50 55 62 71 / 54 69 -50 -62 / 38 -55 -62 -69 / 43 59 62 67 / 48 60 64 67 / 47 -60 -64 -67 / 45 60 64 69 / 47 -60 -64 -69 / 48 59 64 67 / 50 -59 -64 -67 / 52 59 64 71 / 56 59 62 -71 <END> 
<S> 47 62 67 / 47 55 -62 -67 / 45 57 60 72 / 64 -45 -57 -60 / 43 62 67 71 / 50 62 69 -67 / 60 64 67 / 59 62 65 / 60 77 -57 -65 / 55 59 62 67 / 53 -59 -62 -67 / 52 60 64 67 / 53 69 -60 -67 / 52 60 65 67 / 59 64 -55 -67 / 57 60 65 / 59 62 -57 -65 <END> 
<S> 60 64 67 / 55 59 -64 -67 / 57 60 67 72 / 65 -57 -60 -72 / 56 59 65 74 / 62 -56 -65 -74 / 57 64 72 / 59 64 67 74 / 60 69 -64 / 62 65 -69 / 64 67 71 / 65 -52 -67 -71 / 57 72 -67 / / 59 65 74 / 64 72 -59 -62 / 65 -55 -59 -74 <END> 
<S> 57 60 67 72 / 65 -57 -60 -72 / 59 62 67 -65 / 64 -62 -67 -71 / 60 64 -67 / 62 65 69 / 59 64 -62 -69 / 57 60 64 72 / 55 59 -64 -72 / 57 60 65 72 / 55 59 67 74 / 53 60 69 74 / 52 -60 -69 -74 / 50 59 67 76 / 49 74 77 -59 / -67 -74 64 50 <END> 
<S> 57 60 64 72 / 55 59 -64 -72 / 53 57 69 72 / 52 -53 -69 -72 / 52 64 69 57 / 67 -52 -64 50 / 53 57 65 74 / 59 -53 -65 -74 / 52 60 67 76 / 53 69 -60 -76 / 55 67 71 74 / 52 67 71 -74 / 65 -52 -71 -74 / 57 64 69 72 / 50 -64 -69 -72 <END> 
<S> 50 60 65 74 / 47 62 67 74 / 48 60 67 76 / 50 -60 -67 -76 / 52 60 67 76 / 53 -60 -67 -76 / 55 59 67 74 / 56 59 71 76 <END> 
<S> 53 60 67 69 / 52 -60 -67 -69 / 50 65 69 -60 / 55 59 67 -65 / 48 60 64 67 / 60 -48 -60 -67 / 53 60 69 -60 / 55 59 62 / 57 60 -55 / 55 59 62 / 55 -55 -59 -62 / 48 55 64 -55 / 50 53 62 71 / 38 -50 -57 -67 <END> 
<S> 55 60 62 / 53 59 -60 / 52 55 60 / 50 53 -60 55 / 55 59 62 / / 53 -59 -62 / / 52 59 62 / 50 57 60 / 59 -50 -57 -60 / 55 59 62 / 53 -55 -59 -62 / 52 55 60 / 53 59 62 -52 <END> 
<S> 50 57 62 65 / 59 -50 -62 -65 / 45 60 64 / 43 59 -60 -64 / 41 53 57 -60 / 43 50 59 -57 / 41 53 57 60 / 41 -53 -57 -62 / 43 50 55 59 -62 / 36 -43 -55 -59 / 36 52 55 60 / 42 48 62 72 / 38 71 -62 -62 / 40 55 60 64 / 36 -55 -60 -64 <END> 
<S> 41 60 69 -55 / 38 54 -60 -69 / 43 50 59 67 / 48 52 60 67 / 47 50 62 69 / 45 48 -62 -69 / 47 55 62 67 / 45 60 -55 -67 / 47 55 62 65 / 43 -55 -62 -65 / 48 55 60 64 / 48 55 60 64 <END> 
<S> 47 50 62 67 / 65 -47 -50 -62 / 48 55 62 64 / 47 -55 -62 -64 / 48 55 60 64 / 62 65 -48 -55 / 43 55 60 67 / 41 -55 -60 -67 / 45 60 65 -55 / 47 55 62 -65 / 48 55 60 64 / 48 55 60 64 <END> 
<S> 45 60 65 / 47 55 -60 -65 / 48 53 60 64 / 58 -48 -60 -64 / 50 57 65 / 52 55 67 -57 / 47 55 62 -67 / 45 60 -55 -67 / 47 55 62 67 / 43 59 -55 -67 / 48 55 60 64 / 52 55 -60 -64 <END> 
<S> 48 55 60 64 / 50 -55 -60 -64 / 52 60 -55 -64 / 53 57 62 -60 / 50 59 -57 -62 / 57 -43 -53 -62 / 55 59 -50 / 53 -43 -59 -62 / 36 52 55 60 / 48 55 60 64 / <END> 
<S> 41 57 60 62 / 43 55 59 -62 / 53 -43 -59 -62 / 36 52 55 60 / 48 60 64 67 / 47 -60 -64 -67 / 45 60 64 69 / 53 69 -60 -69 / 52 62 67 71 / 50 -62 -67 -71 <END> 
<S> 48 60 64 67 / 50 -60 -64 -67 / 52 55 64 67 / 62 -52 -55 -67 / 53 57 60 69 / 55 59 62 -69 / 60 64 67 / 65 -60 -64 / 59 64 67 / 57 60 -67 -67 / 62 -57 -67 / 43 59 67 74 / 55 59 67 74 <END> 
<S> 59 62 67 74 / 60 66 69 -74 / 62 66 -69 / 63 67 71 / 64 62 -67 -71 / 60 64 69 -67 / 62 65 -67 / 60 64 67 / 59 -60 -64 -67 / 57 60 64 72 / 55 59 -64 -72 / 53 57 69 72 / 52 -69 -72 / 64 71 79 / 62 65 -71 -79 <END> 
<S> 59 62 67 74 / 60 76 -67 / 59 62 67 74 / 60 64 -67 -74 / 62 65 71 76 / 64 -62 -71 -79 / 62 65 69 77 / 67 72 -62 -77 / 55 67 72 76 / 53 -67 -72 -76 / 55 67 71 74 / 65 -55 -71 -74 / 48 64 67 72 <END> 
<S> 57 64 69 72 / 65 74 -69 / 64 67 71 76 / 65 -67 -71 -76 / 67 72 -55 59 / 53 69 -67 -72 / 52 67 71 79 / 50 65 -71 -79 / 52 64 67 79 / 62 -52 -67 -79 / 60 64 69 77 / 65 -60 -72 -77 / 60 64 67 76 / 65 -60 -76 -76 <END> 
<S> 59 67 76 79 / 69 77 -64 -79 / 62 69 79 / 77 -62 -69 -77 / 67 -62 -77 -77 / 76 -62 -69 -77 / 57 60 69 76 / 59 74 -53 -69 / 52 60 67 -69 / 50 65 69 74 / 71 -50 -65 -74 / 48 64 72 76 / 60 -48 -72 -76 / 53 69 77 -72 <END> 
<S> 50 60 69 77 / 53 -60 -69 -77 / 55 67 76 -60 / 59 -55 -67 -76 / 57 64 71 72 / 59 -64 -71 74 / 60 69 76 / 59 62 -69 -76 / 64 71 79 / 62 65 -71 -79 / 60 64 72 79 / 62 65 77 -72 / 64 72 79 -60 / 62 -72 -79 -79 / 60 64 72 79 <END> 
<S> 60 64 76 79 / 62 77 -60 -79 / 61 64 69 79 / 50 62 69 77 / 67 -50 -62 -77 / 65 69 74 / 72 -60 -69 / 55 67 71 74 / 52 67 72 79 / 70 -52 -72 -79 / 53 65 69 81 / 65 -53 -69 -81 / 55 65 72 79 / 64 -55 -72 -79 <END> 
<S> 60 67 76 / 69 77 -60 / 58 62 70 79 / 55 -58 -70 -79 / 57 65 70 77 / 55 -65 -70 -77 / 60 72 76 77 / 53 69 74 -81 / 55 67 71 74 / 65 74 -55 -74 / 64 67 76 -55 / 60 65 74 -67 / 59 65 74 / 55 64 71 76 / 56 60 71 76 / 62 72 77 <END> 
<S> 53 60 69 74 / 65 -53 -60 -74 / 55 59 67 74 / 43 59 -67 -74 / 48 55 67 72 / 64 71 -48 -55 / 57 60 64 72 / 59 62 -72 / 60 76 -59 -62 / 60 -50 -60 -69 / 55 62 67 71 / 55 59 67 74 / 53 -59 -67 -74 / 52 60 67 72 / 50 65 -60 -72 <END> 
<S> 57 60 64 72 / 55 59 -64 -72 / 57 60 65 72 / 59 62 67 74 / 60 67 76 / 59 -60 -67 -76 / 57 60 69 77 / 55 62 71 79 / 53 60 69 77 / 76 -53 -60 -69 / 55 58 67 74 / 62 -55 -67 -74 / 70 -55 -62 -74 / 72 -55 -58 -74 / 57 66 72 -72 / 55 67 74 -72 / 54 -67 -72 -74 / 55 67 71 74 / 65 -55 -71 -74 <END> 
<S> 60 67 76 / 69 -60 -76 / 62 65 71 79 / 64 67 72 79 / 60 64 72 79 / 62 65 77 -72 / 64 67 72 76 / 62 74 -67 -72 / 61 67 69 76 / 65 71 -69 -76 / 60 64 67 81 / 62 -60 -67 -76 / 55 60 67 76 / 43 59 -67 -76 / 72 -43 -59 -67 <END> 
<S> 59 67 74 79 / 60 67 72 75 / 65 74 -72 / 64 67 71 79 / 62 65 77 -79 / 59 64 74 79 / 60 64 72 -79 / 65 69 74 -60 / 59 67 76 -74 / 60 72 77 / 62 74 -72 -77 <END> 
<S> 59 62 74 79 / 61 64 76 -79 / 62 65 69 77 / 69 74 -62 -77 / 68 -62 -77 -77 / 57 69 73 76 / 60 67 72 76 / 59 67 74 / 76 -59 -67 -74 / 57 65 69 72 / 59 74 -65 -69 / 60 67 76 / 59 -60 -67 -76 <END> 
<S> 59 67 74 79 / 60 67 72 76 / 71 -60 -67 -76 / 61 69 72 77 / 62 -69 -72 / 67 71 -62 -77 / 50 62 69 77 / 60 67 76 -62 / 58 61 69 77 / 60 65 70 -77 <END> 
<S> 60 67 76 / 62 -60 -67 -76 / 64 67 72 -60 / 59 -64 -67 -72 / 57 60 72 -67 / 65 -57 -60 -72 / 59 62 67 79 / 64 -59 -67 -79 / 60 67 76 / 66 69 74 -60 / 59 67 71 79 / 57 -67 -71 -79 / 50 77 -67 -71 / 48 67 72 76 <END> 
<S> 59 67 74 79 / 57 72 76 -81 / 55 71 74 79 / 56 65 71 -79 / 74 77 -65 -71 / 48 76 -74 -74 / 50 69 77 -64 / 62 71 -77 -77 / 52 69 72 76 / 53 -69 -72 -76 / 55 67 74 -72 / 71 -55 -67 -74 / 57 67 72 77 / 59 -67 -72 -77 <END> 
<S> 53 69 72 81 / 64 -53 -72 -81 / 55 62 71 79 / 69 77 -55 / 60 67 76 / 62 74 -67 / 52 64 67 72 / 54 -64 -67 -72 / 55 62 67 71 / 48 64 67 69 / 50 62 66 71 / 52 60 67 71 / 54 60 69 -67 / 55 59 67 / 57 69 -55 -67 / 55 62 67 71 / 43 59 62 67 <END> 
<S> 52 64 67 72 / 54 -64 -67 -72 / 55 62 67 71 / 59 -55 -62 -67 / 48 60 64 67 / 59 -48 -64 -67 / 50 57 66 66 / 52 55 -66 67 / 54 63 -51 -67 / 50 59 62 67 / 48 60 69 -67 / 50 57 65 69 / 52 58 64 67 / 50 -58 -64 -67 / 52 60 64 67 / 48 -60 -64 -67 <END> 
<S> 52 55 67 72 / 48 64 71 -55 / 50 62 66 69 / 60 -50 -66 -69 / 43 59 62 67 / 48 60 64 67 / 47 62 67 74 / 48 67 76 -62 / 50 71 -67 -76 / 52 -67 -71 -76 / 50 62 67 77 / 65 -50 -62 -77 / 55 62 71 -62 / 57 60 -62 -66 / 59 -57 -62 -71 <END> 
<S> 48 60 67 76 / 50 77 -60 -67 / 52 60 67 79 / 53 -60 -67 -79 / 55 59 67 74 / 52 72 -59 -67 / 50 57 65 74 / 59 -50 -65 -74 / 52 60 67 76 / 53 69 -60 -76 / 55 67 71 74 / 55 67 71 74 <END> 
<S> 50 60 65 69 / 55 59 62 67 / 52 60 67 70 / 53 65 69 -60 / 59 -53 -65 -69 / 48 60 64 67 / 58 60 64 -67 / 69 57 60 66 / 55 59 62 67 / 53 55 59 62 <END> 
<S> 53 60 65 69 / 55 -60 -65 -69 / 60 64 67 / 58 -60 -64 -67 / 57 60 65 / 55 59 67 / 55 60 -55 -67 / 48 60 64 67 / 59 -48 -64 -67 / 50 57 66 74 / 55 59 62 67 <END> 
<S> 53 60 62 69 / 50 53 -60 -69 / 52 55 59 67 / 48 52 60 67 / 41 53 60 69 / 43 -53 -60 -69 / 45 48 60 69 / 50 58 65 -69 / 64 -50 -57 -69 / 47 62 67 -69 / 43 -62 -67 -74 / 55 62 71 -67 / 38 57 -62 -67 / 60 -38 59 67 / 41 -59 -60 -67 <END> 
<S> 47 50 62 67 / 49 55 -62 -67 / 50 57 60 65 / 59 62 67 -50 / 60 -50 -57 -60 / 55 59 62 / 55 -55 -59 -62 / 53 57 60 62 / 52 -57 -57 -62 / 50 55 62 69 / 60 -50 -55 -69 / 43 50 59 67 / 48 52 60 67 / 41 53 60 69 / 52 -41 -60 -69 <END> 
<S> 50 57 62 66 / 43 55 59 67 / 48 55 60 64 / 62 65 -48 -60 / 47 55 62 67 / 45 57 64 72 / 43 55 59 62 / 48 55 60 64 / 40 55 60 64 / 58 65 -55 -64 / 57 -55 -64 -65 / 55 59 62 / 52 55 59 62 / 48 -55 -59 -62 <END> 
<S> 47 55 62 67 / 45 -55 -62 -67 / 43 55 62 69 / 71 -43 -55 -62 / 44 52 60 72 / 43 -52 -60 -72 / 50 70 -43 -60 / 52 -43 -59 -67 / 48 55 60 64 / 41 55 60 64 / 57 72 -48 -60 -64 <END> 
<S> 48 52 55 64 / 50 -55 -60 -64 / 52 55 60 / 53 -55 -60 -60 / 55 59 62 / 43 55 59 67 / 65 -55 -55 -59 / 48 55 60 64 / 59 -48 -55 -64 / 45 57 60 65 / 50 62 -57 -65 / 43 59 62 67 / 55 59 62 67 <END> 
<S> 48 55 60 64 / 58 -48 -55 -64 / 43 55 60 67 / 41 69 -60 -60 / 43 59 -60 -67 / 57 60 65 -43 / 55 59 -65 / 36 55 60 64 / 47 57 62 65 / 45 59 -50 -65 <END> 
<S> 45 57 60 65 / 47 55 62 -65 / 48 55 60 64 / 46 -55 -60 -64 / 45 57 60 65 / 47 -57 -60 -65 / 48 55 60 64 / 47 55 62 -64 / 45 57 60 -64 / 47 62 -57 -60 / 48 55 60 64 / 50 55 59 62 / 52 55 -59 -62 <END> 
<S> 45 48 57 65 / 47 55 64 -65 / 48 55 62 -64 / 59 62 -48 -55 / 45 55 60 65 / 47 55 62 -65 / 48 55 60 64 / 62 -55 -60 / 55 59 62 / 43 55 59 62 / 48 55 60 64 / 41 -55 -60 -64 <END> 
<S> 48 55 60 64 / 55 59 -48 -64 / 41 57 60 62 / 43 55 59 62 / 53 -43 -59 -62 / 45 52 55 60 / 48 52 60 / -72 55 62 -48 / 52 55 60 67 / 53 60 65 69 / 52 -60 -65 -69 / 50 62 65 69 / 48 -57 -65 -69 / 46 55 62 67 <END> 
<S> 48 55 60 64 / 50 -55 -60 -64 / 52 55 60 64 / 50 -55 -60 -64 / 55 59 62 / 53 -55 -59 -62 / 52 55 59 62 / 50 -55 -59 -62 / 52 55 60 67 / 50 -55 -60 -67 / 48 55 60 65 / 47 -55 -60 -65 / 45 55 60 64 / 43 55 60 62 / 59 -43 -55 -62 / 65 -43 -55 -59 / 48 55 60 64 / 0 / 51 60 64 67 <END> 
<S> 48 55 60 64 / 47 62 -55 -60 / 45 57 60 69 / 43 -57 -60 -69 / 55 59 62 67 / 0 / 52 60 67 / 53 62 65 69 / 49 64 67 69 / 57 64 67 71 / 62 -57 -67 -71 / 60 64 69 72 / 62 -64 -69 -72 / 64 71 -69 / 61 -64 -71 <END> 
<S> 49 58 64 69 / 49 -58 -64 -69 / 50 57 65 -69 / 46 62 -57 -65 / 45 57 64 72 / 45 -57 -62 -72 / 52 55 64 71 / 54 62 69 -55 / 55 62 67 71 / 50 -55 -62 -67 / 48 55 64 72 / 53 -48 -64 -72 / 48 55 64 72 / 62 71 -55 -64 / <END> 
<S> 50 62 65 69 / 60 -50 -65 -69 / 55 59 62 65 / 60 64 -53 / 59 62 -43 -55 / 45 57 64 -62 / 60 66 -57 -57 / 55 59 62 / 53 59 -59 -62 / 52 57 60 / -59 -52 -60 / 48 55 60 64 / 47 -55 -60 -64 / 48 55 60 64 / 43 55 59 62 <END> 
<S> 45 57 60 65 / 47 55 62 -65 / 48 55 60 64 / 59 -48 -55 -60 / 43 55 59 62 / 55 -43 -55 -59 / 57 -43 -55 -60 / 55 59 62 67 / 52 55 59 67 / 50 55 60 69 / 48 -55 -60 -69 / 47 62 67 -55 / 43 59 -62 -67 / 48 55 60 64 / 52 59 -55 -64 / 53 57 60 64 / 62 -53 -57 -60 <END> 
<S> 47 50 62 67 / 49 52 55 -67 / 50 57 65 / / 59 -57 -65 / 45 57 60 65 / 43 -57 -60 -65 / 42 57 62 -57 / 55 -38 -57 -62 / 43 50 59 62 / 55 -43 -59 -62 / 36 52 60 -55 / 36 52 -55 -60 / 38 53 62 -60 / 59 -38 -53 -62 / 43 50 59 -62 / 55 -43 -59 -62 / 36 52 55 60 / 48 52 67 / <END> 
<S> 43 55 62 -60 / 59 -43 -55 -62 / 43 55 59 62 / 52 -43 -59 -62 / 45 52 57 60 / 48 -52 -57 -72 / 47 55 62 71 / 48 55 64 72 / 50 55 62 71 / 52 55 64 72 / 54 57 62 -72 / 55 59 62 71 / 60 64 -55 -71 / 57 60 66 69 / 59 62 -66 -69 <END> 
<S> 47 55 62 67 / 54 -47 -62 -67 / 48 55 64 69 / 50 54 62 -69 / 60 -50 -50 -69 / 43 55 59 67 / 48 55 60 64 / 41 53 60 69 / 43 59 62 67 / 48 60 64 67 / 47 62 -60 -67 <END> 
