<S> 52 60 67 / 54 59 62 69 / 57 -54 -62 -69 / 56 62 64 71 / 57 60 64 72 / 59 62 67 74 / 60 67 76 / 58 -60 -67 -76 / 53 57 65 72 / 60 67 76 / 62 77 -60 -67 <END> 
<S> 60 64 67 / 59 62 67 74 / -59 -62 -67 -74 / 57 64 73 76 / 55 -64 -69 -76 / 50 53 67 74 / 51 58 -67 -74 / 50 57 65 74 / 55 59 -65 -74 / 48 60 64 76 / 53 57 60 72 / 60 67 76 / 65 69 -60 -76 / 59 67 74 79 / 60 72 -67 -79 / 62 65 71 -79 / 72 -62 -65 -79 <END> 
<S> 55 60 64 72 / 57 65 -60 -72 / 58 67 74 -60 / 59 -55 -58 -74 / 57 60 72 76 / 55 70 -60 -76 / 53 65 69 81 / 55 62 71 77 / 64 -55 -71 -77 / 65 71 -55 -74 / 48 64 67 72 / 55 67 71 74 / 53 -67 -71 -74 / 52 67 72 76 / 50 -67 -72 -76 <END> 
<S> 55 60 64 74 / 64 -55 -60 -74 / 54 60 69 74 / 56 59 71 -74 / 64 72 -56 -76 / 57 64 71 72 / 55 -64 -72 / 54 62 69 / 60 -54 -62 -69 / 55 62 71 -62 / 47 55 62 67 / 48 55 60 69 / 64 -41 -60 -69 / 55 59 62 67 <END> 
<S> 54 57 62 74 / 50 59 -62 -74 / 52 55 72 60 / 53 57 62 -72 / 55 59 62 -53 / 52 60 -55 / 57 -55 -60 -64 / 55 59 62 / 53 -55 -59 -62 / 52 55 59 67 / 50 -55 -59 -67 / 48 55 60 67 / 47 62 -55 -67 / 48 55 60 64 / <END> 
<S> 48 55 62 65 / 47 -55 -62 -65 / 48 55 62 64 / 60 -48 -55 -64 / 43 55 60 62 / 59 -43 -55 -62 / 48 55 60 64 / 48 55 60 64 / 47 -55 -60 -64 / 52 55 60 -64 / 53 57 62 -60 / 55 58 62 / 50 -55 -58 -62 / 57 55 60 64 / 62 -55 -60 -64 / 55 60 62 / 53 -60 59 / 52 -55 -60 -62 / 53 59 -60 -67 / 52 -43 -59 -60 <END> 
<S> 48 55 60 64 / 58 -48 -55 -64 / 41 56 60 / 53 48 55 -60 / 59 -41 -56 -60 / 51 55 60 -60 / 57 -39 -55 -60 / 47 55 59 62 / 53 -43 -59 -62 / 48 52 55 60 / 48 51 55 60 / 46 62 -51 -55 / 51 55 60 63 / 53 -51 -60 -63 / 55 58 62 -48 / 53 56 -58 -62 / 51 55 58 63 / 53 56 60 -63 / 62 -53 -53 -60 <END> 
<S> 48 51 55 60 / 53 -48 -55 -60 / 55 -48 -60 -63 / 55 58 62 -48 / 56 -55 -58 -62 / 50 55 60 65 / 53 -50 -60 -65 / 59 -50 -53 -65 / 55 60 63 67 / 53 56 62 65 / 58 -53 -56 -65 / 55 58 63 / 62 -55 -58 -63 / 60 -55 -58 -63 / 51 58 65 / 63 -51 -58 / 50 53 57 65 / 55 58 62 -65 / 64 67 -55 -58 <END> 
<S> 58 65 56 / 55 60 -65 / 56 62 65 -60 / 58 60 64 67 / 68 -61 -60 -64 / 55 61 70 -60 / 53 60 69 72 / 54 -60 -69 -72 / 55 59 67 74 / 60 63 68 / 57 60 67 75 / 58 62 -67 -75 <END> 
<S> 54 60 63 69 / 62 -54 -60 -69 / 55 59 62 71 / 53 63 -62 -71 / 51 55 60 72 / 50 53 65 -72 / 48 51 67 -72 / 50 65 68 71 / 51 63 67 72 / 53 62 -67 -72 / 54 62 65 69 / 59 -62 -66 -69 / 60 63 67 46 62 62 -67 / 60 63 -67 <END> 
<S> 51 55 63 72 / 50 55 -63 -72 / 48 -55 -63 -72 / 50 55 62 71 / 54 69 -50 -55 / 43 50 59 67 / 48 51 60 -67 / 46 62 67 -51 / 44 60 68 -51 / 50 58 65 -68 / 51 67 -58 -65 / 63 -51 -58 -67 / 46 58 62 65 / 55 67 -58 -65 / 48 60 63 68 / 50 -60 -63 -68 <END> 
<S> 44 51 60 67 / 55 -51 -60 -67 / 53 60 65 68 / 50 -60 -65 -68 / 51 60 63 67 / 58 62 65 / 57 60 63 67 / 55 62 65 70 / 53 -62 -65 -70 / 51 63 67 70 / 62 -51 -67 -70 / 53 60 65 68 / 63 -53 -60 -68 / 55 59 62 67 <END> 
<S> 62 65 -58 -70 / 60 63 68 -65 / 58 62 70 -68 / 51 58 67 75 / 63 67 -51 -75 / 65 77 -51 -58 / 53 63 70 / 55 -46 -63 -70 / 51 55 70 79 / 50 65 70 77 / 53 62 -70 -77 / 55 71 -62 -70 <END> 
<S> 51 58 67 75 / 53 60 65 -75 / 55 58 67 74 / 56 65 68 -74 / 63 -56 -68 / 55 62 67 70 / 61 67 70 76 / 77 -61 -67 -70 / 56 72 76 / 55 70 -72 -79 / 53 68 72 77 / 74 -53 -68 -77 / 55 70 75 79 / 56 -70 -76 -76 / 58 74 -70 -75 / 68 72 -58 -75 / 60 67 74 -58 / 58 70 -67 -74 <END> 
<S> 53 68 74 77 / 55 75 -68 -74 / 56 72 -68 -75 / 58 74 -68 -75 / 51 67 72 75 / 53 65 68 77 / 67 75 -53 -65 / 51 60 67 75 / 53 -60 -67 -75 / 55 60 67 74 / 72 -55 -60 -67 / 43 59 67 74 / 65 -43 -59 -74 / 48 55 63 72 / 60 63 67 72 / 58 62 -67 -72 <END> 
<S> 60 63 67 75 / 55 -60 -67 -75 / 53 60 68 74 / 55 59 67 -74 / 65 -55 -59 -74 / 48 60 63 72 / 50 58 70 77 / 51 63 70 79 / 53 68 77 -63 / 62 67 -53 -77 / 51 63 67 79 / 53 65 70 -79 / 51 63 70 79 / 62 77 -51 -70 / 56 60 72 75 / 55 70 -60 -75 <END> 
<S> 51 58 67 75 / 56 65 -51 -75 / 53 58 67 74 / 51 -60 -67 -74 / 53 60 67 72 / 65 -53 -60 -72 / 55 59 67 74 / 62 -55 -67 -74 / 60 63 67 72 / 58 62 -67 -72 / 57 60 65 72 / 67 -57 -60 -72 / 53 65 69 72 / 74 -65 -69 / 60 67 75 / 58 74 -67 -75 / 56 72 75 / 55 71 74 -55 / 53 -55 -71 -74 <END> 
<S> 60 67 75 / 58 -60 -67 -75 / 56 60 68 75 / 55 -60 -68 -75 / 53 60 68 75 / 51 67 -60 -75 / 58 65 74 -51 / 56 -58 -65 -74 / 55 58 67 75 / 53 68 74 77 / 51 70 75 79 / 55 67 -70 -79 / 53 68 77 -75 / 55 67 74 77 / 56 72 75 <END> 
<S> 53 68 72 77 / 56 60 -68 -77 / 55 62 70 77 / 53 -62 -70 -77 / 51 63 70 79 / 55 71 -63 -79 / 56 72 77 -63 / 59 62 -72 -77 / 60 -56 -65 -74 / 51 67 72 75 / 53 -67 -72 -75 / 55 67 71 74 / 65 -55 -71 -74 <END> 
<S> 51 67 72 75 / 53 -67 -72 -75 / 55 67 71 74 / 60 67 72 75 / 62 77 -67 -72 / 63 67 70 79 / 72 -63 -67 -79 / 71 74 -67 / 62 65 -71 -74 / 60 63 72 79 / 55 -63 -72 -79 / 57 63 72 77 / 59 62 74 -77 / 60 67 75 / 53 65 74 -60 <END> 
<S> 60 63 72 79 / 58 -63 -72 -79 / 56 63 70 77 / 62 65 -70 -77 / 60 63 72 75 / 53 65 74 80 / 55 63 70 75 / 56 60 68 77 / 62 -56 -68 -77 / 60 63 67 75 / 53 -60 -67 -75 <END> 
<S> 56 63 68 72 / 65 -56 -68 -72 / 50 65 68 74 / 51 60 67 75 / 53 60 68 74 / 55 59 67 -74 / 56 60 65 77 / 62 -56 -60 -77 / 55 60 64 67 / 59 -55 -64 -67 <END> 
<S> 56 60 65 72 / 55 -60 -65 -72 / 53 -60 -65 -72 / 55 59 67 75 / 60 -55 -67 -75 / 53 62 65 74 / 63 -53 -68 -74 / 53 65 68 72 / 59 74 -53 -68 / 60 -53 -68 / 58 62 67 74 / 53 -58 -62 -74 <END> 
<S> 56 63 65 72 / 55 67 -63 -72 / 53 60 68 74 / 59 -53 -68 -74 / 48 67 72 76 / 50 65 72 77 / 71 -50 -65 -77 / 51 67 72 75 / 53 -67 -72 -75 / 55 67 71 74 / 51 67 73 79 <END> 
<S> 50 72 77 -65 / 63 70 -50 -77 / 68 -50 -63 -77 / 51 63 70 79 / 55 -63 -70 -79 / 53 63 72 -70 / 51 67 -63 -72 / 53 65 69 72 / 63 -53 -69 -72 / 46 62 65 70 / 48 67 75 -65 / 58 62 70 77 / 56 -62 -70 -77 <END> 
<S> 53 57 65 72 / 63 -53 -57 -72 / 46 62 65 70 / 48 63 69 75 / 50 65 68 77 / 71 -50 -65 -77 / 51 67 72 75 / 53 -67 -72 -75 / 55 67 71 74 / 60 67 72 75 / 58 -67 -72 -75 <END> 
<S> 51 67 72 75 / 53 -67 -72 -75 / 55 67 71 74 / 51 58 70 79 / 60 -51 -70 -79 / 53 62 70 77 / 62 -53 -70 -77 / 55 63 70 79 / 57 -63 -70 -79 / 58 62 65 74 / 67 -58 -62 -74 / 55 60 68 75 / 53 -60 -68 -75 <END> 
<S> 56 63 68 72 / 65 -56 -68 -72 / 55 60 67 75 / 53 -60 -67 -75 / 55 60 67 74 / 59 -55 -67 -74 / 48 60 67 75 / 53 60 68 77 / 62 -53 -68 -77 / 60 63 67 75 / 69 74 -60 -63 / 55 67 71 74 / 55 67 71 74 <END> 
<S> 56 60 65 72 / 55 74 -60 -65 / 53 -60 -67 -74 / 55 59 67 74 / 65 -55 -59 -74 / 48 60 63 72 / 55 67 70 75 <END> 
<S> 46 62 65 / 58 67 -62 -65 / 56 63 65 / 55 58 -63 -72 / 53 56 65 74 / 58 -53 -65 -74 / 51 58 65 74 / 50 59 -65 -74 <END> 
<S> 58 65 70 74 / 60 -65 -70 -74 / 58 65 72 77 / 57 -65 -72 -77 / 58 65 70 74 / 56 -65 -70 -74 / 63 70 -56 / 55 -63 -70 <END> 
<S> 58 65 70 / 57 60 -65 -70 / 46 62 65 -70 / 68 -46 -62 -65 / 63 67 -53 / 43 62 65 70 / 63 67 70 79 / 62 65 -70 -79 / 60 63 72 79 / 62 77 -63 -72 <END> 
<S> 46 62 65 70 / 63 67 -46 -70 / 62 65 68 -46 / 63 70 -65 -68 / 63 67 70 79 / 62 -67 -70 -79 / 60 67 72 75 / 53 -67 -72 -75 / 55 62 71 74 / 56 60 71 -74 / 65 72 -56 -60 <END> 
<S> 60 67 75 / 58 -60 -67 -75 / 56 60 68 75 / 55 -60 -68 -75 / 53 60 68 74 / 55 59 67 -74 / 56 60 67 72 / 65 -56 -60 -72 / 50 62 65 71 / 53 62 -62 -71 / 51 60 67 72 / 48 63 69 -72 <END> 
<S> 56 60 63 72 / 55 58 -63 -72 / 53 56 68 72 / 51 58 67 -72 / 56 60 65 72 / 58 74 -56 -65 / 55 67 72 -58 / 53 56 65 -72 / 51 55 67 70 / 48 60 67 68 / 64 -48 -60 -67 / 65 -48 -60 -67 <END> 
<S> 56 60 68 72 / 55 -60 -68 -72 / 53 67 70 72 / 52 -67 -70 / 53 65 68 72 / 55 63 -68 -72 / 53 65 68 70 / 63 -53 -68 -70 / 50 58 65 70 / 55 58 -63 -70 / 53 57 65 69 / 51 55 63 -69 / 50 62 65 / 48 60 67 75 / 58 -48 -67 -75 <END> 
<S> 55 58 70 75 / 53 68 -58 -70 / 55 67 -58 -70 / 56 60 -67 -70 / 58 62 65 68 / 63 67 -58 -70 / 57 65 -63 -70 / 58 63 -65 -70 / 62 -58 -65 -70 / 60 63 68 72 / 55 70 -60 -63 / 53 60 68 -63 / 62 65 -53 -68 / 60 63 67 / 62 65 -56 -72 <END> 
<S> 56 63 68 72 / 53 56 65 -72 / 51 55 63 70 / 62 -51 -55 -70 / 53 56 60 65 / 55 58 67 -65 / 56 60 65 68 / 62 -56 -65 -68 / 60 63 67 / 62 65 -60 -67 / 60 63 67 / 58 -60 -63 -67 / 57 60 65 / 60 63 67 -57 / 58 62 -67 -75 / 56 72 -63 -75 / 55 63 70 77 <END> 
<S> 60 65 65 / 58 -60 -65 / 60 67 -60 -65 / 58 -60 -67 -68 / 54 60 68 75 / 74 -60 -68 -68 / 58 62 67 -74 / 55 58 70 75 / 53 -58 -70 -75 / 51 65 70 77 / 50 -65 -70 -77 / 51 63 70 79 / 72 -51 -63 -79 / 56 65 74 77 / 67 72 75 -56 -65 / 53 68 72 77 <END> 
<S> 53 68 77 47 / 55 -68 -74 -77 / 56 -68 -74 / 55 67 70 75 / 53 60 68 77 / 62 -53 -68 -77 / 51 63 67 79 / 55 71 -63 -79 / 56 62 72 77 / 59 -62 -72 -77 / 60 67 75 -62 / 48 60 -67 -75 / 55 67 74 -60 / 59 -55 -67 -74 / 56 60 63 72 / 65 74 -56 -60 <END> 
<S> 59 62 74 77 / 60 -59 -74 -77 / 55 62 71 79 / 63 -55 -71 -79 / 57 65 72 77 / 59 62 -69 -77 / 60 63 67 75 / 65 -60 -75 -75 / 55 67 71 74 / 47 68 74 77 / 68 72 75 -77 / 48 67 72 79 / 55 67 71 74 / 47 62 67 79 <END> 
<S> 58 65 74 77 / 68 72 -58 -77 / 55 63 72 79 / 53 80 -72 -77 / 51 67 72 75 / 50 -67 -72 -75 / 48 67 72 75 / 51 -67 -72 -75 / 53 68 72 74 / 50 65 70 -74 / 55 63 70 75 / 51 -60 -63 -75 / 56 60 68 77 / 55 75 -60 -68 <END> 
<S> 48 67 72 75 / 60 -48 -72 -75 / 55 67 74 -72 / 70 -55 -67 -74 / 50 62 67 70 / 54 62 -62 -70 / 60 63 -62 / 56 62 -60 / 55 60 63 69 / 59 62 67 71 / 55 60 67 75 / 53 -55 -67 -75 / 55 60 67 74 / 59 -55 -67 -74 / 48 63 67 72 / 60 63 67 72 / 58 62 -67 -72 <END> 
<S> 55 60 67 75 / 53 -60 -67 -75 / 55 59 67 74 / 65 -55 -59 -74 / 48 60 63 72 / 48 63 67 79 / 60 63 -67 -79 / 59 62 67 77 / 60 75 -67 / 55 59 67 74 <END> 
<S> 63 68 72 -58 / 62 -44 -68 -72 / 60 63 67 75 / 69 -60 -63 -75 / 58 65 70 74 / 56 -65 -70 -74 / 55 67 70 75 / 53 -67 -70 -75 / 51 65 70 77 / 50 -65 -70 -77 / 51 63 70 79 / 72 -51 -63 -79 <END> 
<S> 58 65 70 74 / 56 -65 -70 -74 / 55 67 70 74 / 53 68 -70 -74 / 51 63 70 79 / 55 -63 -70 -79 / 56 63 72 77 / 53 -63 -72 -77 / 58 62 70 77 / 51 67 70 75 / 51 70 79 79 / 63 70 -79 <END> 
<S> 53 63 68 77 / 51 63 70 79 / 55 63 70 -79 / 53 63 68 77 / 51 67 75 79 / 73 -51 -67 -79 / 53 68 72 77 / 55 -68 -72 -77 / 56 72 -69 -77 / 58 -56 -72 -77 / 68 72 -56 -77 / 70 75 -56 -65 <END> 
<S> 53 68 77 -63 / 55 62 67 -77 / 56 -62 -67 -77 / 60 63 67 75 / 53 65 68 74 / 55 59 67 74 / 65 -55 -59 -74 / 48 60 63 75 / 58 -48 -63 -75 / 53 56 65 74 / 51 -56 -65 -74 / 50 59 65 77 / 62 -50 -65 -77 <END> 
<S> 55 60 63 75 / 53 -55 -60 -75 / 55 58 62 74 / 56 64 71 -74 / 57 72 -56 -64 / 65 -57 -60 -72 / 59 62 67 74 / 67 -59 -62 -74 / 60 67 74 / 64 -43 -67 -74 / 60 67 72 75 / 58 -67 -72 -75 / 56 72 77 -63 / 62 65 -56 -77 / 58 63 67 75 / 65 -58 -67 -75 / 51 67 72 75 / 53 68 74 -72 / 55 67 71 -74 / 56 72 -67 / 65 74 -56 -72 <END> 
<S> 60 67 75 / 58 -60 -67 -75 / 56 60 72 75 / 55 70 -60 -75 / 53 60 68 74 / 55 59 67 -74 / 56 60 65 72 / 48 -56 -65 -72 / 50 65 68 71 / 51 63 67 70 / 53 60 68 -67 / 62 65 -53 -68 / 63 67 -53 -68 / 62 65 -53 -68 / 60 63 67 / 62 65 -60 -72 <END> 
<S> 51 58 67 / 65 -51 -58 -67 / 51 60 63 67 / 58 62 -51 -67 / 53 60 65 68 / 51 -60 -65 -68 / 50 58 65 70 / 46 62 -65 -70 / 51 58 63 67 / 48 60 63 -67 / 58 61 -63 -67 / 56 62 65 / 60 63 -56 / 55 58 62 70 / 53 -58 -62 -70 <END> 
<S> 51 63 67 70 / 53 -63 -67 -70 / 55 63 70 -67 / 56 65 -63 -70 / 56 63 70 / 55 -63 -70 / 56 65 70 -56 / 55 -60 -65 -70 / 53 60 67 70 / 52 -60 -67 -70 / 53 60 65 68 / 59 63 67 -53 / 55 62 67 / 53 60 65 68 / 58 67 -53 -65 / 51 67 -58 -65 / 53 60 63 68 <END> 
<S> 53 57 65 74 / 58 -53 -65 -74 / 48 63 72 -58 / 50 54 58 -72 / 51 58 67 / 50 53 -58 -67 / 52 55 67 72 / 48 -55 -67 -72 / 50 60 67 74 / 59 -50 -67 -74 / 51 60 67 72 / 53 62 65 70 / 48 63 67 72 / 69 -48 -63 -72 / 50 65 71 74 <END> 
<S> 52 60 67 72 / 48 63 -67 -72 / 55 62 71 -67 / 60 67 -55 -71 / 53 62 68 71 / 64 -53 -68 -71 / 65 -53 -68 -72 / 63 -53 -68 -72 / 55 62 67 71 / 48 64 67 72 / 60 63 67 72 / 58 62 -67 -72 / 57 60 65 72 / 55 67 -60 -72 <END> 
<S> 48 63 67 72 / 60 63 67 72 / 58 62 -67 -72 / 56 60 63 72 / 55 -60 -63 -72 / 53 60 68 72 / 51 -60 -68 -72 / 50 59 65 68 / 55 62 -65 -70 / 60 63 -55 -70 / 57 65 74 / 47 -65 67 -74 / 48 67 75 -74 / 72 -48 -67 -75 / 55 67 74 -72 / 71 -55 -67 -74 <END> 
<S> 56 60 63 72 / 65 -56 -60 -72 / 55 62 67 71 / 53 -62 -67 -71 / 51 63 72 -67 / 69 -51 -63 -72 / 50 65 71 74 / 48 67 72 75 / 68 74 77 -48 / 47 67 -74 -77 / 48 67 75 -74 / 72 -48 -67 -75 / 55 67 71 74 / 51 67 70 79 / 53 -67 -70 <END> 
<S> 48 67 72 75 / 60 -67 -72 -75 / 58 70 74 77 / 56 72 -70 -77 / 55 63 70 79 / 53 -63 -70 -79 / 51 63 70 79 / 55 -63 -70 -79 / 56 63 72 77 / 53 -63 -72 -77 / 58 62 70 77 / 51 67 70 75 <END> 
<S> 53 72 77 -63 / 62 -53 -72 -77 / 51 70 79 -62 / 55 -51 -70 -79 / 48 63 68 79 / 62 65 -48 -79 / 63 67 72 -53 / 59 -67 -72 -67 / 60 67 74 / 59 -60 -67 -74 / 56 60 65 77 / 72 -56 -60 -65 / 55 58 67 70 / 53 60 68 <END> 
<S> 60 67 75 / 55 -60 -67 -75 / 53 68 77 -60 / 59 -53 -68 -74 / 51 60 67 72 / 55 59 67 74 / 68 -55 -59 -74 / 55 58 67 75 / 60 -55 -67 -75 / 55 62 67 71 / 53 -62 -67 -71 / 51 63 72 -67 / 69 -51 -63 -72 / 50 65 71 74 / 48 67 72 75 <END> 
<S> 57 60 65 75 / 55 -60 -65 -75 / 53 60 74 -60 / 55 59 -60 -74 / 56 60 72 77 / 53 -60 -72 -77 / 55 67 71 74 / 55 67 71 74 / 60 67 72 75 / 58 -67 -72 -75 / 57 60 72 77 / 55 70 -60 -77 / 53 65 69 72 / 75 -53 -65 -72 / 58 65 74 / 70 75 -58 -65 <END> 
<S> 60 67 75 / 55 62 67 71 / 63 72 -55 -67 / 53 62 67 71 / 51 60 67 70 / 53 65 68 72 / 63 -53 -68 -72 / 55 62 67 71 / 43 59 67 74 / 63 67 70 79 <END> 
<S> 51 58 67 70 / 53 60 69 -70 / 62 -53 -69 / 60 63 67 / 58 65 -48 -67 / 56 63 67 72 / 55 62 -67 -72 / 57 60 67 72 / 55 -60 -67 -72 / 53 65 69 72 / 63 -53 -69 -72 / 46 62 65 70 / 55 63 70 75 / 61 -55 -70 -75 <END> 
<S> 52 60 67 72 / 64 -52 -67 -72 / 53 65 68 74 / 59 62 67 -53 / 51 60 63 67 / 58 62 -51 -67 / 53 56 60 65 / 55 -53 -60 -65 / 53 56 60 62 / 53 -53 -60 -62 / 55 67 -53 -60 / 57 60 -53 -55 / 50 55 59 -50 / 50 48 -55 -59 / 53 -50 -53 / 55 -50 -53 <END> 
<S> 53 57 60 65 / 51 55 60 67 / 50 53 65 70 / 51 55 63 -70 / 53 56 62 68 / 51 55 60 -68 / 50 59 65 -55 / 55 -50 -59 -65 / 48 55 60 -65 / 53 60 68 -53 / 51 -53 -60 -68 / 50 58 65 -68 / 48 60 64 67 <END> 
<S> 56 62 65 -48 / 60 -56 -65 / 55 59 62 67 / 53 56 62 71 / 53 -53 -62 -71 / 51 55 60 72 / 50 -55 -60 -72 / 48 55 63 70 / 68 -48 -55 -63 / 50 53 70 -60 / 55 58 -50 -60 / 53 -50 -55 -58 / 53 59 -50 -53 / 51 -48 -53 / 53 -48 -53 46 / 55 -53 -60 / 46 50 58 -53 / 39 50 58 67 <END> 
<S> 50 53 65 70 / 48 -53 -65 -70 / 46 58 62 70 / 46 -58 -62 -70 / 51 58 67 -65 / 63 -51 -58 -67 / 46 58 65 65 / 69 -58 -65 / 46 62 65 70 / 51 60 63 70 / 62 -51 -55 -70 / 53 60 63 67 / 58 62 -53 -67 / 51 57 60 67 / 59 -51 -67 / 50 60 65 / 48 55 -60 -65 <END> 
