<S> 48 63 72 79 / 62 74 -48 -79 / 60 75 79 / 59 67 74 / 57 67 72 75 / 55 71 -67 -75 / 57 65 72 77 / 59 62 74 -77 / 60 63 72 75 / 65 74 -60 -72 / 55 67 74 -72 / 71 -55 -67 -74 / 48 63 67 72 <END> 
<S> 57 63 72 77 / 59 62 74 -77 / 60 67 75 -74 / 72 -60 -67 -75 / 55 67 71 74 / 53 -67 -71 -74 / 51 67 72 75 / 53 -67 -72 -75 / 55 67 70 74 / 65 -55 -70 -74 / 56 63 68 72 / 74 -56 -63 -68 -72 <END> 
<S> 51 67 70 72 / 53 65 -70 -72 / 46 65 70 74 / 51 63 67 70 / 53 62 65 -70 / 51 60 63 69 / 55 59 65 68 / 51 60 67 <END> 
<S> 46 62 65 70 / 51 60 -65 -70 / 53 58 62 70 / 68 -53 -58 -62 / 51 58 65 75 / 64 -51 -58 -75 / 46 65 70 74 / 48 75 -65 -70 / 53 65 69 72 / 63 -53 -69 -72 <END> 
<S> 58 62 65 70 / 63 67 -55 -70 / 62 65 69 / 60 63 67 70 / 62 65 -67 / 60 63 67 / 59 62 67 79 / 60 67 75 / 62 74 -60 -67 / 63 72 -55 -62 / 56 72 -63 -72 / 43 -56 -63 -72 <END> 
<S> 60 63 67 75 / 62 -60 -67 -75 / 54 60 69 75 / 55 67 71 74 / 59 67 74 77 / 60 67 72 75 / 62 67 71 74 / 63 67 70 79 / 65 -67 -70 -79 / 63 67 72 79 / 62 72 77 <END> 
<S> 59 67 74 / 60 67 75 -74 / 58 -67 -75 -75 / 56 60 72 77 / 55 70 -60 -77 / 53 65 68 72 / 74 -53 -65 -68 / 48 67 75 / 69 72 -48 -75 / 46 62 70 74 / 68 -46 -62 -74 / 48 63 67 75 / 69 -48 -63 -75 / 50 65 70 74 / 51 67 70 75 <END> 
<S> 50 65 70 74 / 51 -65 -70 -74 / 53 65 69 72 / 71 74 -53 -65 / 60 67 72 75 / 58 -67 -72 -75 / 56 60 72 77 / 55 67 75 -60 / 53 60 68 77 / 55 60 67 75 / 56 -60 -67 -75 / 55 60 65 74 / 53 72 -60 68 / 55 59 67 74 / 64 -55 -67 -74 <END> 
<S> 57 60 65 75 / 58 -60 -65 -75 / 60 65 77 -58 / 57 60 75 -65 / 58 62 65 74 / 67 -58 -62 -74 / 56 63 72 / 60 65 -56 -72 / 55 62 67 70 / 53 -62 -67 -70 / 51 60 67 72 / 55 -60 -67 -72 / 48 65 67 75 / 63 -48 -67 -75 / 56 65 74 -72 / 67 -56 -72 <END> 
<S> 60 63 67 72 / 55 -60 -67 -72 / 54 60 69 74 / 55 59 67 -74 / 65 -55 -67 -74 / 64 -55 -67 -74 / 65 74 -55 -59 / 48 60 67 75 / 58 60 67 74 / 56 72 77 -63 / 55 63 70 79 / 62 65 -70 -79 / 60 63 67 75 / 55 58 -67 -75 <END> 
<S> 60 63 68 75 / 62 65 70 -75 / 63 68 72 75 / 55 67 71 74 / 55 67 71 75 / 53 -67 -71 -75 / 51 67 72 75 / 53 -67 -72 -75 / 55 67 70 74 / 56 65 68 -74 / 58 63 67 70 / 64 68 -58 -63 <END> 
<S> 56 68 72 75 / 55 -68 -72 -75 / 53 74 77 -68 / 55 67 71 -77 / 65 -55 -71 -74 / 48 63 67 72 / 55 67 70 74 / 53 65 -70 -74 / 51 63 70 79 / 55 -63 -70 -79 <END> 
<S> 51 67 70 / 63 -51 -67 -70 / 53 65 68 -70 / 63 -53 -68 -68 / 55 59 67 68 / 60 63 67 / 58 -60 -67 / 56 60 65 / 58 -56 -60 -65 / 53 56 60 65 / 58 -53 -60 -65 / 53 60 65 68 / 46 61 -65 -68 <END> 
<S> 56 60 67 72 / 65 -56 -60 -72 / 55 62 65 70 / 53 -62 -65 -70 / 51 63 67 70 / 60 63 68 72 / 62 -60 -68 -72 / 55 60 63 67 / 53 56 65 68 / 46 58 62 67 / 56 -46 -62 -65 <END> 
<S> 56 60 63 72 / 55 -60 -63 -72 / 53 65 68 72 / 70 74 -65 / 60 67 72 75 / 58 -67 -72 -75 / 56 72 77 -63 / 58 62 70 -77 / 68 -58 -62 -77 / 51 63 67 75 / 58 62 70 77 / 56 -62 -70 -77 <END> 
<S> 51 58 67 79 / 53 -58 -67 -79 / 55 70 79 -67 / 56 -67 -70 -79 / 51 70 75 79 / 53 -70 -75 -79 / 55 70 74 79 <END> 
<S> 48 60 67 75 / 55 58 67 75 / 56 60 -67 -75 / 58 62 65 74 / 56 60 65 -74 / 55 59 67 75 / 53 -59 -67 -75 <END> 
<S> 56 60 63 72 / 65 74 -56 -60 / 55 58 67 75 / 57 60 65 -75 / 58 62 74 -65 / 56 64 72 -74 / 55 74 -64 -72 / 57 65 72 75 / 58 74 -65 -68 / 67 -58 -74 -74 / 60 63 75 -74 / 67 72 -60 -75 / 62 70 77 77 / 68 -62 -77 -77 / 63 70 75 79 / 63 70 75 79 <END> 
<S> 44 63 72 75 / 43 65 70 75 / 46 -67 -70 -75 / 58 65 70 74 / 63 67 70 75 / 65 68 74 77 / 63 70 75 79 / 56 72 77 -64 / 53 -72 75 52 / 74 77 -56 / 56 59 -74 -77 <END> 
<S> 58 65 70 74 / 56 -65 -70 -74 / 55 67 70 75 / 53 -67 -70 -75 / 51 63 70 77 / 56 72 -63 -77 / 58 62 70 77 / 55 67 72 75 / 57 65 72 -75 / 58 65 70 74 / 51 63 70 79 / 62 77 -51 -70 / 56 60 72 77 / 55 70 -60 -77 <END> 
<S> 60 67 72 75 / 58 -67 -72 -75 / 56 68 72 75 / 58 -68 -72 -75 / 56 60 72 77 / 55 70 -60 -77 / 53 65 68 75 / 74 -53 -65 -68 / 51 63 70 75 / 69 -51 -63 -75 / 50 65 70 74 / 51 -65 -70 -74 <END> 
<S> 58 65 74 / 56 -58 -65 -74 / 55 58 70 75 / 53 68 -58 -75 / 51 67 70 79 / 51 -67 -70 -79 / 53 65 68 72 / 63 -53 -68 -72 / 58 65 68 74 / 59 -65 -68 -74 / 60 63 67 72 / 56 62 -67 -72 / 60 -56 -67 -72 / 55 59 67 74 / 53 -59 -67 -74 <END> 
<S> 56 63 65 72 / 55 74 -63 -72 / 53 68 74 -72 / 55 67 71 74 / 65 -55 -71 -74 / 48 55 64 72 / 51 58 67 / 57 -51 -67 / 50 55 62 -67 / 60 67 -50 -55 / 54 60 62 / 62 -38 -54 -62 / 43 55 59 62 / 51 55 60 63 <END> 
<S> 50 55 62 71 / 54 62 -50 -55 / 48 55 60 63 / 48 55 60 -63 / 50 53 58 65 / 51 58 67 / 46 50 -58 -67 / 48 51 60 67 / 46 -51 -60 -67 / 44 51 60 65 / 43 55 -51 -60 / 47 59 62 67 <END> 
<S> 44 51 60 67 / 45 48 -60 -67 / 47 55 62 67 / 48 55 63 / -70 -48 -55 -63 / 41 56 60 65 / 63 -41 -56 -60 / 43 55 59 62 / 53 -43 -59 -62 / 48 51 55 60 / 48 51 60 67 / 50 53 -60 -67 / 51 55 67 -60 / 53 59 62 -67 / 55 60 63 -67 / 53 65 -60 -67 / 55 59 62 -65 / 56 59 -62 -65 <END> 
<S> 48 51 55 63 / 44 53 60 65 / 59 -53 -56 -65 / 51 55 60 67 / 41 -60 -55 -67 / 43 55 59 62 / 53 -43 -59 -62 / 36 51 55 60 / 36 51 55 60 / 53 62 -48 -55 / 55 60 63 -48 / 46 -55 -60 -63 / 45 48 60 65 / 47 55 62 67 / 48 60 63 67 / 50 58 -62 -67 <END> 
<S> 44 48 60 63 / 41 -60 -63 -67 / 44 60 65 / 43 62 -60 -65 / 59 -43 -60 -65 / 42 57 60 63 / 55 62 -42 -60 / 53 56 59 -60 / 52 55 60 / 50 53 -60 -67 / 48 51 55 -60 / 53 56 -48 -63 / 55 59 62 / 56 60 -55 -59 / 62 55 60 -60 / 59 -43 -55 -60 / 53 59 -43 -60 / 36 51 55 60 / 48 51 60 67 / 50 53 -60 -67 / 55 59 -50 -67 / 36 60 -55 -67 / 43 62 -55 -67 / 59 -43 -55 -67 / <END> 
<S> 50 53 62 -60 / 60 -50 -53 -60 / 47 55 62 -53 / 48 51 -55 -62 / 47 50 62 65 / 45 60 -50 -65 / 43 55 62 70 / 50 -62 69 -55 / 54 60 -50 -69 / 43 55 58 67 / 48 51 60 67 / 46 -51 -60 -67 / 45 60 65 -51 / 46 50 58 -65 / 51 -46 -50 -65 / 46 50 58 65 <END> 
<S> 43 50 58 67 / 48 51 60 -67 / 50 53 62 70 / 51 55 58 -70 / 53 57 60 69 / 50 62 65 71 / 51 63 -62 -70 / 53 62 65 71 / 50 63 65 69 / 51 65 63 67 / 51 63 -63 -67 <END> 
<S> 50 62 65 71 / 51 -62 -65 -71 / 53 60 65 69 / 51 -60 -65 -69 / 50 58 65 70 / 46 -58 -65 -70 / 51 63 -58 -70 / 65 -51 -58 -63 / 67 60 -51 -65 / 58 62 65 70 / 56 60 63 72 / 68 -56 -60 -63 / 51 58 67 75 / 50 65 -58 -75 <END> 
<S> 51 58 65 68 / 63 -51 -58 -70 / 46 58 62 70 / 55 58 63 -70 / 52 60 67 -70 / 53 60 65 68 / 51 63 67 70 / 53 56 68 72 / 51 55 70 79 / 50 58 70 77 / 68 -58 -58 -77 / 51 58 67 79 / 51 -51 -70 -79 <END> 
<S> 58 63 65 70 / 56 -58 -65 -70 / 55 63 70 70 / 53 68 -63 -70 / 51 63 67 70 / 65 -51 -67 -70 / 67 75 -53 -67 / 60 -51 -67 -75 / 53 65 68 74 / 72 -53 -65 -68 / 55 67 72 -65 / 63 -55 -67 -72 / 62 -55 -67 -72 / 54 69 -62 -72 / 55 67 71 -62 <END> 
<S> 53 65 68 72 / 63 -53 -68 -72 / 61 65 70 / 61 64 69 -70 / 65 68 -61 -70 / 59 62 67 74 / 55 60 67 75 / 53 68 -60 -75 / 55 60 67 74 / 43 59 -55 -74 / 72 -43 -59 -67 / 48 55 63 72 <END> 
<S> 55 60 67 75 / 53 -60 -67 -75 / 55 59 67 74 / 65 -55 -59 -74 / 48 60 63 72 / 48 63 72 79 / 50 65 77 -72 / 71 -50 -65 -77 / 51 67 72 75 / 53 -67 -72 -75 / 55 67 71 74 / 51 67 70 79 <END> 
<S> 50 65 72 77 / 71 -50 -65 -77 / 48 67 72 75 / 53 68 72 74 / 55 71 -74 / 72 -55 -67 -74 / 62 65 -55 -72 / 60 64 67 -72 / 59 62 -67 -72 / 60 64 67 72 / 62 67 -60 -67 / 66 60 69 -67 / 55 62 67 70 <END> 
<S> 52 60 67 72 / 53 -60 -67 -72 / 54 62 -53 -69 / 63 -53 -69 -69 / 55 62 67 71 / 60 -53 -67 -71 / 55 62 67 71 / 53 -62 -67 -71 / 51 63 67 72 / 53 69 -63 -72 / 46 62 74 -67 / 48 75 47 -67 / 50 62 65 71 / 51 -62 -65 -71 / 53 59 65 -71 / 62 -53 -65 -71 <END> 
<S> 55 62 67 70 / 46 -55 -62 -67 / -75 -51 -58 -67 / 50 65 69 -55 / 54 60 -50 -69 / 55 62 67 70 / 52 67 -55 -70 / 53 60 69 -67 / 62 -53 -60 -69 / 55 60 63 / 62 -55 -60 / 59 60 -43 -55 / 55 59 62 / 53 -43 -59 -62 <END> 
<S> 50 58 65 70 / 62 -50 -58 -70 / 49 55 62 70 / 53 60 69 -55 / 54 57 60 -69 / 43 59 62 67 / 48 55 60 64 72 / 53 60 68 / 51 55 67 -60 / 53 56 60 68 / 55 58 -53 -68 <END> 
<S> 48 55 60 63 / 56 -48 -60 -63 / 43 58 63 / / 53 -58 -63 / 46 58 62 65 / 55 67 -58 -65 / 56 60 65 / 77 -56 -60 -65 / 55 58 62 70 / 53 56 65 -70 / 51 55 67 70 / 65 -51 -55 -70 / 48 60 63 67 / 68 -48 -60 -63 / 50 58 65 -68 / 51 58 67 -65 / 63 -51 -67 -70 <END> 
<S> 53 57 65 74 / 58 64 -53 -74 / 57 60 72 76 / 58 77 -60 -72 / 56 60 72 77 / 55 70 -60 -77 / 53 68 72 75 / 55 67 71 74 / 65 -55 -71 -74 / 48 63 67 72 / 50 62 -67 -72 / 51 60 67 72 / 53 -60 -67 -72 <END> 
<S> 48 67 72 75 / 50 65 70 -75 / 51 65 70 75 / 53 -65 -70 -75 / 63 70 70 77 / 62 -70 -70 -77 / 63 70 79 -62 / 55 59 -70 -79 / 60 67 75 79 / 58 -67 -75 -79 / 56 72 77 -59 / 60 -56 -72 -77 / 55 62 70 -77 / 46 -55 -70 -75 <END> 
<S> 60 63 67 75 / 62 -60 -67 -75 / 55 60 67 74 / 53 59 -67 -74 / 51 60 67 75 / 53 -60 -67 -75 / 55 59 67 74 / 52 61 67 79 <END> 
<S> 44 60 65 72 / 63 -44 -60 -72 / 46 62 65 70 / 48 63 69 / 50 58 65 70 / 56 60 -65 -70 / 58 62 65 68 / 63 -58 -65 -68 / 57 60 65 74 <END> 
<S> 46 58 65 74 / 53 62 65 70 / 51 63 67 70 / 56 60 65 68 / 58 62 -65 -68 / 51 58 67 -65 / 63 -51 -58 -67 / 46 58 65 -63 / 62 -46 -58 -65 / 47 56 62 68 / 44 -47 -62 -65 <END> 
<S> 51 58 65 67 / 63 -51 -58 -67 / 46 62 65 70 / 51 58 63 67 / 63 68 -51 -58 / 47 56 65 / 74 -46 -65 / 48 55 64 76 / 50 59 65 71 <END> 
<S> 44 60 65 / 53 63 72 / 51 -60 -63 -72 / 53 60 68 74 / 62 -53 -68 -74 / 55 63 70 75 / 65 -55 -60 -75 / 51 60 67 74 / 50 59 -67 -74 / 48 63 67 72 / 60 -48 -67 -72 <END> 
<S> 55 60 67 75 / 53 -60 -67 -75 / 55 59 74 -67 / 65 -55 -59 -74 / 48 60 63 75 / 51 -60 -67 -75 / 53 60 68 74 / 55 59 67 74 / 65 -55 -67 -74 / 48 63 67 72 / 58 65 70 74 / 56 65 -65 -74 <END> 
<S> 53 60 68 74 / 50 -60 -68 -74 / 55 59 62 -74 / 53 56 60 72 / 74 -53 -60 -68 / 55 67 -60 59 / 59 -55 -67 -74 / 48 -55 -67 -74 / 47 55 67 74 / 48 63 67 72 <END> 
<S> 55 60 67 75 / 53 -60 -67 -75 / 55 59 67 74 / 65 -55 -59 -74 / 56 60 63 72 / 55 58 -63 -72 / 54 57 63 72 / 62 -54 -57 -72 / 55 62 70 / 51 55 63 -70 / 50 65 67 -70 / 48 63 67 69 / 53 60 65 71 / 62 -53 -65 -71 <END> 
<S> 55 62 70 / 50 54 -62 -70 / 51 55 67 72 / 50 65 70 -55 / 48 63 69 -67 / 50 62 66 -69 / 60 -50 -66 -69 / 43 58 62 67 / 55 58 62 67 / 63 69 -55 -58 54 54 62 69 / 60 -54 -62 -69 / 43 59 62 67 / 42 57 62 72 <END> 
<S> 55 63 69 -63 / 62 -55 -63 / 60 -55 -63 / 55 59 62 -55 / 57 55 59 -62 / 48 55 60 63 / 50 53 58 65 / 51 58 67 / 53 57 62 69 77 <END> 
<S> 58 62 65 / 56 -58 -65 -65 / 52 55 67 70 / 50 60 -67 -70 / 48 58 68 / / 75 -48 -68 -75 / 47 62 67 74 / 67 -47 -62 -67 / 65 -47 -62 -67 / 48 60 63 67 / 58 62 -48 -67 / 53 56 60 65 / 55 59 -53 -65 / 48 55 60 63 / 53 62 -60 -63 / 55 60 63 / 62 -55 -60 / 43 55 59 62 <END> 
<S> 56 60 65 / 55 58 62 65 / 56 -56 -65 -65 / 47 55 67 70 / 65 -47 -55 -70 / 48 55 63 70 / 62 -48 -55 -70 / 44 56 60 65 / 53 58 62 -44 / 60 -44 -53 -68 / 46 55 62 67 / 39 63 68 -55 / 41 -55 -63 -68 / 39 55 63 -63 / 36 -55 -63 -63 / 48 56 63 68 / 49 58 65 -68 <END> 
<S> 44 60 63 65 / 41 56 -63 -65 / 46 55 62 -65 / 53 55 60 63 / 46 -55 -60 -63 / 42 57 60 62 / 43 50 59 -62 / 57 -43 -53 -62 / 55 59 -43 -62 / 53 -43 -59 -62 / 48 51 55 60 / 0 / 51 60 63 67 <END> 
<S> 41 60 62 -60 / 59 -41 -60 -62 / 42 57 60 62 / 55 -57 -60 -62 / 43 55 59 62 / 55 -43 -59 -62 / 48 55 60 63 / 48 51 60 67 / 53 68 -48 -60 / 44 -53 -60 -68 / 55 67 -53 -60 / 59 62 -55 -67 / 51 60 63 -67 / 57 -60 -63 -67 <END> 
<S> 48 55 60 63 / 46 -55 -60 -63 / 44 56 60 63 / 43 -56 -60 -63 / 44 56 60 65 / 41 58 62 -65 / 60 63 -41 -65 / 46 58 62 65 / 56 -46 -62 -65 / 43 55 62 70 / 51 55 63 69 / 53 60 65 68 / 51 67 -60 -65 / 55 59 65 / 55 62 63 / 53 -55 -62 -63 <END> 
<S> 46 62 65 67 / 47 62 65 -67 / 48 60 67 75 / 50 -60 -67 -75 / 51 60 67 74 / 50 -60 -67 -74 / 51 60 67 75 / 53 65 69 74 / 55 65 70 / 62 -55 -65 -74 / 60 63 67 75 / 58 -60 -67 -75 / 56 60 72 77 / 55 -60 -72 -77 <END> 
<S> 55 58 67 75 / 56 60 65 77 / 62 -56 -65 -77 / 55 63 67 75 / 57 60 -67 -75 / 58 62 65 74 / 56 60 -65 -74 / 55 58 67 75 / 53 68 77 -58 / 51 63 70 79 / 50 -63 -70 -79 / 48 63 68 77 / 47 62 -68 -77 / 48 62 67 75 / 60 -48 -67 -75 <END> 
<S> 58 62 65 74 / 67 -58 -74 -74 / 60 67 72 75 / 58 -67 -72 -75 / 56 65 72 75 / 55 70 75 -75 / 53 65 68 74 / 47 67 -65 -74 / 48 60 67 75 / 58 -48 -67 -75 / 53 56 65 74 / 55 58 67 -74 / 56 60 65 68 / 62 -56 -65 -68 <END> 
<S> 51 67 67 72 / 53 -67 -72 -67 / 55 58 -67 -72 / 57 60 -67 -72 / 55 59 62 67 / 53 60 65 68 / 51 -60 -65 -68 / 55 67 -60 -65 / 62 65 -55 -67 / 60 -55 -62 -65 / 43 59 62 67 / 48 55 60 63 / 47 56 62 65 / 48 60 -56 -65 / 53 -48 -60 -65 / 51 58 67 -60 / 53 56 60 65 / 55 -53 -60 -65 <END> 
<S> 55 62 67 71 / 56 60 65 68 / 53 -60 -65 -68 / 60 67 -65 / 64 -60 -67 / 58 60 65 68 / 62 -60 -65 -68 / 60 63 67 / 57 60 65 75 / 58 67 74 77 / 68 -58 -74 -77 / 67 70 75 79 / 63 -67 -70 -79 / 62 65 77 -58 / 62 -62 -65 -77 <END> 
<S> 60 63 67 75 / 62 -60 -67 -75 / 54 60 69 -75 / 55 67 71 74 / 59 67 74 / 60 67 72 75 / 58 65 70 77 / 56 -65 -70 -74 / 55 63 70 75 / 74 -55 -63 -70 / 56 72 -63 / 55 64 70 -72 / 53 65 68 -72 / 55 67 70 75 / 56 60 -67 -70 / 58 62 65 74 / 56 59 65 -74 <END> 
<S> 56 65 72 77 / 53 -56 -72 -77 / 55 62 70 77 / 68 -55 -62 -77 / 60 67 75 / 58 62 -67 -75 / 56 63 72 / 55 -63 -72 / 53 68 72 74 / 55 67 71 74 / 65 -55 -71 -74 / 48 63 67 72 / 48 63 72 79 <END> 
<S> 53 68 72 74 / 55 75 -68 -72 / 56 65 71 74 / 55 67 71 75 / 51 -67 -71 -75 / 50 65 72 77 / 71 -50 -65 -77 / 48 67 72 75 / 53 68 72 74 / 55 67 71 -74 / 65 -55 -71 -74 / 56 63 72 / 55 -63 -72 <END> 
<S> 55 67 72 75 / 53 -67 -72 -75 / 55 67 71 74 / 65 72 -55 -71 / 48 63 67 72 / 53 65 68 74 / 75 -53 -65 -68 / 77 -53 -65 -69 / 46 65 68 74 / 63 -46 -68 -74 / 62 65 69 77 / 53 -62 -65 -77 <END> 
<S> 58 65 70 74 / 61 -65 -70 -74 / 58 62 65 77 / 67 -51 -62 -77 / 48 60 67 75 / 74 -48 -60 -67 / 50 65 72 -60 / 70 -50 -65 / 63 67 -50 -65 / 58 62 -67 -70 / 60 67 75 / 58 -60 -67 -75 / 56 60 65 77 / 55 -60 -65 -77 <END> 
