<S> 65 69 72 / 64 67 -69 -72 / 62 65 74 -69 / 71 -62 -65 -74 / 60 67 72 76 / 77 -60 -67 -72 / 52 60 79 -72 / 67 -52 -60 -79 / 50 60 69 77 / 55 59 67 -77 / 48 60 67 76 / 60 67 72 76 / 62 77 -67 -72 <END> 
<S> 50 60 69 77 / 55 59 67 -77 / 48 60 67 76 / 60 67 76 / 62 77 -60 -67 / 48 64 72 79 / 50 62 72 77 / 71 -50 -62 -77 / 52 55 72 79 / 71 74 -52 -79 <END> 
<S> 52 60 67 79 / 62 -52 -67 -79 / 48 64 79 79 / 53 72 81 -79 / 55 67 71 74 / 54 69 74 81 / 67 70 76 -50 / 66 74 81 / 60 67 -74 -81 / 59 67 74 79 / 57 72 -67 -79 / 59 62 67 79 / 60 69 -67 <END> 
<S> 47 67 74 79 / 48 67 76 -74 / 50 72 -67 -76 / 52 67 72 -76 / 53 -67 -72 -76 / 55 67 71 74 / 55 62 71 74 / 60 64 72 76 / 59 74 -64 -72 / 45 60 69 77 / 57 69 72 76 / 77 -57 -69 -72 <END> 
<S> 55 64 71 72 / 62 -55 -71 -79 / 57 60 69 77 / 59 62 -69 -77 / 60 64 67 76 / 65 69 -60 -76 / 62 67 74 / 58 64 67 / 57 65 72 / 52 67 70 / 53 65 69 72 / 71 -53 -65 -69 / 60 67 72 76 / 58 65 74 -72 <END> 
<S> 60 67 76 / 62 77 -60 -67 / 64 79 79 / 57 -72 -79 / 59 62 74 79 / 57 60 72 76 / 78 -57 -60 -72 / 50 62 71 79 / 69 -50 -62 -79 / 52 62 71 79 / 67 -62 -71 -79 / 60 67 76 79 / 62 78 -76 -79 / 64 67 81 84 / 66 74 83 83 / 69 72 78 83 / 74 71 -78 -83 <END> 
<S> 64 67 79 / 65 / 69 -67 -79 / 62 67 71 79 / 60 64 72 79 / 62 65 -72 -79 / 64 67 71 79 / 62 65 -71 -79 / 60 64 72 79 / 62 77 -72 -79 / 67 72 76 -60 / 60 -67 -72 -76 / 55 67 74 -72 / 71 -55 -67 -74 / 60 67 72 76 / 69 74 -67 -72 / 64 67 71 -74 / 65 -64 -71 -74 <END> 
<S> 65 67 72 77 / 69 -65 -72 -77 / 64 67 72 76 / 62 66 -72 -76 / 60 62 67 71 / 72 -62 -67 / 55 62 -67 -72 / 64 71 -52 -67 / 50 62 66 69 / 60 -50 -66 -69 / 55 59 62 67 / 60 64 67 / 59 62 -67 -72 / 57 60 64 72 / 55 59 -64 -72 <END> 
<S> 55 64 69 72 / 71 -55 -64 / 55 62 69 -72 / 71 -50 -62 -69 / 55 62 71 -69 / 67 -55 -62 -71 / 48 64 69 -67 / 50 62 66 -69 / 60 -50 -66 -69 / 43 59 62 67 / 55 59 62 67 <END> 
<S> 50 62 69 -67 / 51 66 -62 -69 / 52 59 67 71 / 50 59 62 67 / 52 55 64 72 / 54 57 -64 -72 / 55 59 62 71 / 67 -55 -59 -71 / 60 69 -55 -67 / 52 64 67 71 / 50 65 -64 -67 / 48 64 67 72 / 62 71 -48 -67 / 50 60 66 69 / 43 59 62 67 / 55 59 62 67 <END> 
<S> 48 64 69 -67 / 50 62 66 -69 / 60 -50 -66 -69 / 55 59 62 67 / 52 59 64 67 / 57 60 65 72 / 59 74 -65 / 60 67 76 / 59 -60 -67 -76 / 57 60 69 77 / 55 67 71 79 / 53 65 69 81 / 71 -53 -65 -81 / 60 67 72 76 / 58 -67 -72 -76 <END> 
<S> 60 64 67 76 / 62 -60 -67 -76 / 52 60 67 76 / 53 -60 -67 -76 / 55 59 67 74 / 72 -55 -59 -74 / 57 -55 -59 -72 / 50 53 72 -58 / 52 64 67 -57 / 53 62 65 71 / 64 -53 -62 -71 / 62 65 69 / 60 64 67 -65 / 59 62 67 74 <END> 
<S> 50 57 65 69 / 62 -50 -65 -69 / 60 -50 -65 -69 / 59 62 67 -53 / 52 60 64 -67 / 50 62 65 69 / 71 -50 -65 -77 / 52 60 72 -65 / 71 -52 -60 -64 / 53 60 69 -60 / 62 -53 -60 -69 / 52 60 67 79 / 58 -52 -67 -79 / 53 57 72 77 / 55 67 76 -72 / 54 69 72 74 / 55 67 71 -74 / 62 67 71 74 / 66 69 74 -74 <END> 
<S> 50 60 65 77 / 52 -60 -65 -77 / 53 59 74 79 / 52 67 72 79 / 53 60 72 79 / 76 -53 -60 -72 / 47 62 67 74 / 48 67 76 -74 / 72 -48 -67 -76 / 55 74 -67 -72 / 67 71 -55 -74 / 65 -55 -71 -74 / 56 64 71 72 / 57 64 72 -72 / 59 62 67 74 / 60 67 76 / 62 -60 -67 -76 <END> 
<S> 53 72 74 -67 / 76 -53 -67 -74 / 55 62 71 77 / 69 -55 -62 -77 / 55 67 71 74 / 60 67 76 -74 / 72 -60 -67 -76 / 55 74 -67 -72 / 67 71 -55 -74 / 65 -55 -71 -74 / 48 64 67 72 / 55 62 71 74 / 60 72 -55 -74 / 55 67 74 -60 / 59 -55 -67 -74 / 48 63 67 / 60 64 72 / 54 69 -64 -72 <END> 
<S> 55 67 74 -72 / 71 -55 -67 -74 / 57 64 69 72 / 65 -57 -69 -72 / 55 59 67 74 / 53 59 62 -74 / 52 61 67 76 / 50 65 69 77 / 67 -50 -62 -77 / 48 68 76 -62 / 61 -48 69 -76 / 53 60 69 72 / 53 60 69 -72 / 55 65 -60 -69 -72 / 59 65 67 74 / 60 -65 -70 -74 <END> 
<S> 67 76 -53 / 69 -51 -67 -76 / 50 65 69 74 / 67 76 -62 -74 / 69 77 -62 / 61 67 69 61 / 52 61 69 79 / 50 62 69 77 / 71 -50 -62 -77 / 72 -50 -57 -77 / 55 62 71 79 / 56 64 71 76 / 57 64 72 -71 / 62 65 69 -72 / 69 -62 -69 <END> 
<S> 50 62 69 78 / 67 -50 -62 -78 / 72 -50 -62 -78 / 55 59 71 74 / 60 64 67 76 / 65 69 -60 -76 / 59 67 74 -41 / 76 -59 -67 -74 / 57 65 72 77 / 55 67 72 76 / 53 67 71 74 / 52 -67 -74 / 50 65 67 74 / 52 -67 -74 <END> 
<S> 60 67 76 / 55 -60 -67 -76 / 53 60 69 74 / 55 76 -60 -69 / 74 -55 -60 -69 / 72 -55 -60 -77 / 55 59 67 74 / 55 59 67 74 / 60 67 76 / 58 60 69 78 / 57 -60 -69 -72 / 58 67 70 76 / 65 77 -58 -67 <END> 
<S> 55 59 67 74 / 56 65 71 74 / 57 64 72 / 59 -64 -64 -72 / 59 62 67 74 / 60 76 -62 / 59 62 74 77 / 56 60 -74 -77 / 59 62 74 -77 / 57 60 -74 -77 / 59 67 74 76 / 60 76 -67 -76 / 57 69 72 -76 -76 <END> 
<S> 59 62 67 79 / 60 64 69 -79 / 62 65 71 -79 / 69 -62 -66 -79 / 55 67 71 79 / 57 67 72 76 / 71 74 -67 -71 / 60 72 76 / 62 77 -72 / 64 76 79 / 62 71 -79 -79 / 60 64 72 79 / 65 74 -60 -79 / 59 67 76 79 / 57 76 -67 -79 <END> 
<S> 59 67 74 79 / 61 76 -79 -79 / 62 69 77 81 / 62 74 -69 -77 / 57 69 72 76 / 77 -57 -69 -72 / 47 67 74 79 / 72 -47 -67 -79 / 55 67 72 76 / 65 71 -55 -76 / 64 64 71 / 69 -64 -64 -64 / 59 62 74 -64 / 57 60 -62 -74 / 55 62 71 74 / 53 -62 -71 -74 <END> 
<S> 67 72 76 / 66 74 -72 / 60 67 72 76 / 58 -67 -72 -76 / 57 69 72 77 / 55 67 71 79 / 60 67 72 76 / 62 65 71 77 / 64 72 79 / 60 64 72 -79 / 65 72 81 81 / 62 -65 -81 -81 <END> 
<S> 60 64 69 79 / 62 78 -60 -69 / 59 62 67 79 / 60 67 76 / 62 77 -60 -67 / 61 64 69 79 / 62 66 69 77 / 67 -62 -69 -77 / 60 67 72 76 / 58 -67 -72 -76 / 57 69 72 77 / 55 -69 -72 -77 <END> 
<S> 62 69 77 / 57 60 72 76 / 77 -57 -60 -72 / 55 60 67 76 / 53 -60 -67 -76 / 55 59 67 74 / 65 -55 -59 -74 / 45 60 64 72 / 48 55 64 72 / 65 -48 -55 -72 <END> 
<S> 55 60 67 / 64 72 -55 -60 / 59 -55 -60 -67 / 65 -55 -59 -60 / 57 59 64 -55 / 45 57 -60 -64 / 47 55 62 / 50 -47 -55 -62 / 48 55 62 64 / 47 -55 -62 -64 / 48 55 60 64 / 48 52 60 67 / 55 -48 -60 -67 <END> 
<S> 47 55 62 67 / 45 60 -55 -67 / 43 55 59 62 / 47 62 -55 -62 / 48 55 60 64 / 50 65 -55 -60 / 52 55 60 67 / 50 -55 -60 -67 / 48 55 62 65 / 47 -55 -62 -65 / 48 55 60 64 / 48 55 60 64 / 47 55 62 65 <END> 
<S> 48 55 62 65 / 47 -55 -62 -65 / 48 55 60 64 / 62 -48 -55 -60 / 43 55 59 62 / 55 59 -43 -55 / 53 -43 -59 -59 / 48 52 55 60 / 48 55 64 72 / 57 60 66 -48 / 47 62 67 67 / 55 -47 -62 -67 / 48 64 69 -55 / 50 54 62 69 / 60 -50 -54 -69 <END> 
<S> 45 48 60 65 / 47 55 62 67 / 48 55 60 64 / 38 65 -55 -60 / 40 55 60 67 / 41 55 60 65 / 62 -41 -60 -65 / 43 55 59 64 / 36 55 60 62 / 52 59 -43 -62 / 53 -43 -59 -59 -62 <END> 
<S> 43 55 60 64 / 62 -55 -60 -64 / 43 59 62 65 / 59 -43 -59 -65 / 45 57 60 64 / 65 -45 -60 -57 / 47 55 62 67 / 48 -55 -62 -67 / 50 60 62 69 / 55 59 62 67 / 53 57 -62 -67 / 52 55 60 72 / 50 53 65 69 / 55 59 -50 -69 / 48 60 64 67 / 50 60 65 -67 <END> 
<S> 52 55 67 72 / 50 71 -55 -67 / 48 55 64 72 / 52 55 67 71 / 50 69 -55 -67 / 52 55 67 72 / 54 62 -55 -72 / 43 55 62 71 / 48 55 60 64 / 47 55 62 -55 / 57 -47 -55 -62 / 47 55 62 67 / 48 -55 -62 -67 / 50 65 -55 -62 <END> 
<S> 47 55 62 67 / 48 55 60 -67 / 50 62 65 69 / 71 -50 -62 -65 / 48 52 55 72 / 52 55 -52 -72 / 53 57 69 -72 / 50 65 71 -69 / 64 -50 -53 -69 / 47 62 65 71 / 48 64 67 <END> 
<S> 50 57 66 69 / 55 -50 -66 -69 / 43 59 67 / 43 52 67 71 / 48 55 64 72 / 47 62 67 71 / 45 60 69 72 / 66 -45 -60 -69 / 43 62 67 71 / 50 -62 -67 -71 / 51 60 67 72 / 50 -60 -67 -72 / 52 55 -67 -72 / 53 57 69 -72 / 59 62 67 71 / 60 64 67 72 / 62 65 74 -67 <END> 
<S> 48 64 67 72 / 50 62 -67 -72 / 52 60 67 76 / 53 -60 -67 -76 / 55 60 67 74 / 59 -55 -67 -74 / 48 60 67 76 / 55 59 67 74 / 53 -59 -67 -74 / 52 59 67 79 / 50 -59 -67 -79 / 52 60 67 79 / 53 69 -60 -79 / 55 67 71 74 / 52 67 71 76 <END> 
<S> 55 59 67 74 / 65 -55 -59 -74 / 56 59 64 72 / 57 64 72 -72 / 47 62 67 71 / 48 64 67 69 / 50 62 66 -69 / 60 -50 -66 -69 / 55 59 62 67 / 52 55 59 67 / 50 57 64 69 / 55 62 71 -69 / 53 60 67 72 / 52 62 -60 -72 / 50 53 65 70 / 55 -50 -65 -70 <END> 
<S> 55 62 67 71 / 50 62 66 69 / 52 62 67 71 / 53 -62 -67 -71 / 52 64 67 72 / 50 -64 -67 -72 / 48 62 67 74 / 47 -62 -67 -74 / 45 60 72 76 / 55 -60 -72 -76 / 53 69 -72 -76 / 55 67 71 74 / 60 64 67 76 / 65 69 -60 -76 / 59 67 71 74 / 76 -59 -67 -71 <END> 
<S> 52 60 67 72 / 50 65 69 74 / 71 -50 -65 -74 / 48 67 72 76 / 60 74 77 -48 / 76 79 -48 -60 / 53 59 74 77 / 60 72 76 -53 / 55 67 71 74 / 56 64 71 76 <END> 
<S> 53 60 69 72 / 74 -53 -60 -69 / 55 67 76 -60 / 59 -55 -67 -76 / 65 74 -55 -59 / 57 64 72 / 59 62 69 74 / 67 -59 -62 -74 / 60 62 67 76 / 60 66 69 -76 / 62 67 71 74 / 55 67 71 62 <END> 
<S> 59 62 67 79 / 57 -62 -67 -79 / 55 62 71 79 / 69 77 -55 -62 / 54 62 -69 -77 / 52 59 -69 -74 / 50 54 -59 -74 / 57 72 -57 -74 / 55 62 67 70 / 53 -62 -67 -70 / 52 60 67 72 / 53 -60 -67 -72 / 52 55 67 71 / 65 -52 -55 -71 / 45 60 64 72 / 46 62 -60 -72 / 48 60 67 76 / 52 -48 -60 -67 / 53 57 60 69 / 59 -53 -57 -69 <END> 
<S> 52 64 67 72 / 62 -52 -67 -72 / 54 60 69 74 / 59 62 67 -74 / 64 72 -58 -67 / 65 -55 -64 / 64 67 -55 -64 / 62 -55 -67 -72 / 55 64 71 74 / 72 -55 -64 -71 / 69 -55 -64 -72 / 54 62 69 -72 / 55 62 67 71 / 64 -55 -67 -71 / 65 -55 -67 -71 / 48 64 67 72 / 51 60 -67 -72 <END> 
<S> 55 62 69 -72 / 71 -55 -62 -65 / 48 60 64 69 / 47 55 62 67 / 48 64 72 79 / 50 62 72 77 / 52 67 72 79 / 53 -67 -72 -79 / 55 67 71 74 / 55 62 71 79 / 60 64 72 79 <END> 
<S> 52 67 72 / 50 65 74 -72 / 48 64 67 76 / 50 65 77 -64 / 52 60 72 79 / 53 69 74 -60 / 55 67 71 74 / 55 67 71 74 65 -55 -67 -74 <END> 
<S> 50 65 69 74 / 71 -50 -65 -74 / 48 67 72 76 / 52 -67 -72 -76 / 53 69 74 -72 / 50 65 -72 -74 / 55 62 71 -74 / 67 -55 -71 -74 / 65 -55 -71 -74 / 48 63 67 72 / 60 66 69 74 <END> 
<S> 55 74 -67 / 65 -55 -67 -74 / 48 64 67 72 / 50 65 71 74 / 52 67 72 / 53 -67 -72 / 55 62 -67 -72 / 64 -55 -72 -76 / 65 -55 -72 -72 / 55 71 -65 -72 / 48 64 67 72 / 48 60 64 67 <END> 
<S> 52 67 72 / 48 -67 -72 / 65 -52 -72 / 67 -52 -65 -72 / 52 67 -60 -72 / 53 60 69 74 / 50 -60 -69 -74 / 55 59 67 -74 / 72 -55 -59 -67 / 48 64 67 72 / 55 59 67 74 / 0 -59 <END> 
<S> 48 55 64 72 / 62 71 -55 -55 / 60 64 69 / 59 62 67 71 / 52 60 67 76 / 54 60 69 74 / 55 59 67 -74 / 65 -55 -59 -74 / 64 -55 -59 -74 / 48 55 64 72 / 50 62 71 77 / 52 69 72 -77 / 67 71 79 <END> 
<S> 55 60 64 74 / 59 -55 -64 -74 / 54 60 62 69 / 74 -54 -60 -69 / 55 59 67 71 / 52 60 67 72 / 50 74 -60 -67 / 52 60 67 76 / 53 -60 -67 -76 / 55 59 67 74 / 65 -55 -59 -74 / 57 60 64 72 / 55 64 -64 -72 <END> 
<S> 52 60 67 72 / 53 69 -60 -72 / 52 65 71 74 / 50 -65 -71 -74 / 48 67 72 76 / 65 71 74 -48 / 60 67 72 76 / 53 69 74 77 / 55 67 71 74 / 0 / 52 68 71 76 / 74 -52 -68 -71 <END> 
<S> 47 62 67 74 / 48 67 76 -74 / 72 -48 -67 -76 / 55 67 71 74 / 71 -55 -67 -74 / 69 -55 -67 -74 / 66 69 74 -55 / 54 -66 -69 -74 / 55 62 71 74 / 64 -55 -71 -74 / 65 -55 -71 -74 / 48 64 67 72 / 62 66 69 74 / 71 -50 -66 -74 <END> 
<S> 55 62 69 74 / 67 -53 -62 -74 / 52 60 69 72 / 67 71 -50 -64 / 52 60 -67 -70 / 53 60 69 -67 / 55 59 67 -53 / 52 60 -55 -67 / 50 57 65 -60 / 59 -50 -57 -65 / 45 57 64 65 / 60 -57 -57 -65 / 47 55 62 67 / 40 -55 -62 -67 / 43 55 62 -67 / 59 -43 -55 -67 / 44 60 69 -55 / 54 -60 -45 -69 <END> 
<S> 47 50 62 67 / 48 52 -62 -67 / 50 59 64 67 / 45 60 -64 -67 / 43 62 65 71 / 53 -62 -65 -71 / 48 64 67 / 60 -48 -64 -67 / 47 55 67 74 / 45 52 -67 -74 / 50 59 65 39 / 52 -50 -65 -65 / 59 62 65 -52 / 64 -50 -59 -65 / 57 62 65 74 / 45 -62 -65 -74 <END> 
<S> 48 60 64 67 / 47 -60 -64 -67 / 45 52 60 67 / 69 -52 -60 / -69 50 62 71 / 55 64 69 72 / 53 62 68 74 / 60 64 67 76 / 59 62 77 -64 / 57 60 64 76 / 65 -57 -60 -76 / 59 67 74 79 / 77 -59 -67 -74 / 60 76 -67 -74 / 69 72 77 -60 / 55 67 71 74 / 48 64 67 72 / 65 74 -48 -67 <END> 
<S> 60 64 67 76 / 62 -60 -67 -76 / 52 60 67 76 / 53 -60 -67 -76 / 55 59 67 74 / 65 -55 -59 -74 / 57 60 64 72 / 55 59 -64 -72 / 53 57 69 74 / 52 59 68 76 / 45 57 64 72 / 59 74 -45 -64 <END> 
<S> 57 60 69 76 / 55 -60 -69 -76 / 53 60 69 74 / 50 59 67 -74 / 52 67 72 76 / 53 -67 -72 -76 / 55 67 74 -72 / 71 -55 -67 -74 / 0 / 52 67 71 74 <END> 
<S> 47 62 67 74 / 48 60 67 76 / 50 77 -60 -67 / 52 58 67 76 / 53 74 -58 -67 / 55 67 72 76 / 70 -55 -67 -76 / 53 65 69 77 / 67 72 -53 -60 / 55 62 67 71 / 60 64 67 72 / 62 65 69 -72 <END> 
<S> 53 69 72 / 52 67 -69 -72 / 50 65 71 74 / 48 67 72 76 / 50 -67 -72 -76 / 52 67 72 76 / 53 -67 -72 -76 / 55 67 74 -72 / 71 -55 -67 -74 / 55 67 71 74 <END> 
<S> 50 65 72 77 / 71 -50 -65 -77 / 52 67 72 76 / 53 -67 -72 -76 / 55 67 74 -72 / 71 -55 -67 -74 / 0 / 56 71 76 <END> 
<S> 50 60 65 77 / 59 62 -50 -65 / 52 60 67 -65 / 48 64 -60 -67 / 45 60 65 69 / 47 -60 -65 -69 / 48 60 64 67 / 58 -48 -64 -67 / 53 57 64 69 / 55 62 67 71 <END> 
<S> 50 57 65 74 / 47 62 -57 -65 / 45 57 64 72 / 47 -57 -64 -72 / 48 57 64 72 / 50 -57 -64 -72 / 52 55 64 71 / 54 -55 -64 -71 / 55 62 71 / 52 -55 -62 -71 / 48 55 64 72 / 50 57 65 71 / 52 59 62 67 / 60 -52 -55 -67 / 50 62 65 69 / 59 -62 -65 -69 / 51 60 67 -65 / 53 -60 -67 -67 <END> 
<S> 47 55 62 71 / 48 64 -55 -71 / 50 62 65 69 / 60 -50 -65 -69 / 52 59 64 67 / 62 -52 -59 -67 / 53 57 60 69 / 55 59 67 / 53 60 65 69 / 52 -60 -65 -69 / 50 62 65 69 / 47 62 66 -69 / 48 52 60 67 / 50 -52 -60 -67 / 52 55 64 71 / 53 62 -55 -70 <END> 
<S> 53 60 69 / 62 -53 -69 / 45 64 -53 -69 / 59 -53 -64 -69 / 45 57 60 69 / 55 59 62 / / 53 -59 -62 / / 52 59 61 / 50 57 60 / / 55 59 62 / 43 53 -59 -62 / 48 52 55 60 / 50 54 60 62 / 45 52 60 67 / 43 -52 -60 -67 <END> 
<S> 47 55 62 67 / 45 -55 -62 -67 / 46 55 62 67 / 54 62 69 -55 / 54 -43 -62 -69 / 60 -38 -54 -69 / 43 50 59 67 / 48 52 60 67 / 47 62 -52 -67 / 45 52 60 72 / 48 -45 -72 -72 / 47 55 62 71 / 48 64 -55 / 50 55 62 67 / 60 69 -55 -62 / 43 59 67 70 <END> 
<S> 47 50 62 67 / 49 55 64 -67 / 50 57 -55 -67 / 47 55 62 -67 / 43 53 59 -62 / 48 52 55 60 / 48 52 60 64 / 50 55 62 65 / 52 -55 -62 -65 / 53 57 60 69 / 62 -53 -69 / 60 -53 -69 / 47 55 62 67 <END> 
<S> 52 55 60 67 / 50 57 65 -67 / 71 -50 -55 -67 / 48 55 72 -67 / 43 55 62 71 / 48 55 64 72 / 47 62 67 71 / 45 60 66 69 / 59 -50 -66 -69 / 52 59 64 67 / 54 57 62 69 <END> 
<S> 48 55 64 72 / 47 62 -55 -72 / 48 60 64 69 / 47 59 67 / 57 60 72 -67 / 66 -57 -60 -72 / 59 62 67 71 / 60 64 67 76 / 62 -60 -67 -76 / 54 60 69 74 / 55 59 67 -74 / 65 -55 -59 -74 / 57 60 64 72 / 55 -60 -64 -72 <END> 
<S> 60 67 76 / 59 -60 -67 -76 / 57 60 65 77 / 55 67 76 -60 / 53 60 69 74 / 55 59 67 -74 / 72 -55 -59 -67 / 65 74 -55 -59 / 48 60 64 72 / 53 60 69 72 / 65 74 -53 -60 / 58 61 67 76 / 60 69 76 / 55 70 76 53 <END> 
