<S> 55 62 67 71 / 66 -55 -62 -71 / 60 64 69 -55 / 54 -60 -64 -69 / 55 59 62 71 / 53 -59 -62 -71 / 52 60 64 67 / 59 62 -52 -67 / 53 57 60 69 / 52 55 -60 -69 / 50 53 62 71 / 48 55 64 72 / 48 55 64 72 / 50 65 -55 -72 <END> 
<S> 53 57 60 69 / 52 55 -60 -69 / 50 53 62 71 / 48 55 64 72 / 52 60 67 / 59 -52 -67 -67 / 53 57 67 72 / 71 -53 -57 -67 / 72 -53 -57 -67 / 47 55 62 74 / 48 64 -55 -74 / 47 55 62 71 / 48 64 -55 -71 / 50 54 62 69 / 60 -50 -62 -69 <END> 
<S> 54 57 69 72 / 55 62 67 71 / 48 64 67 69 / 50 62 66 -69 / 60 -50 -66 -69 / 55 59 62 67 / 55 59 62 67 / 53 62 65 71 / 52 64 67 -71 / 62 65 -55 -71 / 48 64 -55 -67 / 48 60 64 67 / 59 62 -48 -67 <END> 
<S> 52 59 64 67 / 62 -52 -59 -67 / 53 57 60 69 / 55 59 62 -69 / 52 57 60 67 / 53 57 69 -60 / 55 59 62 -69 / 67 -55 -59 -62 / 48 55 60 64 / 55 59 62 -48 / 52 55 60 67 <END> 
<S> 50 55 62 71 / 69 -50 -55 -62 / 48 55 62 69 / 50 59 -62 -69 / 60 -50 -66 -69 / 43 59 67 74 / 60 72 -53 -69 / 55 59 67 74 / 52 60 67 / 59 64 -52 -67 / 54 60 64 69 / 59 62 -54 -69 <END> 
<S> 57 64 67 72 / 55 62 71 -67 / 54 62 69 74 / 60 -54 -69 -74 / 55 59 67 74 / 66 69 -55 -74 / 60 64 67 -74 / 66 -57 -60 -76 / 59 62 67 74 / 57 64 69 72 / 62 71 -57 -69 / 57 66 69 72 / 55 59 67 74 / 59 62 67 79 <END> 
<S> 59 62 67 74 / 60 68 76 / 59 62 74 -68 / 60 64 67 76 / 66 72 -60 -76 / 55 67 71 74 / 59 67 76 / 57 64 69 72 / 66 -57 -69 -72 / 55 62 67 71 / 53 59 62 67 <END> 
<S> 59 67 74 / 57 60 69 76 / 78 -57 -60 -69 / 55 62 71 79 / 59 67 74 79 / 60 67 76 -79 / 77 -60 -67 -76 / 62 69 78 81 / 55 64 71 79 / 57 64 72 81 / 59 62 74 -72 / 60 67 76 -62 / 77 -60 -60 -67 <END> 
<S> 59 62 74 79 / 60 -59 -74 -79 / 57 69 76 / 50 77 -57 -72 / 52 67 71 79 / 53 69 74 81 / 52 67 72 -81 / 70 -52 -72 -76 / 53 65 69 81 / 67 -53 -69 -81 / 58 65 74 79 / 57 64 72 -81 / 55 65 70 79 <END> 
<S> 53 69 72 81 / 55 -69 -72 -81 / 57 65 72 81 / 53 74 -65 -81 / 60 64 76 -72 / 65 74 77 -60 / 67 76 -74 / 69 74 77 / 0 -74 -77 / 72 70 76 -77 / 74 -70 -77 -81 / 67 70 76 -62 / 53 69 72 -76 / 57 65 74 -72 / 59 -65 -72 -74 / 60 64 72 79 <END> 
<S> 64 67 72 79 / 65 74 -72 -79 / 67 70 76 79 / 61 -67 -76 -79 / 65 69 77 / 50 67 74 -65 / 48 64 72 76 / 60 65 72 77 / 67 -60 -72 -77 / 60 69 72 76 <END> 
<S> 48 67 72 76 / 50 -67 -72 -76 / 52 67 72 76 / 53 -67 -72 -76 / 55 67 72 74 / 57 -67 -72 -74 / 59 71 74 -67 / 56 65 -71 -74 / 57 64 71 72 / 59 -64 -71 -72 / 60 64 69 72 / 62 71 -50 -64 / 54 57 62 72 / 52 55 71 -62 <END> 
<S> 57 64 72 / 59 -57 -64 -72 / 54 57 62 74 / 72 -54 -57 -62 / 55 62 71 / 54 -55 -62 -71 / 51 55 67 72 / 48 64 69 -72 / 71 -48 -64 -72 / 50 66 69 74 / 71 -50 -66 -74 / 55 67 71 74 / 53 67 73 76 <END> 
<S> 57 64 72 / 55 59 62 74 / 67 76 -55 -74 / 65 -55 -59 -74 / 60 64 67 72 / 62 -60 -67 -72 / 52 60 67 72 / 58 -52 -67 -72 / 54 57 69 72 / 55 62 67 71 / 53 59 62 67 <END> 
<S> 62 64 69 / 62 66 -69 / 60 -50 -66 -69 / 55 59 62 67 / 52 60 67 70 / 53 65 69 -60 / 59 62 67 -53 / 52 60 67 72 / 50 65 74 -60 / 52 59 67 76 / 61 -52 -67 -76 <END> 
<S> 53 60 69 74 / 50 -60 -69 -74 / 55 59 67 -74 / 65 -55 -59 -74 / 48 55 64 72 / 53 57 65 72 / 46 58 65 74 / 67 -58 -58 -74 / 56 60 68 76 / 55 -60 -68 -76 / 53 60 68 77 / 55 -60 -68 -77 / 56 60 65 68 / 55 59 -65 -68 / 60 64 68 / 56 60 65 72 / 74 -56 -60 -65 <END> 
<S> 56 60 68 72 / 65 -56 -60 -72 / 55 60 67 -65 / 60 -55 -67 / 53 60 65 68 / 46 62 -65 -68 / 51 58 63 67 / 53 56 62 65 / 55 58 62 / 56 60 -55 -63 / 55 58 62 / 53 -55 -59 -62 / 51 58 63 67 / 50 -58 -63 -67 <END> 
<S> 56 62 65 71 / 58 -62 -65 -71 / 60 63 67 72 / 48 -63 -67 -72 / 55 62 67 70 / 60 63 67 / 58 -60 -63 -67 / 53 56 65 72 / 51 58 67 79 / 50 60 65 77 / 48 62 -60 -77 / 50 59 67 77 / 60 67 75 -53 / 58 62 65 74 <END> 
<S> 51 58 65 67 / 63 -51 -58 -67 / 56 60 63 72 / 55 58 -63 -72 / 53 56 68 72 / 51 58 -67 -72 / 60 67 74 / 53 59 68 -74 / 55 58 67 75 / 56 60 -67 -75 / 58 62 65 74 / 56 60 65 72 / 55 77 -60 -72 <END> 
<S> 60 63 67 75 / 58 -60 -67 -75 / 56 60 72 77 / 55 70 75 -60 / 53 65 68 74 / 72 -53 -65 -68 / 55 62 67 71 / 63 67 -55 -71 / 65 -43 -67 -71 / 48 63 67 72 / 55 62 67 70 / 53 -62 -67 -70 <END> 
<S> 48 63 67 72 / 55 67 71 74 / 55 67 71 74 / 53 67 70 75 / 51 -67 -70 -75 / 50 65 70 77 / 68 -50 -65 -77 / 51 63 67 70 <END> 
<S> 55 67 70 75 / 53 -67 -70 -75 / 51 65 70 77 / 50 -65 -70 -77 / 51 63 70 79 / 72 -51 -63 -79 / 53 68 74 77 / 55 67 75 -80 / 56 65 77 -75 / 74 -56 -68 -77 / 55 70 75 79 / 53 -70 -75 -79 / 51 70 75 79 <END> 
<S> 53 62 74 80 / 55 63 -74 -79 / 56 65 77 -56 / 53 58 -70 -77 / 60 -56 -70 -77 / 55 62 70 79 / 53 -62 -70 -79 / 51 63 70 79 / 55 -63 -70 -79 / 56 63 72 77 / 53 -63 -72 -77 / 58 62 70 -77 / 51 67 70 75 / 63 70 75 79 <END> 
<S> 53 56 72 77 / 53 75 -58 -72 / 55 67 70 74 / 56 65 -70 -74 / 58 65 70 74 / 53 -65 -70 -74 / 51 67 72 -70 / 50 65 69 -72 / 71 -50 -65 48 / 48 67 72 75 / 74 -48 -67 -75 / 55 67 71 74 / 60 67 72 75 / 58 -67 -72 -75 <END> 
<S> 48 63 72 79 / 55 -63 -72 -79 / 54 63 72 -75 / 62 -54 -70 -72 / 51 63 67 70 / 60 63 69 -51 / 55 58 67 74 / 56 60 72 -67 / 65 -56 -60 -72 / 55 62 67 70 / 53 -62 -67 -70 / 51 63 67 72 / 53 69 -63 -72 / 55 62 71 74 / 51 60 67 72 / 48 58 67 75 / 72 -48 -67 -75 <END> 
<S> 53 60 68 74 / 72 -53 -60 -68 / 55 59 67 74 / 65 -55 -59 -74 / 48 55 63 72 / 55 59 67 74 / 48 60 67 75 / 62 -48 -67 -75 / 63 67 72 -75 / 66 74 -67 -72 / 62 67 72 / 60 -67 -72 / 63 67 72 / 59 -67 -67 -72 / 60 67 74 / 55 59 67 -74 / 60 -55 -67 -74 <END> 
<S> 48 67 75 -70 / 53 68 72 74 / 50 71 74 77 / 55 67 72 75 / 43 -55 -67 -72 / 51 67 72 79 / 48 -67 -72 -79 / 50 65 72 77 / 71 -50 -65 -77 / 48 67 72 75 / 53 68 74 -72 / 55 67 71 -74 / 56 72 -67 / 65 74 -56 -72 <END> 
<S> 48 67 72 75 / 50 -67 -72 -75 / 51 67 72 75 / 53 -67 -72 -75 / 55 67 70 75 / 56 60 68 -75 / 58 62 68 74 / 63 67 -58 -74 / 65 65 -70 -74 / 67 72 -65 -70 / 64 67 71 79 / 60 -67 -71 -79 / 62 67 72 79 / 77 -67 -72 <END> 
<S> 58 65 70 74 / 56 -65 -70 -74 / 55 67 70 75 / 74 -55 -67 -70 / 56 63 72 77 / 58 -63 -72 -77 / 60 67 72 75 / 70 -60 -67 -75 / 53 65 68 77 / 60 75 -65 -68 / 58 62 70 77 / 68 -58 -62 -77 / 60 63 67 75 / 65 74 -60 -67 <END> 
<S> 53 68 74 77 / 72 75 -53 -68 / 55 62 71 -68 / 67 -55 -62 -71 / 48 63 67 72 / 60 63 67 72 / 58 -63 -67 -72 / 57 66 72 -57 / 55 70 -57 -72 / 53 68 72 77 / 67 -53 -72 -77 / 53 69 74 77 / 55 75 72 77 / 74 -55 -72 -77 <END> 
<S> 55 67 70 75 / 65 -55 -70 -75 / 56 63 72 75 / 55 -63 -72 -75 / 53 68 72 80 / 74 -53 -68 -77 / 51 70 75 79 / 55 70 79 -79 / 72 -55 -75 -79 / 56 60 74 77 / 59 68 74 -77 / 60 67 75 -74 / 51 -60 -67 -75 / 53 68 72 74 / 55 67 71 -74 <END> 
<S> 56 68 72 77 / 55 -68 -72 -77 / 53 60 68 -72 / 74 -53 -68 -68 / 55 67 75 / 58 74 -67 / 65 -55 -58 -74 / 55 63 70 75 / 57 65 72 -75 / 58 65 70 74 / 56 -65 -70 -74 / 55 67 70 75 / 53 -67 -70 -75 / 51 65 70 74 / 50 -65 -70 -74 / 51 63 70 79 / 72 -51 -63 -79 <END> 
<S> 55 67 70 75 / 53 -62 -70 -75 / 51 63 70 79 / 65 -51 -70 -79 / 63 67 70 79 / 62 65 -70 -79 / 60 63 72 79 / 58 -63 -72 -79 / 56 63 72 77 / 58 62 70 77 / 77 -58 -62 -70 / 51 67 70 75 / 75 -62 -67 -75 <END> 
<S> 58 63 70 77 / 62 65 -70 -77 / 63 70 79 79 / 63 70 79 -79 / 56 68 72 75 / 58 -67 -72 -75 / 60 72 77 -75 / 58 74 70 -77 / 68 -58 -74 -77 / 51 67 70 75 <END> 
<S> 53 68 72 77 / 74 -53 -68 -77 / 55 70 75 79 / 56 -70 -75 -76 / 58 65 74 77 / 67 75 -58 -65 / 63 68 72 77 / 65 -63 -68 -77 / 63 70 79 -65 / 63 -63 -70 -79 / 56 72 77 -63 / 58 62 70 -77 / 68 -58 -62 -77 / 51 63 67 75 <END> 
<S> 63 72 79 -63 / 56 -63 -72 -79 / 58 65 70 74 / 50 75 -65 -70 / 67 71 -50 -65 / 53 63 68 74 / 62 65 -68 -74 / 67 72 -62 -65 / 63 -62 -67 -72 / 60 67 72 -51 / 58 -67 -72 -75 / 56 60 72 77 / 55 70 75 79 / 53 74 77 -63 / 72 75 -53 -81 <END> 
<S> 48 63 72 75 / 60 -48 -72 -75 / 53 68 74 77 / 55 67 75 -74 / 72 -55 -67 -75 / 65 74 -55 -60 / 59 67 -55 / 48 64 67 72 / 65 74 -48 -67 / 60 67 75 / 58 -60 -67 -75 / 56 60 68 75 / 55 -60 -68 -75 / 53 60 68 74 / 55 59 67 -74 / 56 60 65 72 / 48 -56 -65 -72 <END> 
<S> 60 67 75 / 58 -60 -67 -75 / 56 60 72 75 / 55 70 -60 -75 / 53 60 68 74 / 55 59 67 -74 / 56 60 65 72 / 61 -56 -65 -72 / 55 62 67 71 / 55 62 67 71 / 53 -62 -67 -71 / 51 60 67 72 / 48 -60 -67 -72 / 50 65 70 -60 / 59 -50 -65 -70 <END> 
<S> 57 60 65 72 / 55 67 -60 -72 / 53 -60 -67 -72 / 55 59 74 -67 / 65 -55 -59 -74 / 63 -55 -59 -74 / 48 55 63 72 / 60 63 67 75 / 58 62 67 77 / 56 -62 -67 -77 / 55 63 67 72 / 53 65 68 74 <END> 
<S> 56 60 63 72 / 55 58 -63 -72 / 53 56 68 72 / 51 58 67 / 60 63 68 / 58 62 -68 / 56 60 63 72 / 56 65 -60 -72 / 51 58 67 75 / 50 -58 -67 -75 / 48 63 72 77 / 53 62 74 -72 / 51 55 72 -74 / 50 71 -55 -74 <END> 
<S> 62 65 -51 -72 / 51 63 70 75 / 65 -51 -63 -75 / 67 -51 -58 -70 / 56 65 -51 -70 / 51 55 67 72 / 53 68 74 -72 / 55 71 74 -74 / 65 -55 -71 -74 / 48 63 67 72 / 60 63 67 72 <END> 
<S> 55 67 70 75 / 53 -67 -70 -75 / 51 65 72 77 / 50 -65 -72 -77 / 51 63 70 79 / 62 -51 -70 -79 / 48 63 68 72 / 55 65 -68 -72 / 51 67 70 75 / 63 -67 -70 -75 / 53 65 68 72 / 51 60 67 75 / 55 -60 -67 -75 <END> 
<S> 48 63 67 75 / 69 -48 -63 -75 / 50 65 70 74 / 51 -65 -70 -74 / 53 65 68 72 / 55 74 -65 -68 / 63 67 -55 -74 / 65 -55 -60 -74 / 48 60 67 75 / 55 60 -67 -75 / 53 68 74 -60 / 55 58 67 -74 / 65 -55 -58 -74 / 46 -58 -63 -74 <END> 
<S> 60 67 75 / 58 -60 -67 -75 / 56 68 74 77 / 55 -68 -77 / 60 67 75 / 53 60 68 74 / 55 59 67 74 / 65 -55 -67 -74 / 48 63 67 72 / 58 62 70 77 <END> 
<S> 53 60 69 74 / 51 -60 -69 -74 / 50 59 71 74 / 55 62 71 -74 / 60 63 67 72 / 62 65 70 77 / 63 70 79 / 62 -63 -70 -79 / 60 63 72 79 / 58 -63 -72 -79 <END> 
<S> 63 70 79 / 61 -63 -70 -79 / 62 70 79 -65 / 60 63 -70 -79 / 59 62 74 79 / 55 -62 -70 -79 / 60 63 72 79 / 58 -63 -72 -79 / 56 63 72 77 / 55 -63 -72 -77 / 57 60 72 75 / 58 65 74 -75 / 55 70 75 79 <END> 
<S> 53 63 72 80 / 60 -53 -72 -80 / 58 62 70 77 / 51 62 70 79 / 58 -51 -70 -79 / 56 60 68 77 / 62 -60 -68 -77 / 60 63 67 75 / 58 65 -67 -75 / 56 65 72 75 / 58 -65 -72 -75 / 60 63 72 75 / 58 62 70 77 <END> 
<S> 60 63 68 75 / 62 65 -68 -75 / 63 67 70 79 / 63 68 72 79 / 62 67 77 80 / 60 -62 -67 -77 / 55 62 67 75 / 53 77 -67 -70 / 51 63 72 79 / 53 -63 -72 -79 <END> 
<S> 56 63 72 77 / 55 -63 -72 -77 / 57 61 70 -77 / 60 75 -70 -77 / 58 70 77 77 / 62 -58 -70 -77 / 51 63 70 79 / 55 82 -63 -79 / 53 60 70 79 / 51 -60 -70 -79 / 53 68 74 77 / 59 -68 -74 -77 <END> 
<S> 51 58 70 79 / 53 -58 -70 -79 / 55 58 70 77 / 56 60 -70 -77 / 58 62 65 74 / 68 -58 -62 -74 / 55 58 67 74 / 57 60 -67 -74 / 59 62 67 74 / 60 -62 -67 -74 / 55 62 67 71 / 53 -62 -67 -71 / 51 63 67 72 / 53 -63 -67 -72 / 55 62 -67 -72 / 56 60 65 -72 / 55 67 -60 -72 / 53 65 69 -60 / 63 -53 -60 -69 <END> 
<S> 48 63 67 72 / 55 67 71 74 / 55 67 71 74 / 53 67 70 75 / 65 68 77 -75 / 63 70 -68 -77 / 62 70 38 -77 / 59 -62 -70 -77 / 60 63 67 75 / 58 62 -67 -75 <END> 
<S> 55 67 70 75 / 53 68 72 77 / 74 -53 -68 -77 / 55 70 75 79 / 51 -70 -75 -79 / 58 70 75 77 / 46 74 -70 -77 / 51 72 75 -65 / 63 70 77 / 65 68 74 <END> 
<S> 53 68 74 77 / 72 75 -53 -68 / 55 62 70 74 / 67 -55 -70 -74 / 48 63 67 72 / 60 66 69 72 / 55 67 70 75 / 57 72 -67 -75 / 58 65 74 77 / 67 -58 -74 -77 / 68 -58 -74 -77 / 60 67 75 79 / 58 -67 -75 -79 / 56 72 77 -75 <END> 
<S> 60 67 75 / 58 62 -67 -75 / 56 63 72 75 / 55 -63 -72 -75 / 53 68 72 74 / 50 75 -68 -72 / 77 -50 -68 -74 / 55 67 70 74 / 65 -55 -70 -74 / 51 67 70 75 / 65 74 -51 -70 / 63 67 70 / 65 68 -46 -74 / 63 70 -68 -74 / 63 69 72 75 / 70 -63 -69 <END> 
<S> 53 65 68 74 / 51 63 -68 -74 / 55 65 67 71 / 50 -67 -71 -76 / 51 67 72 / 48 -67 -72 / 53 60 69 -72 / 54 63 69 72 / 55 62 67 70 / 50 62 65 70 / 51 60 63 68 / 53 59 62 67 <END> 
<S> 50 62 70 -67 / 51 60 66 69 / 48 60 63 67 / 69 -48 -60 -63 / 46 58 62 65 / 44 53 60 / 43 55 -60 59 / 44 56 60 65 / 43 50 59 67 / 55 59 62 67 / 53 -59 -67 <END> 
<S> 44 56 60 65 / 55 -44 -60 -65 / 43 56 59 62 / 53 -43 -59 -62 / 44 51 60 / 43 58 -51 / 41 53 60 68 / 51 -41 -60 -68 / 43 59 62 67 / 58 -43 -62 -67 / 44 60 63 / 43 58 -63 -63 / 41 62 65 -63 / 39 58 63 67 / 41 -58 -63 -67 / 39 58 63 67 / 51 63 67 / 70 -51 -63 -67 <END> 
<S> 41 48 60 68 / 63 -41 -48 -68 / 46 65 70 -60 / 46 62 68 -65 / 63 -46 -53 -68 / 39 58 62 67 / 0 / 63 58 -67 / 41 60 65 68 / 63 -60 -65 -68 / 62 70 -60 -65 / 60 63 67 79 / 58 62 79 -67 / 60 63 72 79 / 58 62 70 77 <END> 
<S> 63 65 -58 -70 / 60 63 -65 -70 / 62 65 70 -65 / 60 63 -65 -70 / 59 62 -65 -70 / 60 63 67 75 / 58 62 -67 -75 / 56 60 72 77 / 55 70 75 -60 / 53 65 69 74 / 72 -53 -65 -69 / 55 62 67 71 / 43 59 62 67 / <END> 
<S> 53 65 69 72 / 63 -53 -69 -72 / 46 62 65 70 / 55 58 67 75 / 57 -55 -67 -75 / 58 62 65 74 / 67 -58 -62 -74 / 60 63 68 75 / 62 -60 -68 -75 / 60 63 67 75 / 58 62 -67 -75 / 56 60 72 77 / 55 -60 -72 -77 / 53 68 72 75 / 55 67 -72 -75 / 50 65 74 77 / 67 -50 -74 -77 / 67 -50 -74 -77 / 72 -50 -67 -77 <END> 
<S> 60 67 -51 -74 / 53 -60 -67 -75 / 55 59 67 74 / 53 -59 -67 -74 / 51 60 67 75 / 53 -60 -67 -75 / 55 59 67 74 / 72 -55 -59 -67 / 48 60 63 67 / 59 62 -48 -67 / 53 57 60 69 / 62 -53 -57 -69 / 46 58 62 65 / 58 63 67 -46 / 55 65 70 -46 / 63 -55 -70 <END> 
<S> 48 60 67 75 / 55 74 -60 -67 / 57 60 72 -67 / 65 -57 -60 -72 / 59 62 67 -65 / 60 63 67 72 / 62 65 -67 -72 / 60 63 67 72 / 58 62 -67 -72 / 56 60 72 77 / 58 62 74 -77 / 60 67 75 -74 / 53 72 74 77 <END> 
<S> 60 63 67 75 / 58 62 -67 -75 / 56 60 65 77 / 55 -60 -65 -77 / 53 60 70 79 / 55 -60 -70 -79 / 53 60 68 79 / 55 60 79 -79 / 57 60 77 80 / 59 62 -77 -77 / 60 63 75 -53 / 51 -60 -67 -75 <END> 
<S> 59 62 67 77 / 60 75 -67 / 58 62 67 74 / 56 63 72 / 55 65 -63 -72 / 53 56 -65 -72 / 55 59 -65 -72 / 60 63 67 72 / 58 -64 -67 -72 / 56 65 72 77 / 55 63 -72 -77 / 53 65 74 -72 / 51 -65 -72 -74 / 53 68 72 77 <END> 
<S> 57 60 65 72 / 55 -60 -65 -72 / 53 60 67 70 / 55 -60 -67 -70 / 53 60 68 68 / 55 -60 -68 -68 / 55 67 -60 -68 / 59 65 -55 -67 / 57 60 65 72 / 63 -57 -60 -72 / 58 62 67 74 / 68 -58 -62 -74 / 65 70 -58 -74 / 63 67 -70 -74 / 69 72 -63 / 70 -57 -63 -72 <END> 
<S> 54 60 62 74 / 55 58 -62 -74 / 57 60 66 -74 / 55 59 67 75 / 54 57 62 74 / 55 58 70 75 / 53 68 -58 -75 / 55 58 70 74 / 56 65 72 -70 / 68 -56 -65 -72 / 60 63 67 75 / 58 -60 -67 -75 / 56 60 72 77 / 55 70 75 79 <END> 
