<S> 57 65 69 72 / 59 -65 -69 -72 / 60 64 67 72 / 69 -60 -64 -72 / 55 62 71 74 / 67 -55 -71 -74 / 57 64 69 72 / 55 -64 -69 -72 / 53 69 72 77 / 65 -53 -72 -77 / 48 64 72 79 / 70 -48 -64 -79 / 53 60 69 77 <END> 
<S> 53 69 72 77 / 52 67 72 79 / 50 65 -72 -79 / 48 64 67 79 / 62 65 -48 -79 / 60 64 72 79 / 58 -64 -72 -79 / 57 64 72 79 / 55 -64 -72 -79 / 53 65 72 81 / 64 -53 -72 -81 / 55 62 79 -72 / 43 71 -55 -62 / 48 55 64 72 / 48 55 64 72 / 50 65 71 74 <END> 
<S> 53 65 69 74 / 71 -53 -65 -74 / 48 67 72 76 / 60 67 72 76 / 59 -67 -72 -76 / 57 69 72 76 / 55 -69 -72 -76 / 54 69 72 74 / 55 67 72 76 / 60 67 -72 -76 / 65 74 -67 -74 / 64 67 72 / 62 66 74 / 55 67 71 -74 <END> 
<S> 50 69 72 77 / 71 -50 -62 -77 / 52 60 67 76 / 55 59 74 -67 / 53 69 74 / 71 76 -53 / 69 72 -53 -69 / 55 62 67 71 / 53 59 62 67 / 52 60 67 72 / 50 65 69 74 / 71 -50 -65 -74 / 48 67 72 76 / 50 74 77 -72 / 52 67 72 79 / 53 69 -72 -79 <END> 
<S> 55 62 71 74 / 48 60 67 76 / 50 60 66 74 / 52 59 67 76 / 54 57 62 72 / 64 -57 -57 -72 / 59 62 67 74 / 60 67 76 / 62 77 -60 -67 / 61 64 69 79 <END> 
<S> 57 64 69 72 / 64 67 71 / 62 -64 -67 -71 / 60 62 66 69 / 59 -62 -66 -69 / 57 62 66 71 / 55 59 62 67 / 65 -55 -59 -67 / 57 60 64 72 / 55 59 65 74 / 53 -59 -67 -74 <END> 
<S> 55 62 67 71 / 53 -62 -67 -71 / 52 60 67 72 / 65 69 -60 -72 / 59 62 74 -69 / 67 71 -53 / 64 -53 -67 -71 / 52 60 67 79 / 50 65 -60 -79 / 52 60 67 79 / 53 69 -60 -79 / 55 67 71 74 / 52 67 71 76 <END> 
<S> 52 60 67 79 / 50 65 -60 -79 / 52 60 67 79 / 53 69 -60 -79 / 55 67 71 74 / 52 67 71 76 / 65 -52 -71 -74 / 57 64 72 -71 / 74 -57 -64 -72 / 52 64 71 79 / 62 -52 -72 -79 / 53 60 74 -72 <END> 
<S> 57 64 69 72 / 59 62 67 74 / 60 67 76 / 59 -60 -67 -76 / 57 60 65 77 / 55 59 67 76 / 53 57 69 74 / 50 65 -57 -74 / 52 64 67 -74 / 53 69 72 -64 / 55 62 67 -72 / 54 62 69 / 60 -54 -69 -69 <END> 
<S> 50 57 65 74 / 52 67 76 -57 / 53 69 74 77 / 67 76 -53 -62 / 52 67 72 -76 / 53 74 -67 -72 / 55 67 71 74 / 65 -55 -71 -74 / 48 64 67 72 / 60 67 72 76 / 62 77 -67 -72 <END> 
<S> 55 67 72 74 / 59 -55 -67 -74 / 60 67 76 / 58 -60 -67 -76 / 57 60 65 77 / 53 60 67 76 / 55 -60 -67 -76 / 53 60 65 74 / 52 67 -60 -65 / 53 65 69 74 / 59 62 67 74 / 60 63 67 76 / 72 -60 -64 -67 <END> 
<S> 53 60 65 69 / 60 64 67 / 58 -60 -64 -67 / 57 60 64 72 / 55 58 -60 -72 / 53 57 69 72 / 55 59 -69 -72 / 60 64 67 57 / 57 60 66 76 / 59 64 67 74 / 57 60 69 -74 / 55 59 71 74 / 53 -59 -74 -74 <END> 
<S> 57 60 66 72 / 59 62 -57 -72 / 55 62 67 71 / 54 57 62 69 / 55 59 71 / 52 55 67 72 / 54 62 69 -72 / 55 62 67 71 / 72 -55 -62 -67 / 55 62 69 74 / 59 62 67 -74 / 60 64 67 72 / 65 74 -60 -67 <END> 
<S> 55 62 69 74 / 71 -55 -62 -74 / 52 64 72 -71 / 54 62 74 -72 / 55 62 67 71 / 53 -62 -67 -71 / 52 64 67 72 / 50 -64 -67 -72 / 48 62 67 74 / 47 -62 -67 -74 / 45 60 72 76 / 55 -60 -72 -76 / 53 69 72 -60 / 52 67 -60 -72 / 50 65 69 74 / 71 -50 -65 -74 <END> 
<S> 55 64 69 72 / 54 -64 -69 -72 / 55 62 67 71 / 59 64 67 / 57 62 65 69 / 59 62 67 71 / 60 -62 -67 -71 / 62 66 69 72 / 55 71 -69 / 57 64 69 72 / 62 65 71 74 / 60 64 69 76 / 59 -64 -69 -76 / 64 67 74 -64 <END> 
<S> 59 62 67 71 / 57 -62 -67 -71 / 59 66 69 74 / 57 -66 -69 -74 / 55 59 74 -69 / 54 60 69 75 / 52 59 -60 -69 / 54 57 62 69 / 55 62 71 -69 / 45 72 -62 -67 / 50 66 69 74 / 52 -66 -69 -74 / 54 62 71 -74 / 52 64 68 71 / 54 62 69 74 <END> 
<S> 50 57 62 65 / 62 -50 -57 -65 / 52 55 62 67 / 60 -52 -55 -67 / 55 -55 -60 -72 / 53 -55 -60 -69 / 55 59 -50 -65 / 57 -50 -53 -65 / 55 59 -50 -65 / 57 60 64 / 55 59 62 / 53 57 60 64 / 52 62 65 -57 / 50 59 62 67 / 48 60 64 67 / 50 65 -60 -64 / 52 60 67 / 53 -60 -67 <END> 
<S> 54 57 62 74 / 50 59 64 -74 / 52 67 72 -59 / 54 57 -67 -72 / 55 59 62 71 / 52 64 -59 -69 / 48 57 64 72 / 55 62 66 -72 / 60 64 67 -72 / 59 67 74 -67 / 65 -59 -67 -74 / 60 67 72 76 / 77 -60 -67 -72 / 52 67 72 79 <END> 
<S> 52 64 67 72 / 62 -52 -67 -72 / 54 62 69 -72 / 55 62 71 / 64 -55 -71 / 50 66 69 66 / 59 -50 -66 -69 / 52 59 62 67 / 60 64 67 72 / 59 62 67 74 / 65 -59 -74 / 55 59 64 -74 / 57 72 -55 -64 / 50 -57 -60 -72 / 55 62 71 -60 / 59 -50 -62 -71 / 52 59 64 67 / 62 -52 -59 -67 <END> 
<S> 55 62 67 71 / 60 64 69 72 / 62 67 71 / 64 72 -67 / 66 69 -57 -72 / 55 59 67 71 / 57 60 66 69 / 59 62 67 71 / 57 -62 -67 -71 / 0 -57 -64 -67 55 64 67 / 50 65 -67 65 / 48 67 72 76 / 65 69 77 -60 / 60 64 67 79 / 62 -60 -67 -76 <END> 
<S> 59 62 67 71 / 60 -62 -67 -71 / 59 62 69 -67 / 66 -62 -69 / 60 62 67 71 / 64 72 -60 -67 / 59 62 67 74 / 65 -59 -62 -74 / 60 64 67 76 / 65 69 -60 -76 / 59 67 74 -65 / 60 76 -67 -74 / 62 67 74 / / 59 -62 -74 -77 <END> 
<S> 60 64 67 76 / 59 62 -67 -76 / 57 60 65 77 / 72 -57 -60 -77 / 55 62 71 79 / 59 -55 -71 -79 / 57 60 69 77 / 59 62 -69 -77 / 60 64 67 76 / 53 65 69 -76 / 65 67 71 74 / 64 -67 -71 -74 / 62 67 72 81 / 77 -50 -72 -69 <END> 
<S> 57 60 69 77 / 59 62 -69 -77 / 60 64 67 76 / 53 65 69 -76 / 65 67 74 58 / 59 -67 -74 -77 / 60 67 76 / 55 59 67 74 / 65 -55 -59 -74 / 57 60 64 72 / 69 -57 -64 -72 / 55 62 71 / 53 59 67 -71 <END> 
<S> 55 59 67 74 / 60 67 76 / 59 62 69 77 / 57 64 72 79 / 55 65 71 74 / 53 -65 -71 -74 / 52 67 72 76 / 53 -67 -72 -76 / 55 67 71 74 / 65 -55 -71 -74 / 56 64 71 -71 <END> 
<S> 65 69 77 -60 / 59 76 -69 -77 / 60 64 72 76 / 55 -60 -72 -76 / 53 69 72 74 / 55 67 71 76 / 65 -55 -71 -74 / 48 64 67 72 / 53 65 69 72 / 64 -53 -69 -72 / 55 62 67 71 <END> 
<S> 52 64 67 72 / 53 -64 -67 -72 / 55 62 67 71 / 53 59 62 67 / 52 60 67 / 53 60 65 69 / 62 65 -53 -69 / 64 71 -53 -65 / 51 58 65 72 / 53 69 -58 -65 / 52 55 67 70 / 50 59 65 -67 <END> 
<S> 53 60 65 69 / 62 -53 -65 -69 / 55 58 64 67 / 62 -55 -58 -67 / 55 57 60 65 / 53 59 62 67 / 52 60 67 / 53 59 62 65 / 57 60 -53 -65 / 55 59 62 / 67 -55 -59 -62 <END> 
<S> 55 58 62 70 / 60 64 -55 -70 / 53 62 65 72 / 55 58 -65 -72 / 57 60 65 -72 / 46 58 65 74 / 47 67 74 -58 / 48 60 64 67 / 50 58 65 70 / 52 60 -58 -70 / 53 57 60 69 / 55 58 67 70 / 53 60 65 -70 <END> 
<S> 48 60 67 75 / 55 59 67 74 / 55 59 67 74 / 60 67 75 / 58 62 70 77 / 56 -62 -70 -77 / 55 63 70 79 / 53 -63 -70 -79 / 51 63 70 79 / 58 -63 -70 -79 <END> 
<S> 60 63 69 75 / 62 65 70 -75 / 63 68 72 75 / 65 74 -68 -80 / 63 67 70 75 / 65 72 -67 -75 / 67 74 -72 / 59 67 74 77 / 60 67 72 75 <END> 
<S> 63 72 -51 -67 / 55 65 68 -72 / 63 67 70 / 62 65 -67 -70 / 60 63 67 -70 / 55 58 -64 -67 / 56 60 63 72 / 55 58 -63 -72 / 53 56 68 72 / 51 -53 -68 -72 <END> 
<S> 56 60 63 68 / 53 65 -63 -68 / 62 -53 -65 -68 / 63 -53 -58 -65 / 59 62 65 -55 / 51 60 63 / 79 -51 -60 -63 / 48 56 60 63 / 62 65 -56 -60 / 60 -56 -60 -65 / 55 62 67 -60 / 58 68 -55 -62 / 43 53 59 62 / 52 -43 -59 -62 <END> 
<S> 56 60 63 65 / 55 58 62 65 / 53 -58 -62 -65 / 51 55 60 67 / 50 58 62 -67 / 48 63 -55 -62 / 48 55 62 -63 / 60 -48 -55 -63 / 55 59 62 / 43 55 59 62 / 53 -43 -59 -62 <END> 
<S> 48 51 55 63 / 50 53 -55 -63 / 55 48 -53 -63 / 50 53 58 -60 / 51 58 67 / 50 53 59 -67 / 48 51 60 67 / 50 53 -60 -67 / 51 55 67 -60 / 53 60 -67 / 55 55 59 67 / 43 59 -55 -67 <END> 
<S> 51 55 67 / 50 53 59 -67 / 48 51 60 67 / 52 60 -48 / 53 56 60 68 / 51 55 60 67 <END> 
<S> 58 62 65 / 63 -58 -58 43 / 55 58 70 77 / 53 -58 -70 -77 / 51 58 67 79 / 63 -51 -58 -79 / 56 60 68 77 / 55 75 -60 -77 <END> 
<S> 46 62 65 -75 / 67 -46 -62 -77 / 48 60 67 75 / 53 -60 -67 -75 / 55 59 67 74 / 65 -55 -59 -74 / 56 60 63 72 / 55 -60 -63 -72 / 53 56 68 74 / 58 65 -68 -74 / 51 58 65 75 / 67 -51 -58 -75 <END> 
<S> 53 60 68 74 / 51 60 67 -74 / 44 59 65 68 / 45 60 -65 -68 / 46 62 65 70 / 67 -46 -62 -70 / 48 60 68 -67 / 53 59 65 68 / 51 60 63 -68 / 56 63 -60 -68 / 60 -56 -63 -70 / 55 62 65 70 / 53 63 -62 -70 / 51 58 65 68 / 53 -58 -65 -68 <END> 
<S> 56 60 63 65 / 55 58 -63 -65 / 53 56 60 65 / 58 -53 -60 -65 / 53 57 60 65 / 53 62 -53 -60 / 50 55 60 65 / 59 -50 -53 -65 / 48 60 63 / 55 59 62 67 / 53 60 65 / 59 -53 -53 -65 <END> 
<S> 55 62 63 / 60 -55 -62 -63 / 43 55 62 -62 / 59 -43 -55 -62 / 48 55 60 63 / 48 55 60 63 / 50 58 65 / 51 58 67 -65 / 63 -51 -58 -67 / 44 60 65 -63 / 46 58 62 -65 / 56 -46 -62 -65 / 39 55 58 63 <END> 
<S> 44 60 65 -63 / 46 58 62 -65 / 39 51 58 67 / 47 55 62 67 / 65 -47 -55 -62 / 48 55 60 63 / 58 -48 -55 -63 / 41 56 56 60 / 43 -53 -56 -60 / 44 -53 -56 -60 / 51 55 60 -44 / 41 53 -60 -60 / 51 55 59 -60 / 50 53 59 62 / 51 55 60 63 / 50 -55 -60 -63 <END> 
<S> 44 48 60 65 / 41 -60 -65 / 43 59 62 67 / 41 60 63 69 / 62 67 -41 -60 / 60 -53 -56 -67 / 55 62 67 -53 / 47 -55 -62 -67 / 48 55 60 63 / 58 -48 -55 -63 / 42 57 60 62 / 43 55 59 -62 / 53 -43 -59 -62 / 48 51 55 60 / 48 60 63 67 <END> 
<S> 55 59 62 -48 / 53 -55 -59 -62 / 48 51 60 -55 / 53 -48 -60 -63 / 44 48 60 -60 / 41 56 60 68 / 43 55 59 -60 / 44 53 60 -60 / 46 55 58 -60 / 44 53 60 -58 / 43 55 59 62 / 44 60 -55 -59 / 41 53 56 60 / 43 55 59 62 / 47 55 62 67 <END> 
<S> 44 51 56 60 / 53 -44 -56 -60 / 43 55 59 62 / 53 -43 -59 -62 / 36 51 55 60 / 48 51 55 60 / 46 -51 -55 -60 / 44 51 60 / -60 51 59 67 -56 / 55 58 -67 / 56 60 65 / 53 58 62 -65 / 63 -53 -58 -65 / 57 62 65 / 43 58 -62 -65 <END> 
<S> 44 51 60 65 / 59 -44 -51 -65 / 48 60 63 -65 / 46 62 -65 / 58 63 67 / 45 -58 -63 -67 / 46 58 62 65 / 46 62 -58 -65 / 51 58 63 67 / 55 58 63 67 / 56 60 63 68 / 56 65 -63 -56 <END> 
<S> 50 62 65 70 / 51 60 -65 -70 / 53 62 65 69 / 63 -53 -65 -69 / 46 62 65 70 / 51 63 67 70 / 53 63 -67 -70 / 51 65 72 / 50 71 -65 -72 / 51 67 72 75 / 53 -67 -72 -75 / 55 67 71 74 / 65 -55 -71 -74 <END> 
<S> 50 65 70 77 / 51 -65 -70 -77 / 53 65 72 -70 / 74 -53 -65 -70 / 48 67 72 -65 / 63 -48 -67 -72 / 46 62 65 74 / 47 67 -65 -74 / 48 67 72 75 / 53 -67 -72 -75 / 55 67 71 74 / 72 -55 -67 -74 / 51 63 67 72 / 56 65 68 -72 <END> 
<S> 48 67 72 75 / 60 67 72 75 / 69 -60 -72 -75 / 58 65 70 74 / 56 64 72 / 55 62 67 70 / 53 -62 -67 -70 / 51 60 67 72 / 55 -60 -67 -72 / 48 65 67 74 / 64 -48 -67 -74 / 71 -48 -64 -74 / 72 -55 -67 -75 / 74 -55 -67 -72 / 67 72 -55 -75 <END> 
<S> 48 60 67 75 / 55 67 74 -60 / 59 -55 -67 -74 / 51 58 67 75 / 60 -51 -67 -75 / 53 60 68 74 / 55 70 -60 -68 / 56 60 66 72 / 74 -60 -65 -68 / 60 67 75 / 58 -60 -67 -75 / 56 60 72 77 / 55 70 75 -60 <END> 
<S> 56 60 63 72 / 65 74 -56 -60 / 55 58 67 75 / 56 68 77 -75 / 58 62 70 -68 / 63 67 -58 -70 / 65 -55 -63 -70 / 56 63 72 / 55 70 -63 -72 / 53 65 68 74 / 67 75 -53 -60 / 53 62 -67 -75 / 55 63 72 -75 / 74 -55 -68 -72 / 56 60 71 77 / 65 -56 -60 -77 / 55 59 67 75 / 60 -55 -67 -75 <END> 
<S> 58 63 67 70 / 56 65 68 72 / 55 67 70 / 53 56 -67 -70 / 51 55 72 -67 / 50 65 -55 -72 / 48 60 67 75 / 53 60 65 68 / 56 59 65 74 / 55 60 67 75 / 53 60 68 77 / 62 -53 -68 -77 / 51 63 67 79 / 55 63 71 -79 <END> 
<S> 56 60 65 72 / 55 74 -60 -65 / 53 60 68 74 / 55 59 67 74 / 56 60 65 -74 / 48 55 64 72 / 53 57 65 74 / 59 -53 -56 -74 / 51 60 67 72 / 50 65 -60 -72 / 51 55 67 70 / 53 60 -67 -70 <END> 
<S> 53 57 63 72 / 62 -53 -57 -72 / 52 55 62 71 / 50 55 62 -71 / 48 55 63 72 / 50 62 65 71 / 51 60 67 -65 / 58 62 -51 -67 / 57 60 65 -51 / 50 58 65 / 46 50 58 -65 / 63 -46 -50 -58 / 44 56 60 65 <END> 
<S> 48 60 63 67 / 58 62 -48 -67 / 53 56 60 72 / 55 67 -60 -72 / 53 65 68 72 / 63 -53 -68 -72 / 61 65 68 44 / 60 63 -65 -68 / 59 65 67 / 60 64 -65 / 60 64 -48 -60 <END> 
<S> 44 60 65 72 / 63 -60 -72 / 62 65 70 -56 / 59 -56 -65 -70 / 53 65 68 72 / 63 -53 -68 -72 / 58 62 74 -68 / 67 -58 -62 -74 / 65 -58 -62 -74 / 56 63 67 72 / 55 65 74 -67 / 53 67 70 75 / 51 -67 -70 -75 <END> 
<S> 63 67 70 -51 / 62 65 -70 / 63 -62 -65 -70 / 58 65 70 75 / 46 -65 -70 -75 / 51 65 70 77 / 62 -51 -70 -77 / 48 63 72 79 / 55 67 71 -79 / 77 -55 -67 -71 / 65 -55 -71 -74 / 51 63 67 72 / 62 65 70 77 <END> 
<S> 55 67 72 75 / 53 -67 -72 -75 / 55 62 71 74 / 65 -55 -71 -74 / 48 63 67 72 / 51 58 67 79 / 60 69 -51 -79 / 58 70 77 -50 / 68 -58 -77 -77 / -77 70 -77 -77 / 75 70 -68 -77 / 75 -48 -70 -75 / 53 65 74 -72 / 71 -53 -65 -74 <END> 
<S> 58 62 77 -70 / 56 65 72 -77 / 58 70 74 77 / 67 72 75 -55 / 56 74 77 -72 / 59 67 74 -77 / 60 67 75 -74 / 72 -60 -67 -75 / 55 67 71 74 / 0 / 50 62 70 77 / 67 -62 -70 -77 <END> 
<S> 63 67 72 / 55 62 -67 -72 / 60 -55 -67 -72 / 53 62 -67 -72 / 60 64 -53 -67 / 62 65 -53 -60 / 52 60 67 -65 / 59 -52 -65 -67 / 60 64 -55 -67 / 41 60 68 -67 / 43 59 65 68 / 48 60 64 67 / 68 -48 -60 -64 / 43 58 63 70 / 65 -43 -58 -70 / <END> 
<S> 45 60 65 -63 / 47 55 62 67 / 48 55 60 63 / 48 55 60 63 / 46 58 62 65 / 56 -46 -62 -65 / 39 55 58 63 / 51 58 67 / 60 -51 -67 / 50 53 62 70 / 48 55 63 72 / 50 65 -55 -72 / 51 55 63 70 / 60 -51 -55 -70 <END> 
<S> 51 60 67 -51 / 50 53 -60 -67 / 51 55 67 / 53 59 65 74 / 51 63 67 72 / 42 62 63 69 / 43 -58 -63 -69 / 45 60 65 -63 / 47 55 62 -65 / 48 55 60 63 / 44 56 60 65 / 41 62 -56 -60 / 43 55 59 -62 / 53 -43 -59 -62 <END> 
<S> 44 48 60 63 / 55 -44 -60 -63 / 41 55 60 62 / 43 53 59 -60 / 62 -43 -53 -59 / 51 -43 -59 -62 / 44 51 60 / 43 59 62 -51 / 48 55 60 63 / 46 -55 -60 -63 / 44 56 60 63 / 43 -56 -60 -63 <END> 
<S> 43 51 60 -60 / 53 -43 -60 -60 / 59 -43 -53 -62 / 41 -53 -59 -62 / 39 51 60 / 41 50 -60 -60 / 48 51 55 60 / 47 50 62 67 / 48 51 60 67 / 50 53 -60 -67 / 51 55 60 67 / 53 -60 -67 / 55 59 67 74 / 53 -59 -67 -74 / 51 60 67 -67 / 50 65 -60 -67 <END> 
<S> 48 51 60 68 / 50 53 58 -68 / 51 67 -58 / 57 -51 -67 -79 / 44 60 63 72 / 46 65 -60 -63 / 39 58 67 -65 / 63 -46 -58 -67 / 46 58 62 65 / 56 -46 -62 -65 / 47 55 62 67 / 45 60 -55 -67 / 43 50 55 67 / 47 62 65 -50 / 48 51 55 67 / 46 -51 -55 -67 <END> 
<S> 43 58 62 65 / 55 -58 -62 -65 / 60 54 63 -62 / 60 -48 -63 -63 / 55 58 62 -48 / 51 55 -58 / 53 57 60 65 / 55 59 62 / 56 60 -55 -62 / 53 62 -56 -60 / 50 55 59 -62 / 53 -43 -59 -62 / 36 51 55 60 / 48 55 63 72 / 50 -55 65 -72 <END> 
<S> 55 60 62 67 / 59 -55 -62 -67 / 53 57 -62 -67 / 58 62 -53 -69 / 50 60 65 / 53 62 -50 -65 / 60 63 -53 -69 / 46 62 65 68 / 51 63 67 / 50 62 65 -67 / 48 63 67 / 55 59 62 67 / 53 -59 -62 -67 / 51 55 60 72 / 50 -60 -63 -72 48 51 58 63 68 / 67 -51 -58 -63 / 72 -51 -58 -63 <END> 
