<S> 43 59 62 71 / 64 -43 -59 -71 / 45 60 65 69 / 64 -45 -60 -69 / 47 62 67 / 55 -47 -62 -67 / 48 55 60 65 / 64 -48 -55 -60 / 41 55 60 69 / 43 -55 -60 -69 / 45 53 60 69 / 47 -53 -60 -69 / 48 52 60 67 / 45 52 64 72 / 54 63 -45 -72 <END> 
<S> 41 55 60 69 / 53 -55 -60 -69 / 43 59 62 67 / 48 52 60 67 / 47 62 67 / 52 55 64 71 / 50 55 59 62 / 48 55 60 64 / 58 -48 -55 -64 / 41 57 -55 -64 / 43 55 62 71 / 53 -43 -62 -70 <END> 
<S> 47 55 62 67 / 48 55 60 64 / 50 65 -55 -60 / 48 60 64 67 / 47 55 62 -67 / 45 57 60 69 / 43 59 62 -69 / 45 60 64 67 / 47 62 -64 -67 / 48 57 64 69 / 55 59 -64 -69 / 54 60 69 -64 / 52 59 62 -69 / 64 -43 -59 -71 / 45 60 65 69 / 47 62 -65 -69 <END> 
<S> 45 57 60 65 / 47 50 -57 -65 / 48 55 57 64 / 41 53 60 -57 / 41 53 -57 -60 / 59 -41 -53 / 50 55 60 62 / 43 55 59 62 / 43 55 59 62 / 48 55 60 64 / 47 -55 -60 -64 / 45 57 60 64 / 43 -57 -60 -64 <END> 
<S> 47 55 62 67 / 45 60 -55 -67 / 43 55 59 62 / 47 62 -55 -62 / 48 55 60 64 / 48 52 60 67 / 55 -48 -60 -67 / 42 57 60 72 / 62 66 -57 -72 / 43 62 67 71 / 50 62 69 -67 / 45 60 64 69 / 47 62 71 -69 / 45 57 69 72 / 71 -45 -57 -72 <END> 
<S> 47 55 62 67 / 48 -55 -62 -67 / 47 62 -55 -67 / 45 60 64 69 / 47 59 62 -69 / 48 57 64 69 / 50 59 62 71 / 52 55 64 72 / 54 57 -64 -72 / 55 59 62 71 / 67 -55 -59 -71 / 60 69 -55 -67 / 52 66 -60 -69 / 59 59 67 68 / 55 -59 -67 -76 <END> 
<S> 40 59 64 71 / 62 -55 -59 -71 / 45 57 64 72 / 62 65 69 -57 / 52 64 67 / 53 62 65 69 / 64 -53 -65 -69 / 55 62 67 70 / 52 60 67 -70 / 53 60 65 69 / 52 -60 -65 -69 / 50 62 71 -65 / 48 55 64 72 / 60 64 67 -72 <END> 
<S> 55 58 62 70 / 60 64 -55 -70 / 53 60 65 69 / 55 59 67 -65 / 60 64 -55 -67 / 43 62 65 -60 / 59 -43 -43 -62 / 48 52 55 64 / 47 55 62 67 / 45 57 60 69 / 50 59 62 / -69 / 52 60 64 67 / 50 62 65 69 / 48 64 -62 -69 <END> 
<S> 48 57 60 69 / 55 59 71 / 74 -55 -59 -71 / 52 60 64 72 / 48 64 -60 -72 / 47 62 65 -72 / 48 64 69 -72 / 55 62 71 -69 / 64 -55 -71 -71 / 54 62 69 72 / 52 62 71 -69 / 50 -62 -71 -74 / 52 67 72 76 / 50 -67 -72 -76 / 52 67 72 76 / 53 -67 -72 -76 <END> 
<S> 55 62 70 / 52 64 67 -70 / 50 62 65 69 / 60 -50 -65 -69 / 59 62 65 67 / 52 60 64 -67 / 53 60 62 65 / 64 -53 -60 / / 55 60 62 / 53 -55 -60 -62 / 43 55 59 -62 / 53 -43 -59 -62 / 36 52 55 60 / 0 <END> 
<S> 55 60 62 / 64 -55 -60 -62 / 43 59 62 -55 / 53 -43 -59 -62 / 36 52 55 60 / 48 52 60 67 / 46 53 62 65 / 45 -53 -62 -65 / 47 55 62 67 / 48 -55 -62 -67 / 48 55 60 69 / 43 59 62 67 / 48 55 60 64 <END> 
<S> 50 53 65 -60 / 59 -50 -53 -65 / 48 55 60 64 / 53 57 60 62 / 43 55 59 62 / 55 -43 -59 -62 / 48 52 55 60 / 48 52 60 67 / 53 60 69 / 62 -53 -69 / 64 67 -53 -57 / 50 62 66 38 39 43 59 67 <END> 
<S> 48 55 60 64 / 50 -55 -60 -64 / 52 55 60 67 / 50 -55 -60 -67 / 48 55 62 65 / 47 -55 -62 -65 / 48 55 60 64 / 48 55 60 64 / 47 55 62 65 / 48 55 64 -65 / 50 65 -55 -60 / 52 55 60 / -69 -55 -60 -64 <END> 
<S> 48 55 60 64 / 50 53 58 65 / 48 64 -53 -65 / 47 55 62 67 / 43 55 62 71 / 64 -43 -55 -71 / 45 60 65 -55 / 47 55 62 -65 / 48 55 60 64 / 55 59 62 -48 / 53 -55 -59 -62 / 48 52 60 64 / 50 55 62 -60 / 52 55 60 64 / 53 -55 -60 -64 <END> 
<S> 48 55 60 64 / 55 59 62 / -55 -59 / 53 57 62 -60 / 52 59 60 65 / 50 53 -60 -65 / 52 55 59 / -65 -52 -55 -59 / 48 67 55 -59 / 48 52 55 67 / 47 62 -52 -67 / 45 57 60 65 / 47 55 62 -65 / 48 55 64 / 47 50 62 71 <END> 
<S> 48 55 60 64 / 49 52 58 67 / 50 -52 -60 -67 / 51 55 60 69 / 59 -50 -55 -65 / 52 55 60 64 / 50 65 -55 -60 / 55 59 -50 -65 / 48 55 60 64 / 60 -48 -60 -64 / 41 57 62 -60 / 50 53 59 -62 / 57 -50 -53 -62 / 55 59 62 / 43 53 -59 -62 <END> 
<S> 50 55 62 65 / 59 -50 -55 -65 / 43 55 60 64 / 59 62 -55 -55 / 57 -55 -59 / 55 59 62 / 55 59 64 67 / 53 60 65 69 / 52 55 -60 -65 / 50 57 62 65 / 50 62 -57 -65 / 52 55 59 67 / 60 -52 -55 -67 / 43 55 62 -60 / 59 -43 -55 -62 / 44 52 60 64 / 43 -52 -60 -64 / 41 57 60 62 / 38 -57 -60 -62 / 43 55 59 -62 / 53 -43 -59 -62 <END> 
<S> 50 57 62 65 / 59 -50 -62 -65 / 52 55 60 64 72 / 54 57 62 74 / 55 59 62 71 / 67 55 -59 -71 / 57 60 69 72 / 66 -57 -60 -72 / 59 62 67 74 / 60 64 67 76 / 62 66 74 -48 / 64 61 69 76 / 59 62 69 74 / 67 -59 -62 -74 <END> 
<S> 57 64 69 72 / 59 62 67 74 / 60 76 -67 / 57 66 72 76 / 55 67 71 74 / 53 -67 -71 -74 / 52 67 71 79 / 50 -67 -71 -79 / 52 67 72 79 / 53 69 77 -72 / 55 67 71 76 <END> 
<S> 52 67 72 / 50 62 67 74 / 48 67 76 / 50 65 -67 -76 / 52 67 72 / 54 62 69 -72 / 55 62 67 71 / 52 55 67 72 / 50 74 -55 -67 / 52 60 67 / 65 -52 -60 -67 / 52 60 67 72 / 58 74 -60 -67 / 53 57 69 72 <END> 
<S> 55 64 69 72 / 54 62 -69 -72 / 55 62 67 71 / 53 59 62 67 / 52 60 67 72 / 50 65 69 74 / 71 -50 -65 -74 / 48 67 72 76 / 52 -67 -72 -76 / 53 69 74 -72 / 50 -69 -72 -74 / 55 62 71 -74 / 67 -55 -71 -74 / 65 -55 -71 -74 / 48 64 67 72 / 60 66 69 74 <END> 
<S> 52 67 72 / 48 64 -67 -72 / 55 62 67 71 / 69 -55 -62 / 38 66 69 74 / 62 66 69 / 60 64 67 71 / 59 62 -64 -67 / 64 69 -59 -64 / 55 59 -64 -69 / 54 57 62 74 / 52 55 64 72 / 54 57 62 -72 / 55 62 71 <END> 
<S> 62 71 -67 / 66 69 -62 / 62 -51 -66 -69 / 52 60 64 71 / 50 62 65 69 / 48 60 64 67 / 59 -48 -64 -67 / 50 57 66 -64 / 62 -50 -57 -66 / 55 60 62 / 43 59 -55 -62 / 53 -43 -59 -62 / 48 52 55 60 <END> 
<S> 47 62 67 / 43 60 -67 -67 / 50 62 65 69 / 59 -50 -65 -69 / 52 60 64 -69 / 67 -52 -64 -64 / 50 57 62 65 / 59 62 -50 -65 / 48 55 60 64 / 47 -55 -60 -64 / 45 57 60 64 / 43 -57 -60 -64 / 41 57 60 / 62 -41 -57 -60 / 64 -41 -57 -60 / 65 46 65 -59 / 41 57 -65 -65 <END> 
<S> 48 57 64 67 / 59 -57 -64 -67 / 50 60 66 -64 / 62 -50 -57 -66 / 52 59 67 / 53 -43 -59 -67 / 48 52 60 67 / 49 52 -60 -67 / 52 52 60 67 / 55 -52 -60 -67 / 53 57 60 69 / 59 62 -53 -69 / 48 60 64 67 / 47 -60 -64 -67 / 45 52 64 72 / 48 52 -64 -72 <END> 
<S> 50 53 60 67 / 52 60 67 -53 / 53 60 69 -53 / 52 -53 -60 -69 / 42 62 -53 -69 / 45 -53 -62 -69 / 50 59 65 67 / 48 64 -59 -67 / 50 57 65 69 / 55 62 67 71 / 53 60 69 72 / 52 64 67 71 / 54 -64 -64 -67 / 45 55 64 71 / 62 -52 -55 -71 <END> 
<S> 52 64 67 72 / 54 62 69 -72 / 55 62 71 -69 / 67 -55 -62 -71 / 50 62 69 -67 / 66 -50 -62 -69 / 60 -50 -66 -69 / 43 59 62 67 / 47 55 62 67 / 48 55 64 -62 / 60 -48 -55 -64 / 41 57 60 62 / 50 -41 -60 -62 / 43 55 59 -62 / 53 -43 -59 -62 <END> 
<S> 48 55 64 69 / 49 55 64 71 / 52 54 57 69 72 / 59 62 67 / 57 60 64 -67 / 59 62 65 / 57 60 64 / 55 59 62 / 53 55 60 64 / 52 -55 -60 -64 / 53 57 60 / 52 55 59 67 <END> 
<S> 50 57 66 74 / 52 55 59 67 / 54 -52 -59 -67 / 52 59 67 -59 / 50 60 -59 -67 / 59 -47 -67 / 57 72 65 74 / 59 74 -65 -74 / 75 -53 -68 -74 / 52 67 72 76 / 54 69 -72 -76 / 55 67 70 74 / 64 -55 -70 -74 / 56 66 69 72 / 67 -57 -64 -72 <END> 
<S> 60 67 72 76 / 62 -67 -72 -76 / 60 64 71 79 / 57 60 72 77 / 59 62 -72 -77 / 60 64 72 76 / 65 -60 -72 -76 / 55 67 71 74 / 55 67 71 74 / 60 67 72 76 / 59 -67 -72 -76 / 57 60 72 77 / 62 -57 -72 -77 / 52 64 72 79 / 60 -72 -52 -79 <END> 
<S> 60 67 72 76 / 65 74 -60 -72 / 60 64 76 -72 / 62 71 77 -60 / 57 60 69 76 / 59 64 -69 -76 / 57 60 69 77 / 59 62 -69 -77 / 60 64 67 76 / 62 65 71 -76 / 64 67 72 / 57 66 69 74 / 55 59 67 74 / 52 59 68 76 / 54 -59 -59 -74 <END> 
<S> 57 60 69 77 / 59 62 -69 -77 / 60 64 67 76 / 53 60 69 -76 / 55 67 71 74 / 72 -55 -67 -71 / 74 -55 -67 -71 / 53 65 69 72 / 47 -65 -69 -72 / 48 60 64 69 / 45 60 64 67 / 47 -60 -64 -67 / 49 57 64 69 / 45 -57 -64 -69 / 47 62 65 71 <END> 
<S> 49 64 67 69 / 50 -64 -67 -69 / 52 62 67 71 / 61 -52 -67 -71 / 53 57 65 69 / 62 65 -53 -69 / 64 -53 -69 -72 / 46 62 65 70 / 48 64 69 72 / 48 64 69 72 / 50 65 71 74 <END> 
<S> 50 60 65 74 / 62 66 -50 -74 / 52 67 72 / 54 57 69 -72 / 55 59 67 71 / 60 66 69 -55 / 62 -55 -67 -71 / 43 60 64 72 / 62 -43 -55 -72 / 48 60 64 67 / 69 -48 -60 -64 / 50 62 65 71 / 69 -50 -62 -65 / 51 60 67 71 / 50 -60 -67 -71 / 52 55 67 72 / 53 57 62 -72 <END> 
<S> 48 62 64 69 / 60 -48 -64 -69 / 50 62 71 -69 / 52 60 67 72 / 54 69 -60 -72 / 55 59 67 71 / 62 74 -53 -67 / 52 60 67 -51 / 50 53 -60 -67 / 48 55 60 67 / 59 -48 -55 -67 / 45 57 60 65 / 47 62 -57 -65 / 48 55 64 -62 / 60 -48 -55 -64 / 43 55 60 62 <END> 
<S> 48 55 60 64 / 50 65 -55 -60 / 52 55 60 67 / 50 59 -55 -67 / 52 55 60 67 / 59 -55 -52 -67 / 55 -52 -60 -67 / 53 62 65 69 / 47 -62 -65 -69 / 48 60 64 67 / 58 -48 -64 -67 / 53 56 60 65 / 0 / 55 59 67 <END> 
<S> 50 57 65 69 / 47 62 -57 -69 / 45 57 61 64 / 44 53 59 62 / 40 55 60 64 / 40 -55 -60 -64 / 41 57 60 62 / 38 -57 -60 -62 / 43 55 59 -62 / 53 -43 -59 -62 / 36 52 55 60 <END> 
<S> 41 57 62 -60 / 38 53 59 -62 / 57 -41 -53 -62 / 43 50 59 -62 / 36 52 57 60 / 47 50 55 62 / 45 48 55 60 / 47 50 55 67 / 40 -50 -55 -59 / 40 48 55 60 / 41 62 -48 -55 / 40 55 60 64 / 43 55 59 62 / 55 -43 -59 -62 <END> 
<S> 36 48 55 64 / 46 55 62 -48 / 45 52 -55 -64 / 43 -52 55 59 / 48 52 57 67 / 45 52 72 / / 53 -45 -72 -72 / 47 50 71 74 / 48 52 55 72 / 47 55 67 74 / 45 60 -55 -67 / 43 55 62 71 / 59 -43 -55 -71 / 45 48 57 65 / 47 50 55 -65 / 48 52 55 64 / 60 -48 -55 -64 <END> 
<S> 45 52 64 72 / 55 -45 -72 -72 / 47 55 62 71 / 48 69 -55 -62 / 48 55 64 69 / 45 -55 -64 -69 / 50 54 62 -69 / 43 59 62 67 / 48 55 60 64 <END> 
<S> 50 57 62 69 / 55 67 -62 / 51 60 -55 -67 / 53 59 62 67 / 52 60 64 -67 / 50 57 65 -60 / 55 59 -50 -65 / 45 53 60 / / 48 55 60 63 <END> 
<S> 56 60 62 / 55 60 65 -56 / 53 62 -65 -70 / 51 63 67 70 / 62 -51 -67 -70 / 56 60 65 72 / 55 67 -60 -72 / 53 60 68 74 / 55 59 67 -74 / 65 -55 -67 -74 <END> 
<S> 46 58 65 74 / 56 60 65 77 / 55 67 -60 -77 / 53 60 68 77 / 55 75 -60 -68 / 53 65 70 74 / 50 -65 -70 -74 / 51 63 70 79 / 50 -70 -79 -79 / 48 72 80 79 / 55 -72 -75 -79 <END> 
<S> 55 62 70 75 / 53 -55 -62 -70 / 51 55 67 72 / 50 74 -55 -67 / 48 60 67 75 / 51 -60 -67 -75 / 53 60 68 74 / 50 -60 -68 -74 / 55 59 67 74 / 65 -55 -59 -74 / 48 55 63 72 <END> 
<S> 55 59 67 75 / 53 -55 -67 -75 / 51 60 67 75 / 53 -60 -67 -75 / 55 60 67 74 / 72 -55 -60 -67 / 43 59 67 74 / 65 -43 -59 -74 / 48 60 63 72 / 60 67 75 / 58 -60 -67 -75 <END> 
<S> 48 60 63 75 / 60 67 72 75 / 55 63 70 75 53 56 65 68 72 / 53 74 -65 -68 / 60 63 67 75 / 58 62 -67 -75 / 56 60 72 77 / 55 75 -60 -72 <END> 
<S> 56 60 63 72 / 65 -56 -60 -72 / 55 62 67 71 / 53 -62 -67 -71 / 51 63 72 -67 / 50 69 -63 -72 / 48 62 67 72 / 48 60 67 75 / 55 59 67 74 / 72 -55 -59 -67 <END> 
<S> 48 63 67 72 / 60 -48 -67 -72 / 55 59 67 74 / 55 59 67 74 / 60 67 75 / 58 -60 -67 -75 / 53 60 68 75 / 55 67 70 -75 / 56 65 72 77 / 58 -56 -72 -77 / 60 70 79 / 55 -60 -70 -79 <END> 
<S> 60 67 75 / 58 -60 -67 -75 / 56 68 72 75 / 55 70 -68 -75 / 53 65 70 74 / 53 -65 -70 -74 / 68 -53 -70 -74 / 55 70 75 / 57 -55 -70 -75 / 58 62 65 74 / 56 67 -65 -74 / 55 63 67 72 / 53 65 68 -72 <END> 
<S> 53 60 68 -67 / 65 -53 -60 -68 / 48 60 65 67 / 64 -60 -65 / 53 60 65 68 / 62 -53 -65 -68 / 55 58 63 67 / 69 -55 -63 46 / 58 65 70 74 / 67 -58 -65 -74 / 68 -58 -65 -74 / 63 70 79 -65 / 63 68 72 79 <END> 
<S> 53 65 68 74 / 63 -53 -68 -74 / 62 65 70 -74 / 67 72 -62 -65 / 63 68 74 -72 / 59 62 67 -74 / 60 67 75 / 58 -60 -67 -75 / 56 60 72 77 / 55 75 -60 -72 / 53 72 74 -72 / 55 67 71 -74 / 65 -55 -71 -74 <END> 
<S> 56 60 65 77 / 67 -56 -60 -77 / 55 62 67 74 / 53 59 -62 -74 / 51 63 67 72 / 50 65 -63 -72 / 48 62 67 -65 / 60 64 -48 -67 / 55 59 62 67 <END> 
<S> 46 62 65 70 / 64 -50 -65 -70 / 48 58 65 / 63 67 -55 -60 / 46 62 65 70 / 51 63 67 70 / 50 63 -67 -70 / 48 63 67 72 / 56 62 65 -72 / 60 -56 -65 -72 / 55 59 67 74 / 60 63 67 / 65 68 -60 <END> 
<S> 51 63 67 72 / 60 -51 -67 -72 / 53 65 68 -72 / 63 -53 -68 -72 / 62 -53 -68 -72 / 60 63 67 -53 / 58 62 -53 -67 / 56 60 65 72 / 63 -56 -60 -72 / 58 65 70 74 / 53 -65 -70 -74 / 55 67 70 75 / 56 60 -70 -75 / 58 62 68 74 / 63 67 -58 -74 / 65 65 -70 -74 / 63 67 70 79 / 62 65 -70 -79 <END> 
<S> 58 65 70 / 64 -58 -70 -74 / 55 70 73 -70 / 56 60 68 74 / 58 70 75 / 51 70 -58 -75 / 50 65 -58 -75 / 74 -50 -65 -68 / 48 63 70 79 / 72 -63 -79 / 58 65 74 -72 / 67 70 -58 -65 / 63 69 -58 -72 / 46 62 70 77 / 51 63 70 79 / 62 77 -51 -70 / 56 60 72 75 / 55 70 -60 -75 <END> 
<S> 51 67 70 75 / 53 65 69 -75 / 51 63 70 79 / 46 -63 -70 -79 / 44 63 72 77 / 70 -63 -57 -77 / 53 68 77 -77 / 75 -53 -68 -77 / 46 62 70 77 / 46 62 70 -77 / 48 63 67 79 / 72 -48 -63 -79 / 53 65 74 -72 / 50 65 71 -74 / 51 63 67 72 / 53 69 -63 -72 / 55 62 67 71 <END> 
<S> 55 67 70 75 / 53 -67 -70 -75 / 51 65 70 77 / 50 -65 -70 -77 / 51 63 70 79 / 72 -51 -63 -79 / 50 62 77 -72 / 68 -50 -62 -77 / 48 63 67 72 / 69 -48 -63 -72 / 50 65 70 74 / 51 -65 -70 -74 / 53 65 69 72 / 71 74 -53 -65 / 60 67 72 75 / 58 -67 -72 -75 / 56 60 72 77 / 55 67 75 -60 <END> 
<S> 50 65 70 72 / 68 -50 -65 -72 / 48 63 67 72 / 41 57 65 -72 / 46 53 62 70 <END> 
<S> 53 57 65 72 / 60 -53 -65 -72 / 46 62 65 70 / 48 63 69 75 / 50 65 70 74 <END> 
<S> 53 60 68 77 / 55 75 -60 -68 / 56 65 70 -74 / 55 63 -70 -74 / 53 65 68 72 / 51 67 -65 -72 <END> 
<S> 53 68 72 74 / 55 62 71 -74 / 56 60 72 / 58 64 74 -72 / 45 65 72 75 / 58 65 70 74 / 56 -65 -70 -74 <END> 
<S> 57 60 65 72 / 55 -60 -65 -72 / 53 -60 68 72 / 55 59 67 -72 / 65 -55 -67 -74 / 60 63 67 72 / 62 -60 -67 -72 / 54 60 69 74 / 55 62 71 74 / 54 63 72 -71 / 62 -54 -72 -72 <END> 
<S> 54 62 69 72 / 55 62 67 71 / 60 64 67 72 / 58 -64 -67 -72 / 57 66 74 -72 / 59 62 67 74 / 60 63 67 75 / 58 62 -67 -75 / 56 60 72 77 / 55 70 -60 -77 / 53 65 68 72 / 74 -53 -65 -68 / 55 63 67 75 / 57 65 -67 -75 / 58 67 74 / 55 -58 -67 -74 <END> 
<S> 60 67 75 / 58 62 -67 -75 / 56 63 72 / 55 -63 -72 / 53 68 72 74 / 50 65 -72 -74 / 55 62 71 -74 / 65 -55 -71 -74 / 48 63 67 72 / 60 63 67 72 <END> 
<S> 53 68 74 / / -53 -68 -74 / 54 69 74 -72 / 55 59 -74 -74 / 63 -55 -59 -74 / 72 -55 -59 -63 / 55 62 71 -67 / 48 63 67 72 / 60 63 67 72 <END> 
<S> 55 59 67 75 / 60 -55 -67 -75 / 55 62 67 74 / 53 -62 -67 -74 / 51 60 67 -67 / 66 74 -60 -67 / 59 -62 -67 / 60 63 67 -47 / 62 69 -60 -67 / 55 63 71 79 / 62 -55 -71 -79 <END> 
