<S> 52 55 60 67 / 53 60 69 / 52 55 60 67 / 50 59 -55 -67 / 57 -50 -55 -67 / 43 55 59 65 / 64 -43 -55 -59 / 48 55 60 64 / 0 / 48 55 64 67 <END> 
<S> 48 55 60 64 / 0 / 48 55 64 67 / 69 -48 -55 -64 / 50 54 62 69 / 60 -50 -66 -69 / 43 59 62 67 / 48 60 64 67 / 47 55 62 67 / 53 -47 -62 -67 <END> 
<S> 47 55 62 71 / 48 55 64 69 / 50 62 65 71 / 52 64 -50 -71 / 54 69 -50 -64 -72 / 55 62 67 71 / 52 67 -55 -71 / 50 69 -55 -67 / 48 64 67 72 / 50 62 66 69 / 60 -50 -66 -69 <END> 
<S> 54 57 62 74 / 72 -54 -57 -62 / 55 62 71 -57 / 54 -55 -62 -71 / 52 55 60 72 / 48 64 71 -55 / 54 62 69 / 50 60 66 71 / 59 62 67 -50 / 52 60 67 72 / 59 62 67 74 / 52 67 -59 -74 / 57 60 69 77 / 59 62 -69 -77 <END> 
<S> 52 55 67 72 / 50 62 71 -55 / 48 55 64 72 / 50 65 -55 -72 / 52 60 64 67 / 48 -60 -64 -67 / 53 60 65 69 / 50 -60 -65 -69 / 52 59 67 / / 60 64 67 / 55 62 67 72 / 69 -55 -62 -72 / 55 62 71 74 / 67 -55 -62 -74 <END> 
<S> 50 60 65 69 / 52 -60 -65 -69 / 53 60 69 -69 / 59 62 67 74 / 60 64 67 76 / 65 -60 -67 -76 / 67 -60 -60 -67 / 58 60 65 74 / 64 -58 -74 / 57 60 65 72 / 74 -57 -60 -65 / 55 59 67 76 / 53 -59 -67 -76 / 52 60 67 72 / 53 69 -60 -72 / 52 65 71 74 / 50 -65 -71 -74 <END> 
<S> 60 67 76 / 53 -60 -67 -76 / 55 67 74 -60 / 59 -55 -67 -74 / 48 64 67 72 / 60 64 67 72 / 54 62 69 74 / 55 62 67 70 / 62 66 69 / 60 -62 -66 -69 / 59 62 67 71 / 57 -62 -67 -71 <END> 
<S> 52 60 67 72 / 53 69 -60 -72 / 52 65 71 74 / 50 -65 -71 -74 / 48 67 72 76 / 60 -67 -72 -76 / 69 74 77 -60 / 59 67 -74 -77 / 60 67 76 -74 / 72 -60 -67 -76 / 55 67 71 74 <END> 
<S> 59 67 74 / 57 66 72 -74 / 55 59 67 74 / 60 66 -55 -74 / 59 62 67 74 / 64 -59 -67 -74 / 60 67 76 / 62 77 -60 -67 / 64 79 -67 / 57 66 72 -79 / 55 71 74 77 / 62 71 -74 -77 <END> 
<S> 60 64 67 79 / 62 -60 -67 -79 / 60 76 -60 -67 / 59 67 74 57 / 60 77 -67 -74 / 62 67 71 76 / 66 69 74 -76 / 62 71 74 57 / 72 -62 -66 -81 / 55 62 71 79 / 64 67 72 / 54 62 69 72 / 60 67 -54 -69 <END> 
<S> 59 67 74 79 / 60 67 72 76 / 62 78 -72 -76 / 64 71 78 -81 / 72 -64 -78 -79 / 64 71 74 83 / 72 -62 -76 -81 / 59 67 74 79 / 60 76 -67 / 59 62 67 79 / 57 60 77 -67 <END> 
<S> 64 67 72 79 / 65 74 81 -67 / 64 67 76 -81 / 62 65 -76 81 / 64 67 74 79 / 65 74 81 / 64 67 -74 -81 / 62 74 79 -67 / 57 60 69 77 / 55 59 71 76 / 60 -55 -59 -76 <END> 
<S> 59 67 74 79 / 60 76 -67 -79 / 62 65 79 81 / 71 -62 -81 -81 / 64 71 79 -81 / 65 74 83 -81 / 67 74 83 83 / 74 -67 -74 -83 / 60 67 76 83 / 59 76 -76 -67 / 52 68 -76 -76 / 57 74 77 <END> 
<S> 59 62 74 79 / 77 -59 -62 -74 / 60 76 67 76 / 71 -60 -67 -76 / 56 65 72 77 / 55 74 -65 -72 / 53 76 70 72 / 55 65 -70 -76 / 53 65 69 81 / 71 -53 -65 -81 / 60 64 72 79 / 62 69 -72 -79 / 64 71 79 <END> 
<S> 55 70 79 -65 / 64 -55 -70 -79 / 53 65 69 81 / 71 -53 -65 -81 / 60 67 72 76 / 77 -60 -67 -72 / 61 67 79 79 / 76 -67 -79 -79 / 57 69 72 77 / 50 65 74 -77 / 70 76 -50 -65 / 52 67 72 -76 / 53 69 74 81 / 55 67 71 76 <END> 
<S> 50 69 77 -65 / 52 -69 -72 -77 / 53 69 74 77 / 55 -69 -72 -74 / 53 69 72 76 / 62 -53 -72 -81 / 55 60 72 76 / 59 74 -55 -72 / 57 69 -55 -74 / 72 -55 -60 -64 / 55 59 62 67 / 53 -59 -62 -67 / 52 55 60 67 / 50 65 -55 -60 / 48 55 60 64 / 46 -55 -60 -64 <END> 
<S> 55 62 69 74 / 60 64 -55 -74 / 72 -55 -60 -64 / 55 59 67 74 / 48 60 67 76 / 62 -48 -67 -76 / 50 60 69 77 / 62 -50 -60 -77 / 55 67 70 76 / 57 74 -67 -70 / 59 61 69 -74 / 52 -61 -69 -74 / 54 57 69 72 / 55 64 -69 -72 / 54 62 69 71 / 50 -62 -66 -69 <END> 
<S> 52 60 67 72 / 50 65 69 74 / 71 -50 -65 -74 / 48 67 72 76 / 60 74 77 -48 / 76 79 -48 -60 / 53 59 74 77 / 60 72 76 -53 / 55 67 71 74 / 56 64 71 76 <END> 
<S> 56 60 72 77 / 62 71 79 -77 / 72 77 -48 -65 / 47 -65 74 79 / 48 67 72 75 / 65 74 -48 -72 / 64 67 72 -48 / 47 62 67 74 / 65 -47 -74 -77 / 48 67 76 79 / 50 77 -67 -76 / 52 67 72 76 / 53 -67 -72 -76 <END> 
<S> 58 65 74 / 57 72 -65 -74 / 55 67 70 76 / 53 69 77 / 62 -53 -69 -77 / 48 67 72 76 / 55 -67 -72 -76 / 57 65 72 -72 / 62 74 -65 -72 / 64 71 -62 -74 / 69 -64 -72 / 64 69 71 / 77 -64 -69 / 67 71 74 / 65 72 -59 -74 <END> 
<S> 57 65 72 / 64 -57 -72 / 69 -57 -64 -72 / 66 74 -57 / 55 59 67 -74 / 53 67 68 72 / 52 -67 -68 -72 / 50 67 69 74 / 71 -50 -67 -74 / 48 67 72 76 / 50 -67 -72 -76 / 52 -67 -72 -76 / 53 74 -60 -72 / 55 59 67 -74 / 74 -55 -59 -67 / 48 64 67 72 <END> 
<S> 52 67 72 / 50 65 69 74 / 71 -50 -65 -74 / 48 67 72 76 / 50 77 -72 -76 / 52 67 72 79 / 53 74 77 -72 / 55 67 71 74 / 65 69 72 -76 / 60 64 69 -72 / 64 71 -69 -76 / 68 -64 -71 -76 <END> 
<S> 48 64 72 79 / 72 -48 -64 -79 / 53 67 72 76 / 52 -67 -72 -76 / 50 65 77 -72 / 71 -50 -65 -77 / 52 67 72 76 / 53 -67 -72 -76 / 55 67 74 -72 / 71 -55 -67 -74 / 57 69 72 77 / 59 62 74 -77 <END> 
<S> 53 60 69 72 / 62 -53 -69 -72 / 48 64 67 72 / 53 65 69 72 / 55 62 67 71 / 64 -55 -62 -71 / 54 60 69 72 / 55 62 71 -69 / 64 -55 -69 -71 / 50 62 66 69 / 60 -50 -66 -69 / 55 59 62 67 / 60 64 67 72 / 57 60 65 72 / 59 62 67 74 / 60 67 76 / 62 77 -60 -67 <END> 
<S> 54 62 69 72 / 55 62 67 71 / 60 64 67 / 58 62 -64 -67 / 57 60 64 -67 / 65 -57 -60 / 52 60 67 -65 / 50 -60 -65 -67 / 55 59 62 67 / 52 65 -59 -74 / 53 -59 -59 -67 / 48 60 64 67 / 48 60 64 67 <END> 
<S> 55 60 67 76 / 57 60 65 / / 58 64 67 74 / 65 -58 -67 -74 / 55 60 67 72 / 53 -55 -60 -72 / 55 60 65 74 / 59 -55 -65 -74 / 48 60 64 72 / 48 60 64 67 / 59 62 67 74 / 57 60 69 -74 <END> 
<S> 55 60 64 74 / 43 59 65 74 / 45 72 -59 -74 / 47 55 67 74 / 48 64 67 72 / 60 67 76 / 59 -60 -67 -76 / 57 60 69 77 / 55 71 76 -77 / 57 69 72 77 / 74 -57 -69 -77 / 59 67 74 79 / 65 71 -74 -79 / 64 67 72 81 / 62 74 -67 -67 <END> 
<S> 57 64 72 76 / 55 -64 -72 -76 / 53 65 72 81 / 74 -53 -65 -72 / 48 67 72 76 / 55 71 74 79 / 60 67 72 76 / 59 67 74 79 / 57 69 72 77 / 78 -57 -69 -72 <END> 
<S> 55 67 71 74 / 56 67 71 76 / 57 64 69 72 / 50 65 69 74 / 52 64 67 / 62 -52 -67 -72 / 53 60 69 72 / 55 65 -69 -72 / 64 -55 -69 -72 / 74 -55 -64 -72 / 55 71 74 / 64 -55 -71 -74 <END> 
<S> 57 64 69 72 / 65 -57 -69 -72 / 64 67 72 / 66 74 -64 / 55 62 67 71 / 60 64 67 / 62 -60 -67 / 60 64 69 -60 / 59 -60 -69 -69 / 57 60 67 72 / 55 62 67 -72 / 53 65 69 72 / 64 -53 -69 -72 / 62 65 69 74 / 64 76 -69 -74 / 65 67 71 -74 <END> 
<S> 57 64 67 72 / 62 -57 -72 / 64 71 -57 -72 / 69 -57 -64 -72 / 50 65 74 -69 / 62 71 -50 -74 / 64 67 72 / 62 65 71 74 / 60 64 72 79 / 57 -64 -72 -79 / 59 74 79 / 57 -64 -72 -79 / 62 71 77 -57 / 57 -62 -72 -77 / 55 58 74 76 / 57 60 -55 -74 <END> 
<S> 60 64 67 79 / 62 78 -67 -79 / 52 64 67 79 / 53 57 62 -79 / 59 67 -53 -62 / 60 66 -53 -62 / 52 59 62 67 / 52 60 67 72 / 57 -52 -67 -72 / 50 57 65 71 / 55 62 67 -71 / 48 60 67 76 / 59 -48 -67 -76 / 50 57 66 74 / 52 55 64 67 / 54 62 71 <END> 
<S> 50 62 66 71 / 52 60 67 72 / 54 69 74 -60 / 55 59 67 -74 / 65 -55 -59 -74 / 48 55 64 72 / 55 62 71 / 54 60 69 -55 / 62 66 -55 -60 / 43 59 62 67 / 55 59 62 67 / 52 60 67 72 / 54 69 -60 -72 / 55 62 67 71 / 74 -55 -67 -71 / 48 67 72 76 / 59 67 74 -67 <END> 
<S> 59 62 67 71 / 60 64 72 -67 / 62 66 69 / 55 62 67 71 / 57 60 66 72 / 55 59 67 74 / 53 61 69 52 / 52 -57 -69 -77 / 50 62 -69 -77 / 49 -57 -62 -69 / 45 57 64 69 / 64 69 -41 0 / 40 55 64 72 / 42 62 -40 -72 <END> 
<S> 50 57 62 69 / 55 62 71 -69 / 67 -55 -62 -71 / 50 60 67 69 / 66 -50 -60 -69 / 55 59 62 67 / 52 59 67 / 60 -52 -67 -72 / 53 60 69 74 / 71 -53 -60 -69 / 52 67 72 76 / 55 -67 -72 -76 / 53 67 72 74 / 52 -67 -72 -74 / 50 65 72 77 / 71 -50 -65 -77 <END> 
<S> 52 60 67 72 / 64 -52 -67 -72 / 50 65 69 72 / 71 -50 -65 -77 / 52 67 72 76 / 71 -52 -67 -76 / 53 69 72 77 / 62 71 -53 -77 / 67 -53 -62 -77 / 50 59 74 77 / 52 72 76 -60 / 53 71 74 -60 / 55 59 67 -74 / 65 -55 -59 -74 / 64 -55 -59 -74 / 60 64 72 76 <END> 
<S> 55 67 74 -72 / 71 -55 -67 -74 / 53 69 72 77 / 52 67 72 79 / 71 -52 -67 -79 / 52 67 72 79 / 53 -67 -72 -79 / 55 67 71 74 / 48 67 76 -74 / 52 67 72 76 / 50 -67 -72 -76 / 52 67 72 76 / 53 -67 -72 -76 <END> 
<S> 52 67 72 / 50 65 69 74 / 55 67 71 74 / 48 64 69 72 / 52 60 67 79 / 53 60 69 77 / 71 -53 -60 -77 / 52 67 72 76 / 55 67 71 74 <END> 
<S> 53 60 69 69 / 52 60 67 -69 / 50 58 65 74 / 48 64 67 76 / 50 66 69 74 / 55 62 67 70 / 62 66 -55 -70 / 55 60 64 67 / 53 65 -60 -67 / 52 59 67 -65 <END> 
<S> 55 62 67 70 / 53 60 65 69 / 51 -60 -65 -69 / 50 62 65 70 / 64 -50 -65 -70 / 48 55 65 69 / 60 64 -48 -69 / 47 62 67 70 / 45 -62 -67 -72 / 47 62 67 71 / 48 64 67 72 / 50 65 69 74 / 59 62 67 74 <END> 
<S> 50 62 69 -67 / 66 -50 -62 -69 / 55 59 62 67 / 52 60 67 79 / 50 62 65 77 / 52 67 72 76 / 53 -67 -72 -76 / 55 67 71 74 / 52 67 72 79 / 71 -52 -67 -79 / 60 67 76 -79 / 69 -60 -76 -79 / 62 71 74 77 / 77 -62 -65 -77 <END> 
<S> 60 67 72 / 64 -60 -67 -72 / 62 65 69 77 / 71 -62 -65 -77 / 64 67 72 76 / 60 -67 -72 -76 / 59 67 74 / 65 -59 -67 -74 / 60 64 67 72 / 69 -60 -64 -72 / 55 62 71 74 / 53 -62 -71 -74 / 52 60 67 76 / 58 -52 -67 -76 <END> 
<S> 60 64 67 72 / 58 62 74 -67 / 57 60 72 76 / 55 -57 -72 -76 / 53 67 72 79 / 52 -67 -72 -79 / 53 69 74 77 / 71 76 -53 -81 / 48 67 72 76 <END> 
<S> 59 62 67 74 / 57 60 -67 -74 / 55 59 67 74 / 55 59 62 67 / 53 74 79 / -67 -52 -74 -79 / 57 69 76 77 / 59 76 -69 -76 / 61 69 -76 -76 / 62 74 77 76 / 57 69 72 76 / 55 67 70 -76 <END> 
<S> 59 67 74 / 55 67 71 -74 / 60 67 72 76 / 70 -60 -67 -76 / 61 69 76 / 77 -57 -69 -76 / 52 67 70 79 / 53 69 81 50 / 55 -69 -74 -81 / 56 71 74 76 / 64 69 73 -76 <END> 
<S> 58 62 69 77 / 67 -58 -62 -77 / 57 69 73 76 / 73 -57 -69 -76 / 47 74 -69 -72 / 67 -46 -62 -74 / 45 60 72 76 / 50 -72 -60 -72 / 52 67 72 / 47 -65 -67 -72 / 48 60 64 -72 / 60 65 -48 -72 / 55 67 -60 -72 / 41 -55 -67 -72 / 43 55 67 72 / 62 71 -55 -67 / 60 -55 -67 -71 / 62 -55 -67 -71 <END> 
<S> 53 60 65 69 / 51 -60 -65 -69 / 50 62 65 71 / 48 64 69 72 / 47 62 67 71 / 48 64 69 72 / 50 -64 -69 -72 / 52 64 71 -69 / 62 -52 -68 -71 / 53 60 69 / 57 65 -53 -69 / 52 64 67 71 / 62 -52 -67 -71 / 53 60 69 -67 / 62 65 -53 -69 / 60 64 -53 -69 / 59 62 67 -53 / 52 60 64 -67 <END> 
<S> 52 64 67 71 / 62 -52 -67 -71 / 50 60 67 69 / 48 -60 -67 -67 / 50 57 65 69 / 59 -50 -65 -69 / 60 -50 -65 -69 / 59 62 67 / 55 64 71 / 53 60 62 69 / 52 -60 -64 -69 / 50 53 65 69 / 48 64 -53 -69 / 47 55 62 67 / 48 57 60 64 / 59 -57 -57 -60 <END> 
<S> 52 55 60 67 / 62 -52 -55 -67 / 48 52 64 67 / 50 -48 -64 -67 / 52 55 64 67 / 62 -55 -67 -67 / 52 60 67 / 61 -52 -67 / 48 64 67 / 65 -48 -64 -67 / -48 55 64 72 / 46 62 65 74 / 67 -47 -67 -74 / 52 67 72 -67 / 65 -52 -67 -72 / 67 71 -51 / 55 -67 -71 -74 / 57 67 72 76 / 58 -67 -72 -76 <END> 
<S> 53 65 69 72 / 63 -53 -69 -72 / 46 62 65 70 / 48 64 67 69 / 50 62 66 -69 / 60 -50 -66 -69 / 55 59 62 67 / 55 59 67 / 57 60 66 69 / 59 62 67 74 / 57 61 -67 -74 / 55 62 67 72 / 53 -62 -67 -72 / 55 62 67 71 / 59 62 67 74 <END> 
<S> 62 71 -67 / 50 66 69 / 52 59 -66 -69 / 54 59 64 67 / 52 60 66 71 / 50 59 67 -71 / 52 64 67 71 / 62 -52 -67 -71 / 57 60 69 -67 / 55 59 67 71 / 53 60 65 69 / 52 -60 -65 -69 / 50 62 65 71 / 52 55 64 72 / 57 64 71 -72 / 54 69 72 74 / 50 -70 -72 -74 / 67 71 -50 -74 / 52 67 -71 -74 / 54 67 69 72 / 65 71 -69 <END> 
<S> 57 64 69 72 / 66 -57 -69 -72 / 55 67 71 74 / 60 -55 -67 -74 / 62 66 74 -55 / 59 -62 -66 -74 / 56 60 64 72 / 55 67 71 74 / 57 69 72 76 / 59 74 -69 -76 / 60 67 72 76 / 62 65 77 81 / 64 70 79 -81 / 64 71 81 79 / 73 -64 -79 -79 / 62 69 79 77 <END> 
<S> 60 67 76 / 59 62 67 74 / 57 64 72 / 62 66 -57 -72 / 55 62 67 71 / 53 59 62 67 / 52 60 67 72 / 50 65 69 74 / 71 -50 -65 -74 / 48 67 72 76 / 50 77 -72 -76 / 52 67 72 79 / 53 -67 -72 -79 / 55 67 71 74 / 52 67 71 79 <END> 
<S> 52 64 67 72 / 53 62 -67 -72 / 52 60 67 72 / 50 65 -60 -72 / 52 60 67 70 / 53 60 69 -60 / 55 59 67 74 / 72 -59 -67 / 47 62 67 74 / 65 -47 -74 -74 / 48 67 72 76 / 50 -67 -72 -76 / 52 67 72 76 / 53 -67 -72 -76 / 55 67 72 74 / 62 71 -67 -74 / 64 -55 -71 -74 <END> 
<S> 47 62 67 74 / 48 -62 -67 -74 / 50 62 67 72 / 66 -50 -62 -72 / 55 62 67 71 / 53 59 62 67 / 52 60 67 72 / 50 65 69 74 / 71 -50 -65 -74 / 48 67 72 76 / 60 74 77 -48 / 76 79 -48 -60 / 53 59 74 77 / 60 72 76 -53 <END> 
<S> 52 60 67 72 / 50 65 69 74 / 71 -50 -65 -74 / 48 67 72 76 / 60 74 77 -48 / 76 79 -48 -60 / 53 59 74 77 / 60 72 76 -53 / 55 67 71 74 / 56 64 71 76 <END> 
<S> 58 62 65 74 / 67 -58 -62 -74 / 54 60 69 -74 / 55 67 70 74 / 53 -67 -70 -74 / 51 67 70 76 / 50 65 74 77 / 67 72 75 -50 / 55 67 71 74 / 53 -67 -71 -74 <END> 
<S> 46 65 70 74 / 67 75 -65 -70 / 63 69 -67 -75 / 62 65 70 77 / 68 -62 -65 -77 / 63 70 79 / 62 -63 -70 -79 / 60 63 72 79 / 58 -64 -72 -79 <END> 
<S> 62 63 69 77 / 60 -63 -69 -77 / 58 70 79 77 / 63 -58 -70 -79 / 63 70 79 77 / 62 -63 -70 -77 / 60 63 68 75 / 65 -60 -68 -75 / 59 67 74 79 / 77 -59 -67 -74 <END> 
<S> 56 60 65 77 / 55 70 -60 -77 / 53 60 68 -77 / 67 72 -53 -60 / 55 59 67 74 / 65 -55 -59 -74 / 56 60 63 72 / 55 -60 -63 -72 / 53 60 68 77 / 55 59 67 74 / 56 60 65 -74 / 65 -56 -60 -74 <END> 
<S> 60 63 67 75 / 58 62 -67 -75 / 56 60 72 77 / 55 70 -60 -77 / 53 65 68 74 / 63 -53 -68 -74 / 59 65 68 74 / 60 67 -65 -74 / 58 65 74 77 / 56 -65 -74 -77 / 55 63 70 75 / 53 65 -70 -75 / 51 67 70 74 / 65 -51 -70 -74 <END> 
<S> 60 63 67 75 / 62 -60 -67 -75 / 54 60 69 75 / 55 67 71 74 / 60 67 72 75 / 58 -67 -72 -75 / 57 65 72 77 / 53 75 -65 -72 / 58 65 70 74 / 57 -65 -70 -74 / 55 63 70 75 / 53 65 69 -75 <END> 
<S> 58 65 74 / 64 -58 -74 -77 / 57 65 72 75 / 53 -65 -72 -75 / 58 65 70 74 / 56 -65 -70 -74 / 55 63 70 75 / 72 -55 -63 -75 / 53 62 74 77 / 59 68 -74 -77 / 60 63 72 75 / 69 -60 -72 -75 <END> 
<S> 56 60 63 72 / 55 58 -63 -72 / 53 56 68 72 / 51 58 67 -72 / 56 60 65 72 / 55 74 -60 -65 / 53 60 67 75 / 65 -53 -60 -75 / 58 61 67 -75 / 56 60 65 77 / 55 58 75 -65 <END> 
<S> 56 60 65 72 / 55 -60 -65 -72 / 53 65 70 72 / 68 -53 -65 -72 / 74 -53 -68 -68 / 67 75 -53 -68 / 55 62 67 71 / 55 59 62 67 / 60 67 75 / 58 -60 -67 -75 <END> 
<S> 51 63 67 72 / 56 62 65 -72 / 63 -56 -72 / 62 65 -56 -72 / 55 63 67 -72 / 53 68 74 -60 / 55 59 67 -74 / 65 -55 -67 -74 / 48 63 67 72 / 58 70 -67 / 65 68 -58 <END> 
