<S> 53 57 60 69 / 59 62 -53 -69 / 52 60 64 67 / 50 57 62 65 / 59 -50 -62 -65 / 48 55 60 64 / 41 57 60 62 / 43 55 59 -62 / 48 55 60 64 / 44 59 64 71 <END> 
<S> 48 55 60 64 / 47 -55 -60 -64 / 45 52 60 -55 / 53 -45 -60 -65 / 40 59 67 -53 / 52 60 -67 -70 / 50 62 65 -67 / 59 -50 -65 -65 / 52 55 64 -65 / 60 -55 -64 -64 / 55 59 62 65 / 60 -50 -62 -65 / 52 59 62 67 / 53 59 -59 -67 <END> 
<S> 50 58 62 65 / 48 60 64 69 / 47 62 -60 -69 / 45 52 60 67 / 48 -52 -60 -67 / 47 62 67 -55 / 43 -62 -67 -67 / 48 64 69 -67 / 60 -48 -64 -69 / 50 57 66 -69 / 43 59 62 67 / 48 60 64 67 / 47 -60 -64 -67 / 45 60 64 69 / 47 -60 -64 -69 / 48 59 62 67 / 50 -59 -62 -67 <END> 
<S> 45 60 64 72 / 47 -60 -64 -72 / 48 60 64 69 / 45 -60 -64 -69 / 50 57 66 71 / 52 55 64 67 / 48 55 64 71 / 41 60 62 69 / 43 59 65 71 / 52 60 67 -65 / 48 60 64 -67 / 50 57 66 -60 / 52 59 67 <END> 
<S> 45 60 65 69 / 47 -60 -65 -69 / 48 60 64 67 / 58 -48 -64 -67 / 49 57 64 69 / 67 -49 -57 -69 / 50 57 65 69 / 48 64 -57 -69 / 47 50 62 67 / 45 52 60 72 / 47 59 62 67 / 48 60 64 69 / 50 59 62 71 <END> 
<S> 50 50 69 -67 / 51 66 -50 -69 / 43 59 -50 -69 / 45 59 -50 -69 / 43 51 55 67 / 40 55 60 67 / 38 53 65 69 / 40 -38 -53 -69 / 43 59 67 -53 / 52 60 -43 -67 / 41 65 69 -60 / 43 59 67 71 / 45 60 64 69 / 47 62 -60 -69 / 48 55 60 64 / 52 55 59 67 <END> 
<S> 47 62 67 / 47 -62 -67 / 43 -47 -62 -67 / 45 48 65 69 / 47 -59 -65 -69 / 48 57 64 67 / 50 -57 -64 -64 / 45 57 64 71 / 54 -45 -64 -71 / 43 50 59 67 / 45 52 60 -67 / 47 62 -52 -67 / 48 57 64 69 / 50 59 62 -69 / 60 -50 -50 -65 <END> 
<S> 47 50 62 67 / 45 60 -50 -67 / 43 55 59 62 / 62 -43 -59 / 48 55 60 64 / 48 55 64 69 / 50 -55 -64 -69 / 52 62 71 / 48 64 72 -57 / 50 55 62 65 / 64 -50 -55 -77 / 47 62 65 -55 / 43 -55 -62 -65 / 48 55 60 64 / 53 57 60 69 / 52 55 -60 -69 / 50 53 65 69 / 48 64 -53 -69 / 47 65 -53 -69 / 48 52 60 67 / 41 69 -48 -60 <END> 
<S> 45 55 60 64 / 55 -45 -60 -64 / 47 55 62 67 / 48 64 69 -55 / 50 54 62 69 / 60 -50 -54 -69 / 43 50 59 67 / 42 50 62 69 / 43 55 62 71 / 45 55 -62 -71 / 43 55 59 62 / 41 -55 -59 -62 / 48 55 60 64 / 58 -48 -55 -64 / 41 57 62 -55 / -62 -57 -62 -65 <END> 
<S> 47 55 62 67 / 45 60 -55 -67 / 43 55 62 70 / 50 62 -62 -70 / 60 66 -50 -62 / 43 58 67 / / 69 -58 -67 / 43 64 67 70 / 62 -43 -67 -70 / 60 64 67 72 / 62 69 -67 -72 / 43 64 71 79 / 62 65 -71 -79 / 60 64 69 72 / 65 71 -60 -77 / 67 72 76 / 60 -67 -72 -76 <END> 
<S> 52 64 67 72 / 54 62 69 -72 / 55 62 71 -69 / 67 -55 -62 -71 / 50 60 66 69 / 59 -50 -66 -69 / 52 59 64 67 / 60 64 -52 -67 / 62 -52 -60 -67 / 59 -52 -55 -67 / 57 -55 -59 -67 / 52 55 60 67 / 50 -55 -60 -67 / 52 55 60 67 / 50 58 65 -55 / 57 -50 -53 -65 / 55 59 62 / 43 -55 -59 -62 <END> 
<S> 50 62 65 69 / 60 -50 -65 -69 / 55 59 62 67 / 52 -55 -59 -67 / 50 57 62 65 / 59 -50 -62 -65 / 52 55 60 64 / 53 57 -60 -64 / 55 59 62 / 53 -55 -59 -62 / 52 52 55 60 / 53 62 -52 -60 / 55 59 62 -52 / 57 -55 -59 -62 / 55 59 62 / 53 -55 -59 -62 <END> 
<S> 50 57 62 65 / 55 59 -50 -65 / 53 57 60 / / 55 -60 -65 / 53 55 60 62 / 52 55 59 -62 / 53 57 60 / 52 -53 -60 / 55 59 62 74 / 53 -59 -62 -74 / 52 55 60 67 / 50 65 -55 -60 / 48 55 60 64 / 46 62 -55 -60 / 45 57 60 64 / 43 55 59 62 / 55 -43 -55 -62 <END> 
<S> 50 53 57 -60 / 59 -50 -53 -57 / 52 55 60 / 47 55 62 67 / 43 55 59 62 / 48 55 60 64 / 52 -55 59 67 / 50 -55 -59 -67 / 48 52 55 67 / 47 62 -52 -67 / 52 55 60 67 / 59 -52 -55 -67 / 53 57 60 69 / 62 -53 -60 -69 / 48 60 64 67 / 58 -48 -64 -67 <END> 
<S> 48 55 60 64 / 50 -55 -60 -64 / 52 55 60 64 / 50 -55 -60 -64 / 48 55 60 64 / 43 55 59 62 / 43 52 -55 -59 / 48 52 55 60 / 45 52 60 / 53 -45 -60 / 52 55 60 67 / 50 62 65 -67 / 49 64 69 -67 / 50 62 65 69 / 52 -62 -65 -69 / 53 60 65 69 / 53 62 65 -69 <END> 
<S> 38 53 57 65 / 74 -53 -57 -65 / 45 57 -53 -62 / 43 55 59 -62 / 41 53 57 60 / 40 48 60 -57 / 38 53 57 -60 / 59 -38 -53 -57 / 40 55 60 64 / 41 57 -60 -64 / 43 59 62 -57 / 47 55 -43 -62 / 48 -43 -59 -62 / 45 52 55 60 / 43 -52 -55 -60 <END> 
<S> 43 52 60 67 / 50 -43 -60 -67 / 52 55 67 / 47 53 62 67 / 48 52 55 64 / 52 55 59 67 / 60 -52 -55 -67 / 50 57 59 67 / 38 62 -57 -69 / 43 50 62 67 / 50 -62 -67 -67 / 52 60 67 72 / 59 -52 -67 -72 / 54 57 69 74 / 72 -54 -57 -69 <END> 
<S> 45 57 60 72 / 47 55 62 71 / 48 55 64 72 / 50 62 65 71 / 52 64 67 / 62 -52 -67 -72 / 53 60 69 72 / 55 67 71 74 / 65 -55 -71 -74 / 48 64 67 72 / 55 67 71 74 <END> 
<S> 53 69 69 74 / 71 -53 -69 -74 / 52 72 -69 / 50 71 -69 -74 / 52 67 72 -71 / 64 -52 -67 -72 / 54 69 -64 -72 / 56 64 71 74 / 57 64 69 72 / 59 67 74 / 55 62 67 74 / 60 76 -55 -67 / 58 62 65 74 <END> 
<S> 57 64 69 72 / 55 65 -69 -72 / 53 67 70 / 52 -67 -70 / 50 53 -67 -70 / 48 52 67 72 / 50 65 -67 -72 / 52 64 67 72 / 62 -52 -67 -72 / 53 60 69 72 / 64 -53 -69 -72 / 54 62 74 -69 / 50 59 66 -74 / 55 59 62 67 / 52 60 67 72 <END> 
<S> 52 64 67 72 / 54 -64 -64 -72 / 55 62 67 71 / 53 59 -67 -71 / 52 64 67 72 / 54 -64 -67 -72 / 55 62 67 71 / 53 59 62 67 / 52 60 67 72 / 50 53 69 74 / 71 -50 -53 -69 / 48 52 64 67 / 50 53 62 -67 / 52 55 62 72 / 54 57 -55 -72 <END> 
<S> 55 62 69 / 52 54 -62 -69 / 50 57 60 67 / 55 -57 -60 -67 / 50 57 65 69 / 53 71 -57 -65 / 52 55 64 67 / 53 57 62 69 / 55 59 67 / 57 60 64 72 / 59 62 67 74 / 60 67 76 / 59 62 -67 -76 / 57 60 64 76 / 55 60 69 77 <END> 
<S> 50 57 65 74 / 55 62 67 -74 / 53 59 68 74 / 64 -53 -68 -74 / 55 67 72 76 / 57 65 72 -76 / 55 70 74 / 64 -55 -70 -74 / 53 65 69 72 / 48 -65 -69 -72 <END> 
<S> 57 65 72 / 55 70 -65 -72 / 53 65 72 -70 / 69 -53 -65 -72 / 58 67 70 74 / 57 -65 -70 -74 / 58 70 75 79 / 56 -70 -75 -79 / 58 70 74 77 / 68 -58 -74 -77 / 51 67 70 75 <END> 
<S> 58 63 79 77 / 56 -58 -63 -75 / 58 62 65 77 / 67 75 -58 -65 / 56 59 65 74 / 60 72 -56 -65 / 55 62 71 79 / 53 -62 -67 -79 / 51 60 67 79 / 53 -60 -67 -79 / 55 59 74 79 / 56 60 -74 -79 / 59 62 68 77 / 60 75 -62 -65 <END> 
<S> 55 59 67 75 / 56 60 68 72 / 74 -56 -60 -68 / 55 59 67 75 / 56 60 68 72 / 62 65 -56 -72 / 55 63 67 70 / 65 -55 -67 -70 / 53 60 67 68 / 51 -60 -65 -67 / 53 -60 -63 -70 / 55 62 67 71 -53 / 51 60 67 72 / 50 59 67 74 / 48 60 -67 -74 <END> 
<S> 56 60 63 72 / 55 -60 -63 -72 / 53 65 68 74 / 62 67 70 -74 / 63 66 69 0 / 62 67 70 -57 / 63 -67 -70 / 62 65 69 / 60 63 -65 -69 / 58 62 65 / 56 63 -58 -70 / 55 58 62 70 / 53 68 -58 -62 / 51 55 67 70 / 50 60 -67 -70 <END> 
<S> 63 70 -63 / 62 -51 -63 -70 / 53 60 63 68 / 62 65 -53 -68 / 60 63 67 / 59 -60 -67 / 60 65 69 72 / 55 62 67 71 / 53 -62 -67 -71 / 51 63 67 72 / 53 69 -63 -72 / 62 65 71 74 / 55 67 72 75 / 71 -55 -67 -75 <END> 
<S> 58 62 67 74 / 56 60 65 -74 / 55 72 -60 -65 / 53 62 -55 -60 / 59 62 -53 -55 / 53 60 -59 -62 / 48 55 60 63 / 50 65 -55 -60 / 51 55 60 67 / 59 -51 -55 -67 / 44 48 60 68 / 46 53 -60 -68 / 44 51 60 67 / 48 58 60 68 / 56 59 -48 -68 <END> 
<S> 44 51 60 67 / 41 -51 -60 -67 / 44 53 60 65 / 46 -53 -60 -65 / 51 67 -46 -61 / 47 56 60 -67 / 41 51 60 68 / 43 50 -60 -68 / 41 48 60 67 / 41 53 -60 -67 / 43 55 60 -60 / 58 -43 -55 -60 / 44 53 60 -55 / 41 55 -60 / 44 48 60 <END> 
<S> 41 56 60 62 / 43 55 59 62 / 53 -43 -59 -62 / 48 51 55 60 / 48 51 60 67 / 50 62 65 -51 / 51 63 67 / 53 -51 -67 -63 / 55 65 67 74 / 53 -65 -67 -74 / 51 63 67 72 / 50 62 -67 -72 / 48 63 67 72 / 51 -63 -67 -72 <END> 
<S> 48 55 60 68 / 50 53 -60 -68 / 51 58 67 / 50 53 -67 -72 / 51 55 67 72 / 57 65 -55 -72 / 58 62 67 70 / 55 63 67 72 / 53 62 -67 -72 / 51 60 67 72 / 50 -60 -67 -72 / 48 67 75 -67 / 60 66 69 74 / 59 67 74 / 65 68 -59 <END> 
<S> 51 55 67 72 / 53 -51 -67 -72 / 52 60 67 -72 / 75 -52 -67 -72 / 53 65 68 74 / 72 -53 -65 -68 / 55 63 67 71 / 65 -55 -67 -71 / 48 63 67 72 / 62 74 -48 -67 / 60 75 -67 / 58 65 67 74 / 59 64 67 77 <END> 
<S> 48 63 67 72 / 60 63 72 79 / 58 -63 -72 -79 / 56 64 72 79 / 55 70 74 -79 / 56 65 72 75 / 53 74 -65 -80 / 55 58 74 79 / 56 60 77 -79 / 58 62 70 77 / 68 -62 -62 -77 <END> 
<S> 53 65 68 80 / 63 -53 -68 -80 / 46 65 70 80 / 46 -65 -70 -75 / 46 65 70 74 / 48 63 67 -70 / 69 -48 -63 -67 / 50 62 66 70 / 67 -50 -62 -70 / 51 60 67 69 / 57 -60 -67 -72 / 50 65 74 -72 / 71 -50 -65 -74 <END> 
<S> 55 62 67 70 / 53 -62 -67 -70 / 51 67 72 / 50 66 74 -72 / 55 62 71 74 / 53 67 71 74 / 52 67 72 75 / 70 -51 -67 -75 / 53 65 68 72 / 63 -53 -68 -72 / 55 62 67 71 / 56 60 65 72 / 62 74 -56 -65 <END> 
<S> 51 67 72 75 / 53 -67 -72 -75 / 55 67 71 74 / 51 58 67 79 / 60 -51 -67 -79 / 58 62 70 77 / 56 60 72 75 / 55 70 -60 -75 / 53 68 72 80 / 74 -53 -68 -77 / 58 65 70 -77 / 60 63 70 79 / 62 77 -63 -70 / 56 63 72 75 / 55 -63 -72 -75 <END> 
<S> 53 60 68 77 / 51 67 70 -77 / 46 62 70 77 / 48 -46 -70 -77 / 46 62 67 70 / 48 63 69 57 / 63 -48 -63 -69 / 50 62 66 -69 / 60 -50 -66 -69 / 43 58 62 67 / 60 63 69 / 46 58 62 70 / 53 63 -58 -70 / 55 58 63 70 / 62 -55 -70 -70 <END> 
<S> 46 62 67 70 / 45 60 66 69 / 63 -45 -66 -69 / 46 58 62 67 / 48 58 63 67 / 68 -48 -58 -63 / 50 58 65 -68 / 51 58 63 67 / 62 65 -51 -58 / 51 60 63 67 / 50 58 65 / 51 63 -58 -67 / 53 60 63 69 / 62 -53 -60 -69 / 46 58 62 67 / 58 65 -46 -62 <END> 
<S> 51 58 65 67 / 63 -51 -58 -67 / 58 62 65 70 / 55 62 67 70 / 53 -62 -67 -70 / 51 60 67 72 / 50 -60 -67 -72 / 48 65 67 74 / 47 -65 -67 -74 / 48 63 67 75 / 62 -48 -67 -75 / 50 60 65 74 / 59 -50 -65 -74 / 51 63 67 72 / 56 62 65 -72 / 60 -56 -65 -72 <END> 
<S> 51 60 67 72 / 50 65 -60 -72 / 51 58 67 -72 / 53 57 69 -72 / 55 62 67 71 / 53 59 62 67 / 51 60 67 72 / 55 74 -60 -67 / 60 67 -67 / -75 59 65 / 48 60 64 67 / 51 60 67 72 / 53 68 74 -60 / 55 67 -53 -74 / 56 65 72 / 56 65 74 -72 <END> 
<S> 60 67 75 / 58 -60 -67 -75 / 56 60 72 75 / 55 70 -60 -75 / 53 60 68 74 / 50 -60 -68 -74 / 51 58 67 70 / 56 65 68 72 / 60 63 67 72 / 58 62 -67 -72 / 56 60 65 72 / 55 67 -60 -72 / 53 60 68 74 / 55 59 67 74 / 65 -55 -67 -74 <END> 
<S> 56 65 68 72 / 55 63 67 -72 / 53 68 74 -72 / 67 71 -53 -74 / 65 69 72 -53 / 55 71 -69 -74 / 54 62 72 55 / 60 -54 -72 -74 / 55 59 67 74 / 60 -55 -67 -74 / 55 59 67 75 / 53 -59 -67 -75 <END> 
<S> 56 63 68 72 / 55 -63 -67 -72 / 53 68 74 -60 / 55 59 -74 / 65 -55 -59 -74 / 48 55 63 72 / 50 55 63 70 / 51 58 65 67 / 50 -58 -65 -67 <END> 
<S> 44 60 65 72 / 63 -44 -60 -72 / 43 58 62 70 / 39 55 63 70 / 51 55 67 / 50 53 57 -67 / 48 52 67 -60 / 53 60 62 -67 / 64 -53 -60 -67 / 50 62 65 70 / 60 63 67 -50 / 53 59 62 41 <END> 
<S> 55 60 63 70 / 53 62 65 -70 / 51 63 67 72 / 53 62 65 70 / 46 62 67 70 / 68 -46 -62 -67 / 44 60 63 67 / 53 56 65 -63 / 55 58 62 -65 / 56 60 -55 -62 / 55 55 62 -60 <END> 
<S> 46 62 65 70 / 53 63 69 72 / 62 65 69 74 / 58 67 70 75 / 57 63 72 -70 / 55 62 69 -72 / 53 -62 -69 -72 / 51 60 67 70 / 48 60 65 68 / 46 -60 -65 -68 <END> 
<S> 54 63 69 72 / 55 -63 -69 -72 / 54 63 -69 -72 / 55 62 67 71 / 51 60 67 72 / 58 74 -67 / 57 65 72 / 63 -56 -72 / 58 65 74 / 50 -58 -65 -74 / 77 58 67 / 55 65 75 -58 / 56 60 63 -75 / 58 62 65 74 / 68 -58 -62 -65 <END> 
<S> 56 65 63 72 / 55 58 -63 -72 / 53 56 68 72 / 51 58 67 / 60 63 67 -46 / 58 62 68 -67 / 51 58 63 67 / 48 63 67 72 / 68 -48 -63 -72 / 53 56 65 74 / 51 55 67 75 / 53 68 74 77 / 55 73 75 <END> 
<S> 51 67 72 75 / 53 -67 -72 -75 / 55 67 70 74 / 65 -55 -70 -74 / 56 63 68 72 / 70 -56 -63 -72 / 53 68 72 74 / 55 67 71 -74 / 65 -55 -71 -74 / 48 63 67 72 / 52 -67 -72 -75 <END> 
<S> 53 68 74 / 50 65 -74 -74 / 55 62 71 -74 / 43 -55 -71 -74 / 48 55 72 / 60 64 67 72 / 48 63 67 72 / 51 63 67 72 / 57 63 65 -72 / 46 62 -65 -72 / 51 63 67 / 53 60 -67 <END> 
<S> 48 63 67 72 / 60 63 67 72 / 58 65 74 / 56 -58 -65 -74 / 55 67 70 75 / 53 -67 -70 -75 / 51 62 70 77 / 72 -51 -62 -77 / 55 67 71 74 / 55 67 71 <END> 
<S> 58 65 70 74 / 56 -65 -70 -74 / 55 67 70 75 / 53 74 -67 -70 / 51 63 67 72 / 50 65 74 / 48 67 72 75 / 51 -67 -72 -75 / 56 67 72 74 / 58 -67 -72 -74 / 57 67 72 76 / 55 -67 -72 -76 / 53 68 72 77 / 55 70 -68 -72 <END> 
<S> 48 63 67 72 / 60 67 72 / 65 69 74 / 59 -65 -69 -74 / 60 63 72 75 / 62 65 77 -75 / 75 79 -65 -70 / 63 70 0 / 65 68 74 / 63 67 70 75 <END> 
<S> 63 72 79 / 58 62 74 79 / 60 67 72 75 / 58 -67 -72 -75 / 56 60 72 77 / 55 70 -60 -77 / 53 65 68 72 / 74 -53 -65 -68 / 75 -53 -65 -68 / 46 65 68 74 / 55 63 67 75 / 65 -55 -67 -75 <END> 
<S> 56 60 68 72 / 53 68 -60 -72 / 55 62 67 71 / 43 59 62 67 / 48 60 63 67 / 50 -60 -63 -67 / 51 58 63 67 / 61 -51 -58 -67 / 53 56 60 68 / 58 62 -53 -68 / 48 60 63 67 / 46 -60 -63 -67 <END> 
<S> 44 60 65 / 70 -44 -60 -65 / 46 -60 -65 -67 / 58 62 65 / 56 -62 -65 -80 / 55 63 67 70 / 65 -55 -63 -70 / 56 60 63 75 / 55 58 -63 -72 / 53 56 68 74 / 58 -53 -68 -74 / 48 60 67 75 / 68 -48 -60 -75 / 56 62 71 -75 / 55 63 72 75 / 53 68 74 <END> 
<S> 53 68 74 -60 / 55 60 67 75 / 56 60 65 68 / 62 -56 -65 / 63 -48 -56 -65 / 47 62 65 67 / 55 59 62 67 / 60 63 67 75 / 58 -63 -67 -75 / 56 65 72 77 / 53 68 -72 -77 / 58 70 74 77 / 68 72 -74 -77 / 59 67 74 79 / 60 67 75 -79 <END> 
<S> 58 63 75 -68 / 51 67 70 75 / 63 68 72 77 / 53 -68 -72 -77 / 58 62 70 77 / 63 67 70 79 / 65 68 -71 -79 / 63 67 75 79 / 62 65 -67 -79 / 60 63 67 75 / 58 62 -67 -75 / 56 60 72 77 / 55 75 -60 -72 <END> 
<S> 56 63 68 72 / 67 -56 -63 -72 / 54 62 68 74 / 55 59 67 75 / 65 -55 -59 -75 / 48 60 63 72 / 58 62 70 79 / 56 63 72 77 / 55 62 67 -77 / 60 75 -55 -67 / 53 68 74 -60 / 55 59 67 74 / 56 60 65 -74 <END> 
<S> 60 63 67 75 / 62 -60 -67 -75 / 56 60 65 77 / 55 67 -60 -77 / 53 65 68 72 / 51 -65 -68 -72 / 50 68 74 77 / -68 -74 -77 67 70 -57 / 51 55 70 79 / 63 -51 -70 -79 <END> 
<S> 46 63 70 77 / 62 65 -70 -77 / 63 67 79 -70 / 71 -62 -67 -79 / 60 67 72 75 / 62 -67 -72 -75 / 63 65 72 -48 / 62 65 74 / 60 63 67 75 / 62 65 -67 -75 / 63 67 72 / 60 -67 -72 -75 <END> 
<S> 63 68 72 / 60 -60 -68 -72 / 55 67 -60 -72 / 62 -55 -67 -72 / 43 59 67 74 / 48 60 67 75 / 48 60 67 75 / 50 65 -60 -75 / 51 58 67 -65 / 63 -51 -58 -67 / 56 60 63 72 / 65 68 -56 -60 <END> 
<S> 48 60 67 75 / 55 67 72 74 / 71 -55 -67 -74 / 65 72 -55 -71 / 56 63 71 / 62 -56 -67 -72 / 55 62 71 77 / 53 -62 -71 -77 / 51 63 72 79 / 50 65 -72 -79 / 51 67 70 79 / 63 -51 -70 -79 / 56 65 68 77 / 55 75 -65 -68 <END> 
<S> 51 63 67 72 / 53 65 69 -72 / 46 65 70 74 / 51 63 67 70 / 53 60 68 -70 / 50 65 -60 -68 / 51 58 67 / 50 65 -58 -67 / 51 63 72 -58 / 57 -63 -72 <END> 
<S> 58 65 70 -63 / 62 -58 -70 / 52 55 63 67 / 53 60 65 68 / 55 59 62 67 / 56 60 63 72 / 65 74 -56 -60 / 55 60 67 74 / 53 59 -67 -74 / 65 -55 -59 -74 / 48 55 63 72 / 60 63 67 72 <END> 
