<S> 47 50 55 67 / 48 55 64 / 47 50 62 -55 / 45 52 57 60 / 54 -45 -57 -60 / 52 55 59 67 / 50 -55 -59 -67 / 48 55 64 69 / 45 -55 -64 -69 / 71 -45 -55 -64 / 72 -45 -55 -64 / 50 54 62 69 / 43 59 62 67 / 48 60 64 67 <END> 
<S> 48 55 64 69 / 45 -55 -64 -69 / 50 54 62 69 / 43 59 62 67 / 48 60 64 67 / 47 62 -60 -67 / 45 52 60 72 / 48 52 -60 -72 / 50 53 60 65 / 59 -50 -53 -65 / 48 55 60 64 / 53 57 62 -60 / 55 59 62 / 53 -55 -59 -62 / 52 55 59 62 / 50 -55 -59 -62 <END> 
<S> 45 53 60 65 / 59 -45 -53 -65 / 47 55 62 67 / 43 59 62 67 / 65 -43 -59 -67 / 48 55 60 64 / 55 59 62 / 54 -55 -59 -62 / 52 59 62 67 / 50 -55 -62 -67 / 57 62 65 71 / 50 59 62 67 <END> 
<S> 55 62 71 / 53 55 62 69 / 71 -50 -55 -62 / 48 55 62 71 / 50 59 -55 -71 / 57 60 64 72 / 62 71 -57 -60 / 52 60 67 76 / 53 69 -60 -76 / 55 67 71 74 / 55 67 71 74 <END> 
<S> 57 64 72 / 59 62 74 / 60 76 -59 -62 / 59 62 67 74 / 57 60 69 -74 / 55 59 71 76 / 74 -55 -59 -76 / 57 60 69 77 / 59 62 -69 -77 / 60 64 67 76 / 53 65 69 -76 / 65 67 71 74 / 64 -67 -71 -74 / 62 67 72 76 / 60 -67 -72 -76 <END> 
<S> 57 60 69 76 / 55 -60 -69 -76 / 53 69 74 -60 / 52 67 76 -60 / 50 65 77 -60 / 59 -50 -65 -77 / 52 60 67 76 / 53 69 -60 -76 / 55 67 71 74 / 55 67 71 74 / 65 -55 -71 -74 / 57 64 72 / 59 62 74 77 / 60 76 -66 <END> 
<S> 52 60 67 72 / 53 69 -60 -72 / 52 62 71 -69 / 50 57 69 76 / 49 57 64 76 / 50 57 65 74 / 52 55 60 76 / 53 57 69 74 / 50 59 65 -74 / 72 -50 -57 -65 / 43 59 65 74 / 62 66 74 -74 / 60 64 76 -74 / 72 -60 -64 -76 <END> 
<S> 49 57 64 69 / 50 57 66 74 / 52 55 60 67 / 54 57 62 69 / 55 59 62 / 57 -55 -62 / 47 55 62 -55 / 48 55 60 -55 / 47 62 -55 -55 / 45 57 60 64 / 43 -57 -60 -64 / 41 57 60 65 / 38 53 62 67 / 69 -38 -53 -60 <END> 
<S> 48 55 60 64 / 47 56 62 71 / 45 69 -57 -59 / / 57 64 72 / 62 -57 -72 / 52 55 64 71 / 56 -52 -64 -71 / 62 -52 -56 -71 / 45 57 60 69 / 43 62 -57 -69 / 45 -57 -62 -69 / 47 50 62 67 / 48 55 64 65 / 50 -55 -64 -65 <END> 
<S> 54 57 62 69 / 60 -54 -57 -69 / 55 59 62 67 / 52 61 64 67 / 50 62 65 69 / 48 64 67 72 / 53 60 69 -72 / 55 67 71 -60 / 55 59 62 67 / 53 69 -59 -62 / 52 64 68 71 / 57 64 72 -52 / 59 65 74 / 60 64 67 76 / 62 77 -67 -76 <END> 
<S> 52 55 64 67 / 50 65 -55 -79 / 48 55 64 72 / 50 65 -55 -72 / 60 62 67 76 / 60 -60 -67 -76 / 55 60 67 74 / 59 -55 -67 -74 / 0 / 48 64 67 72 / 66 -48 -64 -72 / 55 62 67 71 / 53 59 62 67 <END> 
<S> 48 64 67 72 / 62 -48 -67 -72 / 60 69 -48 -72 / 55 62 71 74 / 64 -55 -71 -74 / 65 -55 -71 -74 / 48 67 72 76 / 60 64 72 79 / 69 -64 -72 -79 / 64 70 72 79 / -64 -70 -72 -79 / 69 72 77 -64 / 62 65 74 -77 / 60 67 72 76 / 65 -60 -72 -76 <END> 
<S> 60 64 72 79 / 57 -64 -72 -79 / 59 62 71 79 / 60 67 77 / 62 69 -60 -77 / 59 62 74 79 / 64 71 -74 -79 / 65 72 81 / 69 -65 -72 / 59 67 71 79 / 60 69 77 / 62 62 71 79 / 77 -62 -62 -77 <END> 
<S> 60 64 67 79 / 69 -60 -64 -79 / 59 62 74 79 / 61 64 -74 -79 / 62 69 77 / / 69 -62 -77 / 55 67 71 -77 / 57 69 73 76 / 55 67 71 76 / 53 69 74 -76 / 59 67 74 -74 / 76 -59 -62 -67 / 57 69 72 77 / 55 71 -69 -77 <END> 
<S> 50 65 69 77 / 71 -50 -65 -77 / 52 67 72 76 / 53 -67 -72 -76 / 55 67 71 74 / 55 67 71 74 / 60 67 72 76 / 59 -67 -72 -76 / 57 69 72 77 / 59 67 74 79 / 77 -59 -67 -74 / 60 76 -67 -74 / 69 72 77 -60 / 70 -60 -69 <END> 
<S> 60 67 72 76 / 59 -67 -72 -76 / 57 69 72 77 / 55 62 71 79 / 60 64 69 -55 -60 / 59 62 67 -53 / 57 60 69 -67 / 55 62 67 71 / 54 62 69 69 / 60 -54 -69 -69 / 55 59 62 67 / 57 60 64 72 / 65 74 -60 -60 <END> 
<S> 57 64 69 72 / 62 -54 -69 -72 / 55 62 67 71 / 53 59 62 67 / 52 60 67 72 / 50 65 69 74 / 71 -50 -65 -74 / 48 67 72 76 / 50 77 -72 / 52 79 -67 -72 / 53 69 77 -72 / 67 -53 -69 -72 / 55 62 71 -69 / 64 -55 -62 -71 / 54 60 69 72 / 62 67 71 74 / 64 69 73 61 <END> 
<S> 52 67 72 / 50 65 -67 -72 / 52 66 67 -72 / 43 59 -67 -72 / 45 60 72 -67 / 66 -45 -60 -72 / 47 62 67 71 / 48 -62 -67 -71 / 50 62 69 -67 / 66 -50 -62 -69 / 43 59 62 67 / 52 60 67 / 54 60 69 -60 / 62 -54 -60 -69 / 55 59 62 67 / 52 60 67 72 / 50 74 -60 -67 <END> 
<S> 48 64 69 -67 / 50 62 66 -69 / 60 -50 -66 -69 / 43 59 62 67 / 47 55 62 67 / 48 55 60 64 / 58 -48 -55 -64 / 41 57 60 -55 / 43 55 59 62 / 45 57 60 64 / 65 -45 -57 -60 / 43 59 62 67 <END> 
<S> 48 55 60 64 / 46 -55 -60 -64 / 45 57 65 -60 / 43 59 59 67 / 60 -43 -59 -67 / 48 60 64 67 / 43 62 65 -67 / 64 72 -43 -48 / 47 62 65 74 / 67 -47 -62 -74 / 48 64 67 72 / 50 65 -67 -72 / 52 67 72 / 48 -67 -72 / 55 67 74 -72 / 71 -55 -67 -74 / 65 -55 -71 -74 / 56 64 72 / 62 74 -56 -72 <END> 
<S> 48 64 67 72 / 60 65 69 -72 / 55 62 67 70 / 53 -62 -67 -70 / 52 60 67 72 / 53 -60 -67 -72 / 52 65 67 71 / 47 62 -65 -67 / 48 60 64 67 / 60 -48 -67 -76 / 55 60 67 74 / 59 -55 -67 -74 / 48 60 67 76 / 60 64 72 / 55 67 71 74 <END> 
<S> 48 60 64 67 / 60 -60 -67 / 55 60 67 74 / 59 -55 -67 -74 / 48 64 67 72 / 60 64 67 72 / 59 62 67 79 / 61 76 79 / 57 69 77 77 / 76 -57 -69 -77 / 58 72 76 / 57 74 -58 -72 / 52 70 79 -74 / 52 -52 -70 -79 <END> 
<S> 60 64 76 79 / 57 69 76 -79 / 77 -57 -69 -72 / 50 62 69 77 / 62 67 -62 -77 / 60 64 67 76 / 59 62 74 -67 / 57 60 65 72 / 64 -57 -60 -72 / 60 62 66 -72 / 59 -60 -66 -67 / 60 67 67 / 62 -60 -67 -76 <END> 
<S> 59 62 67 71 / 57 -62 -67 -71 / 55 67 72 / 74 -67 -72 / 65 71 -67 -74 / 64 67 72 / 65 69 74 / 55 67 71 76 / 52 67 72 79 / 50 65 74 -79 / 52 64 72 79 / 57 64 72 77 <END> 
<S> 57 64 69 72 / 67 -57 -64 -72 / 50 62 66 69 / 60 -50 -66 -69 / 43 59 62 67 / 55 59 62 67 / 53 57 -62 -67 / 52 55 64 72 / 50 65 -64 -72 / 52 60 64 71 / 61 -52 -60 -67 / 50 62 65 -60 / 59 -50 -65 -65 / 52 55 67 -65 / 52 60 -55 -67 <END> 
<S> 52 60 67 72 / 50 53 -67 -72 / 52 55 67 74 / 48 64 67 -79 / 62 65 -48 -67 / 60 64 67 72 / 55 62 -67 -72 / 57 64 69 72 / 55 -64 -69 -72 / 54 60 69 74 / 55 59 67 -74 / 65 -55 -59 -74 / 64 -55 -59 -74 / 53 55 69 72 / 52 -55 -69 -72 / 54 57 69 74 / 50 59 66 -74 / 49 64 -54 -69 <END> 
<S> 54 57 69 74 / 52 64 68 72 / 54 -64 -72 / 55 62 71 / 59 -55 -62 / 57 60 64 -55 / 55 59 62 / 53 57 62 67 / 52 60 66 -69 / 50 62 66 69 / 60 -50 -66 -69 / 55 59 62 67 / 52 60 67 70 / 57 60 69 77 / 59 62 -69 -77 <END> 
<S> 54 57 62 72 / 43 55 62 71 / 50 55 62 69 / 48 60 -55 -69 / 47 55 62 67 / 48 64 -55 -67 / 50 55 62 71 / 52 55 64 72 / 54 57 -64 -72 / 55 59 62 71 / 52 67 -59 -71 / 48 60 64 69 / 59 -48 -64 -69 <END> 
<S> 50 57 62 71 / 62 66 -50 -71 / 52 60 64 72 / 54 57 69 74 / 55 59 67 74 / 57 60 -67 -74 / 59 62 67 74 / 55 -59 -67 -74 / 60 67 76 / 57 69 77 -60 / 52 67 72 79 / 71 -52 -67 -79 <END> 
<S> 55 59 67 74 / 60 64 -55 -74 / 54 60 69 74 / 56 59 71 -74 / 57 64 72 / 59 62 67 74 / 60 67 76 / 62 77 -60 -67 / 61 64 69 79 <END> 
<S> 57 64 72 / 55 67 71 74 / 65 -55 -71 -74 / 48 64 67 72 / 53 60 69 74 / 50 -60 -69 -74 / 52 67 72 58 / 70 -52 -67 -76 / 53 65 69 81 / 71 -53 -65 -69 <END> 
<S> 53 60 69 72 / 50 65 71 74 / 55 67 76 -74 / 53 74 -67 -74 / 72 -55 -62 -74 / 43 67 71 74 / 65 -43 -71 -74 / 48 64 67 72 / 55 67 71 74 / 69 -55 -67 -74 <END> 
<S> 47 62 67 74 / 48 -62 -67 -74 / 50 59 67 74 / 52 60 67 -74 / 50 59 65 74 / 48 57 64 72 / 62 71 -48 -57 / 55 59 62 / 53 -55 -59 -62 / 52 52 59 64 / 50 53 57 62 / 59 -50 -53 -62 <END> 
<S> 55 59 62 74 / 57 60 66 -74 / 59 62 68 74 / 64 -59 -74 -74 / 57 64 72 / 50 62 65 -72 / 52 60 67 -65 / 53 59 69 -67 / 55 71 -67 / 72 -55 -67 -71 / 50 65 69 74 / 71 -50 -65 -74 / 48 67 72 76 / 52 -67 -72 -76 / 53 69 74 -72 / 50 65 -72 -74 / 55 62 71 -74 / 67 -55 -71 -74 / 65 -55 -71 -74 <END> 
<S> 55 62 67 71 / 50 59 65 67 / 64 -50 -59 -67 / 48 60 64 67 / 59 -48 -64 -67 / 50 57 66 74 / 59 62 67 74 / 52 60 67 -74 / 54 60 69 -60 / 55 59 67 74 / 72 -55 -59 -67 / 65 74 -55 -59 / 48 64 67 72 / 48 64 67 72 <END> 
<S> 55 60 67 76 / 59 -55 -67 -76 / 52 56 72 76 / 53 69 77 -72 / 74 -53 -69 -77 / 55 67 76 -74 / 72 -55 -67 -76 / 55 67 71 74 / 67 -55 -71 -74 / 65 -55 -71 -74 / 48 64 67 72 / 60 64 69 79 <END> 
<S> 55 67 72 / 62 66 -55 -72 / 60 64 67 -72 / 59 62 74 -67 / 65 -59 -59 -74 / 56 59 64 76 / 52 56 64 71 / 57 60 64 72 / 55 65 71 74 / 40 -65 -71 -74 / 48 60 67 76 / 53 60 65 77 / 62 -53 -60 -77 <END> 
<S> 57 64 72 / 59 62 67 74 / 60 67 76 / 62 77 -60 -67 / 61 64 69 79 / 62 69 77 / 61 -62 -69 -77 / 50 59 68 -77 / 57 61 69 76 / 57 60 69 76 <END> 
<S> 62 69 77 / 53 -62 -69 -77 / 59 62 67 79 / 61 64 76 -79 / 57 60 69 -79 / 59 62 -69 -76 / 77 -59 -62 -62 / 60 64 67 76 / 65 69 -60 -76 / 55 67 71 74 / 53 -67 -71 -74 / 52 67 72 76 / 53 -67 -72 -76 <END> 
<S> 60 64 69 76 / 62 -60 -69 -76 / 61 69 76 / 64 67 -69 / / 62 65 69 81 / 64 71 -53 -81 / 62 65 72 81 / 55 62 71 79 / 60 64 72 79 / 53 -64 -72 -79 / 52 67 72 79 / 70 -52 -67 -79 <END> 
<S> 55 64 71 79 / 57 64 72 79 / 59 65 74 -72 / 60 67 76 / 62 77 -60 / 64 79 79 / 62 71 -79 -79 / 57 72 81 -79 / 78 -72 -81 / 62 71 79 / 69 77 -62 / 60 67 -62 -77 / 58 67 76 -62 / 60 -58 -67 -76 <END> 
<S> 59 67 76 79 / 60 -59 -67 -79 / 62 67 72 81 / 66 -62 81 -81 / 67 71 74 83 / 55 -67 -74 -83 / 62 71 79 / 64 67 72 / 62 66 69 74 / 60 67 76 -62 / 59 -60 -67 -76 / 57 60 65 77 <END> 
<S> 59 67 74 79 / 57 69 72 77 / 55 67 71 76 / 53 -67 -71 -76 / 52 67 -73 -76 / 50 74 -67 -67 / 48 72 76 -67 / 66 -48 -72 -76 / 55 67 71 74 / 53 -67 -71 -74 / 52 68 72 76 / 57 74 -72 -76 <END> 
<S> 48 67 72 76 / 50 -67 -72 -76 / 52 67 72 76 / 53 -67 -72 -76 / 55 67 72 74 / 57 -67 -72 -74 / 59 71 74 -67 / 56 65 -71 -74 / 57 64 72 -71 / 59 -64 -71 -76 / 60 64 69 77 / 62 -60 -69 -72 / 45 60 69 76 / 55 -60 -69 -76 <END> 
<S> 59 67 74 / 57 64 71 76 / 77 -57 -64 -71 / 52 64 71 79 / 56 62 71 -79 / 59 62 74 81 / 57 60 69 -74 / 55 59 71 76 / 60 -55 -59 -76 / 62 -52 -60 -76 / 59 -52 -60 -67 / 57 69 -52 -60 / 50 54 71 -69 / 54 62 69 -54 / 60 -54 -69 -69 <END> 
<S> 57 64 71 76 / 66 -57 -64 -72 / 55 59 67 74 / 60 64 69 76 / 62 -60 -69 -76 / 64 67 71 79 / 65 -64 -71 -79 / 64 67 72 80 / 62 74 -67 -84 / 60 72 76 / 59 -72 -76 / 57 60 77 76 / 59 62 74 79 / 60 64 72 76 <END> 
<S> 64 67 79 / 62 65 -67 -79 / 60 64 67 79 / 58 -64 -67 -79 / 57 60 69 77 / 55 -60 -69 -77 / 53 60 70 79 / 52 -60 -70 -79 / 53 60 69 81 / 55 71 -60 -81 / 57 60 72 76 / 62 77 -57 -72 / 52 64 79 -72 / 70 -52 -64 -79 <END> 
<S> 53 60 69 77 / 76 -60 -69 -77 / 55 67 72 76 / 55 74 -67 -72 / 71 -55 -67 -74 / 65 -55 -71 -74 / 56 64 71 / 57 64 69 72 / 59 62 67 74 / 60 67 76 / 62 77 -60 -67 / 64 67 69 79 <END> 
<S> 57 64 69 72 / 55 67 71 74 / 60 67 72 76 / 65 71 74 79 / 64 69 72 76 / 62 71 74 79 / 72 -62 -74 -79 / 55 67 71 74 / 65 69 -55 -74 / 60 64 76 -55 / 62 -55 -60 -76 <END> 
<S> 59 67 72 79 / 69 -59 -72 -79 / 52 67 71 79 / 50 65 69 -79 / 52 64 79 57 / 53 -64 -64 -79 / 62 64 71 77 / 57 -62 -62 -74 / 55 62 71 76 / 57 -62 -71 -76 / 55 59 74 -71 / 57 72 -62 -74 / 55 62 71 74 / 57 67 -62 -74 / 55 -67 -71 -74 <END> 
<S> 57 60 66 74 / 59 62 -57 -74 / 55 60 64 72 / 54 57 62 74 / 50 59 62 71 / 52 55 60 72 / 53 57 60 -72 / 55 59 62 / 53 53 -59 -62 / 52 52 59 67 / 50 -52 -59 -67 / 45 48 57 65 / 47 50 55 -65 / 48 52 55 64 / 50 55 -55 -64 <END> 
<S> 55 59 62 / 52 -55 -59 -62 / 50 55 58 64 / 38 57 -55 -63 / / 53 57 62 / 43 55 59 -62 / 53 -43 -59 -62 / 36 52 55 60 / 48 55 60 64 / 47 -55 -60 -64 / 45 57 60 64 / 43 -57 -60 -64 / 41 57 60 62 / 40 55 59 67 / 56 64 72 / 58 62 74 -72 / 56 65 72 76 <END> 
<S> 48 55 60 64 / 50 -55 -60 -64 / 52 55 60 64 / 53 -55 -60 -64 / 55 59 62 / 53 -55 -59 -62 / 52 55 60 67 / 48 -55 -60 -67 / 47 55 62 65 / 47 -55 -62 -65 / 48 55 60 64 / 55 59 62 -48 / 52 55 60 64 / 53 -55 -60 -64 / 55 59 62 / 53 -55 -59 -62 / 52 55 60 64 / 48 -55 -60 -64 <END> 
<S> 48 55 60 64 / 52 55 59 67 / 50 -55 -59 -67 / 48 52 60 67 / 48 52 60 67 / 53 60 69 72 / 55 70 -53 -69 / 53 57 65 72 / 48 55 64 72 / 50 65 71 74 / 52 64 72 79 / 67 -52 -64 -72 <END> 
<S> 53 60 69 72 / 50 65 71 74 / 55 64 67 76 / 65 -55 -60 -76 / 53 -55 -60 -76 / 55 59 67 74 / 52 67 76 / 60 -52 -67 -76 / 50 65 69 74 / 71 -50 -65 -74 / 48 67 72 76 / 64 -67 -72 -76 / 69 74 77 -64 / 59 67 -74 -77 / 60 67 72 76 <END> 
<S> 52 60 67 79 / 53 -60 -67 -79 / 55 60 67 74 / 59 -55 -67 -74 / 48 64 67 72 / 48 67 72 76 / 50 65 77 -72 / 71 -50 -65 -77 / 52 67 72 76 / 53 -67 -72 -76 / 55 67 74 -72 / 71 -55 -67 -74 / 0 / 56 71 76 <END> 
<S> 50 65 71 74 / 47 -65 -71 -74 / 48 67 72 76 / 52 -67 -72 -76 / 53 69 74 -72 / 55 67 71 -74 / 43 67 72 74 / 45 64 72 43 / 59 65 74 79 / 52 67 72 79 / 71 -52 -67 -79 / 50 69 72 77 <END> 
<S> 47 62 67 74 / 48 64 67 72 / 50 65 74 -72 / 52 -65 -72 -74 / 53 -65 -72 -74 / 55 65 72 74 / 71 -55 -65 -74 / 48 64 67 72 / 62 71 -48 -67 / 50 60 69 -67 / 62 66 -50 -69 / 43 59 62 67 <END> 
<S> 55 62 72 / / 71 -55 -62 / / 55 60 72 76 / 71 74 -55 -60 / 52 60 67 72 / 65 74 -60 / / 60 67 76 / 59 77 -67 -76 / 57 65 72 77 / 55 67 72 76 / 53 -67 -72 -76 / 55 67 71 74 / 65 -55 -71 -74 <END> 
<S> 60 67 72 76 / 62 -60 -67 -72 / 60 64 72 79 / 62 71 -64 -79 / 57 60 72 77 / 59 62 -72 -77 / 60 64 72 76 / 65 74 -60 -76 / 55 67 72 74 / 62 71 74 -55 / 64 67 -71 -74 / 65 74 -67 -71 / 67 71 76 / 68 74 -67 -71 <END> 
<S> 60 67 74 -74 / 72 -60 -67 -76 / 55 67 71 74 / 65 -55 -71 -74 / 48 64 67 72 / 53 60 69 77 / 65 71 -53 -60 / 55 67 72 -60 / 59 -55 -67 -72 / 60 67 72 / 55 -60 -67 -72 / 57 65 69 72 / 59 -65 -69 / 60 64 67 72 / 62 -64 -67 -72 <END> 
<S> 55 59 67 74 / 60 67 76 / 59 -60 -67 -76 / 57 60 67 76 / 77 -57 -60 -67 / 52 60 67 79 / 53 -60 -67 -79 / 55 59 67 74 / 52 60 67 79 / 50 60 65 74 / 59 -50 -65 -74 / 52 60 67 76 / 53 69 -60 -76 / 55 67 71 74 / 55 67 71 -74 / 65 -55 -71 -74 <END> 
<S> 60 67 76 / 59 74 -67 -76 / 57 65 72 77 / 55 67 72 76 / 53 -67 -72 -76 / 55 67 71 74 / 62 67 -71 -74 / 64 71 -71 -76 / 65 69 -71 -74 / 69 74 -65 -71 / 64 71 76 / 62 69 74 / / 60 74 -69 / 55 67 71 76 / 55 67 71 74 <END> 
<S> 57 64 69 72 / 65 71 74 -57 / 55 64 72 76 / 74 -55 -64 -72 / 53 69 72 74 / 55 67 71 74 / 65 -55 -71 -74 / 48 64 67 72 / 60 64 67 72 / 59 62 67 74 <END> 
<S> 55 62 67 72 / 43 71 -62 -67 / 55 -43 -67 -71 / 62 -43 -55 -67 / 48 55 64 72 / 48 55 64 72 / 50 65 71 / 52 55 64 72 / 54 57 -64 -72 / 55 59 62 71 / 67 -55 -59 -71 <END> 
<S> 50 55 62 71 / 48 55 64 72 / 52 55 67 71 / 50 60 66 69 / 62 -50 -69 / 48 64 72 / 47 55 62 74 / 45 60 64 72 / 66 -45 -60 -72 <END> 
