<S> 44 51 56 60 / 43 51 56 60 / 41 -51 -56 -60 / 43 50 55 59 / 53 -43 -55 -59 / 45 51 60 -55 / 47 50 62 -55 / 48 63 -55 / 41 60 -48 -63 / 43 55 60 62 / 53 59 -43 -62 / 36 51 55 60 / 48 55 60 63 <END> 
<S> 48 55 60 63 / 38 -48 -60 -63 / 36 55 63 -48 / 46 -55 -60 -63 / 45 53 60 65 / 50 -53 -60 -65 / 53 59 62 67 / 53 65 -62 -67 / 51 63 67 72 / 50 62 65 70 / 48 63 67 72 / 53 62 65 71 <END> 
<S> 55 62 67 70 / 50 -62 -67 -70 / 51 60 67 72 / 53 65 69 74 / 63 -53 -69 -74 / 55 62 71 -74 / 67 72 -55 -62 / 65 -55 -72 -72 / 63 67 72 / 59 62 74 -67 / 60 67 75 / 58 -60 -67 -75 / 56 60 65 77 / 55 67 75 -60 <END> 
<S> 63 67 72 / 60 -63 -67 -72 / 56 62 65 72 / 60 -56 -65 -72 / 46 62 65 70 / 47 62 67 -70 / 48 63 67 72 / 50 -63 -67 -72 / 51 62 67 71 / 53 -62 -67 -71 / 51 55 67 72 / 50 74 -55 -67 / 48 60 67 75 / 53 60 68 74 / 55 59 67 74 / 56 60 65 -74 / 59 62 67 -65 / 55 60 63 -67 <END> 
<S> 51 55 67 72 / 50 -55 -67 -72 / 48 60 67 75 / 53 -60 -67 -75 / 55 59 67 74 / 56 60 65 -74 / 65 -56 -60 -74 / 55 59 67 75 / 53 68 74 77 / 55 67 75 79 / 71 -55 -67 -75 / 56 72 77 / 55 71 74 -77 <END> 
<S> 55 59 67 75 / 56 60 72 -67 / 65 -56 -60 -72 / 55 59 67 74 / 59 -55 -67 -74 / 48 63 67 72 / 56 59 65 74 / 60 -56 -59 -74 / 55 59 67 74 / 65 -55 -59 -74 / 56 60 63 72 / 55 -60 -63 -72 <END> 
<S> 55 60 67 75 / 53 -60 -67 -75 / 55 59 67 74 / 65 -55 -59 -74 / 48 60 63 72 / 55 58 67 75 / 57 60 65 -75 / 58 62 74 -65 / 51 63 67 72 / 53 -63 -67 -72 / 55 62 67 70 / 68 -55 -62 -70 <END> 
<S> 53 60 65 68 / 51 63 67 70 / 65 68 -63 / 55 63 67 70 / 65 -55 -67 -70 / 53 58 67 70 / 52 -58 -67 -70 / 53 60 67 68 / 55 59 -60 -67 / 56 60 65 -60 / 53 58 62 -65 / 56 -53 -62 -65 / 55 58 62 / 57 -55 -62 / 55 58 63 / 56 -55 -58 -63 <END> 
<S> 53 60 65 68 / 62 -53 -65 -68 / 55 58 63 67 / 56 -58 -63 -67 / 58 62 65 / 56 -58 -65 / 55 77 -56 / 55 53 62 70 77 / 67 75 -55 -70 / 53 65 69 72 / 51 63 -69 -72 / 50 65 70 74 / 51 58 70 75 / 53 68 -58 -75 <END> 
<S> 53 60 68 74 / 50 -60 -68 -74 / 55 59 67 -74 / 65 -55 -59 -74 / 48 55 63 72 / 51 63 67 79 / 60 63 69 -79 / 54 62 69 74 / 62 67 70 -74 / 72 -62 -67 -70 / 55 67 70 74 / 53 -67 -70 -74 <END> 
<S> 58 62 70 77 / 63 72 75 / 65 74 -63 -72 / 63 70 79 / 62 -63 -70 -79 / 60 63 68 79 / 55 -63 -70 -79 / 57 63 72 77 / 70 -57 -60 -77 / 53 69 72 75 / 70 -53 -69 -75 / 58 65 74 77 / 56 60 65 77 <END> 
<S> 57 60 72 77 / 55 70 -60 -77 / 53 65 69 72 / 74 -53 -65 -69 / 55 58 67 75 / 57 60 -67 -75 / 58 62 65 74 / 52 67 70 72 / 53 65 69 72 / 46 65 70 74 / 48 63 69 72 <END> 
<S> 53 60 69 74 / 50 58 65 -74 / 54 57 63 72 / 46 62 65 / 48 58 63 67 / 56 59 68 72 / 55 67 71 53 53 56 -67 -71 / 51 60 67 -67 / 48 60 -67 -70 / 53 60 65 69 / 63 -53 -60 -69 / 46 62 65 70 / 51 63 67 70 / 53 65 69 -70 <END> 
<S> 52 60 67 72 / 53 69 -60 -72 / 50 65 71 74 / 48 67 72 75 / 58 74 -48 -72 / 56 60 63 72 / 65 -56 -60 -72 / 55 62 67 70 / 53 -62 -67 -70 / 51 60 67 72 / 50 -60 -67 -72 / 48 65 67 74 / 47 -65 -67 -74 / 48 63 67 75 / 62 -48 -67 -75 <END> 
<S> 52 60 67 72 / 53 -60 -67 -72 / 55 62 65 71 / 48 63 67 72 / 60 63 67 72 / 58 62 67 74 / 60 67 75 / 58 -60 -67 -75 / 56 68 72 75 / 55 70 -68 -75 / 53 65 70 74 / 51 63 67 72 / 53 68 74 -72 / 55 67 71 -74 <END> 
<S> 58 67 75 / 68 -58 -75 / 46 -58 -63 -75 / 44 65 72 -75 / 74 -44 -65 -68 / 51 63 67 75 / 53 60 68 77 / 55 59 67 -77 / 56 60 65 72 / 63 -56 -60 -72 / 55 62 71 74 / 53 -62 -71 -74 / 51 67 72 75 / 50 65 70 74 <END> 
<S> 56 60 63 72 / 65 74 -56 -60 / 55 58 67 75 / 57 60 65 -75 / 58 62 65 74 / 56 60 -65 -74 / 55 58 67 75 / 53 68 77 -58 / 55 60 70 75 / 61 -55 -70 -75 / 58 62 65 74 / 67 -58 -62 -74 / 60 -58 -67 -75 / 58 74 77 / 56 60 72 77 / 55 70 75 79 / 56 60 -75 -79 <END> 
<S> 55 58 70 75 / 56 60 -70 -75 / 55 62 68 77 / 53 60 -68 -77 / 51 58 67 79 / 53 68 77 -60 / 55 60 67 75 / 54 69 -55 -75 / 55 62 70 74 / 67 -55 -70 -74 / 65 -55 -70 -74 / 56 60 72 -70 / 74 -56 -60 -72 / 55 67 72 74 / 53 68 -72 -74 / 55 71 -68 -74 / 56 72 -68 / 60 66 -56 -72 <END> 
<S> 53 68 74 -60 / 55 60 65 -74 / 56 72 63 68 / 74 -56 -60 -68 / 55 60 67 75 / 53 -60 -67 -75 / 55 59 67 74 / 65 -55 -59 -74 / 48 55 63 72 / 48 63 67 79 <END> 
<S> 55 60 67 75 / 53 -60 -67 -75 / 55 59 74 -67 / 65 -55 -59 -74 / 48 60 63 72 / 60 63 67 75 / 60 63 68 -75 / 56 63 72 75 / 55 -63 -72 -75 / 56 60 74 77 / 59 62 74 -77 / 60 63 67 75 / 65 -60 -67 -75 <END> 
<S> 60 63 68 75 / 62 65 70 -60 / 63 -60 -65 -70 / 62 65 70 77 / 63 70 -65 / 62 65 -70 / 63 67 70 79 / 62 71 -67 -79 / 60 67 75 79 / 58 -60 -67 -79 <END> 
<S> 63 70 -51 -63 / 62 -51 -63 -70 / 67 75 -48 -62 / 60 63 67 -48 / 58 62 65 70 / 56 67 72 75 / 55 -67 -72 -72 / 53 68 74 -72 / 55 67 71 -74 / 65 -55 -71 -74 / 48 63 67 72 <END> 
<S> 53 68 72 74 / 55 -68 -72 -74 / 56 66 72 75 / 55 67 71 74 / 50 72 -67 -75 / 48 67 75 -72 / 50 -67 -72 -75 / 51 67 72 75 / 53 -67 -72 -75 / 55 67 70 75 / 56 60 68 77 / 58 62 -68 -77 / 60 63 67 75 / 53 65 72 -75 <END> 
<S> 51 67 72 75 / 53 -67 -72 -75 / 55 67 71 74 / 51 58 67 79 / 60 -51 -67 -79 / 58 62 70 77 / 56 -62 -70 -77 / 55 62 70 77 / 53 -62 -70 -77 / 51 63 70 79 / 55 -63 -70 -79 / 57 65 72 77 / 59 62 67 -77 / 60 67 75 -62 <END> 
<S> 55 63 70 75 / 53 65 69 -75 / 51 67 70 77 / 63 -51 -70 -77 / 50 65 72 77 / 67 71 -50 -77 / 48 67 72 75 / 53 68 74 -72 / 55 70 74 -67 / 65 -55 -70 -74 / 53 63 70 -70 / 69 -53 -63 -70 / 67 70 -53 -70 / 52 68 72 -58 / 57 60 63 -72 / 55 58 62 70 <END> 
<S> 53 65 68 74 / 63 72 -53 -68 / 55 62 67 70 / 59 63 67 / 62 65 -55 -59 / 60 60 63 -51 / 55 59 62 67 / 53 56 60 72 / 55 62 67 71 / 53 -62 -67 -71 / 51 60 67 72 / 48 -60 -67 -72 / 46 58 65 74 / 56 -46 -58 -74 <END> 
<S> 56 60 63 72 / 55 74 -60 -63 / 53 68 72 -60 / 55 -68 -72 / 56 60 68 77 / 50 -60 -68 -77 / 51 58 67 75 / 53 65 74 / 55 58 -65 -74 / 56 60 65 68 / 58 -60 -65 -68 / 60 67 -65 / 64 -60 -67 / 53 60 65 68 / 58 67 -53 -65 / 48 60 64 67 <END> 
<S> 53 60 68 -67 / 65 -53 -60 -68 / 48 60 65 67 / 64 -48 -60 -67 / 53 56 60 65 / 62 -53 -56 -65 / 51 55 63 70 / 50 -55 -63 -70 / 48 55 63 70 / 68 -48 -55 -63 / 53 56 59 65 / 41 -53 -56 -65 / 51 55 60 67 / 50 59 65 -67 / 51 55 60 -67 / 62 -51 -55 -67 / 48 60 63 67 / 58 -48 -63 -67 <END> 
<S> 55 62 65 71 / 53 -62 -65 -71 / 51 63 66 69 / 71 -51 -63 / 55 59 67 71 / 60 63 72 -55 / 62 67 71 -51 / 50 60 -67 -71 / 48 62 67 74 / 47 -62 -67 -74 / 48 60 67 75 / 58 62 -67 -75 / 56 60 63 72 / 55 58 -63 -72 / 53 56 72 74 / 51 -60 -68 -72 / 50 59 67 74 / 55 62 67 -74 <END> 
<S> 48 63 67 72 / 60 68 -48 -72 / 55 62 67 71 / 53 -62 -67 -71 / 51 63 67 72 / 50 65 69 74 / 71 -50 -65 -74 / 48 67 72 75 / 53 68 74 -72 / 55 67 71 -74 / 56 72 -67 / 60 65 -56 -72 / 55 59 67 74 / 55 59 67 74 <END> 
<S> 51 67 72 75 / 53 -67 -72 -75 / 55 67 71 74 / 53 -67 -71 -74 / 51 67 72 79 / 53 -67 -72 -79 / 55 67 71 74 / 55 67 71 75 <END> 
<S> 50 65 70 74 / 51 -65 -70 -74 / 53 65 69 72 / 71 74 -53 -65 / 60 67 72 76 / 58 -67 -72 -76 / 56 60 72 77 / 55 62 70 -77 <END> 
<S> 46 58 65 74 / 62 -46 -58 -74 / 53 57 63 72 / 62 -53 -57 -72 / 58 63 67 70 / 65 69 -58 -70 / 46 58 70 74 / 62 -46 -70 -74 / 51 70 79 -65 / 63 -51 -70 -79 <END> 
<S> 46 62 65 70 / 46 62 67 -70 / 48 63 68 -67 / 50 65 -60 -68 / 51 58 67 70 / 56 60 68 72 / 74 -56 -60 -68 / 55 60 67 75 / 53 -60 -67 -75 / 55 59 67 74 / 65 -55 -59 -74 / 48 55 63 72 / 48 63 67 79 <END> 
<S> 56 60 63 72 / 65 74 -56 -60 / 55 58 67 75 / 53 57 -67 -75 / 55 58 67 74 / 56 72 -67 -74 / 55 70 74 75 / 72 -55 -70 -75 / 55 67 71 74 / 65 -55 -71 -74 / 56 63 72 / 65 -56 -72 <END> 
<S> 55 67 71 75 / 63 72 -67 -75 / 65 74 77 -56 / 75 -68 -74 / 56 70 74 / 65 68 -56 / 48 63 67 72 / 68 -48 -63 -72 / 50 65 70 74 / 58 62 -70 -74 / 68 -58 -62 -74 / 51 58 67 75 / 48 60 67 75 / 55 59 67 74 / 65 -55 -59 -74 <END> 
<S> 56 63 68 72 / 55 68 -63 -72 / 53 61 67 70 / 52 60 -67 -70 / 53 60 65 68 / 58 64 67 -53 / 56 60 65 -64 / 59 62 65 / 60 -56 -65 / 55 62 67 70 / 53 -62 -67 -70 / 51 60 67 70 / 48 -60 -67 -70 <END> 
<S> 60 63 67 / 59 -60 -64 -67 / 54 60 69 75 / 62 -54 -60 -75 / 55 58 70 74 / 60 63 -70 -74 / 68 72 -60 -63 / 59 62 67 -68 / 60 67 75 / 58 -60 -67 -75 / 56 60 65 77 / 53 -60 -65 -77 / 55 59 75 79 / 53 -59 -75 -79 / 52 67 72 75 <END> 
<S> 60 67 75 / 58 -60 -67 -75 / 56 60 72 75 / 55 70 -60 -75 / 53 60 68 74 / 55 59 67 -74 / 56 60 65 72 / 48 -56 -65 -72 / 55 62 67 71 / 60 63 67 72 / 62 -60 -67 -72 / 53 57 65 74 / 46 58 65 74 / 47 62 65 74 <END> 
<S> 56 60 65 72 / 55 74 -60 -72 / 53 -60 -72 -75 / 55 74 -60 -72 / 71 -55 -68 -74 / 48 63 67 72 / 60 66 69 74 / 55 59 67 -74 / 57 68 72 75 / 70 -51 -67 -75 / 53 68 72 74 / 55 -68 -72 -74 / 56 65 70 -74 / 55 -68 -70 -74 / 50 65 70 72 / 68 -50 -65 <END> 
<S> 55 67 70 75 / 53 -67 -70 -75 / 51 65 70 77 / 50 -65 -70 -77 / 51 63 70 79 / 72 -51 -63 -79 / 50 62 77 77 / 68 -50 -62 -77 / 51 67 75 -62 / 60 69 -67 -75 / 55 67 71 74 / 60 67 72 75 / 58 -67 -72 -75 / 57 60 72 77 / 55 70 -60 -77 <END> 
<S> 47 62 67 79 / 48 60 67 75 / 72 -48 -60 -75 / 58 -48 -67 -75 / 56 65 72 -51 / 50 58 65 -72 / 51 67 70 / -74 -51 -67 -70 / 53 60 68 -67 / 65 -53 -60 -68 / 55 59 67 -65 / 63 -55 -59 -67 / 57 60 65 -67 / 53 59 62 67 / 55 60 63 -67 / 53 65 -60 -67 / 51 60 67 -60 / 59 48 -55 -67 / 43 50 59 67 / 45 -43 -55 -60 / 45 48 60 -56 / 47 50 55 / <END> 
<S> 55 60 63 / 43 55 59 62 / 55 -43 -59 -62 / 44 53 60 / 41 62 -41 -56 / 43 55 58 63 / 44 60 -55 -63 / 43 55 59 62 / 53 -43 -59 -62 / 48 51 55 60 / 48 60 63 67 / 50 -60 -63 -67 / 51 58 63 67 / 61 -51 -58 -67 / 53 56 60 68 / 58 62 -53 -68 / 48 60 63 67 / 46 -60 -63 -67 <END> 
<S> 44 48 60 65 / 46 58 62 65 / 48 67 -53 -58 / 47 55 62 67 / 65 -47 -55 -62 / 48 55 63 70 / 51 -48 -63 -70 / 41 56 62 72 / 70 -56 -56 -72 / 51 55 63 70 / 50 62 65 -70 / 48 60 63 67 / 58 -60 -63 -67 / 44 60 63 67 / 43 -60 -63 -67 <END> 
<S> 46 58 62 65 / 60 63 -46 -65 / 47 62 65 / 39 55 -62 -65 / 51 55 63 67 / 50 -55 -63 -67 / 48 60 63 67 / 58 -60 -67 -75 / 57 60 65 75 / 58 62 65 74 / 56 60 65 72 / 55 67 -60 -72 / 53 60 68 72 / 65 -53 -68 -72 <END> 
<S> 60 62 65 / 64 -60 -65 / 56 62 65 / 55 58 63 67 / 56 59 65 / 60 -56 -56 -65 / 55 58 67 75 / 53 68 77 / / 60 -53 -68 -77 / 55 62 67 71 / 53 -62 -67 -71 / 51 60 67 72 / 48 -60 -67 -72 / 50 65 67 71 / 43 62 -65 -70 / 48 63 67 72 / 69 -48 -63 -72 / 50 62 65 71 <END> 
<S> 55 62 67 71 / 56 60 65 68 / 53 58 65 68 / 64 67 -53 -58 / 56 60 63 72 / 62 65 -56 -72 / 55 58 67 70 / 56 63 -58 -67 / 65 68 -58 -63 / 63 63 67 70 / 62 65 70 -48 / 60 63 67 75 / 58 62 70 77 <END> 
<S> 53 58 65 70 / 63 -53 -58 -70 / 46 58 62 70 / 55 58 67 70 / 53 60 -67 -70 / 62 -53 -67 -70 / 52 60 67 70 / 53 60 65 69 / 51 -60 -65 -69 / 50 58 65 70 / 46 62 -65 -70 / 51 58 63 67 / 50 58 65 -67 <END> 
<S> 53 60 65 69 / 46 53 65 70 / 48 58 63 -70 / 50 57 65 72 / 51 58 67 -72 / 50 57 65 70 / 52 55 67 70 / 53 60 68 -55 / 50 53 -60 -68 / 51 58 67 / 56 68 -51 -58 <END> 
<S> 55 58 67 70 / 68 -58 -58 -67 / 60 63 68 -58 / 57 61 -68 -75 / 58 62 70 77 / 56 60 -70 -77 / 55 62 70 77 / 53 -62 -70 -77 / 51 70 75 79 / 55 -70 -75 -79 / 56 60 -75 -79 / 62 72 77 -60 / 59 -62 -72 -77 / 60 63 67 75 / 58 62 -67 -75 <END> 
<S> 53 56 72 77 / 53 74 77 -68 / 51 67 75 79 / 55 -58 -67 -79 / 53 60 68 77 / 55 60 67 75 / 53 60 68 77 / 55 59 67 75 / 56 60 65 72 / 62 74 -56 -65 / 55 63 70 75 / 53 56 65 -75 / 51 67 -56 -65 / 53 56 68 74 / 55 62 -68 -74 <END> 
<S> 56 60 65 75 / 53 -60 -65 -75 / 55 61 67 74 / 65 -55 -58 -74 / 56 60 63 72 / 55 58 -63 -72 / 53 56 68 74 / 58 -53 -68 -74 / 48 60 68 75 / 50 -60 -68 -75 / 51 58 67 79 / 56 65 72 77 / 58 79 -65 -72 / 63 -58 -72 -79 / 57 65 72 77 / 58 67 75 -77 / 68 -58 -74 -77 <END> 
<S> 53 68 77 -63 / 56 62 -68 -77 / 58 62 68 77 / 67 75 -62 -68 / 55 67 70 75 / 53 -67 -70 -75 / 51 65 70 77 / 50 -65 -70 -77 / 48 63 72 79 / 50 65 77 -72 / 71 -50 -65 -77 / 51 67 72 75 / 53 -67 -72 -75 / 55 67 70 74 / 65 -55 -70 -74 <END> 
<S> 48 67 75 -74 / 72 -48 -67 -75 / 55 67 71 74 / 51 67 70 79 / 60 -51 -70 -79 / 53 62 71 79 / 51 63 72 79 / 53 60 69 77 / 55 67 71 75 / 57 60 65 -75 / 59 62 67 74 / 58 -62 -67 -74 <END> 
<S> 56 60 68 77 / 55 -60 -68 -77 / 60 -56 -60 -77 / 59 62 67 -53 / 52 60 67 -59 / 48 60 65 69 / 50 62 65 71 / 51 63 67 72 / 62 74 -51 -67 / 47 60 67 75 / 48 65 69 -75 / 75 67 -48 -65 / 47 62 65 74 / 62 -47 -65 -74 <END> 
<S> 48 60 63 67 / 43 59 -60 -67 / 44 56 60 72 / 56 59 -56 -72 / 54 60 63 72 / 62 -54 -60 -72 / 55 62 67 71 / 60 63 67 / 62 65 67 / 60 64 -67 / 59 65 -60 -67 <END> 
<S> 58 62 65 70 / 60 63 67 75 / 58 62 70 77 / 56 -62 -70 -77 / 55 63 70 79 / 62 77 -55 -70 / 56 60 72 75 / 55 70 -60 -75 / 53 65 68 80 / 74 -53 -65 -68 / 48 63 67 75 <END> 
<S> 53 60 68 77 / 51 67 -60 -77 / 68 -51 -60 -75 / 46 62 65 -75 / 63 67 -46 -77 / 65 68 -46 -77 / 51 63 67 79 / 55 63 71 -79 / 53 68 72 79 / 55 -68 -72 -81 / 56 60 -72 77 / 50 71 77 -77 / 68 72 -50 -77 / -68 -50 -72 -77 / 51 67 72 75 / 51 -67 -72 -75 <END> 
<S> 53 68 74 77 / 72 75 -53 -68 / 55 62 71 74 / 67 -55 -71 -74 / 48 63 67 72 / 60 63 67 72 / 58 62 -67 -72 / 57 60 65 72 / 55 67 -60 -72 / 53 60 69 72 / 54 63 -69 -72 / 55 62 67 70 / 60 63 67 / 58 -60 -63 -67 <END> 
<S> 60 64 67 72 / 58 -64 -67 -72 / 54 57 62 74 / 72 -54 -57 -62 / 55 62 70 / 54 62 69 -55 / 60 -54 -69 -69 / 55 59 67 / 55 58 62 67 / 60 63 67 75 / 58 62 -67 -75 <END> 
<S> 55 62 70 75 / 63 -55 -70 -75 / 56 65 68 74 / 59 67 -65 -74 / 60 67 72 / 64 -60 -67 -72 / 53 65 69 72 / 63 -53 -69 -72 / 46 62 65 70 / 48 63 69 75 / 50 65 70 74 / 51 -65 -70 -74 <END> 
<S> 57 60 65 72 / 55 67 -60 -72 / 53 65 69 72 / 74 -53 -65 -69 / 75 -53 -65 -69 / 46 65 70 74 / 48 63 72 -70 / 50 65 0 / 0 / 51 63 70 79 / 53 68 77 -63 / 62 -53 -68 -77 <END> 
<S> 51 58 68 75 / 53 65 69 74 / 63 65 72 -55 / 62 74 -65 / 63 67 75 / 60 77 -67 / 58 62 67 77 / 60 63 68 75 / 58 65 70 -75 / 56 65 72 77 <END> 
<S> 60 63 68 75 / 62 65 70 77 / 63 79 -70 -70 / 68 -63 -72 -79 / 60 67 72 75 / 62 -67 -72 -75 / 60 63 67 72 / 58 62 -67 -72 / 56 60 65 77 / 53 62 68 -77 <END> 
<S> 63 67 72 -70 / 68 -63 -67 -72 / 60 63 67 75 / 58 62 -67 -75 / 56 60 72 77 / 55 70 -60 -77 / 53 65 68 74 / 70 -53 -65 -74 / 54 63 69 72 / 55 62 67 70 / 60 63 67 70 / 58 62 -67 -70 <END> 
<S> 53 65 70 72 / 68 -53 -65 -72 / 63 -53 -68 -72 / 67 74 -53 -67 / 55 62 67 71 / 60 -55 -67 -71 / 48 62 67 69 / 50 -62 -67 -69 / 51 62 67 71 / 50 -62 -67 -71 / 55 62 67 71 / 53 -62 -67 -71 / 51 60 67 72 / 48 -60 -67 -72 <END> 
