<S> 53 65 69 72 / 71 74 -53 -65 / 48 67 72 76 / 55 67 71 74 / 65 -55 -71 -74 / 57 64 69 72 / 50 65 69 71 / 52 64 68 -71 / 62 -52 -68 -71 / 53 60 69 / 57 60 69 76 <END> 
<S> 50 69 57 71 / 52 62 -57 -71 / 50 59 62 -71 / 52 55 60 72 / 57 -55 -60 -72 / 55 59 62 67 / 52 55 -59 -67 / 48 55 64 69 / 50 57 65 71 / 52 55 60 72 / 54 62 -55 -72 / 55 62 71 / 59 -55 -62 -71 / 48 57 64 69 / 55 -48 -64 -69 / 50 54 62 -69 / 60 -50 -54 -69 <END> 
<S> 36 55 64 72 / 54 62 -64 -72 / 55 62 71 / 47 50 -55 -71 / 48 52 55 64 / 50 54 57 62 / 52 59 67 -57 / 50 57 -59 -67 / 57 -43 -57 -60 / 47 55 62 65 / 43 55 59 -62 / 48 55 60 64 / 47 55 62 67 <END> 
<S> 47 50 62 67 / 45 60 -50 -67 / 47 55 62 67 / 43 -55 -62 -67 / 48 55 60 64 / 48 55 60 64 / 58 -48 -55 -64 / 41 53 56 60 / 43 -53 59 -60 / 53 -43 -59 -62 / 44 52 60 / 45 57 64 72 / 47 55 62 -72 / 48 -47 -55 -62 <END> 
<S> 41 48 57 62 / 43 55 59 -62 / 36 55 60 64 / 42 57 60 62 / 43 55 59 62 / 53 -43 -59 -62 / 45 52 57 60 / 48 52 55 64 / 50 65 -55 -60 / 52 60 67 / 50 -60 -60 -67 / 55 59 62 / 53 -43 -59 -62 <END> 
<S> 45 52 57 60 / 47 50 55 62 / 48 55 64 / 50 65 -48 -55 / 49 52 57 67 / 50 57 65 69 / 55 64 67 / 53 62 69 -67 / 52 60 67 / 59 -52 -67 / 57 60 67 -52 / 72 -57 -60 -67 / 55 59 62 67 / 52 55 64 71 / 48 55 64 72 / 62 71 -55 -64 / 52 60 64 -69 / 54 60 69 -64 / 62 -54 -60 -69 <END> 
<S> 52 60 64 72 / 48 64 -60 -72 / 50 65 72 -60 / 52 55 67 -72 / 53 57 69 55 / 59 62 -53 -69 / 52 60 61 67 / 50 53 62 -67 / 65 -50 -53 -62 / 52 55 59 64 / 50 57 60 65 / 52 59 67 / 53 55 -59 -67 / 48 55 60 67 / 59 -48 -55 -67 / 43 55 60 62 / 59 -43 -55 -62 <END> 
<S> 50 53 62 69 / 48 52 -62 -69 / 47 50 62 71 / 45 52 -62 -71 / 45 -52 -62 -67 / 47 55 62 67 / 48 64 -55 -67 / 50 62 66 69 / 60 -50 -66 -69 / 43 59 62 67 / 55 59 62 67 / 53 57 -62 -67 <END> 
<S> 47 50 62 67 / 65 -47 -50 -62 / 45 60 64 / 43 57 60 -64 / 41 53 62 -60 / 59 -41 -53 -62 / 40 55 60 64 / 41 -55 -60 -64 / 43 55 59 62 / 44 -55 -59 -62 / 45 52 57 60 / 38 -52 -57 -60 / 40 56 59 67 / 41 -59 -67 -67 <END> 
<S> 43 55 60 62 / 59 -43 -55 -62 / 53 -43 -59 -62 / 36 52 55 60 / 47 55 62 67 / 45 60 -55 -67 / 47 55 62 65 / 43 -55 -62 -65 / 48 55 60 64 / 58 -48 -55 -64 / 45 57 60 65 / 43 55 59 62 / 64 -43 -59 -55 <END> 
<S> 48 55 60 64 / 46 -55 -60 -64 / 45 57 65 -60 / 43 59 59 67 / 55 60 67 72 / 62 -55 -67 -72 / 43 60 65 71 / 59 -43 -65 -68 / 48 60 64 67 / 48 60 64 67 / 59 -48 -64 -67 / 53 57 64 69 / 62 71 -57 <END> 
<S> 48 60 64 67 / 47 -60 -64 -67 / 45 60 65 69 / 47 -60 -65 -69 / 48 60 64 67 / 48 60 64 67 / 53 62 65 69 / 71 -53 -65 -69 / 52 60 67 71 / 62 -52 -67 -71 / 53 60 65 69 / 50 62 -65 -69 / 55 71 64 / 74 -53 -64 / 59 67 74 / 55 76 -67 -74 <END> 
<S> 53 60 65 69 / 64 -53 -60 -69 / 59 62 67 71 / 57 60 64 72 / 55 59 67 74 / 55 67 76 / 65 69 -55 -76 / 64 71 -69 -76 / 62 66 71 74 / 60 69 72 76 / 59 67 71 -76 / 60 69 76 / 57 -60 -69 -76 <END> 
<S> 57 64 69 72 / 59 62 74 -69 / 60 67 76 / 65 -60 -76 / 55 67 71 74 / 55 67 71 74 / 60 67 72 76 / 59 -67 -72 -76 / 57 69 72 77 / 52 67 72 79 / 71 -52 -67 -79 / 50 69 77 78 / 72 -50 -69 -78 <END> 
<S> 60 67 72 76 / 59 -67 -72 -76 / 57 69 72 77 / 59 62 74 79 / 60 64 72 76 / 65 -60 -72 -76 / 55 67 72 74 / 62 -55 -72 -74 / 55 67 71 74 / 65 -55 -71 -74 / 48 64 67 72 <END> 
<S> 55 67 72 74 / 62 -55 -72 -74 / 55 71 74 -74 / 72 -55 -59 -74 / 55 71 74 -60 / 67 -55 -71 -74 / 65 -55 -71 -74 / 57 64 69 72 / 50 65 71 74 / 52 60 68 76 / 59 74 -52 -68 / 45 60 69 76 / 65 77 -45 -60 <END> 
<S> 59 62 67 77 / 60 67 76 / 55 59 67 74 / 57 72 -67 -74 / 59 65 74 74 / 59 67 74 -74 / 60 67 76 -74 / 72 -60 -67 -76 / 55 74 -67 -72 / 65 -55 -72 -74 / 64 -55 -71 -74 / 48 62 67 76 / 60 72 -48 -67 <END> 
<S> 48 67 72 76 / 57 65 72 77 / 58 62 70 77 / 57 60 69 -77 / 59 62 67 -77 / 60 -56 -67 / 58 62 67 74 / 56 59 71 76 / 77 -56 -59 -71 / 57 60 64 72 / 55 59 -64 -72 / 54 57 62 69 / 55 62 71 -69 / 64 67 -55 -71 / 50 62 66 69 / 60 -50 -66 -69 <END> 
<S> 57 60 72 -64 / 59 62 -57 -72 / 64 71 -57 -76 / 62 66 69 50 / 62 -66 -69 -81 / 59 62 71 79 / 60 67 72 / 65 69 -60 -72 / 59 67 71 74 / 60 72 -67 47 / 62 65 72 / 64 -62 -65 -72 / 59 62 67 74 / 60 65 77 / 59 62 67 -77 <END> 
<S> 64 67 72 / 62 66 -72 / 55 64 67 71 / 60 64 -55 -71 / 57 60 64 72 / 65 -57 -60 -72 / 55 59 67 74 / 53 -59 -67 -74 / 52 60 67 76 / 53 -60 -67 -76 / 55 60 67 74 / 59 -55 -67 -74 / 64 72 -55 / 57 65 74 / 55 59 67 -74 <END> 
<S> 55 60 67 74 / 59 -55 -67 -74 / 48 64 67 72 / 0 / 48 64 72 79 / 50 65 72 77 / 71 -50 -65 -77 / 52 67 72 76 / 53 -67 -72 -76 / 55 67 71 74 / 55 67 71 74 <END> 
<S> 50 65 72 77 / 71 -50 -65 -77 / 52 67 72 76 / 53 -67 -72 -76 / 55 67 71 74 / 55 67 71 74 / 60 67 72 76 / 59 -67 -72 -76 / 57 69 72 77 / 59 67 74 79 / 77 -59 -67 -74 / 60 76 -67 -74 / 69 72 77 -60 / 59 67 -72 -77 <END> 
<S> 60 67 72 76 / 59 -67 -72 -76 / 57 69 72 77 / 55 67 71 74 / 53 -67 -71 -74 / 52 67 72 76 / 50 65 74 77 / 62 70 76 -50 / 61 64 69 -76 / 69 -61 -64 <END> 
<S> 64 67 73 79 / 65 69 74 -79 / 67 70 76 79 / 61 67 76 -76 / 62 69 74 77 / 50 -62 -69 -77 / 57 64 70 76 / 77 -57 -64 -70 / 41 60 69 -77 / 53 69 74 -69 / 53 67 71 -74 / 52 -67 -74 / 50 65 74 77 / 59 -50 -74 -77 <END> 
<S> 69 77 -50 -69 / 55 71 -69 -77 / 60 67 72 76 / 74 -60 -67 -72 / 60 67 72 76 / 59 -67 -72 -76 / 57 60 72 77 / 62 71 -57 -77 / 69 -57 -62 -77 / 60 62 67 -77 / 60 -60 -67 -76 / 59 62 67 79 / 57 -59 -67 -79 / 55 64 72 79 / 57 65 -72 -79 / 59 67 74 79 / 60 -67 -74 -79 / 59 67 79 79 / 77 -59 -67 -79 <END> 
<S> 57 60 72 77 / 62 -57 -72 -77 / 64 69 72 76 / 67 77 -64 / 53 65 69 77 / 52 -65 -69 -77 / 50 65 70 -77 / 52 67 70 -77 / 53 65 69 81 / 55 71 -65 -69 / 60 64 67 72 / 62 -60 -67 -72 / 58 60 69 74 / 57 60 69 -74 / 59 62 68 74 / 57 61 69 76 <END> 
<S> 53 60 69 72 / 65 -53 -69 -72 / 55 -65 -69 -72 / 57 -65 -69 -72 / 59 74 -65 -69 / 67 -59 -62 / 65 60 -59 -67 / 52 60 67 72 / 60 -52 -67 -72 / 53 60 69 -72 / 62 -53 -69 -72 / 60 64 67 76 / 58 -64 -67 -76 / 57 60 65 77 / 55 59 67 76 / 53 57 69 74 <END> 
<S> 57 60 67 72 / 65 -57 -60 -72 / 60 67 -65 / 64 -60 -67 / 60 65 -67 / 62 -60 -67 -72 / 60 64 67 71 / 58 62 -67 -70 / 57 64 72 / / 55 -64 -72 / 0 53 / 52 69 72 77 / 76 -53 -69 -72 <END> 
<S> 54 60 64 69 / 62 -54 -60 -69 / 55 59 62 71 / 52 55 60 -71 / 57 60 64 69 / 55 59 65 71 / 57 64 72 -65 / 59 62 67 74 / 60 67 76 / 59 -60 -67 -76 / 57 60 72 77 / 62 71 -57 -77 <END> 
<S> 57 64 72 / 59 62 67 / 60 69 -57 -67 / 55 62 67 71 / 72 -55 -62 -67 / 48 62 67 76 / 64 -48 -67 -76 / 50 62 66 69 / 60 -50 -66 -69 / 55 59 62 67 / 60 64 67 72 / 59 62 67 74 <END> 
<S> 52 64 67 72 / 54 -64 -72 -72 / 55 62 67 71 / 53 -62 -67 -71 / 52 60 67 72 / 64 -60 -67 -72 / 65 60 69 -60 / 59 -60 -65 -69 / 60 64 67 / 60 69 -64 -67 / 62 66 -69 / 50 -62 -66 -69 / 55 62 67 71 / 53 -62 -67 -71 <END> 
<S> 57 60 65 / 55 59 67 / 60 64 69 -55 / 54 62 69 74 / 56 62 71 76 / 57 60 69 76 / 55 -60 -69 -76 / 53 60 69 77 / 52 -60 -69 -77 / 76 -60 -69 -77 / 67 72 76 -60 / 58 -67 -72 -76 / 57 60 72 77 / 62 -57 -72 -77 / 52 64 72 79 / 60 -52 -72 -79 <END> 
<S> 57 60 69 76 / 55 -60 -69 -76 / 53 60 69 77 / 76 -53 -69 -77 / 55 72 76 / 57 74 -53 -72 / 52 55 70 72 / 54 69 74 / / 67 76 -62 / 60 66 69 -72 / 60 67 71 74 / 52 67 72 76 / 57 -67 -72 -76 / 55 67 71 74 / 53 -67 -71 -74 <END> 
<S> 50 65 69 72 / 71 -50 -65 -77 / 52 67 72 76 / 53 -67 -72 -76 / 55 67 71 74 / 55 58 -67 -74 / 57 60 66 72 / 50 59 67 74 / 52 60 67 / 54 -52 -60 -67 / 53 60 62 67 / 64 -53 -60 -67 / 65 -53 -60 -67 / 59 62 67 -53 / 57 60 -62 -67 <END> 
<S> 52 60 67 72 / 50 53 69 74 / 71 -50 -53 -74 / 48 55 72 76 / 50 -72 66 -76 / 52 67 72 -57 / 53 57 -67 -72 / 55 59 67 74 / 52 61 67 76 / 50 57 65 74 / 52 59 64 76 <END> 
<S> 53 57 69 74 / 50 59 -69 -74 / 57 64 72 -53 / 55 59 67 74 / 53 67 76 / 52 60 67 69 / 50 62 65 77 / 56 62 71 -77 / 57 69 72 76 / 59 74 -69 -72 / 67 60 67 76 / 53 -67 -76 <END> 
<S> 52 60 67 79 / 50 -60 -67 -79 / 52 60 67 79 / 53 60 69 81 / 55 59 67 74 / 72 -55 -59 -67 / 48 67 71 74 / 50 72 -67 -74 / 71 -50 -67 -74 / 52 67 72 76 / 53 -67 -72 -76 <END> 
<S> 55 67 71 74 / 72 -55 -67 -74 / 70 -55 -67 -76 / 53 65 69 74 / 50 65 71 74 / 62 -50 -65 -74 / 55 62 71 74 / 67 -55 -71 -74 / 65 -55 -71 -74 / 48 64 67 72 / 55 67 71 74 <END> 
<S> 55 62 67 71 / 43 59 62 -67 / 48 60 64 67 / 47 -60 -64 -67 / 45 60 64 67 / 58 65 -64 -67 / 57 60 64 -65 / 59 62 65 / 53 -59 -62 -65 / 57 60 64 72 / 55 59 67 74 / 53 -59 -67 -74 <END> 
<S> 53 57 60 69 / 62 -53 -57 -69 / 55 64 71 / 62 -55 -64 -71 / 56 60 64 72 / 65 74 -57 -60 / 55 59 67 76 / 61 -55 -67 -76 / 52 60 67 76 / 53 62 65 77 / 52 64 67 72 / 65 69 74 / 64 67 71 / 62 65 71 74 <END> 
<S> 57 60 69 76 / 55 -60 -69 -76 / 53 59 67 74 / 52 60 67 76 / 50 59 65 77 / 52 67 76 -77 / 53 69 74 77 / 55 76 72 77 / 74 -55 -72 -77 / 55 67 72 76 / 71 -55 -67 -76 / 57 66 72 -76 / 55 77 -72 -76 / 53 -72 81 81 / 52 55 60 -81 <END> 
<S> 58 65 74 / 57 72 76 / 55 67 70 74 / 69 72 -55 -74 / 55 70 74 76 / 53 -67 -70 -76 / 52 67 70 77 / 53 65 69 72 / 55 67 70 76 / 53 65 69 72 / 52 60 -65 -69 / 50 59 67 74 <END> 
<S> 53 65 69 72 / 74 -53 -65 -69 / 55 67 76 -62 / 60 66 69 -76 / 62 67 74 -54 / 55 59 -67 -74 / 0 / 53 60 69 74 / 52 59 68 76 / 50 57 65 74 <END> 
<S> 55 59 67 74 / 53 -59 -67 -74 / 52 59 67 76 / 50 77 -59 -67 / 52 60 67 79 / 53 69 -60 -67 / 55 67 71 74 / 52 67 72 / 60 67 -52 -72 / 59 67 71 74 / 57 64 69 72 / 59 -64 -69 -72 <END> 
<S> 52 60 67 72 / 50 65 69 74 / 71 -50 -65 -74 / 48 67 72 76 / 60 74 77 -48 / 76 79 -48 -60 / 53 59 74 77 / 60 72 76 -53 / 55 67 71 74 / 56 64 71 76 <END> 
<S> 53 60 69 72 / 74 -53 -60 -69 / 55 67 76 -60 / 59 74 -55 -67 / 65 -55 -59 -74 / 48 64 67 72 / 55 67 71 74 / 53 -67 -71 -74 / 52 67 72 / 50 65 74 -67 <END> 
<S> 55 62 67 71 / 53 59 62 -67 / 52 60 67 72 / 50 65 69 74 / 71 -50 -65 -74 / 48 67 72 76 / 50 77 -72 / 52 79 -67 -72 / 53 69 74 77 / 55 67 71 74 / 55 67 71 74 <END> 
<S> 50 65 72 77 / 71 -50 -65 -77 / 52 67 72 76 / 53 -67 -72 -76 / 55 67 74 -72 / 71 -55 -67 -74 / 69 -55 -59 -74 / 71 -55 -59 -74 / 57 72 -59 / 64 71 -57 -60 / 50 62 66 69 / 60 62 -66 -69 / 64 59 71 / 64 -56 -59 -71 <END> 
<S> 52 60 64 71 / 62 -52 -60 -71 / 48 57 60 69 / 55 59 -60 -69 / 52 60 67 -59 / 48 -52 -60 -67 / 47 55 62 67 / 45 -55 -62 -67 / 43 59 62 67 / 47 62 -55 -67 / 45 48 60 65 / 47 47 55 62 / 48 52 55 60 / 44 -52 -55 -60 <END> 
<S> 47 50 62 67 / 45 60 -50 -67 / 47 55 62 65 / 59 -55 -62 -65 / 48 60 64 64 / 47 55 62 -64 / 48 55 60 64 / 52 -55 -60 -64 / 50 57 60 65 / 59 -50 -57 -65 / 48 55 60 64 / 43 55 59 62 / 57 -43 -59 -62 <END> 
<S> 45 57 60 65 / 47 50 -57 -65 / 48 55 64 / 47 55 62 / 36 55 60 64 / 59 -55 -60 -64 / 45 57 60 65 / 43 -57 -60 -65 / 41 59 62 67 / 48 69 -53 -62 / 50 54 62 69 / 64 -54 -62 -69 / 38 62 66 69 / 60 -38 -66 -69 / 43 55 59 67 / 48 55 60 69 <END> 
<S> 43 59 62 67 / 45 53 -62 -67 / 46 52 62 67 / 50 72 -55 -67 / 52 55 67 72 / 47 62 -55 -67 / 48 60 64 67 / 50 62 -60 -67 / 52 60 67 76 / 58 -60 -67 -76 / 57 60 65 77 / 55 67 -60 -77 / 53 60 69 77 / 50 -60 -69 -77 / 55 67 74 -60 / 58 76 -67 -76 / 60 65 72 77 <END> 
<S> 48 60 67 76 / 50 -60 -67 -76 / 52 -60 -67 -76 / 53 69 77 -60 / 59 74 -53 -69 / 60 -53 -69 -74 / 54 69 74 -60 / 55 59 67 -74 / 64 72 -55 -67 / 65 -55 -59 -67 / 48 64 67 72 / 55 62 70 -67 / 69 -55 -62 / 50 65 69 72 / 71 -50 -65 -69 <END> 
<S> 48 60 64 67 / 60 65 69 72 / 54 62 69 74 / 55 62 67 70 / 62 66 69 / 60 -62 -66 -69 / 55 59 67 71 / 60 69 -67 / 62 66 71 / 64 -62 -66 -71 / 62 66 69 / 60 -62 -66 -69 / 59 62 67 71 / 57 60 72 -67 <END> 
<S> 62 71 -67 / 66 69 -62 / 50 62 66 -69 / 60 -50 -66 -69 / 55 59 62 67 / 55 59 62 67 / 53 57 62 69 / 52 62 65 71 / 50 -62 -65 -71 / 52 60 67 72 / 57 65 -60 -72 / 52 58 64 67 / 50 57 65 69 / 55 59 67 74 / 60 67 76 / 59 62 67 77 <END> 
<S> 55 58 62 65 / 64 -55 -58 / -79 57 60 65 / 55 59 62 -65 / 53 -59 -62 -62 / 52 55 60 64 / 48 57 65 -60 / 55 59 62 / 53 -55 -59 -62 / 52 52 55 60 / 48 -52 -60 -79 / 50 60 65 -60 / 59 -50 -53 -65 / 52 55 60 64 / 53 -55 -60 -64 / 55 59 62 / 53 -55 -59 -62 / 52 55 60 64 / 48 -55 -60 -64 <END> 
<S> 50 53 65 -60 / 59 -50 -53 -65 / 55 59 62 / 43 -55 -59 -62 / 48 55 60 64 / 52 -55 -60 -64 / 50 57 60 65 / 55 59 62 67 / 53 -59 -62 -67 / 52 55 60 67 / 57 -55 -60 -67 / 55 59 62 / 53 -55 -59 -62 / 52 55 59 64 / 62 -55 -59 -79 / 57 60 64 72 / 55 59 -64 -72 / 53 57 69 72 / 52 -65 -69 -72 <END> 
<S> 47 55 62 65 / 48 60 -55 -65 / 59 -48 -55 -64 / 40 55 60 / / 59 -55 -60 / 36 55 60 64 / 36 -55 -60 -64 / 43 55 59 62 / 67 -43 -55 -62 / 65 -43 -55 -59 / 48 48 55 64 / 47 62 -55 -64 / 45 57 60 69 / 47 62 -57 -69 / 48 64 -57 -69 / 47 50 62 -69 / 48 52 64 -69 / 50 53 62 71 <END> 
<S> 45 48 60 65 / 47 55 62 67 / 48 55 60 64 / 62 65 -48 -55 / 58 64 67 -48 / 49 -55 -64 -67 / 48 55 60 64 / 50 65 -60 -64 / 52 60 67 -65 / 48 -60 -67 -65 / 53 60 65 67 / 69 -53 -60 -65 / 52 60 67 / 58 64 -52 -67 / 49 65 -64 -64 / 55 65 -65 / 64 71 -55 -65 <END> 
<S> 53 60 65 69 / 52 -60 -65 -69 / 50 58 64 67 / 49 57 64 -67 / 50 57 62 65 / 55 59 64 / 53 57 60 / 52 59 -57 / 45 57 60 64 / 55 58 64 <END> 
<S> 53 57 62 69 / 50 -53 -62 -69 / 52 55 60 67 / 58 -52 -55 -67 / 41 53 60 69 / 46 -53 -60 -69 / 48 53 60 67 / 52 -60 -65 -69 / 50 58 64 67 / 52 -58 -63 -67 / 53 57 62 65 / 59 -57 -62 -65 <END> 
<S> 50 53 62 65 / 47 -53 -62 -65 / 48 55 60 64 / 47 -55 -60 -64 / 48 57 60 64 / 43 55 59 62 / 55 -43 -59 -62 / 48 55 60 64 / 48 52 60 67 / 41 53 60 69 / 43 -53 -60 -69 / 45 48 60 69 / 47 50 -60 -69 / 48 52 55 64 / 50 -52 -55 -64 / 52 55 67 / 49 52 -55 -67 <END> 
<S> 44 52 60 67 / 58 -48 -67 -72 / 43 55 60 70 / 53 -43 -60 -70 / 59 -53 -55 41 / 52 60 -55 -59 / 50 53 57 -60 / 59 -50 -53 -57 / 52 55 59 67 / 53 57 60 69 / 59 62 -53 -69 / 52 60 64 67 / 50 62 65 -67 / 64 -43 -59 -67 / 65 -43 -59 -67 / 45 48 64 72 / 47 55 62 67 / 48 69 -55 -62 <END> 
<S> 47 57 60 65 / 59 -43 -57 -65 / 55 59 62 / 41 53 -59 -62 / 40 52 55 60 / 48 55 60 64 / 47 55 62 65 / 48 64 -55 -60 / 47 55 62 67 / 50 -55 -62 -67 / 48 55 62 65 / 47 -55 -62 -65 / 48 55 60 64 / 48 57 60 64 <END> 
<S> 48 55 60 64 / 50 55 59 62 / 52 -55 -59 -62 / 50 53 60 64 / 48 -60 -64 / 60 55 62 / 52 55 60 64 / 53 -55 -60 -64 / 55 57 60 / 65 -55 -60 / 59 -50 -55 -65 / 48 55 60 64 / 43 55 -60 -64 / 59 62 -43 -55 <END> 
<S> 53 57 62 -48 / 50 -53 -57 -62 / 55 59 62 -50 / 53 -55 -59 -62 / 48 52 55 60 / 48 52 60 / 47 55 62 / 44 55 60 64 / 43 55 59 62 / 40 55 60 64 / 40 -55 -60 -64 / 41 57 60 65 / 52 -41 -60 -65 <END> 
