<S> 53 65 68 72 / 54 63 69 72 / 55 62 67 71 / 55 59 62 67 / 57 60 65 72 / 59 65 67 74 / 60 63 67 75 / 65 -60 -67 -75 / 60 67 72 75 <END> 
<S> 60 64 67 72 / 62 65 -67 -72 / 60 63 67 72 / 58 -63 -67 -72 / 57 66 72 / 55 67 70 75 / 53 -67 -70 -75 / 51 67 70 75 / 50 -67 -70 -75 / 51 -67 -70 -75 / 50 65 69 77 / 71 -50 -65 -77 / 51 67 72 75 / 53 -67 -72 -75 <END> 
<S> 55 67 70 75 / 51 -67 -70 -75 / 56 65 72 75 / 55 70 74 -75 / 53 68 72 75 / 67 -53 -72 -75 / 58 65 74 77 / 56 -65 -74 -77 / 55 63 70 75 / 53 68 77 -63 / 67 -53 -63 -77 / 51 70 75 79 / 63 70 79 <END> 
<S> 58 65 74 77 / 56 -65 -74 -77 / 55 70 75 79 / 53 -67 -70 -75 / 51 65 72 80 / 70 -51 -72 -80 / 56 68 72 77 / 58 -68 -72 -77 / 60 67 72 75 / 70 -60 -67 -75 / 53 65 68 74 / 55 63 70 75 / 56 60 68 -75 / 58 62 68 74 / 63 67 -46 -74 / 65 -46 -68 -74 <END> 
<S> 56 60 68 77 / 55 -60 -68 -77 / 53 60 67 79 / 59 -60 -67 -79 / 56 60 65 77 / 55 67 75 -60 / 53 60 68 74 / 55 59 67 74 / 65 -55 -67 -74 / 48 63 67 72 / 55 67 71 74 <END> 
<S> 53 60 68 74 / 50 -60 -68 -74 / 55 59 67 -74 / 65 -55 -59 -74 / 48 55 63 72 / 63 67 70 79 / 56 62 71 77 / 60 75 -56 -77 / 58 62 70 77 / 68 -58 -62 -77 / 60 63 67 75 <END> 
<S> 51 63 70 79 / 53 65 68 77 / 63 -53 -68 -77 / 58 62 70 77 / 63 -58 -70 -77 / 57 65 72 77 / 55 70 75 -77 / 53 65 72 80 / 74 -53 -65 -80 / 51 58 79 79 / 77 -51 -58 -79 / 79 -58 -67 -79 <END> 
<S> 53 65 72 80 / 55 63 -72 -75 / 56 62 77 -72 / 58 -62 -70 -77 / 60 67 75 / 55 -60 -67 -75 / 55 67 75 -60 / 53 -55 -67 -75 / 55 58 67 74 / 65 -55 -58 -74 / 56 60 63 72 / 62 -56 -63 -72 / 55 63 68 72 / 53 74 -68 -68 / 67 -53 -53 -74 / 54 69 72 -53 / 55 67 72 -69 / 54 62 67 70 / 62 -54 -67 -72 <END> 
<S> 53 60 68 74 / 50 -60 -68 -74 / 55 59 62 -74 / 65 -55 -59 -74 / 48 55 63 72 / 63 67 72 / 60 63 72 / 62 -60 -63 -72 / 58 65 70 74 / 56 -65 -70 -74 / 55 67 70 75 / 53 -67 -70 -75 / 51 65 72 77 / 70 -51 -65 -77 <END> 
<S> 60 67 75 / 58 -60 -67 -75 / 56 68 72 75 / 55 -68 -72 -75 / 53 68 72 74 / 67 -53 -72 -74 / 65 69 72 77 / 63 -69 -72 -77 / 62 70 79 -77 / 60 75 -70 -79 / 58 65 74 77 / 75 -58 -65 -77 / 74 -58 -65 / 55 63 75 <END> 
<S> 56 60 72 77 / 53 62 -72 -77 / 60 63 75 79 / 58 62 -75 -79 / 56 60 72 77 / 53 68 -72 -77 / 58 62 70 77 / 68 -58 -62 -77 / 60 63 67 75 / 65 72 -60 -75 / 58 67 74 77 / 56 59 -74 -77 / 60 -56 74 -77 / 55 61 75 79 <END> 
<S> 58 62 70 77 / 68 -58 -62 -77 / 60 63 67 75 / 53 65 68 74 / 63 72 -53 -68 / 55 62 67 70 / 63 68 -55 -70 / 53 56 65 68 / 51 60 67 -53 / 53 60 68 / 55 -53 -60 -68 / 74 -53 -60 -68 / 55 59 67 -53 / 53 56 60 65 / 55 59 -53 -65 / 53 56 60 65 / 62 -53 -56 -65 <END> 
<S> 56 60 63 65 / 55 58 62 67 / 53 56 60 65 / 58 -53 -55 -65 / 48 56 60 65 / 63 -48 -56 -60 / 41 56 60 62 / 43 55 59 -62 / 53 -43 -59 -62 / 48 51 55 60 / 48 63 -55 / 50 55 62 67 <END> 
<S> 41 60 48 62 / 43 55 59 -62 / 44 51 60 / 51 58 -44 -60 / 43 53 -51 -58 / 55 -43 -58 -61 / 41 56 60 65 / 43 55 58 -65 / 41 53 60 68 / 41 -53 -60 -68 / 43 50 59 67 / 44 51 60 65 / 43 50 59 -65 / 36 51 60 67 <END> 
<S> 41 56 60 62 / 43 55 59 -62 / 53 -43 -59 -62 / 48 51 55 60 / 48 60 63 67 / 50 -60 -63 -67 / 51 58 63 67 / 61 -51 -67 -70 / 53 60 65 68 / 63 -53 -60 -68 / 55 59 62 67 <END> 
<S> 48 63 67 72 / 49 -63 -67 -72 / 51 62 67 / 53 -62 -67 / 51 55 -67 / 57 72 -55 -67 / 55 59 67 74 / 55 60 67 70 / 48 63 67 68 / 53 60 65 68 / 58 62 -53 -68 <END> 
<S> 51 63 67 72 / 53 -63 -67 -72 / 55 62 67 71 / 48 63 67 72 / 53 57 65 72 / 46 58 65 74 / 57 -46 -65 -74 / 48 55 64 72 / 50 66 74 -72 / 52 60 67 76 / 53 62 -67 -76 <END> 
<S> 58 62 65 74 / 57 60 66 74 / 55 58 67 75 / 57 60 65 77 / 59 62 67 -77 / 60 67 75 / 55 59 67 74 / 48 63 67 79 / 50 62 65 77 / 60 63 67 -77 / 58 62 68 77 <END> 
<S> 60 63 67 75 / 62 -60 -67 -75 / 54 60 69 75 / 55 67 71 74 / 60 67 72 75 / 58 -67 -72 -75 / 57 60 72 77 / 55 70 75 -60 / 53 60 65 77 / 68 -53 -60 -77 / 58 62 67 74 / 63 -58 -67 -74 / 48 65 68 75 / 67 -48 -70 -75 / 56 65 72 75 / 70 -56 -65 -75 / 68 72 77 -56 / 58 -68 -72 -77 / 60 64 72 79 / 62 77 -72 -80 / 70 63 75 79 / 63 72 -63 -79 <END> 
<S> 53 65 72 80 / -65 -65 -72 -80 / 67 70 79 -65 / 63 -56 -71 -79 / 56 63 72 77 / 55 70 75 79 / 53 72 80 -63 / 58 62 74 77 / 56 60 72 75 / 55 58 70 77 / 53 68 74 -77 / 51 75 -68 55 55 67 70 -46 -46 46 -79 / 51 63 70 79 / 55 -63 -70 <END> 
<S> 53 68 77 -63 / 55 62 -68 -77 / 56 -62 -68 -77 / 55 58 79 -62 / 60 -55 62 -79 / 53 69 74 -60 / 59 67 -53 -74 / 52 60 67 75 / 53 65 74 77 / 55 63 75 79 / 56 74 77 59 / 58 67 75 / 65 74 -58 -58 / 51 58 67 75 / 48 63 65 72 <END> 
<S> 53 60 68 77 / 67 -53 -60 -77 / 59 62 67 79 / 77 -59 -62 -67 / 60 67 75 / 58 -60 -67 -75 / 56 60 65 77 / 53 -60 -65 -77 / 55 59 67 79 / 55 60 71 -79 / 60 63 68 75 / 62 65 -68 -75 / 63 70 75 79 / 63 -63 -70 -79 <END> 
<S> 60 63 67 79 / 62 -60 -67 -79 / 77 -60 -67 -72 / 59 67 74 79 / 77 -59 -67 -74 / 60 67 75 -74 / 72 -60 -67 -75 / 55 67 71 74 / 60 67 72 75 / 58 -67 -72 -75 / 57 60 72 77 / 55 70 -60 -77 / 53 65 68 72 / 74 -53 -65 -68 <END> 
<S> 60 67 75 / 58 -60 -67 -75 / 56 60 68 75 / 55 -60 -68 -75 / 53 60 68 74 / 55 59 67 -74 / 56 60 67 72 / 65 -56 -60 -72 / 50 62 65 71 / 53 62 -62 -71 / 51 60 67 72 / 48 63 -60 -72 / 55 62 67 71 <END> 
<S> 53 62 67 71 / 72 -53 -62 -67 / 55 62 67 / 63 -55 -67 -71 / 65 -55 -67 -71 / 48 63 67 72 / 56 60 65 -72 / 58 62 67 74 / 57 63 -67 -74 / 65 -57 -60 -74 / 55 59 67 75 / 53 57 -67 -74 / 52 72 -53 -67 / 53 62 65 -72 / 55 63 70 / <END> 
<S> 57 60 67 72 / 65 -57 -60 -72 / 60 67 -65 / 48 -60 -65 -67 / 64 -48 -60 -67 / 53 60 65 69 / 63 -53 -60 -69 / 46 62 65 70 / 51 63 67 70 / 53 63 69 -70 / 62 -53 -69 -70 / 55 62 71 79 / 60 -55 -71 -79 / 56 60 72 77 / 58 -60 -72 -77 <END> 
<S> 46 62 65 70 / 63 68 72 / 47 62 67 74 / 48 67 75 / 75 -48 -67 -75 / 53 68 74 50 / 55 58 -74 -74 / 56 72 -58 -74 / 55 74 -72 / 43 71 -67 -74 / 48 67 72 75 / 60 -67 -72 / 65 74 -56 -60 / 59 67 -53 -74 / 55 60 -67 -68 / 75 -55 -60 -67 <END> 
<S> 48 67 70 75 / 60 -67 -70 -75 / 56 67 72 74 / 57 -67 -72 -74 / 59 65 68 74 / 72 -59 -65 -74 / 55 67 70 75 / 53 -67 -70 -75 / 55 62 70 77 / 53 -62 -70 -77 / 51 63 70 79 / 62 77 -70 -79 / 56 60 72 75 / 55 -60 -72 -75 53 53 68 74 / 55 75 -68 -74 / 65 74 -68 -68 <END> 
<S> 56 60 68 77 / 55 75 -60 -68 / 53 59 68 74 / 58 65 -68 -74 / 56 59 65 72 / 68 77 -56 -72 / 55 62 67 71 / 48 63 67 72 / 60 67 75 / 58 -60 -67 -75 / 56 60 68 75 / 55 -60 -68 -75 <END> 
<S> 48 63 67 72 / 60 67 72 75 / 55 67 70 74 / 53 67 70 75 / 51 -67 -70 -75 / 50 65 70 77 / 68 -50 -65 -77 / 51 63 67 70 / 53 65 69 72 / 63 -53 -69 -72 <END> 
<S> 55 67 70 75 / 53 69 -67 -75 / 55 62 70 74 / 48 60 72 75 / 75 -48 -60 -75 / 80 -48 -60 -75 / 50 62 65 77 / 47 62 67 -77 / 48 67 75 -62 / 60 -48 -67 -75 / 55 59 67 74 / 55 62 71 79 <END> 
<S> 47 62 67 77 / 48 60 75 -67 / 55 59 67 74 / 55 60 67 75 / 69 -55 -60 -75 / 59 62 67 74 / 77 -59 -67 -74 / 60 67 75 / 58 74 -67 -75 / 56 72 77 -63 / 55 70 75 -77 / 56 72 75 77 / 53 68 74 -72 / 67 71 -74 -74 / 65 72 -71 -74 <END> 
<S> 60 67 75 / 58 -60 -67 -75 / 56 60 68 75 / 55 -60 -68 -75 / 53 60 68 74 / 55 59 67 -74 / 56 60 67 72 / 65 -56 -60 -72 / 50 62 65 71 / 47 62 67 74 / 65 -47 -67 -74 / 48 67 72 75 / 70 -48 -67 -75 <END> 
<S> 56 60 63 72 / 55 59 -63 -72 / 53 56 68 72 / 51 60 67 75 / 72 -48 -60 -75 / 55 67 71 74 / 55 67 71 75 / 60 -67 -72 -75 / 59 67 74 77 / 65 -59 -74 -77 <END> 
<S> 51 67 72 75 / 53 -67 -72 -75 / 55 67 70 74 / 56 65 68 -74 / 58 64 67 -49 / 64 -58 -67 / 56 65 68 / 55 58 -65 -68 / 56 60 65 / 53 58 65 74 <END> 
<S> 56 62 65 72 / 55 -56 -63 -72 / 53 62 68 70 / 72 -53 -62 -68 / 55 62 67 70 / 60 63 67 / 58 62 67 77 / 60 67 75 / 55 59 74 -67 / 65 -55 -67 -74 <END> 
<S> 51 63 67 79 / 53 -63 -67 -79 / 55 62 71 79 / 60 67 72 75 / 65 74 -60 -75 / 59 67 74 -65 / 60 -59 -67 -74 / 60 67 72 75 / 55 67 71 74 <END> 
<S> 63 67 72 / 62 65 -72 / 63 67 70 / / 58 -67 -70 / 56 63 68 72 / 67 -63 -56 -72 / 65 68 -56 -72 / 55 -68 -68 -72 / 67 -55 -68 -72 / 65 -55 -67 -72 / 48 64 67 72 / 53 60 68 74 / 55 59 67 -74 / 56 60 72 -67 / 60 65 -56 -72 <END> 
<S> 51 63 67 72 / 53 -63 -67 -72 / 55 62 67 71 / 48 60 67 75 / 48 60 67 75 / 58 -48 -67 -75 / 53 56 65 74 / 55 58 -65 -74 / 56 60 63 72 / 62 65 -56 -72 / 55 64 67 70 / 53 65 -67 -70 <END> 
<S> 56 60 65 72 / 55 -60 -65 -72 / 53 61 70 79 / 58 62 70 77 / 56 60 72 77 / 55 70 -60 -77 / 53 60 68 77 / 59 74 -53 -68 / 44 60 72 -53 / 66 -48 -57 -72 <END> 
<S> 56 60 65 77 / 53 -60 -65 -77 / 55 59 67 74 / 55 59 71 74 / 60 67 72 75 / 58 -67 -72 -75 / 57 60 72 75 / 55 70 -60 -75 / 53 60 68 77 / 62 -53 -68 -77 / 63 70 -53 79 / 55 -63 -70 -79 / 57 65 72 77 / 59 62 74 -77 <END> 
<S> 60 67 72 75 / -60 -67 -72 -75 / 55 67 72 75 / 53 -67 -72 -75 / 55 67 71 74 / 65 -55 -71 -74 / 48 63 67 72 / 53 57 65 72 / 50 58 65 74 / 57 60 65 -74 / 44 59 65 74 / 63 72 -59 -65 / 63 67 -56 -59 / 62 -55 -67 / 60 63 67 72 / 58 74 -67 -72 <END> 
<S> 53 57 65 74 / 72 -53 -57 -65 / 63 -53 -57 -72 / 46 62 65 74 / 59 -47 -65 -74 / 48 60 67 75 / 55 59 67 74 / 53 68 -59 -74 / 51 63 67 72 / 48 -63 -67 -72 / 55 62 67 71 / 53 -62 -67 -71 / 51 63 67 72 / 50 65 69 74 / 71 -50 -65 -74 / 48 67 72 75 / 58 -67 -72 -75 / 56 60 72 77 / 55 67 75 79 <END> 
<S> 51 60 67 72 / 53 -60 -67 -72 / 54 62 74 -69 / 43 58 67 -74 / 44 72 -67 -75 / 43 62 -67 -72 / 65 -43 -72 -75 / 59 -43 -65 -71 / 48 60 63 72 / 48 63 72 79 / 50 65 -72 -79 / 51 67 72 79 / 53 -67 -72 -79 / 55 67 71 74 / 60 75 -67 / 53 59 65 74 <END> 
<S> 48 63 72 -70 / 50 65 70 77 / 51 67 -65 -70 / 53 65 69 72 / 63 -53 -69 -72 / 46 62 65 70 / 48 63 67 75 / 50 58 65 74 / 51 58 67 75 / 63 -51 -58 -67 / 56 60 63 72 / 65 74 -56 -60 / 52 67 72 75 / 53 68 74 77 / 55 75 -68 -72 / 56 74 -68 -72 / 55 67 71 74 / 65 -55 -71 -74 <END> 
<S> 56 60 65 77 / 53 68 -60 -77 / 55 62 67 71 / 53 -62 -67 -70 / 51 60 67 70 / 50 -60 -67 -70 / 48 60 67 75 / 58 -48 -67 -75 / 53 56 65 74 / 55 58 -65 -74 / 56 60 63 72 / 62 65 -56 -72 / 55 64 67 70 / 53 65 -67 -70 / 52 60 67 -65 / 53 -60 -67 -70 / 55 62 67 71 / 56 65 -62 -71 / 62 -56 -65 -71 / 63 -56 -62 -71 / 62 65 -57 -62 / 60 -50 -65 <END> 
<S> 56 60 65 72 / 55 -60 -65 -72 / 53 68 -60 -72 / 59 62 -53 -68 / 51 60 67 / 58 62 65 74 / 56 63 72 / 55 74 -63 / 55 67 71 74 / 53 72 -67 -71 / 62 71 -55 -67 / 48 63 67 72 / 60 67 72 75 <END> 
<S> 59 68 49 74 / 57 72 -67 -74 / 55 67 71 74 / 53 -67 -71 -74 / 51 67 72 79 / 50 -67 -72 -79 / 48 67 72 75 / 70 -67 -72 -75 / 56 65 68 72 / 64 67 -56 -72 / 53 65 68 74 / 62 65 -68 -74 / 63 67 72 79 / 59 74 -67 -72 <END> 
<S> 56 68 72 77 / 55 65 -72 -77 / 56 64 72 75 / 74 -56 -64 -72 / 53 68 72 77 / 67 -53 -72 -77 / 63 69 72 77 / 71 -63 -68 -77 / 72 -56 -65 -77 / 55 62 70 79 / 75 -55 -70 -75 / 56 65 77 -75 / 58 75 79 77 / 63 70 79 <END> 
<S> 56 72 77 / 58 -67 -72 -77 / 60 67 72 75 / 70 -60 -67 -75 / 53 65 68 74 / 55 75 -65 -68 / 56 60 65 77 / 58 62 67 -77 / 60 63 67 75 / 58 62 -67 -75 / 56 60 72 77 / 55 70 -60 -77 / 53 65 68 72 / 74 -53 -65 -68 / 75 -53 -68 -68 <END> 
<S> 60 63 67 75 / 58 62 -67 -75 / 56 60 72 75 / 55 70 -60 -75 / 53 68 72 74 / 55 67 71 -74 / 65 -55 -71 -74 / 48 63 67 72 / 51 58 67 79 / 51 60 69 79 <END> 
<S> 48 63 68 72 / 55 67 -63 -72 / 56 60 65 72 / 58 74 -65 -68 / 60 67 -65 / 53 60 65 68 / 48 60 64 67 / 68 -48 -60 -64 <END> 
<S> 46 62 65 / 63 -46 -62 -65 / 46 58 65 70 / 46 62 -65 -70 / 48 63 67 -70 / 50 58 65 68 / 51 58 63 67 / 56 60 63 72 / 55 -60 -63 -72 <END> 
<S> 63 67 -58 -70 / 56 -63 -67 -70 / 65 -56 -67 -72 / 67 72 -56 / -67 -67 -72 / 65 68 71 74 / 53 63 70 / 69 -53 -63 -70 / 51 67 70 75 / 53 -67 -70 -75 / 55 67 70 75 / 56 60 -67 -75 <END> 
<S> 46 67 70 74 / 63 68 72 75 / 65 68 74 77 / 67 72 75 -53 / 55 -67 -72 -75 / 56 65 72 77 / 53 -65 -72 -77 / 58 65 74 -72 / 56 -65 -72 -74 / 55 63 70 75 / 74 -55 -63 -70 <END> 
<S> 56 67 72 77 / 58 -67 -72 -77 / 57 60 72 77 / 53 72 75 -60 / 58 65 74 -72 / 56 65 72 77 / 55 67 70 75 / 53 68 72 77 / 60 -53 -72 -77 / 55 67 70 75 / 56 65 -70 -75 <END> 
<S> 53 70 72 77 / 52 -67 -70 -77 / 53 65 69 81 / 55 -65 -69 -74 / 53 60 68 75 / 51 -60 -68 -75 / 50 65 70 74 / 47 62 67 74 / 48 60 67 75 / 58 -48 -67 -75 / 56 65 72 -51 / 53 68 72 77 / 60 64 72 79 / 58 62 -72 -79 / 56 60 72 77 / 55 70 -60 -77 <END> 
<S> 48 60 67 75 / 72 -48 -60 -75 / 53 68 74 -60 / 47 67 -53 -74 / 48 67 72 75 / 43 -67 -70 -75 / 44 70 77 -75 / 74 -48 -68 -77 / 60 67 75 -74 / 69 72 -60 -75 / 55 67 71 74 / 65 -55 -71 -74 / 48 63 67 72 / 55 67 70 75 <END> 
<S> 55 67 74 / 53 68 -67 -74 / 51 63 72 -67 / 50 65 77 -72 / 51 67 71 -77 / 51 67 72 75 / 53 68 74 77 / 55 -68 -74 -77 / 55 70 74 / 63 72 -55 -70 / 65 -55 -70 -72 <END> 
<S> 53 68 77 -58 / 56 60 -68 -77 / 58 62 70 77 / 55 -62 -70 -77 / 53 63 69 79 / 51 -63 -69 -79 / 50 62 65 77 / 48 60 75 -65 / 58 -48 65 74 / 50 65 -58 -74 / 52 67 -58 -70 / 53 60 69 -67 / 62 65 -69 / 60 63 67 <END> 
<S> 53 60 65 74 / 63 -53 -60 -69 / 46 62 65 70 / 48 63 67 69 / 46 62 67 70 / 65 68 -46 -62 / 63 67 -48 / 47 62 65 74 / 62 -47 -65 -74 / 48 63 67 72 / 50 65 74 -72 / 71 -50 -65 -74 <END> 
<S> 43 60 67 70 / 53 65 -60 -67 / 51 55 63 72 / 50 71 -55 -67 / 48 55 67 72 / 65 -55 -67 -72 / 60 63 67 75 / 58 62 -67 -75 / 56 60 72 77 / 55 70 75 -60 / 53 60 68 77 / 74 -53 -68 -77 / 55 63 72 75 / 56 65 -72 -75 / 58 74 77 -56 / 55 59 -74 -77 <END> 
<S> 56 60 75 77 / 55 -60 -72 -77 / 53 65 68 72 / 74 -53 -65 -68 / 48 63 72 79 / 50 65 77 -72 / 71 -50 -65 -77 / 51 67 72 75 / 53 -67 -72 -75 / 55 67 74 -72 / 71 -55 -67 -74 / 56 72 -67 / 60 65 -56 -72 / 55 59 67 74 <END> 
<S> 53 68 72 74 / 55 71 -74 / 65 -55 -71 -74 / 48 63 72 / 55 58 70 77 / 56 60 -70 -77 / 58 62 68 -77 / 63 67 -62 -77 / 59 -62 -67 -70 / 60 67 75 / 58 -60 -67 -75 / 56 60 65 77 / 53 -60 -65 -77 / 58 65 70 74 / 56 -65 -70 -74 / 55 58 70 75 / 68 74 -58 -75 / 51 67 70 75 / 74 -51 -67 -70 / 53 65 69 72 / 51 -65 -69 -72 <END> 
<S> 58 65 74 / 56 -58 -65 -74 / 55 70 75 -55 / 53 68 72 77 / 74 -53 -68 -72 / 55 71 75 79 / 56 -55 -75 -79 / 62 72 -55 -60 / 59 67 74 -55 / 63 67 72 / 54 62 -67 -72 / 55 62 67 71 / 56 -62 -67 -71 / 55 63 67 71 / 53 -62 -67 -71 / 51 67 72 -67 / 69 -51 -67 -72 / 50 65 71 74 / 48 67 72 75 <END> 
<S> 57 60 67 75 / 55 -60 -67 -75 / 53 68 77 -60 / 55 59 67 -74 / 56 60 65 72 / 74 -56 -60 -65 / 51 58 67 75 / 53 65 69 74 / 55 63 67 -74 / 65 -55 -60 -74 / 53 59 62 75 / 51 55 58 72 / 57 60 -51 -72 / 50 58 65 74 / 51 60 67 75 / 53 -60 -67 -75 <END> 
