<S> 47 55 62 67 / 48 55 60 63 / 56 60 65 / 62 -56 -60 -65 / 51 60 63 67 / 53 56 62 65 / 55 60 63 / 43 55 59 62 / 53 -43 -59 -62 / 48 51 55 60 / 60 63 67 <END> 
<S> 56 60 63 / 43 -56 -60 -63 / 44 56 60 65 / 43 -56 -60 -65 / 41 53 62 -60 / 58 -41 -53 -62 / 39 51 58 67 / 55 -39 -51 -67 / 41 53 60 68 / 51 -53 -60 -68 / 39 55 58 67 / 50 -55 -58 -67 <END> 
<S> 44 51 60 65 / 53 -44 -60 -65 / 46 -53 -65 -65 / 46 58 65 63 / 56 -46 -62 -65 / 39 55 63 70 / 51 58 67 -70 / 53 56 65 68 / 63 -53 -56 -68 / 55 59 62 68 / 55 59 62 67 / 60 -55 -67 -75 / 55 62 67 74 / 59 -55 -67 -74 <END> 
<S> 56 60 65 59 / 53 -56 -60 -67 / 55 59 62 / 53 56 -59 -62 / 51 55 60 / 53 59 62 -55 / 51 55 60 63 / 50 -55 -60 -63 / 48 55 62 63 / 46 -55 -60 -63 / 44 58 62 65 / 43 58 63 -65 / 45 -58 -63 -63 / 46 58 65 -63 / 55 -46 -58 -65 <END> 
<S> 48 55 60 63 / 46 -55 -60 -63 / 44 56 60 65 / 43 59 62 67 / 44 60 63 67 / 62 65 -44 -60 / 56 60 63 / 69 -56 -60 -63 / 55 60 62 67 / 53 -60 -62 -67 / 53 62 -60 -67 / 59 -53 -60 -67 / 54 60 62 / 50 53 -60 -62 <END> 
<S> 54 60 62 67 / 55 59 62 67 / 57 60 65 / 59 62 -65 / 60 63 -53 -65 / 55 62 62 71 / 50 -55 -62 -71 / 48 55 63 72 / 50 -55 -63 -72 / 48 60 63 67 / 58 -48 -67 -74 / 54 57 69 72 / 55 67 72 75 / 53 -67 -72 -75 <END> 
<S> 48 55 63 72 / 56 65 -48 -72 / 55 58 67 74 / 56 65 -67 -74 / 55 67 75 / 53 74 -67 / 55 59 67 74 / 65 -55 -59 -74 / 56 60 63 72 / 55 -60 -63 -72 / 53 60 68 77 / 62 -53 -68 -77 / 60 63 67 75 / 65 69 74 -60 <END> 
<S> 56 60 63 72 / 53 65 68 74 / 63 -53 -68 -74 / 55 62 67 71 / 43 59 62 67 / 55 59 62 67 / 53 -59 -62 -67 / 51 60 67 72 / 50 62 -67 -72 / 48 63 67 72 / 53 -48 -67 -72 / 55 59 67 74 / 51 58 67 79 / 60 -51 -67 -79 <END> 
<S> 48 60 63 67 / 55 59 67 74 / 65 -55 -59 -74 / 56 60 63 72 / 55 58 -63 -72 / 53 56 68 74 / 58 -53 -68 -74 / 51 60 67 75 / 58 -51 -67 -75 / 56 65 72 -75 / 53 68 72 77 / 74 -53 -68 -77 / 55 67 70 75 / 72 -55 -67 -75 <END> 
<S> 58 60 68 77 / 56 60 68 77 / 65 -56 -60 -77 / 55 59 67 75 / 53 60 68 74 / 50 -60 -68 -74 / 55 59 67 74 / 65 -55 -59 -74 / 48 55 63 72 / 48 67 72 75 / 55 67 71 74 / 53 -67 -71 -74 <END> 
<S> 48 60 67 72 75 / 60 67 72 75 / 43 -67 -72 -75 / 59 67 74 79 / 60 67 75 -74 / 72 -60 -67 -75 / 55 67 74 -72 / 71 -55 -67 -74 / 60 67 72 75 / 58 -67 -72 -75 / 56 65 72 77 / 55 -56 -72 -77 <END> 
<S> 60 67 72 75 / 58 -67 -72 -75 / 56 60 72 77 / 55 70 75 -60 / 53 60 68 74 / 55 59 67 -74 / 56 60 65 72 / 48 -56 -65 -72 / 50 58 65 70 / 51 58 63 67 / 62 65 -55 -58 / 60 63 -55 / 53 56 62 -60 / 55 60 63 / 53 57 -60 -63 / 55 59 62 / 46 53 -59 -62 <END> 
<S> 53 56 65 71 / 55 72 -53 -65 / 51 55 60 70 / 53 59 68 / 51 55 67 72 / 50 65 74 -72 / 71 -50 -65 -74 / 48 67 72 75 / 50 -67 -72 -75 / 51 -67 -72 -75 / 53 -67 -72 -75 / 55 67 71 74 / 51 58 70 79 / 53 -58 -70 -79 / 55 67 70 79 / 56 -67 -70 -79 <END> 
<S> 48 63 67 72 / 56 65 -67 -72 / 63 -56 -72 / 55 62 67 70 / 53 -62 -67 -70 / 51 63 67 70 / 65 69 -51 -63 / 67 -51 -65 / 56 64 65 72 / 51 55 63 70 / 61 -51 -55 -70 / 52 55 60 67 / 53 60 65 68 / 51 58 63 67 <END> 
<S> 53 63 68 72 / 62 -53 -68 -72 / 63 67 70 -53 / 65 -51 -63 -70 / 51 58 67 70 / 62 -51 -67 -70 / 48 63 67 72 / 67 74 -48 -67 / 60 63 72 -67 / 56 62 65 -72 / 64 -56 -60 -72 / 62 65 -56 -72 / 39 55 67 71 / 53 62 68 71 / 50 60 65 69 / 64 -50 -60 -68 <END> 
<S> 56 60 67 72 / 65 -56 -60 -72 / 55 60 67 74 / 59 -55 -67 -74 / 48 63 67 72 / 56 65 -67 -72 / 58 65 74 / 56 -58 -65 -74 / 55 67 70 75 / 53 -67 -70 -75 / 55 62 70 77 / 56 -62 -70 -77 / 58 62 70 77 / 68 -62 -62 -77 / 60 63 67 75 / 58 65 74 -75 / 53 -65 -70 -74 <END> 
<S> 56 60 68 75 / 55 -60 -68 -75 / 53 62 68 77 / 63 -53 -68 -77 / 55 59 67 79 / 60 -55 -67 -79 / 53 62 65 71 / 59 62 67 74 / 60 67 75 / 63 72 -60 -75 / 56 68 74 77 / 55 -68 -74 -77 / 48 67 72 75 / 53 68 74 -72 <END> 
<S> 60 63 67 75 / 58 62 -67 -75 / 56 60 72 75 / 55 70 -60 -75 / 53 68 77 -60 / 55 60 67 75 / 56 65 -60 -75 / 58 67 74 -75 / 56 68 72 75 / 55 63 70 -75 / 56 68 72 77 / 58 -67 -72 -77 / 60 67 72 75 / 53 68 -72 -75 <END> 
<S> 53 68 74 77 / 72 75 -53 -68 / 55 62 71 74 / 67 -55 -71 -74 / 48 63 67 72 / 60 63 67 72 / 58 62 -67 -72 / 57 60 65 72 / 55 67 -60 -72 / 53 65 -60 -70 / 58 62 65 68 / 53 60 -62 -65 / 48 60 63 -65 / 59 62 -48 -65 / 60 -48 -48 -60 <END> 
<S> 57 60 65 72 / 55 67 -60 -72 / 53 65 69 72 / 74 -53 -65 -69 / 75 -53 -65 -69 / 46 65 70 74 / 48 63 72 -70 / 50 62 65 70 / 51 -62 -65 -70 / 53 60 65 68 / 51 -60 -65 -68 / 50 62 65 70 / 46 62 -65 -70 / 51 58 67 -65 / 63 -51 -58 -67 / 46 58 65 68 / 51 58 -65 -68 <END> 
<S> 53 57 65 -63 / 58 -53 -65 -65 / 60 65 -53 -65 / 46 58 62 -65 / 46 -58 -62 -65 / 51 58 63 67 / 51 58 63 67 / 50 65 -58 -67 / 48 63 67 / 46 -63 -67 / 44 60 65 -63 / 47 56 62 -65 / 55 -47 -62 -65 / 48 55 60 63 / 46 -55 -60 -63 <END> 
<S> 48 60 63 67 / 46 -60 -63 -67 / 44 63 65 70 / 46 62 -65 -70 / 48 60 63 67 / 58 62 65 -67 / 56 63 65 72 / 55 62 -65 -72 / 60 63 67 / 62 -60 -67 / 60 63 72 / 53 -60 -63 -72 / 55 62 67 71 / 55 62 67 71 <END> 
<S> 56 63 65 72 / 55 74 -65 / 67 75 -55 / 53 60 -67 -72 / 55 59 67 74 / 65 -55 -59 -74 / 48 55 63 72 / 46 62 70 77 / 48 60 75 -70 / 69 -48 -60 -75 <END> 
<S> 48 60 63 -67 / 60 63 72 79 / 58 -63 -72 -79 / 57 65 72 77 / 58 75 70 77 / 58 -70 -74 -77 / 55 70 75 79 / 74 -70 -75 -79 / 60 68 80 -79 / 62 70 77 -56 / 63 70 75 79 / 72 -63 -75 -79 / 74 70 75 -65 / 52 -70 -74 <END> 
<S> 63 70 79 -77 / 55 -70 -75 -79 / 72 75 77 / 53 68 74 -77 / 51 75 -65 -68 / 50 58 77 -72 / 48 62 74 79 / 47 67 74 -74 / 48 72 -67 -74 / 50 74 -67 -72 / 66 -50 -72 -74 / 55 62 71 79 / 67 -55 -71 -79 / 56 63 72 -70 / 57 65 -72 -72 / 58 65 74 -72 / 67 70 75 -55 / 65 -55 -70 -74 <END> 
<S> 48 67 72 75 / 50 71 -67 -75 / 51 63 72 79 / 53 -63 -72 -79 / 55 62 71 77 / 56 60 71 -79 / 62 72 77 -56 / 55 70 75 -62 / 56 72 77 -75 / 53 74 -72 -77 / 68 72 -53 -77 / 51 63 70 79 / 50 -70 -63 -79 / 51 63 72 77 / 70 -51 -63 -77 / 50 65 69 77 / 51 75 -65 -69 <END> 
<S> 55 70 75 -63 / 53 65 68 -75 / 51 67 72 -75 / 50 71 74 77 / 65 72 -71 -77 / 48 63 72 79 / 60 67 72 77 / 69 -60 -72 -77 / 58 65 74 77 / 56 -65 -74 -77 / 55 70 75 79 / 53 -70 -75 -79 / 51 70 75 79 / 56 72 77 77 <END> 
<S> 53 72 80 -67 / 65 -53 -72 -80 / 63 -53 -72 -80 / 58 62 70 77 / 51 63 70 79 / 62 -51 -70 -79 / 53 60 68 77 / 55 59 67 -77 / 56 60 65 72 / 74 -56 -60 -65 / 55 60 67 75 / 53 68 -60 -75 / 55 60 67 74 / 56 65 72 -74 / 74 -56 -65 -72 <END> 
<S> 57 60 67 75 / 55 -60 -67 -75 / 53 60 68 74 / 55 58 -68 -74 / 56 60 65 72 / 68 74 -56 -60 / 55 60 67 72 / 53 68 -67 -72 / 55 62 67 71 / 43 59 62 67 / 48 55 63 72 / 50 53 65 -72 <END> 
<S> 55 62 67 71 / 56 60 65 72 / 74 -56 -60 -65 / 55 60 67 75 / 53 68 -60 -75 / 55 60 67 74 / 68 -55 -60 -74 / 43 59 67 74 / 65 -43 -59 -74 / 48 60 63 72 <END> 
<S> 60 67 75 / 55 -60 -67 -75 / 53 60 68 74 / 55 59 67 -74 / 56 60 65 72 / 60 -56 -65 -72 / 55 59 67 74 / 55 59 67 75 <END> 
<S> 56 62 65 71 / 60 -56 -65 -71 / 55 59 67 74 / 60 68 75 / 58 62 67 74 / 56 63 68 72 / 55 65 -68 -72 / 53 61 67 70 / 52 -61 -67 -70 <END> 
<S> 56 63 72 / 55 58 -63 -72 / 53 56 68 74 / 58 -53 -68 -74 / 51 60 67 75 / 58 -60 -67 -75 / 53 56 65 -75 / 51 58 67 75 / 55 58 70 77 <END> 
<S> 53 60 65 68 / 51 -60 -65 -68 / 50 62 65 70 / 58 62 -65 -70 / 60 63 68 -46 / 57 63 72 -68 / 62 65 70 / 60 63 -65 -70 / 62 65 70 -60 / 59 68 -65 -68 <END> 
<S> 58 62 65 70 / 63 67 70 75 / 62 65 70 77 / 63 70 79 / 62 -63 -70 -79 / 60 63 75 79 / 58 -63 -75 -79 / 56 72 77 -63 / 53 68 74 -77 <END> 
<S> / 63 70 75 79 / 72 -63 -75 -79 / 68 72 75 77 / 68 77 -72 -77 / 70 72 75 -65 / 68 72 74 77 / 67 75 -74 -77 / 60 69 72 -75 / 74 -60 -72 -75 <END> 
<S> 63 70 72 79 / 53 68 72 81 / 71 -53 -72 -81 / 63 72 79 -53 / -72 -63 -79 / 63 70 82 -63 / 65 -63 -70 / 63 67 70 75 <END> 
<S> 48 63 72 79 / 55 -63 -72 -79 / 63 70 79 -63 / 62 65 -70 -79 / 63 70 75 79 / 72 -63 -79 / 59 67 74 79 / 77 -59 -67 -74 <END> 
<S> 48 63 72 79 / 50 -63 -72 -79 / 51 63 72 79 / 70 -51 -63 -79 / 56 65 68 77 / 55 75 -65 -68 / 53 65 70 74 / 51 -65 -70 -74 / 53 65 69 72 / 63 -53 -69 -72 / 46 62 65 70 / 58 62 67 70 <END> 
<S> 53 65 70 74 / 63 -53 -70 -74 / 58 62 70 77 / 55 62 -70 -77 / 53 -62 -70 -77 / 55 63 70 79 / 56 65 -70 -79 / 58 62 70 77 / 62 65 -70 45 / 60 63 72 79 / 58 -60 -63 -79 <END> 
<S> 55 63 70 75 / 53 61 -70 -75 / 68 -61 -56 -75 / 55 70 75 -58 / 56 -55 -70 -75 / 58 70 74 77 / 68 -58 -74 -77 / 51 67 70 75 / 48 63 72 79 / 50 65 -72 -79 / 51 67 72 79 / 53 -67 -72 -79 / 55 67 74 -72 / 70 -55 -67 -74 <END> 
<S> 48 67 72 75 / 53 -67 -72 -75 / 55 67 71 74 / 65 -55 -71 -74 / 56 63 72 / 70 -56 -63 -72 / 55 65 68 74 / 53 75 -65 -68 / 77 -53 -65 -68 / 55 59 67 75 / 60 -55 -67 -75 / 43 62 65 74 / 59 67 74 77 / 60 67 72 75 <END> 
<S> 55 62 67 71 / 53 -62 -67 -71 / 51 63 67 72 / 50 65 69 74 / 71 -50 -65 -74 / 48 67 72 75 / 53 68 74 77 / 55 67 71 74 / 55 71 74 / 65 -55 -71 -74 <END> 
<S> 51 67 72 75 / 53 -67 -72 -75 / 55 67 71 74 / 56 63 72 / 55 58 70 74 / 53 68 -58 -74 / 51 70 75 -68 / 55 67 71 74 / 57 72 -67 -74 <END> 
<S> 55 63 70 75 / 53 -63 -70 -75 / 51 63 70 77 / 72 -51 -63 -77 / 53 68 74 77 / 55 -68 -74 -77 / 60 67 75 / 58 -60 -67 -75 / 57 60 65 77 / 59 62 67 -77 / 60 63 67 75 / 53 62 65 74 / 55 63 70 75 / 56 -63 -70 -75 <END> 
<S> 53 60 68 74 / 55 59 67 -74 / 65 -55 -67 -74 / 48 63 67 72 / 50 58 70 77 / 51 58 70 79 / 53 -58 -70 -79 / 55 58 70 79 / 56 60 -70 -79 / 58 62 65 74 / 67 75 -58 -62 / 59 62 68 77 <END> 
<S> 51 58 70 79 / 53 -58 -70 -79 / 55 -58 -70 -79 / 56 60 -70 -79 / 58 62 65 74 / 67 75 -58 -62 / 63 68 -58 -75 / 57 60 65 75 / 47 62 65 74 / 48 60 67 75 / 58 -48 -67 -75 / 53 57 65 74 / 50 59 65 -74 / 51 58 63 67 / 56 60 -63 -67 / 65 -56 -60 / <END> 
<S> 48 60 67 75 / 55 58 67 74 / 63 -55 -58 -74 / 53 65 72 80 / 51 -65 -72 -80 / 50 65 72 77 / 48 63 -72 -77 / 50 65 77 -72 / 71 -50 -65 -77 / 51 67 72 75 / 53 -67 -72 -75 / 55 67 71 74 / 60 67 72 75 <END> 
<S> 50 65 71 74 / 48 -65 -70 -74 / 67 70 75 -51 / 51 -67 -70 -75 / 53 65 69 72 / 71 74 -53 -65 / 52 67 72 75 / 53 -67 -72 -75 / 55 67 71 74 / 60 67 75 / 58 62 70 77 / 56 -62 -70 -77 <END> 
<S> 51 67 72 75 / 53 -67 -72 -75 / 55 67 70 74 / 65 -55 -70 -74 / 56 63 68 72 / 74 -56 -63 -68 / 51 58 67 75 / 65 -52 -67 -75 / 67 72 -55 -67 / 62 74 -55 -67 / 53 -62 -67 -74 / 51 63 67 72 / 50 65 72 77 / 48 67 -72 -77 <END> 
<S> 55 67 72 75 / 53 -67 -72 -75 / 55 67 71 74 / 65 -55 -71 -74 / 60 63 67 72 / 58 62 -67 -72 / 57 60 65 72 / 55 67 -60 -72 / 53 60 69 77 / 62 -53 -69 -77 / 48 63 72 75 / 70 -48 -63 -75 / 53 65 68 74 / 67 -53 -65 -68 / 63 70 79 / 55 -63 -70 <END> 
<S> 53 60 69 75 / 58 -53 -60 -75 / 53 60 72 77 / 48 60 72 79 / 50 65 -72 -79 / 51 63 72 79 / 53 -63 -72 -79 / 55 63 70 79 / 77 -63 -70 / 56 63 70 72 / 68 -56 -63 -72 / 47 62 67 70 / 65 -47 -62 -67 / 48 55 63 67 / 60 -55 -63 -67 <END> 
<S> 63 68 72 77 / 53 -68 -72 -77 / 55 67 70 75 / 57 72 -67 -75 / 58 65 74 / 70 -58 -65 / 51 67 70 72 / 48 -67 -70 / 53 65 69 72 / 51 63 -69 -72 / 50 65 70 74 / 51 -65 -70 -74 / 53 68 72 75 / 74 -53 -68 -72 / 67 70 72 75 / 65 -67 -70 -75 / 67 72 -55 -63 / 53 57 -67 -72 <END> 
<S> 53 65 69 72 / 63 -53 -69 -72 / 46 62 65 70 / 55 58 67 75 / 57 60 -67 -75 / 58 62 65 74 / 52 67 70 75 / 53 65 69 72 / 63 -53 -69 -72 / 46 62 65 70 / 48 63 69 75 / 55 67 70 74 <END> 
<S> 58 65 74 / 57 -58 -65 -74 / 55 58 67 75 / 53 60 -67 -75 / 48 60 67 75 / 58 65 74 / 56 72 -58 / 55 58 67 74 / 53 68 -58 -74 / 51 63 75 -68 / 67 -48 -63 -75 / 65 -51 77 -48 / 75 -58 -68 -77 / 56 65 72 77 / 55 70 -65 -72 <END> 
<S> 51 60 67 75 / 58 -60 -67 -75 / 56 60 68 75 / 55 -60 -68 -75 / 53 60 68 74 / 55 59 67 -74 / 56 60 65 72 / 48 -56 -65 -72 / 50 65 68 74 / 71 -50 -65 -74 / 48 63 72 79 / 53 68 77 -72 / 55 67 71 74 <END> 
<S> 50 65 72 77 / 71 -50 -65 -77 / 48 67 72 75 / 53 68 74 -72 / 55 67 71 -74 / 65 -55 -71 -74 / 56 63 72 / 55 -63 -72 / 53 68 72 74 / 50 65 71 -74 / 51 67 72 / 65 -51 -67 -72 / 63 67 -48 -72 / 41 57 69 74 / 55 59 67 -74 / 60 -55 -67 -74 / 62 -55 -67 -74 / 72 -55 -62 -67 <END> 
<S> 48 67 72 75 / 60 -67 -72 -75 / 67 72 74 / 55 -67 -72 / 60 69 -55 -72 / 55 67 71 -60 / 62 -55 -67 -71 / 48 63 67 72 / 45 57 65 72 / 51 58 67 / 50 60 63 -67 / 48 60 69 -67 / 53 62 -60 -69 / 51 60 -60 -68 / 50 58 65 70 / 46 -50 -65 -70 / 51 58 63 67 / 62 -51 -58 -67 / 48 60 63 68 <END> 
<S> 50 53 65 70 / 51 58 -65 -70 / 53 60 63 69 / 62 -60 -69 / 60 63 67 / 58 -48 -63 -67 / 43 56 65 -63 / 62 -56 -56 -65 / 55 58 63 70 / 50 -55 -63 -70 / 48 55 63 68 / 53 -48 -63 -68 / 46 58 62 -63 / 56 -46 -58 -62 / 55 55 58 62 / 51 55 60 -55 <END> 
<S> 44 63 65 72 / 46 62 -65 -72 / 51 -46 -65 -72 / 39 58 63 67 / 45 60 65 68 / 63 -45 -60 -68 / 46 62 65 70 / 48 63 68 72 / 50 67 71 74 / 51 67 72 / 50 53 -67 -72 / 48 62 -67 -72 / 55 59 67 74 / 60 -55 -67 -74 / 62 67 -60 -67 / 66 -62 -67 -67 <END> 
<S> 51 65 67 72 / 48 63 69 -72 / 55 62 71 74 / 55 60 67 74 / 53 59 68 74 / 51 58 67 75 / 50 -58 -67 -75 / 48 65 -58 -60 / 46 -48 -65 -70 / 46 67 -46 -65 / 47 65 74 -65 / 48 63 67 75 / 69 -48 -60 -75 <END> 
<S> 41 60 67 74 / 72 -60 -67 -75 / 55 65 74 -60 / 59 -55 -65 -74 / 48 60 64 75 / 60 67 72 75 / 58 68 74 77 / 67 75 -74 / 65 68 72 75 / 55 63 70 72 / 54 63 69 72 / 50 62 67 70 / 51 63 -67 -70 <END> 
<S> 58 65 74 / 56 75 -65 -74 / 55 65 70 75 / 53 -65 -70 -75 / 51 63 70 79 / 72 -51 -63 -79 / 50 65 77 82 / 48 67 75 -65 / 69 -48 -63 -75 / 46 65 70 74 / 67 -46 -70 -74 / 53 68 72 / 55 70 -68 -72 / 56 68 72 77 / 58 -68 -72 -77 / 60 67 72 75 / 62 -67 -72 -75 <END> 
<S> 53 68 72 74 / 55 71 -74 -74 / 56 72 48 / 55 68 -72 / 74 -48 -56 -72 / 55 60 67 74 / 59 -55 -67 -74 / 48 60 67 75 / 58 -48 -67 -75 / 53 56 72 77 / 55 70 75 79 / 56 65 72 77 / 58 74 70 -77 / 70 -58 -70 -77 / 68 72 75 / 67 74 -72 / 63 67 70 79 / 65 77 -60 -67 <END> 
<S> 60 63 72 80 / 62 65 -72 -80 / 63 67 70 79 / 63 77 -63 -70 / 56 63 70 72 / 68 -56 -63 -72 / 50 58 65 70 / 51 58 63 67 / 53 68 -58 -63 / 55 58 63 70 / 56 -58 -63 -70 / 56 63 68 72 / 53 65 -68 -72 <END> 
<S> 55 63 70 / 56 -63 -63 / 58 65 -63 / 56 62 65 70 / 53 60 68 -65 / 55 58 70 75 / 56 60 68 77 / 58 62 70 -68 / 68 -58 -58 -77 / 57 63 72 75 / 55 65 70 75 / 53 68 77 68 / 51 67 70 79 / 51 63 -70 -79 <END> 
