<S> 0 72 84 / 0 69 81 / 0 67 79 / 0 65 77 / 0 -65 -77 / 0 69 81 / 0 67 79 / 0 65 77 / 0 67 79 / 0 65 77 / 0 62 74 / 0 60 72 / 0 -60 -72 / 0 53 65 / 0 55 67 / 0 57 69 <END> 
<S> 38 50 59 66 / 69 -38 -50 / 44 56 71 74 / 72 -44 -56 -62 / 43 55 -72 / 72 -43 / 41 53 70 / 67 -41 -53 / 43 55 70 / 72 -43 -55 / 39 51 72 / 72 -39 -51 / 54 60 63 70 / 67 72 -51 -55 -60 / 43 55 -67 / 67 71 -43 -55 / 55 59 62 -67 -71 / 61 67 73 -55 -59 <END> 
<S> 43 55 61 67 70 / 71 -43 -55 -67 -71 / 67 71 74 79 -43 -55 / 43 55 67 -74 -77 / 45 57 -67 -71 -74 / 47 67 76 / 79 -47 / 52 -67 -73 -79 / 78 -52 -67 / 79 81 / 55 59 72 -79 <END> 
<S> 0 50 62 71 77 79 / 0 71 77 -38 -50 -62 / 0 50 60 66 68 72 -77 / 0 68 74 -38 -50 -68 / 0 48 60 69 / 0 62 65 -48 -60 / 0 36 64 67 72 / 0 48 60 64 67 75 / 0 67 -48 -55 -64 <END> 
<S> 52 60 64 69 / 67 -52 -60 -64 / 59 61 64 -67 / 62 69 -52 -55 / 64 71 69 -52 / 68 71 -52 -60 -64 / 0 69 -52 -60 / 0 69 71 -51 / 0 70 72 75 0 / 0 44 56 72 75 84 / 0 71 80 -44 -56 13988 <END> 
<S> 0 52 64 / 0 71 -40 -52 / 0 79 -40 -52 / 0 64 76 83 / 0 81 / 0 69 81 / 0 71 74 83 86 / 0 72 84 -44 / 0 72 84 -84 / 0 72 75 84 -48 0 / 0 56 60 -72 -76 -84 / 0 72 84 -56 -60 -72 / 51 56 60 -72 -84 / 80 -51 -56 -72 / 51 56 60 80 / 68 80 -51 -56 -60 <END> 
<S> 0 44 76 / 72 84 -44 -64 / 51 56 60 72 84 / 80 -51 -56 -60 / 51 56 60 72 / 72 77 84 -51 -56 -60 / 39 51 -72 -75 / 72 -39 -51 / 51 56 60 70 / 68 -51 -56 -60 / 44 56 68 / 39 51 -68 56 / 0 36 48 <END> 
<S> 44 56 72 75 80 / 56 60 65 68 -72 -80 -84 / 70 72 78 80 -56 -60 -66 / 39 51 -70 -72 -78 -80 / 72 84 -39 -51 / 51 56 60 70 82 / 72 84 -51 -56 -60 / 53 56 60 86 / 68 80 -53 -56 / 51 56 60 -68 -80 / 68 77 -51 -56 -60 <END> 
<S> 44 56 72 / 80 -44 -56 / 51 56 60 68 / 72 -51 -56 -60 / 39 51 75 / 71 77 -39 -51 / 51 56 60 72 75 / 72 80 -56 -56 -60 / 44 56 72 80 / 73 -44 -56 / 37 49 73 / 72 80 -44 -56 / 44 56 -72 -75 / 73 -44 -56 / 42 54 72 / 72 -42 -54 <END> 
<S> 44 56 72 75 80 / 72 80 -44 -72 / 51 56 60 65 -72 -80 / 68 80 -56 -60 -65 / 44 56 72 77 / 72 -44 -72 / 56 60 66 72 / 75 -56 -60 -66 / 51 63 72 / 68 80 -51 -63 / 52 56 60 68 80 / 68 80 -52 -56 -60 <END> 
<S> 44 56 72 / 72 -44 -56 / 51 56 60 -72 / 72 77 -51 -56 -60 / 45 75 -77 / 72 75 -45 / 51 56 60 73 82 / 70 82 -56 -58 -60 / 44 71 80 / 72 77 -44 -56 / 45 57 -72 -77 / 72 76 -45 -57 / 41 53 69 / 72 75 79 -41 -53 / 38 -70 -72 -74 -79 / 70 72 75 81 / 53 60 63 72 75 81 <END> 
<S> 44 56 -72 -75 / 70 82 -44 -56 / 42 54 72 75 78 / 72 -42 -54 -63 -75 / 0 50 -32 -80 / 0 -37 -49 / 0 36 48 64 70 72 / 0 / 44 56 68 68 72 / 43 71 77 83 / 80 92 -71 / 55 60 66 80 -77 / 77 85 -55 -60 -68 / 32 44 -80 -84 / 82 86 87 / 56 58 68 72 78 85 <END> 
<S> 0 48 60 / 0 82 -48 -60 / 0 52 56 60 80 / 0 76 84 -44 -56 -60 / 48 60 -76 -84 / 71 77 -48 -60 -64 / 47 59 74 77 / 75 81 -47 -59 / 48 60 76 79 88 / 77 -48 -60 -63 / 47 59 79 88 / 76 81 86 -56 / 45 57 86 -74 -86 / 84 88 87 -45 -57 <END> 
<S> 48 60 76 / 72 -48 -60 / 47 59 68 80 / 76 -47 -59 -68 / 50 62 68 77 / 76 -50 -62 -68 / 52 59 60 68 80 / 80 -52 -56 -60 -64 / 40 52 -68 / 71 83 -40 -52 / 55 60 64 76 / 76 -60 -64 -76 / 43 71 -76 / 75 -43 / 52 55 60 76 / 82 -52 -55 <END> 
<S> 0 52 64 / 68 76 -52 -64 / 50 62 -64 -76 / 70 74 78 -52 -58 -62 / 46 -69 -70 -74 -81 / 79 -46 / 55 62 74 77 86 / 56 58 62 74 77 84 / 53 58 62 77 / 79 -53 -58 -62 / 41 53 77 / 74 -41 -53 / 53 58 62 73 / 74 77 -53 -58 -62 <END> 
<S> 46 74 82 / 74 82 -46 -74 / 53 58 62 -74 -82 -82 / 77 -53 -58 -62 / 41 81 / 77 -41 / 53 58 62 77 / 74 -53 -58 -62 / 46 -74 / 82 -46 / 53 58 62 77 / 79 -53 -58 -62 / 41 -79 / 77 -41 / 53 58 62 70 / 74 -53 -58 -62 <END> 
<S> 46 74 79 82 / 74 82 -46 / 53 58 62 -74 -82 / 77 -53 -58 -62 / 41 81 / 79 -41 / 53 58 62 77 / 74 -53 -58 -62 / 46 74 / 77 -46 / 56 58 62 82 / 74 80 82 -56 -58 -62 / 39 51 75 79 82 / 77 80 89 / 55 58 63 75 79 83 / 67 75 79 -55 -58 -63 <END> 
<S> 46 58 74 / 73 -46 -58 / 53 58 62 72 / 75 -53 -58 -62 / 41 72 / 77 -41 / 53 58 63 72 / 46 58 70 74 / 0 65 70 74 77 / 0 77 -65 -70 / 60 65 69 77 / 68 74 77 -60 -65 -68 / 65 68 77 -65 / 74 77 -65 -68 / 60 68 80 68 70 / 49 61 -68 -68 -77 <END> 
<S> 0 46 65 / 74 -46 / 53 58 62 70 / 79 -53 -58 -62 / 41 -79 / 77 -41 / 53 58 62 70 / 74 -53 -58 -62 / 46 58 / 70 -46 / 49 58 61 -70 / 77 -58 -61 -67 / 44 56 65 / 77 -44 -56 / 43 55 70 72 / 74 -43 -55 / -70 -43 -56 / 67 75 -43 -55 <END> 
<S> 46 58 -70 / 65 -46 -58 / 47 59 65 / 67 -47 -59 / 48 60 -67 / 68 -48 -60 / 47 59 68 / 80 -47 -59 / 39 51 68 72 / 70 -39 -51 / 39 51 67 72 / 70 73 -39 -51 / 39 51 -70 -73 / 72 -39 -51 / 38 50 67 74 / 70 73 -51 -55 <END> 
<S> 39 51 67 70 / 73 -39 -51 -67 / 55 58 63 72 -67 / 70 -55 -58 -63 / 34 56 70 82 / 80 -34 -46 / 53 58 62 68 / 74 -53 -58 -62 / 46 58 / 77 -46 / 51 58 61 67 / 75 -51 -58 -63 / 39 51 68 / 77 -39 -51 / 56 58 63 68 75 <END> 
<S> 46 58 75 / 67 79 -46 -58 / 55 58 63 -67 -79 / 75 -55 -58 -63 / 46 58 84 / 82 -46 -58 / 55 58 63 75 / 56 60 63 77 / 82 -56 -60 -63 / 42 54 -80 / 81 -42 -54 -75 / 58 61 64 70 76 / 76 -58 -61 -64 -67 / 0 -76 / 0 65 <END> 
<S> 0 44 / 75 84 -44 / 56 60 63 68 72 72 84 / 75 78 87 -60 -63 -65 / 44 56 77 -75 / 72 -44 -56 / 56 60 65 72 84 / 41 53 72 77 80 84 / 39 51 71 74 83 / 40 52 68 72 76 / 39 51 -72 -73 -80 / 0 40 52 -72 -76 -84 / 0 45 57 72 76 81 <END> 
<S> 44 56 72 76 84 / 56 60 65 -72 -72 -81 -84 / 80 -56 -60 -65 -72 -74 -81 / 0 48 -60 -65 -72 -76 -79 / 0 72 76 82 -48 / 0 60 70 76 82 / 0 76 79 84 -60 -64 / 36 48 -76 -79 / 83 -36 -48 -76 / 60 64 79 82 88 / 81 -64 -76 -81 <END> 
<S> 0 43 55 70 76 82 / 82 -43 -55 -70 -74 -82 / 55 60 64 67 76 79 / 43 -76 -82 / 67 72 79 / 55 60 64 76 / 72 77 84 -55 -60 -64 / 52 64 76 79 / 70 82 -52 / 55 60 64 72 / 74 -55 -60 -64 / 45 57 72 / 0 39 51 / 60 66 72 / 80 -51 -60 -66 <END> 
<S> 0 48 60 76 79 84 / 67 72 76 -48 / -79 -67 -72 -76 / 0 69 76 81 / 0 67 71 74 77 / 0 68 76 84 -44 -56 / 0 65 68 72 84 / 77 -65 -65 -68 / 56 61 65 68 71 80 / 80 87 -65 -65 -71 -77 <END> 
<S> 44 67 72 75 / 80 89 -66 -72 / 56 60 68 -72 -78 / 68 80 -56 -60 -68 / 39 51 -68 -72 -80 / 84 -39 -51 -72 -75 / 56 60 65 70 -72 -75 / 80 -56 -60 -65 -70 -75 / 41 53 68 80 / 70 82 -41 -53 / 40 52 70 -82 / 72 80 84 -40 -52 / 41 53 -72 -75 / 73 77 81 -41 -53 <END> 
<S> 0 46 65 / 70 -46 -62 / 53 58 63 67 / 73 -53 -58 -63 / 46 70 / 72 -46 / 53 58 61 68 / 70 -53 -58 -61 / 41 53 72 / 71 -41 -53 / 42 54 72 / 69 72 -42 -54 / 43 55 70 / 72 -43 -55 / 42 54 72 / 75 -42 -54 <END> 
<S> 0 41 53 / 68 -41 -53 / 53 57 61 67 / 69 -53 -57 -63 / 41 65 / 67 -41 / 53 57 63 69 / 65 72 -53 -57 -63 / 45 57 -65 -72 / 75 -45 -57 / 48 58 61 64 / 46 58 61 / 48 60 61 -73 / 45 61 73 76 <END> 
<S> 0 43 55 / 64 -43 -55 / 0 55 60 64 / 0 66 -55 -60 -64 / 0 67 -55 -60 -64 / 0 66 -52 -55 -60 / 0 47 59 / 0 / 48 60 74 / 59 76 / 59 65 <END> 
<S> 52 64 / 71 -52 / 50 54 60 70 / 66 -50 -54 -60 / 38 50 -60 -66 / 60 65 -38 -50 / 0 43 55 59 / 0 31 43 55 70 74 81 / 48 60 72 76 79 84 <END> 
<S> 0 43 55 / 0 44 56 / 0 62 -44 -56 / 0 43 55 64 70 72 / 0 55 60 64 72 / 0 64 -55 -60 -64 / 0 67 / 66 69 75 / 50 62 67 71 / 76 -50 -62 -67 / 55 59 65 -67 -71 / 43 55 -59 -65 -71 <END> 
<S> 0 43 55 / 0 66 / 55 60 64 69 / 72 -55 -60 -64 / 54 57 60 76 / 72 -54 -57 -60 / 55 60 64 76 / 79 -55 -60 -64 / 55 61 64 67 / 76 -55 -61 -67 / 55 60 64 -67 -76 / 75 -55 -60 -64 / 56 74 76 / 77 86 / 56 62 65 74 / 74 86 -56 -62 -62 / 47 -74 -80 / 72 77 / 56 60 62 74 <END> 
<S> 50 62 76 / 74 77 86 -50 -62 / 50 62 65 -74 -77 / 69 77 81 -50 -59 / 0 48 60 -77 -81 / 0 49 61 67 76 79 / 0 64 67 71 77 81 / 0 45 57 -66 -69 -72 / 0 44 71 74 74 77 / 0 48 60 72 75 81 <END> 
<S> 44 56 72 76 84 / 51 56 60 72 78 / 80 -51 -56 -60 / 44 56 -76 -80 / 72 75 -44 -56 / 45 57 72 75 / 69 72 75 -45 -57 / 46 58 67 73 76 / 51 55 61 -67 -73 / 44 56 -67 -73 / 46 58 73 73 82 / 51 55 61 -73 -73 <END> 
<S> 0 46 67 / 73 -46 / 53 55 58 63 / 75 -53 -55 / 51 -55 77 / 49 -51 / 49 61 73 / -49 -58 -61 / 50 77 / 77 81 / 61 65 77 81 / 77 80 83 -65 / 86 92 -65 -77 / 82 -46 91 / 58 62 65 88 -82 / 77 81 86 -58 -62 -65 <END> 
<S> 44 74 77 / 80 -44 / 56 59 65 / 77 -56 -59 -65 / 41 53 -77 / 82 -41 -53 / 56 -41 65 / 77 -56 -59 <END> 
<S> 43 55 70 82 / 71 -43 -55 / 41 53 72 / 74 77 80 -41 -53 / 43 55 -74 -77 -82 / 72 75 79 -43 -43 -55 / 45 57 -72 -75 -79 / 84 -45 -57 -72 / 46 58 74 82 / 79 -46 -58 -74 / 44 56 75 84 83 / 46 58 68 74 77 80 <END> 
<S> 0 41 53 75 84 / 0 82 -41 -53 / 58 60 64 82 -82 / 80 -58 -60 -64 / 48 58 -81 / 72 -48 -58 / 58 60 64 74 / 76 -58 -60 -64 / 55 58 62 / 48 60 / 46 58 / 63 -46 / 53 58 63 67 / 41 53 65 <END> 
<S> 46 70 74 / 81 -46 / 58 62 68 / 77 -58 -62 / 46 70 / 72 -46 / 55 58 62 -72 / 74 -55 -58 -62 / 38 50 72 77 / 74 -38 -50 / 39 51 72 / 77 -39 -51 / 36 48 70 / 82 -36 -48 / 0 58 61 84 / 0 82 <END> 
<S> 0 43 55 / 70 82 -43 -55 / 55 58 62 67 79 / 70 82 -55 -62 -67 / 43 55 -70 -82 / 72 84 -43 -55 / 41 53 -72 -84 / 77 81 89 / 88 -70 / 55 72 79 84 / 84 -55 -55 / 60 63 84 / 79 -55 -60 -63 / 39 51 72 84 / 70 82 -39 -51 <END> 
<S> 48 -72 -76 -84 / 83 -48 -76 / 83 -48 -48 / 72 81 -36 -48 / 48 69 75 -36 / 72 76 79 -48 / 58 60 -72 -76 -79 / 72 81 -58 -60 -64 / 46 -72 -76 / 75 -46 / 55 58 63 70 82 / 75 81 -55 -58 -63 / 39 51 79 82 / 80 -39 -51 / 55 58 63 82 / 76 -55 -58 -63 <END> 
<S> 48 60 72 75 / 67 79 -48 -60 / 55 60 63 -72 -75 -79 / 72 75 81 -55 -60 -63 / 46 58 -72 -75 / 74 77 -46 -58 / 55 58 63 72 75 / 48 60 75 / 53 63 75 79 87 / 51 -75 -79 / 78 -39 -51 -75 / 39 51 78 -70 -75 / 75 79 -39 -51 -51 <END> 
<S> 44 56 -72 -75 / 77 -44 -56 / 51 56 60 72 77 82 / 68 72 80 -56 -60 / 51 63 72 75 84 / 68 72 80 89 -63 / 0 56 60 -72 -75 -84 / 72 -56 -60 -62 / 42 54 75 84 / 78 -42 -54 / 41 53 75 80 / 75 81 -41 -53 / 53 54 -75 -75 -81 / 69 77 81 -53 -57 -63 / 41 53 -69 -75 -81 / 77 81 -41 -53 -69 / 41 53 75 79 / 81 -41 
<S> 41 53 75 87 / 38 50 72 77 80 / 70 82 -42 -54 / 56 58 61 -82 / 77 82 -58 -61 / 39 51 72 / 78 -39 -51 / 56 58 63 68 / 75 -56 -58 -63 / 46 58 68 / 70 -46 -58 -68 / 46 58 -70 -73 / 70 -46 -58 / 44 56 70 72 / 34 46 70 74 77 <END> 
<S> 39 51 70 75 79 / 51 63 -70 -75 / 40 52 -63 -70 / 39 51 63 82 / 44 56 65 / 39 51 63 / 75 -39 -51 / 53 56 75 / 80 -51 -56 / 39 51 75 / 77 -39 -51 / 51 56 60 68 / 39 -51 -56 -60 <END> 
<S> 51 56 61 65 82 / 75 -51 -56 -61 / 39 51 75 / 68 -39 -51 / 51 56 61 63 / 75 -51 -56 -61 / 41 53 73 / 68 -41 -53 / 53 56 61 69 / 80 -53 -56 -61 / 45 73 / 75 -61 -65 / 44 56 68 / 72 -44 -56 <END> 
<S> 36 48 69 / 68 -36 -48 / 38 50 57 69 / 69 81 -38 -50 -69 / 36 48 -69 -69 / 67 70 -36 -48 / 38 50 57 65 69 / 77 -38 -50 -65 / 41 53 57 69 77 / 79 -41 -53 -57 -62 / 50 62 77 / 81 -50 -62 / 48 60 79 / 84 -48 -60 / 47 56 68 / 74 -47 -59 <END> 
<S> 41 53 65 / 67 -41 -53 / 57 60 69 72 / 70 -57 -60 -65 / 48 72 / 67 70 / 53 69 72 / 69 72 -52 -53 / 36 48 -69 -72 / 70 -36 -48 / 38 50 70 78 / 70 -50 -38 -50 / 43 74 79 / 70 77 81 / 59 65 71 74 77 / 50 70 74 79 / 49 70 77 81 / 53 65 69 74 79 / 77 -65 -53 -65 <END> 
<S> 50 62 77 / 65 74 -50 -62 / 49 65 68 75 / 62 68 80 -49 / 47 59 67 68 80 / 56 68 -59 -68 -68 -80 / 0 51 56 -68 -80 / 0 53 56 -68 -80 -80 / 0 56 68 70 74 80 / 0 70 73 77 81 -44 -56 / 43 55 -73 -70 -77 -80 / 42 -73 -73 -77 -80 / 41 53 70 80 46 34 46 34 46 70 74 77 -34 -46 <END> 
<S> 0 68 77 82 -46 / 56 58 62 68 80 -77 / 70 74 77 82 -56 -58 -62 / 46 -68 -70 -74 -77 / 72 77 -46 / 56 58 62 74 77 / 72 84 -56 -58 -62 / 46 58 -72 -84 / 70 82 -46 -58 / 55 58 61 -70 -82 / 77 -55 -58 -63 / 38 50 -58 82 / 75 -38 -50 -58 / 39 51 66 75 78 / 70 74 82 -39 -51 / 39 51 72 84 / 70 82 -39 -51 / 43 
<S> 46 58 70 / 67 -46 -58 / 51 55 61 -67 / 67 70 -51 -55 -61 / 46 58 -67 -70 / 68 -46 -58 / 51 55 61 67 / 70 -51 -55 -61 / 39 51 67 / 75 -39 -51 / 55 58 63 -75 / 72 -55 -58 -63 / 46 58 67 70 / 51 55 58 -67 -70 / 43 55 -67 -70 / 72 -43 -55 / 46 58 74 / 73 -46 -58 <END> 
<S> 39 51 70 / 72 -39 -51 / 41 53 70 75 / 67 -41 -53 / 43 55 70 / 72 -43 -55 / 45 57 70 / 67 -45 -57 / 46 58 70 / 65 77 -46 -58 / 53 58 62 -65 -77 / 70 -53 -58 -62 / 41 65 77 / 53 58 62 -65 <END> 
<S> 46 58 70 / 53 58 62 82 / 41 53 81 / 82 -41 -53 / 43 55 80 -86 / 84 -43 -55 / 41 53 81 / 86 -41 -53 / 42 54 74 / 73 -42 -54 / 60 66 69 81 / 81 -66 -60 -69 / 50 62 66 71 78 / 69 81 -50 -62 -71 / 48 60 -69 -72 -81 / 72 -48 -60 -69 / 47 67 74 76 79 / 45 57 69 74 81 <END> 
<S> 41 69 81 / 81 -41 / 53 57 63 69 81 / 74 77 -53 -57 -63 / 41 69 75 81 / 75 -41 -69 -75 / 53 57 63 -69 -75 -81 / 74 -69 75 -81 / 54 57 60 72 -69 -81 / 55 76 -57 -60 / 58 62 74 / 0 76 <END> 
<S> 0 41 69 81 / 0 81 -41 -69 / 0 45 57 -69 -81 / 0 81 -45 -57 / 0 65 69 77 81 / 0 36 48 72 76 81 / 41 53 65 -72 / 40 52 72 / 41 53 65 <END> 
<S> 53 69 72 81 / 79 -53 -69 -72 / 77 -53 -69 -72 / 69 -53 -69 -72 / 50 -69 -69 -72 / 68 -69 -50 / 48 60 69 / 46 58 -69 -72 / 45 57 65 / 41 53 65 / 69 -41 -53 / 43 55 -69 / 67 -43 -55 / 42 54 69 / 72 -42 -54 <END> 
<S> 41 53 -65 -69 / 53 58 62 -65 -69 / 67 70 74 77 -53 -58 -62 / 46 -70 -74 -77 / 70 -46 / 53 58 62 72 / 74 -53 -58 -62 / 48 77 / 72 79 -48 / 53 58 62 74 86 / 79 -53 -58 -62 / 41 -79 / 77 -41 / 53 58 62 77 / 82 -53 -58 -62 <END> 
<S> 55 58 62 74 / 70 82 -55 -58 -62 / 46 58 -70 -74 / 75 -46 -58 / 47 59 77 / 56 -47 / 43 55 / 44 65 / 45 57 66 72 / 38 50 -66 -72 / 54 60 63 -66 -72 / 43 55 70 75 / 55 58 63 72 75 79 <END> 
<S> 34 46 68 71 77 / 65 68 74 -34 -46 / 50 -68 62 68 77 / 68 70 -50 -62 / 51 -68 -68 / 70 77 -37 -49 / 46 58 68 73 77 / 51 67 75 79 / 49 61 -67 -75 -79 / 46 58 -67 -75 -79 / 43 55 70 82 / 44 56 74 82 <END> 
<S> 39 51 67 79 / 75 -39 -51 / 55 58 63 75 / 74 -55 -58 -63 / 39 51 75 / 72 80 -39 -51 / 39 51 -72 -75 / 70 -39 -51 / 41 53 70 / 72 -41 -53 / 43 55 70 / 72 -43 -55 / 39 51 67 / 66 -39 -39 -51 <END> 
<S> 39 51 70 -72 / 72 -39 -51 / 41 53 75 / 68 -41 -53 / 43 55 70 / 72 -43 -55 / 45 57 70 / 72 -45 -57 / 46 58 70 / 67 -46 -58 / 41 53 62 77 / 70 -41 -53 -62 / 40 52 67 / 72 -40 -52 / 41 53 67 / 67 71 79 -41 -53 / 39 51 -67 -71 / 81 -39 -51 / 48 60 75 79 / 75 -48 -60 -58 <END> 
<S> 46 58 62 70 / 73 -46 -58 -62 / 51 55 61 67 75 / 70 73 -51 -55 -61 / 39 51 -70 -73 / 70 -39 -51 / 41 55 -70 / 73 -43 -55 / 39 51 72 / 70 -51 -39 -51 / 43 55 -70 / 32 44 / 71 72 77 83 / 0 / 44 72 74 78 80 / 72 78 84 -44 -56 / -72 56 -72 -76 -84 / 83 -72 -72 -76 / 83 86 -72 -76 / 76 81 86 84 <END> 
<S> 36 48 60 72 76 84 / 0 70 82 -36 -48 -55 -76 / 0 58 63 67 70 -36 / 0 52 -63 -67 -70 / 60 63 68 -52 / 47 68 -60 -63 -68 / 0 46 68 / 36 48 63 75 / 38 50 68 / 39 51 -68 / 40 44 68 <END> 
<S> 39 51 68 72 / 73 -39 -51 / 51 55 61 70 / 72 -51 -55 -61 / 39 51 73 / 65 77 -39 -51 / 51 52 61 70 / 72 76 -51 -61 / 0 47 68 / 75 -47 / -68 56 68 / 77 -68 -56 / <END> 
<S> 0 47 59 / 67 70 79 -46 -58 / 48 58 60 -67 -79 / 69 77 -58 -58 -60 / 36 48 70 76 / 72 -36 -48 / 58 60 64 70 / 68 -58 -60 -64 / 53 56 60 65 77 / 36 48 69 72 77 / 48 60 64 72 -69 -72 <END> 
