<S> 55 67 / 54 66 / 53 65 / 58 70 / -58 -70 / 57 69 / 58 70 / 60 72 / 59 71 / 58 70 / 62 74 / -62 -74 / 61 73 / 62 74 <END> 
<S> 62 65 / 61 69 / 61 70 / 61 69 / 62 70 / 61 67 / 51 63 -67 / 43 66 / 55 65 / 48 58 / 64 -73 / 0 70 / 55 67 / 54 66 / 57 69 <END> 
<S> 38 50 66 / 71 -38 -50 -66 / 42 54 60 72 / 62 -42 -54 / 0 38 50 / 0 50 / 39 51 68 / 51 63 -39 -51 / 0 44 56 / 0 45 57 / 0 39 51 <END> 
<S> 39 51 67 72 / 51 -51 -67 -72 / 71 -39 -51 -67 -72 / 36 48 67 72 / 70 -36 -48 / 55 67 72 / 64 67 73 -55 / 43 -64 -67 -72 / 63 72 / 50 62 65 / 70 77 -50 -62 / 51 63 67 75 / 72 77 -51 -63 / 69 75 79 -41 / <END> 
<S> 48 64 -67 -72 / 65 68 -48 -64 / 47 59 64 67 / 64 -47 -59 -64 / 64 67 -45 -57 / 48 64 -64 -67 / 0 67 -40 -52 / 0 52 58 61 -67 / 70 -40 -52 -58 -61 / 41 53 65 69 / 67 -41 -53 / 0 50 57 60 69 / 65 69 77 -57 -57 -60 / 48 53 57 69 72 / 74 -48 -53 -57 -63 / 60 65 -53 -57 -60 -62 / 72 -34 -53 -60 -63 <END> 
<S> 41 53 57 65 / 67 -41 -53 -57 / 36 48 60 76 / 67 -36 -48 -60 / 48 60 65 69 / 76 -48 -60 -65 / 45 57 -60 -65 / 44 56 60 65 74 / 42 54 72 75 / 78 -42 -54 -72 -75 / 0 55 58 64 76 / 0 76 -55 -58 -64 / 0 55 61 64 67 / 0 76 -55 -61 -64 / 45 52 64 -76 / 79 -45 -52 / 48 60 76 / 75 -48 -60 <END> 
<S> 0 48 60 / 67 -48 -60 / 55 60 63 67 76 / 74 -55 -60 -63 / 46 58 67 / 79 -46 -58 / 55 58 62 77 / 75 -55 -58 -62 / 46 58 77 / 82 -46 -58 / 51 55 61 -82 / 77 -51 -55 -61 / 40 52 73 / 79 -40 -52 / 55 58 61 73 / 75 -55 -58 -61 <END> 
<S> 46 58 70 / 74 -46 -58 / 51 55 58 61 -75 / 67 70 -51 -55 / 39 51 -67 -70 / 70 -39 -51 / 55 58 63 67 / 67 -55 -58 -63 -67 / 0 51 63 / 67 -51 -63 / 0 54 -63 / 0 69 / 0 50 68 / 0 70 -50 / 0 49 68 / 0 70 -52 <END> 
<S> 39 51 -67 / 68 -39 -51 / 39 51 55 58 70 / 0 43 55 / 67 -43 -55 / 39 51 63 -67 / 65 69 -39 -51 / 51 55 61 -63 / 70 72 -51 -55 -61 / 39 51 63 75 / 67 70 -51 -39 / 43 55 -67 -70 / 72 75 -43 -55 / 45 57 67 -72 / 63 75 -45 -57 <END> 
<S> 39 51 -67 -70 / 72 -39 -51 / 41 53 65 70 / 67 -41 -53 / 43 55 70 / 72 -43 -55 / 45 57 70 / 67 -45 -57 / 46 58 70 / 65 74 -46 -58 / 53 58 62 -65 -70 / 70 -53 -58 -62 / 43 65 74 / 53 55 59 -65 -74 <END> 
<S> 46 58 70 74 / 53 58 62 72 / 74 -53 -58 -62 / 41 77 / 65 -41 / 53 58 62 67 / 67 -53 -58 -62 / 46 67 / 70 -46 / 53 58 62 74 / 74 -53 -58 -62 / 41 -74 / 70 -41 / 53 58 62 67 / 70 -53 -58 -62 <END> 
<S> 46 58 70 74 / 73 -46 -58 / 53 58 62 74 / 70 -53 -58 -62 / 41 74 / 77 -41 / 53 58 62 -77 / 67 -53 -58 -62 / 53 74 / 77 -53 / 56 58 62 82 / 74 77 -58 -62 / 46 -74 / 79 -46 / 56 58 62 82 / 74 80 82 -56 -58 -62 <END> 
<S> 43 55 70 82 / 74 82 -43 -55 / 55 58 62 79 / 83 -55 -58 -62 / 38 50 81 / 82 -38 -50 / 40 58 62 82 / 75 82 86 / 87 87 90 / 90 84 / 84 87 88 -84 / 86 90 / 63 84 87 -84 -42 / 0 41 -84 -84 / 70 82 -41 / 53 58 62 82 -70 -82 / 74 80 86 -58 -62 -68 <END> 
<S> 43 55 70 82 82 / 74 82 -43 -55 / 44 56 82 86 / 44 56 74 80 83 / 45 57 72 78 84 / 45 57 72 78 84 / 46 58 62 74 77 82 / 38 50 74 77 82 / 49 58 62 68 80 / 70 82 -58 -62 -68 <END> 
<S> 34 46 74 82 / 74 -34 -46 -74 / 53 58 62 -74 -74 / 65 70 -53 -58 -62 / 43 55 70 74 / 70 -43 -55 / 41 53 62 67 / 39 51 67 79 / 38 50 65 77 / 36 48 58 64 <END> 
<S> 62 68 71 79 / 83 -62 -68 -71 / 62 68 71 83 89 / 80 89 -62 -65 -68 -71 / 63 67 72 -80 -89 / 79 91 -63 -67 -72 / 63 72 84 88 / 88 -63 -72 -76 / 62 65 68 71 -40 91 / 80 -62 -65 -68 -71 -74 / 65 68 73 76 -80 / 62 68 71 -65 -76 <END> 
<S> 64 72 76 84 / 88 -64 -72 / 64 72 -64 -72 / 64 69 72 / 64 71 83 / 88 -64 -64 / 65 72 84 / 68 80 -65 -72 / 60 65 72 81 / 79 84 -61 -65 -72 / 64 68 72 80 / 80 -64 -68 -72 / 64 68 72 76 / 80 -64 -72 <END> 
<S> 64 67 72 76 / 72 84 -64 -67 -72 / 63 69 72 87 / 84 -63 -69 -72 / 65 67 72 88 / 72 84 -65 -68 -72 / 64 68 72 94 -64 / 87 -64 -68 -72 / 63 68 72 87 / 89 -63 -68 -72 / 63 67 72 -80 / 84 -63 -67 -72 / 63 67 72 84 / 84 -63 -67 -72 / 63 67 72 84 / 84 -63 -67 -72 / 63 68 72 84 / 80 89 -63 -68 -72 <END> 
<S> 64 67 72 -79 -82 / 63 -67 -72 -82 / 65 68 72 76 84 / 82 -63 -68 -72 / 63 67 72 84 / 84 -63 -67 -72 / 63 67 72 84 / 84 -63 -67 -72 / 63 67 72 84 / 84 -63 -67 -72 / 63 67 72 -84 / 84 -63 -67 -72 / 63 67 72 78 / 84 -63 -67 -72 / 63 67 72 78 / 84 -63 -67 -72 / 63 67 72 -84 / 82 -63 -67 -72 / 63 67 72 82 
<S> 0 69 72 84 / 51 63 67 72 75 / 69 -63 -67 -72 -75 / 55 60 64 -67 -72 -75 -79 / 45 57 72 76 84 / 44 60 -72 -75 -84 / 43 55 71 74 83 / 55 59 65 -71 -74 -83 / 48 64 67 72 / 52 55 60 -67 -72 -76 / 43 55 -67 -72 -76 / 45 57 -67 -72 -76 / 47 59 71 76 <END> 
<S> 43 55 71 77 81 / 79 82 -43 -55 -71 / 55 59 65 71 77 83 / 71 74 77 83 -55 -59 / 50 -71 -77 -71 -71 / 71 77 83 -38 -50 / 55 59 65 74 77 81 / 71 77 83 -55 -59 -65 / 43 55 -71 -77 -79 / 78 -43 -55 / 41 53 77 / 71 77 79 -47 -59 <END> 
<S> 50 70 74 79 / 77 -50 -62 / 55 59 65 71 74 / 77 -55 -59 -65 -71 / 43 55 72 / 81 -43 -55 / 55 60 65 79 / 77 -55 -60 -65 / 48 60 -79 / 78 -48 -60 / 55 60 63 79 / 72 -55 -60 -63 / 46 58 70 / 82 -46 -58 / 51 55 61 -82 / 73 -51 -55 <END> 
<S> 48 60 -72 -84 / 72 -48 -60 / 55 60 63 79 -72 / 81 84 -55 -60 -63 / 42 54 70 82 / 81 -42 -54 -70 / 58 60 64 79 -70 / 41 53 81 / 86 -41 -53 / 56 58 62 74 / 80 -56 -58 -62 / 34 46 72 / 74 -34 -46 / 56 58 62 82 / 74 -56 -58 -63 <END> 
<S> 53 56 61 77 84 / 82 -53 -56 -61 / 58 62 77 80 / 0 53 80 / 0 82 -53 / 0 82 / 0 48 80 / 0 51 -48 / 0 75 -51 / 0 51 75 / 0 72 75 -51 / 0 34 46 -67 / 70 82 -34 -46 / 55 58 62 70 / 75 -55 -58 -62 <END> 
<S> 39 51 67 75 79 / 46 58 -75 -79 / 48 58 60 70 / 72 -58 -60 / 51 63 66 / 72 75 -45 -57 -63 / 46 58 -72 -75 / 73 -46 -58 / 51 63 67 72 / 45 -63 -67 -72 / 44 56 -63 -72 / 43 55 70 82 / 76 -43 -55 / 58 62 64 79 / 70 82 -58 -62 -64 <END> 
<S> 39 51 67 70 / 75 -39 -51 -67 -70 / 55 58 63 -67 -70 -75 / 75 -55 -58 -63 -67 -72 / 0 67 75 79 / 0 70 82 / 53 58 -70 -82 / 46 -70 -82 / 44 56 68 74 / 42 54 72 75 78 / 43 55 71 74 79 / 50 55 59 -67 -71 -74 <END> 
<S> 50 62 70 82 / 74 -50 -62 -70 / 46 58 -70 -74 / 70 82 -46 -58 / 39 51 66 74 / 77 -39 -51 -71 / 38 50 66 78 / 70 -38 -50 -78 / 39 51 -67 -70 -82 / 75 -39 -51 -70 / 41 53 -61 -63 -70 / 77 -57 -61 -65 -70 / 43 55 65 72 / 42 54 70 74 / 41 53 72 75 80 <END> 
<S> 39 51 67 70 / 65 75 -51 -67 / 55 58 63 -67 -75 / 70 -55 -58 -63 / 46 58 67 / 70 -46 -58 / 55 58 63 72 / 75 -55 -58 -63 / 0 39 51 / 82 -39 -51 / 58 63 84 -39 -51 / 40 52 -58 -63 / 39 51 84 / 0 40 52 <END> 
<S> 39 51 70 / 72 -39 -51 / 41 53 70 / 72 -41 -53 / 42 54 70 / 69 -42 -54 / 42 54 -70 / 60 -42 -54 / 0 41 53 / 65 -41 -53 / 53 57 62 68 / 69 -53 -57 -62 / 40 52 -69 / 70 79 -40 -52 / 47 59 68 74 / 69 -47 -59 <END> 
<S> 41 53 69 72 / 77 -41 -53 -69 / 53 57 61 69 72 / 70 81 -53 -57 -63 / 53 60 69 72 / 69 75 79 -53 -60 -63 / 53 -69 -72 -79 / 72 -53 70 / 57 62 65 74 / 70 74 -62 -65 / 58 62 65 -70 -74 / 77 -58 -62 -65 / 41 65 70 77 / 74 -41 -65 / 53 58 62 67 70 / 65 -53 -58 -62 <END> 
<S> 50 62 65 77 / 70 -50 -62 / 53 58 62 67 74 / 70 -53 -58 -62 / 53 58 62 74 / 65 77 -53 -58 -62 / 41 53 -65 -77 / 70 82 -41 -53 / 53 58 61 -70 -82 / 77 -53 -58 -62 / 54 70 75 / 74 -42 -54 -70 / 42 54 -70 -74 / 75 -42 -54 <END> 
<S> 41 53 70 74 / 72 -41 -53 / 53 58 62 73 / 74 -53 -58 -62 / 50 62 65 / 70 -50 -62 / 53 58 62 74 / 65 -53 -58 -62 / 0 55 58 64 70 / 0 55 58 62 82 / 0 55 58 62 82 / 0 81 -55 -58 -62 <END> 
<S> 46 58 62 70 / 53 -62 -70 / 46 -62 -70 / 50 62 65 77 / 70 74 77 82 / 55 58 62 70 74 77 / 69 74 77 -53 -58 -62 / 50 62 65 77 74 77 / 76 88 -50 -62 -65 / 48 60 65 69 74 77 81 / 36 48 72 76 81 / 57 60 65 77 -72 -81 <END> 
<S> 41 53 -65 -74 -77 / 74 77 -41 -53 -53 / 41 53 -74 -77 -81 / 77 -41 -53 -77 / 42 54 75 81 / 77 -42 -54 / 43 55 70 82 / 75 81 -43 -55 / 42 54 70 74 79 82 <END> 
<S> 39 51 -70 -77 / 72 84 -39 -51 / 39 51 63 -72 -84 / 72 84 -51 -63 / 42 54 74 82 / 75 87 -42 -54 / 42 54 60 72 -82 / 75 81 -42 -54 / 58 60 70 79 82 / 78 82 87 -58 -60 / 40 52 -70 -82 -82 / 81 82 86 85 / 58 61 67 70 73 82 -85 / 46 58 73 85 / 82 -46 -58 / 51 58 61 84 / 70 82 -51 -58 -61 <END> 
<S> 43 55 70 82 / 75 -43 -55 / 58 58 63 79 / 70 82 -58 -63 -67 / 43 55 70 79 / 82 -43 -55 / 58 63 67 79 / 70 82 -58 -63 -67 / 43 55 -70 -82 / 75 -43 -55 / 58 63 67 79 / 70 -58 -63 -67 / 44 56 75 / 80 -44 -56 / 51 56 60 75 / 72 -51 -56 -60 / 39 51 -72 / 80 -39 -51 / 51 56 60 -80 / 70 -51 -56 -60 <END> 
<S> 39 51 78 82 / 75 87 -39 -51 / 55 58 63 72 75 80 / 72 75 -55 -58 -63 / 51 63 67 70 75 / 51 63 69 75 78 / 55 60 64 67 79 / 48 67 75 79 / 55 60 63 -67 -75 -79 / 53 60 72 / 74 79 82 / 55 58 -74 -79 -79 -82 / 40 -67 -79 -82 / 75 81 -82 / 55 58 62 70 79 <END> 
<S> 0 48 / 75 -48 / 55 60 63 75 79 82 / 67 75 79 -55 -58 -60 / 43 55 -67 -70 -79 / 72 84 -43 -55 / 41 53 67 74 / 73 77 -41 -53 -67 / 36 48 72 76 / 75 79 -36 -48 / 57 60 64 72 78 / 73 78 83 -60 -64 / 48 -70 -74 / 72 84 -48 / 58 60 64 68 / 70 -58 -60 -64 <END> 
<S> 0 53 65 / 0 -65 -53 / 0 65 72 77 -53 / 0 72 77 -32 -44 -65 -72 / 0 72 75 80 / 0 72 76 84 / 0 71 77 83 / 0 68 72 77 80 -53 / 0 -68 -72 -77 -80 / 0 56 -68 -72 -77 / 0 44 56 -72 -77 / 0 43 -68 -72 -76 -80 / 0 44 56 -72 -76 -84 / 0 48 -72 -76 -84 / 0 79 -48 / 0 81 -48 <END> 
<S> 0 60 65 69 81 / 0 72 -60 -65 -69 / 0 43 55 70 82 / 0 76 84 -43 -55 / 0 36 48 72 76 79 82 / 78 81 82 86 -36 -48 / 36 48 70 76 82 -85 / 76 81 86 -36 -48 / 58 60 64 -76 -82 / 82 -58 -60 -64 -76 <END> 
<S> 36 48 72 76 81 / 77 81 -36 -48 -72 / 54 57 60 65 74 87 / 72 75 81 -54 -60 -65 / 43 55 -72 -75 -84 / 76 85 -55 / 42 54 70 82 / 72 84 -42 -54 / 41 53 -72 -84 / 80 82 -41 -53 / 56 58 65 73 85 / 73 85 -56 -58 -65 / 49 -73 -85 / 72 84 82 / 58 61 68 72 80 85 / 70 82 -56 -61 -65 <END> 
<S> 41 53 75 -65 -77 / 53 56 61 77 85 / 76 82 -53 -56 -61 / 58 44 65 77 -82 / 72 77 84 -41 -53 / 47 56 -72 -75 -80 / 44 56 72 75 / 55 60 63 75 -75 / 41 53 75 80 / 77 -41 -53 / 43 55 75 / 72 75 -43 -55 / 42 54 -72 -75 / 75 -42 -54 <END> 
<S> 44 56 -65 -70 -77 / 46 58 -68 -77 / 41 53 68 80 / 39 51 67 79 / 51 55 61 -67 -75 / 34 46 -67 -75 -79 / 0 39 51 / 63 75 87 -39 -51 / 43 55 -63 -75 / 72 75 79 -43 -55 / 44 56 72 77 80 / 70 75 79 -44 -56 <END> 
<S> 39 51 67 75 / 67 75 -51 -39 / 55 58 63 -67 -70 -75 / 72 75 -55 -58 -63 / 46 58 74 86 / 72 75 84 / -46 -58 / 46 72 74 80 / 0 58 68 / 65 68 77 -58 -56 / 53 -68 -68 -80 / 75 -53 -65 -68 / 49 68 80 -68 / 68 80 -37 -49 <END> 
<S> 46 58 -65 -77 / 70 75 -46 -58 / 51 58 63 72 84 / 70 82 -51 -55 -58 -63 / 39 51 -70 -82 / 72 75 -39 -51 / 51 55 61 70 73 / 70 75 -51 -55 -61 / 39 51 70 73 / 51 55 61 73 85 / 39 51 70 82 / 72 -39 -51 / -39 -51 63 70 / 72 75 -51 -63 -67 / 46 58 67 73 / 75 79 -46 / 51 55 61 72 75 / 76 70 82 -51 -55 -61 / 
<S> 39 51 70 / 78 -39 -51 / 39 51 75 79 / 72 77 -39 -51 / 43 55 75 / 72 -43 -55 / 45 57 72 / 63 75 -45 / 43 55 67 / 73 / -43 -55 / 47 59 / / 62 -47 / 50 62 / 45 -50 / 61 -50 -45 / 0 63 <END> 
<S> 43 55 70 / 71 -43 -55 / 45 57 72 / 74 -45 -57 / 38 50 72 / 78 -38 -50 / 38 50 79 / 78 -38 -50 / 0 52 -78 / 81 -52 / 52 55 61 69 / 73 -52 -52 / 45 -73 / 73 -45 / 55 57 61 73 / 73 -55 -57 -61 <END> 
<S> 0 43 / 71 75 81 / 0 50 55 59 71 / 74 -50 -50 -59 / 50 53 58 -71 / 67 79 -50 -55 -59 / 48 67 76 / 75 79 -48 / 52 55 60 79 -79 / 76 -52 -55 -60 / 50 78 / 71 -50 / 52 55 59 73 <END> 
<S> 48 60 76 / 75 -48 -60 / 55 60 64 76 / 81 -55 -60 -64 / 52 64 -79 / 81 -52 -64 / 51 63 83 / 81 -51 -63 / 50 62 83 / 76 82 88 -50 -62 / 55 58 62 65 86 -67 -79 / 81 -55 -58 -62 -64 / 50 62 83 83 89 / 89 55 59 65 77 83 / 47 59 86 86 / 50 62 77 86 / 50 59 65 -77 -83 -86 / 50 53 74 59 86 -74 -77 <END> 
<S> 43 55 76 82 74 / 79 -43 -55 / 55 58 62 -79 / 74 82 -55 -58 -62 / 46 -74 -79 / 73 -46 / 55 58 62 74 / 45 66 75 / 53 57 60 74 77 / 72 75 84 -57 -60 / 66 75 78 87 -41 / 0 54 66 74 78 86 / 0 65 72 74 84 / 0 65 69 72 77 81 -53 -65 / 0 78 -65 -69 -72 / 0 49 61 68 80 / 49 61 -49 -68 -77 <END> 
<S> 50 62 77 89 / 74 -50 -62 77 / 53 65 68 77 80 / 69 77 81 -53 -65 / 43 -69 -77 -81 / 68 80 -43 -53 / 55 59 65 71 77 80 / 83 88 89 -55 -59 -65 / 43 55 -76 -79 / 83 -43 -55 / 55 59 62 86 / 83 -55 -59 -62 / 48 60 83 / 76 82 86 -48 -60 / 55 60 64 -76 -79 -84 / 76 -55 -60 -64 -76 / 48 76 79 84 / 76 -48 -76 
<S> 0 43 / 71 76 79 / 55 59 65 71 74 77 / 74 77 -55 -59 -65 -71 / 43 55 -77 -82 / 81 82 86 -43 -55 / 55 59 65 79 83 / 81 84 -55 -59 -65 / 48 60 -81 / 80 -48 -60 / 55 60 63 79 / 72 81 -55 -60 -63 / 46 58 70 / 76 -46 -58 / 47 59 68 / 70 -47 -59 <END> 
<S> 48 60 84 / 78 81 -48 -60 / 54 60 63 72 75 78 -42 -54 / 69 81 -54 -60 -63 / 42 54 -69 -75 / 72 78 -42 -54 / 54 58 62 66 73 / 74 -58 -62 -66 / 0 51 / 72 75 -51 -66 / 0 60 67 75 84 / 0 66 75 78 81 / 0 78 87 / 0 73 85 85 / 0 68 80 84 / 0 63 72 75 83 84 / 0 72 75 84 <END> 
<S> 0 43 55 / 0 82 / 0 58 60 84 / 0 82 -51 -58 -60 / 36 48 70 76 79 82 / 58 61 64 70 82 / 76 82 -58 -62 -64 / 48 60 -76 -84 / 75 -48 -60 / 56 60 76 80 / 72 77 84 -45 -56 -60 / 58 60 -72 -75 -84 / 72 75 78 84 -60 -63 <END> 
<S> 56 58 60 72 / 70 -56 -60 -62 / 39 51 -70 / 67 -39 -51 / 39 51 70 / 69 -39 -51 / 43 55 70 / 72 -43 -55 / 45 57 -72 / -45 -45 -57 / 46 58 65 / 67 -46 -58 / 51 55 61 70 / 67 72 76 -55 -61 / 39 51 -67 -72 / 74 -39 -51 / 51 56 60 68 / 70 -51 -56 -60 <END> 
<S> 43 55 70 / 67 -43 -55 / 42 54 -67 / 75 -42 -54 / 58 62 64 70 74 / 70 -58 -62 -66 / 39 51 / 60 66 78 / 38 66 72 78 / -66 -31 -66 / 42 54 -66 / 43 43 55 70 / 42 54 74 / 43 55 70 73 / 42 54 70 / 74 -42 -54 <END> 
<S> 39 51 67 70 75 / 38 50 72 78 -70 / 40 52 64 68 72 / 41 53 62 65 72 / 41 53 -62 -65 -69 / 38 50 -65 -69 -74 / 45 57 -65 -69 -74 / 46 58 -65 -69 / 45 57 -65 -69 <END> 
<S> 41 65 69 74 / 0 68 / 57 69 -41 / 0 69 / 0 65 <END> 
<S> 37 49 65 77 / 49 61 -37 -49 / 48 60 75 78 / 0 75 81 / 0 -75 / 76 82 / 0 75 81 <END> 
<S> 38 50 72 77 / 74 -38 -50 -78 / 53 56 60 68 80 / 72 77 -53 -56 -60 -62 / 48 -72 -75 / 79 -48 -72 / 57 60 76 81 <END> 
<S> 43 55 70 82 / 76 -43 -55 / 58 60 64 79 / 70 82 -58 -60 -64 / 43 55 -70 -82 / 76 79 -43 -55 / 44 56 71 83 / 72 84 -44 -56 / 45 57 75 -84 / 76 84 -57 -61 <END> 
<S> 52 57 60 69 / 71 -52 -57 -60 / 45 57 72 78 / 69 78 81 -45 -57 / 43 55 -69 -75 -81 / 67 75 79 -43 -55 / 51 55 60 -67 -79 -82 / 76 81 -55 -58 -61 -64 / 55 58 64 79 / 72 -55 -58 -63 <END> 
<S> 43 55 76 82 / 74 86 -43 -43 / 55 58 62 74 82 / 75 81 84 -55 -58 -62 / 50 62 -74 -81 83 / 76 82 86 -50 / 50 62 65 74 80 83 / 0 48 71 74 81 / 0 55 60 -75 -81 / 0 55 67 76 79 / 65 67 76 79 -55 -67 / 55 60 64 67 -67 -76 -79 / 72 -55 -60 -64 -70 / 43 55 74 / 76 -43 -55 / 43 55 65 71 / 71 82 -43 -55 -67 -71 
<S> 43 55 71 76 79 / 60 64 72 -71 -76 -79 / 41 53 69 72 81 / 57 60 65 81 -69 -77 / 41 53 77 81 88 / 60 65 69 77 81 -77 / 41 53 69 77 81 / 42 54 69 73 77 81 <END> 
<S> 41 53 69 77 81 / 74 -41 -53 -41 -74 / 53 58 62 76 88 / 74 77 86 -53 -58 -62 / 40 52 -74 -77 / 73 76 -40 -52 / 56 58 62 64 80 / 69 81 -56 -58 -62 -64 / 41 53 -69 -72 / 65 71 -41 -53 / 42 54 72 69 72 <END> 
<S> 50 69 / 81 -50 / 57 60 65 73 / 81 -57 -60 -65 / 50 74 / 77 -50 / 57 62 65 81 / 77 81 -57 -62 -65 / 46 74 79 / 73 77 -46 / 53 58 62 74 86 / 72 75 -53 -58 -62 / 41 -72 -75 / 77 -41 / 53 58 63 70 / 72 -53 -58 -63 <END> 
