<S> 50 62 / 52 64 / 54 66 / 55 67 / -55 -67 / 59 71 / 57 69 / 55 67 / 62 74 / 60 72 / 59 71 / 57 69 / -57 -69 / 59 71 / 60 72 / 62 74 <END> 
<S> 57 69 / 55 67 / 57 69 / 59 71 / 60 69 / 59 71 / 59 65 / 59 65 <END> 
<S> 62 74 / 71 74 86 / 62 84 -71 -74 / 63 68 71 75 / 83 -63 -68 -71 / 60 64 69 72 / 81 -60 -64 -69 -72 / 0 72 84 / 0 70 73 76 82 / 0 72 <END> 
<S> 53 57 60 72 / 65 71 -53 -57 -60 / 41 53 -65 -70 / 60 72 -65 -69 / 53 57 -63 -65 -69 / 46 58 -65 -69 / 48 60 -65 -77 / 53 58 62 -65 -74 / 41 53 69 74 / 65 70 -41 -53 / 53 57 63 69 72 / 65 69 -53 -57 -63 / 29 41 -69 -69 / 68 70 -36 -48 / 34 46 68 70 -62 / 69 72 -40 -52 -62 <END> 
<S> 48 60 65 / 67 -48 -60 / 53 57 63 72 / 65 69 77 -53 -57 -63 / 41 53 -65 -69 -77 / 42 54 -69 -77 / 43 55 70 76 / 41 53 69 72 / 46 70 74 / 77 -46 -46 / 53 58 62 82 / 75 79 -53 -58 -62 / 50 62 -82 / 72 -50 -62 / 49 61 70 76 <END> 
<S> 46 58 62 70 / 65 77 -46 -58 / 53 58 62 -65 -70 -77 / 70 -53 -58 -62 -70 / 41 53 70 74 / 82 -41 -53 -70 / 46 58 -70 -74 / 77 -46 -58 / 41 53 70 74 77 / 34 46 70 74 79 82 / 46 58 -70 -74 -82 / 76 -46 -58 / 58 61 70 82 / 76 81 -58 -61 -70 / 36 48 -81 -82 / 82 -36 -48 -70 / 58 60 64 -70 -70 -82 / 76 -58 
<S> 34 46 70 82 / 74 77 80 -46 / 53 58 62 -74 -77 / 70 74 -53 -58 -62 / 50 -67 -70 / 70 82 / 53 58 62 72 / 74 -53 -58 -62 / 51 67 / 68 -51 / 55 58 63 69 / 67 -55 -58 -63 / 50 -67 / 66 -50 / 54 57 63 65 / 71 -54 -57 -60 <END> 
<S> 43 55 70 / 67 -43 -55 / 39 51 -67 -70 / 38 50 -67 -70 / 36 48 58 -67 -70 / 34 46 -62 -70 / 36 48 -62 -70 / 38 50 -62 -70 / 77 -38 -50 -62 / 41 53 70 / 67 -41 -53 / 40 52 69 / 72 -40 -52 / 42 54 -69 -72 / 71 74 -42 -42 <END> 
<S> 41 53 69 / 67 -41 -53 / 53 57 63 69 / 65 -53 -57 -63 / 46 -53 / 68 -53 / 53 57 63 / 41 53 65 69 72 77 / 46 58 62 -65 -70 / 48 65 77 / 45 57 -65 -77 / 41 53 72 -77 / 43 55 65 72 77 <END> 
<S> 41 53 65 / 67 -41 -53 / 53 57 62 -67 / 69 72 -53 -57 -62 / 43 55 70 / 67 74 -43 -55 / 45 57 -67 -67 -74 / 38 50 67 -74 / 39 51 67 70 75 / 38 50 -66 -67 -70 / 39 51 -66 -69 / 43 55 59 65 68 <END> 
<S> 0 43 67 / 70 74 -43 / 50 55 59 -67 -71 -74 / 62 67 71 -50 -55 -59 -62 / 38 50 -62 -67 -71 -74 / 55 58 62 -67 -71 -74 / 43 55 64 67 / 50 62 66 71 / 52 67 71 / 51 67 -52 / 50 62 71 <END> 
<S> 38 50 66 78 / 74 -38 -50 -78 / 50 62 67 72 / 74 -50 -62 -66 / 43 -74 -81 / 72 -43 -55 / 41 53 62 74 / 65 71 -41 -53 / 40 52 -65 -67 / 68 -40 -52 / 52 55 61 69 / 69 -52 -55 -61 / 39 51 69 / 64 -39 -51 / 43 55 61 / 67 -43 -55 <END> 
<S> 0 57 62 65 / 0 34 46 -62 -65 -72 / 0 38 50 -65 / 0 36 48 64 68 37 49 / 36 48 63 70 82 / 41 53 -70 -75 / 40 52 -70 -82 / 36 48 70 82 <END> 
<S> 0 41 53 / 65 -41 -53 / 74 -41 -53 / 76 82 -41 -53 / 65 77 -41 -53 / 57 -41 -65 -69 / 63 -57 -65 -69 / 58 64 69 -50 / 57 60 65 -65 -69 / 53 -65 -65 -69 / 57 -65 -69 / 60 -57 -65 -69 / 53 65 69 / 54 68 75 <END> 
<S> 48 60 65 69 / 48 53 -60 -65 -69 / 47 -60 -65 -69 / 48 60 64 72 / 42 54 70 74 / 72 -42 -54 -70 / 41 53 70 79 / 77 81 -41 -53 / 43 55 77 79 / 76 82 86 -43 -55 / 45 57 -76 -82 / 84 -45 -57 -76 / 48 58 67 76 79 / 46 58 73 76 79 <END> 
<S> 0 41 53 / 81 -41 -53 / 53 58 62 73 / 74 -53 -58 -62 / 41 -74 / 77 -41 / 53 58 62 70 / 74 -53 -58 -62 / 46 70 / 75 -46 / 53 58 63 74 / 75 -53 -58 -63 / 43 -75 / 77 -43 / 55 59 65 70 / 75 79 -55 -59 -65 <END> 
<S> 46 58 -70 / 74 -46 -58 / 44 56 75 / 77 -44 -56 / 43 55 -77 / 75 -43 -55 / 55 58 63 75 / 75 -55 -58 -63 / 0 39 51 / 70 75 79 -39 -51 / 55 58 63 70 72 77 / 70 74 79 -55 -58 -63 / 43 55 -70 -74 -79 / 72 79 -43 -55 / 44 56 72 77 / 72 73 -44 -56 <END> 
<S> 43 55 70 82 / 75 -43 -55 -62 / 55 58 63 75 / 75 -55 -58 -63 / 0 46 58 70 / 82 -46 -58 / 55 58 63 82 / 79 -55 -58 -63 / 48 77 81 / 80 82 -48 / 53 56 82 86 / 75 82 -53 -56 -60 / 43 55 79 / 72 84 / 45 57 -72 -84 / 82 -45 -57 -72 <END> 
<S> 55 44 76 / 82 86 -36 -48 / 60 64 69 75 / 83 86 -58 -60 -64 / 48 -76 -81 / 79 -48 60 58 60 64 72 76 82 / 0 76 / 0 81 / 68 80 -41 / 60 64 67 76 82 / 68 79 -60 -64 -68 / 48 67 76 79 / 77 -36 -48 -67 / 58 60 64 67 79 / 68 -58 -60 -64 -67 <END> 
<S> 0 72 / 84 -48 / 53 57 60 81 84 / 77 81 -53 -57 -63 / 41 53 72 79 / 69 77 81 -41 / 53 57 60 65 69 77 81 / 69 75 77 -53 -57 -60 / 46 51 -69 -77 -81 / 69 75 81 -46 / 53 57 63 -69 -75 -81 / 72 75 84 -53 -57 -63 <END> 
<S> 53 69 75 81 / 69 72 77 -41 -53 / 53 -69 -72 -69 -81 / 68 -53 -69 / 50 62 -69 / 68 -53 -62 / 68 -53 / 65 69 74 86 / -60 -65 -69 -74 / 39 51 -65 -69 -74 / 0 55 64 70 74 / 0 70 82 -55 -58 <END> 
<S> 0 50 / 0 -50 / 0 41 53 / 65 -41 -53 / 43 55 70 / 72 -43 -55 / 41 53 74 / 75 -41 -53 / 39 51 68 72 / 70 -39 -51 / 39 51 67 / 72 -39 -51 / 51 55 60 70 / 67 -51 -55 -60 / 39 51 67 / 72 -39 -51 / 51 56 60 70 / 68 71 -51 -56 <END> 
<S> 0 39 51 / 75 -39 -51 / 0 54 60 63 70 / 72 75 -54 -58 -63 / 46 58 70 / 75 -46 -58 / 55 58 63 70 / 75 -55 -58 -63 / 46 58 70 / 51 58 60 -70 / 41 -58 -60 -70 / 39 51 -70 -70 / 34 46 -70 -70 / <END> 
<S> 39 51 70 82 / 72 -39 -51 / 38 50 66 70 / 72 -38 -50 -66 / 39 51 66 -66 / 69 -39 -51 -66 / 38 50 -66 / 70 -38 -50 / 36 48 60 68 / 65 69 -36 -48 -60 / 35 47 65 68 74 / 68 69 72 76 -38 / 51 56 -65 -69 -72 / 70 74 77 / 51 56 58 -65 -68 / 65 70 77 / -58 -65 -68 / 75 -46 -65 / 51 63 67 / 68 -51 -63 <END> 
<S> 0 41 53 69 / 68 -41 -53 -69 / 38 50 69 74 / 70 74 -38 -50 / 40 52 67 -74 / 69 74 77 -40 -52 / 55 58 61 67 73 76 / 70 73 77 -55 -61 -64 / 49 61 70 73 / 61 70 73 / 49 61 73 / 70 -49 -61 / 52 55 61 73 / 82 -52 -55 -61 / 39 51 84 / 82 -39 -51 <END> 
<S> 37 49 65 73 76 / 77 -65 -73 / 53 57 61 -73 -77 / 58 62 68 -53 -70 / 34 46 -70 -62 / 82 -46 / 55 58 62 82 / 81 -55 -58 -62 / 38 50 79 / 77 -38 -50 / 55 58 62 65 77 / 79 -55 -58 -62 -65 / 43 81 / 79 -43 / 55 58 62 77 82 / 74 -55 -58 -62 <END> 
<S> 43 55 70 82 / 74 -43 -55 / 44 56 71 83 / 72 84 -44 -56 / 45 57 -72 -84 / 76 82 -45 -57 / 53 60 72 77 / 75 79 -53 -60 -63 / 41 -75 -79 / 77 81 84 -41 / 53 57 63 67 79 / 72 -53 -57 -63 / 46 74 / 75 -46 / 53 58 62 82 / 70 -53 -58 -62 / 50 70 74 / 39 -50 / 46 58 68 74 <END> 
<S> 53 75 79 87 / 81 82 -41 -53 / 58 62 68 -82 / 70 82 -58 -62 -62 / 46 -70 -74 -79 / 78 -46 / 58 62 67 79 82 / 51 63 78 / 82 -58 -51 / 46 58 82 / 82 -46 -58 / 51 55 61 -82 / 72 -51 -55 -61 / 39 51 68 / 75 -39 -51 / 51 56 61 68 / 70 -51 -56 <END> 
<S> 43 55 75 82 / 75 79 84 -43 -55 / 55 58 63 -75 -79 -82 / 70 75 81 -55 -58 -63 / 46 58 70 79 82 / 72 84 -46 -58 / 55 58 63 82 / 72 84 -55 -58 -63 / 39 51 -72 -75 / 78 82 -39 -51 / 51 56 60 66 72 / 72 75 -51 -55 -66 / 39 51 -72 -75 / 70 82 -39 -51 / 40 52 70 73 / 72 78 -40 -52 <END> 
<S> 39 51 72 75 / 70 75 82 -39 -51 / 55 58 63 -70 -75 -79 -82 / 72 77 -55 -58 -63 / 43 55 70 75 79 / 72 75 -43 -55 / 55 58 63 74 79 / 75 81 82 -55 -58 -63 / 39 51 70 82 / 75 79 -39 -51 / 55 58 63 72 79 / 70 82 -55 -58 -63 / 43 55 70 72 / 76 -43 -55 / 41 53 63 / 67 -41 -53 <END> 
<S> 39 51 75 79 / 82 -39 -51 -75 / 55 58 63 81 / 75 79 -55 -58 -63 / 46 58 -75 -79 / 77 80 82 -46 -58 / 55 58 63 72 75 84 / 70 75 81 -55 -58 -63 / 43 55 70 72 79 / 72 84 -52 -55 / 55 58 60 64 -72 -84 / 75 81 -55 -60 -63 / 55 58 -75 -81 / 72 79 84 -55 -58 / 55 58 73 -72 -84 / 73 82 -55 -58 -63 / 55 58 61 
<S> 0 48 / 75 84 -48 / 54 60 63 75 78 82 / 77 81 -42 -60 -63 / 43 55 -70 -82 / 79 -43 -55 / 41 53 77 / 75 -41 -53 / 45 57 72 77 / 77 81 -45 -57 / 57 60 65 79 / 77 82 -57 -60 -65 / 36 48 -77 -81 / 72 77 81 -36 -48 / 58 60 76 79 82 / 69 81 -36 -48 -60 / 48 60 -69 -81 / 77 -48 -60 / 54 60 63 75 79 / 69 78 -60 
<S> 45 57 72 / 77 81 -45 -57 / 57 60 65 -72 -77 -84 / 72 76 -57 -60 -65 / 0 57 77 81 / 84 -41 -53 / 57 60 65 81 / 74 77 81 -54 -60 -65 / 46 58 -74 -81 -81 / 79 82 / 55 58 62 -79 -82 / 81 -55 -58 -62 -70 / 39 51 70 79 / 82 -39 -51 -70 / 55 58 63 81 -70 / 75 -55 -58 -63 -70 / 39 51 70 / 82 -39 -51 / 58 63 
<S> 55 58 70 81 / 67 82 -55 -58 / 58 63 67 84 / 75 82 -58 -63 -67 / 46 58 82 / 76 -46 -58 / 44 56 84 / 80 -44 -56 / 0 39 51 / -80 -39 -51 / 56 58 62 80 / 82 -56 -58 -62 / 39 51 79 / 82 -39 -51 / 58 63 65 77 / 77 89 -58 -63 <END> 
<S> 0 44 / 75 -32 -44 -56 / 51 56 60 68 80 / 72 77 -51 -56 -60 / 39 51 75 / 80 -39 -51 / 51 56 60 68 / 72 -51 -56 -60 / 39 51 68 72 75 80 / 56 60 65 68 71 80 70 / 37 49 68 70 80 / 44 56 68 72 77 / 56 61 73 -68 80 / 73 77 80 -56 -58 -61 <END> 
<S> 44 56 68 72 / 56 -44 -68 -72 / 43 55 -68 -72 / 44 56 72 / 0 45 57 / 29 41 60 69 / 0 63 -60 / 0 41 53 / 0 42 54 / 0 43 55 / 0 63 / 0 57 60 65 / 0 53 57 63 / 65 -53 -57 -63 / 87 -53 -57 -63 / 44 72 / 51 56 62 72 <END> 
<S> 41 53 70 74 / 72 -41 -53 / 53 58 62 73 / 70 -53 -58 -62 / 50 65 / 65 -50 / 53 56 59 -65 / 67 -53 -56 -59 / 53 56 60 65 / 65 -53 -56 -60 / 51 54 60 72 / 75 -51 -54 -60 / 51 55 60 75 / 72 -51 -55 -60 <END> 
<S> 48 60 -65 -77 / 75 -48 -60 / 53 57 63 72 75 / 72 75 -53 -57 -63 -63 / 41 53 -72 -75 / 57 63 -72 -75 / 48 60 70 / 72 76 -48 -60 / 58 60 64 -72 -76 / 72 76 84 -60 -64 / 58 60 64 79 / 76 -58 -60 -64 / 36 48 76 / 74 86 -36 -48 <END> 
<S> 48 60 72 / 69 -48 -60 / 51 60 72 75 84 / 67 72 76 79 -55 -60 -63 / 52 67 -67 -72 -79 / 72 84 -52 -67 / 60 63 67 -84 / 75 -48 -60 -63 -67 -72 / 47 68 71 74 / 80 -47 -68 -71 / 47 59 68 80 -71 / 80 -47 -59 -68 -71 / 39 51 -68 -73 -80 / 82 -39 -51 -68 / 31 43 65 71 77 <END> 
<S> 0 44 56 / 68 71 -44 -56 / 56 60 65 72 / 75 -56 -60 -65 / 41 53 80 / 80 -41 -53 / 56 58 61 68 / 73 -56 -58 -61 / 39 51 72 / 77 80 -39 -51 / 51 56 60 -80 -80 / 72 -51 -56 -60 / 39 51 75 / 80 -39 -51 / 51 56 80 82 / 75 -51 -56 -58 <END> 
<S> 44 56 68 72 80 / 56 60 66 68 72 75 80 / 0 67 72 75 -32 -44 -56 -60 -66 -72 -75 / 0 80 86 -60 -65 -70 / 0 60 68 72 76 84 / 0 63 66 72 75 78 / 63 66 72 78 84 89 -63 / 64 67 72 76 91 / 63 66 68 72 -64 / 64 67 73 88 -64 <END> 
<S> 44 66 72 78 84 / 51 63 67 71 78 83 / 51 -63 -67 -71 -78 / 72 -51 -54 -60 / 51 54 60 63 66 / 72 -54 -57 -60 -63 / -72 -54 / 66 72 78 / 54 -66 -69 -72 -78 / 55 -66 -69 -72 / 66 69 72 78 -48 / 50 54 -66 -69 -72 -78 / 66 74 -50 -54 -71 / 38 50 72 78 78 / 72 76 -38 -50 -50 <END> 
<S> 63 66 72 78 84 / 63 66 72 78 81 / 60 64 67 79 -72 / 49 61 69 72 / 50 62 71 74 / 77 -50 -62 -71 / 55 59 65 86 -71 / 79 -55 -59 -65 / 43 55 77 / 79 -43 -55 / 55 59 65 74 / 77 -55 -59 -65 / 48 60 75 / 76 -48 -60 / 55 60 63 77 / 76 -55 -60 -64 <END> 
<S> 52 55 59 79 / 78 -52 -55 -59 / 52 55 59 77 / 76 -52 -55 -59 / 52 55 58 61 -76 / 73 -52 -55 -58 -61 / 71 -52 -55 -58 -61 / 70 -52 -55 -58 -61 / 48 60 70 / 72 -48 -60 / 48 60 -72 -77 / 68 74 -48 -60 / 0 67 72 76 <END> 
<S> 52 57 60 65 69 / 71 -52 -57 -60 -65 / 45 57 72 78 / 69 73 81 -45 -57 / 38 50 -69 -72 -78 -81 / 67 -38 -50 / 0 50 57 69 / 0 62 74 / 45 -57 -62 / 55 58 62 64 / 67 -54 -58 -62 / 55 57 63 -67 / 46 58 82 / 45 57 75 81 / 77 81 -45 -57 -75 / 46 58 82 -81 / 74 82 82 / 53 58 62 -74 -82 -86 / 46 -74 -77 -82 / 
<S> 41 53 74 82 / 77 -41 -53 / 56 58 62 74 / 80 -56 -58 -62 / 34 46 80 / 72 -34 -46 / 56 58 62 74 / 74 -56 -58 -62 / 51 79 / 72 -39 -51 / 39 51 63 70 / 74 -39 -51 -63 / 39 51 72 / 70 -39 -51 / 39 51 67 / 66 -39 -51 <END> 
<S> 43 55 70 / 72 81 -43 -55 / 58 55 61 -72 / 75 78 82 -55 -61 / 36 48 70 77 82 / 80 84 -36 -48 / 58 60 63 -84 / 75 79 82 -63 / 54 -63 -75 / 57 60 -75 -78 / 40 52 -75 -87 / 41 53 76 80 81 <END> 
<S> 42 54 81 84 / 82 -42 -54 / 58 60 64 79 / 75 81 -60 -63 / 48 58 79 82 / 76 82 -48 / 75 79 -48 / 55 58 64 79 / 76 -55 -58 -64 / 46 58 73 / 74 -46 -58 / 55 58 62 70 / 72 -55 -58 -62 <END> 
<S> 43 55 70 79 / 72 84 -55 -62 -70 / 55 58 62 74 / 79 -55 -58 -62 / 34 46 -70 -79 / 77 -34 -46 / 41 53 68 74 77 / 39 51 67 70 79 / 55 58 63 -67 -70 -75 / 43 55 70 82 / 74 -43 82 / 55 58 62 79 / 70 82 -55 -58 -62 / 46 58 81 / 82 -46 -58 / 45 58 82 / 75 78 -58 -63 <END> 
<S> 39 51 67 70 75 / 41 53 74 -70 34 46 34 46 70 74 82 / 0 / 39 51 67 79 / 89 55 61 70 / 78 -51 -55 -61 / 39 51 72 84 / 73 -39 -51 / 55 58 63 79 / 70 82 -55 -58 -63 / 43 55 -70 -82 / 75 -43 -55 / 42 54 70 / 73 -42 -54 <END> 
<S> 39 51 -67 -72 -78 / 75 -39 -51 / 55 58 63 75 / 73 -55 -58 -63 / 39 51 72 / 67 -39 -51 / 52 55 58 61 -70 / 65 -55 -58 -61 / 53 56 60 63 / 65 -53 -56 -60 / 54 56 60 63 72 / 0 -56 -60 / 0 39 51 / 63 44 75 / 39 51 56 60 63 <END> 
<S> 0 48 / 75 -48 / 0 57 60 84 / 0 81 -57 -60 / 0 53 56 / 0 83 / 0 74 80 / 44 56 68 72 75 80 / 39 51 66 72 75 / 51 56 60 66 72 75 / 39 51 72 75 78 / 38 66 72 78 80 84 <END> 
<S> 44 56 72 74 77 / 72 75 -44 -56 / 51 56 60 -72 -75 / 72 77 -51 -56 -60 / 39 51 -72 -75 / 72 77 -39 -51 / 51 56 60 70 70 / 72 75 -51 -56 -60 / 46 58 67 73 / 51 55 61 75 / 70 -51 -55 -61 / 39 51 72 / 73 -39 -51 / 39 51 55 72 / 73 -39 -51 <END> 
<S> 39 51 70 / 72 -39 -51 / 41 53 70 / 68 71 -41 -53 / 56 58 65 72 / 74 77 -56 -58 -62 / 39 51 72 / 70 82 -51 / 56 58 63 68 / 70 -56 -58 -63 / 39 51 70 / 82 -39 -51 / 51 55 58 63 / 72 -51 -55 -58 -63 / 39 51 -72 -75 / 55 58 63 -67 -72 -75 / 39 51 70 82 / 40 52 72 84 <END> 
<S> 39 51 68 / 72 -39 -51 / 56 58 60 -72 / 70 -56 -58 -60 / 42 54 70 / 78 -42 -54 / 58 61 -78 -70 / 75 -58 -61 -66 / 46 58 77 / 82 -46 -58 / 51 55 61 -82 / 85 -51 -55 -61 / 39 51 79 / 82 -39 -51 / 40 52 -82 / 80 82 -40 -52 <END> 
<S> 39 51 67 75 / 70 75 -39 -51 / 43 55 67 70 75 / 41 53 65 71 74 / 39 51 67 70 / 51 -39 -51 / 41 53 65 77 / 39 51 67 79 / 36 -39 65 -67 / 70 82 -36 -65 -67 / 36 48 72 76 79 84 / 57 60 65 -72 -75 -84 <END> 
<S> 39 51 63 67 72 / 46 58 -67 -72 / 39 51 -67 -70 / 75 -39 -51 -67 / 0 55 67 / 0 66 / 0 66 69 / 0 67 71 -51 / 0 68 80 / 0 69 75 81 <END> 
<S> 0 46 67 / 0 65 70 -46 -46 / 0 46 58 70 74 / 0 48 76 -46 / 0 77 -48 -58 -60 / 0 81 -48 -58 -61 / 0 41 69 77 81 / 60 76 -69 -77 / 48 60 -69 -77 -81 / 72 77 81 -48 -60 / 36 48 -72 -76 / 75 79 -36 -48 / 48 60 69 77 81 / 70 75 79 -48 -60 <END> 
<S> 48 60 69 / 72 -48 -60 / 53 57 63 75 79 / 72 75 -53 -57 -63 / 41 -69 -72 -75 / 53 -69 -69 / 63 -69 -69 / 65 -69 -69 / 48 -69 -69 / 68 -69 -48 -69 / 45 51 -69 -72 / 36 48 -69 -72 / 38 50 -66 -69 / 36 48 -66 -69 / 35 -36 -48 -66 -69 <END> 
<S> 41 60 69 72 / 81 -41 -60 -69 -77 / 0 60 65 72 84 -69 -72 -77 -81 / 0 72 77 81 / 0 65 77 76 / 0 77 86 -65 / 0 77 82 / 0 80 / 56 61 65 77 80 / 77 82 -56 -61 -65 / 44 56 77 80 82 89 / 80 92 87 -44 -56 / <END> 
<S> 44 56 68 72 77 80 / 56 61 66 68 72 80 -78 / 70 75 78 -56 -61 -65 / 42 -70 -73 -78 / 72 -42 -54 / 58 63 66 74 -56 -58 -63 / 41 53 72 / 77 80 -41 -53 / 56 58 61 73 80 / 73 77 85 -56 -61 -65 / 44 56 61 -85 / 73 77 85 -56 -61 -66 / 44 56 68 72 / 73 -44 -56 -72 <END> 
<S> 37 49 -67 -73 -77 / 53 56 61 -68 -73 -77 / 40 52 73 79 85 / 56 61 73 80 80 / 70 82 -56 -58 -61 / 41 53 -70 -82 -82 / 56 -41 -70 -82 / 58 70 72 82 / 76 82 -58 -63 / 46 58 -76 -82 / 75 81 -46 -58 / 58 60 64 72 84 <END> 
<S> 39 51 70 82 / 75 -39 -51 -70 / 55 58 63 -70 -75 / 72 -55 -58 -63 -70 / 46 58 72 / 73 -46 -58 / 56 58 63 74 / 44 56 68 80 / 65 68 74 -50 / 68 77 -65 -68 / 75 79 -68 -68 / 50 68 77 80 / 68 80 -44 -68 / 51 -68 -77 -80 / 68 -68 -80 -89 / 49 61 -68 -77 -80 <END> 
<S> 50 71 77 / 56 59 65 68 74 / 77 -56 -59 -65 / 51 56 60 65 / 63 -51 -56 / 0 42 54 / 75 -42 -54 / 53 58 63 75 / 75 -53 -58 -63 / 51 70 82 / 82 -51 -67 / 58 63 83 -60 / 75 80 -58 -63 -67 / 43 55 -75 / 77 89 / 56 58 63 77 83 / 75 79 82 -56 -58 -62 <END> 
<S> 39 51 72 84 / 70 82 -39 -51 / 39 51 -70 -82 / 72 75 84 -39 -51 / 51 55 60 70 72 / 70 72 -51 -55 -60 / 39 51 -70 -72 / 72 84 -39 -51 / 51 54 60 70 / 70 -51 -56 -60 / 41 68 72 / 71 80 -41 / 53 56 62 77 / 70 -53 -56 -62 / 38 50 -69 / 53 56 62 65 <END> 
<S> 39 51 72 75 / 55 60 63 -72 -75 / 67 -51 -55 -58 -63 / 39 51 67 / 70 -39 -51 / 43 55 58 63 -70 / 43 55 58 -63 / 67 70 -51 / 51 55 58 63 72 / 75 -51 -55 -58 -63 / 39 51 -63 -72 / 66 -39 -51 / 38 50 66 / 70 -38 -50 <END> 
