<S> 55 67 / 64 76 / 60 72 / 55 67 / -55 -67 / 52 64 / 48 60 / 57 65 / 72 -57 -65 / 56 62 / 65 -56 -62 / 55 64 / 72 -55 -64 <END> 
<S> 54 57 60 63 / 69 -53 -57 -63 / 42 54 / 75 -42 -54 / 54 60 63 71 75 / 72 75 -54 -60 -63 / 51 56 60 -72 -75 / 78 54 -60 -72 / 42 54 75 / 72 -42 -54 / 45 66 72 / 69 78 -66 -72 / 54 60 -66 -69 -72 -78 / 68 71 80 -38 -50 -60 -66 <END> 
<S> 0 66 72 84 / 0 83 -66 -72 -75 / 0 58 60 64 -72 -76 / 74 86 -58 -60 -64 -72 / 42 -74 -80 / 73 -42 -54 / 58 62 66 -70 / 78 -58 -62 -66 / 51 63 78 / 82 -51 / 54 58 63 75 / 74 82 -42 -54 / 42 54 75 84 / 75 80 87 -42 / 54 58 63 75 79 87 / 75 78 81 -54 -58 -63 <END> 
<S> 39 51 67 75 / 70 -39 -51 / 43 55 63 72 / 75 87 -43 -55 / -43 -55 -72 / 44 56 74 82 / 65 77 80 -44 -56 / 51 63 75 84 / 68 72 -51 -63 / 39 51 -72 -77 / 65 75 -39 -51 / 51 55 60 70 72 / 0 70 74 82 -55 -58 <END> 
<S> 44 56 72 75 80 / 72 75 -44 -56 / 51 56 60 68 72 80 / 70 75 82 -56 -60 -66 / 39 51 -70 -75 -82 / 72 -39 -39 -51 / 39 51 66 72 / 70 73 -51 -56 -66 / 39 51 67 72 / 72 -39 -51 / 51 56 60 70 / 68 -51 -56 -60 / 51 56 60 68 / 72 -51 -56 -60 / 51 56 60 68 / 70 -51 -56 -60 <END> 
<S> 39 51 67 70 75 / 51 55 61 67 70 / 39 51 70 82 / 51 55 58 -70 -82 / 39 51 -70 -75 / 48 55 58 63 -70 -75 / 39 51 70 82 / 50 62 74 -70 / 55 58 70 82 / 75 -55 -58 -63 / 46 58 74 79 / 75 81 -46 -58 / 51 55 61 72 78 / 70 82 -51 -55 -61 <END> 
<S> 39 51 70 75 / 72 -39 -51 / 55 58 63 70 / 75 -55 -58 -63 / 43 55 70 / 72 -43 -55 / 42 54 70 / 73 -42 -54 / 41 53 70 / 68 -41 -53 / 53 58 62 74 / 77 -53 -58 -62 / 41 -77 / 70 -41 / 53 53 62 72 / 74 -53 -53 -62 <END> 
<S> 41 53 70 -65 -77 / 34 46 70 74 77 / 70 73 -34 -46 / 53 58 62 73 / 65 74 -53 -58 -62 / 41 53 -65 -74 / 65 77 -41 -53 / 53 57 62 74 -65 -69 / 67 -53 -57 -62 -65 / 48 60 65 / 69 -48 -60 -65 / 53 57 63 -65 -69 / 69 -57 -63 -65 <END> 
<S> 41 53 -70 / 65 -41 -53 / 53 58 62 -65 / 70 -53 -58 -62 / 41 53 65 / 70 -41 -53 -65 / 53 58 62 -65 -70 / 77 -53 -58 -62 / 46 65 / 70 -46 / 53 58 62 74 / 65 77 -53 -58 -62 / 41 -65 -77 / 70 82 -41 / 53 58 62 77 -70 / 65 -53 -58 -62 <END> 
<S> 41 53 70 74 / 67 -41 -53 / 53 58 62 69 74 / 70 74 82 -53 -58 -62 / 46 58 -70 -74 -79 / 70 82 -46 -58 -70 / 53 58 62 -70 -82 / 77 -53 -58 -62 / 41 53 72 / 74 82 -41 -53 / 53 58 62 78 -82 / 70 74 79 -53 -58 -62 / 38 50 -70 -74 -79 / 70 82 -50 49 -70 53 58 62 -70 -79 -82 / 77 -58 -62 -68 <END> 
<S> 41 53 70 74 82 / 77 -41 -53 -70 -74 / 53 60 65 70 77 80 / 41 53 77 79 / 34 46 72 77 84 / 41 53 -72 -77 -84 / 46 58 -72 -77 / 41 53 77 / 43 55 70 74 / 42 54 70 74 / 41 53 69 75 77 / 34 46 68 74 77 82 / 68 73 -34 -46 / 74 77 -46 -58 -68 <END> 
<S> 34 46 65 72 77 / 70 74 -46 -46 / 53 58 62 67 79 / 77 -53 -58 -62 / 46 58 -77 / 73 79 -46 -58 / 44 56 77 82 / 44 56 68 80 / 82 -44 -56 / 51 56 60 -80 / 77 80 -51 -56 -60 / 39 51 75 80 / 73 -39 -51 / 51 56 61 75 / 70 82 -51 -56 -61 <END> 
<S> 47 -68 -75 -80 / 56 73 68 80 / 51 56 61 77 80 / 82 -51 -56 -58 / 42 54 75 87 / 75 80 -42 -54 / 58 61 64 -93 -73 / 73 82 -58 -61 -64 / 44 56 85 / 82 -44 -56 / 56 60 63 80 86 / 75 -56 -55 -60 / 43 55 79 / 77 -43 -55 / 56 59 62 80 / 75 82 -56 -59 -65 <END> 
<S> 44 56 72 77 80 84 / 51 56 60 72 77 80 / 70 73 77 82 -56 -60 -56 / 44 56 -72 -77 -82 / 72 77 -44 -56 / 56 60 65 72 77 / 72 77 -56 -60 -65 / 46 58 73 -72 -76 / 75 -46 -58 / 53 58 63 72 75 / 69 73 -56 -58 -63 / 51 70 73 77 / 55 58 61 -70 -73 -82 / 46 70 74 / 73 -46 / 55 58 73 73 / 70 82 -55 -58 <END> 
<S> 34 46 70 74 77 80 / 56 58 62 68 72 77 80 / 70 74 77 82 -58 -62 / 50 -68 -70 -74 -77 / 72 75 78 84 / 58 62 68 72 77 41 41 53 74 77 82 / 0 46 58 67 74 77 / 45 57 72 75 78 / 41 53 -72 -75 -79 / 40 52 -72 -76 -79 -82 / 41 53 -72 -76 -84 / 40 52 -72 -76 -81 / 41 53 -72 -76 -84 / 40 52 -72 -76 -84 <END> 
<S> 41 53 -69 -72 -77 / 63 -41 -69 -72 -75 / 43 55 -69 -72 -75 / 45 57 -69 -72 -76 / 46 58 70 / 76 -46 / -58 -46 / 47 59 74 / 77 -47 -59 / 46 58 67 79 / 77 -46 -58 -67 / 46 58 74 / 82 -46 -58 / 47 59 65 80 / 77 -35 -47 -59 <END> 
<S> 46 58 67 74 79 / 53 58 62 -74 -77 -79 / 41 53 -74 -74 -77 / 74 -41 -53 -74 -74 / 39 51 -74 -77 / 75 -39 -51 / 43 55 70 75 / 82 -43 -55 -70 / 58 60 64 -70 -82 / 70 82 -58 -60 -64 / 48 -70 -82 / 76 79 -48 / 58 60 64 70 72 79 <END> 
<S> 39 51 -70 -82 / 80 -39 -51 / 55 58 63 82 / 86 -55 -58 -63 / 46 58 82 / 75 -46 -58 / 55 58 63 79 / 82 -55 -58 -63 / 39 51 84 / 82 -39 -51 / 55 58 63 82 / 75 -55 -58 -63 / 0 51 63 / 0 34 46 / 0 -34 -46 / 0 39 51 <END> 
<S> 39 51 75 79 / 82 80 -39 -51 / 55 58 63 82 / 75 -55 -58 -63 / 46 58 70 / 75 -46 -58 / 55 58 63 75 / 41 53 75 / 34 46 74 / 39 51 67 75 / 0 34 46 / 0 31 43 <END> 
<S> 39 51 75 79 / 78 -39 -51 -75 / 40 52 70 82 / 42 54 70 82 / 43 55 -70 -82 / 41 53 60 72 / 46 58 62 74 / 56 62 65 77 / 41 53 -62 -77 / 43 55 62 74 / -43 -55 -62 / 41 53 -62 / 74 -41 -53 / 0 39 51 / 77 -39 -51 <END> 
<S> 41 53 -70 -74 / 70 -41 -53 / 53 58 62 72 / 74 -53 -58 -62 / 41 -74 / 77 -41 / 53 58 62 70 / 70 -53 -58 -62 / 46 77 / 77 -37 / 53 58 62 -77 / 65 77 -53 -58 -62 / 41 -65 / 53 58 62 65 <END> 
<S> 41 53 75 / 74 -41 -53 / 53 58 62 77 / 79 -53 -58 -62 / 41 77 / 79 -41 / 53 58 62 77 / 74 -53 -58 -62 / 41 53 72 77 / 74 -41 -53 / 53 58 62 72 / 74 -53 -58 -62 / 43 -74 / 72 -43 / 55 58 62 70 / 82 -55 -58 -62 <END> 
<S> 50 62 65 77 / 70 74 -50 -62 / 48 60 65 69 72 / 68 71 74 -48 -60 / 38 50 69 72 / 70 74 -42 -54 / 42 54 -70 -74 / 70 -42 -54 / 41 53 62 68 / 74 -38 -41 -62 / 53 56 62 65 <END> 
<S> 62 70 74 / 80 -62 -62 -70 / 62 65 69 77 / 81 89 -62 -65 / 56 62 65 -77 -81 / 77 89 -62 -65 / 49 61 76 79 / 82 -49 -61 / 46 58 81 / 79 82 -46 -58 / 45 57 -79 -82 / 77 81 -45 -57 / 57 60 65 74 -77 / 75 79 -57 -60 -65 / 36 48 -72 -81 / 77 81 -36 -48 57 60 65 76 79 <END> 
<S> 46 58 74 86 / 82 -46 -58 / 58 62 67 -82 / 76 81 -58 -62 -67 / 48 58 -76 -82 / 81 -36 -48 -58 / 46 58 74 82 / 76 81 -46 -58 / 48 60 -76 -81 / 84 -48 -60 / 61 64 76 / 76 82 -58 -61 -64 / 45 -76 -82 / 80 -42 -54 / 58 60 64 76 / 74 -60 -64 -58 <END> 
<S> 45 57 75 81 / 77 81 -45 -57 / 57 60 65 74 77 81 / 72 75 81 -57 -60 -65 / 43 55 -72 -76 -81 / 70 82 -42 -54 / 58 60 64 79 -70 -82 / 43 76 84 / 86 -43 / 58 60 82 82 / 86 -58 -60 -64 / 46 82 86 / 79 84 -46 / 58 62 64 -79 -84 / 70 82 -58 -62 -58 <END> 
<S> 43 55 82 / 82 84 -43 -55 / 42 54 75 87 / 78 82 -42 -54 / 43 55 79 82 / 75 79 82 -43 -55 / 55 58 63 -72 -75 -82 / 67 70 75 79 -58 -63 -67 / 46 58 -67 -70 -74 -79 / 70 -46 -58 -70 / 41 53 70 74 79 / 39 51 -70 -75 -79 / 38 50 -70 -75 -79 / 39 51 -70 -75 -79 -82 / 39 51 -70 -75 -79 / 44 56 -70 -72 -75 / 
<S> 54 58 70 75 78 / 81 -70 -72 -75 / 55 58 63 -70 -75 -78 / 43 55 70 72 74 / 44 56 -70 -72 -75 / 0 55 58 70 / 0 82 / 0 58 61 67 79 / 63 68 75 -43 -55 / 46 58 -67 -70 -74 / 68 -46 -58 / 51 63 67 / 72 -51 -63 <END> 
<S> 0 53 / 61 70 / 50 53 56 58 68 / 67 -53 -58 -56 / 51 55 -67 / 70 -43 -55 / 0 52 55 70 / 0 48 55 58 64 70 / 0 82 -48 -55 -58 -64 / 40 52 76 -64 / 79 -40 -52 -64 / 52 55 60 72 / 71 -52 -55 -60 <END> 
<S> 0 43 55 / 0 31 43 55 74 82 / 48 60 -74 -81 / 0 62 / 68 74 77 80 86 / 69 81 -64 -74 / 56 62 65 74 77 80 / 77 89 -56 -62 -65 / 43 55 -77 -89 / 70 82 -43 -55 / 55 59 62 65 71 / 74 77 86 -55 -62 -65 <END> 
<S> 46 58 -65 -70 -74 -77 / 81 -46 -58 -70 -73 / 44 56 82 84 88 / 43 55 70 82 / 76 80 -43 -55 / 0 55 60 64 79 / 0 76 84 -55 -60 -64 / 48 60 -76 -81 / 84 -48 -60 -64 / 55 60 64 76 88 / 76 -64 -55 -60 -64 / 0 40 52 / 67 76 -40 -52 / 39 51 55 61 64 / 70 -51 -55 -61 <END> 
<S> 36 48 72 76 81 / 74 86 -36 -48 / 55 60 64 76 / 72 -55 -60 -64 / 43 55 -72 -76 / 72 -43 -55 / 55 60 64 -72 / 76 -55 -60 -64 / 48 60 72 76 / 55 60 64 -72 / 76 -55 -60 -64 / 55 60 64 72 / 81 -55 -60 -64 / 55 60 64 -81 / 81 -55 -60 -64 <END> 
<S> 43 55 64 72 / 64 72 76 84 / 58 60 -64 -67 -72 / 72 76 79 82 -64 / 58 63 -72 -75 -79 / 78 81 -58 -60 / 59 48 -72 -76 / 76 82 86 / -36 -48 / 58 62 82 / 81 -58 -62 / 43 55 82 / 79 82 -43 -55 / 58 62 64 74 -82 83 / 72 75 84 -58 -62 -64 <END> 
<S> 43 55 70 82 / 74 82 -43 -55 / 58 62 67 79 / 70 82 -58 -62 -67 / 46 -70 -74 / 79 -46 / 58 62 68 77 / 70 74 -58 -62 / 48 60 -68 -72 / 81 -48 -60 -66 / 41 53 72 76 84 / 72 -42 -54 -57 / 39 51 72 / 82 -39 -51 / 0 55 60 63 / 72 -55 -60 -64 / 0 49 67 / 63 66 75 78 / 67 -46 -58 -63 -75 / 75 78 -39 -51 / 0 78 
<S> 0 48 60 / 75 -48 -60 / 56 60 63 68 80 / 72 75 -56 -60 -63 -68 / 44 56 -72 -75 / 77 -44 -56 / 56 60 65 77 / 72 75 78 -56 -60 -66 / 39 51 -70 -72 -78 / 68 80 -39 -51 / 44 56 74 80 / 39 51 72 78 84 / 55 60 63 -72 -75 -84 / 45 66 75 / 67 80 -32 -44 -66 / 53 56 63 68 72 / 70 -53 -58 -63 <END> 
<S> 39 51 72 75 78 56 56 60 66 72 80 -72 / 39 51 72 78 82 / 72 80 84 -53 / 82 -62 -68 -73 / 56 68 80 83 / 62 72 84 / 63 74 82 / 0 75 87 / 0 79 / 0 80 84 / 0 80 84 / 0 82 87 / 0 83 / 0 -84 -87 <END> 
<S> 0 44 56 / 82 -44 -56 / 51 56 60 80 / 80 -51 -56 -60 / 39 51 75 / 77 -39 -51 / 51 56 60 75 / 72 -51 -56 -60 / 39 51 68 80 / 73 77 80 -37 -49 / 56 58 61 -68 -73 -80 / 66 73 77 -56 -58 -61 / 44 56 -68 -72 -80 / 77 -44 -56 / 43 55 75 79 / 75 87 -43 -55 <END> 
<S> 44 56 68 72 / 73 -44 -56 / 51 56 60 75 / 72 77 -51 -56 -60 / 39 51 -72 -75 / 70 -39 -51 / 51 56 60 68 / 68 -51 -56 -60 / 0 51 56 / 68 -51 -56 / 51 55 60 63 / 69 -51 -55 -60 / 44 56 60 72 / 45 57 72 -77 / 44 56 72 77 <END> 
<S> 0 44 56 / 65 -44 -56 / 0 56 60 63 68 / 68 72 -56 -60 -63 / 51 63 72 / 67 70 -51 / 52 56 60 68 / 72 -54 -60 / 39 51 -72 / 70 -39 -51 / 41 53 68 / 70 -41 -53 <END> 
<S> 39 51 67 75 / 58 63 75 -39 -51 / 43 55 73 / 85 -43 -55 / 58 63 67 75 / 75 -58 -63 -67 / 51 63 72 / 71 71 83 / 82 -51 / 52 58 72 88 / 72 75 83 -52 -63 / 46 -72 -75 / 72 75 84 -46 / 54 57 63 72 75 <END> 
<S> 0 71 / 0 75 87 / 0 80 / 0 72 75 84 / 0 / 0 41 53 / 0 39 -41 / 41 53 65 / 68 -41 / 41 53 68 72 77 / 39 51 67 72 / 36 48 60 72 <END> 
<S> 41 53 65 68 72 77 / 0 65 75 -41 -53 / 0 53 65 -65 -72 -76 / 0 72 77 -53 -65 / -65 -53 -77 / 72 84 -53 -65 / 41 53 65 75 / 77 80 -41 -65 / 41 53 80 / 75 -41 -53 <END> 
<S> 53 60 65 72 / 77 -53 -60 -65 / 41 53 70 77 82 / 72 84 -41 -53 / 53 56 60 65 -72 -84 / 77 81 -53 -56 -60 -65 / 41 53 80 / 72 84 -41 -53 / 53 57 60 75 84 / 77 81 -53 -57 -60 / 41 53 79 / 77 81 84 -41 -53 / 57 60 65 75 -81 / 72 77 81 -57 -60 -65 / 41 53 -72 -77 -81 -84 / 77 81 84 -41 -53 / 57 60 65 -81 
<S> 41 53 75 81 / 72 75 -41 -53 / 53 57 63 69 75 79 / 77 81 -53 -57 -63 / 41 53 72 75 81 / 77 -41 -53 -75 / 53 57 63 75 -69 / 77 46 -53 -57 -63 / 41 53 68 / 69 -41 -53 / 42 54 75 / 78 -42 -54 <END> 
<S> 41 53 69 75 79 / 77 -41 -53 -69 / 39 51 69 75 / 72 75 -39 -51 -69 / 51 56 60 -69 -72 -75 / 44 71 77 / 0 72 75 / 42 75 -68 -75 / 75 78 -42 -69 -75 / 44 56 60 72 77 80 84 / 39 51 66 78 78 87 / 67 76 79 -39 -51 -51 / 39 51 -66 -72 -76 -79 / 72 -39 -51 -72 -75 <END> 
<S> 0 44 56 72 84 / 0 82 -44 -72 -75 / 51 56 60 68 80 80 / 72 84 -51 -56 -60 / 39 51 -72 -84 / 80 82 -39 -51 / 51 56 60 72 75 / 72 80 -56 -60 -66 / 43 55 70 73 / 75 -43 -55 -70 / 39 51 -70 -75 / 72 -39 -51 / 41 53 65 / 70 82 -41 -53 / -41 -53 -65 -70 / 77 -41 -53 -65 / 46 58 65 74 / 48 60 -65 -74 / 53 62 
<S> 46 58 70 / 73 82 -46 -58 -61 / 51 55 61 -73 -82 / 72 84 -51 -55 -61 / 39 51 70 82 / 81 -39 -51 -70 / 51 55 61 -70 -82 / 72 84 -51 -55 -63 / 39 51 70 75 / 72 -39 -51 / 39 51 55 70 / 72 -39 -51 -63 / 44 56 61 82 / 73 80 -56 -58 <END> 
<S> 39 51 -67 -75 / 75 -39 -51 / 51 55 60 63 79 / 72 -51 -55 -60 -63 / 39 51 68 / 70 -39 -51 / 56 58 60 68 / 70 -56 -58 -60 / 51 56 60 63 / 34 46 68 / 39 51 56 61 / 44 56 -44 / 51 56 60 72 75 80 <END> 
<S> 46 58 67 70 73 -82 / 68 74 77 -46 -58 / 44 56 65 -74 -77 -86 / 43 55 67 76 79 / 41 53 -67 -72 -75 / 43 55 70 82 / 43 55 70 82 / 42 54 70 82 / 78 82 -70 / 58 58 66 78 -82 / 72 81 -58 -58 -61 <END> 
<S> 0 39 51 / 82 -39 -51 / 55 58 63 70 / 72 -55 -58 -63 / 46 58 74 / 82 -46 / 58 62 84 / 41 -58 80 / 46 58 82 / 56 58 62 82 / 80 -56 -58 -62 / 46 -80 / 77 -46 / 56 58 62 77 / 78 82 -56 -58 -62 <END> 
<S> 50 53 80 / 82 -50 -53 / 58 62 68 80 / 80 -58 -62 -68 / 46 -74 -80 / 76 -46 / 58 62 68 82 / 75 80 -58 -63 -67 / 51 -75 -79 / 78 -51 / 58 63 67 72 82 / 79 -58 -63 -67 / 48 75 / 79 82 / 58 60 -75 -79 / 80 -58 -60 <END> 
<S> 39 51 67 75 79 / 46 58 63 -75 -79 / 0 39 51 70 82 / 72 -39 -51 / 55 58 63 70 / 70 -55 -58 -63 / 43 55 72 / 72 -43 -55 / 45 57 63 -72 / 67 -45 -57 / 46 58 70 / 67 -46 -58 / 51 55 58 61 82 / 70 73 82 -55 -58 -61 / 39 51 -67 -73 / 75 -39 -51 / 51 55 61 73 85 / 70 82 -51 -55 -61 <END> 
<S> 39 51 -67 -70 / 75 -39 -51 / 55 58 63 75 / 75 -55 -58 -63 / 39 51 70 / 82 -39 -51 / 58 63 67 / 75 -58 -63 / 51 63 70 / 82 -51 / 52 58 61 / 69 -52 -58 -61 / 39 51 70 / 82 -39 -51 / 38 50 -70 -82 / 75 -38 -50 <END> 
<S> 39 51 -67 -70 / 75 -39 -51 / 43 55 67 70 / 75 -43 -55 -67 / 44 56 74 77 / 82 -44 -56 -74 / 42 54 75 / 75 -42 -54 -63 / 46 -75 -79 / 76 -46 / -75 -79 / 77 -43 / 51 75 79 / 82 -51 -75 / 39 51 70 82 / 74 -39 -51 / 55 58 63 75 79 / 67 -55 -58 -63 <END> 
<S> 39 51 79 82 / 87 -39 -51 / 55 58 63 81 / 67 -55 -58 -63 / 46 58 -70 / 67 -46 -58 / 51 55 61 70 / 72 -51 -55 -61 / 39 51 67 / 66 -39 -51 / 51 55 58 61 67 / 67 70 -51 -55 -61 / 39 51 -67 -73 / 63 75 -39 -51 / 51 55 61 70 73 / 72 76 -55 -58 -61 <END> 
<S> 39 51 67 70 / 51 55 58 -70 -75 / 75 -51 -55 -58 -63 / 39 51 72 / 70 -39 -51 / 38 50 65 68 74 / 39 51 67 70 78 / 38 50 -66 66 78 / 38 66 69 77 -38 <END> 
<S> 63 67 75 / 68 -51 -63 / 55 61 64 67 / 62 65 68 -55 -58 / 46 -67 -71 / 74 -46 / -67 58 75 / 73 80 -58 -51 / 51 63 75 / 78 -51 -63 / -75 -78 -87 / 72 75 -51 <END> 
<S> 0 53 69 / 75 -53 -65 / 56 61 65 70 76 / 82 -56 -61 -65 / 49 61 77 / 80 -49 -61 / 56 61 65 82 / 73 85 -56 -61 -65 / 44 56 72 77 80 / 56 60 65 68 -77 -80 / 72 -56 -60 -65 / 44 56 72 77 80 / 72 -44 -44 -56 / 56 60 65 -68 -72 / 72 -56 -60 -65 <END> 
<S> 44 56 72 77 / 80 -44 -72 / 51 56 60 -72 / 77 -51 -56 -60 / 39 51 72 / 72 -39 -51 / 51 56 60 70 / 68 -51 -56 -60 / 46 58 67 / 68 70 -46 -58 / 46 58 -67 -70 / 65 74 -46 -58 / 44 56 -65 -74 / 77 -44 -56 -65 / 41 53 75 80 / 77 -41 -53 -56 <END> 
<S> 46 58 70 / 67 -46 -58 / 51 55 61 63 / 75 87 -55 -61 -63 / 40 52 68 80 / 39 51 68 72 / 68 80 -41 -53 -68 / 41 53 68 72 77 / 80 -41 -53 -68 -72 / 43 68 72 75 / 76 79 -43 / 52 60 64 -79 / 78 -52 -60 -64 / 48 60 79 / 76 -48 -60 / 46 58 67 76 / 45 57 75 78 <END> 
<S> 0 / 67 75 84 / 0 65 69 74 77 / 0 67 72 75 84 / 0 34 46 -72 -75 / 0 47 -68 -72 -75 / 47 -68 -72 -75 -80 / 42 -68 -72 -75 / 39 51 -72 -75 -84 / 87 -39 -51 -72 -75 / 0 36 48 -72 -75 -84 / 0 <END> 
<S> 0 44 56 72 77 84 / 60 63 68 70 80 -72 / 41 53 68 80 -70 / 34 46 68 77 / 70 73 78 82 -46 / 39 51 -68 -72 -77 -80 / 72 75 -39 -51 / 39 51 70 72 75 / 72 78 82 -39 -51 / 38 50 70 79 82 / 75 -38 -50 -78 / 36 48 68 74 77 80 <END> 
<S> 39 51 72 78 79 82 / 56 58 66 70 73 77 / 68 70 80 -56 -58 -62 / 0 63 78 84 / 56 58 -63 -68 -75 / 68 80 -54 -56 -60 / 39 51 72 84 / 82 -39 -51 -72 / 58 60 63 -72 -84 / 75 82 -58 -63 / 51 -75 / -82 -82 / 55 58 63 -79 / 75 -55 -58 -63 / 51 72 / 70 -51 / 55 58 63 67 / 65 -55 -58 -63 <END> 
<S> 39 51 72 75 84 / 72 75 82 -39 -51 / 39 51 -75 -79 -82 / 72 84 -39 -51 / 51 55 60 82 / 87 -51 -55 -60 / 46 58 84 / 86 -46 -58 / 51 63 75 87 / 75 -51 -63 / 0 39 51 / 36 48 60 68 / 38 50 62 65 / 39 51 67 77 / 0 55 59 65 71 / 0 48 69 / 0 74 <END> 
<S> 46 58 82 / 75 -46 -58 / 51 55 61 -82 / 72 -51 -55 -61 / 39 51 68 / 75 -39 -51 / 56 58 63 68 80 / 75 -56 -58 -63 / 51 67 75 / 55 58 63 67 -75 / 75 -55 -58 -63 -67 / 46 -75 / 72 80 / 56 58 63 68 / 70 -56 -58 -63 <END> 
<S> 51 63 79 / 67 -51 -63 / 46 58 68 / 69 -46 -58 / 48 60 70 / 79 -48 -60 / 48 61 67 / 76 -48 -61 / 50 62 65 / 44 -50 -62 / 49 61 64 / 50 53 60 59 / 62 65 -53 -58 -60 / 0 53 55 60 64 / 0 53 56 62 64 -53 / 53 57 -64 -64 -53 / 64 -48 -53 -57 / 48 52 57 / 72 -48 -52 / 51 57 61 67 / 72 -51 -57 -61 <END> 
