<S> 58 70 82 94 / 59 71 83 95 / 58 70 82 94 / 59 71 83 95 / 58 70 82 94 / 59 71 83 95 / 54 66 78 90 / 55 67 79 91 / 52 64 76 88 / -52 -64 -76 -88 <END> 
<S> 43 71 77 83 / 55 59 65 -71 -77 -89 / 68 71 77 83 -59 -65 / 56 -68 -72 -77 -79 / 71 77 -53 -56 -65 / 43 55 -71 -77 / 71 77 -43 -55 / 31 43 71 77 / 71 82 -43 / 52 55 59 71 83 / 74 86 -52 -55 -59 / 38 -74 -79 -83 / 79 -38 -71 / 53 59 62 67 79 83 <END> 
<S> 0 43 / 67 79 -43 / 55 59 65 79 83 / 74 -55 -59 -65 / 43 55 77 81 / 79 -43 -55 / 55 59 65 77 / 74 -55 -59 -65 / 50 72 76 / 74 -50 / 55 59 65 77 / 76 -55 -59 -65 / 43 74 / 76 -43 / 55 59 65 77 / 69 81 -55 -59 -65 <END> 
<S> 50 62 77 / 81 -50 -62 / 55 59 65 83 / 81 -55 -59 -65 / 43 55 -81 / 81 -43 -55 / 55 59 65 77 / 79 -55 -59 -65 / 48 60 75 84 / 55 60 63 67 79 / 72 -55 -60 -63 / 43 55 70 75 / 72 -43 -55 / 42 54 70 / 72 75 -42 -54 <END> 
<S> 48 60 72 76 84 / 81 -48 -60 -72 / 55 60 64 76 79 / 72 81 -55 -60 -64 / 52 76 79 / 78 -52 / 79 -52 / 78 81 84 / 61 64 75 78 / 76 / -61 -64 -67 / 58 73 78 -67 / 55 62 74 -73 <END> 
<S> 50 71 77 / 81 -50 -71 -77 / 55 59 65 71 77 81 / 74 77 -55 -59 -65 / 43 55 -71 -77 -83 / 81 82 84 -43 -55 / 55 59 65 77 83 / 69 74 81 -55 -59 -65 / 48 -69 -72 -76 / 83 -48 / 55 60 64 72 76 81 <END> 
<S> 50 59 62 -74 -77 / 83 -50 -62 -59 / 55 60 83 89 / 82 -55 -60 -64 / 0 83 86 / 0 81 84 / 0 83 / 0 / 59 74 / 60 76 / 59 62 77 / 60 65 68 74 / 73 -60 -65 -68 / / 74 72 / 80 84 / 62 65 68 77 <END> 
<S> 52 58 60 -76 -88 / 62 74 -52 -58 -60 / 45 57 69 72 / 63 69 72 -36 -48 / 43 55 67 72 75 / 69 72 76 -43 -55 / 55 60 64 76 -69 -72 -79 / 67 72 76 79 -55 -60 -64 / 46 -67 -72 -76 -79 / 83 -46 -58 -67 -72 -76 / 58 60 64 76 79 -70 -76 / 76 79 82 -55 -58 -64 -70 <END> 
<S> 0 43 55 71 76 82 / 0 76 -43 -55 -74 -76 / 0 55 60 64 72 76 81 / 0 60 64 76 79 -76 -79 / 0 45 57 72 76 78 / 44 56 74 77 -65 -74 -78 / 0 72 75 76 81 / 0 55 60 64 72 72 76 84 / 0 69 72 76 81 / 0 67 72 76 79 <END> 
<S> 36 48 72 76 84 / 58 60 64 70 -36 -48 / 72 -36 -48 -58 -60 -64 -70 / 41 53 72 84 / 71 77 -41 -53 / 42 54 72 75 84 / 39 51 72 75 84 / 51 56 60 -72 -75 -84 / 71 -51 -56 -60 / 72 75 79 / -44 -56 -66 -75 <END> 
<S> 0 44 56 / 68 72 -44 -56 / 51 56 60 72 84 / 68 80 -51 -56 -60 / 39 51 72 / 68 80 -39 -51 / 56 60 68 80 / 68 72 -56 -60 80 / 32 44 68 72 77 / 68 80 -38 -50 / 53 56 60 68 80 / 72 75 79 -56 -60 -63 / 48 -72 -75 / 78 -48 -72 / 54 60 72 81 / 82 -54 -60 -63 <END> 
<S> 37 49 -68 -73 -77 / 68 80 -37 -49 / 53 56 61 68 80 / 70 77 -53 -56 -61 / 39 51 68 73 / 70 73 -39 -51 / 51 56 61 -70 -73 / 70 73 -51 -56 -61 / 39 51 -70 -73 / 72 -39 -51 / 51 56 60 70 / 72 -51 -56 -60 / 39 51 72 / 77 -39 -51 / 51 56 60 70 / 72 -51 -56 -60 <END> 
<S> 39 51 -70 / 75 -39 -51 / 51 55 58 70 / 75 -51 -55 -61 / 39 51 72 / 63 -39 -51 / 0 39 51 / 63 75 -39 -51 / 0 45 / 80 -39 -51 / 51 55 60 75 / 79 87 -51 -55 -60 / 39 51 -72 -79 / 67 79 -39 -51 / 51 55 60 68 -67 / 69 69 -51 -55 -60 <END> 
<S> 0 47 / 75 -47 / 54 56 59 71 83 / 71 75 83 -54 -59 / 43 55 -71 -71 / 64 71 71 83 -43 -55 / 71 -43 -50 / -71 74 59 83 / 59 65 53 -71 -74 / 39 51 72 78 / 44 56 77 -72 -75 / 43 55 70 72 76 / 55 58 63 70 72 -55 <END> 
<S> 43 71 71 74 83 / 55 59 65 -71 -74 -81 / 48 55 60 64 72 / 48 76 / 58 -48 -72 -76 / 0 55 -48 / 0 64 -48 -55 / 0 48 -64 -64 / 0 -48 -48 -64 / 0 49 61 65 67 70 / 0 72 -57 -61 -64 -69 <END> 
<S> 52 59 64 68 / 74 -52 -59 -62 / 56 58 64 76 / 76 -56 79 / 77 80 / 55 57 76 / 73 79 -55 -57 / 52 -67 -79 / 72 -52 / 55 60 64 76 / 72 -55 -60 -64 / 45 57 66 72 / 54 57 60 66 -66 <END> 
<S> 48 60 72 76 84 / 83 -48 -60 -72 / 55 60 64 76 81 / 79 -55 -60 -64 / 55 60 64 72 / 76 -55 -60 -64 / 52 55 60 -76 -88 / 71 -52 -55 -60 / 67 72 -55 -60 -64 / 69 -52 -55 -60 / 66 71 -52 -55 -60 / 0 50 54 60 62 66 <END> 
<S> 52 76 / 88 -52 / 55 60 64 -52 / 76 -52 -55 -60 / 43 55 / 69 -43 / 55 60 64 67 / 66 -55 -60 -64 / 52 67 72 / 79 -52 / 55 60 64 -79 / 76 -55 -60 -64 / 50 71 / 71 -50 / 55 59 65 71 / 74 -55 -59 -65 <END> 
<S> 43 55 64 67 72 / 55 60 64 69 -67 -72 / 48 67 67 / 65 69 -48 / 55 60 64 67 71 / 67 72 -55 -60 -64 / 43 65 69 72 76 / 45 57 65 69 72 77 / 46 67 / 69 -46 / 53 58 62 70 / 74 -53 -58 -62 <END> 
<S> 50 62 65 71 / 74 -50 -62 -62 / 53 60 63 69 79 / 69 81 -53 -60 -63 / 41 -69 -81 / 68 77 -41 / 53 57 63 69 75 / 72 -53 -57 -63 / 46 70 / 74 -46 / 53 58 62 70 / 70 -53 -58 -62 / 41 72 / 74 -41 / 53 58 62 70 / 79 -53 -58 -62 <END> 
<S> 46 70 74 / 73 -46 / 53 58 62 82 / 79 -53 -58 -62 / 41 -79 / 77 -41 / 53 58 62 70 / 73 -53 -58 -62 / 46 77 / 74 -46 / 53 58 62 70 / 74 -53 -58 -62 / 46 -70 / 77 -46 / 58 62 65 68 / 74 -58 -62 -65 <END> 
<S> 46 -70 / 74 -46 / 53 58 62 77 / 67 -53 -58 -62 / 50 67 / 71 -50 / 53 55 59 65 71 / 72 -53 -55 -59 -65 / 43 55 65 / 71 -43 -55 / 47 59 74 77 / 75 -47 -59 / 46 58 76 / 82 -46 -58 / 44 56 71 83 / 80 -44 -56 / 43 55 75 79 / 82 -43 -55 / 55 59 64 82 / 83 -55 -59 -64 <END> 
<S> 39 51 -67 -72 / 79 -39 -51 / 58 60 63 75 / 79 -58 -60 -63 / 48 60 -82 / 79 -48 -60 / 46 58 82 / 74 -46 -58 / 39 51 72 78 / 80 -39 -51 / 41 53 82 / 75 87 -41 -53 / 43 55 -82 -82 / 72 84 -39 -51 / 45 57 -72 -84 / 72 84 -45 -57 <END> 
<S> 39 51 72 75 84 / 84 -39 -51 -72 -84 / 42 54 -72 -84 / 82 82 -42 -54 -86 / 0 43 85 / -82 -86 / 41 81 82 / 86 81 -41 -53 / 57 60 65 74 80 84 / 77 81 84 -57 -60 -65 / 36 48 79 -81 -84 / 77 81 81 84 -48 / 57 60 65 -81 -77 -81 / 69 81 81 86 -43 -55 -60 -65 -69 41 -81 -81 -81 -86 <END> 
<S> 41 76 81 86 / 53 57 62 77 81 / 84 -53 -57 -62 -65 / 45 57 81 / 81 -45 -57 -60 / 41 53 77 81 / 84 81 81 -53 / 43 55 -81 -81 -81 / 42 75 80 / 60 64 76 81 / 45 57 -76 / 73 81 -45 -57 / 57 61 65 73 76 / 73 -57 -61 -65 <END> 
<S> 40 52 76 80 83 / 81 60 -40 -52 / 52 57 61 69 / 81 -52 -55 -58 -60 / 48 52 78 / 81 -48 -52 / 52 55 60 72 / 52 69 -52 -55 -60 / 42 54 -64 -72 / 43 55 64 / 45 57 60 72 / 47 59 62 71 / 44 56 60 72 <END> 
<S> 48 60 72 / 67 74 -48 -60 / 46 58 -67 -72 -76 / 76 -46 -58 -67 / 41 53 65 77 / 67 -41 -53 -65 / 57 60 65 69 / 67 -57 -60 -65 / 48 61 67 / 64 70 -48 -52 / 50 55 59 65 / 67 -50 -55 -59 / 50 55 59 -67 / 65 71 -50 -55 -59 / 50 53 56 59 / 74 / 0 -50 <END> 
<S> 50 62 65 -50 / 70 74 -50 -62 / 50 53 57 60 69 79 / 65 69 74 -50 -53 -57 / 50 53 -65 -69 -74 / 0 69 -50 -53 / 0 54 -69 / 0 -38 -50 / 0 51 60 / 69 -51 -61 / 0 44 56 / 0 45 57 / 0 60 / 0 -45 -57 / 0 48 60 / 0 47 59 / 0 47 59 <END> 
<S> 0 50 62 / 68 -50 -62 -62 / 49 61 -59 -68 / 70 74 78 -61 -58 / 39 51 -70 -75 / 72 75 84 -51 -55 / 39 51 -72 -75 -84 / 72 75 -39 -51 / 43 55 70 72 75 / 41 53 70 75 79 82 / 34 46 68 74 77 / 80 -34 -46 -65 -74 / 39 51 75 84 / -39 -51 -75 -75 / 67 70 75 -39 -51 <END> 
<S> 39 51 67 75 / 65 77 -39 -51 / 55 58 63 70 74 / 67 75 -55 -58 -63 / 39 51 -67 -70 -79 / 72 -39 -51 / 51 55 60 70 / 72 -51 -55 -60 / 44 56 68 / 72 -44 -56 / 51 56 60 -72 / 65 71 -51 -56 -60 / 37 49 -65 / 71 -37 -49 / 45 57 72 / 70 -45 -57 <END> 
<S> 39 51 72 / 68 72 -39 -51 / 51 56 60 -72 -75 / 72 77 -51 -56 -60 / 39 51 -72 -75 / 70 82 -39 -51 / 39 51 72 75 / 72 -39 -51 / 39 51 63 75 / 67 75 -51 -51 / 39 51 -67 -70 / 72 -39 -51 / 44 56 65 70 / 73 -44 -56 -65 <END> 
<S> 39 51 67 72 75 / 68 71 80 -39 -51 / 51 56 61 -71 -75 / 72 77 -51 -56 -61 / 39 51 -72 -75 / 80 -39 -51 / 51 56 60 68 77 / 72 75 -51 -56 -56 -60 / 39 51 72 75 84 / 51 56 60 72 75 80 / 45 57 72 75 78 / 44 56 72 75 80 <END> 
<S> 44 56 72 75 / 72 80 -44 -56 / 51 56 60 66 72 77 / 72 75 80 -56 -60 -66 / 44 56 -72 -75 -80 / 72 -44 -56 -72 / 39 51 72 77 80 / 0 41 53 / 0 68 / 50 57 60 69 / 68 71 -50 -57 -60 / 44 69 72 / 71 83 / 52 57 61 68 73 <END> 
<S> 41 53 -65 -69 / 68 -41 -53 / 53 57 61 69 / 77 -53 -57 -63 / 41 53 -77 / 72 -41 -53 / 53 57 63 65 72 / 69 81 -53 -57 -63 / 45 57 -69 / 67 -45 -57 / 46 58 63 / 65 -46 -58 -63 <END> 
<S> 53 69 / 72 -53 / 57 60 65 81 / 77 -57 -60 -65 / 48 72 / 74 -48 / 57 60 65 72 / 69 -57 -60 -65 / 53 58 67 / 70 -53 -58 / 41 53 67 / 65 -41 -53 <END> 
<S> 57 69 / 76 -57 / 62 74 77 / 76 84 -62 / 57 60 65 74 86 / 72 -57 -60 -65 / 53 74 / 77 -53 / 56 58 62 -77 / 76 -56 -58 -62 46 <END> 
<S> 50 74 77 / 76 -50 82 / 53 62 77 / 74 -53 -58 -62 / 50 62 / 77 -50 / -62 -50 / 71 -50 -62 / 74 -50 -54 -60 / 48 -74 / 63 75 / 53 57 63 69 / 0 54 57 60 63 -69 / 0 43 55 / 63 66 71 / 48 60 64 -67 -72 / 72 -48 -60 -64 / 55 60 64 76 / 79 -55 -60 -64 / 52 64 -79 / 76 -52 -64 / 55 60 64 72 / 81 -55 -60 -64 
<S> 0 43 55 70 82 / 58 63 69 72 84 / 41 53 70 74 82 / 34 46 70 74 77 82 / 41 53 68 72 77 80 / 46 58 70 73 81 / 77 -46 -58 -70 -74 / 39 51 -70 -73 -77 / 77 89 -70 -73 / 55 58 65 72 75 82 / 72 77 -55 -58 -62 -64 / 0 -72 -75 -84 / 70 73 77 -39 / 55 58 61 73 76 79 <END> 
<S> 46 58 73 77 / 70 -46 -58 / 55 58 61 67 79 / 75 79 -55 -58 -61 / 51 -67 -70 -79 / 75 79 -51 / 55 58 63 77 -70 / 70 -55 -58 -63 / 0 53 65 / 0 70 -65 -53 / 49 61 -65 -70 / 65 -49 -61 / 44 56 65 68 / 73 -44 -56 -65 / 74 77 -56 / -65 -77 / 62 65 71 / 62 65 68 <END> 
<S> 41 53 65 / 68 -41 -53 / 53 56 62 68 / 65 70 -53 -56 -62 / 40 52 71 / 74 -40 -52 / 56 60 62 68 / 71 -56 -58 -62 -68 / 68 68 74 80 / 56 -68 -68 -74 / 74 -68 -74 / 68 75 80 / 65 68 77 -75 / 63 68 72 75 80 <END> 
<S> 50 53 -68 -74 -77 / 68 80 -50 -53 / 56 58 62 68 80 / 68 74 77 -56 -58 -62 / 34 46 -68 -70 -74 -80 / 65 74 -34 -46 / 53 56 62 68 68 / 65 68 77 -53 -56 -62 / 51 -68 -68 -77 / 70 73 -68 -51 / 56 58 65 68 72 74 <END> 
<S> 0 53 65 / 68 73 -53 -65 / 56 61 65 73 77 / 73 77 85 -56 -61 -65 / 44 56 92 -77 -84 / 56 61 65 80 -77 -84 / 41 53 77 80 85 / 56 61 65 68 77 80 / 70 82 -56 -61 -65 / 39 51 -70 -82 / 72 -39 -51 / 39 51 70 72 / 41 53 70 73 <END> 
<S> 53 68 75 80 / 56 58 -68 -73 -80 -82 / 34 46 68 77 80 / 70 73 -34 -46 -68 / -80 -46 -70 -73 / 68 73 -46 80 / 51 73 -68 -73 / 70 73 -51 / 52 56 61 68 73 / 39 51 70 75 78 / 44 56 72 77 80 / 0 45 57 72 84 <END> 
<S> 44 56 72 75 80 / 72 -44 -56 -72 / 51 56 60 -72 -75 / 70 77 -51 -56 -60 / 39 51 72 80 / 72 77 80 -39 -51 / 51 56 60 -72 -77 -80 / 72 84 -51 -56 -60 / 51 56 60 75 87 / 68 72 -51 -56 -60 / 51 56 60 -68 -72 / 71 75 -51 -56 -60 / 39 51 -72 -75 / 72 -39 -51 / 51 56 60 68 / 70 -51 -56 -60 <END> 
<S> 44 56 -72 -75 / 71 77 -44 -56 / 51 56 60 72 75 / 70 73 -51 -56 -60 / 39 51 -70 -75 / 72 75 -39 -51 / 51 56 60 70 70 / 72 -51 -56 -60 -66 / 39 51 67 / 70 -39 -51 / 44 56 68 / 72 -56 -60 / 51 63 -72 / 77 -51 -63 / 52 55 61 75 / 73 -52 -55 -61 <END> 
<S> 39 51 67 / 70 -39 -51 / 41 53 63 75 / 67 -41 -53 -63 / 43 55 70 / 72 75 -43 -55 / 45 57 -72 / 72 75 -45 -57 / 0 43 55 / 70 73 -43 -55 / 44 56 70 72 / 72 -44 -56 -62 / 51 55 60 72 / 81 -51 -55 -60 -72 / 55 60 64 79 / 83 -55 -60 -64 <END> 
<S> 31 43 65 70 74 / 75 -31 -43 -65 / 55 59 65 68 / 75 -55 -59 -65 -68 / 38 50 68 72 77 / 79 -38 -50 65 / 71 -38 -50 / 36 48 72 76 / 60 64 79 -48 -72 / 64 76 -55 -60 -64 / 72 -55 -60 -64 / 0 76 -55 -60 -64 / 0 39 51 -64 -72 / 0 40 52 -64 -67 -72 / 0 45 57 72 -64 -67 / 0 81 -48 -64 -67 -72 / 0 60 65 69 72 
<S> 48 60 72 / 64 -48 -60 / 55 60 64 79 / 81 -55 -60 -64 / 43 55 -81 / 76 -43 -55 / 58 60 64 70 75 / 47 59 74 / 86 -35 -47 / 55 59 65 74 88 / 77 81 -55 -59 -65 / 43 55 -81 / 74 77 81 -43 -55 / 55 59 65 -74 -77 -81 / 0 48 60 72 76 81 / 0 55 60 63 -72 -75 -84 / 0 66 72 -55 -60 -63 -75 / 40 52 -63 -70 -72 / 
<S> 48 60 76 / 72 -48 -60 / 55 60 64 76 / 72 -55 -60 -64 / 43 55 64 76 / 55 60 64 75 / 0 76 / 0 76 / 0 72 / 74 76 / 52 72 / 76 -52 <END> 
<S> 0 53 60 69 / 0 72 -53 -58 -60 / 0 54 57 63 63 72 / 69 75 81 -54 -57 -63 / 41 53 -69 -75 -81 / 69 75 81 -41 -53 / 42 54 -69 -75 -81 / 43 55 -69 / 69 75 -43 -55 / 45 57 60 67 72 / 44 -45 -57 -72 <END> 
<S> 0 43 / 0 84 / 0 50 82 / 84 -41 -53 / 58 62 68 82 / 74 86 -58 -62 -68 / 46 -74 -86 / 79 -46 / 58 62 68 82 / 74 82 -58 -62 -68 / 51 63 67 75 79 / 68 75 -51 -63 / 39 51 67 72 / 70 74 -34 73 / 38 50 -70 -74 <END> 
<S> -72 -75 -80 / 82 -39 -51 / 58 63 67 75 79 / 75 87 -58 -63 -67 / 44 72 -87 / 80 89 -44 / 56 60 63 83 87 / 72 84 -56 -60 -65 / 44 56 -72 -84 / 80 82 -44 -56 / 56 60 68 80 / 72 84 -56 -60 -65 / 39 -72 -84 / 82 -39 -51 / 56 58 61 73 / 70 -58 -56 <END> 
<S> 44 56 72 75 84 / 72 75 84 -44 -56 / 51 56 60 -72 -75 -84 / 72 77 84 -51 -56 -60 / 39 51 -72 -77 -84 / 72 75 -39 -51 / 51 56 60 -72 -75 / 72 75 -51 -56 -60 / 41 53 75 / 80 -41 -53 / 58 61 68 79 / 75 -58 -61 -64 / 39 51 72 / 54 60 63 -72 -84 / 68 80 -54 -60 -63 / 44 56 -72 -75 / 71 77 -44 -56 / 45 57 72 
<S> 32 44 68 72 77 / 56 68 -44 -72 / 56 -37 -68 -72 / 70 78 82 / -56 -61 -68 / 39 51 72 75 79 / 80 -39 -51 -72 / 55 60 63 -72 -75 / 87 -51 -56 -60 -72 -75 / 39 51 -72 -75 / 32 44 -72 -75 / 70 -39 -51 / 39 51 72 / 70 82 -39 -51 <END> 
<S> 44 -72 -75 / 72 75 -44 / 51 56 60 72 75 / 70 75 82 -56 -60 -66 / 44 56 68 72 80 84 / 0 48 60 -72 -75 / 0 39 51 -72 -75 / 0 44 56 -72 -75 / 40 52 71 75 83 / 79 -40 -52 -71 -76 / 41 53 68 72 74 80 / 73 68 73 77 -41 -53 <END> 
<S> 0 44 56 / 84 -44 -56 / 51 56 60 80 / 77 -51 -56 -60 / 39 51 74 / 75 -39 -51 / 51 56 60 68 / 70 -51 -56 -60 / 39 51 68 / 72 -39 -51 / 51 56 60 70 / 68 72 -51 -56 -60 / 39 51 -66 -72 / 70 -39 -51 / 42 54 70 / 72 -42 -54 <END> 
<S> 51 56 60 -65 -70 / 68 -51 -56 -60 / 51 55 61 70 / 67 70 -51 -55 -61 / 39 51 70 75 / 0 55 58 63 / 0 70 / 0 51 66 / 56 68 / 53 65 / 69 -53 / 51 63 / 67 -53 <END> 
<S> 39 51 67 70 / 75 -39 -51 -66 / 58 63 66 78 / 70 -51 -58 -63 / 38 50 -66 / 70 -38 -50 / 39 51 -70 / 67 -39 -51 / 38 50 66 69 / 41 53 62 69 / 40 60 71 / 42 54 72 <END> 
<S> 39 51 -67 -70 / 66 -39 -51 / 55 58 61 67 70 / 46 65 73 77 / 44 56 -65 -68 -77 / 43 55 -65 -71 -77 / 41 53 -65 -70 / 46 58 70 74 / 48 70 82 / 75 -48 -58 -70 / 58 63 65 -48 -75 / 41 53 -65 -70 / 65 -41 -53 -65 / -41 -53 -65 -65 / 44 65 65 77 <END> 
<S> 50 62 65 77 / 70 74 77 -50 -62 / 77 49 -68 -77 / 62 65 -77 -77 / 50 62 -65 -70 -74 -77 / 51 51 70 / 67 70 -51 -51 / 39 51 -67 -70 / 65 67 -39 -51 / 51 56 61 -65 -67 / 70 -51 -56 -61 / 39 51 73 / 61 -39 -51 / 51 55 61 70 / 72 -51 -55 -61 <END> 
<S> 39 51 67 70 / 70 -39 -51 / 55 58 63 70 / 67 70 -55 -58 -63 / 43 55 70 / 72 -43 -55 / 42 54 70 73 / 74 -42 -54 -42 / 46 58 70 / 77 -46 -58 / 51 55 58 70 / 72 -51 -55 -58 / 39 51 70 / 82 -39 -51 -70 / 43 55 -70 -82 / 67 -43 -55 / 44 56 70 / 71 -56 -60 <END> 
<S> 39 51 -67 -70 / 75 -39 -51 / 55 58 63 70 / 75 -55 -58 -63 / 36 48 -70 / 78 -36 -48 / 56 58 66 72 / 75 -58 -58 -63 / 34 46 68 77 / 68 74 -46 / 38 50 -68 -74 / 77 -38 -50 / 0 80 / 0 82 / 0 81 84 / 0 83 / 0 83 <END> 
<S> 0 46 58 67 79 / 0 77 / 0 55 58 62 / 0 48 -55 -62 / 0 55 -48 / 0 48 60 / -48 -58 -60 / 53 57 63 / 69 -53 -57 -63 / 41 69 / 74 -41 / 53 57 63 69 / 74 77 -53 -57 -63 / 41 69 75 / 77 -41 / 53 57 63 69 75 / 77 -53 -57 -63 <END> 
<S> 48 69 / 41 53 65 / 69 77 -41 -53 / 43 55 -69 -77 / 72 76 79 -43 -55 / 45 57 -72 -77 / 82 -45 -57 / 46 58 74 77 / 76 -46 -58 / 53 58 62 77 / 79 82 -53 -58 -62 / 50 62 -82 / 81 -50 / 49 61 79 82 / 82 -49 -61 <END> 
<S> 46 58 70 74 82 / 81 -46 -58 -70 -73 / 39 51 70 78 82 / 77 80 -70 -58 -75 / 36 48 -70 -81 -82 / 79 -36 -48 -70 -79 / 58 61 65 -70 -74 -82 / 76 -58 -61 -70 / 53 58 62 82 / 79 -53 -58 -62 / 41 77 80 / 72 79 -41 -53 / 53 58 61 77 / 73 77 -53 -58 -61 <END> 
<S> 50 62 70 77 / 74 82 -50 -62 / 56 58 62 76 -82 / 70 74 77 81 -58 -62 / 46 58 -70 -74 -77 / 73 81 -46 -58 / 58 61 65 -73 -85 / 73 51 -61 -65 / 44 75 82 / 68 73 -44 / 51 56 61 73 82 / 70 73 -51 -56 -61 / 44 56 72 75 / 72 75 -44 -56 / 51 56 60 -72 -75 / 72 77 -51 -56 -60 <END> 
