<S> 64 67 72 84 / 91 -64 -67 -72 / 88 -64 -67 -72 / 84 -64 -67 -72 / 67 72 76 79 / 88 -67 -72 -76 / 84 -67 -72 -76 / 79 -67 -72 -76 / 66 69 72 75 81 / 84 -66 -69 -72 -75 / 83 -66 -69 -72 -75 / 81 -66 -69 -72 -75 / 67 72 76 79 / 52 64 / 53 65 / 54 66 <END> 
<S> 66 69 72 75 81 / 84 -66 -69 -72 -75 / 83 -66 -69 -72 -72 / 81 -66 -69 -72 -75 / 67 72 76 79 / 52 64 -72 / 50 62 71 / 76 -50 -62 / 55 59 65 79 / 81 -55 -59 -65 / 43 55 -81 / 79 -43 -55 / 55 59 65 74 / 77 -55 -59 -65 <END> 
<S> 50 62 76 -67 / 70 -50 -62 / 55 59 65 67 / 71 -55 -59 -65 / 43 55 65 77 / 67 71 -43 -55 / 55 59 65 -67 -71 -74 / 72 -43 -55 -59 -65 / 47 59 65 74 / 71 77 -47 -59 -65 / 36 48 72 76 / 81 -36 -48 -69 -72 / 60 69 -40 -52 / -72 -76 / 48 -68 -72 -76 / 0 52 64 70 <END> 
<S> 0 48 60 / 72 76 -48 -60 -64 / 0 55 60 64 67 71 74 / 69 -55 -60 -64 / 43 55 67 76 / 76 -43 -55 / 55 59 65 74 / 80 -55 -62 -65 / 55 60 64 -79 / 76 -55 -60 -64 / 55 60 64 -76 / 81 -55 -60 -64 / 55 60 64 -81 / 81 -55 -60 -64 <END> 
<S> 43 55 76 / 71 -43 -55 / 55 59 65 74 / 79 -55 -59 -65 / 48 60 -79 / 77 -48 -60 / 55 60 64 76 / 79 -55 -60 -64 / 52 -79 / 82 -52 / 55 60 64 81 / 79 -55 -60 -64 / 48 -79 / 72 -48 / 51 55 60 64 / 72 -55 -60 -64 <END> 
<S> 52 55 60 72 / 76 -52 -55 -60 / 55 58 60 -64 -73 / 70 -55 -58 -64 / 55 58 64 76 / 66 -55 -58 -64 / 52 55 60 70 / 67 76 -52 -55 -60 / 43 55 -64 -67 -74 / 70 -52 -55 / 71 71 74 -55 -59 / 69 72 75 81 -55 -59 -65 / 60 62 -69 -72 -76 -81 / 67 72 80 -51 / 51 56 60 64 74 80 / 76 -56 -60 -64 <END> 
<S> 0 / 43 55 71 74 79 / 59 62 65 67 74 77 / 50 55 -62 -67 -71 -74 / 48 55 76 -67 -72 / 74 -48 -52 -55 / 0 55 76 76 / 0 75 -55 -58 -64 / 0 82 -55 -59 -64 / 0 55 60 64 72 / 0 54 57 63 72 <END> 
<S> 0 / 56 72 / 74 -45 -57 / 60 72 -54 -57 / 0 43 55 / 0 41 53 / 39 51 63 / 36 48 60 / 34 46 70 / 72 -34 -46 / 41 53 56 68 / 72 -41 -53 -68 / 42 54 70 / 68 -42 -54 / 41 53 68 / 69 -41 / 53 57 62 69 / 72 -53 -57 -62 <END> 
<S> 39 51 63 67 / 75 -39 -51 -63 / 43 55 63 71 / 67 79 -43 -55 / 43 55 -67 / 75 -43 -55 / 45 57 75 / 84 -45 -57 / 44 56 73 / 80 -44 -56 / 56 60 68 -80 / 72 -56 -60 -66 / 43 55 -68 / 70 -43 / 56 58 62 68 / 68 -56 -58 -62 <END> 
<S> 53 -68 -72 -80 / 82 -53 -72 / 56 61 65 70 / 77 -56 -61 -65 / 46 -70 -80 / 79 -46 / 56 58 62 77 / 70 82 -56 -58 -62 / 48 68 72 / 70 75 -48 / 53 57 63 75 / 72 75 -53 -57 -63 / 41 -72 -75 / 53 57 63 -75 / 70 -53 -57 -63 <END> 
<S> 48 69 75 / 68 -48 -48 / 53 57 63 75 -48 / 69 72 -53 -57 -63 / 41 -69 -75 / 77 -41 -69 / 53 57 63 -69 -77 / 74 -53 -57 -63 / 46 58 65 74 77 / 53 58 62 -65 -74 -77 / 41 -65 -74 / 53 58 62 65 74 <END> 
<S> 50 62 74 / 70 -50 -62 / 53 58 62 74 / 65 70 74 77 -58 -62 / 46 58 -65 -70 -74 -77 / 48 60 -65 -70 -74 -77 / 50 62 -65 -70 -74 -77 / 44 56 -65 -70 -74 -77 / 46 58 -65 -70 -74 -77 / 44 56 65 77 / 65 -44 -56 / 74 -44 -56 / 0 53 69 / 0 68 -53 <END> 
<S> 0 68 72 / 0 70 82 / 0 70 74 82 / 0 70 82 / 56 58 62 -70 -82 / 68 80 -56 -58 -62 / 39 51 -68 -72 / 75 -39 -51 / 56 58 63 68 / 75 -56 -58 -63 / 51 55 61 82 / 75 -51 -55 -61 / 39 51 68 82 / 40 52 68 80 <END> 
<S> 39 51 72 / 75 79 -39 -51 / 39 51 -75 -79 / 72 77 -39 -51 / 39 51 70 75 / 72 -39 -51 -75 / 39 51 -72 -75 / 32 44 -72 -75 / 71 -39 -51 / 51 56 60 72 / 70 73 -51 -56 -60 / 44 56 72 75 / 71 77 -44 -56 / 51 56 60 66 72 / 70 73 -51 -56 -60 / 39 51 72 / 75 80 -39 -51 / 51 56 60 68 72 75 <END> 
<S> 44 56 72 75 84 / 51 56 60 72 -75 / 77 -51 -56 -60 -72 / 44 56 72 80 / 72 -44 -56 / 39 51 75 / 72 75 -39 -51 / 39 51 72 75 84 / 68 71 80 83 / 49 61 70 80 82 / 73 82 82 -51 -80 / 85 -73 -73 -85 / 56 -73 -76 -80 / 47 80 -73 -76 / 51 56 -65 -73 -80 / 75 80 -51 -56 -61 <END> 
<S> 39 51 72 75 78 84 / 56 60 66 68 80 -84 / 70 82 -56 -60 -66 / 39 51 -70 -78 -82 / 72 84 -39 -51 / 40 52 73 85 / 72 84 -52 -73 / 45 57 73 -72 76 / 45 57 72 77 75 / 46 58 74 77 81 / 70 -46 -58 / 53 58 62 72 / 73 77 -53 -58 -62 / 41 -73 -77 / 74 86 -65 / 56 58 62 68 / 65 -53 -56 -58 -62 <END> 
<S> 62 74 77 86 / 80 65 -62 -77 / 53 62 65 67 71 77 / 69 -53 -59 -62 / 41 53 77 / 74 86 -41 -53 / 43 55 -74 -77 / 72 75 -43 -55 / 45 57 -72 -75 / 72 75 -45 -57 / 46 58 70 74 82 / 72 81 -46 -58 / 56 58 62 74 86 / 72 84 -56 -58 -62 / 46 -72 -84 / 56 58 62 82 / 72 84 -56 -58 -62 <END> 
<S> 50 62 70 82 / 74 77 -50 -62 -70 / 58 62 67 79 88 / 70 77 81 -58 -62 -64 / 41 53 70 74 82 / 77 -41 -53 -70 -74 / 42 54 75 78 87 / 41 53 74 77 80 / 72 75 84 -41 -53 / 43 55 -72 -76 -84 / 77 -43 -55 -72 / 42 54 70 / 72 -42 -54 / 41 53 72 / 65 70 74 -41 <END> 
<S> 41 53 75 87 / 82 -41 -53 -75 / 60 62 68 80 -76 / 72 76 84 -60 -64 / 48 60 -72 -76 -84 / 86 -48 -60 -72 / 46 58 74 76 79 84 / 45 57 72 77 81 / 77 -45 -57 -72 -77 / 57 60 65 -72 -77 -84 / 70 72 77 -57 -60 -65 / 54 56 60 63 72 84 / 75 78 87 -54 -60 -63 / 0 41 -75 -81 / 0 82 / 0 81 <END> 
<S> 56 60 72 81 84 / 77 84 -60 -65 / 57 60 65 81 -84 / 78 81 84 -57 -65 / 41 53 70 -81 -84 / 81 -41 -53 -81 / 57 60 65 74 77 80 / 69 81 -57 -59 -62 -65 / 41 53 -69 -72 / 74 -41 -53 -69 / 42 54 69 72 / 43 55 -69 -72 -81 / 43 55 -69 -72 / 45 57 60 72 <END> 
<S> 41 53 75 81 / 77 -41 -53 -77 / 60 65 75 79 -41 / 77 81 -60 -65 / 41 53 77 81 / 79 82 -41 -53 / 57 61 65 74 77 81 / 73 77 81 -41 -53 -57 -61 / 41 53 -69 -77 -81 / 77 81 86 -41 -53 / 43 55 -77 -81 -81 / 79 -43 -55 / 41 53 77 81 / 69 72 81 -41 -53 / 42 57 65 69 77 / 81 -57 -57 -65 -69 <END> 
<S> 41 53 77 81 / 77 81 -41 -53 / 42 54 75 81 / 77 81 -42 -54 / 43 55 79 82 / 75 81 -43 -55 / 42 54 70 78 82 / 72 81 -54 -58 -60 / 46 58 -72 -72 / 74 82 -46 -58 / 44 56 77 82 <END> 
<S> 43 55 70 82 / 74 82 -43 -55 / 58 62 64 79 / 70 82 -58 -62 / 46 58 -70 / 79 -46 -58 / 58 61 65 77 / 43 55 70 82 / 74 -43 -55 / 48 55 72 76 / 74 -48 -55 / 58 60 64 72 / 67 70 -43 -55 -58 -64 / 43 55 58 -67 / 64 67 -43 -55 / 43 55 -64 -67 -71 / 64 -43 -55 -67 / 44 56 65 68 / 72 -44 -56 -65 / 43 55 76 / 
<S> 43 55 70 76 / 72 -43 -55 -70 / 55 58 64 70 79 / 75 -55 -58 -63 -70 / 43 55 -70 76 / 75 -43 -55 -70 / 58 60 64 76 / 70 -58 -60 -64 / 52 56 60 / 56 60 64 -52 -56 -60 / 45 57 -60 -64 / 47 59 / 45 60 / 44 56 <END> 
<S> 0 / 41 53 / 81 -41 / 53 57 61 77 / 69 81 -53 -57 / 45 -69 -69 / 67 79 -69 -45 / 46 58 61 69 73 / 44 65 69 74 / 0 71 <END> 
<S> 45 57 66 72 / 54 57 60 65 -66 -72 / 50 57 60 66 72 / 65 74 -50 -57 -66 / 38 50 72 78 / 74 -38 -50 -72 -78 / 60 62 66 72 76 / 83 -66 -60 -69 -72 <END> 
<S> 42 54 -64 -74 / 82 -42 -54 -72 / 58 60 64 76 79 / 81 -58 -60 -64 / 36 48 76 / 81 -36 -48 / 58 60 64 79 / 82 -58 -60 -64 / 40 52 85 / 79 -40 -52 / 58 64 67 76 / 74 -58 -58 -64 / 36 48 75 / 79 -36 -48 / 58 60 64 82 / 72 -58 -60 -64 <END> 
<S> 0 44 56 / 77 -44 -56 / 51 56 60 77 / 68 80 -51 -56 -60 / 39 51 75 / 78 -39 -51 -75 / 51 56 60 70 75 / 72 -51 -56 -60 / 51 56 60 68 72 / 68 80 -45 -56 -60 / 44 56 68 72 77 / 72 75 -44 -56 / 51 56 60 -72 -75 / 72 75 -51 -56 -60 / 39 51 66 75 / 72 -39 -51 / 56 60 63 -72 / 72 -56 -60 -66 <END> 
<S> 44 56 72 75 84 / 51 56 60 -72 -75 -84 / 45 57 -72 -75 -84 / 44 56 -72 -75 / 43 55 -69 -72 / 67 -43 -55 / 39 51 -67 / 72 -39 -51 / 41 53 65 / 67 -41 -53 / 43 55 70 / 72 -43 -55 / 45 57 70 / 72 -45 -57 / 43 55 70 / 72 -43 -55 <END> 
<S> 0 43 55 / 70 -43 -55 / 0 53 58 63 67 / 75 -53 -58 -63 / 51 55 61 82 / 67 79 -51 -55 -61 / 39 51 67 -61 / 65 67 73 -39 -51 / 51 55 61 -67 -73 / 67 70 -55 -51 / -61 -51 -67 -73 / 67 -43 -55 / 0 51 67 / 72 75 -51 -67 / 55 60 63 67 72 75 / 67 70 75 79 -55 -60 -63 <END> 
<S> 39 51 67 71 / 74 -39 -51 -67 / 51 55 58 -61 -67 -75 / 71 -51 -55 -58 -60 / 39 51 72 75 / 55 58 63 70 75 / 67 75 -55 -58 -63 / 39 51 -67 -72 / 72 75 -39 -51 / 46 58 73 70 / 73 74 -58 / 72 75 -58 -58 / 44 56 75 82 / 72 75 78 -44 -56 / <END> 
<S> 39 51 -67 -70 / 75 -39 -51 / 55 58 63 67 75 / 70 -55 -58 -63 / 39 51 67 / 66 -39 -51 / 38 50 -66 / 67 -38 -50 / 39 51 68 / 72 -39 -51 / 51 56 60 70 / 72 -51 -56 -60 / 39 51 70 / 75 -39 -51 / 51 56 60 68 / 71 -51 -56 -60 <END> 
<S> 39 51 61 67 70 / 63 75 -39 -51 / 51 55 61 -63 87 / 70 -51 -55 -61 / 39 51 73 / 66 -39 -51 / 51 55 61 70 / 67 71 -51 -55 -61 / 36 48 60 64 70 / 65 -36 -48 -60 -64 / 64 57 65 69 72 / 73 76 -57 -65 -65 / -73 -57 -65 -73 / 72 -57 -61 -65 / 56 56 65 74 / 77 -56 -56 -65 / 43 55 55 72 / 74 -43 -55 / 55 59 62 
<S> 0 45 57 65 -69 -77 / 0 68 -45 -57 -65 -74 -77 / 0 53 57 63 -68 -74 -77 / 0 50 65 72 77 / 74 -50 -65 -69 -77 / 53 57 62 -65 -69 -77 / 65 -53 -57 -62 -65 / 41 65 69 77 / 81 53 57 -65 -69 -77 -81 <END> 
<S> 48 69 77 / 76 -48 / 53 57 63 72 / 69 75 -53 -57 -63 / 41 -69 -75 / 67 70 -69 / 53 57 63 71 75 / 69 72 -53 -57 -63 / 46 58 70 / 73 -46 -58 / 53 58 62 74 / 70 -53 -58 -62 / 41 74 / 77 -41 / 53 58 62 70 / 74 -53 -58 -62 <END> 
<S> 46 70 74 / 76 -46 -65 / 53 58 62 77 / 70 -53 -58 -62 / 41 72 / 74 -41 / 53 58 62 70 / 65 -53 -58 -62 / 48 64 / 72 -48 / 52 55 60 -72 / 64 -52 -55 -60 / 43 55 65 / 69 -43 -55 / 39 51 70 / 72 -39 -51 <END> 
<S> 48 60 64 67 / 69 -48 -60 / 52 55 60 64 67 / 64 -52 -55 -60 / 52 64 76 / 50 -64 / 52 64 / 53 69 / 54 71 / 52 72 / 80 -52 / 50 62 71 / 68 77 -50 -59 / 50 62 -68 -71 / 71 80 -59 -62 <END> 
<S> 52 64 71 / 74 -52 -64 / 55 59 64 -74 / 36 48 64 72 <END> 
<S> -75 / 55 62 65 71 / 51 63 72 / 66 -51 -66 -72 / 54 60 -66 -66 -72 / 66 -66 -69 -66 <END> 
<S> 63 -67 -72 / 84 -63 -67 -72 / 55 60 64 66 72 76 / 72 78 -55 -60 -64 / 56 60 64 76 / 72 84 -51 -55 -60 / 47 59 71 76 80 / 74 -47 -59 / 46 58 76 / 76 -46 -58 <END> 
<S> 0 64 / 0 74 86 / 50 62 -74 -77 / 60 76 -50 -74 / 45 57 66 78 / 44 56 74 77 86 / 43 55 -74 -81 / 67 -43 -55 / 0 50 / 62 -50 74 / 48 55 70 72 <END> 
<S> 43 70 74 / 75 -43 -62 / 55 58 62 77 / 75 -55 -58 -62 / 46 74 / 79 -46 / 55 59 62 77 / 74 -55 -59 -62 / 48 68 / 72 -48 / 58 60 64 -72 / 79 -58 -60 -64 / 52 67 70 / 52 55 58 60 -70 / -76 -52 / 57 69 <END> 
<S> 48 60 70 / 72 -48 -60 / 56 60 64 -72 -76 / 66 72 84 -56 -60 -64 / 41 53 -72 -75 / 69 72 77 -41 -53 / 42 54 75 -69 -72 / 69 78 -42 -54 -69 / 41 53 -69 -75 / 69 77 -41 -53 -69 / 42 54 -69 -75 / 69 72 -42 -54 / 0 43 55 67 70 74 / 0 65 71 74 -43 -55 / 0 42 54 74 / 84 -42 -54 <END> 
<S> 0 41 53 69 77 / 0 54 -69 -72 -77 / 43 55 70 76 / 82 -43 -55 / 44 56 84 / 86 -56 -60 / 41 53 -84 / 77 84 -41 / 53 58 62 68 / 72 -53 -58 -62 / 46 -72 / 82 -46 / 53 58 62 77 / 77 -53 -58 -62 <END> 
<S> 46 58 74 77 82 / 58 62 77 -70 -74 -82 / 76 -58 -62 -70 -74 / 53 58 62 -70 -74 -82 / 46 70 74 82 / 58 62 68 -70 -74 -82 / 41 53 67 70 74 / 34 46 58 70 74 / 77 -34 -46 -58 / 41 53 70 77 / 72 -41 -53 -70 / 43 55 70 / 75 -43 -55 / 58 60 64 79 / 75 82 -60 -64 / 48 76 80 / 76 81 -48 / 79 -48 -76 / 47 59 74 
<S> 46 58 70 82 / 53 58 62 -70 -82 / 41 -70 -79 / 82 -41 -70 / 53 58 62 74 / 74 77 82 -53 -58 -62 / 51 72 -70 -82 / 72 75 -51 / 54 57 63 72 78 / 75 81 -54 -60 -63 / 41 -75 -75 / 69 81 -41 -41 / 53 57 63 -75 77 / 74 75 -53 -57 -63 <END> 
<S> 39 51 -70 -75 / 75 -39 -51 -70 / 39 51 70 72 75 / 41 53 70 74 / 34 46 70 82 / 0 70 / 46 74 / 82 -46 / 53 58 62 80 / 77 -53 -58 -62 / 41 -77 / 82 -41 / 53 58 62 70 / 74 -53 -58 -62 <END> 
<S> 46 58 -70 -77 / 74 -46 -58 / 44 56 75 / 77 -44 -56 / 43 55 70 / 73 -43 -55 / 41 53 74 / 80 -41 -53 / 40 52 68 80 / 72 -40 -52 -68 / 38 50 68 80 / 70 -38 -50 -68 / 39 51 68 72 / 70 73 -39 -51 / 39 51 56 72 72 / 70 74 -39 -51 -51 <END> 
<S> 39 51 67 70 / 72 -39 -51 -68 / 56 60 63 68 -72 / 70 -56 -58 -63 / 34 46 68 / 77 -34 -46 -68 / 39 51 -77 -68 / 75 -39 -51 -68 / 51 67 75 / 75 -51 -67 / 55 58 63 -67 -75 / 75 -55 -58 -63 -67 / 51 55 61 82 / 80 84 -51 -55 -61 <END> 
<S> 39 51 67 75 / 79 -39 -51 / 55 58 63 82 / 74 -55 -58 -63 / 46 58 75 / 67 -46 -58 / 55 58 63 70 / 73 -55 -58 -63 / 51 55 61 75 / 67 79 -55 -58 -61 / 39 51 66 78 / 75 -39 -51 / 38 50 70 82 / 82 -38 -50 -70 / 42 54 -70 -82 / 81 -42 -54 <END> 
<S> 39 51 70 82 / 72 -39 -51 / 41 -70 -82 / 72 -41 -70 / 43 55 70 / 72 -43 -55 / 39 51 -72 / 66 -39 -51 / 38 50 65 70 / 41 53 -65 -70 / 34 46 70 74 / 70 82 -46 / 53 58 62 -70 -82 / 77 -53 -58 -62 / 41 81 / 77 -41 / 53 58 62 72 / 70 -53 -58 -62 <END> 
<S> 37 49 65 70 73 / 53 56 61 68 73 / 73 -53 -56 -61 -65 / 44 56 72 77 80 / 56 53 65 68 72 77 / 41 53 72 77 80 / 56 60 65 68 -77 -80 / 37 49 65 72 77 80 -37 / 37 49 65 68 77 / 73 77 -37 -49 -65 <END> 
<S> 37 49 68 77 / 72 56 53 -68 -73 / 56 61 65 -68 -72 / 77 -56 -61 -65 / 37 49 68 / 80 -37 -49 / 56 61 65 77 / 76 -56 -61 -65 / 37 49 77 / 80 -37 -49 / 56 61 65 75 80 / 73 77 82 -56 -61 -65 / 44 56 65 77 89 89 / 41 53 68 80 77 <END> 
<S> 40 68 75 / 80 56 60 -68 -73 / 68 80 -56 -60 -68 / 44 56 -68 -80 / 77 -44 -56 / 39 51 75 79 / 82 -39 -51 / 55 58 63 -82 / 79 -55 -58 -63 / 46 58 75 / 79 -46 -58 / 55 58 63 82 / 75 -55 -58 -63 / 48 60 70 / 78 -48 -60 / 58 61 67 79 / 76 -58 -61 <END> 
<S> 46 58 70 / 73 79 -46 -58 / 51 55 61 73 85 / 85 -51 -55 -61 / 39 51 73 / 82 -39 -51 / 55 58 63 -82 / 85 -55 -58 -63 / 40 52 73 / 79 -40 -52 / 55 58 61 73 / 76 -55 -58 -61 / 43 55 82 / 86 -43 -55 / 55 58 63 84 / 75 -55 -58 -63 <END> 
<S> 0 43 55 / 70 82 -43 -55 / 55 58 62 67 79 / 70 81 82 -55 -58 -62 / 39 51 -70 -82 / 72 84 -51 -39 -51 / 40 52 70 74 86 / 41 53 68 72 75 84 / 53 58 62 68 72 77 80 / 70 74 77 82 -53 -58 -62 / 38 50 -70 -74 -77 -82 / 70 82 -38 -50 -76 -82 / 56 58 62 70 74 78 80 <END> 
<S> 41 53 -74 -77 -82 / 70 -41 -53 / 53 58 62 77 / 75 -53 -58 -62 / 41 68 70 / 69 -41 -65 / 53 58 62 67 70 / 74 -53 -58 -62 / 46 58 77 / 70 -46 -58 / 53 58 62 74 / 77 -53 -58 -62 / 41 53 70 / 74 -41 -53 / 39 51 -67 -70 / 70 -39 -51 <END> 
<S> 46 58 70 74 / 65 77 -46 -58 / 53 58 62 -65 -77 / 70 -53 -58 -62 / 41 65 74 / 53 58 62 -65 -74 / 64 77 -53 -58 -62 / 38 50 65 70 74 77 / 49 -65 -70 -74 -77 / 50 -65 -70 -74 -77 / 51 56 -70 -74 -77 / 43 55 70 77 / 41 53 70 74 <END> 
<S> 0 49 61 73 / 70 -49 -61 -64 / 55 58 61 65 -70 -73 / 77 -55 -61 -65 -70 / 43 55 70 75 / 79 -43 -55 -70 / 39 51 -70 -79 / 75 -39 -51 / 51 55 60 70 / 73 -51 -55 -60 / 39 51 72 / 67 -39 -51 / 51 55 60 63 / 67 -51 -55 -60 -63 <END> 
<S> 39 51 70 78 / 72 -39 -51 / 51 56 60 68 / 70 -51 -56 -60 / 41 53 72 / 68 -41 -53 / 53 56 61 68 / 65 -53 -56 -61 / 39 51 72 / 63 75 -39 -51 / 51 63 -63 -75 / 72 75 -51 -63 / 39 51 67 75 / 68 75 -39 -51 / 39 51 -68 -75 / 72 -39 -51 / 51 56 60 72 / 70 -51 -56 -60 <END> 
<S> 0 39 51 -67 / 75 79 -39 -51 / 55 58 63 70 82 / 70 82 -55 -58 -63 / 39 51 -70 -82 / 72 84 -39 -51 / 43 55 58 63 71 / 46 58 62 68 / 51 63 67 75 / 51 -63 -67 -75 / 46 -67 -75 / 51 55 63 63 71 <END> 
<S> 46 58 -67 -70 / 75 -46 -58 / 51 55 61 67 70 / 70 75 -43 -55 -61 / 46 58 -70 73 / 51 63 72 75 / 51 68 71 80 / 49 61 70 73 / 44 56 68 72 / 51 56 60 68 72 / 39 51 56 60 72 <END> 
<S> 44 56 68 72 / 65 77 -44 -56 / 51 56 60 66 72 / 70 73 -51 -56 -60 / 39 51 68 72 80 / 72 75 80 -51 / 51 56 60 -72 -75 / 72 77 -51 -56 -60 / 39 51 -72 -75 / 80 -39 -51 / 51 56 60 68 -80 / 72 -51 -56 -60 <END> 
<S> 44 56 72 / 74 -44 -56 / 51 56 60 72 / 77 -51 -56 -60 / 44 56 74 / 72 -44 -56 / 42 54 75 / 72 -42 -54 / 39 51 73 / 78 -39 -51 / 56 61 66 75 / 72 78 -55 -56 -61 / 45 57 72 78 / 57 60 66 -66 / 70 78 -57 -60 -66 <END> 
<S> 44 56 72 / 74 80 -44 -56 / 51 56 60 66 72 / 72 75 -51 -56 -60 -66 / 39 51 -72 -75 / 72 -39 -51 / 51 56 60 70 / 82 -51 -56 -60 / 44 56 72 / 80 -44 -56 / 51 56 60 -80 / 77 -51 -56 -60 / 39 51 75 / 72 -39 -51 <END> 
<S> 0 44 56 / 72 -44 -56 / 51 56 60 68 80 / 72 -51 -56 -60 / 39 51 75 / 65 77 -39 -51 / 51 56 60 -65 -77 / 72 -51 -56 -60 / 44 56 68 80 / 72 -44 -56 / 51 56 60 75 / 77 -51 -56 -60 / 39 51 -77 / 72 75 -39 -51 / 51 56 60 70 75 / 72 75 78 -56 -56 -60 <END> 
