<S> 53 65 / 65 77 / 61 73 / 62 74 / 60 72 / 58 70 / 50 62 / 51 63 / 52 64 <END> 
<S> 53 65 / 55 70 / 53 65 72 -53 / 50 62 -65 / 52 58 / 65 -52 / 53 69 / 72 -53 / 57 -72 / 63 72 / 46 74 / 75 -46 / 53 58 62 74 / 72 -53 -58 -62 <END> 
<S> 48 60 65 74 / 69 72 -48 -60 -65 / 48 60 -69 -72 / 68 72 -48 -60 / 51 56 60 -68 -72 / 67 70 -51 -56 -60 / 39 51 67 70 / 63 75 -39 -51 / 51 55 61 -63 -63 / 67 70 -51 -55 -61 / 39 51 -67 -70 / 70 -39 -51 / 55 58 63 67 73 / 75 -55 -58 -63 -67 <END> 
<S> 39 51 70 / 72 -39 -51 / 41 56 70 / 70 82 -41 -55 / 44 56 68 72 / 72 84 -44 -56 / 51 56 60 -72 -84 / 72 84 -51 -56 -60 / 44 56 -72 -84 / 72 77 -44 -56 / 51 56 60 73 -72 / 72 84 -51 -56 -60 / 39 51 -72 -75 / 80 -39 -51 / 51 56 60 70 82 / 72 75 -51 -56 -60 <END> 
<S> 44 56 72 75 / 72 80 -44 -56 / 51 56 60 68 80 / 72 75 78 -51 -56 -60 / 39 51 -75 -75 / 72 75 -39 -51 / 51 56 60 66 72 82 / 39 51 74 / 75 -39 -51 / 51 56 60 68 / 72 -51 -56 -60 / 39 51 75 / 68 80 -39 -51 / 51 56 61 70 82 / 68 80 -51 -56 -61 <END> 
<S> 39 51 72 78 84 / 56 60 66 73 83 / 70 78 82 -56 -60 -66 / 44 56 68 -78 -82 / 39 51 68 78 / 56 58 61 -68 / 70 73 78 82 / 44 56 -65 -70 -82 / 46 58 72 / 70 -46 -58 / 41 53 -70 -74 / 77 -41 -53 -70 / 58 62 68 -70 -74 / 74 -58 -62 -68 -70 / 39 51 72 78 / 74 56 58 70 / 75 82 -56 -58 -78 <END> 
<S> 46 58 70 74 82 / 67 70 73 -46 -58 / 39 51 -67 -70 -73 / 66 69 -39 -51 / 50 55 -66 70 / 72 -51 -55 -65 / 0 52 55 61 79 / 67 -52 -55 -61 / 39 51 66 / 64 70 -39 -51 / 38 50 -66 66 69 / 72 -38 -50 -66 / 51 56 60 66 72 <END> 
<S> 39 51 -67 -70 / 72 -39 -51 / 51 55 60 70 / 72 -51 -55 -60 / 43 55 70 / 75 -43 -55 / 41 53 68 / 75 -41 -53 / 39 51 66 75 / 51 60 63 69 77 / 68 71 -51 79 / -38 -60 -68 -71 / 63 72 75 84 / 60 63 66 -72 -75 / 63 66 -66 -72 -75 / 87 -66 -63 -66 -72 / 66 72 78 84 -66 <END> 
<S> 0 44 68 / 72 84 -44 -68 / 51 56 60 -68 -72 -80 / 72 80 -51 -56 -60 / 44 56 72 76 80 / 72 -44 -56 / 54 56 60 72 84 / 73 82 -56 -60 -63 / 44 56 72 75 80 / 72 75 -44 -56 / 51 56 60 -72 -75 / 71 77 -51 -56 -60 / 39 51 72 / 72 75 -39 -44 / 51 56 60 -72 -75 / 70 -51 -56 -60 <END> 
<S> 44 56 72 75 84 / 80 63 68 72 75 80 / 80 -63 -68 -72 -75 / 63 68 72 78 80 / 63 -63 -72 -75 / 46 -63 -68 -72 / 68 -46 -62 -68 / 51 63 67 72 / 68 71 -51 -63 / 51 67 72 75 -51 -63 / 68 71 75 80 / 51 -68 -71 -75 / 74 75 -50 / 53 68 75 / 51 70 79 / 40 52 68 80 <END> 
<S> 0 32 44 / 84 -32 -44 -65 / 0 56 61 65 68 80 / 73 77 -56 -61 -65 -68 / 44 56 -65 -77 -80 / 75 -44 -56 -65 / 39 51 75 79 / 44 56 68 80 / 39 51 68 80 / 0 44 56 / 0 39 51 / 0 44 56 / 0 -44 -56 / 0 56 60 / 68 -44 -56 -60 / 0 56 68 / 0 71 -56 <END> 
<S> 39 51 -67 -71 / 75 -39 -51 -67 / 35 47 32 68 71 75 / 0 54 60 63 -72 -75 / 48 59 -63 -67 -75 / 58 63 67 70 76 / 46 -67 -70 / 75 -46 -67 / 55 58 63 -67 -75 / 51 66 78 / 67 73 / 54 66 / 75 -54 -60 / <END> 
<S> 51 63 67 75 / 67 70 75 -51 / 46 58 63 67 72 75 / 74 82 -46 -58 / 51 56 61 -82 / 84 -51 -56 -61 / 37 49 82 / 75 -37 -49 / 53 56 61 77 / 80 -53 -56 -61 / 41 53 80 / 82 -41 -53 / 53 56 61 80 / 77 -53 -56 -61 <END> 
<S> 37 49 77 / 80 -37 -49 / 44 56 75 80 / 72 77 -44 -56 / 74 56 60 -68 -72 / 72 84 -56 -60 -62 / 39 51 -72 -84 / 82 -39 -51 / 60 63 83 -60 / 44 44 80 / 72 -44 -78 / 0 46 / 68 73 77 80 -46 / 0 58 75 -80 / 0 82 / 0 80 84 <END> 
<S> 44 56 72 78 / 71 77 -44 -56 / 51 56 60 72 75 / 68 72 -51 -56 -60 / 39 51 -72 -75 / 72 -39 -51 / 51 56 60 70 82 / 72 -51 -56 -60 / 51 56 60 68 / 72 -51 -56 -60 / 39 51 75 / 68 72 -39 -51 / 51 56 60 -68 -72 / 68 71 -51 -56 -60 <END> 
<S> 44 56 72 75 / 72 77 -44 -56 / 51 56 60 -72 -77 / 72 75 -51 -56 -60 / 39 51 -72 -75 / 77 -39 -51 / 51 56 60 70 82 / 72 68 -51 -56 -60 / 39 51 67 72 / 70 -51 -39 / 51 55 58 -70 / 70 82 -55 -58 -61 / 39 51 -70 / 80 -39 -51 / 51 55 60 70 / 72 -51 -55 -60 <END> 
<S> 39 51 70 / 72 -39 -51 / 41 53 70 / 71 -41 -53 / 43 55 70 / 72 -43 -55 / 45 57 70 / 67 -45 -57 / 46 58 70 / 65 74 -46 -58 / 53 58 62 -65 -74 / 70 -53 -58 -62 / 43 65 70 / 53 55 59 -65 -71 <END> 
<S> 46 58 74 / 70 -46 -58 / 53 58 62 67 / 79 -53 -58 -62 / 41 -79 / 77 -41 / 53 58 62 74 / 73 -53 -58 -62 / 46 77 / 79 -46 / 53 58 62 -77 / 82 -53 -58 -62 / 41 74 / 53 58 62 70 <END> 
<S> 50 77 / 79 -50 / 53 74 77 / 71 77 -53 -58 / 43 55 -71 -77 -79 / 76 -43 -55 / 41 53 77 / 67 79 -41 -53 / 43 55 -67 -79 / 79 -43 -55 / 41 53 67 72 / 74 -41 -53 / 39 51 67 75 / 34 46 65 74 77 <END> 
<S> 43 55 70 82 / 74 -43 -55 / 55 58 62 79 / 70 81 -55 -58 -62 / 46 58 -70 / 76 81 -46 -58 / 51 55 61 67 70 / 41 53 69 82 / 70 73 -41 -53 / 42 54 72 75 / 72 75 -42 -54 / 44 56 66 72 75 77 / 68 74 79 -37 -49 <END> 
<S> 37 49 61 65 70 73 / -61 -37 -49 -65 -70 / 38 50 78 -65 -70 / 77 -38 -50 -65 / 41 53 65 70 74 / 41 53 -65 -70 -74 / 39 51 -62 -65 -69 / 36 48 -69 -72 / 34 46 70 / 79 -34 -46 / 53 58 62 77 / 74 -53 -58 -62 / 41 -74 / 79 -41 / 53 58 62 67 / 74 -53 -58 -62 <END> 
<S> 62 65 70 74 / -62 -65 -70 / 74 -46 -62 -65 / 0 65 77 -46 / 0 79 -65 -62 / 0 65 77 / 0 -65 -77 / 0 65 68 / 0 62 65 <END> 
<S> 57 62 65 71 / 77 -57 -62 -65 / 56 62 65 74 / 56 -44 -62 -65 / 43 55 65 74 / 53 56 62 64 74 / 64 68 74 -53 -58 -62 <END> 
<S> 42 54 70 74 / 75 -42 -54 -70 / 58 61 64 -70 -73 / 70 -58 -61 -64 -70 / 58 64 70 -64 / 61 69 -43 -55 / 59 62 65 71 / 72 -55 -59 -62 / 57 60 65 69 / 81 -57 -60 -65 / 0 77 / 0 65 <END> 
<S> 52 57 60 88 / 56 -69 -72 -76 / 57 60 64 -69 -76 / 45 57 -69 -76 / 67 -45 -57 / 43 55 69 / 76 -43 -55 / 0 50 / 0 -50 / 0 67 74 / 0 66 75 <END> 
<S> 52 55 60 -62 -67 / 39 51 -60 -67 / 66 -39 -51 / 55 60 64 67 / 72 -55 -60 -64 / 55 76 -55 -58 / 67 79 -55 -58 -64 / 46 58 73 / 81 -46 -58 / 51 58 61 82 / 82 -51 -58 -61 / 40 52 -82 / 80 82 84 88 -41 -52 <END> 
<S> 0 46 67 / 0 48 53 58 62 74 / 0 82 -48 -53 / 0 56 62 65 77 / 68 72 -56 -59 -62 / 34 46 -68 -72 / 70 -34 -34 -68 / 47 53 68 73 / 39 51 70 -68 / 34 46 70 82 / 0 39 51 / 0 41 53 / 0 34 46 70 74 80 <END> 
<S> 0 46 -67 / 68 70 -46 / 51 56 58 61 67 / 70 82 -56 -58 -61 / 46 68 77 / 75 -46 -68 / 56 58 62 68 77 / 70 74 80 -56 -58 -62 / 51 63 72 75 78 / 70 75 79 -51 / 49 61 67 79 82 / 68 80 82 -55 -61 / 49 61 -68 -80 -82 / 38 56 68 80 <END> 
<S> 39 51 72 / 78 -39 -51 / 56 60 63 75 / 72 -56 -60 -63 / 39 51 70 / 72 -39 -51 / 39 51 66 / 72 -39 -51 / 51 56 60 70 / 68 -51 -56 -60 / 44 56 68 / 72 -44 -56 / 51 56 60 75 / 77 -51 -56 -60 / 39 51 70 / 75 -39 -51 / 51 56 60 68 / 70 -51 -56 -60 <END> 
<S> 39 51 75 / 70 73 -39 -51 / 51 63 72 75 / 70 82 -51 / 51 55 61 -70 / 67 75 -51 -55 -61 / 46 58 -67 -72 / 81 -46 -58 / 51 55 87 / 86 -51 / 51 63 79 84 / 46 58 80 / 75 82 -46 -58 / 0 55 -75 -81 / 0 80 / 0 79 82 <END> 
<S> 39 51 67 79 / 75 -39 -51 / 55 58 63 79 / 82 -55 -58 -63 / 39 51 82 / 81 -39 -51 / 52 58 61 70 / 72 -52 -58 -61 / 46 58 73 / 77 -46 -58 / 51 55 61 82 / 72 85 -51 -55 -61 / 39 51 70 82 / 75 -39 -51 / 55 58 63 79 / 70 82 -55 -58 -63 <END> 
<S> 39 51 -70 / 79 -39 -51 / 58 63 67 77 / 75 -58 -63 -67 / 43 55 70 / 71 -43 -55 / 42 54 72 / 73 -42 -54 / 41 53 70 / 75 87 -41 -53 / 53 58 61 67 79 / 70 73 77 -53 -58 -61 / 41 53 70 73 / 74 -41 -53 -70 / 39 51 -70 -70 -74 / 69 72 70 73 -36 -48 -58 -70 <END> 
<S> 41 53 70 74 / 82 -41 -53 -70 / 42 54 -70 -74 -82 / 81 -42 -70 -74 / 41 53 70 76 82 / 41 53 70 74 77 82 / 39 51 70 74 / 82 -39 -51 -70 -75 / 58 63 67 84 -82 / 75 87 -58 -63 -67 / 46 58 74 77 / 75 81 -46 -58 / 58 60 63 67 72 75 79 / 69 78 -58 -60 -63 / 36 48 -75 / 75 77 -36 -48 / 58 60 70 79 82 <END> 
<S> 39 51 70 82 / 75 -39 -51 / 58 63 67 79 / 70 82 -58 -63 -67 / 39 51 -70 -82 / 72 -39 -51 / 39 51 70 / 72 -39 -51 / 41 53 70 / 67 -41 -53 / 53 58 62 77 / 74 -53 -58 -62 / 41 -74 / 77 -41 / 53 58 62 72 / 70 -53 -58 -62 <END> 
<S> 34 46 70 74 77 / 53 58 62 -70 -74 -77 / 41 70 74 82 / 53 58 62 70 74 74 / 48 70 74 77 / 69 -48 -48 / 53 57 60 63 69 / 67 -53 -57 -60 -63 / 41 69 / 65 71 / 53 57 63 -65 -69 / 67 70 -53 -57 -63 <END> 
<S> 48 69 / 75 -48 / 53 57 63 74 79 / 72 -53 -57 -63 / 41 74 / 77 -41 / 53 57 63 75 / 72 -53 -57 -63 / 46 74 / 56 58 62 -74 / 46 58 68 / 77 -46 -58 / 51 58 61 73 / 75 -51 -58 -63 <END> 
<S> 46 58 74 / 79 -46 -58 / 53 58 62 -79 / 77 -53 -58 -62 / 41 -77 / 79 -41 / 53 58 62 77 / 74 -53 -58 -62 / 46 77 / 79 -46 / 53 58 62 -79 / 77 -53 -58 -62 / 41 74 / 53 58 70 <END> 
<S> 46 74 77 / 76 -46 -58 / 58 62 77 / 82 -58 -62 / 46 81 / 82 86 / 56 58 62 82 / 74 80 87 -58 -62 / 39 51 79 87 / 55 58 63 -79 / 77 82 -55 -58 -63 / 43 55 82 / 75 79 -43 -55 / 55 58 63 67 79 / 75 81 -55 -58 -63 -67 <END> 
<S> 46 58 -70 / 75 -46 -58 / 51 55 58 63 87 / 72 -51 -55 -58 -63 / 39 51 -72 / 75 -39 -51 / 58 63 67 70 / 75 -58 -63 -67 / 0 65 67 71 / 70 75 -65 -70 / 53 58 62 72 -70 -74 / 68 -53 -58 -62 / 58 62 65 67 74 / 74 -58 -62 -65 <END> 
<S> 39 51 -65 -70 / 70 -39 -51 / 41 53 67 72 / 67 -41 -53 -67 / 43 -67 -67 / 66 69 72 / 51 70 -69 / 67 70 76 -50 / 65 69 74 / 75 79 -65 / 53 65 77 81 / 67 70 79 -53 / 49 61 -67 -70 / 48 60 68 / 47 59 68 75 / 40 68 -68 80 <END> 
<S> 0 56 62 65 / 67 74 -56 -62 -62 / 53 56 62 -67 -74 / 68 72 -53 -56 -62 / 60 -68 -68 -72 / 71 -56 -60 -68 / 41 53 68 72 / 39 51 -68 -72 / 51 55 60 -68 -72 / 0 39 51 / 0 75 -39 -51 / 0 54 60 63 68 75 0 69 72 75 -51 -60 -63 / 45 67 72 76 / 72 76 -69 -72 / 55 60 64 67 -72 -76 / 69 81 -55 -60 -64 <END> 
<S> 0 40 52 -66 -72 / 63 -40 -72 -75 -83 / 51 56 60 -63 -67 -72 / 71 78 -60 -55 -60 -64 / 46 58 67 / 79 -46 -58 / 51 63 75 87 / 75 -51 -63 -75 / 0 39 51 / 75 -39 -51 / 55 58 63 70 / 72 -55 -58 -63 / 46 58 74 / 82 -46 -58 / 58 62 84 / 80 -58 -62 <END> 
<S> 39 51 75 -82 / 79 -39 -51 -75 / 55 58 63 -75 -79 / 46 -75 -79 / 43 55 63 -75 / 40 52 70 / 41 53 69 / 34 46 70 74 / 34 46 70 82 / 74 -34 -46 / 53 58 62 73 / 65 -53 -58 -62 / 41 -53 / -65 -82 / 41 53 -65 / 75 -41 -53 <END> 
<S> 46 58 70 74 / 53 58 62 -74 / 72 -53 -58 -62 / 41 70 / 53 58 62 / 46 58 70 74 / 53 57 62 72 / 77 -53 -57 -62 / 41 81 / 79 -41 / 53 57 62 -79 / 77 -53 -57 -62 <END> 
<S> 38 50 70 77 / 79 -38 -50 -70 / 53 58 62 -70 -79 / 74 -53 -58 -62 -70 / 46 77 / 79 -46 / 55 58 62 74 86 / 82 -53 -58 -62 / 50 62 -82 / 83 -50 -62 / 56 59 65 86 / 83 -56 -59 -65 <END> 
<S> 50 62 77 / 81 -50 -62 / 49 61 -81 / 82 -49 -61 / 45 57 85 / 72 84 -54 -57 -61 / 46 58 73 / 74 -38 -58 / 51 58 61 73 / 77 -51 -58 -61 / 39 51 74 / 75 -39 -51 / 51 55 61 70 / 72 -51 -55 -61 <END> 
<S> 39 51 -70 -82 / 75 -39 -51 / 55 58 63 72 / 75 -55 -58 -63 / 39 51 -75 / 77 -39 -51 / 51 55 58 73 / 72 -51 -55 -58 / 39 51 -72 / 75 -39 -51 / 51 56 60 70 / 72 -51 -51 -56 -60 / 44 56 68 / 72 -44 -56 <END> 
<S> 39 51 -67 -72 / 68 -39 -51 / 51 55 60 72 / 75 -51 -55 -60 / 55 58 63 75 / 79 -51 -55 -58 / 39 51 -79 / 82 -39 -51 / 41 53 75 / 82 -41 -53 / 43 55 75 / 84 -43 -55 / 45 57 82 / 77 -45 -57 / 58 61 65 75 / 77 -58 -61 -65 / 46 58 73 / 85 -46 -58 / 58 61 64 82 / 75 -58 -61 -64 <END> 
<S> 39 51 75 84 / 77 80 82 -39 -51 / 55 58 63 82 -84 / 75 84 -55 -58 -63 / 39 51 -79 -82 / 80 -39 -51 / 58 63 75 79 87 / 82 86 -39 87 -39 -51 / 0 40 52 75 79 84 / 0 82 -40 -52 / 0 39 51 72 84 / 0 82 -39 -51 <END> 
<S> 0 44 56 / 84 -44 -56 / 51 56 60 68 80 / 77 -51 -56 -60 / 39 51 75 / 72 77 -39 -51 / 51 56 60 -72 -77 / 70 76 -51 -56 -60 / 39 51 72 84 / 70 82 -39 -51 / 51 55 60 70 72 / 72 75 -51 -55 -61 / 39 51 -72 -75 / 70 74 -39 -51 / 39 51 72 75 / 70 73 77 <END> 
<S> 39 51 72 75 / 51 56 60 -72 -75 / 80 -51 -72 -75 / 39 51 -72 -75 / / 56 60 -72 -75 / 40 -68 -72 -75 / 73 80 -40 -52 / 53 56 61 80 / 70 -53 -56 -61 / 44 56 72 / 77 -44 -56 / 51 56 60 72 / 70 72 -51 -56 -60 / 39 51 68 / 72 -39 -51 / 51 56 60 70 / 72 -51 -56 -60 <END> 
<S> 0 44 56 / 72 80 -44 -56 / 42 54 75 78 / 72 -42 -54 -75 / 43 55 -70 -75 / 78 -43 -55 -70 -76 / 42 54 75 84 / 74 -42 -54 -70 -75 / 0 68 73 77 / 53 58 -68 -73 -77 / 50 -68 -73 -77 / 68 73 -50 / 51 63 75 / 68 77 -51 -63 / 51 63 72 75 79 / 67 75 -48 / 0 <END> 
<S> 32 44 68 71 77 / 72 77 -44 -44 / 51 56 60 -72 -77 / 72 77 -51 -56 -60 / 39 51 -72 -77 / 80 -39 -51 / 51 56 60 70 82 / 72 84 -51 -56 -60 / 39 51 -72 -75 -84 / 80 -39 -51 -75 / 51 56 60 75 80 / 77 -51 -56 -60 / 39 51 75 / 79 82 -39 -51 / 51 55 61 -75 -79 / 72 77 -51 -55 -61 / 39 51 -72 -77 / 75 -39 -51 
<S> 44 56 72 75 84 / 51 63 68 72 75 80 / 0 66 75 / 0 68 80 / 0 39 51 72 / 0 56 60 65 68 80 / 70 -56 -60 -65 / 39 51 68 / 80 -39 -51 / 56 58 61 68 / 70 -56 -58 -61 / 46 58 -70 / 44 56 -70 / 43 55 -70 / 42 54 70 / 82 -42 -54 <END> 
<S> 39 51 -68 -70 / 75 -39 -51 / 55 58 63 70 / 75 -55 -58 -63 / 39 51 -70 / 78 -39 -51 / 58 63 66 / 75 -58 -63 / 51 63 68 / 39 -51 -68 / 51 63 67 72 / 51 70 -63 / 0 39 51 / 51 63 -75 / 0 <END> 
<S> 39 51 -67 -70 / 75 -39 -51 / 0 55 60 / 63 -55 -60 / 48 60 61 / 67 -48 -60 / 47 59 68 / 67 -47 -59 / 48 60 69 / 68 -48 -60 / 53 60 63 69 / 72 -53 -60 -63 / 48 70 / 72 75 / 54 60 63 -72 / 68 -54 -60 -63 <END> 
<S> 48 60 65 69 / 67 -48 -60 -65 / 57 61 65 68 74 / 69 81 -41 -53 -65 -65 / 36 48 70 77 / 67 79 -36 -48 / 58 60 64 -67 -70 -79 / 69 72 77 -58 -60 -64 / 41 53 -72 -69 -77 / 57 -72 / 48 52 72 77 / 69 76 81 -48 -60 / <END> 
<S> 0 48 60 65 69 / 72 77 -36 -48 -60 -65 / 57 60 65 68 74 77 72 75 73 72 84 -42 -65 -72 / 41 53 72 80 84 / 70 74 77 82 -46 -54 / 41 53 -70 -74 -77 -82 / 46 70 74 79 82 / 41 53 65 -74 -77 -82 / 0 46 58 67 79 / 70 -46 -58 / 48 55 58 64 72 / 72 -48 -55 -58 -64 / 67 -48 -55 -58 -64 / 68 -48 -55 -58 -67 <END> 
<S> 34 46 58 82 / 65 74 -46 -58 / 53 58 62 -74 -65 / 65 -53 -58 -62 / 43 55 70 / 72 -43 -55 / 41 53 74 / 75 -41 -53 / 41 53 72 75 / 77 -41 -53 -41 / 42 54 75 81 / 72 -42 -54 / 39 51 69 72 77 / 40 68 71 83 / 42 54 75 87 <END> 
<S> 41 53 65 69 77 / 53 60 63 68 72 / 40 52 70 72 / 41 53 69 72 77 / 46 58 -69 -72 -77 / 41 53 74 / 77 -41 -53 / 43 55 58 -65 -74 / 74 -43 -55 -62 / 40 52 64 70 / 74 -34 -40 -52 / 44 56 68 72 / 74 58 62 68 <END> 
<S> 41 53 -65 -70 -74 -77 / 72 -41 -53 / 53 58 62 74 / 73 -53 -58 -62 / 46 58 74 / 77 -46 -58 / 56 58 62 82 / 72 84 -53 -58 -62 / 39 51 75 87 / 77 -39 -51 / 55 58 63 75 / 79 -55 -58 -63 / 40 52 82 / 80 -52 / 55 58 63 84 / 75 -55 -58 -63 <END> 
<S> 39 51 75 79 / 77 -39 -51 / 55 58 63 75 / 67 79 -55 -58 -63 / 43 55 -75 -79 / 72 -43 -55 / 45 57 70 / 67 -45 -57 / 46 58 -67 / 65 74 -46 -58 / 47 53 68 74 / 77 -47 -59 -68 / 46 58 67 72 77 / 70 74 -46 -58 / 53 55 58 -74 72 79 / 70 74 79 -53 -58 -62 / 43 55 -74 -79 / 73 77 -43 -55 / 47 53 74 77 79 <END> 
<S> 46 58 62 70 / 65 74 -46 -58 / 53 58 62 -65 -74 / 70 -53 -58 -62 / 43 55 67 74 / 44 55 59 67 75 / 47 53 67 / 74 -47 46 55 58 62 67 76 79 / 0 43 55 67 76 74 <END> 
<S> 0 46 70 / 74 -46 -58 / 53 58 62 68 / 73 -53 -58 -62 / 41 74 / 77 -41 / 53 58 62 -77 / 65 -53 -58 -62 / 48 64 / 72 -48 / 52 55 60 74 / 76 -52 -55 -60 / 43 55 64 / 71 -43 -55 / 52 55 60 64 / 69 -55 -60 -64 <END> 
<S> 0 52 64 76 / 0 81 -52 -64 / 0 57 60 65 -81 / 0 72 -57 -60 -65 / 48 60 64 76 / 81 -48 -60 -64 / 57 60 65 81 / 81 -57 -60 -65 / 0 43 -81 / 0 81 / 0 48 60 82 / 0 76 -48 -60 / 48 -76 -81 / 72 -48 84 / 45 57 74 77 / 76 79 -45 -57 <END> 
<S> 0 57 60 65 84 / 69 72 -57 -60 -65 -77 / 56 60 -65 -69 -72 / 74 -60 -56 -60 / 48 60 72 76 / 55 60 64 -72 -76 / 62 72 -55 -60 -64 / 55 60 64 -67 -72 / 81 -55 -60 -64 / 55 60 64 67 79 / 72 -55 -60 -64 / 0 76 / 0 72 <END> 
