<S> 51 63 / 60 72 / -60 -72 / 58 70 / 56 68 / 55 67 / 53 65 / 51 63 / 49 61 / 48 60 / 46 58 / 44 56 <END> 
<S> 55 64 / 70 -52 / 67 69 -52 / 68 -52 -67 / 50 69 -52 / 70 71 74 -38 -50 / 40 52 72 / 71 74 -40 -52 / 41 53 69 72 / 70 74 77 -53 -41 / 42 54 -70 -74 / 72 -42 -54 / 41 60 66 72 <END> 
<S> 0 53 / 62 74 / 56 58 62 72 / 77 -56 -58 -62 / 46 74 / 72 -46 / 56 58 62 -72 / 74 -56 -58 -62 / 0 39 51 / 75 87 -39 -51 / 55 58 63 67 70 75 / 67 75 -55 -58 -63 / 39 51 67 79 / 72 -39 -51 / 51 56 60 70 82 / 74 80 -51 -56 -60 <END> 
<S> 43 55 70 82 / 67 -43 -55 / 52 58 61 -67 / 70 -52 -58 -61 / 41 -70 -84 / 67 -41 -77 / 53 58 61 67 / 70 73 -53 -58 -61 / 0 48 70 / 41 53 63 69 72 75 / 43 55 64 72 76 / 45 57 66 72 84 / 41 53 69 -72 -81 <END> 
<S> 41 53 68 71 / 69 -41 -53 -68 / 38 50 70 77 / 76 -38 -50 -65 -69 / 36 48 68 76 / 60 64 67 70 76 / 52 64 67 72 / 66 70 74 -46 / -52 -64 -67 -72 / 67 72 76 79 / 66 69 -52 -67 -72 / 64 67 72 76 79 / 88 -67 -72 -76 / 65 72 71 84 / 76 88 -65 -65 <END> 
<S> 38 50 65 68 / 70 -38 -50 / 53 56 59 -65 -70 / 68 -53 -59 -65 / 43 55 70 / 78 -43 -55 / 47 59 67 / 79 -47 -59 / 48 64 67 75 79 / 53 60 63 69 72 / 40 52 67 72 / 79 -40 -52 / 55 60 64 67 / 69 -55 -60 -64 <END> 
<S> 48 60 -67 -72 / 72 -48 -60 -64 / 52 67 76 79 / 70 76 79 / -52 / 64 76 / 48 70 77 80 / 47 59 68 80 / 73 -47 -59 -68 / 51 55 61 -68 -73 / 75 -51 -55 -61 -68 / 39 51 67 72 75 / 70 73 -39 -51 / 51 55 61 70 / 70 73 -51 -55 -61 <END> 
<S> 39 51 72 75 78 / 56 60 66 71 80 / 70 72 78 82 -56 -58 -60 -66 / 39 51 -72 -78 -82 / 72 -39 -51 / 40 52 70 82 / 72 84 -52 -70 / 41 53 69 72 77 / 56 60 68 72 75 84 / 77 -72 89 -60 -62 / 51 56 60 68 80 / 72 84 -51 -56 -60 <END> 
<S> 0 53 45 57 77 81 / 0 60 72 77 84 -77 / 0 53 72 77 81 86 / 56 60 65 72 79 84 / 77 80 -65 -72 -77 / 44 56 68 80 / 72 77 -44 -56 / 39 51 -72 -77 / 80 -39 -51 / 51 56 60 82 / 82 -51 -56 -60 / 44 56 80 / 72 -44 -56 / 45 60 72 / 77 -45 -60 <END> 
<S> 44 56 -72 -75 -84 / 72 -44 -56 -72 / 43 55 -72 / 72 75 84 -51 / 0 -72 -75 / 72 75 80 / 0 72 78 / 0 75 81 / 0 66 72 75 84 / 0 72 / 0 72 76 84 / 0 66 75 / 0 67 72 / 0 74 86 / 0 82 / 0 81 <END> 
<S> 0 45 57 72 78 84 / 0 43 55 72 76 79 / 0 55 60 64 72 76 / 0 67 75 -55 -60 -64 / 0 48 -60 -67 / 67 72 -48 -60 -64 / 0 60 67 76 / 0 72 / 0 76 79 / 0 77 86 <END> 
<S> 0 60 64 / 0 62 -60 -64 / 0 63 69 / 0 64 / 0 63 66 / 0 66 / 0 60 72 / 0 / 63 68 / 44 56 68 / 60 72 -68 -56 / -60 -68 -72 / 72 84 -45 / <END> 
<S> 0 63 69 / 68 71 -48 -63 / 0 52 55 60 72 / 0 76 / 0 -55 -60 / 0 52 64 / 67 -52 -64 / 50 62 -64 -67 / 64 76 -52 -62 / 47 59 62 69 / 74 -47 -59 -68 / 45 57 72 76 / 84 -45 -57 -72 / 55 60 64 76 / 79 -55 -60 -64 <END> 
<S> 0 36 48 64 68 76 / 0 72 -48 -64 / 0 52 64 72 76 / 0 79 -52 -64 / 0 76 / 0 77 / 0 71 / 0 69 72 / 0 59 65 68 74 77 / 72 75 78 -44 -56 -62 -65 <END> 
<S> 57 60 65 69 / 72 -57 -60 -65 -69 / 53 65 74 77 / 0 68 -53 / 53 56 68 / 72 -53 -56 / 53 74 / -53 -53 / 69 -53 / 72 -53 / 68 74 -53 / 68 -53 -56 <END> 
<S> 53 56 61 -65 / 70 82 -56 -53 -56 / 53 56 61 77 / 65 -53 -56 -77 / 44 56 72 / 65 -44 -56 / 42 54 73 / 68 -42 -54 / 41 53 69 / 68 -41 -53 / 40 52 68 / 72 -40 -52 / 39 51 72 75 / 67 73 77 -39 -51 <END> 
<S> 41 53 65 68 / 69 -41 -53 -65 / 40 -41 70 / 72 -36 -36 -48 / 58 60 64 72 / 66 -58 -60 -64 / 48 64 79 / 67 -48 -64 / 52 60 64 72 / 64 -52 -55 -60 / 43 55 -64 / 67 -43 -55 / 45 52 64 72 / 43 -45 / 71 -43 <END> 
<S> 48 60 64 70 / 72 -48 -60 -64 / 55 60 64 76 / 67 -55 -60 -64 / 0 49 61 / 67 70 -51 -55 -61 / 50 56 62 68 71 / 74 -50 -56 -62 -65 / 43 55 75 -74 / 67 71 76 79 -43 -55 / 52 55 59 -67 -71 -74 -79 / 72 76 -43 -55 -55 / 43 55 76 -71 / 75 -43 -55 / 44 56 68 71 / 51 56 59 65 <END> 
<S> 43 71 71 74 79 / 69 74 81 -43 / 55 59 65 67 71 74 83 / 31 43 67 71 74 79 / 55 59 65 78 -71 -74 / 48 76 79 / 55 60 64 -79 / 76 81 -55 -60 -64 / 36 48 -81 / 81 -36 -48 / 55 60 64 -81 / 72 -55 -60 -64 <END> 
<S> 43 55 76 71 / 72 76 -43 -55 / 45 55 60 72 76 79 / 69 78 81 -55 -60 -64 / 48 67 76 79 / 72 76 79 -36 -48 / 55 60 64 72 76 81 / 76 79 88 -55 -60 -64 / 40 52 -76 -79 -88 / 67 -40 -52 / 55 60 64 67 72 / 79 -55 -60 -64 -67 / 0 69 / 49 71 79 / 53 57 59 -70 -79 / 50 -53 -71 -79 / 74 -50 -50 -53 / 0 45 / 75 
<S> 48 60 -72 -76 -79 / 72 76 79 -48 -60 / 36 48 -72 -76 -79 / 78 -36 -48 / 38 50 72 76 79 / 78 82 -38 -50 / 54 60 62 -82 -77 / 72 78 82 -54 -60 -62 / 51 56 60 -72 -78 -82 / 56 60 66 75 78 82 -66 42 54 78 -78 / 0 54 72 78 84 / 0 75 -42 -54 -75 <END> 
<S> 51 56 60 72 85 / 71 74 82 -51 -56 -60 / 72 78 -54 -41 / 81 86 86 84 / 48 60 81 / 80 84 -51 -76 / 41 53 73 85 -84 / 74 -41 -53 -80 / 50 62 -74 -82 / 72 77 -50 -62 / 43 55 74 / 82 -43 -55 / 58 62 84 / 80 -58 -62 <END> 
<S> 46 58 74 82 / 44 56 74 77 / 45 57 -74 -77 / 46 58 -74 -77 / 73 79 -46 -58 / 44 56 77 89 / 56 58 -44 -77 / 41 53 75 / 39 51 75 / 55 58 63 -75 / 79 -55 -58 -63 / 46 -79 / 82 -46 / 58 62 68 80 / 80 -58 -62 -68 <END> 
<S> 0 46 58 74 / 73 -46 -58 / 51 55 61 62 77 / 70 82 -55 -58 -61 / 39 51 70 82 / 72 84 -39 -51 / 51 56 61 -87 / 85 87 -51 -55 -61 41 41 53 77 82 / 53 58 62 73 / 74 77 80 -53 -58 -62 / 50 62 -74 -80 -82 / 65 82 -38 -50 / 50 53 -71 -77 -83 / 81 -50 -53 -50 / 54 57 62 72 78 / 74 81 -57 -57 -62 <END> 
<S> 41 53 70 74 82 / 53 -70 -82 / 46 58 70 74 / 41 53 -70 -74 / 39 51 70 / 41 53 70 / 34 46 70 / 77 -34 -46 / 39 51 75 / 41 53 82 / 34 46 70 82 / 46 70 82 / 34 46 82 / 70 -34 -46 / 41 53 -70 / 65 -41 -53 / 0 43 55 70 / 82 -43 -55 / 55 58 62 81 / 82 81 -55 -58 -62 <END> 
<S> 46 58 70 82 / 70 73 82 -46 -58 / 53 58 62 -70 -74 -82 / 65 70 74 77 -58 -62 / 46 58 -65 -70 -74 -77 / 48 60 -65 -70 -74 -77 / 41 53 -65 -70 -74 -77 / 46 58 -65 -70 -74 -77 / 48 60 -65 -70 -74 -77 / -48 -60 -65 -70 -77 / 41 53 65 74 77 / 43 55 76 65 77 <END> 
<S> 41 53 -65 -69 -77 / 43 55 -65 -77 / 45 57 -65 / 46 58 / 0 79 / 0 77 / 0 66 75 / 0 67 72 75 / 0 58 60 64 67 70 / 0 52 -60 -64 -67 / 0 41 53 69 / 43 71 <END> 
<S> 39 51 72 / 74 -39 -51 / 56 58 63 72 / 75 -56 -58 -63 / 46 58 70 / 82 -46 -58 / 55 58 63 82 / 75 -55 -58 -63 / 46 58 70 82 / 82 -46 -58 / 55 58 63 87 / 79 -55 -58 -63 / 34 46 74 / 82 -46 -58 / 38 50 -74 / 77 -38 -50 <END> 
<S> 39 51 -70 -82 / 75 80 -39 -51 / 55 58 63 72 84 / 70 82 -55 -58 -63 / 43 55 -70 -82 / 76 -43 -55 / 58 63 67 79 / 75 -58 -63 -67 / 45 57 72 / 84 -45 -57 / 57 60 65 81 / 74 -57 -60 -65 / 41 53 -74 / 74 86 -41 -53 / 56 60 65 68 72 80 84 / 69 81 -56 -60 -65 / 43 55 72 76 80 / 71 77 -43 -55 / 55 60 64 72 79 
<S> 44 56 68 72 / 75 -44 -56 -65 -72 / 43 55 72 76 / 79 -43 -55 -72 / 48 60 64 72 / 46 58 70 82 / 53 58 62 -70 -82 / 41 53 70 74 82 / 34 46 -70 -74 -82 / 70 75 -34 -46 / 53 58 63 67 73 / 70 74 -53 -58 -63 / 46 58 -70 -74 / 79 -46 -58 -70 / 44 56 77 82 89 <END> 
<S> 46 58 70 74 82 / 70 74 82 -46 -58 / 53 58 62 -70 -74 -82 / 70 74 -53 -58 -62 / 43 -70 -74 / 76 -43 / 55 59 62 77 / 74 -55 -59 -62 / 50 67 71 76 / 65 71 74 -50 / 55 59 -65 -71 -74 / 74 -55 -59 -65 / 38 50 76 / 67 -38 -50 <END> 
<S> 58 62 67 71 74 / 70 74 -58 -62 / 46 58 62 67 -74 / 70 74 -58 -62 -70 / 43 55 67 -70 -74 / 0 43 55 -67 -71 -76 / 0 45 57 72 76 79 / 48 60 76 81 79 / -72 -76 -81 -84 / 0 -72 -76 -84 / 0 43 55 -76 -84 / 0 55 60 64 -76 -84 <END> 
<S> 0 / 60 64 69 72 81 / 61 76 -69 -72 -76 / 45 57 66 72 74 / 38 -66 -72 -75 / 57 60 -66 -74 / 54 72 62 74 78 / 55 72 78 54 -74 -78 / 0 47 62 74 79 84 / 0 80 <END> 
<S> 0 50 62 74 77 84 / 0 74 -44 -44 -74 / 0 53 56 59 62 -74 / 0 76 -53 -59 -62 / 56 60 62 68 80 / 77 -56 -60 -62 -65 / 44 56 75 82 / 72 -44 -56 -75 / 43 55 71 80 / 75 79 -43 -55 / 44 56 77 80 86 / 51 56 60 77 80 / 72 75 78 -51 -56 -60 / 39 51 -75 -85 / 72 84 -39 -51 <END> 
<S> 44 56 72 75 84 / 51 56 60 72 80 / 72 77 84 -51 -56 -60 / 44 56 -72 -84 / 71 74 -44 -56 / 42 54 72 75 / 80 -42 -54 / 51 55 58 82 / 75 79 -51 -55 -60 / 55 58 -75 -82 / 75 79 -55 -58 -63 / 51 55 70 82 / 75 79 -51 -55 / 51 54 -70 -73 -82 / 84 -42 -54 -70 -73 <END> 
<S> 43 55 70 82 / 75 -43 -55 / 58 63 70 79 / 72 -58 -63 -67 / 43 55 -70 / 75 -43 -55 / 58 63 67 / 70 -58 -63 / 44 56 68 72 / 51 56 60 -68 -72 / 39 51 72 78 / 44 56 70 72 / 34 46 70 74 77 / 39 51 -70 -82 / 41 53 -68 80 / 39 51 68 75 78 <END> 
<S> 39 51 67 72 75 / 74 56 82 86 -39 -51 / 58 61 73 85 / 70 82 -58 -51 / 51 -82 -70 / 72 80 -51 / 51 56 60 75 / 72 75 -51 -56 -60 / 0 46 68 / 0 72 84 -46 0 / 0 51 56 60 70 87 / 0 50 67 72 84 -51 / 51 63 69 72 75 84 <END> 
<S> 39 51 -67 -72 -75 / 68 -51 -39 -51 / 51 55 60 72 87 / -51 -55 -72 -75 / 44 56 -72 -75 / 34 46 -72 -75 / 77 -34 -46 / 51 56 61 73 77 / 80 -51 -56 -61 / 51 56 61 77 / 80 82 -51 -56 -61 / 39 51 -79 -82 / 77 -39 -51 / 51 56 61 75 / 82 -51 -56 -55 <END> 
<S> 44 56 72 75 / 80 -44 -56 -72 / 51 56 60 68 72 / 70 73 -51 -56 -60 / 39 51 72 75 / 72 77 80 / 51 56 60 71 75 / 37 75 82 / 64 71 75 / -82 -68 -71 / 68 71 80 / 80 -51 -68 -71 / 63 68 72 84 / 80 -63 -68 -72 / 63 68 71 83 / 83 -63 -68 -71 / 63 68 71 83 / 80 -68 -71 -68 / 66 68 72 80 / 82 -68 -68 -72 / 64 
<S> 63 68 71 75 90 / 80 84 -68 -71 / 63 67 71 75 79 / 68 80 -51 -63 / 60 63 68 82 / 80 -60 -63 -68 / 0 68 80 89 / 0 82 -68 / 0 83 -80 -68 0 / 0 75 78 / 80 -42 -54 / 56 60 62 80 / 80 82 86 / 78 -56 -56 -58 -62 <END> 
<S> 44 56 68 71 77 80 / 56 68 74 -68 -44 -80 / 51 56 60 72 78 / 84 -51 -56 -60 -72 -78 / 44 56 72 77 80 / 56 60 65 68 -72 -77 -80 / 41 53 72 77 80 84 / 43 -44 71 77 80 83 / 44 56 77 80 -71 -77 <END> 
<S> 41 53 68 / 72 75 84 -41 -53 / 44 56 -72 -75 -80 / 72 77 -44 -56 / 43 55 74 77 82 / 78 84 87 81 / 86 -43 -55 / -81 -80 -86 / 82 87 / 84 -43 / 58 62 82 88 / 76 79 86 -58 -62 / 41 -74 -79 -80 / 73 77 81 -41 / 53 58 62 72 76 80 46 74 77 82 -53 -58 -62 / 51 75 79 87 / 55 58 63 75 87 / 67 70 79 82 -55 -63 
<S> 43 55 70 82 / 75 -43 -55 / 58 60 64 79 / 70 82 -58 -60 -64 / 43 -70 -82 / 76 79 -43 / 58 60 64 -76 -79 / 45 57 -60 / 66 -45 -57 / 57 60 65 -45 -57 / 61 73 -57 -61 -65 / 57 61 65 77 / 81 -57 -61 -65 / 57 62 65 -77 -81 / 81 -57 -62 -65 / 57 62 65 74 -81 / 72 84 -57 -62 -65 / 57 65 65 74 86 / 72 84 -57 
<S> 41 53 69 81 / 81 -41 -53 / 57 60 65 77 81 84 / 69 81 -41 -57 -60 -65 / 48 53 76 -69 -81 / 77 -48 86 -48 / 57 60 65 69 74 77 <END> 
<S> 53 69 / 81 -53 / 57 62 77 81 / 74 86 -57 -62 / 53 -74 -86 / 81 -53 / 57 62 74 86 / 81 -53 -57 -62 / 41 53 68 74 / 81 -41 -53 / 53 58 62 77 / 79 -53 -58 -62 <END> 
<S> 50 74 77 81 / 69 73 79 -50 / 55 59 65 74 77 / 71 74 79 -41 -55 -59 / 43 55 -71 -74 -79 / 55 -79 -43 -55 / 41 53 74 / 65 77 -41 -53 / 79 -50 -53 -65 / 0 -79 -81 / 0 48 60 72 76 <END> 
<S> 50 62 77 / 65 -50 -62 / 53 63 65 67 / 67 -53 -63 -67 / 58 -67 70 -67 / 72 -46 -58 -67 / 46 58 74 / 75 -46 -58 / 51 55 58 63 75 / 34 46 68 74 / 39 51 -68 -74 / 0 39 51 / 0 44 56 <END> 
<S> 46 70 75 / 79 -46 -70 / 51 55 58 63 -79 / 73 77 -55 -58 -63 / 51 63 75 / 72 -51 -63 / 43 55 70 75 / 41 53 72 75 80 / 46 58 70 74 / 82 -46 -58 / 58 62 67 79 / 77 -58 -62 -68 / 46 74 79 / 82 -46 / 58 62 82 86 / 83 -46 -58 -62 <END> 
<S> 34 46 82 / 80 -34 -46 / 53 58 62 77 / 79 -53 -58 -62 / 41 -79 / 77 -41 / 53 58 62 70 / 67 -53 -58 -62 / 46 -67 / 70 -46 / 53 58 62 72 / 74 -53 -58 -62 / 46 58 -74 / 77 -46 -58 / 58 62 68 74 <END> 
<S> 46 58 74 / 73 -46 -58 / 53 58 62 74 / 75 -53 -58 -62 / 50 77 / 76 -50 / 53 58 62 77 -65 / 77 -53 -58 -62 / 41 77 / 53 58 62 65 -77 / 45 57 74 / 77 -45 -57 / 53 57 63 75 79 / 69 81 -53 -57 -63 <END> 
<S> 41 53 69 72 77 / 45 -69 71 79 / 0 43 55 / 0 48 60 / 0 55 58 62 / 0 65 -55 -58 -62 / 0 63 / -53 -63 / 58 63 70 / 79 -58 -63 / 46 58 68 / 75 -46 -58 -70 / 53 58 68 80 / 72 -53 -58 -63 / 49 65 77 / 68 -49 -61 <END> 
<S> 39 51 70 82 / 75 -39 -51 / 55 58 63 70 / 75 -55 -58 -63 / 46 58 77 / 82 -46 -58 / 55 58 63 -82 / 75 -55 -58 -63 / 0 51 70 / 82 -51 -70 / 55 58 63 82 / 84 -55 -58 -63 / 39 51 82 / 82 -39 -51 / 43 55 58 -82 / 77 85 -43 -55 -58 / 58 61 65 75 83 82 / 75 84 -55 -58 -61 <END> 
<S> 0 53 55 82 / 79 82 -53 -55 / 58 62 68 72 80 / 80 84 -58 -62 -68 -72 / -80 -68 -72 -80 / 80 87 -38 -50 / 58 62 68 80 / 78 82 -58 -62 -68 / 46 58 -80 / 78 -46 -58 / 56 58 62 82 / 75 87 -56 -58 -62 / 46 74 77 / 58 62 68 -68 -77 / 0 68 80 / 0 70 82 / 0 76 79 / 0 56 58 63 72 75 80 <END> 
<S> 46 58 75 79 82 / 77 81 -46 -58 / 55 58 63 -81 -82 / 73 81 -55 -58 -63 / 39 51 -75 -79 / 78 82 -39 -51 / 40 52 73 85 / 42 54 70 82 / 81 -42 -54 -70 / 41 53 70 80 / 85 -41 -53 -70 / 40 52 67 76 / 79 -40 -52 / 55 61 64 / 76 -55 -55 -61 <END> 
<S> 46 58 82 / 70 73 82 -46 -58 / 58 62 66 -70 -82 / 70 -58 -62 / 43 -70 / 76 -43 / 58 62 67 79 / 77 -58 -62 / 46 74 / 77 -46 / 56 58 62 74 / 75 -56 -58 -62 / 51 -75 -77 / 72 75 -51 / 55 63 75 79 82 <END> 
<S> 46 58 74 / 79 -46 -58 / 53 58 62 77 / 74 -53 -58 -62 / 50 -74 / 73 -50 / 53 58 62 77 / 74 -53 -58 -62 / 46 74 / 86 -46 / 53 58 62 84 / 77 -53 -58 -62 / 48 60 72 / 75 -48 -60 / 55 58 63 74 / 72 -55 -58 -63 <END> 
<S> 46 58 70 74 / 82 -46 -58 -70 / 53 58 62 -70 -82 / 65 -53 -58 -62 -70 / 41 -65 -70 / 65 72 -65 -70 / 46 58 -65 -70 / 67 74 -58 -62 / 47 65 68 77 / 74 -65 -68 / 53 77 -68 -68 / 65 68 -53 -53 / 48 49 -65 -69 / 68 -37 -49 -65 / 48 56 61 65 -65 <END> 
<S> 52 58 62 65 / 70 -46 -58 -62 / 53 58 62 65 / 65 77 -53 -58 -62 / 50 -65 -77 / 70 -50 -65 / 53 58 62 68 / 73 -53 -58 -62 / 51 63 65 / 72 -51 -63 / 53 56 73 75 / 74 77 80 -53 -56 <END> 
<S> 46 58 62 68 / 70 -46 -58 -62 / 53 56 62 68 -65 / 70 -53 -56 -62 -62 / 38 50 67 70 79 / 39 51 -67 -70 -75 / 36 55 -67 -70 -75 / 75 -39 -51 -55 / 44 56 70 82 / 72 -44 -56 / 37 49 73 / 80 -37 -49 / 49 61 70 82 / 75 80 -49 -61 <END> 
<S> 39 51 67 75 / 51 63 -67 -75 / 87 -51 -63 -75 / 46 58 67 75 / 77 86 -46 -58 / 51 63 75 87 / 75 87 -63 / 52 56 68 80 / 72 80 84 -56 -60 / 37 49 -72 -84 / 77 80 -32 -68 / 50 56 68 72 76 <END> 
<S> 44 56 72 77 80 / 56 60 65 68 -72 -77 -84 / 70 72 78 82 -56 -60 -66 / 39 51 -70 -72 -82 / 72 -39 -51 / 41 53 70 82 / 34 46 70 74 82 / 34 46 70 73 74 82 / 39 51 68 72 75 / 0 40 -68 -72 -75 / 0 <END> 
<S> 39 51 -70 -82 / 82 -39 -51 / 55 58 63 70 / 72 -55 -58 -63 / 39 51 -72 / 78 -39 -51 / 54 58 60 70 / 72 -54 -58 -60 / 51 -67 -72 / 72 -51 -67 / 52 55 60 70 / 67 71 -55 -60 / <END> 
<S> 0 47 / 71 75 / 54 57 60 63 72 / 75 -54 -57 -60 -63 / 0 75 / 87 -63 -63 / 51 63 69 81 / 77 -51 -63 -69 / 0 75 / 0 68 / 36 48 63 75 / 68 -36 -48 -63 -75 / 0 56 68 72 80 / 0 76 79 87 / 0 78 80 <END> 
<S> 0 53 57 60 65 / 0 56 58 62 68 / 64 57 65 69 / 0 45 57 -65 -69 / 0 52 55 -65 -69 -72 / 0 50 57 65 / 0 74 / 31 43 74 71 77 79 / 44 76 88 <END> 
<S> 41 53 60 65 69 / 33 45 68 72 / 51 56 60 -67 -72 / 43 55 72 76 / 76 -43 -55 / 52 55 60 -76 / 72 76 -55 -60 -64 / 43 67 76 / 75 -43 -67 / 52 55 60 -67 -76 / 68 71 -55 -60 -64 <END> 
<S> 0 48 60 72 76 84 / 0 67 72 -48 -60 -64 / 0 43 55 64 67 72 76 / 0 60 -43 -64 -67 -72 -76 / 52 55 60 72 -64 -67 -72 / 71 -52 -55 -60 -64 / 47 59 65 71 / 67 71 74 -43 -55 / 35 47 65 -67 -71 -74 / 67 -47 -67 -71 / 48 60 -67 69 / 46 58 -67 -67 / 0 67 -46 -58 <END> 
