<S> 0.5 1 0.5 0.5 1 <END> 
<S> 0.5 0.25 0.25 0.5 0.25 0.25 0.25 0.25 0.5 0.5 <END> 
<S> 0.25 0.25 0.25 0.25 0.25 0.25 0.25 0.25 0.25 0.25 0.5 0.5 0.25 <END> 
<S> 0.25 0.25 0.25 0.25 0.25 0.25 0.25 0.25 0.25 0.25 0.5 0.5 <END> 
<S> 0.25 0.25 0.25 0.25 0.5 0.5 0.5 0.5 0.25 0.25 0.25 <END> 
<S> 0.5 0.25 0.25 0.25 0.25 0.5 0.5 0.5 0.5 <END> 
<S> 0.25 0.25 0.25 0.25 0.25 0.25 0.5 0.5 0.25 0.25 0.25 0.25 0.25 <END> 
<S> 0.25 0.25 0.25 0.25 0.25 0.25 0.25 0.25 0.25 0.25 0.5 0.5 <END> 
<S> 0.25 0.25 0.25 0.25 0.25 0.25 0.25 0.25 0.25 0.25 0.25 0.25 0.25 0.25 0.25 <END> 
<S> 0.25 0.25 0.25 0.25 0.25 0.25 0.25 0.25 0.25 0.25 0.5 0.5 0.25 <END> 
<S> 0.25 0.25 0.25 0.25 0.25 0.25 0.25 0.25 0.5 0.5 0.5 <END> 
<S> 0.25 0.25 0.25 0.25 0.25 0.25 0.25 0.25 0.25 0.25 0.25 0.25 0.25 0.25 0.25 <END> 
<S> 0.25 0.25 0.25 0.25 0.25 0.25 0.25 0.25 0.25 0.25 0.5 0.5 <END> 
<S> 0.25 0.25 0.25 0.25 0.25 0.25 0.25 0.25 0.5 0.5 0.5 <END> 
<S> 0.25 0.25 0.25 0.25 0.25 0.25 0.25 0.25 0.25 0.25 0.5 0.25 0.25 0.25 <END> 
<S> 0.5 0.25 0.25 0.5 0.25 0.25 0.25 0.25 0.25 0.25 0.25 0.25 <END> 
<S> 0.25 0.25 0.25 0.25 0.25 0.25 0.5 0.5 0.25 0.25 0.25 0.25 0.25 <END> 
<S> 0.25 0.25 0.25 0.25 0.25 0.25 0.25 0.25 0.25 0.25 0.25 0.25 0.25 0.25 0.25 <END> 
<S> 0.25 0.25 0.25 0.25 0.5 0.5 0.5 0.25 0.25 0.25 0.25 0.25 <END> 
<S> 0.5 0.25 0.25 0.25 0.25 0.25 0.25 0.5 0.25 0.25 0.25 0.25 0.25 <END> 
<S> 0.25 0.25 0.25 0.25 0.25 0.25 0.25 0.25 0.25 0.25 0.25 0.25 0.25 0.25 0.25 <END> 
<S> 0.25 0.25 0.25 0.25 0.25 0.25 0.25 0.25 0.25 0.25 0.25 0.25 0.5 0.25 <END> 
<S> 0.5 0.25 0.25 0.25 0.25 0.25 0.25 0.25 0.25 0.25 0.25 0.25 0.25 0.25 <END> 
<S> 0.25 0.25 0.25 0.25 0.25 0.25 0.25 0.25 0.25 0.25 0.25 0.25 0.5 0.25 <END> 
<S> 0.25 0.25 0.25 0.25 0.25 0.25 0.25 0.25 0.25 0.25 0.25 0.25 0.25 0.25 0.25 <END> 
<S> 0.25 0.25 0.25 0.25 0.25 0.25 0.25 0.25 0.25 0.25 0.25 0.25 0.25 0.25 0.25 <END> 
<S> 0.25 0.25 0.5 0.25 0.25 0.25 0.25 0.25 0.25 0.25 0.25 0.25 0.25 0.25 <END> 
<S> 0.5 0.25 0.25 0.25 0.25 0.25 0.25 0.5 0.25 0.25 0.5 0.25 0.25 <END> 
<S> 0.25 0.25 0.25 0.25 0.25 0.25 0.25 0.25 0.25 0.25 0.5 0.25 0.25 0.25 <END> 
<S> 0.5 0.25 0.25 0.25 0.25 0.25 0.25 0.25 0.25 0.25 0.25 0.25 0.25 0.25 <END> 
<S> 0.25 0.25 0.25 0.25 0.25 0.25 0.25 0.25 0.5 0.5 0.5 <END> 
<S> 0.25 0.25 0.25 0.25 0.25 0.25 0.25 0.25 0.25 0.25 0.25 0.25 0.25 0.25 0.25 <END> 
<S> 0.25 0.25 0.25 0.25 0.25 0.25 0.25 0.25 0.25 0.25 0.25 0.25 0.25 0.25 <END> 
<S> 0.25 0.25 0.25 0.25 0.5 0.25 0.25 0.25 0.25 0.25 0.25 0.25 0.25 0.25 <END> 
<S> 0.25 0.25 0.25 0.25 0.25 0.25 0.25 0.25 0.25 0.25 0.25 0.25 0.25 0.25 0.25 <END> 
<S> 0.5 0.25 0.25 0.25 0.25 0.25 0.25 0.25 0.25 0.25 0.25 0.25 0.25 0.25 <END> 
<S> 0.25 0.25 0.25 0.25 0.25 0.25 0.25 0.25 0.25 0.25 0.5 0.5 <END> 
<S> 0.25 0.25 0.25 0.25 0.25 0.25 0.25 0.25 0.5 0.25 0.25 0.5 <END> 
<S> 0.25 0.25 0.25 0.25 0.25 0.25 0.25 0.25 0.25 0.25 0.25 0.25 0.25 0.25 <END> 
<S> 0.25 0.25 0.25 0.25 0.25 0.25 0.25 0.25 0.25 0.25 0.25 0.25 0.25 0.25 0.25 <END> 
<S> 0.5 0.25 0.25 0.25 0.25 0.25 0.25 0.25 0.25 0.25 0.25 0.25 0.25 0.25 <END> 
<S> 0.5 0.25 0.25 0.25 0.25 0.25 0.25 0.5 0.5 0.5 <END> 
<S> 0.25 0.25 0.25 0.25 0.25 0.25 0.5 0.5 0.25 0.25 0.25 0.25 0.25 <END> 
<S> 0.25 0.25 0.25 0.25 0.25 0.25 0.25 0.25 0.25 0.25 0.25 0.25 0.5 <END> 
<S> 0.25 0.25 0.25 0.25 0.5 0.5 0.25 0.25 0.25 0.25 0.25 0.25 0.25 <END> 
<S> 0.25 0.25 0.25 0.25 0.25 0.25 0.25 0.25 0.25 0.25 0.25 0.25 0.25 0.25 <END> 
<S> 0.25 0.25 0.25 0.25 0.25 0.25 0.5 0.25 0.25 0.25 0.25 0.25 0.25 0.25 <END> 
<S> 0.25 0.25 0.25 0.25 0.25 0.25 0.25 0.25 0.25 0.25 0.25 0.25 0.25 0.25 0.25 <END> 
<S> 0.25 0.25 0.25 0.25 0.25 0.25 0.25 0.25 0.25 0.25 0.5 0.5 0.25 <END> 
<S> 0.25 0.25 0.25 0.25 0.25 0.5 0.5 0.5 0.25 0.25 0.25 0.25 0.25 <END> 
<S> 0.25 0.25 0.25 0.25 0.25 0.25 0.25 0.25 0.25 0.25 0.25 0.25 0.25 0.25 <END> 
<S> 0.25 0.25 0.25 0.25 0.25 0.25 0.25 0.25 0.25 0.25 0.25 0.25 0.25 0.25 <END> 
<S> 0.25 0.25 0.25 0.25 0.5 0.25 0.25 0.25 0.25 0.25 0.25 0.25 0.25 <END> 
<S> 0.25 0.25 0.25 0.25 0.25 0.25 0.25 0.25 0.25 0.25 0.25 0.25 0.25 0.25 0.25 <END> 
<S> 0.25 0.25 0.25 0.25 0.25 0.25 0.25 0.25 0.25 0.25 0.25 0.25 0.25 0.25 0.25 <END> 
<S> 0.25 0.25 0.25 0.25 0.25 0.25 0.25 0.25 0.25 0.25 0.5 0.166667 0.166667 0.166667 <END> 
<S> 0.5 0.25 0.25 0.25 0.25 0.25 0.25 0.25 0.25 0.25 0.25 0.25 0.25 0.25 <END> 
<S> 0.25 0.25 0.25 0.25 0.25 0.25 0.25 0.25 0.25 0.25 0.25 0.25 0.25 0.25 <END> 
<S> 0.25 0.25 0.25 0.25 0.25 0.25 0.25 0.25 0.25 0.25 0.25 0.25 0.25 0.25 <END> 
<S> 0.25 0.25 0.25 0.25 0.25 0.25 0.25 0.25 0.25 0.25 0.25 0.25 0.25 0.25 0.25 <END> 
<S> 0.5 0.25 0.25 0.25 0.25 0.25 0.25 0.25 0.25 0.25 0.25 0.25 0.25 0.25 <END> 
<S> 0.25 0.25 0.25 0.25 0.25 0.25 0.25 0.25 0.25 0.25 0.5 0.5 <END> 
<S> 0.25 0.25 0.25 0.25 0.5 0.25 0.25 0.25 0.25 0.25 0.25 0.25 0.25 0.25 <END> 
<S> 0.5 0.25 0.25 0.25 0.25 0.25 0.25 0.25 0.25 0.25 0.25 0.25 0.25 0.25 <END> 
<S> 0.25 0.25 0.25 0.25 0.25 0.25 0.25 0.25 0.5 0.5 0.5 <END> 
<S> 0.25 0.25 0.25 0.25 0.25 0.25 0.5 0.5 0.5 0.5 <END> 
