<S> 60 63 67 72 / 65 68 -60 -72 / 59 63 67 74 / 62 65 -59 -74 / 60 63 75 / 63 67 -60 -75 / 57 62 72 77 / 60 69 -57 -77 / 58 62 65 74 / 60 67 70 75 / 63 67 -60 -75 / 58 68 72 74 / 60 75 -68 -72 / 62 67 71 77 / 65 -62 -71 -77 / 59 62 74 79 / 71 -59 -62 -79 <END> 
<S> 58 62 65 74 / 60 63 68 75 / 62 65 70 77 / 63 68 72 79 / 74 77 -63 55 / 60 72 75 79 / 58 -72 -75 / 56 60 72 77 / 55 70 -60 -77 / 57 65 72 75 / 53 74 77 -65 / 58 62 70 77 / 63 -58 -70 -77 / 62 65 69 77 / 67 -62 -62 -77 / 60 67 72 75 / 55 67 71 74 <END> 
<S> 57 65 72 77 / 55 75 -65 -72 / 58 74 70 -55 / 53 -58 -70 -74 / 51 67 70 75 / 51 65 72 77 / 53 -65 -72 -77 / 58 70 74 77 / 56 62 71 -77 / 55 63 70 75 / 53 65 68 74 / 51 67 75 -53 / 51 -51 -67 -75 / 50 65 72 74 / 71 -50 -65 -77 <END> 
<S> 55 58 70 75 / 53 68 -58 -75 / 55 63 70 74 / 56 65 72 75 / 58 67 70 74 / 56 63 68 72 / 55 65 68 71 / 53 60 67 72 / 55 59 67 74 / 56 60 65 -74 / 56 59 64 72 / 55 74 -63 -72 <END> 
<S> 56 68 72 75 / 55 -68 -72 -75 / 53 68 72 74 / 67 -53 -68 -74 / 47 65 68 74 / 55 -47 -68 -74 / 48 63 67 72 / 0 / 56 60 65 72 / 55 67 -60 -72 / 53 60 68 74 / 55 59 67 74 / 65 -55 -67 -74 <END> 
<S> 56 60 65 72 / 55 67 -60 -72 / 53 60 68 74 / 55 59 67 -74 / 65 -55 -67 -74 / 48 60 67 72 / 58 -67 -72 / 56 60 65 -72 / 53 68 -60 -72 / 62 65 -56 -72 / 55 63 67 70 / 53 56 68 -63 / 58 62 -53 -68 / 63 67 -58 -58 / 57 60 -63 -67 <END> 
<S> 53 65 68 74 / 63 -53 -68 -74 / 55 62 67 71 / 43 59 62 67 / 55 59 62 67 / 53 -59 -62 -67 / 51 60 67 72 / 50 62 -67 -72 / 48 63 67 72 / 53 -62 -67 -72 / 55 62 67 71 / 59 62 67 74 <END> 
<S> 51 60 67 75 / 51 -60 -67 -75 / 53 60 68 74 / 55 59 67 -74 / 65 -55 -67 -74 / 48 63 67 72 / 56 63 72 / 55 58 -63 -72 / 56 60 65 72 / 55 67 -60 -72 / 53 60 68 74 / 55 59 67 74 / 65 -55 -67 -74 <END> 
<S> 56 60 63 72 / 55 -60 -63 -72 / 53 65 68 72 / 55 67 -65 -72 / 56 60 -67 -70 / 53 65 68 72 / 55 63 67 72 / 53 65 68 74 / 46 58 65 74 / 56 -46 -65 -74 <END> 
<S> 56 60 63 72 / 65 74 -56 -60 / 55 58 67 75 / 53 68 -58 -75 / 55 58 70 74 / 56 65 72 -74 / 55 67 70 75 <END> 
<S> 53 68 74 / / 72 -53 -68 / 55 63 70 -53 / 54 63 -63 -70 / 56 63 68 72 / 55 -63 -68 -72 / 53 61 67 70 / 52 -61 -67 -70 <END> 
<S> 46 58 65 74 / 53 62 70 77 / 51 63 70 79 / 62 -51 -70 -79 / 53 60 68 77 / 55 59 67 -77 / 56 60 65 72 / 74 -56 -60 -65 / 51 60 67 75 / 53 -60 -67 -75 <END> 
<S> 56 60 65 72 / 55 74 -60 -72 / 53 -60 -72 -74 / 55 59 74 -74 / 72 -55 -59 -74 / 65 -55 -59 -74 / 48 55 63 72 / 60 63 67 72 / 58 62 -67 -72 <END> 
<S> 55 63 70 / 62 -55 -70 / 56 60 67 72 / 58 -67 -72 / 56 68 72 77 / 47 -68 -68 -77 / 48 67 72 75 / 53 68 74 77 <END> 
<S> 53 68 74 / / 72 -53 -68 / 55 63 70 -53 / 54 63 -63 -70 / 56 63 68 72 / 55 -63 -68 -72 / 53 61 67 70 / 52 -61 -67 -70 <END> 
<S> 46 58 65 74 / 53 62 70 77 / 51 63 70 79 / 62 -51 -70 -79 / 53 60 68 77 / 55 59 67 -77 / 56 60 65 72 / 74 -56 -60 -65 / 51 60 67 75 / 53 -60 -67 -75 <END> 
<S> 56 60 65 72 / 55 74 -60 -72 / 53 -60 -72 -74 / 55 59 74 -74 / 72 -55 -59 -74 / 65 -55 -59 -74 / 48 55 63 72 / 60 63 67 72 / 58 62 -67 -72 <END> 
<S> 55 63 70 / 62 -55 -70 / 56 60 67 72 / 58 -67 -72 / 56 68 72 77 / 47 -68 -68 -77 / 48 67 72 75 / 53 68 74 77 <END> 
<S> 53 68 74 / / 72 -53 -68 / 55 63 70 -53 / 54 63 -63 -70 / 56 63 68 72 / 55 -63 -68 -72 / 53 61 67 70 / 52 -61 -67 -70 <END> 
<S> 46 58 65 74 / 53 62 70 77 / 51 63 70 79 / 62 -51 -70 -79 / 53 60 68 77 / 55 59 67 -77 / 56 60 65 72 / 74 -56 -60 -65 / 51 60 67 75 / 53 -60 -67 -75 <END> 
<S> 56 60 65 72 / 55 74 -60 -72 / 53 -60 -72 -74 / 55 59 74 -74 / 72 -55 -59 -74 / 65 -55 -59 -74 / 48 55 63 72 / 60 63 67 72 / 58 62 -67 -72 <END> 
<S> 55 63 70 / 62 -55 -70 / 56 60 67 72 / 58 -67 -72 / 56 68 72 77 / 47 -68 -68 -77 / 48 67 72 75 / 53 68 74 77 <END> 
<S> 53 68 74 / / 72 -53 -68 / 55 63 70 -53 / 54 63 -63 -70 / 56 63 68 72 / 55 -63 -68 -72 / 53 61 67 70 / 52 -61 -67 -70 <END> 
<S> 46 58 65 74 / 53 62 70 77 / 51 63 70 79 / 62 -51 -70 -79 / 53 60 68 77 / 55 59 67 -77 / 56 60 65 72 / 74 -56 -60 -65 / 51 60 67 75 / 53 -60 -67 -75 <END> 
<S> 56 60 65 72 / 55 74 -60 -72 / 53 -60 -72 -74 / 55 59 74 -74 / 72 -55 -59 -74 / 65 -55 -59 -74 / 48 55 63 72 / 60 63 67 72 / 58 62 -67 -72 <END> 
<S> 55 63 70 / 62 -55 -70 / 56 60 67 72 / 58 -67 -72 / 56 68 72 77 / 47 -68 -68 -77 / 48 67 72 75 / 53 68 74 77 <END> 
<S> 53 68 74 / / 72 -53 -68 / 55 63 70 -53 / 54 63 -63 -70 / 56 63 68 72 / 55 -63 -68 -72 / 53 61 67 70 / 52 -61 -67 -70 <END> 
<S> 46 58 65 74 / 53 62 70 77 / 51 63 70 79 / 62 -51 -70 -79 / 53 60 68 77 / 55 59 67 -77 / 56 60 65 72 / 74 -56 -60 -65 / 51 60 67 75 / 53 -60 -67 -75 <END> 
<S> 56 60 65 72 / 55 74 -60 -72 / 53 -60 -72 -74 / 55 59 74 -74 / 72 -55 -59 -74 / 65 -55 -59 -74 / 48 55 63 72 / 60 63 67 72 / 58 62 -67 -72 <END> 
<S> 55 63 70 / 62 -55 -70 / 56 60 67 72 / 58 -67 -72 / 56 68 72 77 / 47 -68 -68 -77 / 48 67 72 75 / 53 68 74 77 <END> 
<S> 53 68 74 / / 72 -53 -68 / 55 63 70 -53 / 54 63 -63 -70 / 56 63 68 72 / 55 -63 -68 -72 / 53 61 67 70 / 52 -61 -67 -70 <END> 
<S> 46 58 65 74 / 53 62 70 77 / 51 63 70 79 / 62 -51 -70 -79 / 53 60 68 77 / 55 59 67 -77 / 56 60 65 72 / 74 -56 -60 -65 / 51 60 67 75 / 53 -60 -67 -75 <END> 
<S> 56 60 65 72 / 55 74 -60 -72 / 53 -60 -72 -74 / 55 59 74 -74 / 72 -55 -59 -74 / 65 -55 -59 -74 / 48 55 63 72 / 60 63 67 72 / 58 62 -67 -72 <END> 
<S> 55 63 70 / 62 -55 -70 / 56 60 67 72 / 58 -67 -72 / 56 68 72 77 / 47 -68 -68 -77 / 48 67 72 75 / 53 68 74 77 <END> 
<S> 53 68 74 / / 72 -53 -68 / 55 63 70 -53 / 54 63 -63 -70 / 56 63 68 72 / 55 -63 -68 -72 / 53 61 67 70 / 52 -61 -67 -70 <END> 
<S> 46 58 65 74 / 53 62 70 77 / 51 63 70 79 / 62 -51 -70 -79 / 53 60 68 77 / 55 59 67 -77 / 56 60 65 72 / 74 -56 -60 -65 / 51 60 67 75 / 53 -60 -67 -75 <END> 
<S> 56 60 65 72 / 55 74 -60 -72 / 53 -60 -72 -74 / 55 59 74 -74 / 72 -55 -59 -74 / 65 -55 -59 -74 / 48 55 63 72 / 60 63 67 72 / 58 62 -67 -72 <END> 
<S> 55 63 70 / 62 -55 -70 / 56 60 67 72 / 58 -67 -72 / 56 68 72 77 / 47 -68 -68 -77 / 48 67 72 75 / 53 68 74 77 <END> 
<S> 53 68 74 / / 72 -53 -68 / 55 63 70 -53 / 54 63 -63 -70 / 56 63 68 72 / 55 -63 -68 -72 / 53 61 67 70 / 52 -61 -67 -70 <END> 
<S> 46 58 65 74 / 53 62 70 77 / 51 63 70 79 / 62 -51 -70 -79 / 53 60 68 77 / 55 59 67 -77 / 56 60 65 72 / 74 -56 -60 -65 / 51 60 67 75 / 53 -60 -67 -75 <END> 
<S> 56 60 65 72 / 55 74 -60 -72 / 53 -60 -72 -74 / 55 59 74 -74 / 72 -55 -59 -74 / 65 -55 -59 -74 / 48 55 63 72 / 60 63 67 72 / 58 62 -67 -72 <END> 
<S> 55 63 70 / 62 -55 -70 / 56 60 67 72 / 58 -67 -72 / 56 68 72 77 / 47 -68 -68 -77 / 48 67 72 75 / 53 68 74 77 <END> 
<S> 53 68 74 / / 72 -53 -68 / 55 63 70 -53 / 54 63 -63 -70 / 56 63 68 72 / 55 -63 -68 -72 / 53 61 67 70 / 52 -61 -67 -70 <END> 
<S> 46 58 65 74 / 53 62 70 77 / 51 63 70 79 / 62 -51 -70 -79 / 53 60 68 77 / 55 59 67 -77 / 56 60 65 72 / 74 -56 -60 -65 / 51 60 67 75 / 53 -60 -67 -75 <END> 
<S> 56 60 65 72 / 55 74 -60 -72 / 53 -60 -72 -74 / 55 59 74 -74 / 72 -55 -59 -74 / 65 -55 -59 -74 / 48 55 63 72 / 60 63 67 72 / 58 62 -67 -72 <END> 
<S> 55 63 70 / 62 -55 -70 / 56 60 67 72 / 58 -67 -72 / 56 68 72 77 / 47 -68 -68 -77 / 48 67 72 75 / 53 68 74 77 <END> 
<S> 53 68 74 / / 72 -53 -68 / 55 63 70 -53 / 54 63 -63 -70 / 56 63 68 72 / 55 -63 -68 -72 / 53 61 67 70 / 52 -61 -67 -70 <END> 
<S> 46 58 65 74 / 53 62 70 77 / 51 63 70 79 / 62 -51 -70 -79 / 53 60 68 77 / 55 59 67 -77 / 56 60 65 72 / 74 -56 -60 -65 / 51 60 67 75 / 53 -60 -67 -75 <END> 
<S> 56 60 65 72 / 55 74 -60 -72 / 53 -60 -72 -74 / 55 59 74 -74 / 72 -55 -59 -74 / 65 -55 -59 -74 / 48 55 63 72 / 60 63 67 72 / 58 62 -67 -72 <END> 
<S> 55 63 70 / 62 -55 -70 / 56 60 67 72 / 58 -67 -72 / 56 68 72 77 / 47 -68 -68 -77 / 48 67 72 75 / 53 68 74 77 <END> 
<S> 53 68 74 / / 72 -53 -68 / 55 63 70 -53 / 54 63 -63 -70 / 56 63 68 72 / 55 -63 -68 -72 / 53 61 67 70 / 52 -61 -67 -70 <END> 
<S> 46 58 65 74 / 53 62 70 77 / 51 63 70 79 / 62 -51 -70 -79 / 53 60 68 77 / 55 59 67 -77 / 56 60 65 72 / 74 -56 -60 -65 / 51 60 67 75 / 53 -60 -67 -75 <END> 
<S> 56 60 65 72 / 55 74 -60 -72 / 53 -60 -72 -74 / 55 59 74 -74 / 72 -55 -59 -74 / 65 -55 -59 -74 / 48 55 63 72 / 60 63 67 72 / 58 62 -67 -72 <END> 
<S> 55 63 70 / 62 -55 -70 / 56 60 67 72 / 58 -67 -72 / 56 68 72 77 / 47 -68 -68 -77 / 48 67 72 75 / 53 68 74 77 <END> 
<S> 53 68 74 / / 72 -53 -68 / 55 63 70 -53 / 54 63 -63 -70 / 56 63 68 72 / 55 -63 -68 -72 / 53 61 67 70 / 52 -61 -67 -70 <END> 
<S> 46 58 65 74 / 53 62 70 77 / 51 63 70 79 / 62 -51 -70 -79 / 53 60 68 77 / 55 59 67 -77 / 56 60 65 72 / 74 -56 -60 -65 / 51 60 67 75 / 53 -60 -67 -75 <END> 
<S> 56 60 65 72 / 55 74 -60 -72 / 53 -60 -72 -74 / 55 59 74 -74 / 72 -55 -59 -74 / 65 -55 -59 -74 / 48 55 63 72 / 60 63 67 72 / 58 62 -67 -72 <END> 
<S> 55 63 70 / 62 -55 -70 / 56 60 67 72 / 58 -67 -72 / 56 68 72 77 / 47 -68 -68 -77 / 48 67 72 75 / 53 68 74 77 <END> 
<S> 53 68 74 / / 72 -53 -68 / 55 63 70 -53 / 54 63 -63 -70 / 56 63 68 72 / 55 -63 -68 -72 / 53 61 67 70 / 52 -61 -67 -70 <END> 
<S> 46 58 65 74 / 53 62 70 77 / 51 63 70 79 / 62 -51 -70 -79 / 53 60 68 77 / 55 59 67 -77 / 56 60 65 72 / 74 -56 -60 -65 / 51 60 67 75 / 53 -60 -67 -75 <END> 
<S> 56 60 65 72 / 55 74 -60 -72 / 53 -60 -72 -74 / 55 59 74 -74 / 72 -55 -59 -74 / 65 -55 -59 -74 / 48 55 63 72 / 60 63 67 72 / 58 62 -67 -72 <END> 
<S> 55 63 70 / 62 -55 -70 / 56 60 67 72 / 58 -67 -72 / 56 68 72 77 / 47 -68 -68 -77 / 48 67 72 75 / 53 68 74 77 <END> 
<S> 53 68 74 / / 72 -53 -68 / 55 63 70 -53 / 54 63 -63 -70 / 56 63 68 72 / 55 -63 -68 -72 / 53 61 67 70 / 52 -61 -67 -70 <END> 
<S> 46 58 65 74 / 53 62 70 77 / 51 63 70 79 / 62 -51 -70 -79 / 53 60 68 77 / 55 59 67 -77 / 56 60 65 72 / 74 -56 -60 -65 / 51 60 67 75 / 53 -60 -67 -75 <END> 
<S> 56 60 65 72 / 55 74 -60 -72 / 53 -60 -72 -74 / 55 59 74 -74 / 72 -55 -59 -74 / 65 -55 -59 -74 / 48 55 63 72 / 60 63 67 72 / 58 62 -67 -72 <END> 
<S> 55 63 70 / 62 -55 -70 / 56 60 67 72 / 58 -67 -72 / 56 68 72 77 / 47 -68 -68 -77 / 48 67 72 75 / 53 68 74 77 <END> 
