<S> 0 60 / 48 51 55 -60 / 50 53 -55 -60 / 51 55 60 67 / 48 63 -55 -67 / 56 60 65 -63 / 53 62 -56 -65 / 60 -53 -56 -65 / 47 62 67 -53 / 51 -47 -62 -67 / 50 -47 -62 -67 / 55 62 -47 -62 / 45 60 -55 -62 / 43 59 -55 -62 / 48 55 60 63 / 50 -55 -60 -63 / 51 -55 -60 -63 / 48 -55 -60 -63 <END> 
<S> 47 55 62 67 / 48 55 60 63 / 46 -55 -60 -63 / 44 56 60 63 / 43 -56 -60 -63 / 44 56 60 65 / 41 -60 -65 / 60 -41 -60 -65 / 55 59 62 -65 / 53 63 -59 -62 / 48 60 -55 -63 / 41 53 62 -60 / 58 -41 -53 -62 / 43 50 59 67 / 55 -43 -59 -67 / 45 53 60 65 / 46 55 58 62 / 56 -46 -53 -62 / <END> 
<S> 41 56 60 62 / 43 55 59 62 / 53 -43 -59 -62 / 36 51 55 60 / 48 60 63 67 / 50 -60 -63 -67 / 51 58 63 67 / 61 -51 -58 -67 / 53 56 60 68 / 58 62 -53 -68 / 48 60 63 67 / 46 -60 -63 -67 / 44 60 63 65 / 41 -60 -63 -65 <END> 
<S> 44 60 65 / 53 62 -44 -65 / 60 -44 -53 -65 / 46 58 62 -65 / 39 58 63 67 / 41 -58 -63 -67 / 43 -58 -63 -67 / 44 -58 -63 -67 / 46 58 62 65 / 45 60 63 / 51 58 63 67 / 50 -58 -67 -67 / 48 60 63 67 / 60 63 -48 -63 <END> 
<S> 46 58 65 -63 / 62 -46 -58 -65 / 45 53 60 63 / 51 55 58 63 / 50 53 58 65 / 51 55 67 / 47 55 62 65 / 48 55 60 63 / 58 -48 -55 -60 / 44 56 60 65 / 43 55 59 62 / 53 -43 -59 -62 <END> 
<S> 48 51 55 63 / 50 53 -55 -63 / 55 51 60 67 / 53 59 62 67 / 51 55 60 63 / 50 65 -55 -60 / 48 55 63 67 / 46 -55 -63 -67 / 45 53 65 72 / 46 -53 -65 -72 / 51 58 63 67 / 62 -55 -58 -67 / 48 60 63 68 / 51 58 63 67 <END> 
<S> 48 55 63 72 / 51 56 -63 -72 / 51 55 63 70 / 50 -55 -63 -70 / 48 55 63 72 / 53 56 62 65 / 55 60 63 / 57 61 -60 / 55 59 62 / 53 -55 -59 -62 / 48 55 60 63 / 50 -55 -60 -63 / 51 55 60 63 / 53 -55 -60 -63 <END> 
<S> 55 60 62 / 53 -55 -60 -62 / 43 55 59 -62 / 53 -43 -59 -62 / 48 51 55 60 / 48 60 63 67 / 50 -60 -63 -67 / 51 58 63 67 / 61 -51 -58 -67 / 53 56 60 68 / 58 62 -53 -68 / 48 60 63 67 / 46 -60 -63 -67 <END> 
<S> 48 55 60 63 / 46 -55 -60 -63 / 44 56 60 65 / 43 50 59 67 / 55 58 62 67 / 53 56 -62 -67 / 51 55 63 70 / 50 -55 -63 -70 / 48 60 63 67 / 58 -60 -63 -67 / 45 60 65 69 / 47 62 67 70 / 48 -62 -67 -70 <END> 
<S> 51 55 63 72 / 50 -55 -63 -72 / 48 55 63 -67 / 68 -48 -55 -63 / 55 58 -48 -63 / 41 53 56 62 / 43 -53 -56 -60 / 44 51 56 60 / 51 55 58 -60 / 39 -51 -55 -60 / 47 50 55 62 / 48 51 -55 -62 / 43 53 59 67 / 62 -43 -53 -67 / 44 48 60 -67 / 41 56 68 -60 / 58 -41 -53 -68 / <END> 
<S> 48 51 55 63 / 46 53 -55 -63 / 44 51 60 65 / 41 -51 -60 -65 / 46 50 58 65 <END> 
<S> 53 60 68 / 55 59 67 -53 / 56 60 -55 -67 / 53 56 60 65 / 55 63 -53 -60 / 46 53 62 -60 / 58 -53 -53 -62 / 52 53 60 -58 <END> 
<S> 55 58 63 70 / 53 56 -58 -70 / 51 55 63 70 / 50 -55 -63 -70 / 48 60 63 67 / 58 -48 -63 -67 / 53 56 60 68 / 55 62 67 71 / 53 60 65 68 / 51 59 67 -65 / 56 60 63 72 / 56 74 -60 -63 <END> 
<S> 56 60 63 72 / 55 -60 -63 -72 / 53 65 68 72 / 63 -53 -68 -72 / 55 62 67 71 / 43 59 62 67 / 0 / 55 62 67 70 / 53 -62 -67 -70 / 51 63 67 72 / 50 65 71 74 / 48 67 72 75 <END> 
<S> 62 69 -65 / 63 -62 -69 / 55 62 67 71 / 55 59 67 74 / 60 67 75 / 58 62 -67 -75 / 56 63 72 77 / 55 -63 -72 -77 / 53 62 70 79 / 51 63 -70 -79 / 53 65 72 -70 / 68 -53 -65 -72 / 63 -53 -68 -72 <END> 
<S> 60 63 67 75 / 58 62 -67 -75 / 56 60 72 77 / 55 70 75 -60 / 53 68 74 -60 / 55 59 67 -74 / 65 -55 -59 -74 / 48 60 63 72 / 50 58 70 77 / 51 63 70 79 / 53 -63 -70 -79 / 55 63 70 79 / 56 -63 -70 -79 <END> 
<S> 48 60 67 75 / 51 60 67 75 / 53 68 74 77 / 55 67 71 74 / 55 67 71 / 62 -55 -67 -71 / 60 63 67 72 / 58 62 -67 -72 / 57 60 65 72 / 55 67 -60 -72 / 53 60 69 72 / 51 -60 -69 -72 <END> 
<S> 55 62 71 74 / 60 63 67 72 / 65 74 -60 -67 / 60 67 72 75 / 55 68 72 74 / 67 75 -55 -72 / 65 68 71 74 / 63 67 72 / 60 67 72 75 / 55 -67 -72 -75 <END> 
<S> 48 63 67 75 / 60 67 72 75 / 55 67 71 74 / 53 67 70 75 / 51 -67 -70 -75 / 50 65 70 77 / 68 -50 -65 -77 / 51 63 67 79 / 53 65 70 -79 / 55 63 70 79 / 61 -55 -70 -79 <END> 
<S> 51 67 70 72 / 63 -51 -70 -72 / 53 65 68 -72 / 63 -53 -68 -72 / 55 62 67 71 / 43 59 62 67 / 0 / 55 62 67 70 / 48 63 67 70 / 50 58 65 68 <END> 
<S> 55 62 67 70 / 51 63 67 70 / 53 56 65 68 / 51 55 67 70 / 56 60 68 72 / 58 65 74 / 56 60 -68 -74 / 55 62 70 77 / 53 -62 -70 -77 / 51 63 70 79 / 62 77 -51 -70 / 56 60 72 75 / 55 -60 -72 -75 <END> 
<S> 55 63 70 75 / 53 68 -63 -75 / 51 63 70 79 / 51 -63 -70 -79 / 53 65 70 77 / 51 -65 -70 -77 / 50 65 77 -70 / 62 -50 -70 -77 / 51 70 75 -62 / 53 68 74 77 / 55 75 -67 41 <END> 
<S> 51 63 72 79 / 53 -63 -72 -79 / 55 62 71 79 / 63 67 -55 -79 / 65 77 -51 -67 / 50 59 -65 -77 / 48 60 75 -65 / 60 -48 -65 -75 / 46 65 70 74 / 47 62 65 74 / 48 60 63 68 / 58 -48 -63 -70 <END> 
<S> 56 60 63 72 / 53 56 65 72 / 58 62 65 70 / 56 -62 -65 -71 / 77 63 67 70 / 62 65 -67 -70 / 60 63 67 75 / 58 -60 -67 -75 / 56 60 72 77 / 55 -60 -63 -72 / 53 60 70 79 / 55 -60 -70 -79 / 53 65 68 80 / 70 -53 -65 -80 <END> 
<S> 60 63 67 75 / 58 62 -67 -75 / 56 60 72 77 / 55 70 -60 -77 / 53 65 68 74 / 63 -53 -68 -74 / 59 65 68 74 / 60 67 -65 -74 / 58 65 73 75 / 53 -65 -72 -75 / 55 62 70 77 / 63 -55 -70 -77 / 57 65 72 77 / 60 -57 -72 -77 / 58 65 70 74 / 56 -65 -70 -74 <END> 
<S> 53 65 68 74 / 63 -53 -68 -74 / 62 65 70 36 / 60 63 67 79 / 59 62 -67 -79 / 60 63 67 75 / 62 -60 -67 -75 / 54 60 69 75 / 55 67 71 74 / 59 67 74 79 <END> 
<S> 59 62 67 74 / 60 76 -67 / 62 65 71 74 / 48 67 72 75 / 65 74 77 -48 / 60 63 75 / 58 62 70 77 / 56 -62 -70 -77 / 55 63 70 79 / 62 65 -70 -79 / 60 63 67 75 / 58 62 -67 -75 <END> 
<S> 58 62 70 77 / 68 -58 -62 -77 / 60 63 67 75 / 65 69 -60 -75 / 55 67 71 74 / 55 67 71 74 / 60 67 72 75 / 58 -67 -72 -75 / 57 65 72 77 / 53 75 -65 -72 / 58 65 70 74 / 57 -65 -70 -74 <END> 
<S> 60 67 75 / 58 62 -67 -75 / 56 63 72 75 / 55 -63 -72 -75 / 53 68 72 74 / 50 75 -68 -72 / 77 -50 -68 -72 / 55 67 71 74 / 43 65 -71 -74 / 48 63 72 / 60 67 72 75 / 70 -60 -67 -75 <END> 
<S> 48 67 72 75 / 60 -67 -72 -75 / 55 67 71 74 / 53 -67 -71 -74 / 51 67 72 75 / 48 -67 -72 -75 / 55 67 74 -72 / 71 -55 -67 -74 / 65 -55 -71 -74 / 56 63 72 / 70 -56 -63 -72 <END> 
<S> 48 67 72 75 / 50 -67 -72 -75 / 51 67 72 75 / 53 -67 -72 -75 / 55 67 70 75 / 56 60 68 77 / 58 62 -68 -77 / 60 63 67 75 / 69 -60 -63 -75 / 58 65 74 -75 / 56 65 72 75 <END> 
<S> 56 60 68 77 / 55 -60 -68 -77 / 53 61 70 79 / 52 -61 -70 -79 / 53 60 69 77 / 53 60 69 75 / 65 -53 -60 -69 / 55 59 67 74 / 55 59 67 74 <END> 
<S> 50 58 65 74 / 48 60 -65 -74 / 50 59 65 74 / 51 58 63 -74 / 48 60 67 75 / 69 -48 -60 -75 / 55 59 67 74 / 53 60 65 68 / 62 -53 -65 -68 / 55 63 67 70 / 65 -55 -63 -70 <END> 
<S> 56 60 63 72 / 55 58 -63 -72 / 53 56 68 72 / 51 58 67 -72 / 56 60 65 72 / 55 67 70 75 / 53 68 -67 -75 / 55 62 67 74 / 53 -55 -74 -74 / 51 55 67 75 / 53 60 68 74 <END> 
<S> 53 68 72 74 / 55 67 71 -74 / 65 -55 -71 -74 / 48 63 67 72 / 55 67 71 74 / 60 67 72 75 / 53 68 72 74 / 65 -53 -72 -74 / 55 63 70 -74 / 65 -55 -70 -74 / 53 63 68 72 / 74 -53 -68 -72 / 55 67 71 74 / 65 -55 -71 -74 <END> 
<S> 56 65 72 77 / 55 70 75 -77 / 53 68 72 75 / 74 -53 -68 -72 / 55 67 74 -72 / 71 -55 -67 -74 / 60 67 72 75 / 58 -67 -72 -75 / 57 60 72 77 / 58 70 75 77 / 72 -58 -70 -77 / 55 67 70 75 / 53 69 -67 -75 <END> 
<S> 60 67 72 75 / 58 -67 -72 -75 / 56 66 72 75 / 70 -56 -66 -75 / 61 65 68 77 / 60 63 -68 -77 / 58 70 77 -63 / 62 -58 -70 -77 / 51 63 70 79 / 55 63 70 79 <END> 
<S> 53 63 69 72 / 51 55 -63 -69 / 50 58 65 70 / 48 60 63 -70 / 53 62 65 69 / 63 -53 -69 -72 / 46 62 65 70 / 51 63 67 70 / 53 -62 -67 -70 / 55 60 67 -67 / 58 65 -55 -67 <END> 
<S> 51 63 67 70 / 50 -63 -67 -70 / 48 62 67 77 / 47 -62 -67 -77 / 48 60 67 75 / 55 62 -67 -75 / 53 60 68 74 / 55 59 67 -74 / 56 60 65 -74 / 72 -56 -60 -65 / 55 62 67 70 / 50 62 65 70 / 51 60 67 -65 / 53 60 65 69 / 51 -60 -65 -69 <END> 
<S> 60 67 75 / 55 -60 -67 -75 / 53 60 68 74 / 55 59 67 -74 / 56 60 65 72 / 60 -56 -65 -72 / 55 59 67 74 / 55 59 67 74 <END> 
<S> 58 62 65 74 / 56 60 -65 -74 / 55 58 67 75 / 53 68 77 -58 / 51 63 70 79 / 50 -63 -70 -79 / 48 63 68 77 / 47 62 -68 -77 / 48 62 67 75 / 60 -48 -67 -75 <END> 
<S> 58 63 68 74 / 62 -58 -68 -74 / 55 63 70 75 / 53 -63 -70 -75 / 51 63 70 77 / 62 -51 -70 -77 / 48 63 67 75 / 55 67 72 -75 / 53 68 72 74 / 65 -53 -72 -74 / 55 62 71 -74 / 67 -55 -71 -74 / 65 -55 -71 -74 <END> 
<S> 53 65 68 74 / 67 75 -53 -68 / 62 65 68 77 / 63 -62 -68 -77 / 59 62 67 79 / 60 63 -67 -79 / 58 62 65 77 / 56 60 -65 -77 / 55 62 70 77 / 53 -62 -70 -77 / 51 67 70 79 / 55 -70 -70 -79 <END> 
<S> 58 63 70 79 / 60 -63 -70 -79 / 62 63 70 79 / 59 62 -70 -79 / 60 63 72 79 / 58 62 74 77 / 56 -62 -65 -74 / 55 63 70 75 / 53 -55 -70 -75 / 51 67 70 75 / 53 -67 -70 -75 <END> 
<S> 63 70 79 / 62 -63 -70 -79 / 60 63 79 -70 / 58 62 70 79 / 57 60 -70 -79 / 58 62 65 74 / 56 60 -65 -74 / 55 67 71 75 / 53 68 74 77 / 55 -68 -74 -77 <END> 
<S> 56 60 65 72 / 55 67 -60 -72 / 53 60 68 74 / 55 59 67 -74 / 65 -55 -67 -74 / 48 60 67 72 / 50 58 70 77 / 51 70 -58 -77 / 50 -51 -70 -77 / 48 70 75 56 <END> 
<S> 53 60 69 77 / 51 -60 -69 -77 / 50 58 70 77 / 46 62 -70 -77 / 48 63 67 79 / 55 72 -67 -79 / 54 69 72 74 / 50 67 -72 -74 / 55 62 71 -74 / 63 -55 -71 -74 / 65 -55 -71 -74 / 56 63 72 / 55 70 -63 -72 <END> 
<S> 50 69 74 77 / 71 -50 -74 -77 / 51 67 72 75 / 53 -67 -72 -75 / 55 67 71 74 / 65 -55 -71 -74 / 56 63 72 / 70 -56 -63 -72 / 55 65 68 74 / 53 75 -65 -68 / 77 -53 -65 -68 / 55 59 67 75 / 60 -55 -67 -75 / 74 -55 -60 -67 / 59 -55 -67 -74 <END> 
<S> 56 63 68 72 / 55 -63 -68 -72 / 53 61 67 70 / 52 -61 -67 -70 / 53 60 67 68 / 55 -60 -67 -68 / 56 60 65 68 / 53 -60 -65 -68 / 60 64 67 / 57 60 65 75 <END> 
<S> 44 60 65 / 56 60 65 72 / 62 -56 -60 -72 / 50 58 65 70 / 51 58 63 -70 / 53 56 65 68 / 55 63 67 70 / 61 -55 -67 -70 / 53 60 68 -67 / 65 -53 -60 -68 / 48 60 65 67 <END> 
<S> 56 63 68 72 / 55 -63 -68 -72 / 53 61 67 70 / 52 -61 -67 -70 / 53 60 67 68 / 55 -60 -67 -68 / 56 60 65 68 / 53 -60 -65 -68 / 60 64 67 / 57 60 65 75 <END> 
<S> 44 60 65 / 56 60 65 72 / 62 -56 -60 -72 / 50 58 65 70 / 51 58 63 -70 / 53 56 65 68 / 55 63 67 70 / 61 -55 -67 -70 / 53 60 68 -67 / 65 -53 -60 -68 / 48 60 65 67 <END> 
<S> 56 63 68 72 / 55 -63 -68 -72 / 53 61 67 70 / 52 -61 -67 -70 / 53 60 67 68 / 55 -60 -67 -68 / 56 60 65 68 / 53 -60 -65 -68 / 60 64 67 / 57 60 65 75 <END> 
<S> 44 60 65 / 56 60 65 72 / 62 -56 -60 -72 / 50 58 65 70 / 51 58 63 -70 / 53 56 65 68 / 55 63 67 70 / 61 -55 -67 -70 / 53 60 68 -67 / 65 -53 -60 -68 / 48 60 65 67 <END> 
<S> 56 63 68 72 / 55 -63 -68 -72 / 53 61 67 70 / 52 -61 -67 -70 / 53 60 67 68 / 55 -60 -67 -68 / 56 60 65 68 / 53 -60 -65 -68 / 60 64 67 / 57 60 65 75 <END> 
<S> 44 60 65 / 56 60 65 72 / 62 -56 -60 -72 / 50 58 65 70 / 51 58 63 -70 / 53 56 65 68 / 55 63 67 70 / 61 -55 -67 -70 / 53 60 68 -67 / 65 -53 -60 -68 / 48 60 65 67 <END> 
<S> 56 63 68 72 / 55 -63 -68 -72 / 53 61 67 70 / 52 -61 -67 -70 / 53 60 67 68 / 55 -60 -67 -68 / 56 60 65 68 / 53 -60 -65 -68 / 60 64 67 / 57 60 65 75 <END> 
<S> 44 60 65 / 56 60 65 72 / 62 -56 -60 -72 / 50 58 65 70 / 51 58 63 -70 / 53 56 65 68 / 55 63 67 70 / 61 -55 -67 -70 / 53 60 68 -67 / 65 -53 -60 -68 / 48 60 65 67 <END> 
<S> 56 63 68 72 / 55 -63 -68 -72 / 53 61 67 70 / 52 -61 -67 -70 / 53 60 67 68 / 55 -60 -67 -68 / 56 60 65 68 / 53 -60 -65 -68 / 60 64 67 / 57 60 65 75 <END> 
<S> 44 60 65 / 56 60 65 72 / 62 -56 -60 -72 / 50 58 65 70 / 51 58 63 -70 / 53 56 65 68 / 55 63 67 70 / 61 -55 -67 -70 / 53 60 68 -67 / 65 -53 -60 -68 / 48 60 65 67 <END> 
<S> 56 63 68 72 / 55 -63 -68 -72 / 53 61 67 70 / 52 -61 -67 -70 / 53 60 67 68 / 55 -60 -67 -68 / 56 60 65 68 / 53 -60 -65 -68 / 60 64 67 / 57 60 65 75 <END> 
<S> 44 60 65 / 56 60 65 72 / 62 -56 -60 -72 / 50 58 65 70 / 51 58 63 -70 / 53 56 65 68 / 55 63 67 70 / 61 -55 -67 -70 / 53 60 68 -67 / 65 -53 -60 -68 / 48 60 65 67 <END> 
<S> 56 63 68 72 / 55 -63 -68 -72 / 53 61 67 70 / 52 -61 -67 -70 / 53 60 67 68 / 55 -60 -67 -68 / 56 60 65 68 / 53 -60 -65 -68 / 60 64 67 / 57 60 65 75 <END> 
<S> 44 60 65 / 56 60 65 72 / 62 -56 -60 -72 / 50 58 65 70 / 51 58 63 -70 / 53 56 65 68 / 55 63 67 70 / 61 -55 -67 -70 / 53 60 68 -67 / 65 -53 -60 -68 / 48 60 65 67 <END> 
<S> 56 63 68 72 / 55 -63 -68 -72 / 53 61 67 70 / 52 -61 -67 -70 / 53 60 67 68 / 55 -60 -67 -68 / 56 60 65 68 / 53 -60 -65 -68 / 60 64 67 / 57 60 65 75 <END> 
<S> 44 60 65 / 56 60 65 72 / 62 -56 -60 -72 / 50 58 65 70 / 51 58 63 -70 / 53 56 65 68 / 55 63 67 70 / 61 -55 -67 -70 / 53 60 68 -67 / 65 -53 -60 -68 / 48 60 65 67 <END> 
