<S> 48 67 72 76 / 47 67 74 79 / 48 67 76 -74 / 52 72 -67 -76 / 55 67 74 -72 / 71 -55 -67 -74 / 60 67 72 76 / 59 -67 -72 -76 / 57 69 72 78 / 55 62 71 79 / 62 65 74 81 / 60 -65 -74 -81 <END> 
<S> 60 67 72 76 / 59 -67 -72 -76 / 57 69 72 77 / 55 62 71 79 / 64 -55 -71 -79 / 50 65 69 77 / 71 -50 -65 -77 / 52 67 72 76 / 53 -67 -72 -76 / 55 67 71 74 / 52 67 73 76 <END> 
<S> 50 65 69 77 / 71 -50 -65 -77 / 48 67 72 76 / 55 67 71 74 / 55 67 71 74 / 48 67 72 76 / 50 -67 -72 -76 / 52 67 72 76 / 53 -67 -72 -76 / 55 67 72 74 / 71 -55 -67 -74 / 65 -55 -71 -74 <END> 
<S> 48 67 72 76 / 50 65 71 77 / 69 -50 -65 -77 / 52 64 67 79 / 62 -52 -67 -79 / 57 60 69 76 / 55 -60 -69 -76 / 53 60 67 74 / 55 59 -67 -74 / 65 -55 -59 -74 / 48 55 64 72 / 53 57 65 72 / 64 -53 -57 -72 / 47 62 65 74 / 67 -47 -62 -74 / 48 64 67 76 <END> 
<S> 55 60 64 72 / 53 65 -60 -72 / 52 59 67 74 / 65 -52 -59 -74 / 57 60 64 72 / 55 59 -64 -72 / 53 57 69 72 / 52 62 -69 -72 / 64 -52 -69 -72 / 50 65 69 74 / 71 -50 -65 -74 / 48 67 72 76 / 52 -67 -72 -76 / 55 67 74 -72 / 69 -55 -67 -74 / 71 -55 -67 -74 / 65 -55 -71 -74 <END> 
<S> 57 60 69 76 / 55 -60 -69 -76 / 53 60 69 74 / 52 59 67 76 / 65 77 -55 -59 / 57 60 64 72 / 59 62 74 77 / 60 64 76 -74 / 62 72 77 -60 / 53 -60 -72 -77 / 52 67 70 79 / 77 -52 -67 -79 / 53 69 72 77 / 55 67 71 76 <END> 
<S> 60 64 67 79 / 62 -60 -67 -79 / 52 60 67 79 / 53 -60 -67 -79 / 55 59 67 74 / 65 -55 -59 -74 / 57 60 64 72 / 55 59 -64 -72 / 53 57 69 72 / 62 71 -53 -69 / 52 64 67 72 / 53 69 -64 -72 / 55 62 67 71 / 43 59 62 67 / 64 -43 -59 -67 <END> 
<S> 50 57 66 74 / 55 64 67 -74 / 53 69 -55 -74 / 54 -53 -69 -72 / 55 59 67 74 / 64 -55 -67 -74 / 65 -55 -72 / 48 67 72 -55 / 55 62 71 74 / 67 72 -55 -62 / 53 62 67 71 / 52 60 67 72 / 50 65 74 -72 / 71 -50 -65 -74 / 48 67 72 76 / 50 77 -72 -76 / 52 67 72 76 / 53 -67 -72 -76 <END> 
<S> 55 62 67 71 / 53 -62 -67 -71 / 52 60 67 72 / 48 -60 -67 -72 / 55 60 67 74 / 59 -55 -67 -74 / 65 -55 -59 -74 / 48 55 64 72 / 60 64 67 72 / 59 62 67 74 / 76 -59 -62 -67 / 57 60 69 77 / 59 62 -69 -77 / 60 64 67 76 / 53 65 69 -76 <END> 
<S> 59 62 67 74 / 64 -59 -67 -74 / 65 -59 -67 -74 / 60 67 76 / 62 77 -60 -67 / 48 64 72 79 / 53 60 72 77 / 76 -53 -60 -72 / 55 67 72 74 / 55 71 -67 -74 / 60 67 72 76 / 58 -67 -72 -76 / 57 60 72 77 / 55 62 71 79 / 60 -55 -70 -79 <END> 
<S> 55 67 72 74 / 62 71 -55 -74 / 64 69 72 -55 / 54 62 74 -69 / 55 62 67 71 / 53 59 62 67 / 52 60 67 72 / 50 65 69 74 / 71 -50 -65 -74 / 48 67 72 76 / 60 74 77 -48 / 76 79 -48 -60 / 53 59 74 77 / 60 72 76 -53 <END> 
<S> 52 60 67 72 / 50 65 69 74 / 71 -50 -65 -74 / 48 67 72 76 / 60 74 77 -48 / 76 79 -48 -60 / 53 59 74 77 / 60 72 76 -53 / 55 67 71 74 / 56 64 71 76 <END> 
<S> 53 60 69 77 / 72 -53 -60 -77 / 55 67 71 74 / 55 59 67 74 / 65 -55 -59 -74 / 48 55 64 72 / 53 62 71 74 / 50 -62 -71 -74 / 52 67 72 76 / 57 -67 -72 -76 / 55 67 71 74 / 53 -67 -74 -74 <END> 
<S> 52 60 67 72 / 50 65 69 74 / 71 -50 -65 -74 / 48 67 72 76 / 60 74 77 -48 / 76 79 -48 -60 / 53 59 74 77 / 60 72 76 -53 / 55 67 71 74 / 56 64 71 76 <END> 
<S> 53 60 69 77 / 72 -53 -60 -77 / 55 67 71 74 / 55 59 67 74 / 65 -55 -59 -74 / 48 55 64 72 / 53 62 71 74 / 50 -62 -71 -74 / 52 67 72 76 / 57 -67 -72 -76 / 55 67 71 74 / 53 -67 -74 -74 <END> 
<S> 52 60 67 72 / 50 65 69 74 / 71 -50 -65 -74 / 48 67 72 76 / 60 74 77 -48 / 76 79 -48 -60 / 53 59 74 77 / 60 72 76 -53 / 55 67 71 74 / 56 64 71 76 <END> 
<S> 53 60 69 77 / 72 -53 -60 -77 / 55 67 71 74 / 55 59 67 74 / 65 -55 -59 -74 / 48 55 64 72 / 53 62 71 74 / 50 -62 -71 -74 / 52 67 72 76 / 57 -67 -72 -76 / 55 67 71 74 / 53 -67 -74 -74 <END> 
<S> 52 60 67 72 / 50 65 69 74 / 71 -50 -65 -74 / 48 67 72 76 / 60 74 77 -48 / 76 79 -48 -60 / 53 59 74 77 / 60 72 76 -53 / 55 67 71 74 / 56 64 71 76 <END> 
<S> 53 60 69 77 / 72 -53 -60 -77 / 55 67 71 74 / 55 59 67 74 / 65 -55 -59 -74 / 48 55 64 72 / 53 62 71 74 / 50 -62 -71 -74 / 52 67 72 76 / 57 -67 -72 -76 / 55 67 71 74 / 53 -67 -74 -74 <END> 
<S> 52 60 67 72 / 50 65 69 74 / 71 -50 -65 -74 / 48 67 72 76 / 60 74 77 -48 / 76 79 -48 -60 / 53 59 74 77 / 60 72 76 -53 / 55 67 71 74 / 56 64 71 76 <END> 
<S> 53 60 69 77 / 72 -53 -60 -77 / 55 67 71 74 / 55 59 67 74 / 65 -55 -59 -74 / 48 55 64 72 / 53 62 71 74 / 50 -62 -71 -74 / 52 67 72 76 / 57 -67 -72 -76 / 55 67 71 74 / 53 -67 -74 -74 <END> 
<S> 52 60 67 72 / 50 65 69 74 / 71 -50 -65 -74 / 48 67 72 76 / 60 74 77 -48 / 76 79 -48 -60 / 53 59 74 77 / 60 72 76 -53 / 55 67 71 74 / 56 64 71 76 <END> 
<S> 53 60 69 77 / 72 -53 -60 -77 / 55 67 71 74 / 55 59 67 74 / 65 -55 -59 -74 / 48 55 64 72 / 53 62 71 74 / 50 -62 -71 -74 / 52 67 72 76 / 57 -67 -72 -76 / 55 67 71 74 / 53 -67 -74 -74 <END> 
<S> 52 60 67 72 / 50 65 69 74 / 71 -50 -65 -74 / 48 67 72 76 / 60 74 77 -48 / 76 79 -48 -60 / 53 59 74 77 / 60 72 76 -53 / 55 67 71 74 / 56 64 71 76 <END> 
<S> 53 60 69 77 / 72 -53 -60 -77 / 55 67 71 74 / 55 59 67 74 / 65 -55 -59 -74 / 48 55 64 72 / 53 62 71 74 / 50 -62 -71 -74 / 52 67 72 76 / 57 -67 -72 -76 / 55 67 71 74 / 53 -67 -74 -74 <END> 
<S> 52 60 67 72 / 50 65 69 74 / 71 -50 -65 -74 / 48 67 72 76 / 60 74 77 -48 / 76 79 -48 -60 / 53 59 74 77 / 60 72 76 -53 / 55 67 71 74 / 56 64 71 76 <END> 
<S> 53 60 69 77 / 72 -53 -60 -77 / 55 67 71 74 / 55 59 67 74 / 65 -55 -59 -74 / 48 55 64 72 / 53 62 71 74 / 50 -62 -71 -74 / 52 67 72 76 / 57 -67 -72 -76 / 55 67 71 74 / 53 -67 -74 -74 <END> 
<S> 52 60 67 72 / 50 65 69 74 / 71 -50 -65 -74 / 48 67 72 76 / 60 74 77 -48 / 76 79 -48 -60 / 53 59 74 77 / 60 72 76 -53 / 55 67 71 74 / 56 64 71 76 <END> 
<S> 53 60 69 77 / 72 -53 -60 -77 / 55 67 71 74 / 55 59 67 74 / 65 -55 -59 -74 / 48 55 64 72 / 53 62 71 74 / 50 -62 -71 -74 / 52 67 72 76 / 57 -67 -72 -76 / 55 67 71 74 / 53 -67 -74 -74 <END> 
<S> 52 60 67 72 / 50 65 69 74 / 71 -50 -65 -74 / 48 67 72 76 / 60 74 77 -48 / 76 79 -48 -60 / 53 59 74 77 / 60 72 76 -53 / 55 67 71 74 / 56 64 71 76 <END> 
<S> 53 60 69 77 / 72 -53 -60 -77 / 55 67 71 74 / 55 59 67 74 / 65 -55 -59 -74 / 48 55 64 72 / 53 62 71 74 / 50 -62 -71 -74 / 52 67 72 76 / 57 -67 -72 -76 / 55 67 71 74 / 53 -67 -74 -74 <END> 
<S> 52 60 67 72 / 50 65 69 74 / 71 -50 -65 -74 / 48 67 72 76 / 60 74 77 -48 / 76 79 -48 -60 / 53 59 74 77 / 60 72 76 -53 / 55 67 71 74 / 56 64 71 76 <END> 
<S> 53 60 69 77 / 72 -53 -60 -77 / 55 67 71 74 / 55 59 67 74 / 65 -55 -59 -74 / 48 55 64 72 / 53 62 71 74 / 50 -62 -71 -74 / 52 67 72 76 / 57 -67 -72 -76 / 55 67 71 74 / 53 -67 -74 -74 <END> 
<S> 52 60 67 72 / 50 65 69 74 / 71 -50 -65 -74 / 48 67 72 76 / 60 74 77 -48 / 76 79 -48 -60 / 53 59 74 77 / 60 72 76 -53 / 55 67 71 74 / 56 64 71 76 <END> 
<S> 53 60 69 77 / 72 -53 -60 -77 / 55 67 71 74 / 55 59 67 74 / 65 -55 -59 -74 / 48 55 64 72 / 53 62 71 74 / 50 -62 -71 -74 / 52 67 72 76 / 57 -67 -72 -76 / 55 67 71 74 / 53 -67 -74 -74 <END> 
<S> 52 60 67 72 / 50 65 69 74 / 71 -50 -65 -74 / 48 67 72 76 / 60 74 77 -48 / 76 79 -48 -60 / 53 59 74 77 / 60 72 76 -53 / 55 67 71 74 / 56 64 71 76 <END> 
<S> 53 60 69 77 / 72 -53 -60 -77 / 55 67 71 74 / 55 59 67 74 / 65 -55 -59 -74 / 48 55 64 72 / 53 62 71 74 / 50 -62 -71 -74 / 52 67 72 76 / 57 -67 -72 -76 / 55 67 71 74 / 53 -67 -74 -74 <END> 
<S> 52 60 67 72 / 50 65 69 74 / 71 -50 -65 -74 / 48 67 72 76 / 60 74 77 -48 / 76 79 -48 -60 / 53 59 74 77 / 60 72 76 -53 / 55 67 71 74 / 56 64 71 76 <END> 
<S> 53 60 69 77 / 72 -53 -60 -77 / 55 67 71 74 / 55 59 67 74 / 65 -55 -59 -74 / 48 55 64 72 / 53 62 71 74 / 50 -62 -71 -74 / 52 67 72 76 / 57 -67 -72 -76 / 55 67 71 74 / 53 -67 -74 -74 <END> 
<S> 52 60 67 72 / 50 65 69 74 / 71 -50 -65 -74 / 48 67 72 76 / 60 74 77 -48 / 76 79 -48 -60 / 53 59 74 77 / 60 72 76 -53 / 55 67 71 74 / 56 64 71 76 <END> 
<S> 53 60 69 77 / 72 -53 -60 -77 / 55 67 71 74 / 55 59 67 74 / 65 -55 -59 -74 / 48 55 64 72 / 53 62 71 74 / 50 -62 -71 -74 / 52 67 72 76 / 57 -67 -72 -76 / 55 67 71 74 / 53 -67 -74 -74 <END> 
<S> 52 60 67 72 / 50 65 69 74 / 71 -50 -65 -74 / 48 67 72 76 / 60 74 77 -48 / 76 79 -48 -60 / 53 59 74 77 / 60 72 76 -53 / 55 67 71 74 / 56 64 71 76 <END> 
<S> 53 60 69 77 / 72 -53 -60 -77 / 55 67 71 74 / 55 59 67 74 / 65 -55 -59 -74 / 48 55 64 72 / 53 62 71 74 / 50 -62 -71 -74 / 52 67 72 76 / 57 -67 -72 -76 / 55 67 71 74 / 53 -67 -74 -74 <END> 
<S> 52 60 67 72 / 50 65 69 74 / 71 -50 -65 -74 / 48 67 72 76 / 60 74 77 -48 / 76 79 -48 -60 / 53 59 74 77 / 60 72 76 -53 / 55 67 71 74 / 56 64 71 76 <END> 
<S> 53 60 69 77 / 72 -53 -60 -77 / 55 67 71 74 / 55 59 67 74 / 65 -55 -59 -74 / 48 55 64 72 / 53 62 71 74 / 50 -62 -71 -74 / 52 67 72 76 / 57 -67 -72 -76 / 55 67 71 74 / 53 -67 -74 -74 <END> 
<S> 52 60 67 72 / 50 65 69 74 / 71 -50 -65 -74 / 48 67 72 76 / 60 74 77 -48 / 76 79 -48 -60 / 53 59 74 77 / 60 72 76 -53 / 55 67 71 74 / 56 64 71 76 <END> 
<S> 53 60 69 77 / 72 -53 -60 -77 / 55 67 71 74 / 55 59 67 74 / 65 -55 -59 -74 / 48 55 64 72 / 53 62 71 74 / 50 -62 -71 -74 / 52 67 72 76 / 57 -67 -72 -76 / 55 67 71 74 / 53 -67 -74 -74 <END> 
<S> 52 60 67 72 / 50 65 69 74 / 71 -50 -65 -74 / 48 67 72 76 / 60 74 77 -48 / 76 79 -48 -60 / 53 59 74 77 / 60 72 76 -53 / 55 67 71 74 / 56 64 71 76 <END> 
<S> 53 60 69 77 / 72 -53 -60 -77 / 55 67 71 74 / 55 59 67 74 / 65 -55 -59 -74 / 48 55 64 72 / 53 62 71 74 / 50 -62 -71 -74 / 52 67 72 76 / 57 -67 -72 -76 / 55 67 71 74 / 53 -67 -74 -74 <END> 
<S> 52 60 67 72 / 50 65 69 74 / 71 -50 -65 -74 / 48 67 72 76 / 60 74 77 -48 / 76 79 -48 -60 / 53 59 74 77 / 60 72 76 -53 / 55 67 71 74 / 56 64 71 76 <END> 
<S> 53 60 69 77 / 72 -53 -60 -77 / 55 67 71 74 / 55 59 67 74 / 65 -55 -59 -74 / 48 55 64 72 / 53 62 71 74 / 50 -62 -71 -74 / 52 67 72 76 / 57 -67 -72 -76 / 55 67 71 74 / 53 -67 -74 -74 <END> 
<S> 52 60 67 72 / 50 65 69 74 / 71 -50 -65 -74 / 48 67 72 76 / 60 74 77 -48 / 76 79 -48 -60 / 53 59 74 77 / 60 72 76 -53 / 55 67 71 74 / 56 64 71 76 <END> 
<S> 53 60 69 77 / 72 -53 -60 -77 / 55 67 71 74 / 55 59 67 74 / 65 -55 -59 -74 / 48 55 64 72 / 53 62 71 74 / 50 -62 -71 -74 / 52 67 72 76 / 57 -67 -72 -76 / 55 67 71 74 / 53 -67 -74 -74 <END> 
<S> 52 60 67 72 / 50 65 69 74 / 71 -50 -65 -74 / 48 67 72 76 / 60 74 77 -48 / 76 79 -48 -60 / 53 59 74 77 / 60 72 76 -53 / 55 67 71 74 / 56 64 71 76 <END> 
<S> 53 60 69 77 / 72 -53 -60 -77 / 55 67 71 74 / 55 59 67 74 / 65 -55 -59 -74 / 48 55 64 72 / 53 62 71 74 / 50 -62 -71 -74 / 52 67 72 76 / 57 -67 -72 -76 / 55 67 71 74 / 53 -67 -74 -74 <END> 
<S> 52 60 67 72 / 50 65 69 74 / 71 -50 -65 -74 / 48 67 72 76 / 60 74 77 -48 / 76 79 -48 -60 / 53 59 74 77 / 60 72 76 -53 / 55 67 71 74 / 56 64 71 76 <END> 
<S> 53 60 69 77 / 72 -53 -60 -77 / 55 67 71 74 / 55 59 67 74 / 65 -55 -59 -74 / 48 55 64 72 / 53 62 71 74 / 50 -62 -71 -74 / 52 67 72 76 / 57 -67 -72 -76 / 55 67 71 74 / 53 -67 -74 -74 <END> 
<S> 52 60 67 72 / 50 65 69 74 / 71 -50 -65 -74 / 48 67 72 76 / 60 74 77 -48 / 76 79 -48 -60 / 53 59 74 77 / 60 72 76 -53 / 55 67 71 74 / 56 64 71 76 <END> 
<S> 53 60 69 77 / 72 -53 -60 -77 / 55 67 71 74 / 55 59 67 74 / 65 -55 -59 -74 / 48 55 64 72 / 53 62 71 74 / 50 -62 -71 -74 / 52 67 72 76 / 57 -67 -72 -76 / 55 67 71 74 / 53 -67 -74 -74 <END> 
<S> 52 60 67 72 / 50 65 69 74 / 71 -50 -65 -74 / 48 67 72 76 / 60 74 77 -48 / 76 79 -48 -60 / 53 59 74 77 / 60 72 76 -53 / 55 67 71 74 / 56 64 71 76 <END> 
<S> 53 60 69 77 / 72 -53 -60 -77 / 55 67 71 74 / 55 59 67 74 / 65 -55 -59 -74 / 48 55 64 72 / 53 62 71 74 / 50 -62 -71 -74 / 52 67 72 76 / 57 -67 -72 -76 / 55 67 71 74 / 53 -67 -74 -74 <END> 
<S> 52 60 67 72 / 50 65 69 74 / 71 -50 -65 -74 / 48 67 72 76 / 60 74 77 -48 / 76 79 -48 -60 / 53 59 74 77 / 60 72 76 -53 / 55 67 71 74 / 56 64 71 76 <END> 
<S> 53 60 69 77 / 72 -53 -60 -77 / 55 67 71 74 / 55 59 67 74 / 65 -55 -59 -74 / 48 55 64 72 / 53 62 71 74 / 50 -62 -71 -74 / 52 67 72 76 / 57 -67 -72 -76 / 55 67 71 74 / 53 -67 -74 -74 <END> 
<S> 52 60 67 72 / 50 65 69 74 / 71 -50 -65 -74 / 48 67 72 76 / 60 74 77 -48 / 76 79 -48 -60 / 53 59 74 77 / 60 72 76 -53 / 55 67 71 74 / 56 64 71 76 <END> 
<S> 53 60 69 77 / 72 -53 -60 -77 / 55 67 71 74 / 55 59 67 74 / 65 -55 -59 -74 / 48 55 64 72 / 53 62 71 74 / 50 -62 -71 -74 / 52 67 72 76 / 57 -67 -72 -76 / 55 67 71 74 / 53 -67 -74 -74 <END> 
<S> 52 60 67 72 / 50 65 69 74 / 71 -50 -65 -74 / 48 67 72 76 / 60 74 77 -48 / 76 79 -48 -60 / 53 59 74 77 / 60 72 76 -53 / 55 67 71 74 / 56 64 71 76 <END> 
