<S> 48 60 64 67 / 50 65 -60 -67 / 52 60 67 / 48 -60 -67 / 53 60 67 69 / 52 -60 -67 -69 / 53 62 65 69 / 50 -62 -65 -69 / 55 62 65 71 / 53 62 -62 -71 / 52 55 67 71 / 50 65 -55 -71 / 48 55 64 72 <END> 
<S> 53 60 65 69 / 52 62 65 71 / 50 -62 -65 -71 / 52 55 64 72 / 54 57 -64 -72 / 55 59 62 71 / 67 -55 -59 -71 / 48 52 67 69 / 64 72 -48 -67 / 50 62 66 71 / 60 69 -50 -66 / 43 59 62 67 / 48 55 60 64 <END> 
<S> 48 64 69 -67 / 50 62 66 -69 / 60 -50 -66 -69 / 43 59 62 67 / 55 59 62 67 / 53 57 -62 -67 / 52 55 64 72 / 54 57 -64 -72 / 55 59 62 71 / 67 -55 -59 -71 / 48 60 64 69 / 50 57 66 -69 / 52 59 62 67 / 60 64 -52 -67 / 59 62 69 -64 <END> 
<S> 52 55 64 71 / 54 -52 -64 -71 / 55 59 64 71 / 62 -55 -59 -71 / 52 59 64 67 / 50 57 66 71 / 55 59 62 67 / 52 59 64 67 / 50 60 65 69 / 48 64 -60 -69 / 47 59 67 74 / 65 -47 -59 -74 / 48 55 64 72 / 48 55 64 72 / 62 -48 -55 -72 <END> 
<S> 57 60 69 / 59 62 -69 -69 / 54 60 69 -69 / 62 -54 -69 / 55 62 71 -69 / 64 67 -55 -71 / 65 -55 -67 -71 / 48 64 67 72 / 62 71 -48 -67 / 60 76 -67 69 / 66 69 74 / 64 -60 -69 / 62 71 -60 / 55 59 67 / 65 -55 -59 -67 <END> 
<S> 48 60 67 76 / 55 59 67 74 / 71 -55 -59 -67 / 45 -55 -67 -74 / 47 62 67 74 / 48 -62 -67 -74 / 50 62 67 71 / 52 -62 -67 -71 / 50 62 66 69 / 52 60 66 -69 / 43 59 62 67 / 52 60 67 72 <END> 
<S> 50 57 67 69 / 62 -50 -67 -69 / 38 66 -62 -69 / 60 -38 -66 -69 / 43 59 62 67 / 52 60 64 72 / 62 -52 -60 -72 / 45 57 60 65 / 47 62 -57 -65 / 48 57 62 -65 / 60 -57 -57 -65 / 47 55 62 -65 / 60 -47 -55 -65 / 43 55 59 62 / 47 62 -55 / 53 -43 -59 -62 <END> 
<S> 50 57 62 65 / 59 -50 -62 -65 / 45 60 64 / 43 55 59 62 / 41 53 57 62 / 40 55 59 -62 / 38 53 57 -59 / 40 52 55 60 / 50 53 57 -60 / 59 52 -53 -57 / 47 50 55 62 / 48 55 62 64 / 45 57 60 64 / 43 -57 -60 -64 <END> 
<S> 49 52 57 67 / 50 -57 -67 / 65 -45 -57 / 47 50 62 65 / 45 60 -50 -65 / 43 55 59 62 / 41 57 60 62 / 43 55 59 62 / 53 -43 -59 -62 / 48 52 55 60 / 48 55 60 64 / 50 -55 -60 -64 <END> 
<S> 41 60 62 69 / 38 -60 -69 -72 / 43 50 59 67 71 / 48 52 60 67 / 53 52 60 67 / 59 -52 -53 -67 / 52 56 60 72 / 53 69 -52 -72 / 52 64 67 71 / 62 -52 -67 -71 / 60 64 67 69 / 59 62 -67 -72 <END> 
<S> 50 53 57 69 / 55 71 -50 -53 / 52 55 60 72 / 53 74 -55 -60 / 55 59 62 -48 / 53 -55 -59 -62 / 52 55 60 64 / 48 -55 -60 -64 / 50 53 65 -60 / 59 -50 -53 -65 / 52 55 60 64 / 53 -55 -60 -64 / 55 59 62 / 53 55 61 64 / 52 57 -55 -64 <END> 
<S> 50 53 65 -60 / 59 -50 -53 -65 / 52 55 60 64 / 53 -55 -60 -64 / 55 59 62 / 53 55 61 64 / 52 57 -55 -64 / 50 53 62 65 / 52 -57 -62 -65 / 53 57 62 65 / 52 -57 -62 -65 / 57 61 64 / 0 / 55 60 64 67 <END> 
<S> 50 57 62 65 / 59 -50 -62 -65 / 52 55 60 64 / 54 57 -60 -64 / 55 59 62 / 52 59 64 67 / 62 -52 -59 -67 / 45 57 60 65 / 47 55 62 -65 / 48 55 64 -62 / 60 -48 -55 -64 / 43 55 60 62 / 59 -43 -55 -62 / 45 53 57 -62 / 55 52 59 -43 / 53 -43 -59 <END> 
<S> 45 57 60 65 / 47 55 62 -65 / 48 55 64 -62 / 60 -48 -55 -64 / 41 57 60 62 / 44 64 59 -62 / 43 57 60 64 / 41 -57 -60 -64 / 43 59 62 -53 / 52 -43 -59 -62 / 45 52 57 60 / 47 50 62 65 / 48 55 64 / 50 65 -55 / <END> 
<S> 41 57 60 62 / 43 55 59 -62 / 53 -43 -59 -62 / 36 52 55 60 / 48 55 60 64 / 47 -55 -60 -64 / 45 57 60 64 / 43 -57 -60 -64 / 41 57 60 62 / 38 -57 -60 -62 / 43 55 59 -62 / 53 -43 -59 -62 / 36 52 55 60 <END> 
<S> 45 48 57 65 / 47 50 -57 -65 / 48 52 55 64 / 47 55 62 -64 / 45 57 60 65 / 47 50 -57 -65 / 48 55 64 -57 / 47 55 62 65 / 55 -47 -62 / 48 55 60 64 / 58 -48 -55 -64 / 45 57 60 66 / 43 55 59 62 / 41 57 60 64 / 43 62 -57 -60 <END> 
<S> 48 55 60 64 / 47 -55 -60 -64 / 45 57 60 65 / 43 -57 -60 -65 / 41 55 59 62 / 40 52 60 67 / 41 53 60 69 / 43 -53 -60 -69 / 48 60 64 67 / 58 -60 -64 -67 / 45 60 65 69 / 47 -60 -65 -69 / 48 60 64 67 / 58 -48 -64 -67 / 49 64 -58 / 57 -49 -64 <END> 
<S> 53 60 67 69 / 52 -60 -67 -69 / 50 57 65 69 / 55 59 64 67 / 60 62 65 -55 / 43 60 64 67 / 59 -43 -64 -67 / 57 60 64 -64 / 65 -57 -60 / / 55 59 62 / 53 -55 -59 -62 / 52 55 60 64 / 50 -55 -60 -64 / 48 55 62 65 / 47 -55 -62 -65 <END> 
<S> 45 60 65 / 59 -45 -60 -65 / 43 55 59 62 / 41 -55 -59 -62 / 48 55 60 64 / 52 55 59 62 / 53 55 60 64 / 52 -55 -60 -64 / 50 57 65 -60 / 59 -50 -53 -65 / 52 55 60 64 / 53 -55 -60 -64 / 55 59 62 / 53 -55 -59 -62 / 52 55 60 64 / 48 -55 -60 -64 <END> 
<S> 52 55 60 67 / 50 -55 -60 -67 / 48 55 62 65 / 47 -55 -62 -65 / 48 55 60 64 / 48 55 60 64 / 47 62 -55 -60 / 48 55 60 64 / 50 -55 -60 -64 / 55 59 62 / 53 -55 -59 -74 / 52 55 60 67 / 50 -55 -60 -67 / 48 55 62 65 / 47 -55 -62 -65 / 48 55 60 64 / 43 59 62 -55 <END> 
<S> 48 55 62 65 / 47 -55 -62 -65 / 48 55 60 64 / 48 55 60 64 / 58 -48 -55 -64 / 41 57 60 -55 / 53 69 -53 -60 / 55 59 62 -53 / 52 -55 -59 -62 / 50 53 60 -59 / 52 55 -60 -65 / 53 57 62 65 / 50 -57 -62 -65 / 57 60 64 / 55 58 60 64 / 57 -55 -60 -64 <END> 
<S> 52 55 60 67 / 50 -55 -60 -67 / 48 55 62 65 / 47 -55 -62 -65 / 48 55 60 64 / 48 55 60 64 / 47 62 -55 -60 / 48 55 60 64 / 47 62 -55 -60 / 45 57 60 64 / 43 -57 -60 -64 / 41 57 60 62 / 38 -57 -60 -62 / 43 55 59 -62 / 53 -43 -59 -62 / 36 52 55 60 <END> 
<S> 45 48 60 65 / 47 50 -60 -65 / 48 52 55 64 / 53 -48 -55 -64 / 55 60 67 -48 / 59 -48 -55 -67 / 45 57 65 -60 / 43 59 62 67 / 41 60 65 69 / 43 -60 -65 -69 / 52 59 67 71 / 50 -59 -67 -71 / 52 60 67 72 / 54 -60 -67 -72 / 55 67 72 74 / 59 67 74 / 65 -55 -67 -74 <END> 
<S> 47 62 67 / 49 55 69 -67 / 52 60 67 / 58 -52 -67 -72 / 53 57 69 72 / 64 -53 -69 / 47 62 65 74 / 67 -47 -62 -74 / 65 -47 -62 -74 / 48 55 64 72 / 60 64 67 72 / 59 -64 -67 -72 / 57 65 72 -72 / 55 -64 -72 -72 / 53 65 69 -72 / 71 -53 -65 -69 / 60 67 72 76 / 58 -67 -72 -76 <END> 
<S> 60 64 67 72 / 58 -64 -67 -72 / 54 57 62 72 / 55 62 71 / 53 55 60 64 / 52 -55 -60 -64 / 50 57 65 -60 / 59 -50 -57 -65 / 48 55 60 64 / 60 -55 -60 -64 / 43 59 62 62 / 55 59 64 -62 / 57 60 62 -55 / 43 55 59 62 <END> 
<S> 50 53 57 65 / 59 -50 -53 -65 / 52 55 60 64 / 53 -55 -60 -64 / 55 59 62 / 53 55 61 64 / 52 -55 -61 -64 / 50 57 62 65 / 59 -50 -62 -65 / 57 60 64 / 55 59 -60 -64 / 53 57 60 62 / 59 -53 -57 -62 / 57 -53 -57 -62 / 55 59 -62 / 53 -55 -59 -62 <END> 
<S> 50 57 62 65 / 59 -50 -62 -65 / 57 60 64 / 55 59 -60 -64 / 53 57 60 62 / 59 -53 -57 -62 / 57 -53 -57 -62 / 55 59 -62 / 53 -55 -59 -62 / 48 52 55 60 / 45 52 64 72 / 54 -45 -64 -72 / 40 55 64 71 / 62 -40 -55 -71 / 41 57 60 69 / 62 -41 -60 -69 <END> 
<S> 48 52 55 60 / 50 55 62 / 71 -55 -55 / 53 57 60 69 / 59 62 -53 -69 / 48 60 64 67 / 58 -48 -64 -67 / 53 57 60 69 / 55 59 62 -69 / 60 64 -55 / 57 72 -55 -60 / 55 59 62 74 / 53 -59 -62 -74 <END> 
<S> 53 60 62 / 71 -53 -62 / 55 71 -62 / / 64 -55 -71 -79 / 50 62 66 -72 / 67 -50 -62 -72 / 51 62 67 71 / 50 -62 -67 -71 / 52 67 72 / 60 -52 -67 -72 / 55 67 74 -60 / 59 -55 -67 -74 / 57 60 66 72 / 59 62 67 74 / 60 67 76 / 59 -60 -67 -76 <END> 
<S> 52 67 72 / 50 65 71 74 / 48 67 72 76 / 50 -67 -72 -76 / 52 67 72 76 / 53 -67 -72 -76 / 55 67 72 74 / 57 -67 -72 -74 / 59 71 74 -67 / 56 65 -71 -74 / 57 64 72 -71 / 59 -64 -71 -72 / 60 64 69 72 / 62 -64 -69 -72 / 64 68 71 <END> 
<S> 57 64 72 -71 / 69 -57 -64 -72 / 52 64 72 -69 / 53 -64 -69 -72 / 55 62 67 71 / 52 60 64 67 / 50 65 -60 -67 / 52 55 67 72 / 48 57 64 -72 / 55 62 71 / 52 55 67 71 / 50 -55 -67 -71 / 48 64 67 72 / 50 -64 -67 -72 / 52 62 67 71 / 47 -62 -67 -71 / 48 64 67 72 / 48 69 -64 -72 <END> 
<S> 52 55 64 72 / 54 57 -64 -72 / 55 59 62 71 / 52 67 -59 -71 / 48 60 64 69 / 50 57 65 71 / 52 64 -57 -71 / 62 -52 -57 -71 / 45 57 60 72 / 43 59 62 -72 / 48 60 64 72 / 47 62 -60 -72 / 45 60 72 77 / 47 -60 -68 -77 <END> 
<S> 54 57 62 72 / 50 62 66 -72 / 55 62 67 71 / 52 64 67 72 / 50 -64 -67 -72 / 48 62 67 74 / 47 -62 -67 -74 / 45 60 72 76 / 55 -60 -72 -76 / 53 69 72 -60 / 52 67 -60 -72 / 50 65 69 74 / 71 -50 -65 -74 / 48 67 72 76 / 52 -67 -72 -76 <END> 
<S> 52 60 67 72 / 50 53 -67 -72 / 52 55 67 74 / 48 64 67 72 / 65 74 -48 -67 / 60 67 72 76 / 59 -67 -72 -76 / 57 69 72 76 / 55 71 -69 -76 / 53 69 77 / 52 67 -69 -77 / 50 65 69 77 / 48 64 -69 -77 / 47 62 67 79 / 48 60 77 -67 <END> 
<S> 52 67 72 / 60 -52 -67 -72 / 53 65 69 74 / 59 62 67 -74 / 60 64 67 76 / 62 66 74 -76 / 55 -62 -74 -77 / 62 67 73 76 / 60 -67 -72 -76 / 59 67 74 -67 / 65 -59 -67 -74 / 60 64 67 72 / 55 62 67 71 <END> 
<S> 55 67 74 -72 / 71 -55 -67 -74 / 69 -55 -67 -74 / 71 -55 -67 -74 / 65 -55 -71 -74 / 57 64 69 72 / 55 65 -69 -72 / 53 67 70 / 52 -67 -70 / 53 60 67 68 / 64 -53 -60 -68 / 55 59 67 74 / 65 -55 -59 -74 / 56 60 63 72 / 55 -60 -63 -72 <END> 
<S> 53 60 67 68 / 65 -53 -60 -68 / 55 59 65 67 / 63 -55 -67 -71 / 56 65 -67 -71 / 63 -56 -67 -71 / 65 -55 -67 -71 / 48 64 67 72 / 53 65 68 -72 / 55 63 67 72 / 62 -55 -67 -72 / 43 60 67 74 / 59 -43 -67 -74 / 48 60 67 75 / 48 60 67 75 / 50 65 77 -60 <END> 
<S> 48 63 67 72 / 60 -63 -67 -72 / 55 67 71 74 / 60 67 75 / 58 -60 -67 -75 / 56 60 68 77 / 55 -60 -68 -77 / 53 60 70 79 / 52 -60 -70 -79 / 53 60 68 77 / 55 59 67 -77 / 56 60 67 72 / 65 74 -56 -60 <END> 
<S> 56 60 68 77 / 72 -56 -60 -77 / 55 67 72 76 / 54 -55 -67 -72 / 43 62 67 71 / 59 62 67 51 / 60 67 -56 -60 / 59 62 68 -55 / 55 60 63 72 / 56 62 65 71 / 55 64 67 72 / 53 65 68 74 / 55 65 -68 -74 / 56 63 -68 -74 / 55 -63 -70 -77 / 53 68 72 -63 / 46 62 -68 -72 <END> 
<S> 60 64 67 72 / 58 62 -67 -72 / 56 60 65 -72 / 55 67 -60 -72 / 53 60 69 74 / 55 59 67 74 / 65 -55 -67 -74 / 48 60 67 72 / 55 58 67 74 / 56 60 65 72 / 58 74 -56 -65 / 55 67 72 75 / 53 65 68 -75 <END> 
<S> 48 60 67 75 / 58 62 67 74 / 56 63 72 / 55 62 65 70 / 60 63 67 72 / 69 -60 -63 -72 / 58 65 70 74 / 56 65 72 77 / 55 67 72 75 / 53 -67 -72 -75 / 55 67 71 74 / 65 -55 -71 -74 <END> 
<S> 58 65 70 74 / 56 -65 -70 -74 / 55 67 70 75 / 53 -67 -70 -75 / 51 65 70 77 / 50 -65 -70 -77 / 51 63 70 79 / 72 -51 -63 -79 / 47 68 74 77 / 67 -47 -74 -77 / 48 67 72 75 / 66 -48 -72 -75 / 55 67 71 74 <END> 
<S> 50 65 77 -72 / 71 -50 -65 -77 / 48 67 72 75 / 53 68 74 77 / 55 67 71 74 / 55 67 71 74 / 60 67 72 75 / 58 -67 -72 -75 / 57 65 72 77 / 53 75 -65 -72 / 58 65 70 74 / 57 -65 -70 -74 <END> 
<S> 60 67 72 75 / 62 65 71 77 / 63 72 79 / 62 -63 -72 -79 / 59 63 67 79 / 62 65 -67 -79 / 60 67 72 75 / 58 -67 -72 -75 / 56 60 72 77 / 55 70 -60 -77 / 53 60 68 74 / 67 -53 -60 -74 / 53 59 68 74 / 61 -53 -68 -74 <END> 
<S> 56 60 72 77 / 55 70 -60 -77 / 53 65 68 72 / 74 -53 -65 -68 / 48 63 67 75 / 69 -48 -63 -75 / 50 65 70 74 / 51 -65 -70 -74 / 53 65 70 -70 / 51 60 -70 -70 / 53 60 65 69 / 63 -53 -60 -69 / 46 62 65 70 / 48 63 67 -70 <END> 
<S> 53 60 69 77 / 53 60 70 79 / 55 -60 -70 -79 / 53 60 70 79 / 55 -60 -70 -79 / 53 60 68 79 / 55 -60 -68 -79 / 56 60 68 77 / 58 -60 -68 -77 / 60 67 -77 / 72 75 -60 -67 / 58 65 74 -72 / 56 65 72 77 / 55 67 75 -72 <END> 
<S> 56 60 65 77 / 55 -60 -65 -77 / 53 62 70 79 / 51 -62 -70 -79 / 53 60 70 79 / 55 -60 -70 -79 / 57 60 75 77 / 59 -60 -69 -77 / 60 67 75 / 58 -60 -67 -75 / 56 60 68 77 / 55 -60 -68 -77 <END> 
<S> 56 60 72 77 / 55 -60 -72 -77 / 53 70 75 79 / 52 55 60 -79 / 53 60 68 77 / 59 62 67 -77 / 60 63 67 75 / 69 -60 -63 -75 / 55 67 71 74 / 53 -67 -71 -74 <END> 
<S> 60 67 75 / 58 -60 -67 -75 / 56 60 68 75 / 55 -60 -68 -75 / 53 60 68 74 / 55 59 67 -74 / 56 60 67 72 / 65 -56 -60 -72 / 50 62 65 71 / 53 62 -62 -71 / 51 60 67 72 / 48 63 69 -72 / 55 62 71 74 <END> 
<S> 53 60 65 69 / 63 -53 -60 -69 / 55 62 67 70 / 60 63 67 72 / 58 62 74 -67 / 57 60 65 75 / 58 67 -65 / 64 68 -58 -76 / 57 60 65 72 / 55 67 -60 -72 / 53 60 69 48 / 51 -60 -69 -72 / 50 71 74 -60 / 55 67 72 / 65 -55 -72 <END> 
<S> 57 60 65 72 / 55 67 -60 -72 / 53 65 69 72 / 74 -53 -65 -69 / 75 -53 -65 -69 / 46 65 70 74 / 48 63 72 -70 / 50 62 65 70 / 51 -62 -65 -70 / 53 60 65 70 / 51 -60 -65 -70 / 53 62 65 69 / 63 -53 -65 -69 / 46 62 65 70 / 51 63 67 70 / 53 62 -67 -70 <END> 
<S> 53 60 65 70 / 51 -60 -65 -70 / 53 62 65 69 / 63 -53 -65 -69 / 46 62 65 70 / 51 63 67 70 / 53 62 -67 -70 / 51 60 67 72 / 50 -60 -67 -72 / 48 65 67 74 / 47 -65 -67 -74 / 48 63 67 75 / 62 -48 -67 -75 / 50 60 65 74 / 59 -50 -65 -74 <END> 
<S> 51 60 67 72 / 50 -60 -67 -72 / 48 65 67 74 / 47 -65 -67 -74 / 48 63 67 75 / 62 -48 -67 -75 / 50 60 65 74 / 59 -50 -65 -74 / 51 63 67 72 / 56 62 65 -72 / 60 -56 -65 -72 / 55 59 67 74 / 60 63 67 / 65 68 -60 <END> 
<S> 51 63 67 72 / 60 -51 -67 -72 / 53 65 68 74 / 58 67 -65 -74 / 56 63 68 72 / 53 -63 -68 -72 / 51 63 67 70 / 53 68 -63 -70 / 55 58 63 70 / 56 60 -63 -70 / 46 58 62 65 / 68 -46 -58 -62 <END> 
<S> 51 58 65 67 / 63 -51 -58 -67 / 56 60 63 72 / 55 -60 -63 -72 / 53 60 68 72 / 55 67 70 -60 / 53 60 68 -67 / 65 -53 -60 -68 / 48 60 65 67 / 64 -48 -60 -67 / 53 56 60 65 / 62 -53 -56 -65 <END> 
<S> 56 60 65 72 / 55 74 -60 -65 / 53 60 67 75 / 55 -60 -67 -75 / 53 65 68 74 / 63 72 -53 -68 / 55 62 67 71 / 43 59 62 67 / 48 60 63 -67 / 50 58 65 68 / 51 58 63 67 <END> 
<S> 48 60 63 67 / 55 59 62 67 / 53 60 65 68 / 51 59 67 -65 / 51 60 63 -67 / 53 -60 -63 -67 / 55 62 63 70 / 48 -55 -63 -70 / 50 55 62 69 / 51 60 67 -69 / 50 57 -67 -67 <END> 
<S> 55 58 62 70 / 51 55 63 70 / 48 55 67 -63 / 53 60 68 74 / 55 59 67 74 / 65 -55 -67 -74 / 48 63 67 72 / 58 70 -67 -75 / 60 65 68 75 / 62 65 70 75 / 63 -60 -70 -75 <END> 
<S> 48 60 67 75 / 68 72 -60 -75 / 55 67 71 74 / 55 67 71 74 / 60 67 72 75 / 58 -67 -72 -75 / 57 65 72 77 / 53 75 -65 -72 / 58 65 70 74 / 57 -65 -70 -74 <END> 
<S> 60 67 72 75 / 58 65 74 77 / 56 -65 -74 -77 / 55 70 75 79 / 53 -70 -75 -79 / 51 72 75 79 / 50 -72 -75 -79 / 48 68 74 77 / 47 -68 -74 -77 / 48 67 72 75 <END> 
<S> 53 68 72 77 / 74 -53 -68 -77 / 55 67 72 75 / 70 -55 -67 -75 / 53 68 72 77 / 74 -53 -68 -77 / 51 63 75 79 / 58 -63 -75 -79 / 56 60 72 77 / 53 -60 -72 -77 <END> 
<S> 60 63 72 79 / 58 -63 -72 -79 / 56 63 72 77 / 58 62 70 -77 / 68 -58 -62 -77 / 51 58 67 75 / 48 60 69 75 / 46 65 70 74 <END> 
<S> 58 62 65 74 / 67 -58 -62 -74 / 60 63 67 75 / 58 62 -67 -75 / 56 60 72 77 / 55 70 -60 -77 / 53 65 68 72 / 74 -53 -65 -68 / 48 63 67 75 / 69 -48 -63 -75 / 50 65 70 74 / 51 -65 -70 -74 <END> 
<S> 53 60 69 75 / 58 -53 -69 -75 / 60 75 -53 -69 / 46 58 65 74 / 47 62 67 74 / 75 -47 -62 -67 / 77 -47 -62 -67 / 48 62 67 75 / 60 -67 -75 -79 / 67 72 74 -60 / 59 -67 -72 -75 / 56 72 77 -60 / 55 62 71 -77 / 57 72 -62 / 55 59 67 74 <END> 
<S> 48 67 72 75 / 50 -67 -72 -75 / 51 67 72 75 / 53 -67 -72 -75 / 55 67 70 75 / 56 60 68 -75 / 58 62 68 74 / 63 67 72 / 65 65 -68 / 63 67 -65 -70 / 62 65 70 -56 / 55 63 -70 -70 / 56 65 72 -70 / 68 -56 -65 -72 <END> 
<S> 63 67 70 / 61 65 69 75 / 62 65 70 77 / 63 70 79 / 62 -63 -70 -79 / 60 63 72 79 / 58 -63 -72 -79 / 56 63 72 77 / 58 62 70 -77 / 68 -58 -62 -77 / 51 63 67 75 / 48 63 72 79 <END> 
