<S> 57 60 64 72 / 55 57 60 72 / 53 59 62 -72 / 52 60 64 67 / 69 -52 -60 -64 / 50 62 65 71 / 48 64 67 72 / 71 -48 -64 -67 / 50 66 69 -64 / 62 -50 -66 -69 / 60 -50 -66 -69 / 43 59 62 67 / 45 52 69 72 / 54 -45 -69 -72 <END> 
<S> 48 64 67 72 / 71 -48 -64 -67 / 50 57 66 69 / 59 -50 -66 -69 / 43 59 62 67 / 55 59 62 67 / 53 -59 -62 -67 / 52 60 64 67 / 50 65 -60 -67 / 52 55 67 72 / 48 57 65 74 / 53 59 67 -74 / 52 60 67 72 / 50 65 -60 -72 <END> 
<S> 60 64 67 / 59 62 -67 -67 / 57 60 69 -67 / 65 -57 -60 -69 / 59 62 67 79 / 60 -62 -67 -79 / 55 62 67 71 / 57 60 -67 -71 / 62 66 69 74 / 59 68 -62 -74 / 57 64 69 72 / 55 71 -64 -72 / 53 65 69 74 / 52 59 64 -69 -74 / 57 60 64 76 / 65 -57 -60 -76 <END> 
<S> 57 64 69 72 / 50 65 71 74 / 52 64 68 71 / 52 64 68 71 / 57 64 69 72 / 55 67 71 74 / 53 -67 -71 -74 / 52 67 72 76 / 50 65 77 -72 / 67 -50 -72 -77 / 69 -50 -72 -77 / 43 67 71 74 / 45 60 65 72 <END> 
<S> 57 64 69 72 / 50 65 71 74 / 52 64 68 71 / 57 64 69 72 / 59 62 74 -69 / 60 64 76 / 62 77 -60 -72 / 61 64 69 79 / 62 65 69 77 / 69 -62 -65 -77 / 68 71 -62 -77 / 57 69 73 76 / 57 69 72 76 / 55 67 71 -76 <END> 
<S> 59 62 67 79 / 60 64 -67 -79 / 62 65 69 77 / 71 -62 -65 -77 / 64 67 72 76 / 60 -64 -72 -76 / 67 74 -60 -67 / 59 -67 -74 -67 / 60 67 72 76 / 57 -67 -72 -76 / 55 67 72 74 / 53 -67 -72 -74 / 55 67 71 74 / 65 -55 -71 -74 <END> 
<S> 60 67 72 76 / 48 -60 -72 -76 / 70 -48 -60 -76 / 50 65 72 77 / 71 -50 -65 -77 / 52 67 72 76 / 53 -67 -72 -76 / 55 67 74 -72 / 71 -55 -67 -74 / 0 / 56 64 71 76 <END> 
<S> 52 67 72 / 50 65 71 74 / 48 67 72 76 / 52 -67 -72 -76 / 53 69 72 74 / 50 65 -72 -74 / 55 62 71 -74 / 67 -55 -71 -74 / 65 -55 -71 -74 / 48 64 67 72 <END> 
<S> 53 69 72 / 52 67 -72 / 50 65 72 77 / 48 64 72 79 / 55 62 -72 -79 / 52 60 71 79 / 69 -52 -60 -79 / 53 69 74 -60 / 55 59 -74 -74 / 72 -55 -59 -74 / 48 64 67 72 <END> 
<S> 53 69 74 / 71 -53 -62 -74 / 52 72 76 -69 / 53 71 74 81 / 55 62 74 -81 / 59 67 76 / 57 64 -67 -76 / 62 66 -57 -72 / 55 62 71 79 / 64 -55 -71 -79 / 53 62 72 81 / 57 72 -53 -81 / 55 67 71 76 <END> 
<S> 60 64 67 76 / 57 60 69 77 / 62 -57 -69 -77 / 64 67 76 79 / 62 -67 -76 -79 / 57 69 72 77 / 59 67 74 79 / 77 -59 -67 -74 / 60 67 72 76 / 53 69 72 74 / 50 65 71 -74 / 69 -50 -65 -74 / 55 62 71 74 / 43 59 67 74 <END> 
<S> 59 67 74 79 / 60 67 76 / 62 78 -60 / 55 59 67 79 / 62 77 -59 -67 / 60 64 72 76 / 65 -60 -72 -76 / 52 67 72 76 / 53 -67 -72 -76 / 55 67 71 74 / 60 67 72 76 / 55 67 71 74 <END> 
<S> 57 64 72 / 55 59 -64 -72 / 53 60 69 72 / 52 -60 -69 -72 / 50 65 71 77 / 48 67 72 76 / 55 67 71 74 / 65 69 -55 -74 / 60 64 67 76 / 66 69 -60 -76 / 59 67 71 74 / 76 -59 -67 -71 / 57 65 72 77 / 55 76 -72 -77 <END> 
<S> 55 67 71 74 / 60 67 72 76 / 59 -67 -72 -76 / 57 69 72 77 / 59 67 74 79 / 77 -59 -67 -74 / 60 67 72 76 / 53 69 72 74 / 55 67 71 -74 / 65 -55 -71 -74 <END> 
<S> 67 72 76 -60 / 66 69 74 -60 / 59 67 74 / 55 67 71 76 / 60 67 72 76 / 62 71 -67 -76 / 60 64 72 79 / 59 62 74 79 / 67 -59 -74 -79 / 60 67 76 / 65 69 -60 -76 / 64 67 71 79 / 62 74 -67 -79 <END> 
<S> 60 67 72 76 / 59 -67 -72 -76 / 57 69 72 77 / 55 62 71 79 / 64 -55 -71 -79 / 50 65 69 77 / 71 -50 -65 -77 / 52 67 72 76 / 53 -67 -72 -76 / 55 67 71 74 / 52 67 73 76 / 50 69 74 77 / 76 -50 -69 -77 <END> 
<S> 52 60 72 79 / 53 60 69 77 / 55 67 76 -72 / 53 69 74 -72 / 55 67 71 -74 / 72 -55 -67 -71 / 43 62 67 71 / 65 -43 -67 -71 / 48 64 67 72 / 55 67 71 74 / 69 72 -55 -74 / 67 71 74 -55 / 65 -55 -71 -74 <END> 
<S> 55 62 67 71 / 53 59 62 67 / 52 60 67 72 / 50 65 69 74 / 71 -50 -65 -74 / 48 67 72 76 / 60 74 77 -48 / 76 79 -48 -60 / 53 59 74 77 / 60 72 76 -53 / 55 67 71 74 / 56 64 71 76 <END> 
<S> 50 65 72 77 / 71 -50 -65 -77 / 52 67 72 76 / 53 -67 -72 -76 / 55 67 71 74 / 55 67 71 74 / 60 67 72 76 / 59 -67 -72 -76 / 57 69 72 77 / 59 67 74 79 / 77 -59 -67 -74 / 60 76 -67 -74 / 69 72 77 -60 / 70 -60 -72 -77 <END> 
<S> 60 67 72 76 / 59 -67 -72 -76 / 57 69 72 77 / 59 67 74 79 / 77 -59 -67 -74 / 60 76 -67 -76 / 69 77 -60 -72 / 59 71 74 -77 / 60 72 76 / 59 74 -60 -64 / 57 60 69 76 / 55 -60 -69 -76 / 53 59 67 74 / 52 60 67 76 <END> 
<S> 59 67 74 / 65 -59 -67 -74 / 60 64 67 76 / 62 77 -60 -67 / 61 64 69 79 / 62 65 69 77 / 64 67 72 79 / 62 65 -72 -79 / 64 67 72 79 / 65 -67 -72 -79 / 60 67 72 76 / 59 74 -67 -72 / 57 60 72 76 / 59 71 -57 -76 / 56 60 65 77 / 62 74 -56 -65 / 43 59 71 74 <END> 
<S> 64 67 72 79 / 65 74 81 / 64 67 -74 -81 / 62 71 79 55 / 64 -62 -71 -79 / 60 64 72 79 / 62 65 -72 -79 / 64 67 71 79 / 62 65 -71 -79 / 60 64 72 79 / 62 77 -72 -79 / 57 72 76 -72 / 55 71 74 -72 / 53 69 72 -74 / 52 67 72 76 / 53 -67 -72 -76 / 55 67 71 74 / 65 -55 -71 -74 <END> 
<S> 64 67 72 79 / 62 -64 -72 -79 / 60 64 72 79 / 65 -72 -60 / 59 67 74 79 / 60 76 -67 -79 / 62 65 74 81 / 64 -62 -74 -81 / 65 70 81 -81 / 64 67 -70 -76 / 57 69 72 77 / 59 67 74 79 / 77 -59 -67 -74 <END> 
<S> 58 65 74 / 57 60 -65 -74 / 59 62 67 74 / 55 -62 -67 -74 / 60 62 67 76 / 60 -60 -67 -76 / 55 60 67 74 / 59 -55 -67 -74 / 48 64 67 72 / 53 65 69 72 / 52 -65 -69 -72 / 50 65 69 77 / 71 -50 -65 -77 <END> 
<S> 52 60 67 72 / 53 69 -60 -72 / 52 65 71 74 / 50 -65 -71 -74 / 48 67 72 76 / 65 71 74 -48 / 60 67 72 76 / 53 69 74 77 / 55 67 71 74 / 0 / 52 68 71 76 / 74 -52 -68 -71 <END> 
<S> 47 62 67 74 / 48 67 76 -74 / 72 -48 -67 -76 / 55 67 71 74 / 60 67 72 76 / 59 67 74 79 / 65 -59 -74 -79 / 60 64 72 79 / 62 74 77 / 64 76 79 / 62 65 71 -79 <END> 
<S> 67 72 79 / 62 -67 -72 -79 / 60 64 72 79 / 65 -72 -60 / 64 67 72 -60 / 59 62 74 -67 / 57 60 72 76 / 59 71 -60 -76 / 60 62 69 78 / 62 -62 -69 -78 / 59 62 74 79 / 64 71 -74 -79 / 65 72 81 81 / 64 81 -81 -81 / 79 62 -81 -79 / 74 77 -64 <END> 
<S> 57 60 72 76 / 62 77 -57 -72 / 64 67 71 79 / 62 71 -67 -79 / 60 67 72 76 / 65 74 -60 -72 / 64 67 72 -60 / 59 62 -67 -72 / 57 60 72 77 / 59 62 -72 -77 / 60 64 67 76 / 72 -60 -64 -67 / 54 69 74 -72 / 56 64 71 -74 / 57 64 72 / 55 74 -64 -72 / 65 -55 -72 -74 <END> 
<S> 57 60 72 77 / 62 -57 -72 -77 / 64 69 72 76 / 67 71 -76 / 65 69 74 / 62 -69 -74 / 67 71 74 / 65 -67 -71 -74 / 48 64 67 72 / 55 62 67 71 / 53 -62 -67 -71 / 52 60 67 72 / 48 -60 -67 -72 / 43 60 67 74 / 59 -43 -67 -74 / 65 -43 -59 -74 <END> 
<S> 55 67 71 74 / 53 -67 -71 -74 / 52 67 72 76 / 50 -67 -72 -76 / 52 67 72 79 / 53 -67 -72 -79 / 55 67 71 74 / 55 67 71 74 / 65 -55 -71 -74 / 60 64 67 72 / 62 65 69 -72 <END> 
<S> 55 67 74 -72 / 71 -55 -67 -74 / 69 -55 -67 -74 / 71 -55 -67 -74 / 65 -55 -71 -74 / 48 64 67 72 / 60 66 69 74 / 55 59 67 74 / 62 71 -55 -67 / 60 64 69 -55 / 59 62 67 71 <END> 
<S> 59 67 74 / 57 60 -67 -74 / 55 59 67 74 / 53 -59 -67 -74 / 52 61 67 76 / 50 62 65 77 / 52 67 70 79 / 53 65 69 81 / 55 67 71 74 / 55 62 71 74 / 53 59 62 -74 <END> 
<S> 62 65 69 77 / 60 64 67 76 / 58 -64 -67 -76 / 57 60 65 77 / 59 62 67 -77 / 60 67 76 / 64 -60 -67 -76 / 53 65 69 72 / 55 67 71 74 / 56 65 72 76 / 57 64 72 76 <END> 
<S> 57 60 69 76 / 55 -60 -69 -76 / 53 60 69 77 / 76 -53 -69 -77 / 55 62 70 79 / 64 -55 -70 -79 / 53 65 69 72 / 71 74 -53 -65 / 52 67 72 76 / 53 -67 -72 -76 / 55 67 71 74 / 52 -67 -74 -76 / 56 65 72 / 50 74 -65 -72 <END> 
<S> 53 65 69 72 / 53 65 69 74 / 64 -53 -69 -74 / 55 62 67 70 / 72 -55 -62 -67 / 50 67 -55 -67 / 54 62 69 -67 / 60 66 69 / 62 -60 -69 / 55 59 67 71 / 53 60 67 72 / 52 -60 -67 -72 / 53 60 69 74 / 55 59 -69 -74 / 57 60 67 76 / 65 72 -57 -76 <END> 
<S> 52 60 67 72 / 53 69 -60 -72 / 52 65 71 74 / 50 -65 -71 -74 / 48 67 72 76 / 60 -67 -72 -76 / 69 74 77 -60 / 59 67 -74 -77 / 60 67 76 -74 / 72 -60 -67 -76 / 55 67 71 74 / 53 -67 -71 -74 / 52 67 72 / 57 69 77 -72 <END> 
<S> 60 67 76 / 59 -60 -67 -76 / 57 60 72 77 / 55 62 71 79 / 60 64 72 79 / 65 74 -60 -72 / 59 67 74 79 / 77 -59 -67 -74 / 60 67 76 -74 / 72 -60 -67 -76 / 52 67 72 -76 / 53 -67 -72 -76 / 55 67 71 74 / 72 -55 -67 -76 / 55 71 74 -67 / 53 67 71 -74 <END> 
<S> 48 67 72 76 / 50 -67 -72 -76 / 52 67 72 76 / 53 -67 -72 -76 / 55 67 72 74 / 57 -67 -72 -74 / 59 71 74 -67 / 56 65 -71 -74 / 57 64 72 -71 / 59 -64 -71 -72 / 60 64 69 72 / 62 71 -69 / 64 68 -69 / 64 67 -41 <END> 
<S> 57 64 69 72 / 71 -57 -64 -72 / 54 57 62 72 / 50 59 62 71 / 52 55 60 -71 / 50 55 59 62 / 48 52 55 60 / 50 65 -55 -60 / 52 55 60 67 / 50 -55 -60 -67 / 55 62 65 / 47 -55 -65 -74 / 48 60 64 67 / 50 -60 -64 -67 <END> 
<S> 48 52 55 60 / 50 53 55 62 / 52 55 60 64 / 53 -55 -60 -64 / 55 59 62 / 53 -55 -59 -62 / 52 55 60 64 / 48 -55 -60 -64 / 50 55 60 65 / 52 -60 -65 / 53 59 67 71 / 52 60 -67 -71 / 50 60 65 69 / 59 -50 -65 -69 / 52 60 64 67 / 62 -52 -55 -67 / 53 57 60 69 / 55 59 67 -53 / 52 60 -55 -67 / 53 57 62 69 / 50 59 65 -69 / 48 64 67 / 60 62 -48 -67 <END> 
<S> 50 53 57 65 71 / 50 62 65 69 / 52 60 64 67 / 53 -60 -64 -67 / 55 59 62 -53 / 52 -55 -59 -62 / 48 55 60 64 / 48 55 60 64 / 53 55 58 65 / 62 -55 -58 -65 / 57 60 64 65 / 55 -57 -64 / 55 58 62 / 53 -55 -62 -65 <END> 
<S> 48 55 60 64 / 46 -55 -60 -64 / 45 57 60 65 / 43 -57 -60 -65 / 41 55 60 67 / 40 -55 -60 -67 / 43 55 60 62 / 59 -43 -55 -62 / 48 55 60 64 / 47 55 62 67 / 48 55 60 64 / 50 65 -55 -60 / 52 55 60 67 / 50 -55 -60 -67 <END> 
<S> 48 55 60 64 / 50 -55 -60 -64 / 52 55 60 64 / 50 -55 -60 -64 / 55 59 62 / 53 -55 -59 -62 / 52 55 59 67 / 50 -55 -59 -67 / 48 55 60 67 / 47 65 -55 -60 / 48 55 60 64 / 47 62 -55 -60 / 45 48 60 64 / 47 50 -60 -64 / 48 51 57 64 / 50 -57 -64 -64 / 45 57 64 65 / 43 55 59 -64 <END> 
<S> 48 55 60 64 / 47 -55 -60 -64 / 45 57 60 65 / 43 -57 -60 -65 / 41 55 60 67 / 41 -60 -67 -76 / 43 55 60 72 / 59 -43 -55 -60 / 48 55 60 64 / 47 -55 -60 -64 / 45 52 60 67 / 50 53 -60 -67 / 52 55 67 72 / 52 60 -67 -72 / 53 60 69 74 / 50 -60 -69 -74 / 55 59 67 -74 / 65 -55 -59 -74 <END> 
<S> 48 55 60 64 / 50 -55 -60 -64 / 52 55 60 64 / 50 -55 -60 -64 / 52 55 60 64 / 50 -55 -60 -64 / 52 55 59 67 / 55 -55 -59 -67 / 57 60 65 -55 / 53 62 -65 / 55 59 64 67 / 57 60 62 -67 / 43 59 62 / 55 -43 -59 -62 / 48 52 55 60 / 47 55 62 67 / 48 55 64 69 <END> 
<S> 55 62 65 / 60 -55 -62 -65 / 43 55 62 67 / 64 -43 -55 -67 / 45 60 65 -43 / 47 55 62 -65 / 48 55 60 64 / 43 55 60 62 / 59 -43 -55 -62 / 53 -43 -59 -62 / 48 52 55 60 / 47 50 62 67 / 45 48 -62 -67 / 47 50 62 -67 / 45 52 60 -67 / 47 62 -52 -67 <END> 
<S> 43 55 60 62 / 47 -55 -60 -62 / 48 55 60 64 / 43 55 59 62 / 55 -43 -59 -62 / 45 52 60 -59 / 47 -52 -60 / / 48 57 62 64 / 50 -57 -62 -64 / 52 55 62 67 / 53 -55 -62 -67 / 52 55 64 69 / 54 62 -55 -69 / 43 55 62 71 / 59 -43 -55 -62 / 36 52 55 60 / 38 62 -52 -55 / 40 55 60 64 / 38 -55 -60 -64 <END> 
<S> 47 50 62 67 / 45 60 -50 -67 / 47 55 62 67 / 43 -55 -67 -67 / 48 55 60 69 / 53 55 62 71 / 57 72 -55 -62 / 50 55 62 71 / 54 69 -50 -62 / 67 -50 -54 -62 / 43 59 62 67 / 55 59 62 67 / 53 -59 -62 -67 / 52 60 67 72 / 50 65 74 -60 / 52 60 67 72 / 53 69 -60 -72 / 52 60 67 -72 / 50 65 74 -60 <END> 
<S> 50 62 65 69 / 48 64 -62 -69 / 53 59 62 67 / 52 60 67 72 / 50 65 69 74 / 71 -50 -65 -74 / 48 67 72 76 / 60 74 77 -48 / 76 79 -48 -60 / 53 59 74 77 / 60 72 76 -53 / 55 67 71 74 / 56 64 71 76 <END> 
<S> 67 72 -48 -64 / 50 66 69 74 / 55 62 71 74 / 59 67 74 76 / 65 -59 -74 -74 / 60 64 76 79 / 57 69 -60 -76 / 50 65 69 74 / 71 -50 -65 -74 / 52 67 72 / 53 -67 -72 / 55 62 67 -72 / 60 64 69 -72 / 67 71 -60 -64 / 62 66 66 72 / 55 62 67 71 <END> 
<S> 55 67 72 74 / 62 71 -55 -74 / 64 69 -71 -74 / 62 66 71 74 / 60 64 69 76 / 62 71 78 -60 / 59 -62 -66 -81 / 59 62 67 79 / 60 76 -67 / 62 66 74 / 59 67 -62 -74 / 64 67 71 / 62 -64 -67 -71 / 60 64 69 -67 / 62 -60 -67 -69 / 60 62 67 69 / 59 -60 -67 -69 / 57 60 65 69 / 59 62 65 -69 / 60 64 67 -65 / 59 62 -67 -76 <END> 
<S> 60 62 67 76 / 60 -60 -67 -76 / 55 60 67 74 / 59 -55 -67 -74 / 48 64 67 72 / 48 64 67 72 / 65 74 -48 -67 / 60 67 72 76 / 59 -67 -72 -76 / 57 69 72 76 / 55 71 -69 -76 / 53 69 77 / 52 67 -69 -77 / 50 65 69 77 / 48 64 -69 -77 <END> 
<S> 60 67 72 76 / 59 -67 -72 -76 / 57 69 72 77 / 59 -69 74 -77 / 60 67 72 76 / 55 -60 -72 -76 / 53 60 72 74 / 55 59 67 -74 / 65 -55 -59 -74 / 64 -55 -59 -74 / 60 64 72 / 48 -60 -64 -67 <END> 
<S> 55 60 67 76 / 53 -60 -67 -76 / 55 59 67 74 / 65 -55 -59 -74 / 48 55 64 72 / 48 67 72 76 / 50 62 71 77 / 69 -50 -62 -77 / 59 62 67 79 / 60 69 -67 -79 / 59 62 71 79 / 60 67 72 76 <END> 
<S> 47 62 67 79 / 48 60 69 77 / 76 -48 -60 -69 / 50 62 71 77 / 69 -50 -62 -77 / 52 62 67 71 / 50 -62 -67 -71 / 52 60 67 72 / 65 -52 -60 -72 / 52 60 64 70 / 53 60 69 -60 / 52 60 67 -60 / 58 -52 -60 -67 / 53 57 60 69 / 55 59 65 -69 / 60 64 67 / 58 -60 -64 -67 <END> 
<S> 52 60 67 72 / 50 53 -60 -67 / 52 55 67 71 / 48 64 67 72 / 62 74 -48 -67 / 60 76 -67 / 69 77 -60 / 58 62 70 79 / 60 64 72 -79 / 65 69 72 -60 / 59 67 74 79 / 57 60 72 76 / 59 -57 -72 -76 / 60 64 72 76 / 58 -64 -72 -76 <END> 
<S> 53 60 69 81 / 65 -53 -60 -81 / 59 67 79 -53 / 52 -67 -76 -79 / 77 -52 -67 -72 / 76 65 74 -52 / 72 -52 -65 / 64 67 72 / 65 69 74 / 55 67 71 76 / 65 -55 -71 -76 <END> 
<S> 58 65 74 / 57 72 -65 -74 / 55 67 70 76 / 53 -67 -70 -76 / 55 -67 -70 -76 / 56 65 77 -70 / 53 -56 -70 -77 / 55 70 75 79 / 56 -70 -75 -79 / 58 70 74 77 / 68 -58 -74 -77 / 51 67 70 75 <END> 
<S> 53 63 72 77 / 62 -53 -72 -77 / 58 63 70 79 / 57 -63 -70 -79 / 58 62 70 77 / 55 62 70 -77 / 53 -62 -70 -77 / 51 58 70 79 / 55 67 -70 -79 / 77 -55 -67 -70 / 53 65 69 72 / 51 63 -69 -72 <END> 
<S> 58 63 70 79 / 69 -58 -63 -79 / 58 62 70 77 / 55 -62 -70 -77 / 53 -62 -70 -77 / 51 -62 -70 -77 / 50 58 65 77 / 51 67 70 75 / 60 63 69 75 / 58 65 70 74 / 65 69 72 / 71 74 -65 / 60 67 72 75 / 58 -67 -72 -75 <END> 
<S> 58 62 65 74 / 67 -58 -62 -74 / 60 63 68 72 / 62 -63 -68 -72 / 63 61 67 70 / 65 68 -61 -61 / 60 63 67 75 / 58 62 -67 -75 / 56 60 72 77 / 55 70 -60 -77 / 53 65 68 72 / 74 -53 -65 -68 / 75 -53 -65 -68 / 46 65 70 74 <END> 
<S> 53 60 68 77 / 55 67 70 75 / 56 65 68 74 / 58 67 75 / 74 -58 -67 -75 / 53 65 68 72 / 74 -53 -65 -68 / 48 63 67 75 / 69 -48 -63 -75 / 50 65 70 74 / 51 -65 -70 -74 / 53 65 69 72 / 71 74 -53 -65 / 60 67 72 75 / 58 -67 -72 -75 / 56 60 72 77 / 55 67 75 -60 <END> 
<S> 53 65 68 74 / 63 72 -53 -68 / 55 62 67 71 / 59 62 67 67 / 60 63 -67 / 58 62 65 -67 / 56 60 63 72 / 55 58 -63 -72 / 53 56 68 74 / 58 -53 -68 -74 / 51 60 67 75 / 58 -51 -67 -75 / 56 65 68 72 <END> 
<S> 56 60 65 75 / 58 62 65 74 / 56 63 72 / 55 58 70 74 / 53 68 -58 -74 / 51 63 67 75 / 65 -51 -67 -75 / 60 67 75 / 58 -60 -67 -75 / 56 60 68 75 / 55 -60 -68 -75 / 53 60 68 74 / 55 59 67 -74 / 56 60 65 72 / 64 -56 -60 -72 <END> 
<S> 60 67 75 / 58 -60 -67 -75 / 56 60 68 75 / 55 -60 -68 -75 / 53 60 68 74 / 55 59 67 -74 / 56 60 65 72 / 48 -56 -65 -72 / 50 65 70 74 / 51 -65 -70 -74 / 53 65 69 72 / 63 -53 -69 -72 / 46 62 65 70 / 58 67 70 75 / 57 65 72 77 / 58 62 70 77 <END> 
<S> 53 65 70 72 / 63 -53 -70 -72 / 46 62 65 70 / 55 62 70 / 53 56 -62 -70 / 51 55 67 70 / 50 -51 -67 -70 / 48 67 72 / 53 68 -67 -72 / 55 62 67 -72 / 56 65 71 74 / 55 67 72 75 / 57 -67 -72 -75 / 55 67 71 74 / 65 -55 -71 -74 <END> 
