<S> 57 64 69 72 / 72 -57 -64 -72 / 55 67 74 -72 / 71 -55 -67 -74 / 60 67 72 76 / 71 -60 -67 -76 / 69 -60 -67 -76 / 55 67 71 74 / 65 -55 -71 -74 / 48 64 67 72 / 0 / 55 67 71 74 <END> 
<S> 48 64 67 72 / 48 64 67 72 / 65 74 -48 -67 / 60 67 72 76 / 59 -67 -72 -76 / 57 69 72 76 / 55 71 -69 -76 / 53 69 77 / 52 67 -69 -77 / 50 65 69 77 / 48 64 -69 -77 <END> 
<S> 60 67 72 76 / 62 -67 -72 -76 / 55 67 71 74 / 60 67 76 -67 / 62 69 77 -67 / 64 71 79 / 64 65 72 -79 / 64 67 79 84 / 66 74 83 / 59 67 74 -67 / 72 76 -67 -83 / 62 74 78 50 / 72 76 -62 -81 / 55 62 71 79 / 57 64 69 72 / 53 65 -69 -72 <END> 
<S> 62 67 76 / 66 69 -62 / 55 62 67 71 / 55 59 62 67 / 53 -59 -62 -67 / 52 60 67 72 / 50 65 74 -60 / 52 60 67 76 / 53 -60 -67 -76 / 55 59 67 74 / 65 -55 -59 -74 / 57 60 64 72 / 69 -57 -60 -72 / 59 62 67 71 / 60 64 67 76 / 62 65 69 77 <END> 
<S> 52 60 67 72 / 58 -52 -67 -72 / 53 57 69 72 / 52 67 -57 -72 / 50 57 65 74 / 59 -50 -62 -74 / 52 60 64 76 / 50 57 65 -76 / 47 62 67 74 / 65 -47 -62 -74 / 48 60 64 76 / 50 65 -60 -76 / 52 60 67 71 / 53 59 -67 -71 / 52 60 67 72 / 48 64 -60 -72 / 50 65 72 -60 / 71 -50 -65 -72 <END> 
<S> 52 60 67 72 / 50 65 69 74 / 71 -50 -65 -74 / 48 67 72 76 / 60 74 77 -48 / 76 79 -48 -60 / 53 59 74 77 / 60 72 76 -53 / 55 67 71 74 / 56 64 71 76 <END> 
<S> 53 60 69 77 / 72 -53 -60 -77 / 55 67 71 74 / 55 59 67 74 / 65 -55 -59 -74 / 48 55 64 72 / 53 62 71 74 / 50 -62 -71 -74 / 52 67 72 76 / 57 -67 -72 -76 / 55 67 71 74 / 53 -67 -74 -74 <END> 
<S> 52 60 67 72 / 50 65 69 74 / 71 -50 -65 -74 / 48 67 72 76 / 60 74 77 -48 / 76 79 -48 -60 / 53 59 74 77 / 60 72 76 -53 / 55 67 71 74 / 56 64 71 76 <END> 
<S> 53 60 69 77 / 72 -53 -60 -77 / 55 67 71 74 / 55 59 67 74 / 65 -55 -59 -74 / 48 55 64 72 / 53 62 71 74 / 50 -62 -71 -74 / 52 67 72 76 / 57 -67 -72 -76 / 55 67 71 74 / 53 -67 -74 -74 <END> 
<S> 52 60 67 72 / 50 65 69 74 / 71 -50 -65 -74 / 48 67 72 76 / 60 74 77 -48 / 76 79 -48 -60 / 53 59 74 77 / 60 72 76 -53 / 55 67 71 74 / 56 64 71 76 <END> 
<S> 53 60 69 77 / 72 -53 -60 -77 / 55 67 71 74 / 55 59 67 74 / 65 -55 -59 -74 / 48 55 64 72 / 53 62 71 74 / 50 -62 -71 -74 / 52 67 72 76 / 57 -67 -72 -76 / 55 67 71 74 / 53 -67 -74 -74 <END> 
<S> 52 60 67 72 / 50 65 69 74 / 71 -50 -65 -74 / 48 67 72 76 / 60 74 77 -48 / 76 79 -48 -60 / 53 59 74 77 / 60 72 76 -53 / 55 67 71 74 / 56 64 71 76 <END> 
<S> 53 60 69 77 / 72 -53 -60 -77 / 55 67 71 74 / 55 59 67 74 / 65 -55 -59 -74 / 48 55 64 72 / 53 62 71 74 / 50 -62 -71 -74 / 52 67 72 76 / 57 -67 -72 -76 / 55 67 71 74 / 53 -67 -74 -74 <END> 
<S> 52 60 67 72 / 50 65 69 74 / 71 -50 -65 -74 / 48 67 72 76 / 60 74 77 -48 / 76 79 -48 -60 / 53 59 74 77 / 60 72 76 -53 / 55 67 71 74 / 56 64 71 76 <END> 
<S> 53 60 69 77 / 72 -53 -60 -77 / 55 67 71 74 / 55 59 67 74 / 65 -55 -59 -74 / 48 55 64 72 / 53 62 71 74 / 50 -62 -71 -74 / 52 67 72 76 / 57 -67 -72 -76 / 55 67 71 74 / 53 -67 -74 -74 <END> 
<S> 52 60 67 72 / 50 65 69 74 / 71 -50 -65 -74 / 48 67 72 76 / 60 74 77 -48 / 76 79 -48 -60 / 53 59 74 77 / 60 72 76 -53 / 55 67 71 74 / 56 64 71 76 <END> 
<S> 53 60 69 77 / 72 -53 -60 -77 / 55 67 71 74 / 55 59 67 74 / 65 -55 -59 -74 / 48 55 64 72 / 53 62 71 74 / 50 -62 -71 -74 / 52 67 72 76 / 57 -67 -72 -76 / 55 67 71 74 / 53 -67 -74 -74 <END> 
<S> 52 60 67 72 / 50 65 69 74 / 71 -50 -65 -74 / 48 67 72 76 / 60 74 77 -48 / 76 79 -48 -60 / 53 59 74 77 / 60 72 76 -53 / 55 67 71 74 / 56 64 71 76 <END> 
<S> 53 60 69 77 / 72 -53 -60 -77 / 55 67 71 74 / 55 59 67 74 / 65 -55 -59 -74 / 48 55 64 72 / 53 62 71 74 / 50 -62 -71 -74 / 52 67 72 76 / 57 -67 -72 -76 / 55 67 71 74 / 53 -67 -74 -74 <END> 
<S> 52 60 67 72 / 50 65 69 74 / 71 -50 -65 -74 / 48 67 72 76 / 60 74 77 -48 / 76 79 -48 -60 / 53 59 74 77 / 60 72 76 -53 / 55 67 71 74 / 56 64 71 76 <END> 
<S> 53 60 69 77 / 72 -53 -60 -77 / 55 67 71 74 / 55 59 67 74 / 65 -55 -59 -74 / 48 55 64 72 / 53 62 71 74 / 50 -62 -71 -74 / 52 67 72 76 / 57 -67 -72 -76 / 55 67 71 74 / 53 -67 -74 -74 <END> 
<S> 52 60 67 72 / 50 65 69 74 / 71 -50 -65 -74 / 48 67 72 76 / 60 74 77 -48 / 76 79 -48 -60 / 53 59 74 77 / 60 72 76 -53 / 55 67 71 74 / 56 64 71 76 <END> 
<S> 53 60 69 77 / 72 -53 -60 -77 / 55 67 71 74 / 55 59 67 74 / 65 -55 -59 -74 / 48 55 64 72 / 53 62 71 74 / 50 -62 -71 -74 / 52 67 72 76 / 57 -67 -72 -76 / 55 67 71 74 / 53 -67 -74 -74 <END> 
<S> 52 60 67 72 / 50 65 69 74 / 71 -50 -65 -74 / 48 67 72 76 / 60 74 77 -48 / 76 79 -48 -60 / 53 59 74 77 / 60 72 76 -53 / 55 67 71 74 / 56 64 71 76 <END> 
<S> 53 60 69 77 / 72 -53 -60 -77 / 55 67 71 74 / 55 59 67 74 / 65 -55 -59 -74 / 48 55 64 72 / 53 62 71 74 / 50 -62 -71 -74 / 52 67 72 76 / 57 -67 -72 -76 / 55 67 71 74 / 53 -67 -74 -74 <END> 
<S> 52 60 67 72 / 50 65 69 74 / 71 -50 -65 -74 / 48 67 72 76 / 60 74 77 -48 / 76 79 -48 -60 / 53 59 74 77 / 60 72 76 -53 / 55 67 71 74 / 56 64 71 76 <END> 
<S> 53 60 69 77 / 72 -53 -60 -77 / 55 67 71 74 / 55 59 67 74 / 65 -55 -59 -74 / 48 55 64 72 / 53 62 71 74 / 50 -62 -71 -74 / 52 67 72 76 / 57 -67 -72 -76 / 55 67 71 74 / 53 -67 -74 -74 <END> 
<S> 52 60 67 72 / 50 65 69 74 / 71 -50 -65 -74 / 48 67 72 76 / 60 74 77 -48 / 76 79 -48 -60 / 53 59 74 77 / 60 72 76 -53 / 55 67 71 74 / 56 64 71 76 <END> 
<S> 53 60 69 77 / 72 -53 -60 -77 / 55 67 71 74 / 55 59 67 74 / 65 -55 -59 -74 / 48 55 64 72 / 53 62 71 74 / 50 -62 -71 -74 / 52 67 72 76 / 57 -67 -72 -76 / 55 67 71 74 / 53 -67 -74 -74 <END> 
<S> 52 60 67 72 / 50 65 69 74 / 71 -50 -65 -74 / 48 67 72 76 / 60 74 77 -48 / 76 79 -48 -60 / 53 59 74 77 / 60 72 76 -53 / 55 67 71 74 / 56 64 71 76 <END> 
<S> 53 60 69 77 / 72 -53 -60 -77 / 55 67 71 74 / 55 59 67 74 / 65 -55 -59 -74 / 48 55 64 72 / 53 62 71 74 / 50 -62 -71 -74 / 52 67 72 76 / 57 -67 -72 -76 / 55 67 71 74 / 53 -67 -74 -74 <END> 
<S> 52 60 67 72 / 50 65 69 74 / 71 -50 -65 -74 / 48 67 72 76 / 60 74 77 -48 / 76 79 -48 -60 / 53 59 74 77 / 60 72 76 -53 / 55 67 71 74 / 56 64 71 76 <END> 
<S> 53 60 69 77 / 72 -53 -60 -77 / 55 67 71 74 / 55 59 67 74 / 65 -55 -59 -74 / 48 55 64 72 / 53 62 71 74 / 50 -62 -71 -74 / 52 67 72 76 / 57 -67 -72 -76 / 55 67 71 74 / 53 -67 -74 -74 <END> 
<S> 52 60 67 72 / 50 65 69 74 / 71 -50 -65 -74 / 48 67 72 76 / 60 74 77 -48 / 76 79 -48 -60 / 53 59 74 77 / 60 72 76 -53 / 55 67 71 74 / 56 64 71 76 <END> 
<S> 53 60 69 77 / 72 -53 -60 -77 / 55 67 71 74 / 55 59 67 74 / 65 -55 -59 -74 / 48 55 64 72 / 53 62 71 74 / 50 -62 -71 -74 / 52 67 72 76 / 57 -67 -72 -76 / 55 67 71 74 / 53 -67 -74 -74 <END> 
<S> 52 60 67 72 / 50 65 69 74 / 71 -50 -65 -74 / 48 67 72 76 / 60 74 77 -48 / 76 79 -48 -60 / 53 59 74 77 / 60 72 76 -53 / 55 67 71 74 / 56 64 71 76 <END> 
<S> 53 60 69 77 / 72 -53 -60 -77 / 55 67 71 74 / 55 59 67 74 / 65 -55 -59 -74 / 48 55 64 72 / 53 62 71 74 / 50 -62 -71 -74 / 52 67 72 76 / 57 -67 -72 -76 / 55 67 71 74 / 53 -67 -74 -74 <END> 
<S> 52 60 67 72 / 50 65 69 74 / 71 -50 -65 -74 / 48 67 72 76 / 60 74 77 -48 / 76 79 -48 -60 / 53 59 74 77 / 60 72 76 -53 / 55 67 71 74 / 56 64 71 76 <END> 
<S> 53 60 69 77 / 72 -53 -60 -77 / 55 67 71 74 / 55 59 67 74 / 65 -55 -59 -74 / 48 55 64 72 / 53 62 71 74 / 50 -62 -71 -74 / 52 67 72 76 / 57 -67 -72 -76 / 55 67 71 74 / 53 -67 -74 -74 <END> 
<S> 52 60 67 72 / 50 65 69 74 / 71 -50 -65 -74 / 48 67 72 76 / 60 74 77 -48 / 76 79 -48 -60 / 53 59 74 77 / 60 72 76 -53 / 55 67 71 74 / 56 64 71 76 <END> 
<S> 53 60 69 77 / 72 -53 -60 -77 / 55 67 71 74 / 55 59 67 74 / 65 -55 -59 -74 / 48 55 64 72 / 53 62 71 74 / 50 -62 -71 -74 / 52 67 72 76 / 57 -67 -72 -76 / 55 67 71 74 / 53 -67 -74 -74 <END> 
<S> 52 60 67 72 / 50 65 69 74 / 71 -50 -65 -74 / 48 67 72 76 / 60 74 77 -48 / 76 79 -48 -60 / 53 59 74 77 / 60 72 76 -53 / 55 67 71 74 / 56 64 71 76 <END> 
<S> 53 60 69 77 / 72 -53 -60 -77 / 55 67 71 74 / 55 59 67 74 / 65 -55 -59 -74 / 48 55 64 72 / 53 62 71 74 / 50 -62 -71 -74 / 52 67 72 76 / 57 -67 -72 -76 / 55 67 71 74 / 53 -67 -74 -74 <END> 
<S> 52 60 67 72 / 50 65 69 74 / 71 -50 -65 -74 / 48 67 72 76 / 60 74 77 -48 / 76 79 -48 -60 / 53 59 74 77 / 60 72 76 -53 / 55 67 71 74 / 56 64 71 76 <END> 
<S> 53 60 69 77 / 72 -53 -60 -77 / 55 67 71 74 / 55 59 67 74 / 65 -55 -59 -74 / 48 55 64 72 / 53 62 71 74 / 50 -62 -71 -74 / 52 67 72 76 / 57 -67 -72 -76 / 55 67 71 74 / 53 -67 -74 -74 <END> 
<S> 52 60 67 72 / 50 65 69 74 / 71 -50 -65 -74 / 48 67 72 76 / 60 74 77 -48 / 76 79 -48 -60 / 53 59 74 77 / 60 72 76 -53 / 55 67 71 74 / 56 64 71 76 <END> 
<S> 53 60 69 77 / 72 -53 -60 -77 / 55 67 71 74 / 55 59 67 74 / 65 -55 -59 -74 / 48 55 64 72 / 53 62 71 74 / 50 -62 -71 -74 / 52 67 72 76 / 57 -67 -72 -76 / 55 67 71 74 / 53 -67 -74 -74 <END> 
<S> 52 60 67 72 / 50 65 69 74 / 71 -50 -65 -74 / 48 67 72 76 / 60 74 77 -48 / 76 79 -48 -60 / 53 59 74 77 / 60 72 76 -53 / 55 67 71 74 / 56 64 71 76 <END> 
<S> 53 60 69 77 / 72 -53 -60 -77 / 55 67 71 74 / 55 59 67 74 / 65 -55 -59 -74 / 48 55 64 72 / 53 62 71 74 / 50 -62 -71 -74 / 52 67 72 76 / 57 -67 -72 -76 / 55 67 71 74 / 53 -67 -74 -74 <END> 
<S> 52 60 67 72 / 50 65 69 74 / 71 -50 -65 -74 / 48 67 72 76 / 60 74 77 -48 / 76 79 -48 -60 / 53 59 74 77 / 60 72 76 -53 / 55 67 71 74 / 56 64 71 76 <END> 
<S> 53 60 69 77 / 72 -53 -60 -77 / 55 67 71 74 / 55 59 67 74 / 65 -55 -59 -74 / 48 55 64 72 / 53 62 71 74 / 50 -62 -71 -74 / 52 67 72 76 / 57 -67 -72 -76 / 55 67 71 74 / 53 -67 -74 -74 <END> 
<S> 52 60 67 72 / 50 65 69 74 / 71 -50 -65 -74 / 48 67 72 76 / 60 74 77 -48 / 76 79 -48 -60 / 53 59 74 77 / 60 72 76 -53 / 55 67 71 74 / 56 64 71 76 <END> 
<S> 53 60 69 77 / 72 -53 -60 -77 / 55 67 71 74 / 55 59 67 74 / 65 -55 -59 -74 / 48 55 64 72 / 53 62 71 74 / 50 -62 -71 -74 / 52 67 72 76 / 57 -67 -72 -76 / 55 67 71 74 / 53 -67 -74 -74 <END> 
<S> 52 60 67 72 / 50 65 69 74 / 71 -50 -65 -74 / 48 67 72 76 / 60 74 77 -48 / 76 79 -48 -60 / 53 59 74 77 / 60 72 76 -53 / 55 67 71 74 / 56 64 71 76 <END> 
<S> 53 60 69 77 / 72 -53 -60 -77 / 55 67 71 74 / 55 59 67 74 / 65 -55 -59 -74 / 48 55 64 72 / 53 62 71 74 / 50 -62 -71 -74 / 52 67 72 76 / 57 -67 -72 -76 / 55 67 71 74 / 53 -67 -74 -74 <END> 
<S> 52 60 67 72 / 50 65 69 74 / 71 -50 -65 -74 / 48 67 72 76 / 60 74 77 -48 / 76 79 -48 -60 / 53 59 74 77 / 60 72 76 -53 / 55 67 71 74 / 56 64 71 76 <END> 
<S> 53 60 69 77 / 72 -53 -60 -77 / 55 67 71 74 / 55 59 67 74 / 65 -55 -59 -74 / 48 55 64 72 / 53 62 71 74 / 50 -62 -71 -74 / 52 67 72 76 / 57 -67 -72 -76 / 55 67 71 74 / 53 -67 -74 -74 <END> 
<S> 52 60 67 72 / 50 65 69 74 / 71 -50 -65 -74 / 48 67 72 76 / 60 74 77 -48 / 76 79 -48 -60 / 53 59 74 77 / 60 72 76 -53 / 55 67 71 74 / 56 64 71 76 <END> 
<S> 53 60 69 77 / 72 -53 -60 -77 / 55 67 71 74 / 55 59 67 74 / 65 -55 -59 -74 / 48 55 64 72 / 53 62 71 74 / 50 -62 -71 -74 / 52 67 72 76 / 57 -67 -72 -76 / 55 67 71 74 / 53 -67 -74 -74 <END> 
<S> 52 60 67 72 / 50 65 69 74 / 71 -50 -65 -74 / 48 67 72 76 / 60 74 77 -48 / 76 79 -48 -60 / 53 59 74 77 / 60 72 76 -53 / 55 67 71 74 / 56 64 71 76 <END> 
<S> 53 60 69 77 / 72 -53 -60 -77 / 55 67 71 74 / 55 59 67 74 / 65 -55 -59 -74 / 48 55 64 72 / 53 62 71 74 / 50 -62 -71 -74 / 52 67 72 76 / 57 -67 -72 -76 / 55 67 71 74 / 53 -67 -74 -74 <END> 
<S> 52 60 67 72 / 50 65 69 74 / 71 -50 -65 -74 / 48 67 72 76 / 60 74 77 -48 / 76 79 -48 -60 / 53 59 74 77 / 60 72 76 -53 / 55 67 71 74 / 56 64 71 76 <END> 
<S> 53 60 69 77 / 72 -53 -60 -77 / 55 67 71 74 / 55 59 67 74 / 65 -55 -59 -74 / 48 55 64 72 / 53 62 71 74 / 50 -62 -71 -74 / 52 67 72 76 / 57 -67 -72 -76 / 55 67 71 74 / 53 -67 -74 -74 <END> 
<S> 52 60 67 72 / 50 65 69 74 / 71 -50 -65 -74 / 48 67 72 76 / 60 74 77 -48 / 76 79 -48 -60 / 53 59 74 77 / 60 72 76 -53 / 55 67 71 74 / 56 64 71 76 <END> 
<S> 53 60 69 77 / 72 -53 -60 -77 / 55 67 71 74 / 55 59 67 74 / 65 -55 -59 -74 / 48 55 64 72 / 53 62 71 74 / 50 -62 -71 -74 / 52 67 72 76 / 57 -67 -72 -76 / 55 67 71 74 / 53 -67 -74 -74 <END> 
<S> 52 60 67 72 / 50 65 69 74 / 71 -50 -65 -74 / 48 67 72 76 / 60 74 77 -48 / 76 79 -48 -60 / 53 59 74 77 / 60 72 76 -53 / 55 67 71 74 / 56 64 71 76 <END> 
