<S> 60 63 67 72 / 59 62 67 74 / 60 67 75 / 55 59 67 74 / 65 -55 -59 -74 / 56 60 63 72 / 53 65 68 74 / 55 62 67 71 <END> 
<S> 56 60 63 72 / 65 -56 -60 -72 / 55 62 67 70 / 53 -62 -67 -70 / 51 60 67 72 / 55 -60 -67 -72 / 53 57 65 72 / 63 -53 -57 -72 / 46 62 65 70 / 67 75 -53 -65 / 47 62 67 74 / 65 -47 -62 -74 / 48 63 67 72 / 50 -63 -67 -72 <END> 
<S> 58 65 70 74 / 56 -65 -70 -74 / 55 63 70 75 / 65 -55 -70 -75 / 53 68 72 74 / 55 67 71 -74 / 65 -55 -71 -74 / 48 63 67 72 / 51 58 67 79 / 60 -51 -67 -79 / 53 60 69 77 / 58 -60 -69 -77 / 60 67 72 / 55 58 67 74 <END> 
<S> 48 63 72 -67 / 68 -48 -63 -72 / 50 65 70 -68 / 51 58 67 -70 / 53 60 69 -67 / 62 65 -53 -69 / 63 -53 -69 / 46 62 65 70 / 51 63 67 70 / 50 65 69 / 55 71 -65 / 63 72 -55 / 50 59 65 74 / 60 67 75 / 58 -60 -67 -75 <END> 
<S> 51 63 67 70 / 50 65 69 -70 / 51 63 67 70 / 53 62 -67 -70 / 60 67 72 -53 / 58 -60 -67 -72 / 56 60 65 -72 / 58 62 74 -65 / 51 67 72 75 / 53 68 72 77 / 55 62 71 79 / 60 63 72 / 56 65 -60 -72 <END> 
<S> 56 63 68 72 / 55 -63 -68 -72 / 53 61 67 70 / 52 -61 -67 -70 / 53 60 67 68 / 55 -60 -67 -68 / 56 60 65 68 / 53 -60 -65 -68 / 60 64 67 / 57 60 65 75 <END> 
<S> 44 60 65 / 56 60 65 72 / 62 -56 -60 -72 / 50 58 65 70 / 51 58 63 -70 / 53 56 65 68 / 55 63 67 70 / 61 -55 -67 -70 / 53 60 68 -67 / 65 -53 -60 -68 / 48 60 65 67 <END> 
<S> 56 63 68 72 / 55 -63 -68 -72 / 53 61 67 70 / 52 -61 -67 -70 / 53 60 67 68 / 55 -60 -67 -68 / 56 60 65 68 / 53 -60 -65 -68 / 60 64 67 / 57 60 65 75 <END> 
<S> 44 60 65 / 56 60 65 72 / 62 -56 -60 -72 / 50 58 65 70 / 51 58 63 -70 / 53 56 65 68 / 55 63 67 70 / 61 -55 -67 -70 / 53 60 68 -67 / 65 -53 -60 -68 / 48 60 65 67 <END> 
<S> 56 63 68 72 / 55 -63 -68 -72 / 53 61 67 70 / 52 -61 -67 -70 / 53 60 67 68 / 55 -60 -67 -68 / 56 60 65 68 / 53 -60 -65 -68 / 60 64 67 / 57 60 65 75 <END> 
<S> 44 60 65 / 56 60 65 72 / 62 -56 -60 -72 / 50 58 65 70 / 51 58 63 -70 / 53 56 65 68 / 55 63 67 70 / 61 -55 -67 -70 / 53 60 68 -67 / 65 -53 -60 -68 / 48 60 65 67 <END> 
<S> 56 63 68 72 / 55 -63 -68 -72 / 53 61 67 70 / 52 -61 -67 -70 / 53 60 67 68 / 55 -60 -67 -68 / 56 60 65 68 / 53 -60 -65 -68 / 60 64 67 / 57 60 65 75 <END> 
<S> 44 60 65 / 56 60 65 72 / 62 -56 -60 -72 / 50 58 65 70 / 51 58 63 -70 / 53 56 65 68 / 55 63 67 70 / 61 -55 -67 -70 / 53 60 68 -67 / 65 -53 -60 -68 / 48 60 65 67 <END> 
<S> 56 63 68 72 / 55 -63 -68 -72 / 53 61 67 70 / 52 -61 -67 -70 / 53 60 67 68 / 55 -60 -67 -68 / 56 60 65 68 / 53 -60 -65 -68 / 60 64 67 / 57 60 65 75 <END> 
<S> 44 60 65 / 56 60 65 72 / 62 -56 -60 -72 / 50 58 65 70 / 51 58 63 -70 / 53 56 65 68 / 55 63 67 70 / 61 -55 -67 -70 / 53 60 68 -67 / 65 -53 -60 -68 / 48 60 65 67 <END> 
<S> 56 63 68 72 / 55 -63 -68 -72 / 53 61 67 70 / 52 -61 -67 -70 / 53 60 67 68 / 55 -60 -67 -68 / 56 60 65 68 / 53 -60 -65 -68 / 60 64 67 / 57 60 65 75 <END> 
<S> 44 60 65 / 56 60 65 72 / 62 -56 -60 -72 / 50 58 65 70 / 51 58 63 -70 / 53 56 65 68 / 55 63 67 70 / 61 -55 -67 -70 / 53 60 68 -67 / 65 -53 -60 -68 / 48 60 65 67 <END> 
<S> 56 63 68 72 / 55 -63 -68 -72 / 53 61 67 70 / 52 -61 -67 -70 / 53 60 67 68 / 55 -60 -67 -68 / 56 60 65 68 / 53 -60 -65 -68 / 60 64 67 / 57 60 65 75 <END> 
<S> 44 60 65 / 56 60 65 72 / 62 -56 -60 -72 / 50 58 65 70 / 51 58 63 -70 / 53 56 65 68 / 55 63 67 70 / 61 -55 -67 -70 / 53 60 68 -67 / 65 -53 -60 -68 / 48 60 65 67 <END> 
<S> 56 63 68 72 / 55 -63 -68 -72 / 53 61 67 70 / 52 -61 -67 -70 / 53 60 67 68 / 55 -60 -67 -68 / 56 60 65 68 / 53 -60 -65 -68 / 60 64 67 / 57 60 65 75 <END> 
<S> 44 60 65 / 56 60 65 72 / 62 -56 -60 -72 / 50 58 65 70 / 51 58 63 -70 / 53 56 65 68 / 55 63 67 70 / 61 -55 -67 -70 / 53 60 68 -67 / 65 -53 -60 -68 / 48 60 65 67 <END> 
<S> 56 63 68 72 / 55 -63 -68 -72 / 53 61 67 70 / 52 -61 -67 -70 / 53 60 67 68 / 55 -60 -67 -68 / 56 60 65 68 / 53 -60 -65 -68 / 60 64 67 / 57 60 65 75 <END> 
<S> 44 60 65 / 56 60 65 72 / 62 -56 -60 -72 / 50 58 65 70 / 51 58 63 -70 / 53 56 65 68 / 55 63 67 70 / 61 -55 -67 -70 / 53 60 68 -67 / 65 -53 -60 -68 / 48 60 65 67 <END> 
<S> 56 63 68 72 / 55 -63 -68 -72 / 53 61 67 70 / 52 -61 -67 -70 / 53 60 67 68 / 55 -60 -67 -68 / 56 60 65 68 / 53 -60 -65 -68 / 60 64 67 / 57 60 65 75 <END> 
<S> 44 60 65 / 56 60 65 72 / 62 -56 -60 -72 / 50 58 65 70 / 51 58 63 -70 / 53 56 65 68 / 55 63 67 70 / 61 -55 -67 -70 / 53 60 68 -67 / 65 -53 -60 -68 / 48 60 65 67 <END> 
<S> 56 63 68 72 / 55 -63 -68 -72 / 53 61 67 70 / 52 -61 -67 -70 / 53 60 67 68 / 55 -60 -67 -68 / 56 60 65 68 / 53 -60 -65 -68 / 60 64 67 / 57 60 65 75 <END> 
<S> 44 60 65 / 56 60 65 72 / 62 -56 -60 -72 / 50 58 65 70 / 51 58 63 -70 / 53 56 65 68 / 55 63 67 70 / 61 -55 -67 -70 / 53 60 68 -67 / 65 -53 -60 -68 / 48 60 65 67 <END> 
<S> 56 63 68 72 / 55 -63 -68 -72 / 53 61 67 70 / 52 -61 -67 -70 / 53 60 67 68 / 55 -60 -67 -68 / 56 60 65 68 / 53 -60 -65 -68 / 60 64 67 / 57 60 65 75 <END> 
<S> 44 60 65 / 56 60 65 72 / 62 -56 -60 -72 / 50 58 65 70 / 51 58 63 -70 / 53 56 65 68 / 55 63 67 70 / 61 -55 -67 -70 / 53 60 68 -67 / 65 -53 -60 -68 / 48 60 65 67 <END> 
<S> 56 63 68 72 / 55 -63 -68 -72 / 53 61 67 70 / 52 -61 -67 -70 / 53 60 67 68 / 55 -60 -67 -68 / 56 60 65 68 / 53 -60 -65 -68 / 60 64 67 / 57 60 65 75 <END> 
<S> 44 60 65 / 56 60 65 72 / 62 -56 -60 -72 / 50 58 65 70 / 51 58 63 -70 / 53 56 65 68 / 55 63 67 70 / 61 -55 -67 -70 / 53 60 68 -67 / 65 -53 -60 -68 / 48 60 65 67 <END> 
<S> 56 63 68 72 / 55 -63 -68 -72 / 53 61 67 70 / 52 -61 -67 -70 / 53 60 67 68 / 55 -60 -67 -68 / 56 60 65 68 / 53 -60 -65 -68 / 60 64 67 / 57 60 65 75 <END> 
<S> 44 60 65 / 56 60 65 72 / 62 -56 -60 -72 / 50 58 65 70 / 51 58 63 -70 / 53 56 65 68 / 55 63 67 70 / 61 -55 -67 -70 / 53 60 68 -67 / 65 -53 -60 -68 / 48 60 65 67 <END> 
<S> 56 63 68 72 / 55 -63 -68 -72 / 53 61 67 70 / 52 -61 -67 -70 / 53 60 67 68 / 55 -60 -67 -68 / 56 60 65 68 / 53 -60 -65 -68 / 60 64 67 / 57 60 65 75 <END> 
<S> 44 60 65 / 56 60 65 72 / 62 -56 -60 -72 / 50 58 65 70 / 51 58 63 -70 / 53 56 65 68 / 55 63 67 70 / 61 -55 -67 -70 / 53 60 68 -67 / 65 -53 -60 -68 / 48 60 65 67 <END> 
<S> 56 63 68 72 / 55 -63 -68 -72 / 53 61 67 70 / 52 -61 -67 -70 / 53 60 67 68 / 55 -60 -67 -68 / 56 60 65 68 / 53 -60 -65 -68 / 60 64 67 / 57 60 65 75 <END> 
<S> 44 60 65 / 56 60 65 72 / 62 -56 -60 -72 / 50 58 65 70 / 51 58 63 -70 / 53 56 65 68 / 55 63 67 70 / 61 -55 -67 -70 / 53 60 68 -67 / 65 -53 -60 -68 / 48 60 65 67 <END> 
<S> 56 63 68 72 / 55 -63 -68 -72 / 53 61 67 70 / 52 -61 -67 -70 / 53 60 67 68 / 55 -60 -67 -68 / 56 60 65 68 / 53 -60 -65 -68 / 60 64 67 / 57 60 65 75 <END> 
<S> 44 60 65 / 56 60 65 72 / 62 -56 -60 -72 / 50 58 65 70 / 51 58 63 -70 / 53 56 65 68 / 55 63 67 70 / 61 -55 -67 -70 / 53 60 68 -67 / 65 -53 -60 -68 / 48 60 65 67 <END> 
<S> 56 63 68 72 / 55 -63 -68 -72 / 53 61 67 70 / 52 -61 -67 -70 / 53 60 67 68 / 55 -60 -67 -68 / 56 60 65 68 / 53 -60 -65 -68 / 60 64 67 / 57 60 65 75 <END> 
<S> 44 60 65 / 56 60 65 72 / 62 -56 -60 -72 / 50 58 65 70 / 51 58 63 -70 / 53 56 65 68 / 55 63 67 70 / 61 -55 -67 -70 / 53 60 68 -67 / 65 -53 -60 -68 / 48 60 65 67 <END> 
<S> 56 63 68 72 / 55 -63 -68 -72 / 53 61 67 70 / 52 -61 -67 -70 / 53 60 67 68 / 55 -60 -67 -68 / 56 60 65 68 / 53 -60 -65 -68 / 60 64 67 / 57 60 65 75 <END> 
<S> 44 60 65 / 56 60 65 72 / 62 -56 -60 -72 / 50 58 65 70 / 51 58 63 -70 / 53 56 65 68 / 55 63 67 70 / 61 -55 -67 -70 / 53 60 68 -67 / 65 -53 -60 -68 / 48 60 65 67 <END> 
<S> 56 63 68 72 / 55 -63 -68 -72 / 53 61 67 70 / 52 -61 -67 -70 / 53 60 67 68 / 55 -60 -67 -68 / 56 60 65 68 / 53 -60 -65 -68 / 60 64 67 / 57 60 65 75 <END> 
<S> 44 60 65 / 56 60 65 72 / 62 -56 -60 -72 / 50 58 65 70 / 51 58 63 -70 / 53 56 65 68 / 55 63 67 70 / 61 -55 -67 -70 / 53 60 68 -67 / 65 -53 -60 -68 / 48 60 65 67 <END> 
<S> 56 63 68 72 / 55 -63 -68 -72 / 53 61 67 70 / 52 -61 -67 -70 / 53 60 67 68 / 55 -60 -67 -68 / 56 60 65 68 / 53 -60 -65 -68 / 60 64 67 / 57 60 65 75 <END> 
<S> 44 60 65 / 56 60 65 72 / 62 -56 -60 -72 / 50 58 65 70 / 51 58 63 -70 / 53 56 65 68 / 55 63 67 70 / 61 -55 -67 -70 / 53 60 68 -67 / 65 -53 -60 -68 / 48 60 65 67 <END> 
<S> 56 63 68 72 / 55 -63 -68 -72 / 53 61 67 70 / 52 -61 -67 -70 / 53 60 67 68 / 55 -60 -67 -68 / 56 60 65 68 / 53 -60 -65 -68 / 60 64 67 / 57 60 65 75 <END> 
<S> 44 60 65 / 56 60 65 72 / 62 -56 -60 -72 / 50 58 65 70 / 51 58 63 -70 / 53 56 65 68 / 55 63 67 70 / 61 -55 -67 -70 / 53 60 68 -67 / 65 -53 -60 -68 / 48 60 65 67 <END> 
<S> 56 63 68 72 / 55 -63 -68 -72 / 53 61 67 70 / 52 -61 -67 -70 / 53 60 67 68 / 55 -60 -67 -68 / 56 60 65 68 / 53 -60 -65 -68 / 60 64 67 / 57 60 65 75 <END> 
<S> 44 60 65 / 56 60 65 72 / 62 -56 -60 -72 / 50 58 65 70 / 51 58 63 -70 / 53 56 65 68 / 55 63 67 70 / 61 -55 -67 -70 / 53 60 68 -67 / 65 -53 -60 -68 / 48 60 65 67 <END> 
<S> 56 63 68 72 / 55 -63 -68 -72 / 53 61 67 70 / 52 -61 -67 -70 / 53 60 67 68 / 55 -60 -67 -68 / 56 60 65 68 / 53 -60 -65 -68 / 60 64 67 / 57 60 65 75 <END> 
<S> 44 60 65 / 56 60 65 72 / 62 -56 -60 -72 / 50 58 65 70 / 51 58 63 -70 / 53 56 65 68 / 55 63 67 70 / 61 -55 -67 -70 / 53 60 68 -67 / 65 -53 -60 -68 / 48 60 65 67 <END> 
<S> 56 63 68 72 / 55 -63 -68 -72 / 53 61 67 70 / 52 -61 -67 -70 / 53 60 67 68 / 55 -60 -67 -68 / 56 60 65 68 / 53 -60 -65 -68 / 60 64 67 / 57 60 65 75 <END> 
<S> 44 60 65 / 56 60 65 72 / 62 -56 -60 -72 / 50 58 65 70 / 51 58 63 -70 / 53 56 65 68 / 55 63 67 70 / 61 -55 -67 -70 / 53 60 68 -67 / 65 -53 -60 -68 / 48 60 65 67 <END> 
<S> 56 63 68 72 / 55 -63 -68 -72 / 53 61 67 70 / 52 -61 -67 -70 / 53 60 67 68 / 55 -60 -67 -68 / 56 60 65 68 / 53 -60 -65 -68 / 60 64 67 / 57 60 65 75 <END> 
<S> 44 60 65 / 56 60 65 72 / 62 -56 -60 -72 / 50 58 65 70 / 51 58 63 -70 / 53 56 65 68 / 55 63 67 70 / 61 -55 -67 -70 / 53 60 68 -67 / 65 -53 -60 -68 / 48 60 65 67 <END> 
<S> 56 63 68 72 / 55 -63 -68 -72 / 53 61 67 70 / 52 -61 -67 -70 / 53 60 67 68 / 55 -60 -67 -68 / 56 60 65 68 / 53 -60 -65 -68 / 60 64 67 / 57 60 65 75 <END> 
<S> 44 60 65 / 56 60 65 72 / 62 -56 -60 -72 / 50 58 65 70 / 51 58 63 -70 / 53 56 65 68 / 55 63 67 70 / 61 -55 -67 -70 / 53 60 68 -67 / 65 -53 -60 -68 / 48 60 65 67 <END> 
<S> 56 63 68 72 / 55 -63 -68 -72 / 53 61 67 70 / 52 -61 -67 -70 / 53 60 67 68 / 55 -60 -67 -68 / 56 60 65 68 / 53 -60 -65 -68 / 60 64 67 / 57 60 65 75 <END> 
<S> 44 60 65 / 56 60 65 72 / 62 -56 -60 -72 / 50 58 65 70 / 51 58 63 -70 / 53 56 65 68 / 55 63 67 70 / 61 -55 -67 -70 / 53 60 68 -67 / 65 -53 -60 -68 / 48 60 65 67 <END> 
<S> 56 63 68 72 / 55 -63 -68 -72 / 53 61 67 70 / 52 -61 -67 -70 / 53 60 67 68 / 55 -60 -67 -68 / 56 60 65 68 / 53 -60 -65 -68 / 60 64 67 / 57 60 65 75 <END> 
<S> 44 60 65 / 56 60 65 72 / 62 -56 -60 -72 / 50 58 65 70 / 51 58 63 -70 / 53 56 65 68 / 55 63 67 70 / 61 -55 -67 -70 / 53 60 68 -67 / 65 -53 -60 -68 / 48 60 65 67 <END> 
<S> 56 63 68 72 / 55 -63 -68 -72 / 53 61 67 70 / 52 -61 -67 -70 / 53 60 67 68 / 55 -60 -67 -68 / 56 60 65 68 / 53 -60 -65 -68 / 60 64 67 / 57 60 65 75 <END> 
<S> 44 60 65 / 56 60 65 72 / 62 -56 -60 -72 / 50 58 65 70 / 51 58 63 -70 / 53 56 65 68 / 55 63 67 70 / 61 -55 -67 -70 / 53 60 68 -67 / 65 -53 -60 -68 / 48 60 65 67 <END> 
<S> 56 63 68 72 / 55 -63 -68 -72 / 53 61 67 70 / 52 -61 -67 -70 / 53 60 67 68 / 55 -60 -67 -68 / 56 60 65 68 / 53 -60 -65 -68 / 60 64 67 / 57 60 65 75 <END> 
