<S> 48 55 60 63 / 46 58 61 65 / 44 51 68 -61 / 60 -44 -51 -68 / 46 58 65 -51 / 49 -46 -58 -65 / 41 48 56 65 / 0 / 53 56 60 68 / 58 62 -53 -68 <END> 
<S> 50 53 58 65 / 60 -50 -53 -65 / 48 58 62 65 / 46 -58 -62 -65 / 51 58 63 67 / 50 -58 -63 -67 / 48 60 63 67 / 46 -60 -63 -67 / 44 58 65 -63 / 63 -44 -58 -65 / 46 58 62 65 / 56 -46 -62 -65 / 39 55 58 63 / 51 55 58 / 50 53 -58 <END> 
<S> 44 60 65 / 53 62 -44 -65 / 60 63 -41 -53 -68 / 46 58 62 65 / 48 63 -58 -65 / 50 58 65 -63 / 60 -50 -58 -65 / 46 58 62 65 / 56 58 63 / 55 62 -58 -63 / 56 60 63 / 55 58 63 / 56 60 -56 -63 / 55 58 62 / 53 56 60 <END> 
<S> 56 63 65 / 55 58 -63 -65 / 60 63 -58 -63 / 57 61 -63 -67 / 44 60 63 65 / 59 -44 -63 -65 / 60 62 -44 -65 / 43 62 -60 -65 / 44 60 63 / 46 58 62 65 / 56 -46 -62 -65 / 39 55 58 67 <END> 
<S> 44 60 65 -63 / 46 58 62 -65 / 56 -46 -62 -65 / 39 55 58 63 / 51 55 58 67 / 50 55 63 69 / 48 -55 -63 -69 / 50 54 62 70 / 48 55 62 67 / 46 -55 -62 -67 <END> 
<S> 48 55 63 69 / 45 -55 -63 -69 / 50 62 69 -55 / 54 -50 -62 -69 / 43 58 62 67 / 58 62 67 -43 / 55 62 67 70 / 53 -62 -67 -70 / 51 60 67 72 / 55 -60 -67 -72 / 53 65 69 72 / 63 -53 -69 -72 / 46 62 65 70 / 48 63 69 75 <END> 
<S> 51 60 67 75 / 53 -60 -67 -75 / 55 60 67 74 / 43 59 -67 -74 / 65 74 -43 -59 / 48 55 63 72 / 60 63 67 72 / 58 -63 -67 -72 / 56 63 72 77 / 58 -63 -72 -77 / 60 67 75 -72 / 53 -67 -72 -75 <END> 
<S> 48 63 68 72 / 49 65 70 / 48 63 67 -70 / 69 -48 -63 -67 / 50 58 65 70 / 51 58 63 67 / 50 -58 -67 -67 / 48 60 67 75 / 58 -60 -67 -75 / 56 60 65 75 / 55 -60 -65 -75 / 53 60 65 68 / 63 -53 -60 -68 / 55 59 67 74 / 55 59 67 74 <END> 
<S> 44 60 65 / 59 62 -44 -65 / 60 -44 -65 -68 / 43 62 67 -65 / 47 62 67 79 / 48 60 67 75 / 72 -48 -67 -75 / 55 65 74 -72 / 71 -55 -65 -74 / 48 63 72 79 / 60 63 72 79 <END> 
<S> 48 67 75 -67 / 60 72 -67 -75 / 55 67 74 -72 / 71 -55 -67 -74 / 60 67 72 75 / 58 -67 -72 -75 / 56 60 72 77 / 55 70 -60 -77 / 53 65 68 72 / 74 -53 -65 -68 / 75 -53 -65 -68 / 46 65 74 -68 / 48 63 75 -65 <END> 
<S> 56 60 68 77 / 55 -60 -68 -77 / 53 61 70 79 / 52 -61 -70 -79 / 53 60 69 77 / 55 67 -60 -77 / 57 60 65 -74 / 58 64 67 74 / 57 60 65 -74 / 55 58 67 75 / 53 60 65 68 / 62 -53 -65 -68 / 63 -53 -60 -68 <END> 
<S> 53 60 68 74 / 55 59 67 -74 / 56 60 65 -74 / 72 -56 -60 -65 / 55 62 67 70 / 50 62 65 70 / 51 60 67 72 / 63 -51 -60 -72 / 46 65 74 -60 / 55 59 67 -74 / 56 60 67 75 / 72 -60 -67 -75 / 55 62 71 74 / 55 62 71 74 <END> 
<S> 56 60 65 72 / 55 74 -60 -72 / 53 -60 -67 -74 / 55 59 67 -74 / 65 -55 -59 -74 / 48 60 63 72 / 50 58 70 77 / 51 63 70 79 / 53 -63 -70 -79 / 55 63 70 79 / 56 -63 -70 -79 / 58 65 70 74 / 60 75 -65 -70 / 62 71 77 -65 / 59 62 74 -77 <END> 
<S> 51 58 70 79 / 53 -58 -70 -79 / 55 58 70 77 / 56 60 -70 -77 / 58 62 65 74 / 68 -58 -62 -74 / 55 58 67 75 / 57 60 -67 -75 / 58 62 65 74 / 63 67 -58 -74 / 53 65 68 72 / 59 74 -53 -68 / 60 67 -53 / 58 62 -67 -76 / 56 65 72 77 / 55 64 -72 -77 / 53 65 68 -72 / 74 -53 -65 -68 <END> 
<S> 53 60 68 74 / 72 -53 -60 -68 / 55 59 67 74 / 65 -55 -59 -74 / 48 60 63 72 / 55 58 67 75 / 51 58 67 70 / 65 -51 -58 -70 / 56 60 68 72 / 55 70 -60 -67 / 53 60 65 68 / 58 67 -53 -65 / 48 60 67 -65 / 64 -48 -60 -67 <END> 
<S> 51 58 67 75 / 60 -51 -67 -75 / 53 60 69 72 / 51 -60 -69 -72 / 50 65 70 74 / 48 -65 -70 -74 / 55 59 67 74 / 53 60 68 74 / 59 -53 -68 -74 / 54 60 69 74 / 62 -54 -69 -74 / 55 62 67 -74 / 54 62 69 74 / 60 -54 -69 -74 <END> 
<S> 59 62 67 74 / 60 -62 -67 -74 / 55 62 67 71 / 53 -62 -67 -71 / 51 63 67 72 / 48 -63 -67 -72 / 55 62 67 70 / 60 63 67 75 / 58 62 -67 -75 / 56 60 65 75 / 55 -60 -65 -75 / 53 60 68 74 / 55 59 67 -74 / 65 -55 -59 -74 <END> 
<S> 60 63 67 75 / 58 62 -67 -75 / 56 60 72 77 / 55 70 -60 -77 / 53 65 68 74 / 63 -53 -68 -74 / 59 65 68 74 / 60 67 -65 -74 / 58 62 65 70 / 67 -58 -62 -65 / 60 63 67 79 / 58 62 -67 -79 / 56 60 72 77 / 55 70 -60 -77 <END> 
<S> 60 63 67 72 / 56 62 72 77 / 60 -56 -72 -77 / 55 67 71 75 / 55 67 71 74 / 60 67 72 75 / 58 -67 -72 -75 / 57 60 72 77 / 55 70 -60 -77 / 53 65 69 72 / 74 -53 -65 -69 / 55 58 67 75 / 57 60 -67 -75 <END> 
<S> 60 67 72 75 / 62 65 72 77 / 63 70 79 / 62 -63 -70 -79 / 60 63 68 79 / 59 62 67 79 / 60 67 75 / 58 -60 -67 -75 / 56 60 72 77 / 55 70 -60 -77 / 53 65 69 72 / 74 -53 -65 -69 / 55 58 67 75 / 57 60 -67 -75 <END> 
<S> 60 67 75 / 58 -60 -67 -75 / 56 60 68 75 / 55 -60 -68 -75 / 53 60 68 77 / 51 67 -60 -77 / 48 60 67 75 / 58 -48 -67 -75 / 56 65 68 72 / 63 -56 -68 -72 / 55 62 67 71 / 53 -62 -67 -71 / 51 60 67 72 / 48 -60 -67 -72 <END> 
<S> 60 63 67 72 / 58 62 -67 -72 / 56 60 65 72 / 55 67 -60 -72 / 53 60 68 74 / 55 59 67 -74 / 56 60 65 72 / 65 74 -60 -65 / 60 67 -65 / 64 -60 -67 / 58 60 65 68 / 53 60 -65 -68 / 55 59 65 68 / 60 63 -55 -68 / 56 62 67 71 / 53 -62 -67 -71 <END> 
<S> 60 65 67 / 64 -60 -67 / 58 60 -67 / 57 60 65 75 / 58 62 65 74 / 56 64 -65 -74 / 55 58 65 74 / 53 -58 -65 -74 / 51 63 67 -58 / 56 60 63 72 / 56 65 -56 -72 / 55 63 67 70 / 53 65 68 -60 / 59 62 -53 -68 / 51 60 63 72 / 56 65 -60 -72 / 55 58 67 74 / 53 68 -58 -74 <END> 
<S> 56 63 68 72 / 55 -63 -68 -72 / 53 61 67 70 / 52 -61 -67 -70 / 53 60 67 68 / 55 -60 -67 -68 / 56 60 65 68 / 53 -60 -65 -68 / 60 64 67 / 60 63 72 79 / 56 63 72 77 <END> 
<S> 44 60 65 -70 / 56 60 65 72 / 62 -56 -60 -72 / 60 67 75 -60 / 58 -60 -67 -75 / 56 60 68 77 / 55 -60 -68 -77 / 53 60 70 79 / 55 -60 -70 -79 / 53 65 68 80 / 70 -53 -65 -80 / 56 63 72 77 / 58 65 74 -77 / 60 67 75 -74 / 53 68 74 77 <END> 
<S> 53 65 68 72 / 63 -53 -68 -72 / 58 62 65 70 / 67 -58 -65 -74 / 60 63 68 75 / 58 65 70 74 / 56 -65 -70 -74 / 55 67 70 75 / 53 -67 -70 -75 / 51 65 72 77 / 70 -51 -65 -77 / 50 65 72 77 / 71 -50 -65 -77 / 51 67 72 75 / 53 -67 -72 -75 <END> 
<S> 58 65 70 74 / 56 -65 -70 -74 / 55 67 70 75 / 65 74 -55 -70 / 56 63 68 72 / 55 -63 -68 -72 / 53 61 67 70 / 52 -61 -67 -70 / 53 60 67 68 / 55 -60 -67 -68 / 56 60 65 68 / 53 -60 -65 -68 / 60 64 67 / 60 63 72 79 <END> 
<S> 56 60 67 72 / 65 -56 -60 -72 / 55 62 67 70 / 53 -62 -67 -70 / 51 60 67 72 / 55 -60 -67 -72 / 53 65 69 72 / 63 -53 -69 -72 / 46 62 65 70 / 48 63 69 75 / 50 65 70 74 / 51 -65 -70 -74 / 53 65 69 72 / 71 74 -53 -65 / 60 67 72 75 / 58 -67 -72 -75 / 56 60 72 77 / 55 67 75 -60 <END> 
<S> 50 65 70 74 / 51 63 -70 -74 / 53 68 72 75 / 55 70 -68 -75 / 56 65 72 77 / 58 -65 -72 -77 / 60 67 72 75 / 70 -60 -67 -75 / 53 65 68 74 / 55 59 67 -74 / 65 -55 -59 -74 / 56 60 63 72 / 55 58 -63 -72 / 53 56 65 74 / 55 58 -65 / 56 60 63 -65 / 62 -56 -60 -65 <END> 
<S> 56 68 72 75 / 55 -68 -72 -75 / 53 68 74 77 / 55 67 -74 -77 / 56 67 72 75 / 53 -67 -72 -75 / 55 62 71 74 / 65 -55 -71 -74 / 48 63 67 72 / 60 63 67 75 / 69 -60 -63 -75 / 58 62 70 77 / 56 -62 -70 -77 / 55 62 70 77 / 53 -62 -70 -77 <END> 
<S> 48 63 67 72 / 60 63 67 72 / 58 62 -67 -72 / 57 60 65 72 / 55 67 -60 -72 / 53 65 69 72 / 51 -65 -69 -72 / 50 65 69 77 / 75 -50 -65 -69 / 55 67 70 74 / 51 75 -67 -70 / 53 65 70 72 / 63 -53 -70 -72 / 62 -53 -70 -70 <END> 
<S> 52 60 67 72 / 58 -52 -67 -72 / 53 57 67 74 / 58 -53 -67 -74 / 54 60 69 74 / 55 58 62 -74 / 57 60 66 -74 / 55 59 67 74 / 53 68 -59 -74 / 55 60 67 75 / 53 60 68 74 / 55 59 67 -74 / 65 -55 -59 -74 <END> 
<S> 55 59 67 75 / 60 -55 -67 -75 / 55 62 67 74 / 53 59 62 74 / 51 60 67 / 63 69 -60 / 59 62 71 79 / 60 67 72 75 / 58 -67 -72 -75 / 56 60 72 77 / 55 70 -60 -77 <END> 
<S> 60 63 67 75 / 62 -60 -67 -75 / 54 60 69 75 / 55 67 71 74 / 60 67 72 75 / 58 -67 -72 -75 / 57 60 72 77 / 55 70 -60 -77 / 53 65 69 72 / 74 -53 -65 -69 / 55 58 67 75 / 57 60 -67 -75 <END> 
<S> 57 60 72 77 / 55 70 -60 -77 / 53 65 69 72 / 74 -53 -65 -69 / 55 58 67 75 / 57 60 -67 -75 / 58 62 65 74 / 52 67 70 72 / 53 65 69 72 / 63 -53 -69 -72 / 46 62 65 70 / 48 63 69 75 <END> 
<S> 53 65 69 72 / 63 -53 -69 -72 / 46 62 65 70 / 55 58 67 75 / 57 60 -67 -75 / 58 62 65 74 / 63 67 -58 -74 / 53 65 69 72 / 71 74 -53 -65 / 60 67 72 75 / 58 -67 -72 -75 / 56 60 72 77 / 55 67 75 -60 <END> 
<S> 46 62 65 74 / 67 -46 -62 -74 / 47 65 67 74 / 48 63 67 75 / 62 65 -48 -75 / 63 67 -48 -60 / 47 62 67 74 / 65 -47 -62 -74 / 48 63 67 72 / 60 -63 -67 -72 / 55 67 71 74 / 53 67 73 79 / 51 -67 -73 -79 <END> 
<S> 48 63 67 72 / 60 63 67 72 / 58 62 -67 -72 / 57 60 65 72 / 55 67 -60 -72 / 53 65 69 72 / 51 -65 -69 -72 / 50 65 69 77 / 75 -50 -65 -69 / 55 67 70 74 / 51 75 -67 -70 <END> 
<S> 57 60 65 72 / 55 67 -60 -72 / 53 65 69 72 / 51 -65 -69 -72 / 50 65 69 77 / 75 -50 -65 -69 / 55 67 70 74 / 51 75 -67 -70 / 53 65 70 72 / 63 -53 -70 -72 / 62 -53 -70 -72 / 63 69 -53 -72 / 46 62 65 70 / 51 63 67 70 / 53 68 -63 -70 <END> 
<S> 53 65 70 72 / 51 -65 -70 -72 / 53 65 69 72 / 63 -53 -69 -72 / 46 62 65 70 / 48 67 75 / 69 -48 -67 -75 / 46 65 70 74 / 47 62 67 74 / 48 63 67 75 / 72 -48 -67 -75 / 50 65 74 -72 / 71 -50 -65 -74 / 51 67 72 75 / 53 -67 -72 -75 <END> 
<S> 48 67 72 75 / 63 72 -67 -75 / 65 74 77 -60 / 59 67 75 / 60 67 72 / 62 -60 -67 -72 / 60 67 72 75 / 58 -67 -72 -75 / 56 60 72 77 / 62 -56 -72 -77 / 63 -56 -72 -77 / 55 62 71 79 / 77 -55 -62 -70 / 48 60 67 75 / 55 59 67 74 <END> 
<S> 60 67 72 75 / 53 -67 -72 -75 / 55 62 71 74 / 56 60 72 77 / 55 71 -60 -77 / 53 72 -60 -77 / 55 59 74 -77 / 56 60 -74 / 55 58 60 75 / 53 56 65 74 / 55 58 67 75 / 56 60 65 -75 / 58 74 -51 -65 / 53 -58 68 74 <END> 
<S> 53 60 68 74 / 55 59 67 -74 / 56 60 -67 -74 / 60 -56 -60 -67 / 55 59 62 67 / 56 60 63 72 / 65 74 -56 -60 / 55 60 67 75 / 53 -60 -67 -75 / 55 59 67 74 / 65 -55 -59 -74 / 48 55 63 72 / 48 63 67 79 <END> 
<S> 56 60 63 72 / 65 74 -56 -60 / 55 58 67 75 / 53 68 -58 -75 / 55 63 70 74 / 56 65 -63 -74 / 58 62 67 74 / 55 75 -62 -67 / 53 56 65 72 / 51 74 -56 -65 / 50 58 65 77 / 51 58 -65 -77 / 52 60 68 -58 / 53 57 -60 -68 <END> 
<S> 53 56 68 74 / 55 58 67 -74 / 56 60 -67 -74 / 72 -56 -60 -67 / 55 62 65 70 / 53 63 68 72 / 62 74 -53 -68 / 60 63 67 75 / 69 -60 -63 -75 / 55 65 71 74 / 60 67 75 / 58 68 -67 -75 <END> 
<S> 60 63 68 75 / 62 65 -68 -75 / 63 67 70 75 / 63 68 72 -75 / 67 77 -63 / 65 68 74 -77 / 63 70 -68 -77 / 62 65 69 72 / 71 74 -65 -69 / 60 67 72 75 / 58 -67 -72 -75 <END> 
<S> 63 68 72 75 / 67 -63 -72 -75 / 58 -67 -72 -75 / 56 60 72 -75 / 55 70 -60 -75 / 53 60 68 -75 / 55 67 70 75 / 56 65 68 74 / 58 67 75 / 74 -58 -67 / 53 68 72 -58 / 62 -53 -68 -72 / 60 63 67 -53 / 58 62 74 77 <END> 
<S> 53 68 72 74 / 55 67 71 -74 / 65 -55 -71 -74 / 48 63 72 / 51 63 70 79 / 56 65 72 77 / 67 -56 -72 -77 / 55 68 72 75 / 53 -68 -72 -75 / 58 67 70 75 / 65 77 -58 -70 / 63 72 79 -58 / 56 -63 -75 -79 / 58 62 77 77 / 60 -62 -77 -77 <END> 
<S> 63 67 70 79 / 65 68 -51 -79 / 67 70 75 -51 / 56 -67 -70 -74 / 55 67 70 75 / 53 -67 -70 -75 / 51 65 70 74 / 50 -65 -70 -74 / 51 67 70 79 / 63 -51 -70 -79 / 53 62 68 77 / 55 75 -62 -65 / 56 60 65 77 / 58 62 74 -77 / 68 -58 -74 -77 <END> 
<S> 51 67 70 75 / 53 65 69 -75 / 51 65 70 77 / 50 -65 -70 -77 / 51 63 70 79 / 62 77 -70 / 56 60 72 75 / 55 -60 -72 -75 / 53 68 74 77 / 72 75 -53 -68 / 55 62 71 74 / 67 -55 -71 -74 / 48 63 67 72 <END> 
<S> 53 68 74 77 / 72 75 -53 -68 / 55 62 71 74 / 67 -55 -71 -74 / 48 63 67 72 / 60 63 67 72 / 58 62 -67 -72 / 57 60 65 72 / 58 62 -65 -72 / 60 63 68 72 / 58 62 -68 -72 / 56 60 63 72 / 55 58 -63 -72 <END> 
<S> 56 60 63 72 / 65 -56 -60 -72 / 55 62 67 70 / 60 63 67 68 / 58 62 67 70 / 57 63 67 72 / 62 -57 -67 -72 / 60 63 67 72 / 58 -63 -67 -72 / 56 65 72 77 / 55 63 70 75 <END> 
<S> 63 67 70 / 62 65 -67 -70 / 60 63 67 75 / 58 62 -67 -75 / 56 60 72 77 / 55 -60 -72 -77 / 53 62 71 79 / 51 60 67 79 / 50 65 -60 -79 / 48 55 72 77 / 50 71 -55 -77 <END> 
<S> 55 60 63 75 / 53 -55 -60 -75 / 55 60 67 74 / 59 -55 -67 -74 / 48 63 67 72 / 60 63 67 72 / 58 62 -67 -72 / 57 60 65 72 / 55 67 -60 -72 / 53 65 69 72 / 74 -53 -65 -69 / 75 -53 -65 -69 / 46 65 70 74 / 48 63 72 -70 / 50 62 65 70 / 51 -62 -65 -70 <END> 
<S> 57 60 65 72 / 55 67 -60 -72 / 53 65 69 72 / 74 -53 -65 -69 / 75 -53 -65 -69 / 46 65 70 74 / 48 63 72 -70 / 50 62 65 70 / 51 -62 -65 -70 / 53 60 65 70 / 51 -60 -65 -70 / 53 62 65 69 / 63 -53 -65 -69 / 46 62 65 70 / 51 63 67 70 / 53 62 -67 -70 <END> 
<S> 53 60 65 70 / 51 -60 -65 -70 / 53 62 65 69 / 63 -53 -65 -69 / 46 62 65 70 / 51 63 67 70 / 53 62 -67 -70 / 51 60 67 72 / 50 -60 -67 -72 / 48 65 67 74 / 47 -65 -67 -74 / 48 63 67 75 / 62 -48 -67 -75 / 50 60 65 74 / 59 -50 -65 -74 <END> 
<S> 51 60 67 72 / 50 -60 -67 -72 / 48 65 67 74 / 47 -65 -67 -74 / 48 63 67 75 / 62 -48 -67 -75 / 50 60 65 74 / 59 -50 -65 -74 / 51 63 67 72 / 56 62 65 -72 / 60 -56 -65 -72 / 55 59 67 74 / 60 63 67 / 65 68 -60 <END> 
<S> 51 63 67 72 / 60 -51 -67 -72 / 53 65 68 74 / 58 67 -65 -74 / 56 63 68 72 / 53 -63 -68 -72 / 51 63 67 70 / 53 68 -63 -70 / 55 58 63 70 / 56 60 -63 -70 / 46 58 62 65 / 68 -46 -58 -62 <END> 
<S> 51 58 65 67 / 63 -51 -58 -67 / 56 60 63 72 / 55 -60 -63 -72 / 53 60 68 72 / 55 67 70 -60 / 53 60 68 -67 / 65 -53 -60 -68 / 48 60 65 67 / 64 -48 -60 -67 / 53 56 60 65 / 62 -53 -56 -65 <END> 
<S> 56 60 65 72 / 55 74 -60 -65 / 53 60 67 75 / 55 -60 -67 -75 / 53 65 68 74 / 63 72 -53 -68 / 55 62 67 71 / 43 59 62 67 / 48 60 63 -67 / 50 58 65 68 / 51 58 63 67 <END> 
<S> 48 60 63 67 / 55 59 62 67 / 53 60 65 68 / 51 59 67 -65 / 51 60 63 -67 / 53 -60 -63 -67 / 55 62 63 70 / 48 -55 -63 -70 / 50 55 62 69 / 51 60 67 -69 / 50 57 -67 -67 <END> 
<S> 55 58 62 70 / 51 55 63 70 / 48 55 67 -63 / 53 60 68 74 / 55 59 67 74 / 65 -55 -67 -74 / 48 63 67 72 / 58 70 -67 -75 / 60 65 68 75 / 62 65 70 75 / 63 -60 -70 -75 <END> 
<S> 48 60 67 75 / 68 72 -60 -75 / 55 67 71 74 / 55 67 71 74 / 60 67 72 75 / 58 -67 -72 -75 / 57 65 72 77 / 53 75 -65 -72 / 58 65 70 74 / 57 -65 -70 -74 <END> 
<S> 60 67 72 75 / 58 65 74 77 / 56 -65 -74 -77 / 55 70 75 79 / 53 -70 -75 -79 / 51 72 75 79 / 50 -72 -75 -79 / 48 68 74 77 / 47 -68 -74 -77 / 48 67 72 75 <END> 
<S> 53 68 72 77 / 74 -53 -68 -77 / 55 67 72 75 / 70 -55 -67 -75 / 53 68 72 77 / 74 -53 -68 -77 / 51 63 75 79 / 58 -63 -75 -79 / 56 60 72 77 / 53 -60 -72 -77 <END> 
<S> 60 63 72 79 / 58 -63 -72 -79 / 56 63 72 77 / 58 62 70 -77 / 68 -58 -62 -77 / 51 58 67 75 / 48 60 69 75 / 46 65 70 74 <END> 
