<S> 60 67 72 75 / 55 67 72 74 / 70 -55 -67 -74 / 65 -55 -70 -74 / 56 63 68 72 / 55 -63 -68 -72 / 53 65 68 72 / 51 -65 -68 -72 / 50 70 -65 -68 / 52 60 67 -70 / 53 60 68 -67 / 65 -53 -60 -68 / 48 60 64 67 / 51 60 67 <END> 
<S> 50 67 70 -60 / 55 62 -67 -70 / 60 63 67 72 / 58 62 -67 -72 / 56 60 65 77 / 55 -60 -65 -77 / 53 59 68 79 / 51 60 -68 55 / 50 59 68 77 / 48 60 67 75 / 55 59 67 74 / 55 59 67 74 <END> 
<S> 56 60 63 72 / 55 74 -60 -63 / 53 68 74 -60 / 55 59 67 -74 / 56 60 65 -74 / 72 -56 -60 -65 / 55 62 67 70 / 50 62 65 70 / 51 60 67 -65 / 53 60 65 69 / 51 -60 -65 -69 / 50 58 65 70 / 46 -58 -65 -70 / 51 58 63 67 / 62 -51 -58 -67 / 56 60 63 -51 / 55 58 -63 -63 / 56 60 63 72 / 55 58 -63 -72 <END> 
<S> 50 58 65 70 / 48 63 -58 -70 / 46 62 65 70 / 67 -46 -62 -70 / 48 63 68 -62 / 50 58 65 -68 / 51 58 67 -65 / 63 -51 -58 -67 / 46 58 65 -63 / 62 -46 -58 -65 / 48 60 63 -58 / 57 -48 -60 -63 / 46 58 62 65 / 53 58 62 65 / 45 -58 -62 -65 / 47 55 62 67 / 48 60 -55 -67 <END> 
<S> 58 62 65 70 / 50 -62 -65 -70 / 51 58 63 67 / 62 -51 -58 -67 / 56 60 63 / 55 -56 -60 -63 / 53 62 -56 -60 / 55 59 -50 / 53 56 60 / 55 62 -53 / 48 55 60 63 / 51 55 58 67 / 53 56 60 72 / 55 58 62 -72 <END> 
<S> 53 57 60 / 55 58 -53 -60 / 53 56 60 / 55 -53 -60 / 41 53 57 60 / 51 -41 -53 -60 / 43 50 55 59 / 55 -43 -50 -62 / 48 51 55 63 / 46 -51 -55 -63 / 44 51 60 -63 / 43 -51 -63 -60 / 41 56 60 65 / 62 -41 -56 -65 / 43 55 63 67 / 53 59 62 -43 -67 -43 53 -59 -67 <END> 
<S> 44 51 60 -63 / 50 58 65 -63 / 39 55 58 -65 / 63 -44 -55 -60 / 41 56 60 62 / 43 55 59 62 / 53 -43 -59 -62 / 48 51 55 60 / 48 60 63 67 / 50 -60 -63 -67 / 51 58 63 67 / 61 -51 -58 -67 / 53 56 60 68 / 58 62 -53 -68 / 48 60 63 67 / 46 -60 -63 -67 <END> 
<S> 48 55 60 63 / 46 -55 -60 -63 / 44 56 60 65 / 43 50 59 67 / 55 58 62 67 / 53 56 -62 -67 / 51 55 60 70 / 50 53 -60 -70 / 51 55 67 72 / 50 -55 -67 -72 / 48 60 67 75 / 53 -60 -67 -75 / 55 60 67 74 / 59 -55 -67 -74 / 48 63 67 72 / 60 63 67 72 / 58 65 -67 -72 <END> 
<S> 51 55 67 72 / 50 60 70 -67 / 48 62 66 69 / 60 63 67 72 / 58 62 74 -67 / 53 67 72 75 / 55 -67 -72 -75 / 56 60 72 77 / 53 68 -72 -77 / 55 67 72 75 / 43 71 -67 -75 / 65 72 -71 -75 / 63 67 72 75 / 62 65 70 77 / 63 70 79 / 62 65 -70 -79 <END> 
<S> 56 60 72 77 / 55 70 -60 -77 / 53 65 72 80 / 74 -53 -65 -80 / 55 58 75 79 / 56 60 -75 -79 / 58 62 70 77 / 68 -58 -62 -77 / 51 63 67 75 / 53 69 72 -75 / 55 65 71 74 / 63 72 -55 -74 / 67 -55 -63 -72 / 65 -55 -67 -72 / 48 64 67 72 / 51 60 67 79 / 53 60 -67 -79 <END> 
<S> 55 67 72 75 / 53 -67 -72 -75 / 55 62 71 77 / 56 60 72 -77 / 55 62 70 77 / 53 -62 -70 -77 / 51 63 70 79 / 72 -51 -63 -79 / 50 65 70 82 / 51 67 -65 -70 / 53 60 69 -70 / 62 -53 -69 -72 / 55 63 70 -69 / 62 65 -55 -70 / 60 63 67 72 / 59 62 67 74 <END> 
<S> 53 67 70 72 / 65 -53 -70 -72 / 46 62 65 70 / 63 69 -50 -77 / 59 62 74 79 / 67 -59 -62 -79 / 60 67 72 / 63 -60 -67 -72 / 61 67 70 79 / 61 -67 -70 -79 / 60 68 77 -56 / 58 -60 -68 -77 / 60 75 -58 -67 / 57 65 72 75 / 58 65 -72 -75 <END> 
<S> 60 63 67 75 / 58 62 -67 -75 / 56 60 72 77 / 55 70 -60 -77 / 53 65 68 72 / 74 -53 -65 -68 / 75 -53 -65 -68 / 46 65 70 74 / 48 63 72 -70 / 50 65 70 0 / 46 62 68 -70 / 51 63 67 70 / 62 -51 -67 -70 / 53 60 65 68 / 55 63 67 -60 / 59 62 -55 -67 <END> 
<S> 51 67 70 -63 / 63 -51 -67 -70 / 50 58 65 70 / 62 77 -58 -65 / 56 60 63 72 / 55 58 -63 -72 / 53 56 68 72 / 74 -53 -56 -68 / 51 58 67 75 / 65 74 -51 -58 / 53 63 72 -58 / 57 -53 -63 -72 / 46 58 62 70 / 58 62 69 77 <END> 
<S> 53 56 65 74 / 46 -53 -65 -74 / 48 63 72 -58 / 56 -48 -63 -72 / 46 55 62 70 / 53 68 -46 -62 / 47 55 62 67 / 65 -47 -55 -62 / 48 60 63 / 56 62 -48 -63 / 45 55 63 72 / 46 53 65 74 / 55 58 67 75 / 51 60 67 75 / 48 60 65 75 / 53 -48 -60 -75 <END> 
<S> 48 60 63 67 / 58 -60 -63 -67 / 56 60 63 -67 / 62 65 -56 -60 / 55 60 63 70 / 53 -60 -63 -70 / 51 -60 -63 -70 / 56 68 -63 / 55 62 -56 -68 / 55 60 63 67 / 53 60 68 / 51 58 67 / 53 65 68 72 / 55 -65 -68 -72 <END> 
<S> 56 60 63 68 / 55 -60 -63 -68 / 53 60 68 / 55 58 67 -53 / 53 56 60 65 / 51 55 60 67 / 46 61 65 70 / 48 63 68 72 / 49 -63 -68 -72 / 51 63 68 72 / 58 -63 -68 -72 / 60 63 68 -68 / 65 -60 -68 -68 <END> 
<S> 44 60 68 65 / 46 61 -68 -68 / 48 60 63 68 / 58 61 -64 -68 / 54 60 63 68 / 62 -54 -60 -68 / 55 60 63 67 / 59 62 -55 -67 / 53 57 60 -67 / 55 59 67 -53 / 53 60 65 68 / 62 -53 -65 -68 / 51 58 67 / 50 65 -58 -67 <END> 
<S> 56 60 63 72 / 55 -60 -63 -72 / 53 65 68 72 / 74 -53 -68 -68 / 60 67 75 / 58 -60 -67 -75 / 56 60 72 77 / 55 75 -60 -72 / 53 72 74 -72 / 55 67 71 -74 / 65 -55 -71 -74 / 48 63 67 72 / 44 60 63 72 <END> 
<S> 53 68 72 74 / 65 -53 -72 -74 / 55 62 71 -74 / 67 -55 -71 -74 / 65 -55 -71 -74 / 48 63 67 72 / 58 65 70 74 / 56 -65 -70 -74 / 55 67 70 75 / 53 -67 -70 -75 / 51 65 70 77 / 50 -65 -70 -77 / 51 63 70 79 / 72 -51 -63 -79 <END> 
<S> 55 58 70 75 / 53 -58 -70 -75 / 51 65 70 77 / 50 -65 -70 -77 / 51 63 70 79 / 62 71 77 -51 / 56 60 72 75 / 55 70 -60 -75 / 53 68 72 77 / 74 -53 -68 -77 / 48 67 76 -74 / 72 -48 -67 -76 / 55 67 71 74 / 63 67 71 79 <END> 
<S> 53 68 72 74 / 50 65 -72 -74 / 55 62 71 -74 / 63 -55 -71 -74 / 65 -55 -71 -74 / 48 63 67 72 / 60 63 72 79 / 58 -63 -72 -79 / 56 64 72 79 / 55 62 -72 -79 / 53 65 72 81 / 63 -53 -72 -80 / 58 65 70 79 / 77 -58 -65 -70 / 48 60 67 77 / 58 60 -67 79 <END> 
<S> 53 63 72 -70 / 55 65 70 -72 / 56 65 68 72 / 74 -56 -65 -68 / 60 63 67 75 / 58 62 -67 -75 / 56 60 72 77 / 55 70 -60 -77 / 53 65 68 74 / 63 -53 -68 -74 / 59 65 68 74 / 60 67 -65 -74 / 58 62 65 77 / 56 -62 -65 -77 <END> 
<S> 53 60 68 77 / 55 67 70 75 / 56 65 68 74 / 58 67 75 / 74 -58 -67 / 53 60 65 68 / 62 -53 -65 -68 / 55 63 67 70 / 65 -55 -63 -70 / 56 60 63 75 / 58 74 -63 -63 / 56 62 68 77 / 55 -56 -62 -77 <END> 
<S> 58 62 65 70 / 63 67 70 79 / 65 68 80 / 63 67 70 / 61 63 79 / 60 63 -63 -79 / 58 62 70 77 / 68 -58 -62 -77 / 60 67 75 -62 / 60 -60 -67 -75 <END> 
<S> 56 63 68 72 / 58 65 74 -68 / 60 67 75 / 53 65 68 74 / 55 59 67 74 / 65 -55 -59 -74 / 48 55 63 72 <END> 
<S> 55 67 70 75 / 53 -67 -70 -75 / 51 65 70 77 / 50 -65 -70 -77 / 51 63 70 79 / 72 -51 -63 -79 / 47 68 74 77 / 67 -47 -74 -77 <END> 
<S> 58 62 70 77 / 56 -62 -70 -77 / 55 63 70 79 / 53 -63 -70 -79 / 51 63 70 79 / 55 -63 -70 -79 / 56 63 72 77 / 53 -63 -72 -77 / 58 62 70 -77 <END> 
<S> 53 63 72 80 / 62 70 79 -80 / 55 63 70 79 / 53 68 80 -63 / 62 70 77 / 51 63 70 79 / 55 -63 -70 -79 <END> 
<S> 48 63 72 79 / 60 -48 -72 -79 / 53 63 72 80 / 55 -63 -72 -80 / 57 65 -72 -77 / 59 62 67 77 / 60 63 68 77 / 58 62 -68 -77 <END> 
<S> 46 62 65 74 / 67 -46 -62 -74 / 75 -58 -62 -67 / 56 60 63 72 / 55 58 -63 -72 / 53 56 68 74 / 58 -53 -68 -74 / 51 60 68 75 / 58 67 -51 -75 / 56 65 -51 -75 <END> 
<S> 44 60 65 -75 / 46 58 65 74 / 68 -46 -58 -65 / 48 58 67 75 / 63 67 -48 -75 / 53 65 68 74 / 63 72 -53 -68 / 55 62 67 71 <END> 
<S> 63 68 72 / 60 65 -68 -72 / 58 61 67 70 / 60 67 68 75 / 53 68 70 75 / 77 -53 -68 -70 / 55 67 70 75 / 72 -55 -67 -75 / 53 68 74 77 / 59 75 -68 -74 / 56 72 71 74 / 55 72 75 <END> 
<S> 55 67 70 75 / 53 68 72 77 / 74 -53 -68 -77 / 55 70 75 79 / 63 -55 -75 -79 / 56 72 77 -75 / 58 70 74 -77 / 68 -58 -74 -77 / 51 67 70 75 / 48 67 72 75 / 50 -67 -72 -75 / 51 -67 -72 -75 / 56 -67 -72 -75 / 55 67 71 74 / 53 -67 -71 <END> 
<S> 48 72 75 -67 / 53 65 74 / 51 55 67 72 / 63 -55 -67 -72 / 60 67 72 75 / 58 -67 -72 -75 / 56 66 72 75 / 70 -56 -66 -75 / 61 65 68 77 / 60 63 -68 -77 / 58 70 77 -63 / 62 -58 -70 -77 / 51 63 70 79 / 55 63 70 79 <END> 
<S> 58 63 70 79 / 62 -58 -70 -79 / 60 63 70 79 / 58 62 -70 -79 / 56 63 72 77 / 55 -63 -72 -77 / 53 62 70 79 / 51 63 70 79 / 53 65 68 74 / 63 -53 -68 -74 / 55 65 69 72 / 71 -55 -65 -72 / 63 -55 -72 -76 / 62 74 -55 -60 / 59 67 -55 -74 <END> 
<S> 53 65 68 72 / 63 -53 -68 -72 / 46 62 65 70 / 67 -46 -62 -70 / 48 63 68 / 50 63 65 72 / 51 67 -63 -72 / 50 62 65 70 / 48 63 67 72 / 69 -48 -63 -72 / 46 62 70 74 / 48 63 72 -70 <END> 
<S> 48 63 67 72 / 60 -63 -67 -72 / 58 62 74 -67 / 60 67 75 / 58 -60 -67 -75 / 56 60 68 77 / 55 -60 -68 -77 / 53 60 70 79 / 52 -60 -70 -79 / 53 60 68 77 / 55 59 67 -77 / 56 60 65 72 / 74 -56 -60 -65 <END> 
<S> 56 60 72 77 / 53 -60 -72 -77 / 55 59 67 74 / 65 -55 -59 -74 / 56 60 63 72 / 55 58 -63 -72 / 53 56 68 74 / 58 -53 -68 -74 / 51 60 67 75 / 58 -51 -67 -75 / 56 68 72 -51 / 55 63 67 70 / 53 65 68 72 / 51 63 67 72 / 50 65 70 77 <END> 
<S> 53 60 68 74 / 55 67 70 -74 / 56 65 -67 -74 / 58 65 68 74 / 56 -65 -68 -74 / 55 67 70 75 / 53 -67 -70 -75 / 51 65 70 74 / 50 -65 -70 -74 / 51 63 70 79 / 62 -51 -70 -79 / 53 60 68 77 / 55 -60 -68 -77 <END> 
<S> 58 65 70 74 / 56 -65 -70 -74 / 55 67 70 75 / 53 68 72 77 / 55 70 75 79 / 56 72 77 -75 / 58 74 -72 -77 / 68 -58 -74 -77 / 51 67 70 75 / 48 63 69 79 / 70 -48 -63 -79 / 53 72 77 -63 / 67 -53 -53 -77 <END> 
<S> 55 63 70 75 / 53 68 -63 -75 / 51 63 70 79 / 51 -63 -70 -79 / 53 65 70 80 / 55 -65 -70 -80 / 56 -65 -70 -82 / 55 58 70 75 / 53 60 68 77 / 62 -53 -68 -77 / 51 63 67 79 / 55 58 79 -67 <END> 
<S> 56 60 65 / 55 58 67 75 / 53 56 68 74 / 58 -53 -68 -74 / 51 60 67 75 / 58 -60 -67 -75 / 56 60 68 75 / 55 -60 -68 -75 / 53 60 68 74 / 55 59 67 -74 / 56 60 65 72 / 74 -56 -60 -65 <END> 
<S> 56 60 68 72 / 55 -60 -72 -75 / 53 60 68 74 / 55 59 -68 -74 / 56 60 63 72 / 65 74 -56 -60 / 55 58 67 75 / 53 56 68 -75 / 51 58 65 / 56 60 -51 -65 / 51 58 67 70 / 55 58 67 75 / 56 60 65 -75 / 58 62 65 74 / 63 67 -58 -74 / 53 65 68 72 / 74 -53 -65 -68 / 60 63 67 75 / 58 62 -67 -75 / 56 60 65 77 / 55 67 75 -60 <END> 
<S> 55 63 70 75 / 56 60 -63 -70 / 58 62 68 74 / 68 -58 -62 -74 / 64 67 71 79 / 65 72 81 / 62 67 74 -53 / 60 63 67 76 / 58 65 77 -75 / 56 -65 72 75 / 55 67 70 75 / 53 68 77 / 51 60 67 79 / 50 65 -60 -79 <END> 
<S> 63 67 70 79 / 65 68 -71 -79 / 63 67 72 75 / 65 77 -72 -75 / 67 72 75 79 / 63 -67 -72 -79 / 59 68 72 77 / 67 -59 -74 -77 / 60 67 72 75 / 55 67 71 74 / 55 67 71 74 <END> 
<S> 68 74 77 / 59 67 -74 -77 / 60 67 75 -74 / 72 -60 -67 -75 / 55 67 71 74 / 60 67 72 75 / 58 -67 -72 -75 / 57 65 72 77 / 53 75 -65 -72 / 58 65 70 74 / 57 -65 -70 -74 <END> 
<S> 60 67 75 / 58 62 -67 -75 / 56 63 72 / 55 -63 -72 / 53 68 72 74 / 50 65 -72 -74 / 55 62 71 -74 / 63 -55 -71 -74 / 65 -55 -71 -74 / 48 63 67 72 / 60 63 72 79 <END> 
<S> 55 67 70 75 / 53 -67 -70 -75 / 51 65 70 77 / 50 -65 -70 -77 / 51 63 70 79 / 53 58 70 77 / 55 -58 -70 -77 / 56 60 72 75 / 55 70 -60 -75 / 53 68 72 74 / 55 67 71 -74 / 65 -55 -71 -74 <END> 
<S> 55 67 75 -70 / 53 68 -67 -75 / 55 62 67 74 / 53 69 -62 -74 / 51 63 70 79 / 53 -63 -70 -79 / 55 63 70 79 / 55 -63 -70 -79 / 56 65 72 77 / 53 -65 -72 -77 / 58 70 79 -65 / 63 -58 -70 -79 <END> 
<S> 53 63 72 80 / 62 70 -53 -80 / 55 63 70 79 / 56 -63 -70 -79 / 58 63 70 77 / 62 -58 -70 -77 / 68 -58 -62 -77 / 51 58 67 75 / 58 62 70 77 / 56 -62 -70 -77 / 55 62 70 77 / 53 -62 -70 -77 <END> 
<S> 51 58 67 75 / 58 62 70 77 / 56 63 72 / 55 70 -63 -72 / 53 68 68 74 / 55 67 70 75 / 56 60 65 -75 / 58 74 -60 -68 / 56 60 -68 -74 / 56 72 -56 -60 <END> 
<S> 56 63 68 72 / 53 65 68 -72 / 63 -53 -68 -72 / 55 62 67 71 / 43 59 67 74 / 48 60 67 75 / 58 -48 -67 -75 / 53 56 65 74 / 72 -53 -56 -65 / 55 58 63 70 / 62 -55 -58 -70 <END> 
<S> 48 60 67 75 / 58 62 -67 -75 / 56 60 72 77 / 55 75 -60 -72 / 53 68 74 -72 / 50 65 -72 -74 / 55 62 71 -74 / 67 -55 -71 -74 / 65 -55 -71 -74 / 48 63 67 72 / 59 67 74 77 <END> 
<S> 53 68 74 -60 / 59 -53 -68 -74 / 51 60 67 72 / 56 59 65 74 / 55 60 67 75 / 53 68 -60 -75 / 55 60 67 74 / 68 -55 -60 -74 / 43 59 67 -74 / 65 -43 -59 -74 <END> 
<S> 56 60 65 72 / 74 -56 -60 -65 / 55 60 67 75 / 53 68 -60 -75 / 55 60 65 74 / 68 -55 -60 -74 / 43 59 67 74 / 65 -43 -59 -74 / 48 55 63 72 <END> 
<S> 55 60 67 75 / 53 -60 -67 -75 / 55 59 67 74 / 65 -55 -59 -74 / 48 60 63 72 / 55 58 67 75 / 57 60 65 -75 / 58 62 65 74 / 56 60 -65 -74 <END> 
<S> 56 60 65 72 / 55 -60 -65 -72 / 53 62 68 71 / 55 63 67 72 / 53 65 74 -72 / 71 -53 -65 -74 / 51 63 72 / 50 66 -63 -72 / 48 67 74 -72 / 47 -67 -72 -75 / 56 68 71 74 / 55 67 72 75 <END> 
<S> 48 63 67 72 / 51 -63 -67 -72 / 56 62 65 72 / 60 -56 -65 -72 / 55 59 67 74 / 60 63 67 / 65 68 -60 / 58 62 67 70 / 56 63 68 72 / 65 -56 -68 -72 / 55 63 67 70 / 65 -55 -67 -70 <END> 
<S> 63 67 70 / 61 -63 -67 -70 / 60 63 67 70 / 58 -63 -67 -70 / 56 63 68 72 / 55 65 -68 -72 / 53 67 70 / 52 -67 -70 / 53 68 72 -60 / 55 60 67 -60 / 56 59 65 -60 / 57 60 64 / 43 55 -60 -64 <END> 
<S> 56 60 67 72 / 65 -56 -60 -72 / 55 60 67 74 / 59 -55 -67 -74 / 48 -55 -67 -74 / 72 60 / -67 -72 / 67 68 74 / 58 -67 -74 / 65 68 -58 -74 / 63 67 70 72 / 65 69 -63 -72 / 62 65 70 74 / 58 -62 -70 -74 <END> 
<S> 63 67 70 / 61 65 69 -77 / 60 -65 -69 / 58 62 65 70 / 58 63 70 79 / 56 -63 -70 -79 / 58 62 70 77 / 68 -62 -77 -77 / 60 67 75 / 55 58 -67 -75 / 56 60 65 77 / 53 -60 -65 -77 <END> 
<S> 56 60 68 77 / 53 -60 -68 -77 / 51 60 67 79 / 58 -52 -67 -79 / 53 60 65 77 / 55 59 67 75 / 56 60 65 -75 / 74 -56 -60 -65 / 55 58 65 70 / 53 63 -58 -70 / 51 63 68 -58 / 53 -58 -63 -67 / 51 58 63 67 / 50 -58 -63 -67 <END> 
<S> 53 57 65 74 / 50 58 65 -74 / 51 63 70 79 / 61 -51 -70 -79 / 53 60 68 77 / 55 -60 -68 -77 / 56 60 72 77 / 55 70 -60 -77 / 53 65 68 72 / 74 -53 -65 -68 / 48 63 67 75 / 69 -48 -63 -75 / 50 65 70 74 <END> 
<S> 53 60 68 74 / 55 59 67 -74 / 56 60 65 72 / 53 -60 -65 -72 / 55 67 71 74 / 55 63 71 74 / 53 68 72 75 / 51 67 70 75 / 50 65 70 77 / 51 67 70 -77 <END> 
<S> 53 60 68 77 / 51 67 70 -77 / 50 65 68 77 / 53 75 -68 -77 / 55 70 74 77 / 56 72 -70 -77 / 55 70 75 79 / 53 -67 -75 -79 / 51 70 75 79 / 50 -70 -75 -79 / 51 70 75 79 / 53 -70 -75 -79 <END> 
