<S> 48 51 55 60 / 51 55 60 -48 / 50 53 -55 -60 / 51 55 60 67 / 62 -51 -55 -67 / 48 60 63 67 / 68 -48 -60 -63 / 50 58 65 70 / 46 62 -58 -70 / 51 58 63 67 / 62 -51 -58 -67 / 56 60 63 / 55 -56 -60 -63 / 53 62 65 -56 / 51 58 63 67 <END> 
<S> 46 58 65 -63 / 62 -46 -58 -65 / 45 53 60 65 / 51 -45 -60 -65 / 46 58 65 -51 / 50 -46 -58 -65 / 43 51 58 / 41 53 56 62 / 51 55 60 63 / 57 -48 -60 -63 / 46 58 62 65 / 0 / 63 67 70 <END> 
<S> 44 53 60 65 / 41 -53 -60 -65 / 48 55 60 64 / 46 -55 -60 -64 / 44 56 60 65 / 43 59 62 -65 / 48 60 63 67 / 68 -48 -60 -63 / 50 53 65 70 / 51 58 67 / 53 65 68 -58 / 55 58 63 67 / 56 -58 -63 -67 <END> 
<S> 51 58 65 67 / 50 -58 -65 -67 / 48 60 63 68 / 50 -60 -63 -68 / 51 58 63 67 / 58 65 -51 / 50 -58 -65 / 48 62 65 70 / 50 -62 -65 -70 / 51 55 63 70 / 60 -51 -63 -70 / 67 -48 -60 -63 / 58 -48 -63 -67 / 44 56 60 65 / 41 -56 -60 -65 <END> 
<S> 51 63 67 / 46 65 -51 -67 / 44 60 65 -51 / 46 67 -51 -65 / 45 60 64 -67 / 53 65 -60 -67 / 62 -53 -60 -65 / 55 58 63 67 / 56 62 -55 -67 / 60 63 -56 / 55 -60 -63 / 55 59 62 / 50 55 60 65 / 48 -55 -60 <END> 
<S> 56 60 63 65 / 55 58 62 -65 / 53 57 60 / / 53 62 -60 / 51 58 63 67 / 50 53 65 70 / 51 58 67 / 53 56 65 68 / 55 63 -53 -68 / 62 56 65 -68 / 63 -56 -65 -68 / 50 62 65 -68 / 67 -50 -65 <END> 
<S> 51 58 65 68 / 50 58 -65 -68 / 51 58 63 67 / 50 -58 -63 -67 / 51 60 63 -67 / 43 58 63 -67 / 44 60 65 -63 / 46 58 62 -65 / 39 58 63 67 / 51 58 63 67 / 50 -58 -63 -67 <END> 
<S> 44 60 65 -63 / 46 62 -65 / 60 -46 -53 -65 / 46 58 62 65 / 51 63 67 -58 / 39 58 63 -67 / 48 60 63 67 / 46 -60 -63 -67 / 44 60 65 -60 / 58 -44 -60 -65 / 41 60 68 -60 / 58 -60 -65 -68 <END> 
<S> 44 60 63 65 / 46 58 62 -65 / 51 55 63 67 / 53 60 68 -67 / 55 59 67 74 / 56 60 65 -74 / 72 -56 -60 -65 / 55 62 67 70 / 53 -62 -67 -70 / 51 65 67 72 / 53 -65 -67 -72 / 55 62 65 71 / 48 63 67 72 <END> 
<S> 56 60 67 72 / 65 -56 -60 -72 / 55 62 67 71 / 43 59 62 67 / 65 74 -55 -59 / 48 55 60 63 / 50 58 65 / 51 58 63 67 / 53 57 62 -67 / 55 60 67 70 / 53 65 -60 -70 / 51 59 67 -65 / 50 59 65 -67 <END> 
<S> 55 58 62 70 / 56 60 65 -70 / 68 -56 -60 -65 / 51 58 67 -65 / 63 -51 -58 -67 / 56 60 65 72 / 58 74 -56 -65 / 51 67 72 -58 / 53 56 65 -72 / 55 62 67 71 / 48 63 67 72 / 53 56 65 72 / 51 55 67 70 / 56 60 65 -70 / 53 -60 -65 -70 <END> 
<S> 48 63 67 72 / 55 67 71 74 / 55 67 71 74 / 53 67 70 74 / 65 68 72 75 / 65 74 -68 -72 / 63 67 70 75 / 65 -60 -67 -75 / 60 67 75 / 58 -60 -67 -75 <END> 
<S> 63 67 70 79 / 65 68 77 / 63 67 70 75 / 65 72 -67 -75 / 67 74 -67 -72 / 65 -67 -72 -74 / 59 67 71 74 / 60 67 72 75 / 53 -67 -72 -75 / 55 67 71 74 / 65 -55 -71 -74 <END> 
<S> 67 72 -51 -67 / 53 -67 -72 / 55 62 67 71 / 53 56 62 68 / 60 -53 -56 -68 / 55 59 62 67 / 61 -55 -62 -67 / 48 60 63 67 / 58 -48 -63 -67 / 44 56 65 -60 / 47 55 62 67 / 65 -47 -55 -62 <END> 
<S> 48 60 63 67 / 58 -48 -63 -67 / 53 56 65 / 55 58 65 / 56 60 63 -65 / 55 58 63 67 / 56 60 65 / 53 58 62 65 / 56 60 63 72 / 55 58 -63 -72 / 53 56 68 72 / 58 62 67 -53 -72 <END> 
<S> 53 57 65 -63 / 58 62 -53 -65 / 60 63 -53 -65 / 46 58 62 65 / 44 -58 -62 / 43 55 62 70 / 51 55 63 69 / 50 -55 -63 -69 / 48 55 62 70 / 48 63 -55 -70 / 50 62 65 70 / 51 -62 -65 -70 / 53 60 65 69 / 51 -60 -65 -69 <END> 
<S> 51 55 63 67 / 50 -55 -63 -67 / 48 60 63 67 / 58 -48 -63 -67 / 44 56 60 65 / 43 55 58 62 / 53 56 60 / 51 55 -56 -60 / 53 56 60 65 / 59 -53 -56 -65 / 55 60 63 / 53 56 62 -60 / 55 60 62 / 50 59 -55 -62 <END> 
<S> 50 53 56 65 / 55 -50 -53 -65 / 53 56 62 / 55 59 -53 -62 / 53 57 60 / 59 62 -53 -57 / 51 55 60 63 / 50 -55 -60 -63 / 48 55 60 63 / 50 53 -60 -63 / 55 59 62 / / 53 -59 -62 / 51 51 60 67 <END> 
<S> 55 58 62 / 53 56 -62 -62 / 43 55 58 -62 / 53 -43 -59 -62 / 48 51 55 60 / 46 -51 -55 -60 / 44 51 60 67 / 48 -60 -63 -67 / 53 65 68 / 58 63 -65 -68 / 56 62 -65 -68 / 55 58 64 67 / 53 60 65 68 / 51 58 67 -65 / 56 63 -51 -58 <END> 
<S> 48 51 56 65 / 63 -48 -56 -65 / 46 58 62 65 / 44 60 63 65 / 46 58 62 -65 / 63 -46 -58 -62 / 39 55 58 63 / 51 58 63 67 / 50 65 -58 -67 / 48 63 67 -58 / 53 62 -67 -70 / 55 60 62 67 / 53 58 -62 -67 / 51 55 60 67 / 48 60 -55 -67 <END> 
<S> 51 58 63 67 / 50 -58 -63 -67 / 48 60 63 69 / 51 58 63 70 / 46 62 -63 -70 / 51 63 67 72 / 50 -63 -67 -72 / 48 62 67 74 / 47 -62 -67 -74 / 48 60 67 75 / 53 62 -67 -75 / 55 63 67 75 / 53 65 68 74 <END> 
<S> 48 63 67 72 / 56 -48 -67 -72 / 56 60 65 -56 / 55 59 67 -63 / 53 60 67 68 / 55 59 67 74 / 56 60 67 72 / 65 -56 -60 -72 / 55 62 67 71 / 53 -62 -67 -71 / 51 60 67 72 / 48 -60 -67 -72 / 53 60 65 68 / 62 -53 -65 -68 <END> 
<S> 56 60 67 72 / 65 -56 -60 -72 / 55 60 67 74 / 59 -55 -67 -74 / 57 60 67 72 / 64 -57 -67 -72 / 62 65 69 / 60 -62 -65 -69 / 58 62 65 70 / 67 -58 -62 -70 / 57 60 65 72 / 64 -57 -60 -72 / 58 65 74 / 60 75 -58 -65 / 46 62 70 77 <END> 
<S> 58 62 65 70 / 63 -58 -70 / 57 65 69 72 / 60 63 67 72 / 58 62 -67 / 60 63 68 / 50 -60 -63 -68 / 48 55 63 70 / 61 -48 -55 -70 / 53 60 68 72 / 55 67 70 75 / 56 65 68 72 / 58 74 -68 -68 / 60 67 76 / 53 -60 -67 -75 <END> 
<S> 56 60 63 72 / 55 -60 -63 -72 / 53 65 68 72 / 63 -53 -68 -72 / 55 62 67 71 / 43 59 67 74 / 0 / 55 62 67 70 / 48 63 67 70 / 50 58 65 68 <END> 
<S> 55 62 67 70 / 53 63 -67 -70 / 51 65 69 / 53 -65 -69 / 63 -53 -69 -72 / 46 62 65 70 / 48 63 69 75 / 50 62 66 -75 / 51 63 67 72 / 58 62 -67 -72 / 60 63 68 72 / 62 65 -68 -72 <END> 
<S> 51 63 67 72 / 60 -51 -67 -72 / 53 65 68 -72 / 63 -53 -68 -72 / 55 62 67 71 / 43 59 62 67 / 0 / 55 62 67 70 / 53 -62 -67 -70 / 51 63 67 72 / 50 65 74 -72 / 51 67 70 -74 / 53 68 72 77 / 55 70 -68 -77 / 56 65 72 -77 / 74 -56 -65 -72 / 55 71 -65 -74 / 56 60 72 / 58 62 74 -72 / 43 -58 -62 -74 <END> 
<S> 51 63 67 72 / 50 65 69 74 / 71 -50 -65 -74 / 48 67 72 75 / 58 74 -67 -75 / 56 60 65 77 / 55 58 67 75 / 53 60 68 77 / 51 -60 -68 -77 / 50 59 68 77 / 55 -50 -70 -77 / 51 65 70 79 / 63 -51 -70 -79 / 53 62 68 77 / 55 75 -62 -65 <END> 
<S> 53 60 68 74 / 50 -53 -60 -74 / 55 58 70 -50 / 56 60 -70 -70 / 68 58 65 74 / 55 67 70 75 / 56 60 65 -75 / 58 74 -60 -68 / 53 60 68 72 / 74 -53 -68 -72 / 48 67 72 75 / 55 59 67 74 / 60 63 67 / 58 -60 -67 -75 <END> 
<S> 53 60 68 74 / 55 67 70 -74 / 56 65 -67 -74 / 58 65 68 74 / 56 -65 -68 -74 / 55 67 70 75 / 53 -67 -70 -75 / 51 63 70 77 / 72 -51 -63 -70 / 56 65 68 72 / 55 67 71 75 / 53 60 68 74 / 55 59 67 74 / 56 60 65 -74 / 72 -56 -60 -65 <END> 
<S> 56 68 77 -63 / 55 75 -68 / 58 67 74 / 68 -58 -74 / 51 58 67 75 / 48 58 67 75 / 65 -48 -58 -75 / 56 60 68 77 / 55 75 -60 -68 / 53 59 68 74 / 55 59 -68 -74 / 56 60 72 / 74 -56 -60 -72 <END> 
<S> 56 60 63 72 / 65 74 -56 -60 / 55 58 67 75 / 53 68 -58 -75 / 55 63 70 74 / 56 65 -63 -74 / 58 63 70 75 / 62 68 -58 -75 / 51 63 67 79 / 62 -51 -67 -79 / 60 63 67 -51 / 53 65 69 72 / 71 -53 -65 -69 <END> 
<S> 51 63 67 70 / 63 -51 -67 -70 / 56 60 67 72 / 58 -67 -63 / 56 65 72 / 63 -56 -72 / 47 62 67 74 / 48 67 75 -62 / 53 -62 -67 -75 / 55 60 75 -67 / 53 -60 -67 -75 / 55 60 67 74 / 59 -55 -67 -74 / 48 63 67 72 / 60 63 67 72 / 58 62 -67 -72 <END> 
<S> 60 63 67 75 / 58 62 -67 -75 / 56 60 72 77 / 55 70 -60 -77 / 53 65 68 72 / 74 -53 -65 -68 / 75 -53 -65 -68 / 46 65 68 74 / 48 63 68 75 / 50 65 68 74 / 51 63 67 70 / 53 -63 -67 -70 / 55 62 67 71 / 56 60 65 72 / 62 74 -56 -60 <END> 
<S> 51 63 67 72 / 60 -51 -67 -72 / 53 65 68 72 / 63 -53 -68 -72 / 62 65 68 -56 / 60 63 67 75 / 55 59 67 74 / 53 56 68 72 / 74 -53 -56 -68 / 55 58 67 75 / 63 -55 -67 -75 / 58 -55 -67 -75 / 56 60 68 75 / 55 58 70 75 / 53 60 68 77 / 62 -53 -68 -77 <END> 
<S> 55 67 70 75 / 53 68 72 77 / 74 -53 -68 -77 / 55 70 75 79 / 56 -70 -75 -79 / 58 70 75 77 / 52 72 -70 -76 / 53 68 72 74 / 55 67 71 -74 / 65 -55 -71 -74 / 48 63 67 72 / 55 67 71 74 <END> 
<S> 53 68 72 74 / 55 67 71 -74 / 65 -55 -71 -74 / 48 63 72 / 51 63 70 79 / 58 70 77 -51 / 60 -58 -70 -77 / 68 -58 -62 -77 / 51 58 67 75 / 63 67 70 -51 <END> 
<S> 51 63 70 79 / 55 -63 -70 -79 / 53 63 70 79 / 72 -63 -70 -79 / 59 68 74 77 / 67 -59 -74 -77 / 60 67 72 75 / 55 67 71 74 / 65 -55 -71 -74 <END> 
<S> 67 72 -51 / 50 -67 -72 / 70 -50 -67 -72 / 51 67 72 / 70 -51 -67 -72 / 53 65 68 72 / 74 -53 -65 -68 / 75 -53 -65 -68 / 77 -53 -65 -68 / 55 59 67 75 / 60 -55 -67 -75 / 53 65 74 -60 / 59 -53 -65 -74 <END> 
<S> 56 65 68 72 / 55 -65 -68 -72 / 53 60 67 70 / 52 -60 -67 -70 / 53 60 68 -67 / 65 -53 -60 -68 / 48 60 64 67 / 58 -48 -64 -67 / 53 56 65 / 55 58 67 / 53 56 60 65 / 55 58 62 70 <END> 
<S> 53 56 65 -60 / 59 -53 -56 -65 / 51 55 60 63 / 53 56 62 -60 / 55 59 62 -53 / 53 57 60 -55 / 50 58 62 65 / 50 58 65 / 51 58 67 / 43 53 59 -67 / 48 55 60 65 / 47 62 -55 -65 / 48 55 60 63 / 58 -48 -55 -63 <END> 
<S> 55 58 62 / 53 56 60 / 55 59 62 74 / 51 55 67 72 / 48 63 67 70 / 50 62 65 -67 / 60 63 -50 -67 / 55 62 -60 -67 / 53 60 63 69 / 50 -60 -63 -69 / 51 58 67 / 50 65 -58 -67 <END> 
<S> 48 63 67 72 / 60 -63 -67 -72 / 55 62 67 71 / 53 -62 -67 -71 / 51 63 67 72 / 50 65 69 74 / 71 -50 -65 -74 / 48 67 72 75 / 53 68 74 -72 / 55 67 71 -74 / 56 72 -67 / 60 65 -56 -72 / 55 59 67 74 <END> 
<S> 51 67 72 75 / 53 -67 -72 -75 / 55 67 71 74 / 65 -55 -71 -74 / 56 63 72 / 70 -56 -63 -72 / 55 65 68 74 / 53 75 -65 -68 / 77 -53 -65 -68 / 55 59 67 75 / 60 -55 -67 -75 / 74 -55 -60 -67 / 59 -55 -67 -74 <END> 
<S> 58 65 70 74 / 56 -65 -70 -74 / 55 67 70 75 / 53 68 77 -75 / 55 62 70 77 / 63 -55 -70 -77 / 56 65 72 77 / 53 -56 -72 -77 / 55 62 70 77 / 75 -55 -62 -70 / 53 56 65 77 / 51 55 60 75 / 53 60 68 77 / 62 -53 -68 -77 / 51 63 67 79 / 62 77 -51 -60 -79 <END> 
<S> 53 56 68 74 / 55 72 -68 / 56 65 -72 / 58 64 67 74 / 62 65 -67 -74 / 55 63 67 75 / 53 68 77 -75 / 55 67 74 75 / 72 -55 -67 -75 / 51 67 72 -75 / 53 68 74 -72 / 55 67 71 -74 / 56 72 -67 / 60 65 -56 -72 / 55 59 67 74 <END> 
<S> 48 67 72 75 / 50 -67 -72 -75 / 51 67 72 75 / 53 -67 -72 -75 / 55 67 70 75 / 56 60 68 77 / 58 62 -68 -77 / 60 67 75 / 58 65 74 -75 / 56 72 75 -65 / 55 -72 -75 / 53 68 72 77 / 71 74 -53 -77 / 51 67 72 75 / 53 -67 -72 -75 <END> 
<S> 60 67 72 75 / 58 -67 -72 -75 / 56 66 72 75 / 70 -56 -66 -75 / 61 65 68 77 / 60 63 -68 -77 / 58 61 70 77 / 52 -58 -70 -77 / 53 -58 -70 -77 / 55 -58 -70 -77 / 56 60 72 77 / 53 -60 -72 -77 / 58 62 70 77 / 68 -58 -62 -77 / 56 60 72 75 / 55 70 -60 -75 <END> 
<S> 53 60 68 77 / 51 67 75 -60 / 58 62 65 74 / 56 59 -65 -74 / 55 58 67 75 / 51 60 -67 -75 / 53 60 69 -67 / 65 -53 -60 -69 / 46 62 65 70 / 48 63 68 72 / 55 67 71 74 <END> 
<S> 53 60 65 68 / 58 64 67 -53 / 56 60 65 -68 / 58 65 67 74 / 56 65 -65 -74 / 55 63 67 72 / 53 62 65 70 / 60 63 67 69 / 69 -60 -63 -67 / 58 65 68 74 / 53 -65 -68 -74 / 55 67 70 75 / 53 60 68 77 <END> 
<S> 56 63 65 72 / 55 -63 -72 / 53 68 72 74 / 71 -53 -68 -74 / 51 67 72 / 55 65 74 -72 / 60 -55 -67 -74 / 55 59 67 74 / 53 68 -59 -74 / 51 60 67 75 / 58 -60 -67 -75 / 56 60 68 77 / 55 -60 -68 -77 <END> 
<S> 48 60 67 75 / 55 67 74 -60 / 59 -55 -67 -74 / 0 / 56 60 71 77 / 62 -56 -60 -77 / 55 60 62 77 / 53 68 -60 -77 / 55 67 -60 -74 / 60 65 -55 -74 / 72 -60 -65 / 55 59 67 / <END> 
<S> 55 60 67 75 / 53 -60 -67 -75 / 55 59 67 74 / 65 -55 -59 -74 / 48 60 63 72 / 51 58 67 / 63 70 -51 -67 / 50 65 68 / 55 62 67 70 / 48 63 67 70 / 50 58 65 68 <END> 
<S> 51 58 65 67 / 63 -51 -58 -67 / 56 60 63 72 / 55 -60 -63 -72 / 53 60 68 72 / 55 67 70 75 / 56 65 68 -75 / 58 61 67 70 / 68 -58 -61 -67 / 56 60 65 72 / 53 74 -60 -65 / 51 58 67 75 / 53 68 74 -58 / 55 63 70 75 / 56 65 68 -75 <END> 
<S> 53 60 68 75 / 58 67 70 74 / 56 -58 -70 -74 / 55 58 70 75 / 53 68 -58 -75 / 51 58 67 75 / 74 -51 -67 -74 / 56 72 75 -51 / 55 70 75 -72 / 53 68 72 74 / 55 67 71 -74 / 65 -55 -71 -74 / 48 63 67 72 / 51 58 -67 -72 / 56 60 65 -72 / 67 -56 -60 <END> 
<S> 48 68 72 75 / 50 65 -72 -75 / 51 67 72 -75 / 53 -67 -72 -75 / 55 67 74 -72 / 71 -55 -67 -74 / 55 67 71 74 / 60 67 72 75 / 70 -60 -67 -75 / 53 65 68 74 / 63 70 -53 -68 / 62 65 69 74 / 63 71 -65 -74 / 62 65 72 80 / 60 -65 -72 -80 <END> 
<S> 60 67 75 / 58 -60 -67 -75 / 56 60 68 75 / 55 -60 -68 -75 / 53 60 68 77 / 51 67 -60 -77 / 48 60 67 75 / 58 -48 -67 -75 / 56 65 68 72 / 74 -56 -65 -68 / 55 58 67 75 / 53 60 68 77 / 51 60 67 79 <END> 
<S> 53 56 65 74 / 72 -53 -56 -65 / 55 58 65 70 / 63 -55 -58 -70 / 56 60 65 72 / 55 70 -60 -65 / 53 60 68 77 / 53 60 68 75 / 77 -53 -60 -68 / 55 67 71 -60 / 59 62 67 74 / 60 67 75 / 58 62 -67 -75 / 56 63 72 77 / 55 -63 -72 -77 / 56 -63 -72 -77 / 58 62 70 77 / 68 -50 -62 -77 <END> 
<S> 53 60 65 68 / / 63 67 70 75 / 62 65 -67 -75 / 60 63 67 75 / 58 62 -67 -75 / 56 60 72 77 / 55 70 -60 -77 / 53 65 68 72 / 74 -53 -65 -68 / 75 -53 -65 -68 / 46 65 70 74 / 48 63 72 -70 / 50 65 70 -70 <END> 
<S> 53 60 68 77 / 51 -60 -68 -77 / 50 62 70 77 / 62 -50 -70 -77 / 55 63 70 79 / 53 -63 -70 -79 / 51 63 70 79 / 55 -63 -70 -79 / 56 72 77 -63 / 58 62 70 -77 / 68 -58 -62 -77 / 51 58 67 75 / 63 70 79 <END> 
<S> 56 63 72 77 / 53 -63 -72 -77 / 58 62 70 77 / 51 67 70 75 / 63 70 79 / 62 65 70 77 / 60 67 75 -70 / 58 62 -67 -75 / 57 60 65 -75 / 58 65 74 / 53 68 -58 -74 <END> 
<S> 62 65 70 77 / 72 -62 -65 -77 / 58 70 74 77 / 63 70 75 79 / 62 -70 -75 -79 / 60 67 75 79 / 58 74 -67 -79 / 57 60 72 77 / 55 70 75 -60 / 53 60 69 77 <END> 
<S> 60 67 72 75 / 58 -60 -67 -75 / 56 60 72 77 / 55 70 -60 -77 / 53 65 68 72 / 74 -53 -65 -68 / 48 63 67 75 / 69 -48 -63 -75 / 50 65 70 74 / 51 -65 -70 -74 / 53 65 70 -70 / 51 60 -70 -70 <END> 
<S> 48 63 67 72 / 57 63 72 -72 / 58 65 70 74 / 56 -65 -70 -74 / 55 63 70 75 / 65 -55 -70 -75 / 56 63 68 72 / 55 63 -68 -72 / 53 65 68 72 / 55 63 -68 -72 / 56 65 -68 -72 / 58 -65 -68 -72 <END> 
<S> 56 63 68 72 / 55 -63 -68 -72 / 53 61 67 70 / 52 -61 -67 -70 / 53 60 67 68 / 55 -60 -67 -68 / 56 60 65 68 / 53 -60 -65 -68 / 60 64 67 / 57 60 65 75 <END> 
<S> 44 60 65 / 56 60 65 72 / 62 -56 -60 -72 / 50 58 65 70 / 51 58 63 -70 / 53 56 65 68 / 55 63 67 70 / 61 -55 -67 -70 / 53 60 68 -67 / 65 -53 -60 -68 / 48 60 65 67 <END> 
