<S> 57 60 67 72 / 62 65 -57 -72 / 55 64 72 / 53 62 65 -72 / 52 60 67 / 53 69 -60 -67 / 52 62 65 71 / 50 -62 -65 -71 / 48 55 64 72 / 67 71 -48 -64 / 50 57 69 -67 / 62 66 -50 -69 / 43 59 62 67 / 45 52 68 72 / 54 -45 -68 -72 <END> 
<S> 48 55 64 72 / 47 62 67 71 / 45 60 69 -67 / 66 -45 -60 -69 / 43 59 62 67 / 55 59 62 67 / 53 -59 -62 -67 / 52 55 60 67 / 50 65 -55 -60 / 48 55 60 64 / 46 -55 -60 -64 / 45 57 60 65 / 43 -57 -60 -65 / 41 55 60 67 / 40 -60 -55 -67 / 43 55 62 -60 / 59 -43 -55 -62 / 53 -43 -59 -62 / 48 52 55 60 <END> 
<S> 45 60 65 / 64 -45 -60 -65 / 47 55 62 67 / 48 55 64 -67 / 50 57 62 -67 / 60 69 -50 -62 / 43 55 59 67 / 53 62 -43 -67 / 45 52 60 72 / 47 50 62 71 / 48 55 64 72 / 50 55 65 74 / 71 -50 -55 -74 / 52 55 72 / 54 57 62 -72 <END> 
<S> 47 55 62 67 / 48 55 60 64 / 50 53 65 -60 / 52 60 67 / 48 -60 -67 / 55 60 67 74 / 59 -55 -67 -74 / 57 60 66 72 / 59 62 67 74 / 60 67 76 / 59 -60 -67 -76 / 57 60 65 77 / 55 59 67 76 / 53 57 69 74 / 50 65 -57 -74 <END> 
<S> 55 59 67 74 / 56 64 71 76 / 57 64 69 72 / 59 62 67 74 / 60 67 76 / 77 -60 -67 -76 / 55 67 74 -60 / 59 -55 -67 -74 / 57 60 64 72 / 55 65 74 -72 / 53 67 73 -72 / 52 -67 -72 -76 / 53 69 72 74 / 50 65 71 -74 / 69 -50 -65 -74 / 55 62 71 -74 / 67 -55 -71 -74 / 65 -55 -71 -74 <END> 
<S> 66 69 74 -60 / 59 67 -74 / 57 64 71 76 / 55 -64 -71 -76 / 57 64 69 72 / 55 -64 -69 -72 / 53 65 71 74 / 52 59 76 79 / 57 60 77 77 / 76 -57 -60 -77 / 55 69 72 76 / 54 74 -72 -76 / 55 62 71 74 / 59 67 -62 -74 / 60 64 67 76 / 62 69 -60 -76 / 60 67 76 -60 / 59 -60 -67 -76 <END> 
<S> 59 67 76 / 64 -59 -67 -76 / 57 60 69 77 / 62 71 -57 -77 / 55 60 72 76 / 53 74 -72 55 / 55 71 74 79 / 65 -55 -71 -74 / 48 64 67 72 / 60 66 69 74 / 59 67 74 / 55 67 71 74 <END> 
<S> 55 62 74 -72 / 64 -55 -72 -74 / 65 71 -55 -74 / 48 64 67 72 / 60 64 67 72 / 59 62 67 74 / 76 -59 -62 -67 / 57 60 69 77 / 56 59 71 76 / 74 -56 -59 -71 / 57 64 69 72 / 55 -64 -69 -72 <END> 
<S> 59 62 67 79 / 57 -62 -67 -79 / 55 62 67 71 / 53 -62 -67 -71 / 52 60 67 72 / 48 -60 -67 -72 / 55 60 67 74 / 59 -55 -67 -74 / 48 64 67 72 / 60 64 67 72 / 59 62 67 79 <END> 
<S> 48 55 64 72 / 60 67 -48 -64 / 55 59 62 67 / 53 -59 -62 -67 / 52 59 64 67 / 50 65 -64 -67 / 48 64 67 72 / 47 62 -67 -72 / 48 60 67 76 / 52 -60 -67 -76 / 54 60 69 74 / 56 59 68 76 / 74 -56 -60 -64 / 57 60 64 72 / 55 -57 -60 -72 <END> 
<S> 48 60 67 76 / 50 -60 -67 -76 / 52 60 67 76 / 53 -60 -67 -76 / 55 59 67 74 / 56 65 -59 -74 / 57 59 64 72 / 57 60 -64 -72 / 59 62 74 -57 / 60 -59 -67 -74 / 59 62 67 74 / 60 67 76 / 77 -60 -67 <END> 
<S> 57 60 64 72 / 55 59 -64 -72 / 53 60 69 72 / 52 -60 -69 -72 / 53 60 69 77 / 62 -53 -69 -77 / 52 64 67 79 / 65 -52 -67 -79 / 67 -55 -60 -79 / 62 72 77 -55 / 71 -55 -62 -77 / 52 67 71 76 / 50 65 69 77 / 52 67 70 -77 <END> 
<S> 55 67 71 74 / 62 66 69 74 / 60 64 -69 -74 / 59 62 74 -69 / 57 60 69 -74 / 55 59 71 74 / 53 57 69 72 / 52 60 67 76 / 50 60 65 77 / 52 76 -60 -77 / 53 59 67 74 <END> 
<S> 57 60 69 76 / 55 -60 -69 -76 / 53 60 69 74 / 52 59 67 76 / 50 65 77 77 / 76 -50 -65 -77 / 52 67 72 76 / 53 69 74 -72 / 55 67 71 74 / 55 67 71 74 <END> 
<S> 50 65 69 77 / 71 -50 -65 -77 / 52 67 72 76 / 53 -67 -72 -76 / 55 67 74 -72 / 71 -55 -67 -74 / 0 / 56 64 71 76 <END> 
<S> 50 65 77 / 71 -50 -65 -77 / 52 67 72 76 / 53 -67 -72 -76 / 55 67 74 -72 / 71 -55 -67 -74 / 69 -55 -67 -74 / 71 -55 -67 -74 / 65 -55 -71 -74 <END> 
<S> 50 65 69 74 / 71 -50 -65 -74 / 48 67 72 76 / 52 -67 -72 -76 / 53 69 74 -72 / 50 65 -72 -74 / 55 62 71 -74 / 67 -55 -71 -74 / 65 -55 -71 -74 / 48 64 67 72 <END> 
<S> 53 69 74 / 52 67 -69 -74 / 50 65 69 72 / 55 64 -69 -72 / 53 62 69 74 / 71 -53 -62 -74 / 52 55 72 76 / 57 60 -72 -76 / 59 67 74 -55 / 52 55 -67 -74 / 48 64 67 72 / 62 -48 -67 -72 / 55 62 67 71 / 43 59 62 67 <END> 
<S> 55 64 69 72 / 54 62 -69 -72 / 55 62 67 71 / 52 59 64 67 / 57 60 -64 -67 / 59 62 67 / 60 66 69 -62 / 55 62 67 71 / 53 72 -62 -67 / 52 60 67 -67 / 48 64 -67 -67 / 65 69 -48 -67 / 50 59 -67 -69 / 60 -50 -65 -68 / 55 59 62 67 / 55 64 -59 -67 <END> 
<S> 55 62 69 70 / 52 67 -62 -70 / 53 60 69 -67 / 62 -53 -67 -69 / 64 -57 -62 -69 / 50 62 65 69 / 55 62 67 71 / 53 -62 -67 -71 / 52 60 67 72 / 48 -60 -67 -72 / 55 60 67 74 / 59 -55 -67 -74 / 65 -55 -59 -74 / 48 55 64 72 <END> 
<S> 53 60 67 69 / 52 -60 -67 -69 / 50 60 65 77 / 59 -50 -65 -77 / 52 60 67 76 / 53 -60 -67 -76 / 55 60 67 74 / 59 -55 -67 -74 / 48 64 67 72 / 60 64 72 79 / 59 -64 -72 -79 <END> 
<S> 48 60 67 76 / 50 -60 -67 -76 / 52 60 67 76 / 53 -60 -67 -76 / 55 59 67 74 / 56 65 -59 -74 / 57 59 64 72 / 48 57 -64 -72 / 50 57 65 71 / 47 62 -57 -71 / 52 59 64 -71 / 56 64 71 / 48 64 72 -56 / 55 62 71 / 53 69 -62 -71 <END> 
<S> 50 57 66 74 / 52 55 59 67 / 57 64 -55 -67 / 54 60 62 69 / 59 62 -41 -69 / 57 60 64 67 / 65 -57 -60 -64 / 55 59 62 67 / 53 60 65 69 / 62 65 -53 -69 / 64 71 -53 -65 / 52 60 64 67 / 57 64 72 / 55 67 71 74 / 53 67 73 76 <END> 
<S> 57 60 64 72 / 55 -60 -64 -72 / 53 59 69 74 / 52 55 64 -74 / 57 72 -55 -64 / 50 -57 -60 -72 / 55 59 62 / 43 53 -59 -62 / 48 52 55 60 / 48 52 60 67 / 50 53 -60 -67 / 52 55 60 67 / 53 -60 -60 -67 <END> 
<S> 48 52 55 60 / 50 48 60 -55 / 52 55 60 67 / 58 -52 -55 -67 / 53 57 60 69 / 62 -53 -60 -69 / 55 59 62 67 / 52 60 -55 -67 / 53 57 60 62 / 50 -57 -60 -62 / 55 59 62 / 43 55 -55 -62 <END> 
<S> 50 57 62 65 / 47 -57 -62 -65 / 48 55 60 64 / 59 -48 -55 -64 / 41 57 60 62 / 44 64 -57 -60 / 43 59 62 -57 / 53 57 62 -62 / 38 -57 -62 -62 / 43 55 59 -62 / 53 -43 -59 -62 / 36 52 55 60 / 47 55 62 67 / 48 55 64 69 <END> 
<S> -69 57 62 69 / 50 59 -62 -69 / 57 60 62 / -69 -57 -60 -64 / 55 59 62 67 / 52 60 67 / 50 53 -60 -67 / 52 55 67 72 / 48 64 -55 -72 / 50 62 66 69 / 60 -50 -66 -69 / 55 59 62 67 / 52 60 67 70 / 65 -52 -60 -67 <END> 
<S> 48 55 64 72 / 50 65 -55 -72 / 52 60 67 72 / 53 62 -67 -72 / 52 60 67 72 / 53 65 69 -72 / 64 -53 -69 -72 / 53 62 74 -69 / 48 67 76 -74 / 50 72 77 -67 / 52 67 72 76 / 53 -67 -72 -76 / 55 67 72 74 / 71 -55 -67 -74 / 55 67 71 74 / 53 -67 -71 -74 <END> 
<S> 50 65 72 77 / 71 -50 -65 -77 / 48 67 72 76 / 55 74 -72 -76 / 71 -55 -67 -74 / 65 -55 -71 -74 / 60 64 67 72 / 55 -60 -64 -72 / 53 65 69 74 / 50 59 65 74 / 57 60 64 76 / 57 60 66 74 / 55 59 67 76 / 55 59 74 -67 / 60 67 76 / 65 -60 -67 -76 <END> 
<S> 55 59 62 67 / 64 -55 -59 -67 / 50 -55 -67 -71 / 48 62 67 69 / 47 -62 -67 -69 / 50 62 66 -69 / 48 55 64 -69 / 47 62 67 71 / 48 60 64 69 / 47 62 67 71 / 48 64 67 69 / 50 62 66 -69 / 43 59 62 67 / 48 60 64 67 <END> 
<S> 48 64 69 -67 / 50 62 66 -69 / 60 -50 -66 -69 / 43 59 62 67 / 52 60 67 72 / 50 62 65 71 / 48 64 67 72 / 55 59 67 74 / 55 59 67 74 <END> 
<S> 50 62 65 69 / 60 64 67 / 59 62 -67 / 60 64 72 -57 / 59 62 67 74 / 60 64 -67 -74 / 62 65 -60 -74 / 64 72 -55 -60 / 59 67 74 -55 / 57 60 -67 -74 / 59 62 67 74 / 55 59 -67 -74 / 65 -55 -59 -74 / 48 60 64 72 / 53 60 65 69 <END> 
<S> 60 67 76 / 55 -60 -67 -76 / 53 60 69 74 / 55 59 67 -74 / 65 -55 -59 -74 / 64 -55 -59 -74 / 48 55 64 72 / 50 62 71 77 / 52 60 67 72 / 53 59 67 74 / 52 60 67 -74 / 50 59 65 74 / 48 60 -65 -74 <END> 
<S> 55 59 67 74 / 53 -59 -67 -74 / 52 60 67 76 / 58 -52 -67 -76 / 53 57 65 77 / 47 62 67 -77 / 48 60 67 76 / 59 -48 -67 -76 / 50 57 66 74 / 52 55 67 72 / 54 57 69 -72 / 55 59 67 74 / 60 64 67 76 / 62 -60 -67 -76 <END> 
<S> 52 60 67 72 / 50 65 69 74 / 71 -50 -65 -74 / 48 67 72 76 / 60 74 77 -48 / 76 79 -48 -60 / 53 59 74 77 / 60 72 76 -53 / 55 67 71 74 / 56 64 71 76 <END> 
<S> 53 60 69 77 / 72 -53 -60 -77 / 55 67 71 74 / 55 59 67 74 / 65 -55 -59 -74 / 48 55 64 72 / 53 62 71 74 / 50 -62 -71 -74 / 52 67 72 76 / 57 -67 -72 -76 / 55 67 71 74 / 53 -67 -74 -74 <END> 
<S> 52 60 67 72 / 50 65 69 74 / 71 -50 -65 -74 / 48 67 72 76 / 60 74 77 -48 / 76 79 -48 -60 / 53 59 74 77 / 60 72 76 -53 / 55 67 71 74 / 56 64 71 76 <END> 
<S> 53 60 69 77 / 72 -53 -60 -77 / 55 67 71 74 / 55 59 67 74 / 65 -55 -59 -74 / 48 55 64 72 / 53 62 71 74 / 50 -62 -71 -74 / 52 67 72 76 / 57 -67 -72 -76 / 55 67 71 74 / 53 -67 -74 -74 <END> 
<S> 52 60 67 72 / 50 65 69 74 / 71 -50 -65 -74 / 48 67 72 76 / 60 74 77 -48 / 76 79 -48 -60 / 53 59 74 77 / 60 72 76 -53 / 55 67 71 74 / 56 64 71 76 <END> 
<S> 53 60 69 77 / 72 -53 -60 -77 / 55 67 71 74 / 55 59 67 74 / 65 -55 -59 -74 / 48 55 64 72 / 53 62 71 74 / 50 -62 -71 -74 / 52 67 72 76 / 57 -67 -72 -76 / 55 67 71 74 / 53 -67 -74 -74 <END> 
<S> 52 60 67 72 / 50 65 69 74 / 71 -50 -65 -74 / 48 67 72 76 / 60 74 77 -48 / 76 79 -48 -60 / 53 59 74 77 / 60 72 76 -53 / 55 67 71 74 / 56 64 71 76 <END> 
<S> 53 60 69 77 / 72 -53 -60 -77 / 55 67 71 74 / 55 59 67 74 / 65 -55 -59 -74 / 48 55 64 72 / 53 62 71 74 / 50 -62 -71 -74 / 52 67 72 76 / 57 -67 -72 -76 / 55 67 71 74 / 53 -67 -74 -74 <END> 
<S> 52 60 67 72 / 50 65 69 74 / 71 -50 -65 -74 / 48 67 72 76 / 60 74 77 -48 / 76 79 -48 -60 / 53 59 74 77 / 60 72 76 -53 / 55 67 71 74 / 56 64 71 76 <END> 
<S> 53 60 69 77 / 72 -53 -60 -77 / 55 67 71 74 / 55 59 67 74 / 65 -55 -59 -74 / 48 55 64 72 / 53 62 71 74 / 50 -62 -71 -74 / 52 67 72 76 / 57 -67 -72 -76 / 55 67 71 74 / 53 -67 -74 -74 <END> 
<S> 52 60 67 72 / 50 65 69 74 / 71 -50 -65 -74 / 48 67 72 76 / 60 74 77 -48 / 76 79 -48 -60 / 53 59 74 77 / 60 72 76 -53 / 55 67 71 74 / 56 64 71 76 <END> 
<S> 53 60 69 77 / 72 -53 -60 -77 / 55 67 71 74 / 55 59 67 74 / 65 -55 -59 -74 / 48 55 64 72 / 53 62 71 74 / 50 -62 -71 -74 / 52 67 72 76 / 57 -67 -72 -76 / 55 67 71 74 / 53 -67 -74 -74 <END> 
<S> 52 60 67 72 / 50 65 69 74 / 71 -50 -65 -74 / 48 67 72 76 / 60 74 77 -48 / 76 79 -48 -60 / 53 59 74 77 / 60 72 76 -53 / 55 67 71 74 / 56 64 71 76 <END> 
<S> 53 60 69 77 / 72 -53 -60 -77 / 55 67 71 74 / 55 59 67 74 / 65 -55 -59 -74 / 48 55 64 72 / 53 62 71 74 / 50 -62 -71 -74 / 52 67 72 76 / 57 -67 -72 -76 / 55 67 71 74 / 53 -67 -74 -74 <END> 
<S> 52 60 67 72 / 50 65 69 74 / 71 -50 -65 -74 / 48 67 72 76 / 60 74 77 -48 / 76 79 -48 -60 / 53 59 74 77 / 60 72 76 -53 / 55 67 71 74 / 56 64 71 76 <END> 
<S> 53 60 69 77 / 72 -53 -60 -77 / 55 67 71 74 / 55 59 67 74 / 65 -55 -59 -74 / 48 55 64 72 / 53 62 71 74 / 50 -62 -71 -74 / 52 67 72 76 / 57 -67 -72 -76 / 55 67 71 74 / 53 -67 -74 -74 <END> 
<S> 52 60 67 72 / 50 65 69 74 / 71 -50 -65 -74 / 48 67 72 76 / 60 74 77 -48 / 76 79 -48 -60 / 53 59 74 77 / 60 72 76 -53 / 55 67 71 74 / 56 64 71 76 <END> 
<S> 53 60 69 77 / 72 -53 -60 -77 / 55 67 71 74 / 55 59 67 74 / 65 -55 -59 -74 / 48 55 64 72 / 53 62 71 74 / 50 -62 -71 -74 / 52 67 72 76 / 57 -67 -72 -76 / 55 67 71 74 / 53 -67 -74 -74 <END> 
<S> 52 60 67 72 / 50 65 69 74 / 71 -50 -65 -74 / 48 67 72 76 / 60 74 77 -48 / 76 79 -48 -60 / 53 59 74 77 / 60 72 76 -53 / 55 67 71 74 / 56 64 71 76 <END> 
<S> 53 60 69 77 / 72 -53 -60 -77 / 55 67 71 74 / 55 59 67 74 / 65 -55 -59 -74 / 48 55 64 72 / 53 62 71 74 / 50 -62 -71 -74 / 52 67 72 76 / 57 -67 -72 -76 / 55 67 71 74 / 53 -67 -74 -74 <END> 
<S> 52 60 67 72 / 50 65 69 74 / 71 -50 -65 -74 / 48 67 72 76 / 60 74 77 -48 / 76 79 -48 -60 / 53 59 74 77 / 60 72 76 -53 / 55 67 71 74 / 56 64 71 76 <END> 
<S> 53 60 69 77 / 72 -53 -60 -77 / 55 67 71 74 / 55 59 67 74 / 65 -55 -59 -74 / 48 55 64 72 / 53 62 71 74 / 50 -62 -71 -74 / 52 67 72 76 / 57 -67 -72 -76 / 55 67 71 74 / 53 -67 -74 -74 <END> 
<S> 52 60 67 72 / 50 65 69 74 / 71 -50 -65 -74 / 48 67 72 76 / 60 74 77 -48 / 76 79 -48 -60 / 53 59 74 77 / 60 72 76 -53 / 55 67 71 74 / 56 64 71 76 <END> 
<S> 53 60 69 77 / 72 -53 -60 -77 / 55 67 71 74 / 55 59 67 74 / 65 -55 -59 -74 / 48 55 64 72 / 53 62 71 74 / 50 -62 -71 -74 / 52 67 72 76 / 57 -67 -72 -76 / 55 67 71 74 / 53 -67 -74 -74 <END> 
<S> 52 60 67 72 / 50 65 69 74 / 71 -50 -65 -74 / 48 67 72 76 / 60 74 77 -48 / 76 79 -48 -60 / 53 59 74 77 / 60 72 76 -53 / 55 67 71 74 / 56 64 71 76 <END> 
<S> 53 60 69 77 / 72 -53 -60 -77 / 55 67 71 74 / 55 59 67 74 / 65 -55 -59 -74 / 48 55 64 72 / 53 62 71 74 / 50 -62 -71 -74 / 52 67 72 76 / 57 -67 -72 -76 / 55 67 71 74 / 53 -67 -74 -74 <END> 
<S> 52 60 67 72 / 50 65 69 74 / 71 -50 -65 -74 / 48 67 72 76 / 60 74 77 -48 / 76 79 -48 -60 / 53 59 74 77 / 60 72 76 -53 / 55 67 71 74 / 56 64 71 76 <END> 
<S> 53 60 69 77 / 72 -53 -60 -77 / 55 67 71 74 / 55 59 67 74 / 65 -55 -59 -74 / 48 55 64 72 / 53 62 71 74 / 50 -62 -71 -74 / 52 67 72 76 / 57 -67 -72 -76 / 55 67 71 74 / 53 -67 -74 -74 <END> 
<S> 52 60 67 72 / 50 65 69 74 / 71 -50 -65 -74 / 48 67 72 76 / 60 74 77 -48 / 76 79 -48 -60 / 53 59 74 77 / 60 72 76 -53 / 55 67 71 74 / 56 64 71 76 <END> 
<S> 53 60 69 77 / 72 -53 -60 -77 / 55 67 71 74 / 55 59 67 74 / 65 -55 -59 -74 / 48 55 64 72 / 53 62 71 74 / 50 -62 -71 -74 / 52 67 72 76 / 57 -67 -72 -76 / 55 67 71 74 / 53 -67 -74 -74 <END> 
<S> 52 60 67 72 / 50 65 69 74 / 71 -50 -65 -74 / 48 67 72 76 / 60 74 77 -48 / 76 79 -48 -60 / 53 59 74 77 / 60 72 76 -53 / 55 67 71 74 / 56 64 71 76 <END> 
<S> 53 60 69 77 / 72 -53 -60 -77 / 55 67 71 74 / 55 59 67 74 / 65 -55 -59 -74 / 48 55 64 72 / 53 62 71 74 / 50 -62 -71 -74 / 52 67 72 76 / 57 -67 -72 -76 / 55 67 71 74 / 53 -67 -74 -74 <END> 
