<S> 57 64 69 72 / 52 64 67 71 / 62 -52 -67 -71 / 53 60 67 69 / 65 -53 -60 -69 / 48 60 64 67 / 50 65 -60 -67 / 52 60 67 72 / 53 69 74 -60 / 55 59 67 -74 / 48 60 67 76 / 48 60 67 76 / 62 -48 -67 -76 <END> 
<S> 52 60 67 72 / 53 69 74 -60 / 55 59 67 -74 / 65 -55 -59 -67 / 48 60 64 67 / 55 59 62 67 / 53 -59 -62 -67 / 52 60 67 72 / 50 65 69 74 / 71 -50 -65 -74 / 48 67 72 76 / 60 74 77 -48 / 76 79 -48 -60 / 53 59 74 77 / 60 72 76 -53 <END> 
<S> 52 60 67 72 / 50 65 69 74 / 71 -50 -65 -74 / 48 67 72 76 / 60 74 77 -48 / 76 79 -48 -60 / 53 59 74 77 / 60 72 76 -53 / 55 67 71 74 / 56 64 71 76 <END> 
<S> 53 60 69 77 / 72 -53 -60 -77 / 55 67 71 74 / 55 59 67 74 / 65 -55 -59 -74 / 48 55 64 72 / 53 62 71 74 / 50 -62 -71 -74 / 52 67 72 76 / 57 -67 -72 -76 / 55 67 71 74 / 53 -67 -74 -74 <END> 
<S> 52 60 67 72 / 50 65 69 74 / 71 -50 -65 -74 / 48 67 72 76 / 60 74 77 -48 / 76 79 -48 -60 / 53 59 74 77 / 60 72 76 -53 / 55 67 71 74 / 56 64 71 76 <END> 
<S> 53 60 69 77 / 72 -53 -60 -77 / 55 67 71 74 / 55 59 67 74 / 65 -55 -59 -74 / 48 55 64 72 / 53 62 71 74 / 50 -62 -71 -74 / 52 67 72 76 / 57 -67 -72 -76 / 55 67 71 74 / 53 -67 -74 -74 <END> 
<S> 52 60 67 72 / 50 65 69 74 / 71 -50 -65 -74 / 48 67 72 76 / 60 74 77 -48 / 76 79 -48 -60 / 53 59 74 77 / 60 72 76 -53 / 55 67 71 74 / 56 64 71 76 <END> 
<S> 53 60 69 77 / 72 -53 -60 -77 / 55 67 71 74 / 55 59 67 74 / 65 -55 -59 -74 / 48 55 64 72 / 53 62 71 74 / 50 -62 -71 -74 / 52 67 72 76 / 57 -67 -72 -76 / 55 67 71 74 / 53 -67 -74 -74 <END> 
<S> 52 60 67 72 / 50 65 69 74 / 71 -50 -65 -74 / 48 67 72 76 / 60 74 77 -48 / 76 79 -48 -60 / 53 59 74 77 / 60 72 76 -53 / 55 67 71 74 / 56 64 71 76 <END> 
<S> 53 60 69 77 / 72 -53 -60 -77 / 55 67 71 74 / 55 59 67 74 / 65 -55 -59 -74 / 48 55 64 72 / 53 62 71 74 / 50 -62 -71 -74 / 52 67 72 76 / 57 -67 -72 -76 / 55 67 71 74 / 53 -67 -74 -74 <END> 
<S> 52 60 67 72 / 50 65 69 74 / 71 -50 -65 -74 / 48 67 72 76 / 60 74 77 -48 / 76 79 -48 -60 / 53 59 74 77 / 60 72 76 -53 / 55 67 71 74 / 56 64 71 76 <END> 
<S> 53 60 69 77 / 72 -53 -60 -77 / 55 67 71 74 / 55 59 67 74 / 65 -55 -59 -74 / 48 55 64 72 / 53 62 71 74 / 50 -62 -71 -74 / 52 67 72 76 / 57 -67 -72 -76 / 55 67 71 74 / 53 -67 -74 -74 <END> 
<S> 52 60 67 72 / 50 65 69 74 / 71 -50 -65 -74 / 48 67 72 76 / 60 74 77 -48 / 76 79 -48 -60 / 53 59 74 77 / 60 72 76 -53 / 55 67 71 74 / 56 64 71 76 <END> 
<S> 53 60 69 77 / 72 -53 -60 -77 / 55 67 71 74 / 55 59 67 74 / 65 -55 -59 -74 / 48 55 64 72 / 53 62 71 74 / 50 -62 -71 -74 / 52 67 72 76 / 57 -67 -72 -76 / 55 67 71 74 / 53 -67 -74 -74 <END> 
<S> 52 60 67 72 / 50 65 69 74 / 71 -50 -65 -74 / 48 67 72 76 / 60 74 77 -48 / 76 79 -48 -60 / 53 59 74 77 / 60 72 76 -53 / 55 67 71 74 / 56 64 71 76 <END> 
<S> 53 60 69 77 / 72 -53 -60 -77 / 55 67 71 74 / 55 59 67 74 / 65 -55 -59 -74 / 48 55 64 72 / 53 62 71 74 / 50 -62 -71 -74 / 52 67 72 76 / 57 -67 -72 -76 / 55 67 71 74 / 53 -67 -74 -74 <END> 
<S> 52 60 67 72 / 50 65 69 74 / 71 -50 -65 -74 / 48 67 72 76 / 60 74 77 -48 / 76 79 -48 -60 / 53 59 74 77 / 60 72 76 -53 / 55 67 71 74 / 56 64 71 76 <END> 
<S> 53 60 69 77 / 72 -53 -60 -77 / 55 67 71 74 / 55 59 67 74 / 65 -55 -59 -74 / 48 55 64 72 / 53 62 71 74 / 50 -62 -71 -74 / 52 67 72 76 / 57 -67 -72 -76 / 55 67 71 74 / 53 -67 -74 -74 <END> 
<S> 52 60 67 72 / 50 65 69 74 / 71 -50 -65 -74 / 48 67 72 76 / 60 74 77 -48 / 76 79 -48 -60 / 53 59 74 77 / 60 72 76 -53 / 55 67 71 74 / 56 64 71 76 <END> 
<S> 53 60 69 77 / 72 -53 -60 -77 / 55 67 71 74 / 55 59 67 74 / 65 -55 -59 -74 / 48 55 64 72 / 53 62 71 74 / 50 -62 -71 -74 / 52 67 72 76 / 57 -67 -72 -76 / 55 67 71 74 / 53 -67 -74 -74 <END> 
<S> 52 60 67 72 / 50 65 69 74 / 71 -50 -65 -74 / 48 67 72 76 / 60 74 77 -48 / 76 79 -48 -60 / 53 59 74 77 / 60 72 76 -53 / 55 67 71 74 / 56 64 71 76 <END> 
<S> 53 60 69 77 / 72 -53 -60 -77 / 55 67 71 74 / 55 59 67 74 / 65 -55 -59 -74 / 48 55 64 72 / 53 62 71 74 / 50 -62 -71 -74 / 52 67 72 76 / 57 -67 -72 -76 / 55 67 71 74 / 53 -67 -74 -74 <END> 
<S> 52 60 67 72 / 50 65 69 74 / 71 -50 -65 -74 / 48 67 72 76 / 60 74 77 -48 / 76 79 -48 -60 / 53 59 74 77 / 60 72 76 -53 / 55 67 71 74 / 56 64 71 76 <END> 
<S> 53 60 69 77 / 72 -53 -60 -77 / 55 67 71 74 / 55 59 67 74 / 65 -55 -59 -74 / 48 55 64 72 / 53 62 71 74 / 50 -62 -71 -74 / 52 67 72 76 / 57 -67 -72 -76 / 55 67 71 74 / 53 -67 -74 -74 <END> 
<S> 52 60 67 72 / 50 65 69 74 / 71 -50 -65 -74 / 48 67 72 76 / 60 74 77 -48 / 76 79 -48 -60 / 53 59 74 77 / 60 72 76 -53 / 55 67 71 74 / 56 64 71 76 <END> 
<S> 53 60 69 77 / 72 -53 -60 -77 / 55 67 71 74 / 55 59 67 74 / 65 -55 -59 -74 / 48 55 64 72 / 53 62 71 74 / 50 -62 -71 -74 / 52 67 72 76 / 57 -67 -72 -76 / 55 67 71 74 / 53 -67 -74 -74 <END> 
<S> 52 60 67 72 / 50 65 69 74 / 71 -50 -65 -74 / 48 67 72 76 / 60 74 77 -48 / 76 79 -48 -60 / 53 59 74 77 / 60 72 76 -53 / 55 67 71 74 / 56 64 71 76 <END> 
<S> 53 60 69 77 / 72 -53 -60 -77 / 55 67 71 74 / 55 59 67 74 / 65 -55 -59 -74 / 48 55 64 72 / 53 62 71 74 / 50 -62 -71 -74 / 52 67 72 76 / 57 -67 -72 -76 / 55 67 71 74 / 53 -67 -74 -74 <END> 
<S> 52 60 67 72 / 50 65 69 74 / 71 -50 -65 -74 / 48 67 72 76 / 60 74 77 -48 / 76 79 -48 -60 / 53 59 74 77 / 60 72 76 -53 / 55 67 71 74 / 56 64 71 76 <END> 
<S> 53 60 69 77 / 72 -53 -60 -77 / 55 67 71 74 / 55 59 67 74 / 65 -55 -59 -74 / 48 55 64 72 / 53 62 71 74 / 50 -62 -71 -74 / 52 67 72 76 / 57 -67 -72 -76 / 55 67 71 74 / 53 -67 -74 -74 <END> 
<S> 52 60 67 72 / 50 65 69 74 / 71 -50 -65 -74 / 48 67 72 76 / 60 74 77 -48 / 76 79 -48 -60 / 53 59 74 77 / 60 72 76 -53 / 55 67 71 74 / 56 64 71 76 <END> 
<S> 53 60 69 77 / 72 -53 -60 -77 / 55 67 71 74 / 55 59 67 74 / 65 -55 -59 -74 / 48 55 64 72 / 53 62 71 74 / 50 -62 -71 -74 / 52 67 72 76 / 57 -67 -72 -76 / 55 67 71 74 / 53 -67 -74 -74 <END> 
<S> 52 60 67 72 / 50 65 69 74 / 71 -50 -65 -74 / 48 67 72 76 / 60 74 77 -48 / 76 79 -48 -60 / 53 59 74 77 / 60 72 76 -53 / 55 67 71 74 / 56 64 71 76 <END> 
<S> 53 60 69 77 / 72 -53 -60 -77 / 55 67 71 74 / 55 59 67 74 / 65 -55 -59 -74 / 48 55 64 72 / 53 62 71 74 / 50 -62 -71 -74 / 52 67 72 76 / 57 -67 -72 -76 / 55 67 71 74 / 53 -67 -74 -74 <END> 
<S> 52 60 67 72 / 50 65 69 74 / 71 -50 -65 -74 / 48 67 72 76 / 60 74 77 -48 / 76 79 -48 -60 / 53 59 74 77 / 60 72 76 -53 / 55 67 71 74 / 56 64 71 76 <END> 
<S> 53 60 69 77 / 72 -53 -60 -77 / 55 67 71 74 / 55 59 67 74 / 65 -55 -59 -74 / 48 55 64 72 / 53 62 71 74 / 50 -62 -71 -74 / 52 67 72 76 / 57 -67 -72 -76 / 55 67 71 74 / 53 -67 -74 -74 <END> 
<S> 52 60 67 72 / 50 65 69 74 / 71 -50 -65 -74 / 48 67 72 76 / 60 74 77 -48 / 76 79 -48 -60 / 53 59 74 77 / 60 72 76 -53 / 55 67 71 74 / 56 64 71 76 <END> 
<S> 53 60 69 77 / 72 -53 -60 -77 / 55 67 71 74 / 55 59 67 74 / 65 -55 -59 -74 / 48 55 64 72 / 53 62 71 74 / 50 -62 -71 -74 / 52 67 72 76 / 57 -67 -72 -76 / 55 67 71 74 / 53 -67 -74 -74 <END> 
<S> 52 60 67 72 / 50 65 69 74 / 71 -50 -65 -74 / 48 67 72 76 / 60 74 77 -48 / 76 79 -48 -60 / 53 59 74 77 / 60 72 76 -53 / 55 67 71 74 / 56 64 71 76 <END> 
<S> 53 60 69 77 / 72 -53 -60 -77 / 55 67 71 74 / 55 59 67 74 / 65 -55 -59 -74 / 48 55 64 72 / 53 62 71 74 / 50 -62 -71 -74 / 52 67 72 76 / 57 -67 -72 -76 / 55 67 71 74 / 53 -67 -74 -74 <END> 
<S> 52 60 67 72 / 50 65 69 74 / 71 -50 -65 -74 / 48 67 72 76 / 60 74 77 -48 / 76 79 -48 -60 / 53 59 74 77 / 60 72 76 -53 / 55 67 71 74 / 56 64 71 76 <END> 
<S> 53 60 69 77 / 72 -53 -60 -77 / 55 67 71 74 / 55 59 67 74 / 65 -55 -59 -74 / 48 55 64 72 / 53 62 71 74 / 50 -62 -71 -74 / 52 67 72 76 / 57 -67 -72 -76 / 55 67 71 74 / 53 -67 -74 -74 <END> 
<S> 52 60 67 72 / 50 65 69 74 / 71 -50 -65 -74 / 48 67 72 76 / 60 74 77 -48 / 76 79 -48 -60 / 53 59 74 77 / 60 72 76 -53 / 55 67 71 74 / 56 64 71 76 <END> 
<S> 53 60 69 77 / 72 -53 -60 -77 / 55 67 71 74 / 55 59 67 74 / 65 -55 -59 -74 / 48 55 64 72 / 53 62 71 74 / 50 -62 -71 -74 / 52 67 72 76 / 57 -67 -72 -76 / 55 67 71 74 / 53 -67 -74 -74 <END> 
<S> 52 60 67 72 / 50 65 69 74 / 71 -50 -65 -74 / 48 67 72 76 / 60 74 77 -48 / 76 79 -48 -60 / 53 59 74 77 / 60 72 76 -53 / 55 67 71 74 / 56 64 71 76 <END> 
<S> 53 60 69 77 / 72 -53 -60 -77 / 55 67 71 74 / 55 59 67 74 / 65 -55 -59 -74 / 48 55 64 72 / 53 62 71 74 / 50 -62 -71 -74 / 52 67 72 76 / 57 -67 -72 -76 / 55 67 71 74 / 53 -67 -74 -74 <END> 
<S> 52 60 67 72 / 50 65 69 74 / 71 -50 -65 -74 / 48 67 72 76 / 60 74 77 -48 / 76 79 -48 -60 / 53 59 74 77 / 60 72 76 -53 / 55 67 71 74 / 56 64 71 76 <END> 
<S> 53 60 69 77 / 72 -53 -60 -77 / 55 67 71 74 / 55 59 67 74 / 65 -55 -59 -74 / 48 55 64 72 / 53 62 71 74 / 50 -62 -71 -74 / 52 67 72 76 / 57 -67 -72 -76 / 55 67 71 74 / 53 -67 -74 -74 <END> 
<S> 52 60 67 72 / 50 65 69 74 / 71 -50 -65 -74 / 48 67 72 76 / 60 74 77 -48 / 76 79 -48 -60 / 53 59 74 77 / 60 72 76 -53 / 55 67 71 74 / 56 64 71 76 <END> 
<S> 53 60 69 77 / 72 -53 -60 -77 / 55 67 71 74 / 55 59 67 74 / 65 -55 -59 -74 / 48 55 64 72 / 53 62 71 74 / 50 -62 -71 -74 / 52 67 72 76 / 57 -67 -72 -76 / 55 67 71 74 / 53 -67 -74 -74 <END> 
<S> 52 60 67 72 / 50 65 69 74 / 71 -50 -65 -74 / 48 67 72 76 / 60 74 77 -48 / 76 79 -48 -60 / 53 59 74 77 / 60 72 76 -53 / 55 67 71 74 / 56 64 71 76 <END> 
<S> 53 60 69 77 / 72 -53 -60 -77 / 55 67 71 74 / 55 59 67 74 / 65 -55 -59 -74 / 48 55 64 72 / 53 62 71 74 / 50 -62 -71 -74 / 52 67 72 76 / 57 -67 -72 -76 / 55 67 71 74 / 53 -67 -74 -74 <END> 
<S> 52 60 67 72 / 50 65 69 74 / 71 -50 -65 -74 / 48 67 72 76 / 60 74 77 -48 / 76 79 -48 -60 / 53 59 74 77 / 60 72 76 -53 / 55 67 71 74 / 56 64 71 76 <END> 
<S> 53 60 69 77 / 72 -53 -60 -77 / 55 67 71 74 / 55 59 67 74 / 65 -55 -59 -74 / 48 55 64 72 / 53 62 71 74 / 50 -62 -71 -74 / 52 67 72 76 / 57 -67 -72 -76 / 55 67 71 74 / 53 -67 -74 -74 <END> 
<S> 52 60 67 72 / 50 65 69 74 / 71 -50 -65 -74 / 48 67 72 76 / 60 74 77 -48 / 76 79 -48 -60 / 53 59 74 77 / 60 72 76 -53 / 55 67 71 74 / 56 64 71 76 <END> 
<S> 53 60 69 77 / 72 -53 -60 -77 / 55 67 71 74 / 55 59 67 74 / 65 -55 -59 -74 / 48 55 64 72 / 53 62 71 74 / 50 -62 -71 -74 / 52 67 72 76 / 57 -67 -72 -76 / 55 67 71 74 / 53 -67 -74 -74 <END> 
<S> 52 60 67 72 / 50 65 69 74 / 71 -50 -65 -74 / 48 67 72 76 / 60 74 77 -48 / 76 79 -48 -60 / 53 59 74 77 / 60 72 76 -53 / 55 67 71 74 / 56 64 71 76 <END> 
<S> 53 60 69 77 / 72 -53 -60 -77 / 55 67 71 74 / 55 59 67 74 / 65 -55 -59 -74 / 48 55 64 72 / 53 62 71 74 / 50 -62 -71 -74 / 52 67 72 76 / 57 -67 -72 -76 / 55 67 71 74 / 53 -67 -74 -74 <END> 
<S> 52 60 67 72 / 50 65 69 74 / 71 -50 -65 -74 / 48 67 72 76 / 60 74 77 -48 / 76 79 -48 -60 / 53 59 74 77 / 60 72 76 -53 / 55 67 71 74 / 56 64 71 76 <END> 
<S> 53 60 69 77 / 72 -53 -60 -77 / 55 67 71 74 / 55 59 67 74 / 65 -55 -59 -74 / 48 55 64 72 / 53 62 71 74 / 50 -62 -71 -74 / 52 67 72 76 / 57 -67 -72 -76 / 55 67 71 74 / 53 -67 -74 -74 <END> 
<S> 52 60 67 72 / 50 65 69 74 / 71 -50 -65 -74 / 48 67 72 76 / 60 74 77 -48 / 76 79 -48 -60 / 53 59 74 77 / 60 72 76 -53 / 55 67 71 74 / 56 64 71 76 <END> 
<S> 53 60 69 77 / 72 -53 -60 -77 / 55 67 71 74 / 55 59 67 74 / 65 -55 -59 -74 / 48 55 64 72 / 53 62 71 74 / 50 -62 -71 -74 / 52 67 72 76 / 57 -67 -72 -76 / 55 67 71 74 / 53 -67 -74 -74 <END> 
<S> 52 60 67 72 / 50 65 69 74 / 71 -50 -65 -74 / 48 67 72 76 / 60 74 77 -48 / 76 79 -48 -60 / 53 59 74 77 / 60 72 76 -53 / 55 67 71 74 / 56 64 71 76 <END> 
<S> 53 60 69 77 / 72 -53 -60 -77 / 55 67 71 74 / 55 59 67 74 / 65 -55 -59 -74 / 48 55 64 72 / 53 62 71 74 / 50 -62 -71 -74 / 52 67 72 76 / 57 -67 -72 -76 / 55 67 71 74 / 53 -67 -74 -74 <END> 
<S> 52 60 67 72 / 50 65 69 74 / 71 -50 -65 -74 / 48 67 72 76 / 60 74 77 -48 / 76 79 -48 -60 / 53 59 74 77 / 60 72 76 -53 / 55 67 71 74 / 56 64 71 76 <END> 
<S> 53 60 69 77 / 72 -53 -60 -77 / 55 67 71 74 / 55 59 67 74 / 65 -55 -59 -74 / 48 55 64 72 / 53 62 71 74 / 50 -62 -71 -74 / 52 67 72 76 / 57 -67 -72 -76 / 55 67 71 74 / 53 -67 -74 -74 <END> 
