<S> 48 51 60 67 / 53 56 60 65 / 51 -56 -60 -65 / 47 50 62 67 / 48 55 60 63 / 41 56 60 62 / 63 -41 -56 -60 / 65 -41 -56 -60 / 43 55 59 62 / 53 -43 -59 -62 / 48 51 55 60 / 48 51 55 60 / 53 62 -48 -55 <END> 
<S> 41 56 60 62 / 63 -41 -56 -60 / 65 -41 -56 -60 / 43 55 59 62 / 53 -43 -59 -62 / 48 51 55 60 / 48 51 55 60 / 50 53 62 -60 / 59 -50 -53 -62 / 48 51 60 63 / 50 53 -60 -63 / 51 55 58 63 / 53 56 59 62 <END> 
<S> 51 55 60 67 / 50 -55 -60 -67 / 48 55 60 63 / 53 58 -48 -63 / 41 56 56 62 / 60 -41 -56 -56 / 55 59 62 / -55 60 53 / 57 -55 -60 / 58 -39 -55 -60 / 41 53 57 -60 / 43 59 -53 -57 / 50 53 57 62 / 58 -50 -62 / 53 -50 -57 -62 / 55 -50 -57 -62 / 43 55 59 62 / 53 -43 -59 -62 <END> 
<S> 50 57 62 65 / 55 58 -62 -65 / 53 57 60 / 53 55 62 -60 / 55 59 62 / 50 53 -55 -62 / 48 55 60 63 / 51 55 58 67 / 60 69 -51 -58 / 50 70 58 46 / 51 -50 -58 -70 / 46 53 62 70 / 55 -46 -62 -70 / 53 56 60 65 / 55 -53 -60 -65 <END> 
<S> 51 55 60 67 / 48 60 -55 -67 / 53 56 62 65 / 58 -53 -62 -65 / 51 55 60 63 / 53 56 60 -63 / 55 59 62 / 56 -53 -59 -62 / 51 55 60 / 53 62 -51 -60 / 55 59 -43 -51 / 50 -43 -59 -67 / 48 51 55 60 / 48 60 63 67 / 58 -48 -63 -67 <END> 
<S> 41 56 60 62 / 43 55 59 -62 / 53 -43 -59 -62 / 48 51 55 60 / 48 60 63 67 / 50 -60 -63 -67 / 51 58 63 67 / 61 -51 -58 -67 / 53 56 60 68 / 58 62 -53 -68 / 48 60 63 67 / 46 -60 -63 -67 <END> 
<S> 48 60 63 67 / 58 -48 -63 -67 / 53 56 65 / 55 58 65 / 56 56 60 -65 / 47 55 62 67 / 68 -47 -55 -62 / 43 55 62 70 / 48 55 63 69 / 50 54 62 -69 / 60 -50 -54 -69 <END> 
<S> 46 62 65 / 63 -46 -62 -65 / 46 58 62 65 / 44 58 62 65 / 43 -58 -62 -65 / 45 60 65 / 53 -45 -60 -65 / 46 53 62 -60 / 58 -46 -53 -62 / 34 58 62 -53 / 56 -46 -62 -62 / 39 55 58 63 <END> 
<S> 46 58 62 65 / 50 -58 -62 -65 / 56 60 62 65 / 45 57 60 65 / 63 -45 -57 -60 / 46 58 62 65 / 48 55 60 64 / 46 -55 -60 -64 / 44 56 60 63 / 43 -56 -60 -63 / 44 56 60 65 / 41 -60 -65 <END> 
<S> 44 60 63 65 / 45 -60 -63 -65 / 46 58 62 65 / 56 -46 -62 -65 / 39 55 58 63 / 51 55 58 67 / 50 53 63 69 / 48 51 -63 -69 / 50 53 62 70 / 60 69 -50 -53 / 51 55 58 67 <END> 
<S> 55 58 62 / 53 60 -58 -62 / 52 55 60 67 / 53 60 65 -67 / 55 59 62 67 / 55 58 62 70 / 53 63 -58 -70 / 62 -53 -58 -67 / 60 58 63 67 / 55 58 63 67 / 56 60 65 68 / 53 62 65 70 / 63 -53 -60 -70 <END> 
<S> 56 60 63 / 55 -56 -60 -63 / 53 62 65 -56 / 55 58 63 / 53 56 -55 -60 / 55 59 62 / 53 -55 -59 -62 / 48 55 60 63 / 50 58 65 -63 / 51 58 63 67 / 53 62 65 70 / 55 63 67 70 / 57 65 -63 -67 / 58 63 65 70 / 56 62 -65 -70 <END> 
<S> 51 58 63 67 / 50 -58 -63 -67 / 48 60 63 67 / 46 -60 -63 -67 / 44 58 65 -63 / 63 -44 -58 -65 / 46 58 62 65 / 56 -46 -62 -65 / 39 55 58 63 / 51 55 58 67 / 50 53 63 69 / 48 51 -63 -69 / 50 53 62 71 / 60 69 -50 -53 / 51 55 58 67 <END> 
<S> 50 58 65 65 / 50 62 -58 -65 / 43 55 60 63 / 53 62 -60 -68 / 59 -53 -62 -62 / 57 -53 -62 -62 / 55 58 -62 -62 / 53 57 60 / 51 55 -60 / 53 55 60 -60 / 59 62 -53 -55 / 54 57 60 63 / 55 62 -48 -60 / 50 53 59 62 / 48 55 60 63 / 50 56 65 -60 / 51 55 58 67 / 53 -51 -58 -67 / 50 53 65 70 / 51 -53 -65 -70 <END> 
<S> 53 57 60 / 55 -53 -60 / 53 59 -53 -60 / 41 -53 -53 -60 / 55 59 62 -53 / 50 -55 -62 -62 / 51 55 60 63 / 50 65 -55 -60 / 48 55 63 -60 / 45 60 -55 -63 / 46 53 62 -60 / 50 58 -53 -62 / 53 57 60 / 51 55 -60 -69 / 50 53 65 70 / 48 55 63 / -70 -48 -55 -63 / 55 62 -48 -67 / 51 60 -55 -67 / 50 53 60 -60 / 59 -50 -53 -60 <END> 
<S> 48 55 60 63 / 46 -55 -60 -63 / 44 56 60 65 / 43 55 59 67 / 41 60 65 69 / 62 -41 -65 -69 / 43 63 68 72 / 59 -63 -68 / 60 63 67 / 62 -60 -67 / 58 60 63 67 / 56 60 65 72 / 65 -56 -60 -72 / 55 62 67 71 / 48 63 67 68 / 53 57 65 72 <END> 
<S> 56 60 63 72 / 55 -60 -63 -72 / 53 65 68 72 / 63 -53 -68 -72 / 46 65 67 74 / 59 65 68 74 / 60 67 72 75 / 58 67 74 77 / 56 60 72 77 / 55 70 75 -60 <END> 
<S> 48 63 67 75 / 60 67 72 75 / 53 68 72 74 / 55 67 71 -74 / 65 -55 -71 -74 / 48 63 72 / 51 63 70 79 <END> 
<S> 53 68 74 / / 72 -53 -68 -77 / 55 70 74 79 / 56 -70 -74 -79 / 58 70 75 77 / 74 -58 -70 -77 / 68 -58 -74 -77 / 60 67 75 -58 / 69 -60 -75 -75 / 74 -60 -63 -75 / 56 72 75 -60 / 55 70 75 -75 <END> 
<S> 48 60 67 75 / 55 67 71 74 / 55 63 71 75 / 56 65 72 77 / 67 -56 -72 -77 / 53 68 72 77 / 74 -53 -68 -77 / 55 67 72 75 / 74 -55 -67 -75 / 65 -55 -67 -75 / 63 67 -55 -75 / 53 -67 -70 -75 <END> 
<S> 53 65 68 74 / 55 63 67 -74 / 65 -55 -67 -74 / 53 72 -67 / 65 74 -55 / 59 67 -55 -74 / 48 55 63 72 / 60 63 67 72 / 58 62 -67 -72 <END> 
<S> 55 63 70 / 62 -55 -70 / 45 53 60 -70 / 46 52 -60 -69 / 50 53 60 -69 / 55 59 67 -53 / 52 60 -55 -67 / 45 60 65 / 53 63 -45 -60 / 46 53 62 -60 / 58 -46 -53 -62 / 53 -43 -58 -62 <END> 
<S> 45 60 65 65 / 47 63 67 / 48 55 64 -67 / 60 -48 -67 / 55 59 67 -48 / 53 56 62 65 / 59 -53 -56 -65 / 51 55 60 63 / 53 62 -60 / 55 59 -53 -62 / 53 -43 -59 -62 / 48 51 55 60 / 43 60 -51 50 <END> 
<S> 55 59 62 -65 / 53 55 60 -62 / 51 55 -60 -63 / 50 53 65 -60 / 59 -50 -53 -65 / 48 51 60 63 / 50 53 -60 -63 / 51 55 58 63 / 53 56 60 68 / 55 59 62 -53 / 56 60 -55 -59 / 53 56 60 65 / 55 59 67 -65 / 56 60 63 -67 / 62 65 -56 -60 <END> 
<S> 51 55 60 63 / 53 -55 -60 -63 / 55 59 62 / 43 55 59 62 / 48 55 60 63 / 50 65 -55 -60 / 51 55 67 -60 / 59 -51 -55 -67 / 45 57 60 65 / 59 62 -53 -65 / 48 55 60 63 / 53 62 -55 -60 / 55 60 62 / 59 -55 -62 -65 / 43 55 60 63 / 53 62 -43 -60 <END> 
<S> 47 62 65 67 / 48 60 63 67 / 44 60 63 65 / 41 -60 -63 -65 / 46 62 65 -53 / 53 60 -46 -65 / 55 58 62 -65 / 56 62 -58 -65 / 39 55 58 63 / 51 58 63 67 / 50 -58 -63 -67 / 48 60 63 69 / 53 -60 -63 -69 <END> 
<S> 46 58 65 -63 / 62 -46 -58 -65 / 60 -46 -58 -65 / 58 62 65 -46 / 51 58 63 67 / 50 60 63 68 / 48 -60 -63 -68 / 50 53 65 70 / 51 58 63 -70 / 53 57 62 65 / 58 -53 -62 -65 / 51 55 60 63 / 53 58 62 65 / 56 -53 -62 -65 <END> 
<S> 53 56 65 -63 / 55 58 63 -65 / 56 62 65 / 55 63 67 / 45 60 -67 -63 / 62 65 -46 / 47 63 -65 -68 / 46 58 62 65 / 44 56 60 65 / 43 55 60 63 / 53 62 -43 -60 / 59 -43 -53 -62 <END> 
<S> 46 58 65 -63 / 62 -46 -58 -65 / 56 -46 -62 -65 / 48 55 63 -62 / 60 -48 -55 -63 / 41 56 60 62 / 50 59 -41 -62 / 57 -41 -50 -62 / 43 55 59 -62 / 53 -43 -59 -62 / 44 51 60 / 51 55 58 67 <END> 
<S> 41 62 -54 -60 / 43 55 59 62 / 53 -43 -59 -62 / 36 51 55 60 / 48 51 55 60 / 53 62 -48 -55 / 55 60 63 -48 / 46 -55 -60 -63 / 44 48 60 65 / 43 -48 -60 -65 / 45 53 60 -60 / 47 55 -60 -65 / 48 51 60 67 / 50 53 -60 -67 <END> 
<S> 44 48 60 65 / 41 62 -48 -65 / 46 55 62 67 / 53 60 63 69 / 51 58 65 70 / 53 56 -65 -70 / 51 55 63 70 / 61 -51 -55 -70 / 53 56 60 68 / 58 -53 -60 -68 / 51 60 67 -68 / 58 -52 -67 -68 / 53 60 65 68 / 51 -60 -65 -68 <END> 
<S> 55 58 63 70 / 56 -58 -63 -70 / 56 63 68 72 / 67 -56 -63 -72 / 50 65 68 -72 / 64 67 48 / 65 68 74 / 55 59 67 75 / 56 60 68 75 / 55 -60 -68 -75 / 53 60 68 74 / 47 59 67 -74 / 65 -47 -55 -74 <END> 
<S> 55 59 67 75 / 56 60 -67 -75 / 65 74 -56 -60 / 55 59 67 74 / 65 -55 -59 -74 / 48 60 63 67 / 50 -60 -67 -75 / 51 60 67 75 / 53 -60 -67 -75 / 55 60 67 74 / 72 -55 -60 -67 / 43 59 67 74 / 65 -43 -59 -74 <END> 
<S> 56 60 63 72 / 65 74 -56 -60 / 55 60 67 75 / 53 -60 -67 -75 / 55 59 67 74 / 65 -55 -59 -74 / 56 60 63 72 / 55 -60 -63 -72 / 53 60 68 77 / 62 -53 -68 -77 / 60 63 67 75 / 65 69 74 -60 / 55 67 71 74 / 62 72 -55 -74 / 67 -55 -72 -74 <END> 
<S> 53 60 65 68 / 63 -53 -60 -68 / 55 59 62 67 / 55 59 62 67 / 63 -55 -62 / 60 65 -55 -60 / 53 62 -60 -65 / 59 -50 -53 -65 / 51 58 67 -65 / 50 60 65 70 / 62 -50 -65 -70 / 48 55 63 70 / 62 -48 -55 -70 / 56 60 64 72 / 55 67 -63 -72 <END> 
<S> 55 62 63 70 / 53 -55 -63 -70 / 51 55 63 70 / 50 -55 -63 -70 / 48 55 62 70 / 53 59 68 -62 / 51 60 57 -68 / 55 59 62 67 / 53 57 -62 -67 / 52 55 60 67 / 50 62 -55 -67 / 48 55 63 / 57 60 -48 -63 / 50 59 58 62 / 51 58 63 67 / 50 65 -58 -67 <END> 
<S> 55 60 67 75 / 62 -55 -67 -72 / 43 59 62 67 / 65 -43 -59 -62 / 48 60 63 72 / 55 62 67 71 / 53 -62 -67 -71 / 51 63 72 -67 / 50 65 -63 -72 / 48 62 67 70 / 47 -62 -67 -70 / 48 60 67 75 / 55 -60 -67 -75 / 53 56 68 74 / 72 -53 -56 -68 / 55 63 67 70 / 65 -55 -67 -70 <END> 
<S> 51 67 72 -51 / 53 -67 -72 -72 / 55 67 71 74 / 55 67 71 74 / 60 67 72 75 / 58 -67 -72 -75 / 57 65 72 77 / 53 75 -65 -72 / 58 65 70 74 / 57 -65 -70 -74 / 55 63 70 75 / 53 65 69 -75 <END> 
<S> 57 60 72 77 / 55 70 -60 -77 / 53 65 69 72 / 74 -53 -65 -69 / 55 58 67 75 / 57 60 -67 -75 / 58 62 65 74 / 52 67 70 72 / 53 65 69 72 / 63 -53 -69 -72 / 46 62 65 70 / 48 63 69 75 <END> 
<S> 53 65 69 72 / 63 -53 -69 -72 / 46 62 65 70 / 55 58 67 75 / 57 60 -67 -75 / 58 62 65 74 / 63 67 -58 -74 / 53 65 69 72 / 71 74 -53 -65 / 60 67 72 75 / 58 -67 -72 -75 / 56 60 72 77 / 55 67 75 -60 <END> 
<S> 46 62 65 74 / 67 -46 -62 -74 / 47 65 67 74 / 48 63 67 75 / 62 65 -48 -75 / 63 67 -48 -60 / 47 62 67 74 / 65 -47 -62 -74 / 48 63 67 72 / 60 -63 -67 -72 / 55 67 71 74 / 53 67 73 79 / 51 -67 -73 -79 <END> 
<S> 48 63 67 72 / 60 63 67 72 / 58 62 -67 -72 / 57 60 65 72 / 55 67 -60 -72 / 53 65 69 72 / 51 -65 -69 -72 / 50 65 69 77 / 75 -50 -65 -69 / 55 67 70 74 / 51 75 -67 -70 <END> 
<S> 57 60 65 72 / 55 67 -60 -72 / 53 65 69 72 / 51 -65 -69 -72 / 50 65 69 77 / 75 -50 -65 -69 / 55 67 70 74 / 51 75 -67 -70 / 53 65 70 72 / 63 -53 -70 -72 / 62 -53 -70 -72 / 63 69 -53 -72 / 46 62 65 70 / 51 63 67 70 / 53 68 -63 -70 <END> 
<S> 53 65 70 72 / 51 -65 -70 -72 / 53 65 69 72 / 63 -53 -69 -72 / 46 62 65 70 / 48 67 75 / 69 -48 -67 -75 / 46 65 70 74 / 47 62 67 74 / 48 63 67 75 / 72 -48 -67 -75 / 50 65 74 -72 / 71 -50 -65 -74 / 51 67 72 75 / 53 -67 -72 -75 <END> 
<S> 48 67 72 75 / 63 72 -67 -75 / 65 74 77 -60 / 59 67 75 / 60 67 72 / 62 -60 -67 -72 / 60 67 72 75 / 58 -67 -72 -75 / 56 60 72 77 / 62 -56 -72 -77 / 63 -56 -72 -77 / 55 62 71 79 / 77 -55 -62 -70 / 48 60 67 75 / 55 59 67 74 <END> 
<S> 60 67 72 75 / 53 -67 -72 -75 / 55 62 71 74 / 56 60 72 77 / 55 71 -60 -77 / 53 72 -60 -77 / 55 59 74 -77 / 56 60 -74 / 55 58 60 75 / 53 56 65 74 / 55 58 67 75 / 56 60 65 -75 / 58 74 -51 -65 / 53 -58 68 74 <END> 
<S> 53 60 68 74 / 55 59 67 -74 / 56 60 -67 -74 / 60 -56 -60 -67 / 55 59 62 67 / 56 60 63 72 / 65 74 -56 -60 / 55 60 67 75 / 53 -60 -67 -75 / 55 59 67 74 / 65 -55 -59 -74 / 48 55 63 72 / 48 63 67 79 <END> 
<S> 56 60 63 72 / 65 74 -56 -60 / 55 58 67 75 / 53 68 -58 -75 / 55 63 70 74 / 56 65 -63 -74 / 58 62 67 74 / 55 75 -62 -67 / 53 56 65 72 / 51 74 -56 -65 / 50 58 65 77 / 51 58 -65 -77 / 52 60 68 -58 / 53 57 -60 -68 <END> 
<S> 53 56 68 74 / 55 58 67 -74 / 56 60 -67 -74 / 72 -56 -60 -67 / 55 62 65 70 / 53 63 68 72 / 62 74 -53 -68 / 60 63 67 75 / 69 -60 -63 -75 / 55 65 71 74 / 60 67 75 / 58 68 -67 -75 <END> 
<S> 60 63 68 75 / 62 65 -68 -75 / 63 67 70 75 / 63 68 72 -75 / 67 77 -63 / 65 68 74 -77 / 63 70 -68 -77 / 62 65 69 72 / 71 74 -65 -69 / 60 67 72 75 / 58 -67 -72 -75 <END> 
<S> 63 68 72 75 / 67 -63 -72 -75 / 58 -67 -72 -75 / 56 60 72 -75 / 55 70 -60 -75 / 53 60 68 -75 / 55 67 70 75 / 56 65 68 74 / 58 67 75 / 74 -58 -67 / 53 68 72 -58 / 62 -53 -68 -72 / 60 63 67 -53 / 58 62 74 77 <END> 
<S> 53 68 72 74 / 55 67 71 -74 / 65 -55 -71 -74 / 48 63 72 / 51 63 70 79 / 56 65 72 77 / 67 -56 -72 -77 / 55 68 72 75 / 53 -68 -72 -75 / 58 67 70 75 / 65 77 -58 -70 / 63 72 79 -58 / 56 -63 -75 -79 / 58 62 77 77 / 60 -62 -77 -77 <END> 
<S> 63 67 70 79 / 65 68 -51 -79 / 67 70 75 -51 / 56 -67 -70 -74 / 55 67 70 75 / 53 -67 -70 -75 / 51 65 70 74 / 50 -65 -70 -74 / 51 67 70 79 / 63 -51 -70 -79 / 53 62 68 77 / 55 75 -62 -65 / 56 60 65 77 / 58 62 74 -77 / 68 -58 -74 -77 <END> 
<S> 51 67 70 75 / 53 65 69 -75 / 51 65 70 77 / 50 -65 -70 -77 / 51 63 70 79 / 62 77 -70 / 56 60 72 75 / 55 -60 -72 -75 / 53 68 74 77 / 72 75 -53 -68 / 55 62 71 74 / 67 -55 -71 -74 / 48 63 67 72 <END> 
<S> 53 68 74 77 / 72 75 -53 -68 / 55 62 71 74 / 67 -55 -71 -74 / 48 63 67 72 / 60 63 67 72 / 58 62 -67 -72 / 57 60 65 72 / 58 62 -65 -72 / 60 63 68 72 / 58 62 -68 -72 / 56 60 63 72 / 55 58 -63 -72 <END> 
<S> 56 60 63 72 / 65 -56 -60 -72 / 55 62 67 70 / 60 63 67 68 / 58 62 67 70 / 57 63 67 72 / 62 -57 -67 -72 / 60 63 67 72 / 58 -63 -67 -72 / 56 65 72 77 / 55 63 70 75 <END> 
<S> 63 67 70 / 62 65 -67 -70 / 60 63 67 75 / 58 62 -67 -75 / 56 60 72 77 / 55 -60 -72 -77 / 53 62 71 79 / 51 60 67 79 / 50 65 -60 -79 / 48 55 72 77 / 50 71 -55 -77 <END> 
<S> 55 60 63 75 / 53 -55 -60 -75 / 55 60 67 74 / 59 -55 -67 -74 / 48 63 67 72 / 60 63 67 72 / 58 62 -67 -72 / 57 60 65 72 / 55 67 -60 -72 / 53 65 69 72 / 74 -53 -65 -69 / 75 -53 -65 -69 / 46 65 70 74 / 48 63 72 -70 / 50 62 65 70 / 51 -62 -65 -70 <END> 
<S> 57 60 65 72 / 55 67 -60 -72 / 53 65 69 72 / 74 -53 -65 -69 / 75 -53 -65 -69 / 46 65 70 74 / 48 63 72 -70 / 50 62 65 70 / 51 -62 -65 -70 / 53 60 65 70 / 51 -60 -65 -70 / 53 62 65 69 / 63 -53 -65 -69 / 46 62 65 70 / 51 63 67 70 / 53 62 -67 -70 <END> 
<S> 53 60 65 70 / 51 -60 -65 -70 / 53 62 65 69 / 63 -53 -65 -69 / 46 62 65 70 / 51 63 67 70 / 53 62 -67 -70 / 51 60 67 72 / 50 -60 -67 -72 / 48 65 67 74 / 47 -65 -67 -74 / 48 63 67 75 / 62 -48 -67 -75 / 50 60 65 74 / 59 -50 -65 -74 <END> 
<S> 51 60 67 72 / 50 -60 -67 -72 / 48 65 67 74 / 47 -65 -67 -74 / 48 63 67 75 / 62 -48 -67 -75 / 50 60 65 74 / 59 -50 -65 -74 / 51 63 67 72 / 56 62 65 -72 / 60 -56 -65 -72 / 55 59 67 74 / 60 63 67 / 65 68 -60 <END> 
<S> 51 63 67 72 / 60 -51 -67 -72 / 53 65 68 74 / 58 67 -65 -74 / 56 63 68 72 / 53 -63 -68 -72 / 51 63 67 70 / 53 68 -63 -70 / 55 58 63 70 / 56 60 -63 -70 / 46 58 62 65 / 68 -46 -58 -62 <END> 
<S> 51 58 65 67 / 63 -51 -58 -67 / 56 60 63 72 / 55 -60 -63 -72 / 53 60 68 72 / 55 67 70 -60 / 53 60 68 -67 / 65 -53 -60 -68 / 48 60 65 67 / 64 -48 -60 -67 / 53 56 60 65 / 62 -53 -56 -65 <END> 
<S> 56 60 65 72 / 55 74 -60 -65 / 53 60 67 75 / 55 -60 -67 -75 / 53 65 68 74 / 63 72 -53 -68 / 55 62 67 71 / 43 59 62 67 / 48 60 63 -67 / 50 58 65 68 / 51 58 63 67 <END> 
<S> 48 60 63 67 / 55 59 62 67 / 53 60 65 68 / 51 59 67 -65 / 51 60 63 -67 / 53 -60 -63 -67 / 55 62 63 70 / 48 -55 -63 -70 / 50 55 62 69 / 51 60 67 -69 / 50 57 -67 -67 <END> 
<S> 55 58 62 70 / 51 55 63 70 / 48 55 67 -63 / 53 60 68 74 / 55 59 67 74 / 65 -55 -67 -74 / 48 63 67 72 / 58 70 -67 -75 / 60 65 68 75 / 62 65 70 75 / 63 -60 -70 -75 <END> 
