<S> 48 63 67 72 / 60 63 67 / 58 -63 -67 / 57 63 67 72 / 56 62 65 74 / 60 -56 -65 -74 / 55 59 67 75 / 56 60 72 77 / 53 -60 -72 -77 / 55 67 72 74 / 71 -55 -67 -74 / 65 -55 -71 -74 <END> 
<S> 55 59 67 75 / 56 60 72 77 / 53 -60 -72 -77 / 55 67 72 74 / 71 -55 -67 -74 / 51 67 72 / 48 63 67 72 / 65 74 -48 -67 / 60 67 75 / 58 -60 -67 -75 / 56 68 72 75 / 55 -68 -72 -75 / 53 68 72 74 / 50 65 71 77 / 63 67 72 79 / 62 -67 -72 -79 <END> 
<S> 56 60 72 77 / 55 75 -60 -72 / 53 68 74 -60 / 59 75 -53 -68 / 47 62 67 74 / 65 -47 -62 -74 / 48 55 63 72 / 60 63 67 72 / 58 62 -67 -72 / 57 60 72 77 / 55 -60 -72 -77 / 53 65 70 -77 / 69 75 -53 -65 / 58 65 70 74 / 56 65 70 74 <END> 
<S> 60 64 67 72 / 58 62 -67 -72 / 57 60 65 72 / 55 67 -60 -72 / 53 65 69 72 / 51 -65 -69 -72 / 50 65 69 77 / 75 -50 -65 -69 / 55 67 70 74 / 51 75 -67 -70 / 53 65 68 72 / 63 -53 -68 -72 / 46 65 70 74 / 48 63 69 75 <END> 
<S> 53 68 72 74 / 55 67 71 -74 / 65 -55 -71 -74 / 48 63 67 72 / 51 63 70 79 / 58 70 77 -51 / 60 -58 -70 -77 / 68 -58 -62 -77 / 51 67 70 75 / 63 70 79 <END> 
<S> 51 63 72 79 / 53 -63 -72 -79 / 55 62 71 79 / 67 -55 -71 -79 / 56 72 -67 / 60 65 -56 -72 / 55 59 67 74 / 55 59 67 74 <END> 
<S> 50 62 67 77 / 65 -50 -62 -77 / 55 62 67 / 53 69 -62 -67 / 55 62 67 71 / 53 -62 -67 -71 / 52 60 67 72 / 48 -60 -67 -72 / 50 65 67 71 / 52 55 -67 -71 / 50 60 67 69 / 48 -60 -67 -69 <END> 
<S> 48 60 67 76 / 50 -60 -67 -76 / 52 60 67 76 / 53 -60 -67 -76 / 55 59 67 74 / 56 65 -59 -74 / 57 60 64 72 / 55 -60 -64 -72 / 53 65 69 72 / 55 -65 -69 -72 / 57 -65 -69 -72 / 59 74 -65 -69 / 60 64 67 76 / 60 -60 -67 -76 <END> 
<S> 53 60 67 69 / 64 -60 -67 -70 / 65 69 -60 / 59 67 -65 -69 / 60 64 67 76 / 62 65 77 -76 / 57 64 72 79 / 55 65 71 74 / 53 67 73 76 / 52 -67 -73 -76 / 50 69 74 77 / 52 76 -74 -77 / 53 69 74 77 / 55 -69 -74 76 <END> 
<S> 57 60 69 76 / 77 -57 -60 -69 / 59 62 67 79 / 60 64 -67 -79 / 62 65 69 77 / 71 -62 -65 -77 / 64 67 72 76 / 65 74 81 -72 / 67 71 74 -51 / 77 -67 -71 -74 / 65 72 -71 -74 / 64 67 72 76 / 60 67 72 76 / 62 -67 -72 -76 / 64 67 71 79 / 65 -67 -71 -79 / 60 67 72 76 / 62 77 -67 -72 <END> 
<S> 67 72 76 / 65 74 -72 -76 / 64 67 72 76 / 74 -67 -76 65 / 67 74 -52 -67 / 57 72 -67 -76 / 55 65 71 74 / 53 67 73 76 / 52 -67 -73 -76 / 50 69 74 77 / 71 -50 -74 -77 / 52 67 72 76 / 53 69 -72 -76 / 55 67 71 74 / 57 64 69 72 <END> 
<S> 50 69 74 77 / 71 -50 -74 -77 / 52 67 72 76 / 53 69 -72 -76 / 55 67 71 74 / 57 64 69 72 / 57 64 69 72 / 65 -57 -69 -72 / 59 67 74 / 65 -59 -67 -74 / 59 64 67 79 / 60 69 77 -64 / 62 71 -77 -77 / 68 76 -62 -77 / 60 64 76 -57 -60 / 53 60 69 -76 <END> 
<S> 57 64 69 72 / 65 74 -57 -69 / 55 62 71 76 / 67 -55 -71 -76 / 54 62 69 74 / 60 -54 -69 -74 / 55 59 71 76 / 74 -55 -59 -71 / 57 60 69 72 / 59 62 74 / 77 -59 -62 -74 / 45 60 72 76 / 53 57 -72 -76 / 55 59 74 74 / 64 -55 -74 / 65 -55 -59 -74 / 48 55 64 72 / 50 62 65 71 <END> 
<S> 60 62 69 76 / 59 -60 -69 -76 / 67 76 -60 -76 / 66 69 -60 -76 / 55 67 71 74 / 57 67 71 76 / 55 -67 -71 -76 / 57 64 72 77 / 59 62 74 -77 / 60 67 76 / 77 -60 -67 / 55 59 67 74 / 53 -59 -67 -74 <END> 
<S> 57 64 72 77 / 59 62 74 -77 / 60 64 76 -74 / 65 72 -60 -76 / 53 67 74 -72 / 52 -67 -72 -74 / 53 65 69 72 / 71 74 -53 -65 / 52 67 72 76 / 53 -67 -72 -76 / 55 67 74 -72 / 71 -55 -67 -74 / 69 -55 -67 -74 / 71 -55 -67 -74 / 65 -55 -71 -74 <END> 
<S> 50 65 77 -72 / 71 -50 -65 -77 / 52 67 72 76 / 53 -67 -72 -76 / 55 67 74 -72 / 71 -55 -67 -74 / 0 / 56 64 71 76 / 57 64 69 72 / 59 62 67 74 / 60 67 76 / 62 77 -60 -67 / 61 64 69 79 <END> 
<S> 57 64 69 72 / 55 67 71 74 / 53 -67 -71 -74 / 52 67 72 76 / 50 -67 -72 -76 / 52 67 72 -76 / 53 -67 -72 -76 / 55 67 72 74 / 71 -55 -67 -74 / 65 -55 -71 -74 / 56 64 71 / 62 -56 -64 -72 <END> 
<S> 53 67 72 74 / 65 -53 -72 -74 / 55 62 71 -74 / 67 -55 -71 -74 / 65 -55 -71 -74 / 48 64 67 72 / 55 67 71 74 / 53 67 73 76 / 52 -67 -73 -76 / 50 69 74 77 / 52 -69 -74 -77 / 53 69 74 77 / 55 -69 -74 -77 <END> 
<S> 55 67 71 74 / 53 -67 -71 -74 / 52 67 72 / 50 65 74 -67 / 48 67 72 76 / 50 -67 -72 -76 / 52 67 72 76 / 53 -67 -72 -76 / 55 67 72 74 / 57 -67 -72 -74 / 59 71 74 -67 / 56 65 -71 -74 <END> 
<S> 53 65 69 72 / 74 -53 -65 -69 / 48 67 76 -72 / 53 59 72 77 / 76 -53 -60 -72 / 55 67 71 74 / 55 67 71 74 <END> 
<S> 50 62 65 77 / 52 60 67 76 / 53 59 67 74 / 55 59 67 -74 / 65 -55 -59 -74 / 48 55 64 72 <END> 
<S> 55 67 74 -60 / 59 -55 -67 -74 / 57 60 67 72 / 59 62 -67 -72 / 60 66 -57 -72 / 55 62 67 71 / 55 59 67 / 62 65 -55 -67 / 57 60 64 72 / 55 -60 -64 -72 <END> 
<S> 55 62 71 / 53 -55 -62 -71 / 52 55 67 72 / 50 -55 -67 -72 / 48 55 67 74 / 47 -55 -67 -74 / 48 60 67 76 / 53 -60 -67 -76 / 55 60 67 74 / 72 -55 -60 -67 / 55 59 74 -67 / 65 -55 -59 -74 <END> 
<S> 53 60 67 69 / 52 -60 -67 -69 / 50 62 65 69 / 64 -50 -69 / 65 71 74 -50 / 52 67 72 76 / 48 -67 -72 -76 / 50 74 77 -72 / 72 -50 -69 -77 / 55 67 71 74 / 43 74 -67 -74 / 65 -43 -71 -74 / 48 64 67 72 <END> 
<S> 69 74 77 / / 76 -69 -74 / 55 67 71 74 / 53 69 -67 -74 / 52 67 72 / 50 65 74 -67 / 48 64 67 76 / 50 65 -67 -76 / 52 67 72 76 / 53 -67 -72 -76 / 55 67 71 74 / 55 67 71 74 / 65 -55 -71 -74 <END> 
<S> 52 67 72 / 50 65 74 77 / 52 67 72 76 / 53 69 77 -72 / 50 65 -72 -74 / 55 67 72 76 / 71 -55 -67 -76 / 53 69 72 77 / 55 62 71 79 / 64 -55 -71 -79 / 62 65 69 77 / 60 76 -65 -77 / 58 67 74 77 / 76 -58 -67 -76 <END> 
<S> 55 67 72 76 / 53 69 -72 -76 / 55 62 71 74 / 64 -55 -71 -74 / 65 -55 -71 -74 / 48 64 67 72 / 60 64 72 79 / 53 65 72 81 / 64 -53 -72 -81 / 54 62 72 81 / 43 55 62 71 <END> 
<S> 57 64 72 / 55 65 -72 / 64 67 72 / 65 69 74 / 64 67 -74 / 62 65 71 77 / 67 -62 -77 -77 / 60 64 76 79 / 57 72 -60 -76 / 53 69 74 -72 / 50 -69 -72 -74 / 55 62 71 -74 / 67 -55 -71 -74 / 65 -55 -71 -74 / 48 64 67 72 / 60 66 69 74 <END> 
<S> 53 69 74 / 71 -53 -65 -74 / 52 67 72 / 55 70 -52 -67 / 53 57 69 -67 / 52 62 65 -69 / 50 62 65 69 / 52 60 64 67 / 53 60 65 69 / 52 62 65 71 / 50 -62 -65 -71 / 52 55 64 72 / 54 57 -64 -72 / 55 59 62 71 / 67 -55 -59 -71 <END> 
<S> 50 62 65 71 / 60 64 -50 -71 / 62 66 -50 -71 / 52 60 67 / 59 -52 -67 -72 / 53 57 69 72 / 71 -53 -57 52 / 52 60 72 76 / 53 69 74 77 / 76 -53 -69 -72 / 55 62 71 74 / 64 -55 -71 -74 / 65 -55 -71 -74 / 48 64 67 72 / 60 64 67 72 <END> 
<S> 57 69 72 / 59 64 67 74 / 60 64 68 76 / 59 65 68 -76 / 57 64 69 72 / 55 62 69 -72 / 54 -62 -69 -72 / 55 62 67 71 / 52 64 67 71 / 50 65 67 69 / 52 64 -67 -69 / 53 62 69 71 / 50 -62 -69 -71 <END> 
<S> 54 62 69 74 / 50 -62 -66 -69 / 55 62 67 71 / 55 59 62 67 / 52 60 67 72 / 48 65 -60 -72 / 64 -48 -60 -72 / 47 62 65 -72 / 48 60 64 69 / 50 62 66 71 / 60 68 -50 -66 / 43 55 62 67 / 53 69 -43 -60 <END> 
<S> 48 60 64 67 / 58 -48 -64 -67 / 49 56 64 / 55 -49 -64 / 45 53 60 -64 / 46 52 61 67 / 48 -61 64 -67 / 50 53 62 65 / 52 60 64 67 / 53 60 65 69 / 48 60 65 67 / 64 -48 -60 -67 / 47 62 67 / 55 -47 -62 -67 <END> 
<S> 50 57 65 -60 / 55 59 -50 -65 / 53 55 60 / 69 -53 -60 / 54 62 71 / 43 50 59 67 / 48 52 60 67 / 47 55 62 67 / 45 60 -55 -67 / 47 55 62 67 / 43 59 -55 -67 / 48 55 60 64 / 52 55 59 67 / 45 52 60 67 / 47 -52 -60 -67 <END> 
<S> 47 50 62 67 / 65 -47 -50 -67 / 45 60 64 / 43 58 -60 -64 / 41 57 60 62 / 43 55 59 62 / 53 -43 -59 -62 / 36 52 55 60 / 48 60 64 67 / 47 -60 -64 -67 / 45 60 64 69 / 48 -60 -64 -69 / 47 62 67 71 / 48 -62 -67 -71 <END> 
<S> 41 60 60 69 / 50 53 -60 -69 / 48 71 -53 -60 / 52 52 67 -60 / 50 62 65 -55 / 48 55 64 -62 / 47 55 62 -64 / 45 57 60 65 / 47 -57 -60 -65 / 48 55 60 64 / 47 -55 -60 -64 / 45 59 62 -60 / 47 -59 -62 -65 / 45 57 64 72 / 44 59 -57 -64 -72 <END> 
<S> 48 55 60 64 / 47 -55 -60 -64 / 45 57 60 65 / 43 -57 -60 -65 / 41 55 60 67 / 38 53 65 -60 / 59 -38 -53 -65 / 40 55 60 64 / 41 -55 -60 -64 / 43 55 59 62 / 44 -55 -59 -62 / 45 52 55 60 / 48 52 55 60 / 47 55 62 -55 / 45 57 60 64 / 43 -57 -60 -64 <END> 
<S> 41 48 60 62 / 48 55 60 64 / 47 55 62 65 / 48 55 60 64 / 47 62 -55 -60 / 45 57 60 64 / 43 -57 -60 -64 / 41 57 60 62 / 38 -57 -60 -62 / 43 55 59 -62 / 53 -43 -59 -62 / 36 52 55 60 / 48 52 60 67 / 47 53 62 69 <END> 
<S> 41 57 62 -60 / 38 53 59 -62 / 57 -38 -53 -62 / 43 50 59 -62 / 55 -43 -59 -62 / 36 52 55 60 / 36 52 67 72 / 38 -52 -67 -72 / 40 55 64 72 / 62 -55 -64 -72 / 43 55 62 71 / 45 55 64 72 / 54 62 -45 -72 / 43 55 62 71 / 45 -55 -62 -71 / 47 55 62 69 / 47 -55 -62 -69 / 48 -47 -55 -62 / 48 52 55 60 / 48 52 60 64 <END> 
<S> 43 59 62 -55 / 41 57 60 69 / 43 55 59 64 / 48 55 60 64 / 47 -55 -60 -64 / 48 52 60 64 / 50 53 -60 -64 / 52 55 59 62 / 50 -55 -59 -62 / 48 55 60 64 / 58 -48 -60 -64 / 43 53 60 62 / 59 -43 -53 -62 / 52 -43 -59 -62 / 53 -43 -59 -62 <END> 
<S> 45 48 60 65 / 47 50 62 -65 / 48 55 64 / 47 62 -48 -64 / 45 60 64 -48 / 43 58 60 67 / 41 57 60 69 / 43 53 59 62 / 52 -43 -59 -62 / 45 53 60 64 / 52 57 61 65 / 50 57 62 65 / 45 57 61 64 / 47 55 62 67 <END> 
<S> 50 57 62 65 / 47 -57 -62 -65 / 45 57 60 64 / 43 55 60 64 / 41 57 60 62 / 43 55 59 -62 / 53 -43 -59 -62 / 36 52 55 60 / 48 60 64 67 / 47 -60 -64 -67 / 45 60 64 69 / 45 -60 -64 -69 / 47 57 62 67 / 65 -47 -57 -62 <END> 
<S> 48 55 60 64 / 50 -55 -60 -64 / 52 55 60 64 / 50 -55 -60 -64 / 52 55 60 / 50 59 -50 -65 / 52 55 59 67 / 48 57 60 65 / 59 62 -48 -65 / 48 60 64 67 / 58 -48 -64 -67 / 45 57 64 72 / 66 -45 -57 -72 / 47 50 67 71 / 48 -50 -67 -71 <END> 
<S> 48 60 64 67 / 47 -60 -64 -67 / 45 60 64 69 / 48 -60 -64 -69 / 50 57 65 71 / 50 62 -57 -65 / 52 55 60 64 / 53 -55 -60 -64 / 55 59 62 / 53 -55 -59 -62 / 52 55 59 64 / 50 -55 -59 -64 / 48 55 60 64 / 52 -55 -60 -64 <END> 
<S> 52 55 59 62 / 50 -55 -59 -62 / 52 55 59 67 / 48 60 64 -67 / 50 62 66 69 / 60 -50 -66 -69 / 55 59 62 67 / 53 57 59 -67 / 52 52 60 67 / 53 60 69 -67 / 65 -53 -60 -69 / 59 62 -53 -65 / 60 64 -53 -62 / 47 55 62 67 <END> 
<S> 50 57 66 69 / 55 59 62 67 / 60 64 -55 -67 / 54 60 69 / 62 -54 -60 -69 / 55 59 62 67 / 52 60 -59 -67 / 50 57 60 65 / 59 62 -53 -65 / 52 55 60 64 / 53 57 -60 -64 / 55 59 62 / 53 -55 -59 -62 / 52 55 60 64 / 48 -55 -60 -64 <END> 
<S> 55 59 62 / 53 -55 -59 -62 / 52 55 59 62 / 50 -55 -59 -62 / 52 55 60 64 / 50 -55 -60 -64 / 52 55 60 / 50 59 62 -55 / 45 52 60 64 / 43 50 -60 -64 / 48 55 60 64 / 47 -55 -60 -64 / 45 60 65 -64 / 43 58 62 -65 / 41 55 62 64 / 60 -55 -64 / 43 55 62 -60 / 59 -43 -55 -62 <END> 
<S> 45 52 60 64 / 50 57 65 / 48 64 -57 -65 / 47 55 62 67 / 43 55 62 71 / 53 -43 -55 -62 -71 / 48 55 64 72 / 52 55 62 71 / 50 55 62 67 / 52 55 -67 / 72 -52 -55 -67 / 50 60 67 76 / 48 -60 -67 -76 / 55 59 67 74 / 53 -59 -67 -74 / 52 60 67 72 / 48 -60 -67 -72 <END> 
<S> 47 55 62 67 / 48 55 60 64 / 59 -48 -55 -64 / 50 57 62 66 / 59 -50 -62 -66 / 52 60 62 67 / 53 -60 -67 / 55 59 67 74 / 47 -59 -67 -74 / 48 60 67 76 / 52 -60 -67 -76 / 54 60 69 74 / 56 -60 -69 -74 / 55 59 67 76 / 65 74 -55 -59 / 64 -55 -59 -74 / 55 59 67 74 <END> 
<S> 47 62 67 74 / 48 60 67 76 / 59 -48 -67 -76 / 50 57 66 74 / 52 55 67 72 / 54 57 62 -72 / 55 59 62 71 / 60 64 -55 -71 / 48 60 64 69 / 59 -48 -64 -69 / 50 57 66 -69 / 43 59 62 67 / 48 60 64 67 / 47 -60 -64 -67 <END> 
<S> 54 57 69 72 / 55 62 67 71 / 48 64 67 69 / 50 62 66 -69 / 60 -50 -66 -69 / 43 59 62 67 / 55 59 62 67 / 53 57 -62 -67 / 52 55 64 72 / 54 -64 -64 -72 / 55 62 71 / 53 69 -55 -62 <END> 
<S> 50 62 66 69 / 60 -50 -66 -69 / 43 59 62 67 / 55 59 62 67 / 53 57 -62 -67 / 52 55 64 72 / 54 -64 -64 -72 / 55 62 71 / 53 69 -55 -62 / 55 62 67 71 / 53 -62 -67 -71 / 52 60 67 72 / 50 -60 -67 -72 / 52 67 71 / 50 55 -67 -71 <END> 
<S> 53 60 69 / 55 71 -53 -62 / 52 55 60 72 / 53 69 -55 -60 / 55 59 62 / / 52 -55 -59 -74 / 48 55 64 72 / 48 60 64 67 / 47 -60 -64 -67 / 45 60 64 67 / 47 -60 -64 -67 / 45 57 64 72 / 55 -45 -64 -72 / 47 55 62 71 / 48 64 -55 -71 / 50 62 65 69 / 52 60 64 -69 / 67 -52 -64 -67 <END> 
<S> 45 60 64 72 / 47 55 62 -72 / 48 60 64 69 / 53 60 65 69 / 52 -60 -65 -69 / 50 59 65 -69 / 48 64 -59 -65 / 60 -48 -64 -64 / 41 57 62 65 / 43 58 64 -62 / 44 57 60 65 / 43 58 62 -65 / 60 64 -43 -58 / 57 -43 -60 -64 / 54 57 62 72 / 53 -62 -57 -72 <END> 
<S> 55 62 65 / -48 -55 -65 / 43 55 58 64 / 41 53 57 62 / 40 55 60 64 / 41 -55 -60 -64 / 43 55 59 62 / 44 -55 -59 -62 / 45 52 55 60 / 47 -52 -55 / 48 52 55 60 / 50 -55 -60 / 52 55 60 67 / 50 -55 -60 -67 <END> 
<S> 43 55 60 62 / 59 -43 -55 -62 / 48 52 55 64 / 50 -48 -55 -64 / 48 60 67 -55 / 41 -51 -60 -67 / 43 55 59 67 / 41 -55 60 69 / 45 55 59 64 / 43 57 60 -64 / 59 62 -57 / 48 55 60 64 / 50 57 62 65 / 45 57 60 65 / 47 55 62 67 <END> 
<S> 36 55 60 64 / 38 -55 -60 -64 / 43 55 59 62 / 53 -43 -59 -62 / 48 52 55 60 / 48 55 60 64 / 47 -55 -60 -64 / 45 57 60 64 / 43 -57 -60 -64 / 41 57 60 62 / 38 -57 -60 -62 / 43 55 59 -62 / 53 -43 -59 -62 / 36 52 55 60 / 48 52 60 67 / 47 53 62 69 <END> 
<S> 41 57 60 62 / 43 55 59 -62 / 53 -43 -59 -62 / 36 52 55 60 / 48 60 64 67 / 47 55 62 67 / 48 55 60 64 / 50 65 -55 -60 / 52 60 67 / 48 -60 -67 / 53 60 65 69 / 52 -60 -65 -69 / 50 62 65 69 / 48 -62 -65 -69 <END> 
<S> 48 55 60 64 / 49 55 58 65 / 48 53 -58 -65 / 46 52 55 67 / 50 53 65 69 / 47 -53 -65 -69 / 48 60 64 67 / 58 -48 -64 -67 / 45 53 65 72 / 46 53 62 74 / 76 -46 -53 -62 / 45 52 60 72 / 54 -45 -60 -72 / 47 50 62 67 / 48 55 64 -67 / 50 62 -48 -67 <END> 
<S> 50 53 65 70 / 52 55 67 -70 / 53 57 60 69 / 59 62 -53 -69 / 52 60 64 67 / 58 -52 -64 -67 / 41 57 62 65 / 43 59 62 67 / 45 52 60 65 / 47 50 62 -65 / 48 55 64 -62 / 60 -48 -55 -64 / 55 -48 -60 -64 <END> 
<S> 47 50 62 67 / 49 -47 -62 -67 / 50 53 59 -67 / 62 -50 -53 -67 / 52 55 60 64 / 50 -55 -60 -64 / 52 55 60 64 / 53 -55 -60 -64 / 55 59 62 / 53 -55 -59 -62 / 52 55 60 64 / 48 -55 -60 -64 / 65 53 62 -60 / 59 -53 -62 -65 / 57 60 64 / 55 59 -60 -64 <END> 
<S> 50 53 62 -60 / 59 -50 -53 -62 / 52 55 60 -62 / 53 57 60 -60 / 55 59 62 / 43 53 -59 -62 / 48 52 55 60 / 48 52 60 67 / 47 55 62 / 51 55 60 64 / 50 -55 -60 -64 / 52 55 60 64 / 50 -55 -60 -64 / 52 55 59 62 / 50 -55 -59 -62 <END> 
<S> 48 52 55 64 / 50 -48 -55 -64 / 40 48 -55 -64 / 41 57 -48 -64 / 43 55 59 62 / 43 55 59 62 / 48 55 60 64 / 47 50 57 66 / 45 -50 -57 -66 / 47 55 62 67 / 43 59 -55 -67 / 48 55 60 64 / 41 -55 -60 -64 / 43 55 62 -60 / 59 -43 -55 -62 <END> 
<S> 47 52 62 67 / 50 -47 -62 -67 / 52 55 60 67 / 53 -55 -60 -67 / 55 59 62 -55 / 49 52 -55 -59 / 50 53 57 60 / 52 55 59 67 / 50 53 62 65 / 48 55 60 64 / 43 55 59 62 / 55 -55 -59 -62 / 53 -43 -59 -62 / 48 52 55 60 / 47 50 62 67 <END> 
<S> 50 55 62 65 / 52 55 -62 -65 / 53 57 60 69 / 59 62 -53 -69 / 48 60 64 67 / 58 -48 -64 -67 / 49 53 65 69 / 47 -53 -65 -69 / 48 60 64 67 / 58 -48 -64 -67 / 41 57 65 69 / 47 62 65 67 / 64 -47 -62 -67 / 45 60 65 72 / 47 74 -65 -68 / 48 67 76 / 50 53 59 -67 / 52 55 60 69 / 59 -55 -55 -69 <END> 
<S> 45 60 65 72 / 47 62 67 / 55 64 -47 -67 / 45 60 65 -64 / 47 55 62 -65 / 48 55 60 64 / 48 55 60 64 / 41 53 60 65 / 62 69 -53 -60 / 53 -41 -60 -62 / 59 -43 -53 -62 / 36 55 60 -53 / 52 52 55 60 <END> 
