<S> 48 60 63 67 / 46 55 62 67 / 44 56 60 65 / 43 59 -56 -65 / 41 56 60 63 / 39 55 -60 -63 / 41 56 60 62 / 43 55 59 -62 / 53 -43 -59 -62 / 36 51 55 60 <END> 
<S> 41 56 60 62 / 43 55 59 -62 / 53 -43 -59 -62 / 36 51 55 60 / 48 60 63 67 / 50 -60 -63 -67 / 51 58 63 67 / 61 -51 -58 -67 / 53 56 60 68 / 58 62 -53 -68 / 48 60 63 67 / 46 -60 -63 -67 <END> 
<S> 48 60 63 67 / 58 -48 -63 -67 / 53 56 65 / 55 58 65 / 56 56 60 -65 / 47 55 62 67 / 68 -47 -55 -62 / 43 55 62 70 / 48 55 63 69 / 50 54 62 -69 / 60 -50 -54 -69 / 43 50 59 67 / 48 51 60 69 <END> 
<S> 50 55 62 69 / 54 -50 -69 / 60 -50 -54 -69 / 43 50 59 67 / 48 51 60 67 / 46 50 62 -67 / 48 51 60 67 / 51 -51 -60 -67 / 53 56 60 68 / 55 59 67 -53 / 56 60 63 72 / 56 60 65 74 <END> 
<S> 48 51 60 67 / 50 53 -60 -67 / 51 55 67 -60 / 53 59 -67 / 57 55 60 -67 / 59 62 -55 -67 / 50 53 65 -60 / 59 -50 -53 -65 / 51 55 60 63 / 53 -55 -60 -63 / 55 59 62 / 43 55 59 62 <END> 
<S> 50 55 62 65 / 48 -55 -62 -65 / 47 55 62 67 / 48 55 63 69 / 50 54 62 69 / 60 -50 -54 -69 / 43 55 58 67 / 48 51 60 67 / 46 -51 -60 -67 / 44 51 60 67 <END> 
<S> 48 55 63 72 / 50 -55 -63 -72 / 51 55 63 -72 / 53 57 69 -63 / 55 58 62 -69 / 60 67 -55 / 55 59 62 67 / 48 55 63 72 / 56 65 71 74 <END> 
<S> 55 62 67 70 / 53 -62 -67 -70 / 51 63 67 72 / 50 65 74 -67 / 48 67 72 75 / 51 -67 -72 -75 / 55 67 71 74 / 53 -67 -71 -74 / 51 67 72 75 / 70 -51 -67 -75 / 53 65 68 72 / 51 -65 -68 -72 <END> 
<S> 48 67 72 75 / 60 -67 -72 -75 / 67 70 74 77 / -67 -70 -74 -77 / 72 70 75 / 55 67 -70 -75 / 58 65 70 74 / 53 -65 -70 -74 / 55 70 -65 -70 / 56 65 -70 -74 / 58 62 70 74 / 57 63 72 -70 / 55 62 67 70 / 53 -62 -67 -70 <END> 
<S> 55 63 70 / 53 56 -63 -70 / 51 55 63 70 / 50 -55 -63 -70 / 48 55 63 72 / 50 53 65 74 / 51 58 67 75 / 51 60 67 75 / 55 59 67 74 / 56 60 65 -74 / 55 58 67 75 / 53 68 -58 -75 / 51 67 72 -75 / 50 65 69 74 <END> 
<S> 51 60 67 75 / 58 -51 -67 -75 / 56 60 72 77 / 55 75 -60 -72 / 53 67 74 -72 / 71 -55 -67 -74 / 65 72 -55 -74 / 48 63 67 72 / 60 67 72 75 / 55 67 71 74 <END> 
<S> 68 74 -60 -65 / 59 67 74 / 55 60 67 75 / 48 60 67 75 / 50 65 -60 -75 / 51 58 67 75 / 53 68 -58 -75 / 55 63 70 74 / 56 72 -63 / 58 65 68 74 / 67 75 -56 -65 / 53 68 68 77 <END> 
<S> 53 60 68 74 / 55 70 -60 -74 / 56 60 66 72 / 74 -56 -60 -65 / 55 59 67 75 / 53 60 68 77 / 51 60 67 75 / 53 -60 -67 -75 / 55 59 67 74 / 65 -55 -59 -74 / 56 60 63 72 / 55 -60 -63 -72 <END> 
<S> 56 60 63 72 / 65 74 -56 -60 / 55 58 67 75 / 53 68 -58 -75 / 55 63 70 74 / 56 65 -63 -74 / 58 63 70 74 / 56 -63 -70 -74 / 55 63 70 75 / 65 -55 -70 -75 / 51 67 70 74 / 72 -51 -67 -70 / 53 65 69 72 / 63 -53 -69 -72 / 46 62 65 70 <END> 
<S> 55 63 70 75 / 61 -55 -70 -75 / 56 68 -61 -75 / 58 62 68 74 / 63 -58 -68 -74 / 65 70 72 / 0 / 63 67 72 79 / 53 65 68 74 / 55 59 67 -74 / 56 60 67 72 / 60 68 -67 -72 <END> 
<S> 63 68 72 -63 / 62 65 -68 -72 / 60 63 67 75 / 58 -60 -67 -75 / 56 60 72 77 / 55 70 -60 -77 / 53 65 72 80 / 74 -53 -65 -80 / 55 58 75 79 / 56 60 -75 -79 / 58 62 70 77 / 68 -58 -62 -77 / 51 63 67 75 / 58 65 70 74 <END> 
<S> 53 60 68 77 / 51 67 70 -77 / 53 60 69 79 / 58 70 -53 -79 / 56 62 72 77 / 60 -56 -72 -77 / 55 59 67 74 / 53 -59 -67 -74 / 52 60 67 72 / 58 -52 -67 -72 / 53 57 65 72 / 51 58 67 75 / 50 65 77 <END> 
<S> 53 60 69 74 / 55 59 67 -74 / 65 -55 -67 -74 / 48 63 67 72 / 50 58 70 77 / 51 58 70 79 / 53 -58 -70 -79 / 55 58 70 79 / 56 60 -70 -79 / 58 62 65 74 / 67 75 -58 -62 / 59 62 68 77 <END> 
<S> 51 58 70 79 / 53 -58 -70 -79 / 55 58 70 77 / 56 60 -70 -77 / 58 62 65 77 / 67 75 -58 -62 / 56 60 68 77 / 55 62 75 79 / 53 -59 -62 -79 / 51 60 67 79 / 50 -60 -67 -79 / 48 60 67 77 / 72 -48 -60 -67 / 55 59 67 74 / 56 65 71 74 <END> 
<S> 56 60 65 77 / 55 67 -60 -77 / 53 68 -60 -77 / 59 75 -53 -68 / 55 60 67 74 / 56 72 -60 -67 / 60 -56 -67 -72 / 55 65 71 74 / 53 -65 -71 -74 / 51 63 72 79 / 57 -63 -72 -79 / 55 63 70 74 / 72 75 -63 -70 / 53 65 68 74 / 51 63 67 72 / 70 -51 -63 -67 <END> 
<S> 53 68 74 -72 / 50 65 -72 -74 / 55 62 71 -74 / 63 -55 -71 -74 / 65 -55 -71 -74 / 48 63 67 72 / 55 67 71 74 / 48 67 72 75 / 50 65 70 77 / 51 63 70 79 / 53 -63 -70 -79 / 55 63 70 79 / 56 -63 -70 -79 <END> 
<S> 48 63 67 72 / 62 71 79 -67 / 60 67 75 / 69 -60 -75 / 58 62 70 77 / 56 -62 -70 -77 / 55 63 70 79 / 53 -63 -70 -79 / 51 63 70 79 / 55 -63 -70 -79 / 56 63 72 77 / 53 -63 -72 -77 <END> 
<S> 55 63 70 75 / 53 65 -70 -75 / 51 67 70 79 / 63 -67 -70 -79 / 56 65 68 72 / 55 67 -65 -72 / 53 60 68 -67 / 58 65 -53 -68 / 48 60 64 67 / 58 -48 -64 -67 / 53 56 65 / 55 58 67 / 53 56 65 <END> 
<S> 56 60 65 72 / 55 74 -60 -72 / 53 -60 -67 -74 / 55 59 67 -74 / 65 -55 -59 -74 / 48 55 63 72 / 50 58 65 70 / 51 58 63 67 / 56 60 65 / 55 58 65 70 / 53 56 -65 -70 / 46 65 70 / 68 -46 -65 -68 <END> 
<S> 51 58 65 67 / 63 -51 -58 -67 / 56 60 63 72 / 55 -60 -63 -72 / 53 60 68 72 / 55 67 70 -60 / 53 60 65 68 / 58 67 -53 -65 / 56 60 65 -53 / 48 55 60 67 <END> 
<S> 56 60 65 / 55 58 67 -65 / 53 60 68 -65 / 50 58 65 -68 / 51 58 67 -65 / 63 -51 -58 -67 / 46 60 65 -63 / 58 62 -46 -65 / 56 60 63 -65 / 55 61 -63 <END> 
<S> 46 63 67 70 / 65 68 -46 -63 / 55 63 70 -65 / 56 60 63 72 / 65 -56 -60 -72 / 51 60 67 70 / 53 -60 -67 -70 / 55 59 67 74 / 56 65 71 -74 / 74 -56 -65 -71 <END> 
<S> 56 60 63 72 / 65 74 -56 -60 / 55 60 67 75 / 53 -60 -67 -75 / 55 60 67 74 / 59 -55 -67 -74 / 65 72 -55 -59 / 48 55 64 72 <END> 
<S> 48 63 67 72 / 60 -63 -67 -72 / 55 62 67 71 / 53 -62 -67 -71 / 51 63 72 -67 / 69 -51 -63 -72 / 50 65 71 74 / 48 67 72 75 / 68 74 77 -48 <END> 
<S> 58 62 65 74 / 56 60 65 -74 / 55 67 72 75 / 53 -67 -72 -75 / 55 67 71 74 / 65 -55 -71 -74 / 48 63 67 72 / 53 65 69 74 / 46 65 70 74 / 46 65 70 74 <END> 
<S> 53 68 74 -60 / 58 62 -53 -74 / 51 63 67 72 / 48 -63 -67 -72 / 55 62 67 70 / 60 -55 -67 -70 / 53 62 65 69 / 59 -50 -65 -69 / 60 60 65 68 / 58 62 -65 / 56 -58 -62 -65 <END> 
<S> 54 62 63 69 / 60 -54 -63 -69 / 55 62 67 70 / 51 63 67 70 / 50 65 -67 -70 / 48 67 72 75 / 60 -67 -72 -75 / 59 67 74 / 55 71 -67 -74 / 60 67 72 75 / 62 -67 -72 -75 / 60 67 72 75 / 70 -60 -67 -75 <END> 
<S> 48 63 67 75 / 60 67 72 75 / 55 67 71 74 / 53 67 70 / 51 63 67 70 / 56 63 68 72 / 55 -63 -68 -72 / 53 61 67 70 / 52 -61 -67 -70 <END> 
<S> 53 63 68 72 / 51 -63 -68 -72 / 50 65 68 70 / 55 63 -70 -70 / 53 65 68 -70 / 51 63 67 70 / 69 -51 -63 -67 / 50 58 65 68 / 51 58 63 67 / 56 60 65 / 55 58 62 65 / 56 60 63 / 55 59 62 67 <END> 
<S> 51 58 65 67 / 63 -51 -58 -67 / 46 58 65 68 / 50 58 65 70 / 51 58 63 67 / 56 68 72 -51 / 55 63 67 70 / 65 -55 -67 -70 / 53 58 67 70 / 68 -58 -67 -75 / 55 63 67 70 / 53 65 68 -70 <END> 
<S> 51 63 67 70 / 53 -63 -67 -70 / 55 63 67 70 / 56 62 65 71 / 60 63 67 72 / 55 59 67 74 / 53 -67 -72 / 51 65 67 71 / 47 -65 -67 -71 / 48 65 67 72 / 63 -48 -67 -72 <END> 
<S> 56 60 67 72 / 55 -67 -72 / 53 57 -67 -72 / 62 65 -53 -72 / 55 63 72 / 60 -55 -63 -72 / 56 60 68 75 / 58 -60 -68 -75 / 54 60 68 75 / 55 -60 -68 -75 / 53 60 68 77 / 55 67 75 -60 / 65 -55 -60 -75 / 56 60 65 72 / 55 -60 -65 -72 <END> 
<S> 60 67 75 / 58 -60 -67 -75 / 56 60 72 75 / 55 70 -60 -75 / 53 60 68 74 / 55 59 67 -74 / 56 60 67 72 / 65 -56 -60 -72 / 50 62 65 71 / 53 62 -62 -71 / 51 60 67 72 / 48 63 69 -72 / 55 62 71 74 <END> 
<S> 53 60 68 74 / 55 59 67 -74 / 56 60 65 -74 / 72 -56 -60 -65 / 55 62 67 70 / 50 62 65 70 / 51 60 67 -65 / 48 60 63 -67 / 50 62 65 -60 / 59 -50 -53 -65 / 51 55 60 63 / 53 -55 -60 -63 / 55 59 62 / 53 -55 -59 -62 / 48 51 55 60 / 46 -51 -55 -60 <END> 
<S> 55 59 62 67 / 53 -59 -62 -67 / 51 60 67 / 53 62 65 69 / 63 -53 -65 -69 / 46 62 65 70 / 51 63 69 72 / 50 62 65 70 / 48 60 67 75 / 58 -48 -67 -75 / 56 65 68 -48 / 47 -56 -65 -68 / 48 55 63 72 / 51 63 67 72 <END> 
<S> 51 67 72 -51 / 50 -51 -67 -72 / 51 55 67 -72 / 53 57 -67 -72 / 55 59 67 74 / 60 -55 -67 / 65 74 -55 -60 / 48 55 63 72 / 60 67 -48 -72 / 55 58 67 74 / 53 68 -62 -74 / 55 62 70 -74 / 56 72 -62 -70 <END> 
<S> 48 55 63 72 / 56 60 65 -48 / 51 55 67 -60 / 58 -52 -55 -67 / 53 56 60 68 / 51 58 -60 -68 / 50 59 65 -68 / 51 62 -65 -68 / 60 63 -51 -65 / 50 58 65 70 / 51 58 63 67 / 68 -51 -58 -63 / 50 58 65 70 / 51 63 -58 -70 <END> 
<S> 51 60 65 68 / 50 58 -65 -68 / 51 58 63 67 / 62 -51 -58 -67 / 56 60 63 / 55 58 62 65 / 56 60 63 72 / 55 58 67 70 / 53 56 68 72 / 51 58 67 70 <END> 
<S> 53 60 65 68 / 51 58 67 -65 / 63 -51 -58 -67 / 46 65 -58 -63 / 62 -46 -58 -65 / 56 60 65 77 / 55 59 67 75 / 53 56 68 74 / 72 -53 -56 -60 / 51 58 67 79 / 50 -58 -67 -79 <END> 
<S> 56 60 63 72 / 65 74 -56 -60 / 55 58 67 75 / 53 68 -58 -75 / 55 63 70 74 / 56 65 -63 -74 / 58 63 70 75 / 62 -58 -70 -75 / 51 63 70 79 / 63 72 -51 -79 / 53 68 77 -72 / 55 67 71 75 <END> 
<S> 58 63 68 77 / 62 65 77 -56 / 60 63 67 75 / 58 62 -67 -75 / 56 60 72 77 / 55 70 -60 -77 / 53 65 68 72 / 74 -53 -65 -68 / 75 -53 -65 -68 / 46 65 68 74 / 48 63 -68 75 <END> 
<S> 53 68 -58 74 / 51 67 72 -74 / 50 71 74 -67 / 65 -50 -71 -74 / 48 63 72 75 / 46 -63 -72 -75 / 56 65 72 75 / 55 -56 -72 -75 / 53 68 72 77 / 47 67 74 79 / 48 67 72 75 <END> 
<S> 56 63 72 / 55 74 -63 -72 / 53 67 70 74 / 55 -67 -70 -74 / 56 72 -67 / 65 -56 -72 / 55 64 67 72 / 53 65 68 -72 / 55 62 67 71 / 48 63 67 72 / 48 63 72 79 <END> 
<S> 55 59 67 75 / 56 60 65 72 / 67 74 -56 -60 / 55 60 67 75 / 53 68 -67 -75 / 55 62 65 74 / 56 64 71 -74 / 65 72 -56 -71 / 64 72 -55 -71 / 56 62 71 -67 / 60 64 67 -56 / 53 -60 -67 / 55 60 67 74 / 59 -55 -67 -74 <END> 
<S> 59 62 67 74 / 60 67 75 / 58 -60 -67 -75 / 56 60 68 75 / 55 -60 -68 -75 / 53 60 68 74 / 55 59 67 -74 / 56 60 65 72 / 64 -56 -60 -72 / 55 62 67 71 / 48 63 67 72 / 53 57 65 72 <END> 
<S> 56 60 63 72 / 65 74 -56 -60 / 55 60 67 75 / 53 -60 -67 -75 / 55 60 67 74 / 59 -55 -67 -74 / 65 -55 -59 -74 / 48 55 63 72 / 51 63 70 79 <END> 
<S> 55 59 67 75 / 60 -55 -67 -75 / 43 62 67 74 / 59 -62 -67 -74 / 60 67 75 / 58 -60 -67 -75 / 56 60 68 77 / 55 -60 -68 -77 / 53 60 70 79 / 52 -60 -70 -79 / 53 60 68 77 / 55 59 67 -77 <END> 
<S> 53 60 65 -70 / 69 -53 -60 -65 / 51 60 67 70 / 53 60 68 -67 / 55 59 67 74 / 56 60 -67 -74 / 65 -56 -60 -74 / 55 59 67 -65 / 53 60 65 68 / 51 -60 -65 -68 <END> 
<S> 56 60 67 72 / 65 -56 -60 -72 / 55 61 67 70 / 53 65 68 -70 / 67 -53 -53 -70 / 55 62 67 70 / 43 58 62 67 / 63 -43 -58 -67 / 44 60 63 72 / 46 58 62 -72 / 39 -58 -62 -72 <END> 
<S> 48 63 68 -58 / 50 58 65 -68 / 51 58 63 67 / 62 -51 -58 -67 / 56 60 65 / 55 58 67 75 / 56 60 65 / 55 58 62 67 / 53 56 60 68 / 58 62 -53 -68 <END> 
<S> 56 63 68 72 / 55 -63 -68 -72 / 53 61 67 70 / 52 -61 -67 -70 / 53 60 67 68 / 55 -60 -67 -68 / 56 60 65 68 / 53 -60 -65 -68 / 60 64 67 / 60 63 72 79 <END> 
<S> 44 60 65 / 56 60 64 72 / 62 65 -56 -72 / 55 63 67 72 / 53 65 68 -72 / 55 62 67 71 / 48 63 67 72 / 55 67 71 74 <END> 
<S> 68 74 -58 -67 / 50 65 68 -74 / 51 67 70 75 / 53 -67 -70 -75 / 55 62 70 74 / 56 67 71 -74 / 65 72 -56 -71 / 50 65 71 -72 / 51 60 67 72 / 53 60 69 -72 / 55 62 67 71 <END> 
<S> 50 62 65 71 / 53 68 -62 -71 / 51 60 67 72 / 48 -60 -67 -72 / 55 60 67 74 / 59 -55 -67 -74 / 56 60 63 72 / 65 -56 -60 -72 / 55 62 67 71 / 53 -62 -67 -71 / 51 63 72 -67 / 69 -51 -63 -72 / 50 65 71 74 / 48 67 72 75 <END> 
<S> 57 60 65 72 / 55 -60 -65 -72 / 53 59 67 79 / 55 65 -67 -79 / 75 -55 -67 -71 / 48 72 75 -67 / 50 65 70 74 / 51 67 72 / 70 -57 -67 -72 / 53 65 68 74 / 63 -53 -68 -74 / 55 62 67 71 / 43 59 62 67 <END> 
<S> 50 65 70 77 / 51 -63 -70 -77 / 53 65 68 -70 / 55 63 70 75 / 56 65 72 -75 / 58 67 74 77 / 68 -58 -74 -77 / 67 70 75 79 / 63 -70 -75 -79 / 65 70 77 -63 / 62 -70 -77 <END> 
<S> 58 63 70 79 / 62 -58 -70 -79 / 60 63 72 79 / 58 -63 -72 -79 / 56 63 72 77 / 58 62 70 -77 / 57 63 72 75 / 58 65 70 74 / 53 65 68 72 / 51 -65 -72 -72 <END> 
<S> 58 63 65 77 / 62 -58 -65 -77 / 60 63 67 75 / 58 62 -67 -75 / 56 60 72 77 / 55 70 -60 -77 / 53 65 68 72 / 74 -53 -65 -68 / 75 -53 -65 -68 / 46 65 68 74 / 48 63 -68 75 <END> 
<S> 53 68 -58 74 / 51 58 67 -74 / 50 58 65 77 / 59 -50 -65 -77 / 48 60 63 67 / 69 -60 -63 -75 / 58 65 70 74 / 56 -65 -70 -74 / 55 67 70 75 / 53 -67 -70 -75 / 51 65 70 77 / 50 -65 -70 -77 / 51 63 70 79 / 72 -51 -63 -79 <END> 
<S> 58 65 70 74 / 56 -65 -70 -74 / 55 67 70 75 / 53 -67 -70 -75 / 51 65 70 77 / 50 -65 -70 -77 / 51 63 70 79 / 72 -51 -63 -79 / 47 68 74 77 / 67 -47 -74 -77 / 48 67 72 75 / 66 -48 -72 -75 / 55 67 71 74 <END> 
<S> 50 65 77 -72 / 71 -50 -65 -77 / 48 67 72 75 / 53 68 74 77 / 55 67 71 74 / 55 67 71 74 / 60 67 72 75 / 58 -67 -72 -75 / 57 65 72 77 / 53 75 -65 -72 / 58 65 70 74 / 57 -65 -70 -74 <END> 
