<S> 65 68 72 / 59 65 67 74 / 60 63 67 75 / 58 -63 -67 -75 / 56 62 68 77 / 60 -56 -68 -77 / 55 59 62 79 / 53 59 67 79 <END> 
<S> 59 62 67 79 / 60 63 -67 -79 / 58 62 65 77 / 56 60 -65 -77 / 55 62 70 77 / 53 -62 -70 -77 / 51 63 70 79 / 55 -63 -70 -79 / 53 65 70 77 / 51 67 72 79 / 50 77 -67 -70 / 48 67 72 75 / 70 -48 -67 -75 <END> 
<S> 58 63 75 79 / 51 -58 -75 -79 / 51 70 77 79 / 63 -70 -77 / 65 68 72 / 63 67 70 79 / 62 65 77 -70 / 60 63 75 79 / 58 62 74 -79 / 57 60 75 77 / 59 67 74 -77 / 60 67 75 -74 <END> 
<S> 56 63 72 77 / 58 -63 -72 -77 / 57 65 72 75 / 58 65 70 74 / 53 65 68 72 / 63 -53 -68 -72 / 62 65 69 74 / 59 -65 -69 -74 / 63 67 72 / 62 74 -67 <END> 
<S> 58 65 70 74 / 56 -65 -70 -74 / 55 67 70 75 / 65 74 -55 -70 / 56 63 68 72 / 55 -63 -68 -72 / 53 61 67 70 / 52 -61 -67 -70 / 53 60 67 68 / 55 -60 -67 -68 / 56 60 65 68 / 53 -60 -65 -68 <END> 
<S> 56 60 63 72 / 65 74 -56 -60 / 55 58 67 75 / 53 68 -58 -75 / 55 58 70 74 / 56 65 72 / 68 74 -56 -65 / 51 67 75 79 / 53 -67 -70 -79 / 55 67 71 75 / 53 -67 -71 -79 <END> 
<S> 51 63 67 72 / 56 63 72 / 55 65 74 -72 / 67 -55 -72 -74 / 53 65 72 80 / 63 -53 -72 -80 / 55 62 70 79 / 63 -55 -70 -79 / 56 65 77 -70 / 58 62 70 77 / 60 63 75 -70 / 69 -60 -63 -75 <END> 
<S> 63 70 79 / 62 -63 -70 -79 / 60 63 68 79 / 58 -63 -68 -79 / 56 63 72 77 / 58 62 70 77 / 51 67 70 75 / 60 69 75 -75 / 59 62 67 77 / 55 67 71 75 <END> 
<S> 58 65 70 77 / 62 65 70 -77 / 51 67 70 79 / 63 70 79 / 62 65 70 77 / 67 -62 -70 -77 / 68 -62 -70 -77 / 60 67 75 -53 / 60 -60 -67 -75 / 55 59 67 74 / 55 59 67 74 <END> 
<S> 59 68 77 -63 / 57 60 75 / 55 58 67 74 / 53 68 -58 -74 / 51 58 67 75 / 74 -51 -58 -67 / 53 60 68 75 / 55 67 70 -60 / 56 60 65 68 / 58 -60 -65 -68 / 60 67 -65 / 64 -60 -67 <END> 
<S> 51 58 67 75 / 48 60 67 75 / 55 59 67 74 / 65 -55 -59 -74 / 56 60 63 72 / 55 58 -63 -72 / 54 57 62 74 / 50 -57 -62 -74 / 55 58 64 -74 / 57 60 66 72 / 58 67 74 / 55 58 70 75 / 63 70 -58 -75 <END> 
<S> 53 60 68 74 / 50 -60 -68 -74 / 55 59 67 -74 / 65 -55 -59 -74 / 48 60 63 72 / 51 -60 -63 -72 / 50 65 70 74 / 51 67 70 75 / 53 -67 -70 -75 / 55 67 70 74 / 56 65 -70 -74 <END> 
<S> 51 60 67 75 / 58 -51 -67 -75 / 56 60 72 75 / 55 70 -60 -75 / 53 68 74 -60 / 55 59 67 -74 / 65 -55 -59 -74 / 48 60 63 72 / 46 62 70 77 <END> 
<S> 53 60 68 74 / 50 -60 -68 -74 / 55 59 67 74 / 65 -55 -59 -74 / 48 55 63 72 / 60 67 75 / 58 -60 -67 -75 <END> 
<S> 48 63 67 72 / 60 63 72 79 / 58 65 74 82 <END> 
<S> 60 63 67 75 / 58 62 -67 -75 / 56 60 72 77 / 55 75 -60 -72 <END> 
<S> 60 67 72 / 59 -60 -67 -72 <END> 
<S> 81 -67 / 47 62 67 -67 / 48 62 67 -67 / 50 -62 -67 -67 <END> 
<S> 47 62 67 / 48 60 -62 -67 / 50 59 62 67 / 57 -50 -62 -67 / 55 59 62 67 / 53 -59 -62 -67 <END> 
<S> 47 62 67 / 65 -47 -62 -67 / 48 55 64 72 / 60 62 67 / 43 59 62 -67 / 45 60 64 69 / 47 -60 -64 -69 / 48 59 64 67 / 50 -59 -64 -67 <END> 
<S> 47 55 62 67 / 48 60 -55 -67 / 59 -48 -55 -64 / 50 57 62 66 / 59 -50 -62 -66 / 60 -50 -62 -66 / 43 59 62 67 / 55 59 62 67 / 53 -59 -62 -67 / 52 60 64 67 / 53 -60 -64 -67 / 55 59 62 67 / 57 -55 -62 -67 / 55 59 62 / 53 -55 -59 -62 <END> 
<S> 55 59 62 67 / 53 57 -62 -67 / 52 55 60 67 / 50 53 -60 -67 / 52 55 60 67 / 59 -52 -55 -67 / 45 57 60 65 / 47 55 62 -65 / 48 55 60 64 / 47 55 62 65 / 43 55 62 -65 / 48 60 -55 -65 / 59 -48 -55 -64 / 45 57 60 64 / 43 62 -57 -60 <END> 
<S> 48 55 60 64 / 47 55 62 67 / 45 -55 -62 -67 / 47 55 62 67 / 43 -55 -62 -67 / 48 55 60 64 / 58 -48 -55 -64 / 41 57 60 69 / 43 55 59 62 / 52 -43 -59 -62 / 50 -43 -59 -62 / 52 55 60 64 / 53 57 -60 -64 / 55 59 62 / 53 -55 -59 -62 <END> 
<S> 43 50 62 -60 / 59 -43 -50 -62 / 36 52 55 60 / 48 52 55 60 / 47 55 62 67 / 45 60 66 69 / 59 -45 -66 -69 / 43 59 62 67 / 48 60 64 67 / 47 62 -60 -67 / 45 60 69 77 / 47 -60 -69 -77 / 48 60 67 76 / 55 -60 -67 -76 <END> 
<S> 47 55 62 67 / 45 -55 -62 -67 / 47 55 62 69 / 43 -55 -62 -69 / 48 55 60 64 / 53 62 -48 -55 / 52 55 60 -48 / 50 -48 -55 -60 / 40 55 58 / 55 62 70 -55 / 50 -55 -62 -70 / 48 55 60 64 / 62 -48 -55 -60 / -48 -55 -60 / 55 -48 -60 -64 / 53 62 -60 / 59 52 -62 -69 / 50 54 -62 -69 / 52 55 60 67 / 59 -52 -55 -67 <END> 
<S> 48 55 62 64 / 47 -55 -62 -64 / 45 60 64 69 / 47 62 67 -69 / 43 59 64 67 / 45 60 65 -64 / 47 55 62 -65 / 48 55 60 64 / 62 -48 -55 -60 / 43 55 59 62 / 43 52 58 67 / 50 -43 -58 -67 / 44 48 56 65 / 47 55 55 -65 / 47 55 62 -55 / 45 53 60 -55 / 52 52 67 -60 / 58 -52 -60 -67 / 44 56 60 65 / 47 55 62 -65 / 48 55 60 64 / 43 55 59 62 <END> 
<S> 48 55 62 67 / 47 -55 -62 -67 / 45 52 60 69 / 54 -45 -60 -69 / 47 62 67 71 / 48 64 67 69 / 50 62 66 69 / 52 59 67 / 50 53 -59 -67 / 48 52 60 67 / 55 -52 -60 -67 / 53 60 65 69 / 52 -60 -65 -69 / 50 62 65 69 / 71 -50 -62 -65 / 52 55 64 72 / 60 -52 -55 -72 / 47 55 62 67 / 59 -47 -55 -67 <END> 
<S> 52 67 69 72 / 50 -64 -67 -72 / 48 62 -67 -72 / 71 -62 -67 -71 / 50 64 69 72 / 62 71 -50 -62 / 48 60 64 69 / 47 59 62 67 / 45 52 60 -67 / 38 53 62 69 / 40 55 59 67 / 45 57 60 65 / 47 62 -57 -65 / 48 55 64 -62 / 60 -48 -55 -64 / 43 55 60 62 <END> 
<S> 45 52 60 67 / 47 50 -60 -67 / 48 52 55 67 / 50 -48 -55 -67 / 52 52 55 67 / 50 53 -55 -67 / 52 55 60 67 / 59 -55 -55 -67 / 45 57 60 65 / 47 55 62 -65 / 48 55 64 -62 / 60 -48 -55 -64 / 43 55 60 62 / 55 59 -43 -62 / 53 -43 -59 -62 <END> 
<S> 45 60 65 -64 / 47 55 62 -65 / 48 55 60 64 / 62 -48 -55 -60 / 43 55 59 62 / 43 52 58 67 / 50 -43 -58 -67 / 44 48 56 65 / 47 55 55 -65 / 48 55 60 64 / 46 55 58 62 / 44 53 60 65 / 43 55 59 -65 / 48 55 60 64 / 62 -55 -60 -64 <END> 
<S> 48 51 55 63 / 50 53 -55 -63 / 51 55 58 -63 / 53 56 60 65 / 59 62 -53 -65 / 60 -53 -56 -65 / 55 58 62 / 53 56 -58 -62 / 51 55 58 63 / 50 -55 -58 -67 / 48 60 63 67 / 53 -60 -63 -67 / 55 59 62 67 / 56 60 63 72 / 65 74 -56 -60 <END> 
<S> 51 58 63 67 / 50 -58 -63 -67 / 48 56 63 72 / 51 58 -63 -72 / 56 62 65 / 55 60 63 / 55 59 62 67 / 53 -59 -62 -67 / 51 60 67 / 55 -51 -60 -67 / 44 53 65 -60 / 46 55 -53 -65 / 48 55 63 -48 / 46 -55 -60 -63 / 44 53 60 65 / 43 51 58 67 <END> 
<S> 48 60 63 67 / 55 59 62 67 / 53 -59 -62 -67 / 51 60 67 / 55 -51 -67 -67 / 44 60 67 72 / 62 65 -55 -72 / 60 63 67 / 46 58 62 -67 / 57 60 65 -51 / 50 58 65 / 51 55 -58 -65 / 53 63 -58 / 57 60 65 -51 / 55 58 62 -65 / 56 -58 -62 -65 <END> 
<S> 53 56 65 -63 / 55 -53 -65 -65 / 46 58 62 -65 / 58 -46 -62 -65 / 51 58 63 67 / 50 65 -58 -67 / 48 63 67 / 46 62 -67 / 44 60 67 72 / 58 -44 -67 -72 / 54 57 63 72 / 62 -54 -57 -72 / 55 62 70 / 48 55 63 69 / 67 -48 -55 -63 <END> 
<S> 45 60 63 72 / 46 58 62 -72 / 39 57 63 -72 / 38 66 -63 -72 / 39 62 67 71 / 51 63 67 70 / 50 65 -67 -70 / 48 67 72 75 / 53 -67 -72 -75 / 55 67 71 74 / 51 67 70 79 <END> 
<S> 48 63 67 72 / 55 67 71 74 / 55 67 71 74 / 53 67 70 75 / 51 -67 -70 -75 / 50 65 70 77 / 68 -50 -65 -77 / 51 63 67 70 / 53 65 69 74 / 55 63 70 -74 / 56 68 -63 -74 / 58 62 70 -68 / 63 67 -58 -70 / 65 -55 -58 -70 <END> 
<S> 55 67 70 75 / 53 -67 -70 -75 / 51 65 70 77 / 50 -65 -70 -77 / 51 63 70 79 / 72 -51 -63 -79 / 47 68 74 77 / 67 -47 -74 -77 / 48 67 72 75 / 66 -48 -72 -75 / 55 67 71 74 / 60 67 72 75 / 58 -67 -72 -75 <END> 
<S> 48 63 72 79 / 50 65 72 -79 / 71 -50 -65 -75 / 51 67 72 75 / 53 -67 -72 -75 / 55 67 72 74 / 71 -55 -67 -74 / 56 72 -67 / 60 65 -56 -72 / 55 59 67 74 / 55 67 71 <END> 
<S> 50 65 70 74 / 51 -65 -70 -74 / 53 65 72 -70 / 62 -53 -65 -72 / 67 -53 -62 -72 / 46 58 65 74 / 67 -46 -58 -74 / 45 60 72 77 / 46 62 70 -77 / 48 63 72 79 / 50 65 77 -72 / 71 -50 -65 -77 <END> 
<S> 46 62 65 77 / 63 -46 -65 -77 / 65 65 70 / 63 -65 -70 / 62 65 70 74 / 63 70 75 / 62 65 -70 / 63 67 70 79 / 62 71 79 -67 / 60 67 72 75 / 58 -67 -72 -75 / 56 60 72 77 / 55 70 75 79 <END> 
<S> 63 72 79 / 60 -63 -72 -79 / 56 63 72 77 / 53 -63 -72 -77 / 58 62 70 77 / 51 67 70 75 / 50 65 70 77 / 68 -50 -65 -77 / 51 67 70 75 / 63 -60 -67 -75 <END> 
<S> 51 63 67 72 / 53 65 68 -72 / 55 63 67 70 / 62 65 -55 -70 / 60 63 -55 -70 / 55 59 62 67 / 53 60 68 72 / 51 67 -60 -72 / 50 65 70 74 / 48 -65 -70 -74 <END> 
<S> 56 60 63 72 / 55 -60 -63 -72 / 53 65 68 72 / 63 -53 -68 -72 / 46 65 67 74 / 59 -46 -65 -74 / 48 60 63 72 / 50 65 -60 -72 / 51 67 71 / 53 63 -67 -70 / 62 65 -56 -71 / 55 63 63 / / 55 -63 -63 / 62 -55 -63 -72 <END> 
<S> 51 60 67 / 50 53 -60 -67 / 51 55 67 -60 / 59 -55 -55 -67 / 45 53 60 65 / 63 -45 -53 -60 / 46 62 -53 -60 / 59 50 -43 -60 / 48 51 60 67 / 55 -51 -60 -67 / 44 60 65 -60 / 59 62 -44 -53 / 60 -53 -53 -60 / 41 62 -53 -60 / 46 -53 -60 -62 / 51 58 60 67 / 50 53 -60 -67 / 51 55 60 67 / 50 -55 -60 -67 <END> 
<S> 44 48 60 65 / 41 -51 -60 -65 / 46 55 62 -65 / 39 55 63 -62 / 39 55 60 63 / 41 -55 -60 -63 / 43 55 60 62 / 53 -43 -60 -62 / 59 -43 -53 -62 / 43 51 60 -59 / 44 51 60 -60 / 41 56 60 -60 / 41 55 -60 -60 / 53 59 -43 -60 / 59 -43 -53 -59 / 51 -43 -59 -62 / 47 55 62 / 44 53 60 <END> 
<S> 41 56 60 62 / 38 53 -60 -62 / 43 50 59 62 / 55 -43 -59 -62 / 36 51 55 60 / 48 51 60 67 / 46 -51 -60 -67 / 44 53 60 65 / 43 55 59 -65 / 42 57 60 63 / 62 -42 -57 -60 / 43 55 59 62 / 39 55 60 67 / 58 -39 -55 -67 <END> 
<S> 44 51 60 67 / 58 -51 -67 / 57 56 65 72 / 55 58 -65 -72 / 53 57 63 72 / 55 58 65 70 / 53 63 -58 -70 / 57 65 -53 -70 / 46 58 65 70 / 48 60 63 68 / 50 58 65 70 / 51 58 63 67 / 50 58 65 77 <END> 
<S> 55 58 63 70 / 53 -58 -63 -70 / 51 58 63 70 / 55 67 -63 -70 / 56 63 68 72 / 53 -63 -68 -72 / 51 58 67 70 / 50 65 -67 -70 / 48 63 67 72 / 53 60 68 74 / 55 60 67 74 / 56 59 65 -74 / 72 -56 -56 -65 <END> 
<S> 51 58 67 75 / 53 -51 -67 -75 / 55 65 67 74 / 72 -55 -67 -74 / 71 -55 -67 -74 / 65 -55 -71 -74 / 48 63 67 72 / 60 63 72 79 / 58 -63 -72 -79 / 56 64 72 79 / 55 62 -72 -79 / 53 65 72 81 / 51 -65 -72 -80 / 80 -65 -68 -80 / 58 65 75 79 / 60 -65 -75 -79 <END> 
<S> 60 63 72 79 / 58 62 72 77 / 56 60 72 77 / 55 70 -60 -77 / 53 60 68 77 / 74 -53 -68 -77 / 55 70 75 -53 / 56 74 -70 -76 / 55 63 70 74 / 53 68 72 -74 / 51 67 70 -74 / 50 65 69 72 / 67 -50 -65 -72 / 48 60 65 69 / 60 -60 -65 -69 <END> 
<S> 53 68 74 -58 / 55 60 67 -74 / 56 60 65 68 / 53 -60 -65 -68 / 55 59 67 / 55 60 67 75 / 60 -55 -67 -75 / 53 60 68 77 / 50 -60 -68 -77 / 51 58 67 -65 / 53 60 68 77 / 55 75 -60 -68 / 55 67 70 -60 / 53 59 68 74 / 51 60 67 75 / 50 65 77 -60 / 63 -50 -65 -77 / 46 62 70 77 / 47 62 74 -77 <END> 
<S> 53 60 65 68 / 63 -53 -60 -68 / 55 59 62 67 / 55 59 62 67 / 63 -55 -62 / 60 65 -55 / 53 59 62 67 / 51 60 63 -67 / 50 65 -60 -67 / 48 60 67 -65 / 64 -48 -60 -67 / 58 -48 -64 -67 / 41 56 60 65 / 53 55 72 -60 / 51 55 -60 -72 / 50 53 70 -60 / 51 58 67 / 53 60 68 -51 / 50 58 65 -68 / 56 65 -50 -65 <END> 
<S> 56 60 65 72 / 55 74 -60 -65 / 53 67 -60 -72 / 55 65 -60 -72 / 64 -55 -60 -72 / 54 57 63 72 / 62 -54 -57 -72 / 55 62 71 / 48 55 60 72 / 48 55 63 67 / 57 60 63 65 / 58 -60 -63 / 57 60 64 / 54 60 -60 -66 <END> 
<S> 48 63 72 -58 / 60 -48 -63 -72 / 55 58 67 74 / 53 -59 -67 -74 / 51 60 67 75 / 53 -60 -67 -75 / 55 60 67 74 / 72 -55 -60 -67 / 43 59 67 74 / 65 -43 -59 -74 / 48 60 63 72 / 60 67 75 / 58 -60 -67 -75 <END> 
<S> 48 60 67 75 / 55 67 72 74 / 71 -55 -67 -74 / 65 -55 -71 -74 / 56 63 72 / 62 -56 -72 / 57 60 72 77 / 55 71 -60 -77 / 56 62 72 77 / 74 -56 -62 -72 / 55 71 -62 -74 / 60 63 67 72 / 69 -60 -63 -72 / 70 -60 -63 -75 <END> 
<S> 57 60 72 -65 / 55 59 67 74 / 53 -59 -67 -74 / 52 60 67 79 / 53 -60 -67 -79 / 55 67 74 -60 / 59 -55 -67 -74 / 48 63 67 72 / 60 67 72 75 / 70 -60 -67 -75 / 65 68 74 -60 / 63 67 70 / 59 62 -67 <END> 
<S> 48 63 67 72 / 60 67 72 75 / 55 67 71 74 / 53 67 70 75 / 65 68 77 -75 / 63 70 79 / 62 65 70 / 63 67 -62 -70 / 53 -62 -67 -70 / 60 63 72 -67 / 58 65 74 / 56 65 45 -74 <END> 
<S> 62 65 70 77 / 72 -62 -65 -77 / 58 70 74 77 / 63 70 75 79 / 62 -70 -75 -79 / 60 67 72 75 / 58 -67 -72 -75 / 56 72 77 -72 / 53 62 70 -77 / 68 72 -53 -62 / 51 58 67 75 / 69 -51 -75 -75 <END> 
<S> 56 60 72 77 / 53 -60 -72 -77 / 58 62 70 -77 / 68 -58 -62 -77 / 51 63 67 75 / 58 65 70 74 / 60 63 68 75 / 67 -60 -63 -75 / 62 65 70 77 / 68 -62 -65 -77 / 63 67 70 79 / 62 72 -67 -79 <END> 
<S> 58 65 70 74 / 56 -65 -70 -74 / 55 67 70 75 / 65 74 -55 -70 / 56 63 68 72 / 55 -63 -68 -72 / 53 61 67 70 / 52 -61 -67 -70 / 53 60 67 68 / 55 -60 -67 -68 / 56 60 65 68 / 53 -60 -65 -68 <END> 
<S> 56 60 63 72 / 65 74 -56 -60 / 55 58 67 75 / 53 68 -58 -75 / 55 58 70 74 / 56 65 72 / 68 74 -56 -65 / 51 67 75 79 / 53 -67 -70 -79 / 55 67 71 75 / 53 -67 -71 -79 <END> 
<S> 51 63 67 72 / 56 63 72 / 55 65 74 -72 / 67 -55 -72 -74 / 53 65 72 80 / 63 -53 -72 -80 / 55 62 70 79 / 63 -55 -70 -79 / 56 65 77 -70 / 58 62 70 77 / 60 63 75 -70 / 69 -60 -63 -75 <END> 
<S> 63 70 79 / 62 -63 -70 -79 / 60 63 68 79 / 58 -63 -68 -79 / 56 63 72 77 / 58 62 70 77 / 51 67 70 75 / 60 69 75 -75 / 59 62 67 77 / 55 67 71 75 <END> 
<S> 58 65 70 77 / 62 65 70 -77 / 51 67 70 79 / 63 70 79 / 62 65 70 77 / 67 -62 -70 -77 / 68 -62 -70 -77 / 60 67 75 -53 / 60 -60 -67 -75 / 55 59 67 74 / 55 59 67 74 <END> 
<S> 59 68 77 -63 / 57 60 75 / 55 58 67 74 / 53 68 -58 -74 / 51 58 67 75 / 74 -51 -58 -67 / 53 60 68 75 / 55 67 70 -60 / 56 60 65 68 / 58 -60 -65 -68 / 60 67 -65 / 64 -60 -67 <END> 
<S> 51 58 67 75 / 48 60 67 75 / 55 59 67 74 / 65 -55 -59 -74 / 56 60 63 72 / 55 58 -63 -72 / 54 57 62 74 / 50 -57 -62 -74 / 55 58 64 -74 / 57 60 66 72 / 58 67 74 / 55 58 70 75 / 63 70 -58 -75 <END> 
