<S> 56 63 67 72 / 65 -56 -63 -72 / 62 68 -56 -72 / 60 -56 -68 -72 / 55 59 74 -68 / 67 -55 -74 / 65 -55 -67 -74 / 48 63 67 75 / 72 -48 -67 -75 / 50 66 74 -72 / 70 -50 -66 -74 / 52 67 72 -70 / 69 -52 -67 -72 / 67 -52 -67 -72 / 54 62 69 74 / 69 -54 -62 -74 / 55 62 69 71 / 67 -55 -62 -71 / 65 -55 -62 -71 / 60 63 69 -55 <END> 
<S> 52 67 72 -62 / 66 69 -51 -72 / 67 71 -51 / 50 69 -67 / 51 66 69 / 62 -50 -69 / 60 68 -50 -69 / 50 58 65 70 / 48 60 63 69 / 46 53 62 70 / 55 62 70 / 53 60 68 72 / 51 67 -60 -72 / 50 65 -67 -72 / 48 63 67 72 / 53 68 74 -72 <END> 
<S> 51 60 67 / 53 -51 -60 -67 / 52 55 60 72 / 62 -52 -55 -72 / 54 63 69 72 / 55 62 67 71 / 51 60 67 72 / 48 63 -67 -72 / 55 62 67 71 / 60 -55 -67 -71 / 62 -55 -67 -71 / 48 63 67 72 / 48 63 72 79 <END> 
<S> 55 67 71 75 / 60 -67 -71 -75 / 67 72 -55 -60 / 59 62 -55 -72 / 57 60 63 72 / 55 62 -60 -72 / 53 60 69 72 / 51 63 -69 -72 / 50 65 71 74 / 48 63 67 72 / 55 59 67 74 / 60 67 75 / 58 -60 -67 -75 <END> 
<S> 48 63 72 -67 / 50 62 65 -72 / 51 63 67 -72 / 53 62 -67 -72 / 55 62 67 71 / 43 59 62 67 / 48 60 63 75 / 58 -48 -63 -75 / 53 56 65 74 / 47 -53 -65 -74 / 48 60 63 75 / 67 -48 -60 -75 / 50 65 77 -60 / 59 -50 -65 -77 <END> 
<S> 48 60 63 67 / 58 -60 -63 -67 / 56 60 63 72 / 55 -60 -63 -72 / 53 62 68 72 / 63 -53 -68 -72 / 55 65 67 71 / 48 63 67 72 / 55 59 67 74 <END> 
<S> 55 62 67 71 / 56 60 65 72 / 74 -56 -60 55 / 60 62 67 77 / 59 -62 -67 -77 / 60 67 75 -62 / 51 -60 -67 -75 / 53 60 69 74 / 55 59 67 74 / 65 -55 -59 -74 <END> 
<S> 60 67 75 / 58 -60 -67 -75 / 56 60 72 75 / 55 70 -60 -75 / 53 68 72 74 / 55 67 71 -74 / 65 -55 -71 -74 / 48 63 67 72 / 51 58 70 79 / 53 60 -70 -79 <END> 
<S> 48 63 67 72 / 60 63 67 72 / 58 65 74 / 56 -58 -65 -74 / 55 67 70 75 / 53 -67 -70 -75 / 51 65 70 77 / 50 -65 -70 -77 / 51 63 70 79 / 72 -51 -70 -79 <END> 
<S> 55 58 70 75 / 53 -58 -70 -75 / 51 65 70 77 / 50 -65 -70 -77 / 51 63 70 79 / 62 77 -70 / 56 60 72 75 / 55 -60 -72 -75 / 53 68 74 77 / 55 75 -68 -74 / 56 65 71 74 / 55 -65 -71 -74 <END> 
<S> 56 60 72 77 / 55 70 -60 -77 / 53 65 68 72 / 74 -53 -65 -68 / 48 63 67 75 / 69 -48 -63 -75 / 50 65 70 74 / 51 -65 -70 -74 / 53 65 70 -70 / 51 60 -70 -70 / 53 60 65 69 / 63 -53 -60 -69 / 46 62 65 70 / 48 63 67 -70 <END> 
<S> 53 60 69 77 / 53 60 70 79 / 55 -60 -70 -79 / 53 60 70 79 / 55 -60 -70 -79 / 53 60 68 79 / 55 -60 -68 -79 / 56 60 68 77 / 58 -60 -68 -77 / 60 67 -77 / 72 75 -60 -67 / 58 65 74 -72 / 56 65 72 77 / 55 67 75 -72 <END> 
<S> 56 60 65 77 / 55 -60 -65 -77 / 53 62 70 79 / 51 -62 -70 -79 / 53 60 70 79 / 55 -60 -70 -79 / 57 60 75 77 / 59 -60 -69 -77 / 60 67 75 / 58 -60 -67 -75 / 56 60 68 77 / 55 -60 -68 -77 <END> 
<S> 56 60 72 77 / 55 -60 -72 -77 / 53 70 75 79 / 52 55 60 -79 / 53 60 68 77 / 59 62 67 -77 / 60 63 67 75 / 69 -60 -63 -75 / 55 67 71 74 / 53 -67 -71 -74 <END> 
<S> 60 67 75 / 58 -60 -67 -75 / 56 60 68 75 / 55 -60 -68 -75 / 53 60 68 74 / 55 59 67 -74 / 56 60 67 72 / 65 -56 -60 -72 / 50 62 65 71 / 53 62 -62 -71 / 51 60 67 72 / 48 63 69 -72 / 55 62 71 74 <END> 
<S> 53 60 65 69 / 63 -53 -60 -69 / 55 62 67 70 / 60 63 67 72 / 58 62 74 -67 / 57 60 65 75 / 58 67 -65 / 64 68 -58 -76 / 57 60 65 72 / 55 67 -60 -72 / 53 60 69 48 / 51 -60 -69 -72 / 50 71 74 -60 / 55 67 72 / 65 -55 -72 <END> 
<S> 57 60 65 72 / 55 67 -60 -72 / 53 65 69 72 / 74 -53 -65 -69 / 75 -53 -65 -69 / 46 65 70 74 / 48 63 72 -70 / 50 62 65 70 / 51 -62 -65 -70 / 53 60 65 70 / 51 -60 -65 -70 / 53 62 65 69 / 63 -53 -65 -69 / 46 62 65 70 / 51 63 67 70 / 53 62 -67 -70 <END> 
<S> 53 60 65 70 / 51 -60 -65 -70 / 53 62 65 69 / 63 -53 -65 -69 / 46 62 65 70 / 51 63 67 70 / 53 62 -67 -70 / 51 60 67 72 / 50 -60 -67 -72 / 48 65 67 74 / 47 -65 -67 -74 / 48 63 67 75 / 62 -48 -67 -75 / 50 60 65 74 / 59 -50 -65 -74 <END> 
<S> 51 60 67 72 / 50 -60 -67 -72 / 48 65 67 74 / 47 -65 -67 -74 / 48 63 67 75 / 62 -48 -67 -75 / 50 60 65 74 / 59 -50 -65 -74 / 51 63 67 72 / 56 62 65 -72 / 60 -56 -65 -72 / 55 59 67 74 / 60 63 67 / 65 68 -60 <END> 
<S> 51 63 67 72 / 60 -51 -67 -72 / 53 65 68 74 / 58 67 -65 -74 / 56 63 68 72 / 53 -63 -68 -72 / 51 63 67 70 / 53 68 -63 -70 / 55 58 63 70 / 56 60 -63 -70 / 46 58 62 65 / 68 -46 -58 -62 <END> 
<S> 51 58 65 67 / 63 -51 -58 -67 / 56 60 63 72 / 55 -60 -63 -72 / 53 60 68 72 / 55 67 70 -60 / 53 60 68 -67 / 65 -53 -60 -68 / 48 60 65 67 / 64 -48 -60 -67 / 53 56 60 65 / 62 -53 -56 -65 <END> 
<S> 56 60 65 72 / 55 74 -60 -65 / 53 60 67 75 / 55 -60 -67 -75 / 53 65 68 74 / 63 72 -53 -68 / 55 62 67 71 / 43 59 62 67 / 48 60 63 -67 / 50 58 65 68 / 51 58 63 67 <END> 
<S> 48 60 63 67 / 55 59 62 67 / 53 60 65 68 / 51 59 67 -65 / 51 60 63 -67 / 53 -60 -63 -67 / 55 62 63 70 / 48 -55 -63 -70 / 50 55 62 69 / 51 60 67 -69 / 50 57 -67 -67 <END> 
<S> 55 58 62 70 / 51 55 63 70 / 48 55 67 -63 / 53 60 68 74 / 55 59 67 74 / 65 -55 -67 -74 / 48 63 67 72 / 58 70 -67 -75 / 60 65 68 75 / 62 65 70 75 / 63 -60 -70 -75 <END> 
<S> 48 60 67 75 / 68 72 -60 -75 / 55 67 71 74 / 55 67 71 74 / 60 67 72 75 / 58 -67 -72 -75 / 57 65 72 77 / 53 75 -65 -72 / 58 65 70 74 / 57 -65 -70 -74 <END> 
<S> 60 67 72 75 / 58 65 74 77 / 56 -65 -74 -77 / 55 70 75 79 / 53 -70 -75 -79 / 51 72 75 79 / 50 -72 -75 -79 / 48 68 74 77 / 47 -68 -74 -77 / 48 67 72 75 <END> 
<S> 53 68 72 77 / 74 -53 -68 -77 / 55 67 72 75 / 70 -55 -67 -75 / 53 68 72 77 / 74 -53 -68 -77 / 51 63 75 79 / 58 -63 -75 -79 / 56 60 72 77 / 53 -60 -72 -77 <END> 
<S> 60 63 72 79 / 58 -63 -72 -79 / 56 63 72 77 / 58 62 70 -77 / 68 -58 -62 -77 / 51 58 67 75 / 48 60 69 75 / 46 65 70 74 <END> 
<S> 58 62 65 74 / 67 -58 -62 -74 / 60 63 67 75 / 58 62 -67 -75 / 56 60 72 77 / 55 70 -60 -77 / 53 65 68 72 / 74 -53 -65 -68 / 48 63 67 75 / 69 -48 -63 -75 / 50 65 70 74 / 51 -65 -70 -74 <END> 
<S> 53 60 69 75 / 58 -53 -69 -75 / 60 75 -53 -69 / 46 58 65 74 / 47 62 67 74 / 75 -47 -62 -67 / 77 -47 -62 -67 / 48 62 67 75 / 60 -67 -75 -79 / 67 72 74 -60 / 59 -67 -72 -75 / 56 72 77 -60 / 55 62 71 -77 / 57 72 -62 / 55 59 67 74 <END> 
<S> 48 67 72 75 / 50 -67 -72 -75 / 51 67 72 75 / 53 -67 -72 -75 / 55 67 70 75 / 56 60 68 -75 / 58 62 68 74 / 63 67 72 / 65 65 -68 / 63 67 -65 -70 / 62 65 70 -56 / 55 63 -70 -70 / 56 65 72 -70 / 68 -56 -65 -72 <END> 
<S> 63 67 70 / 61 65 69 75 / 62 65 70 77 / 63 70 79 / 62 -63 -70 -79 / 60 63 72 79 / 58 -63 -72 -79 / 56 63 72 77 / 58 62 70 -77 / 68 -58 -62 -77 / 51 63 67 75 / 48 63 72 79 <END> 
<S> 56 63 72 77 / 60 -56 -72 -77 / 58 62 70 77 / 68 -58 -62 -77 / 51 58 67 75 / 51 58 70 79 / 63 70 79 / 62 65 -70 -79 / 60 63 67 75 / 62 69 -67 -75 / 63 65 72 79 / 60 -63 -72 -79 / 57 65 72 80 / 58 -65 -72 -80 <END> 
<S> 58 65 70 74 / 60 63 72 75 / 67 -60 -72 -75 / 58 68 74 77 / 56 -68 -74 -77 / 63 70 75 / 55 67 -70 -75 / 53 68 72 77 / 60 -53 -72 -77 / 55 62 70 79 / 63 -55 -70 -79 / 56 65 72 77 / 58 62 74 -77 / 68 -58 -62 -77 / 60 63 67 75 / 58 62 -67 -75 / 56 60 72 77 / 55 75 -60 -72 <END> 
<S> 56 63 72 77 / 53 -63 -72 -77 / 58 62 70 77 / 51 67 70 75 / 60 67 72 75 / 62 65 70 77 / 63 70 79 / 62 -63 -70 -79 / 60 63 72 79 / 58 -63 -72 -79 / 56 63 72 77 / 58 62 70 -77 / 68 -58 -62 -77 <END> 
<S> 58 65 70 74 / 56 -65 -70 -74 / 55 67 70 75 / 53 -67 -70 -75 / 51 65 70 77 / 50 -65 -70 -77 / 51 63 70 79 / 72 -51 -63 -79 / 47 62 74 79 / 68 -47 -62 -74 / 48 67 72 75 / 66 -48 -72 -75 / 55 67 71 74 <END> 
<S> 50 62 65 77 / 51 67 75 -60 / 53 60 68 74 / 55 59 67 74 / 65 -55 -59 -74 / 48 60 63 72 / 50 58 70 77 / 51 63 70 79 / 53 68 77 -63 / 55 62 67 -77 / 75 -55 -62 -67 <END> 
<S> 48 63 68 72 / 50 65 -68 -72 / 51 63 67 70 / 62 -51 -67 -70 / 53 60 65 68 / 63 -53 -60 -68 / 55 59 62 67 / 60 63 -55 -67 / 62 -55 -60 -67 / 53 60 65 68 / 51 58 67 -65 / 48 60 63 68 / 50 -60 -63 -68 <END> 
<S> 60 63 67 / 55 -60 -67 / -67 -55 -67 / 65 -55 -67 -71 / 63 -55 -67 -71 / 60 63 67 72 / 58 62 -67 -72 / 57 60 65 72 / 55 67 -60 -72 / 53 60 69 72 / 51 -60 -69 -72 / 50 65 69 74 / 71 -50 -65 -74 / 48 67 72 75 / 50 -67 -72 -75 / 51 67 72 -75 / 53 -67 -72 -75 <END> 
<S> 52 60 67 72 / 53 68 -60 -72 / 51 65 71 74 / 50 -65 -71 -74 / 48 63 72 75 / 50 65 77 -72 / 51 67 -65 -72 / 53 60 65 -72 / 62 74 -53 -60 / 60 75 -53 -60 / 58 62 65 77 / 60 63 72 79 / 58 63 72 80 <END> 
<S> 56 60 63 72 / 65 74 -56 -60 / 55 58 67 75 / 57 60 65 -75 / 58 62 65 74 / 56 60 -65 -74 / 55 59 67 75 / 53 -59 -67 -75 / 51 60 67 75 / 53 65 68 74 / 55 67 71 -74 / 65 -55 -71 -74 / 56 63 72 / 48 55 64 -72 <END> 
<S> 55 60 67 75 / 53 68 74 -60 / 55 59 67 74 / 65 -55 -67 -74 / 48 63 67 72 / 60 63 67 72 / 58 62 -67 -72 / 57 60 65 72 / 55 67 -60 -72 / 53 65 69 72 / 51 -65 -69 -72 / 50 65 69 77 / 75 -50 -65 -69 / 55 67 70 74 / 51 75 -67 -70 <END> 
<S> 60 64 67 72 / 58 -64 -67 -72 / 54 57 62 74 / 72 -54 -57 -62 / 55 62 70 / 53 -62 -70 / 51 60 67 72 / 50 58 65 -67 / 51 63 67 / 48 60 63 -67 / 58 -48 -63 -67 / 56 65 -48 -63 / 0 -48 / 48 63 67 70 <END> 
<S> 48 60 67 75 / 51 60 67 -75 / 53 68 74 -60 / 55 59 67 -74 / 65 -55 -59 -74 / 56 60 63 72 / 62 -56 -60 -72 / 55 60 67 71 / 53 59 68 74 / 51 60 67 75 / 48 60 63 75 / 61 -48 -63 -75 <END> 
<S> 56 60 63 72 / 65 74 -56 -60 / 55 67 72 75 / 53 68 74 -72 / 55 62 71 -74 / 56 63 72 / 55 65 74 -72 / 67 -55 -72 -74 / 48 67 75 -72 / 50 65 -72 -75 / 51 67 72 75 / 53 -67 -72 -75 / 55 67 71 74 / 60 67 75 / 58 -60 -67 -75 <END> 
<S> 51 67 72 75 / 53 -67 -72 -75 / 55 67 71 74 / 65 -55 -71 -74 / 56 63 72 / 70 -56 -63 -72 / 55 65 68 74 / 53 75 -65 -68 / 77 -53 -65 -68 / 55 59 67 75 / 60 -55 -67 -75 / 74 -55 -60 -67 / 59 -55 -67 -74 / 48 63 67 72 / 60 63 67 72 <END> 
<S> 55 59 67 75 / 60 -55 -67 -75 / 74 -55 -60 -67 / 59 -55 -67 -74 / 48 63 67 72 / 57 60 65 72 / 58 65 74 / 57 60 66 72 / 55 62 67 70 / 62 66 69 / 60 -62 -66 -69 / 58 62 67 / 57 60 66 69 <END> 
<S> 58 65 74 / 57 60 66 -74 / 55 62 67 70 / 54 63 69 -62 / 62 67 -54 / 60 66 69 -48 / 51 -60 -63 -69 / 50 53 65 70 / 48 64 67 -70 / 53 60 65 68 / 51 67 -60 -65 / 56 60 65 -51 / 55 -60 -65 -68 / 53 60 68 -65 / 64 -53 -60 -68 <END> 
<S> 51 60 67 68 / 50 -60 -67 -68 / 52 60 67 70 / 48 64 -60 -70 / 53 60 65 68 / 46 62 -65 -68 / 51 63 67 / 58 62 65 -51 56 60 63 67 -56 / 55 62 67 70 / 53 -62 -67 -70 / 51 63 67 72 / 50 65 74 -72 / 51 67 72 75 / 53 -67 -72 -75 <END> 
<S> 56 60 63 72 / 55 -60 -63 -72 / 53 65 68 72 / 55 67 -65 -72 / 60 63 -67 / 58 65 -60 -67 / 56 60 -65 -68 / 55 59 67 -65 / 53 60 65 68 / 51 -60 -65 -68 / 55 59 67 -65 / 62 65 -55 -59 / 56 60 63 / 55 62 -60 / 53 -55 -60 -62 <END> 
<S> 56 60 63 72 / 65 74 -56 -60 / 55 60 67 75 / 53 -60 -67 -75 / 55 59 67 74 / 65 -55 -59 -74 / 48 55 63 72 / 48 63 67 79 / 50 62 -67 77 / 48 60 67 75 / 53 59 74 79 / 51 72 79 55 70 74 -51 <END> 
<S> 48 60 67 75 / 60 67 72 -75 / 55 68 74 -72 / 53 -68 -72 -75 / 55 67 71 74 -60 / 59 67 74 -55 / 65 -55 -71 -74 / 48 63 67 72 / 55 67 71 74 <END> 
<S> 55 67 72 75 / 53 -67 -72 -75 / 55 71 74 -67 / 65 -55 -71 -74 / 48 63 67 72 / 55 62 70 77 / 53 -62 -70 -77 / 51 63 70 79 / 65 -51 -70 -79 / 56 63 72 77 / 55 -63 -72 -77 / 57 61 70 -77 / 50 -58 -70 -77 / 51 70 -58 -65 / 63 -51 -70 -70 / 62 65 69 77 / 62 70 77 -77 / 60 67 72 75 <END> 
<S> 53 63 68 77 / 51 67 70 -77 / 50 65 70 -77 / 51 75 -70 -65 / 50 65 70 77 / 51 63 70 79 / 53 -63 -70 -79 / 55 63 70 79 / 56 -63 -70 -79 / 58 65 70 74 / 60 75 -65 -70 / 62 71 77 -65 / 59 62 74 -77 / 60 63 74 75 / 62 65 72 77 / 71 -62 -65 -77 <END> 
<S> 56 60 68 77 / 55 -60 -68 -77 / 53 60 68 79 / 55 -60 -68 -79 / 56 60 68 77 / 58 62 -68 -77 / 60 63 67 75 / 69 -60 -63 -75 / 58 65 70 74 / 56 -65 -70 -74 / 55 67 70 75 / 53 -67 -70 -75 / 51 65 70 77 / 50 -65 -70 -77 / 51 63 70 79 / 72 -51 -63 -79 <END> 
<S> 58 65 74 / 56 -58 -65 -74 / 55 58 67 75 / 53 68 -58 -75 / 51 63 67 70 / 50 65 -67 -70 / 51 63 67 72 / 53 -63 -67 -72 / 55 62 67 71 / 56 60 65 72 / 62 74 -60 -65 / 60 63 67 75 / 58 62 -67 -75 / 56 60 65 77 / 55 67 75 -60 <END> 
<S> 56 63 65 72 / 55 -63 -65 -72 / 53 63 68 72 / 51 -63 -68 -72 / 50 65 70 -68 / 51 58 67 -70 / 53 60 65 68 / 55 59 67 -65 / 56 60 63 / 62 -56 -60 -63 / 55 60 62 67 / 53 -60 -67 / 62 65 -55 / 63 -55 -62 / 43 59 62 -55 / 53 -43 -59 -62 <END> 
<S> 56 60 63 65 / 55 59 62 67 / 60 -56 -59 -67 / 55 60 62 67 / 53 59 65 68 / 51 58 65 -68 / 56 60 65 -51 / 55 62 -60 -65 / 55 60 63 67 / 53 -60 -63 -67 / 51 60 63 67 / 50 -60 -63 -67 / 48 55 62 67 / 53 -48 -62 -67 <END> 
<S> 56 60 65 72 / 55 -60 -65 -72 / 53 62 68 71 / 55 63 67 72 / 62 74 -55 -67 / 60 63 72 -55 / 55 -60 -63 -72 / 53 65 68 72 / 74 -53 -65 -68 / 60 63 67 75 / 58 62 -67 -75 / 56 60 65 77 / 55 67 75 -60 / 53 60 68 74 / 55 59 67 -74 / 65 -55 -67 -74 <END> 
<S> 60 63 67 75 / 58 62 -67 -75 / 56 60 72 77 / 55 70 75 -60 / 53 68 72 74 / 50 65 71 -74 / 69 -50 -65 -74 / 55 62 71 74 / 67 -55 -71 -74 / 65 -55 -71 -74 / 48 63 67 72 / 60 66 69 75 / 62 65 71 74 / 63 72 75 / 62 65 -72 -75 <END> 
<S> 55 63 67 72 / 62 -55 -67 -72 / 60 -55 -67 -72 / 43 62 67 71 / 65 -43 -67 -71 / 48 63 67 72 / 62 71 -48 -67 / 53 60 65 69 / 63 -53 -60 -69 / 59 62 67 -53 / 60 -53 -67 -75 / 55 62 67 74 / 59 -55 -67 -74 / 65 -55 -67 -74 / 48 63 67 72 / 55 62 67 70 <END> 
<S> 55 60 67 75 / 62 -55 -67 -75 / 43 59 65 74 / 63 72 -43 -59 / 55 63 67 72 / 53 62 68 77 / 60 63 67 75 / 69 -60 -63 -75 / 58 65 70 74 / 56 -65 -70 -74 / 55 67 70 75 / 53 -67 -70 -75 / 51 65 70 77 / 50 -65 -70 -77 / 51 63 70 79 / 72 -51 -63 -79 <END> 
<S> 58 65 74 / 70 -58 -65 -74 / 60 67 72 75 / 70 -60 -67 -75 / 53 65 69 74 / 53 63 70 74 / 62 -53 -70 -74 / 54 63 69 72 / 55 67 -63 -72 / 51 60 66 69 / 50 -60 -66 -69 / 55 59 67 / 48 60 67 72 / 55 62 67 71 <END> 
<S> 55 63 70 / 62 -55 -70 / 51 55 67 72 / 48 69 -55 -72 / 52 55 71 72 / 48 55 64 -72 / 50 62 65 71 / 54 -50 -62 -65 / 48 55 64 -62 / 60 -48 -55 -64 / 41 57 60 62 / 44 59 64 -62 / 57 -38 -50 -64 / 43 55 59 62 / 53 -43 -59 -62 <END> 
<S> 50 55 62 71 / 43 55 59 62 / 48 55 60 64 / 52 55 60 64 / 50 -55 -60 -64 / 52 55 60 64 / 50 -55 -60 -64 / 52 55 59 67 / 50 -55 -59 -67 / 57 -50 65 / 47 62 -55 -65 / 48 55 64 -62 / 60 -48 -55 -64 / 41 57 62 -60 / 50 55 59 -62 / 57 -43 -55 -62 / 53 55 59 62 / 43 -53 -55 -62 <END> 
<S> 50 55 62 65 / 59 -50 -55 -65 / 43 55 60 64 / 59 62 -55 -55 / 53 57 60 / 59 62 -53 -57 / 52 55 60 64 / 50 -55 -60 -64 / 52 55 60 / 55 59 62 / 53 -55 -59 -62 / 52 55 59 67 / 50 -55 -59 -67 / 45 57 60 65 / 47 62 -57 -65 / 48 55 64 -62 / 60 -48 -55 -64 / 43 55 60 62 <END> 
