<S> 48 55 60 63 / 50 -55 -60 -63 / 51 -55 -60 -63 / 53 -55 -60 -63 / 55 59 62 / 43 53 -59 -62 / 44 51 60 / 44 53 60 / 62 -44 -53 -60 / 43 55 60 63 / 41 -55 -60 -63 / 43 55 59 62 / 53 -43 -59 -62 / 48 51 55 60 / 48 51 60 67 <END> 
<S> 41 60 63 69 / 62 -41 -60 -69 / 43 58 63 67 / 62 -43 -58 -67 / 44 60 63 67 / 46 -60 -63 -67 / 45 65 -60 -63 / 46 58 62 -65 / 47 56 -62 -65 / 48 55 60 63 / 45 53 60 65 / 46 53 62 -60 / 58 -46 -53 -62 / 39 51 60 67 / 58 -51 60 -67 <END> 
<S> 44 60 65 -63 / 62 -44 -60 -65 / 60 -44 -60 -65 / 43 59 62 67 / 55 -43 -62 -67 / 48 55 63 / / 60 -55 -63 / 41 56 60 62 / 43 55 59 -62 / 53 -43 -59 -62 / 44 51 60 / 43 55 59 62 / 48 55 60 64 / 46 -55 -60 -63 <END> 
<S> 41 41 60 62 / 53 -41 -60 -62 / 43 55 59 62 / 53 -43 -59 -62 / 48 51 55 60 / 48 51 55 67 / 60 -51 -55 / 53 55 60 63 / 41 -55 -60 -63 / 43 55 62 -60 / 59 -43 -55 -62 / 53 -43 -59 -62 <END> 
<S> 48 51 55 63 / 46 -51 -55 -63 / 44 51 60 67 / 43 -51 -60 -67 / 45 53 65 -60 / 47 55 -53 -65 / 48 51 55 60 / 46 -51 -55 -63 / 44 51 56 60 / 46 -51 -56 -63 / 44 51 56 60 / 46 -51 -56 -60 / 44 51 60 63 / 50 53 58 65 / 39 55 58 63 / 51 55 58 67 <END> 
<S> 44 51 60 65 / 41 -51 -60 -65 / 43 50 59 -65 / 39 51 60 63 / 58 62 -51 / / 51 60 67 / 53 -51 -67 -67 / 50 65 69 -67 / 48 63 -67 -69 / 50 62 66 -69 / 60 -50 -66 -69 / 51 58 67 / 60 -51 -67 / 50 57 63 69 / 62 -50 -62 -69 / 51 55 62 67 / 53 60 -55 -67 / 55 62 67 -60 / 59 -55 -62 -67 <END> 
<S> 48 51 63 69 / 50 -48 -63 -69 / 51 55 63 -69 / 50 -55 -63 -69 / 48 55 63 70 / 60 -48 -55 -63 / 41 56 60 65 / 62 -41 -56 -65 / 43 55 59 62 / 53 -43 -59 -62 / 48 51 55 60 / 47 55 62 67 <END> 
<S> 41 56 60 62 / 50 -56 -60 -62 / 43 55 59 62 / 53 -43 -59 -62 / 36 51 55 60 / 48 51 60 67 / 46 -51 -60 -67 / 44 51 60 67 / 43 -51 -60 -67 / 45 53 65 -60 / 46 -53 -60 -65 / 41 53 60 62 / 41 -53 -60 -62 / 43 50 59 67 / 55 -43 -59 -67 / 44 51 60 67 <END> 
<S> 44 48 60 65 / 41 55 -60 -65 / 46 55 58 62 65 / 50 -58 -62 -65 / 60 -50 -58 -65 / 43 58 62 67 / 55 58 62 65 / 63 -55 -58 / 47 55 62 / 54 60 -50 -62 <END> 
<S> 46 58 62 65 / 50 -58 -62 -65 / 51 55 60 63 / 53 62 -55 -60 / 55 59 -43 -62 / 53 -43 -59 -62 / 48 51 55 60 / 48 60 63 67 <END> 
<S> 55 63 70 / 53 56 -63 -70 / 51 55 63 70 / 53 68 -55 -63 / 55 63 70 / 61 -55 -63 -70 / 56 60 63 68 / 53 65 70 -68 / 51 63 67 70 / 53 65 68 -70 / 63 -53 -68 -70 <END> 
<S> 53 60 68 -63 / 58 62 -53 -68 / 56 60 -53 -68 / 51 55 60 67 / 58 -52 -55 -67 / 53 56 -58 -67 / 58 -53 -56 -67 / 51 55 60 67 / 53 60 68 -67 / 62 65 -53 -68 / 63 67 -53 -68 / 62 65 -56 -68 / 51 58 63 67 / 56 60 65 / 55 58 62 65 / 56 60 63 72 / 55 58 -63 -72 <END> 
<S> 51 58 67 / 65 -51 -58 -67 / 46 63 67 -58 / 62 -46 -63 -67 / 44 60 63 67 / 58 62 65 / 56 -58 -62 -65 / 55 58 62 67 / 53 60 68 -62 / 62 -53 -60 -68 / 50 58 65 68 / 51 58 63 67 / 56 60 65 -51 / 58 -48 -56 -65 / 48 56 63 72 / 46 -56 -63 -72 <END> 
<S> 55 58 63 67 / 56 60 -63 -67 / 58 62 65 / 56 -58 -65 -65 / 55 58 63 67 / 62 65 -58 / 56 60 63 70 / 55 58 62 70 / 53 56 60 -70 / 65 -53 -53 -70 / 51 67 72 -60 / 59 -51 -67 -72 / 60 67 -51 -72 / 50 65 69 74 / 71 -50 -65 -74 <END> 
<S> 55 62 67 71 / 56 60 65 72 / 53 65 74 / 55 63 67 75 / 65 -55 -67 -75 / 60 67 75 / 58 74 -67 -75 / 56 72 75 / 55 70 75 -72 / 53 68 72 77 / 67 -53 -72 -77 / 58 65 74 -77 / 56 -65 -74 -77 <END> 
<S> 53 65 68 72 / 63 -53 -68 -72 / 58 62 70 74 / 67 -58 -62 -74 / 56 60 68 75 / 55 -60 -68 -75 / 53 60 68 77 / 47 62 67 -77 / 68 -47 -62 -77 / 48 67 75 -62 / 60 69 -67 -75 / 55 67 71 74 / 60 67 72 75 / 70 -60 -67 -75 <END> 
<S> 48 60 67 75 / 55 59 67 74 / 56 60 71 75 / 48 60 68 75 / 50 -60 -68 -75 / 51 58 67 75 / 53 65 68 74 / 55 63 67 -74 / 65 -55 -63 -74 / 56 60 63 -74 / 62 -56 -60 -72 / 55 63 67 70 / 53 56 68 74 / 58 67 70 74 / 56 65 -67 -74 <END> 
<S> 53 60 68 75 / 58 65 70 74 / 56 65 72 / 55 67 70 75 / 53 60 68 77 / 62 -53 -68 -77 / 48 63 67 79 / 72 -48 -63 -79 / 50 65 72 77 / 71 -50 -65 -77 / 51 67 72 75 / 53 -67 -72 -75 <END> 
<S> 48 60 67 75 / 60 67 72 75 / 55 67 71 74 / 63 67 72 / 62 65 70 74 / 58 63 70 77 / 56 -58 -70 -77 / 55 70 -58 -77 / 53 60 68 -77 <END> 
<S> 63 67 70 79 / 62 65 -70 -79 / 60 63 72 79 / 58 62 70 79 / 68 -58 -62 -74 / 51 58 67 75 / 58 62 70 77 / 56 -62 -70 -77 / 55 63 70 79 / 53 -63 -70 -79 <END> 
<S> 58 63 67 75 / 65 68 -58 -75 / 63 67 70 75 / 65 68 72 -75 / 67 70 72 75 / 65 -67 -70 -75 / 58 65 70 74 / 68 -58 -65 -74 / 67 72 -58 / 59 68 74 77 <END> 
<S> 58 68 74 77 / 67 75 -58 / 56 63 72 77 / 55 62 70 -77 / 60 67 70 75 / 53 72 81 -67 / 62 65 70 -53 / 63 -53 -62 -70 / 46 55 65 70 / 46 62 -65 -70 <END> 
<S> 53 63 69 72 / 54 63 -69 -72 / 55 62 67 70 / 58 61 67 / 57 60 65 -51 / 58 62 65 70 / 51 63 67 70 / 56 60 65 68 / 58 67 -65 / 56 64 -58 -67 / 41 56 -58 -63 / 55 58 63 70 / 53 -58 -63 -70 <END> 
<S> 53 56 65 68 / 51 58 63 67 / 56 60 65 / 55 58 63 70 / 53 56 65 68 / 51 58 67 / 56 65 -51 -67 / 50 58 65 67 / 51 58 63 67 / 50 -58 -63 -67 / 48 60 63 67 / 58 -60 -63 -67 <END> 
<S> 55 58 63 70 / 53 -58 -63 -70 / 55 62 63 70 / 53 65 68 / 51 63 67 / 61 65 68 44 / 60 63 68 75 / 55 -63 -68 -75 / 53 63 68 72 / 62 -53 -68 -72 / 60 63 67 75 / 69 -60 -63 -75 / 58 65 70 74 / 56 -65 -70 -74 <END> 
<S> 63 67 -58 -70 / 56 65 68 72 / 58 74 -65 -68 / 60 67 76 / 53 60 68 77 / 48 60 67 75 / 55 59 67 74 / 51 60 67 79 / 69 -51 -60 -79 / 58 62 70 77 <END> 
<S> 55 60 67 75 / 53 -60 -67 -75 / 55 59 67 74 / 65 -55 -59 -74 / 56 60 63 72 / 55 58 63 70 / 61 -55 -58 -70 / 56 60 68 72 / 53 65 68 -72 / 46 62 65 74 / 67 75 -62 -65 / 56 60 65 77 <END> 
<S> 56 60 65 68 / 58 -56 -65 -68 / 60 67 -65 / 64 -60 -67 / 53 60 65 68 / 58 67 -60 -68 / 53 60 68 / 56 60 65 -68 / 56 65 72 -65 / 55 63 67 70 / 53 65 68 -70 / 51 60 67 75 / 58 74 -51 -67 / 53 56 68 72 / 55 70 75 / 53 56 65 72 / 51 55 67 70 <END> 
<S> 53 60 65 68 / 51 -60 -65 -68 / 50 58 65 70 / 46 62 -65 -70 / 51 63 67 / 60 -51 -63 -67 / 56 60 63 72 / 55 -60 -63 -72 / 53 60 68 72 / 55 58 -68 -72 / 56 60 -68 -72 / 58 62 65 70 / 63 67 70 79 / 65 68 77 -63 / 63 70 79 <END> 
<S> 53 60 65 68 / 63 -53 -60 -68 / 55 59 67 74 / 55 59 67 74 / 60 67 75 / 58 62 -67 -75 / 56 63 72 75 / 55 -63 -72 -75 / 53 68 72 74 / 50 75 -68 -72 / 77 -50 -68 -72 / 55 67 71 74 / 43 65 -71 -74 / 48 63 72 <END> 
<S> 56 67 72 75 / 53 -67 -72 -75 / 55 62 71 74 / 65 -55 -71 -74 / 48 63 67 72 / 60 63 67 75 / 69 -60 -63 -75 / 58 62 70 77 / 56 -62 -70 -77 / 55 63 70 79 / 53 -63 -70 -79 / 51 63 70 79 / 55 -63 -70 -79 <END> 
<S> 58 63 70 79 / 60 -58 -70 -79 / 58 62 70 77 / 63 79 -70 / 65 68 -58 -70 / 63 67 70 75 / 65 74 -70 / 63 67 70 75 / 65 72 77 -60 / 55 67 70 75 / 56 62 65 -75 / 60 63 67 75 / 58 62 -67 -75 / 56 60 72 77 / 55 70 75 -60 <END> 
<S> 56 63 68 72 / 53 65 68 -72 / 63 -53 -68 -72 / 55 62 67 71 / 43 59 67 74 / 48 60 67 75 / 58 -48 -67 -75 / 53 56 65 74 / 72 -53 -56 -65 / 55 58 63 70 / 62 -55 -58 -70 / 56 60 63 72 / 55 58 -63 -72 <END> 
<S> 48 60 67 75 / 55 67 74 -60 / 59 -55 -67 -74 / 51 58 67 72 / 60 -51 -67 -72 / 53 65 69 72 / 63 -53 -69 -72 / 46 62 65 70 / 48 63 69 75 / 50 65 70 74 <END> 
<S> 53 60 65 69 / 63 -53 -60 -69 / 46 62 65 70 / 48 63 68 72 / 50 65 70 74 / 51 -65 -70 -74 / 53 65 69 72 / 71 74 -53 -65 / 60 67 72 75 / 58 -67 -72 -75 / 56 60 72 77 / 55 67 75 -60 <END> 
<S> 46 65 74 -70 / 63 -46 -68 -74 / 67 -46 -63 -74 / 65 -46 -63 -74 / 48 63 67 70 / 60 63 67 72 / 58 62 74 -67 / 57 60 72 77 / 59 62 -72 -77 / 60 63 67 72 / 62 -60 -67 -72 / 60 65 68 74 / 59 62 -65 -74 <END> 
<S> 59 62 67 74 / 60 67 75 / 62 74 -67 -75 / 63 65 72 79 / 58 -63 -72 -79 / 57 63 72 77 / 53 65 70 -77 / 58 62 70 77 / 51 67 70 75 / 53 65 69 72 / 63 67 70 79 <END> 
<S> 58 63 79 / 62 -58 -63 -79 / 60 63 79 -63 / 62 -60 -63 -79 / 60 63 72 -58 / 62 -60 -63 -72 / 60 63 70 79 / 55 -63 -70 -79 / 53 68 72 80 / 70 -53 -68 -80 / 55 63 79 79 / 56 60 -79 -79 / 58 62 65 77 / 68 75 -62 -65 <END> 
<S> 51 63 70 79 / 53 -63 -70 -79 / 55 63 70 79 / 56 -63 -70 -79 / 58 65 70 74 / 60 75 -65 -70 / 62 71 77 -65 / 59 62 74 -77 / 60 63 74 75 / 62 65 71 77 / 63 67 72 79 / 60 -67 -72 -79 <END> 
<S> 60 63 67 75 / 62 -60 -67 -75 / 54 60 69 75 / 55 67 71 74 / 60 67 72 75 / 58 -67 -72 -75 / 57 60 72 77 / 55 70 -60 -77 / 53 65 69 72 / 74 -53 -65 -69 / 55 58 67 75 / 57 60 -67 -75 <END> 
<S> 57 60 72 77 / 55 70 -60 -77 / 53 65 69 72 / 74 -53 -65 -69 / 55 58 67 75 / 57 60 -67 -75 / 58 62 65 74 / 52 67 70 72 / 53 65 69 72 / 63 -53 -69 -72 / 46 62 65 70 / 48 63 69 75 <END> 
<S> 53 65 69 72 / 63 -53 -69 -72 / 46 62 65 70 / 55 58 67 75 / 57 60 -67 -75 / 58 62 65 74 / 63 67 -58 -74 / 53 65 69 72 / 71 74 -53 -65 / 60 67 72 75 / 58 -67 -72 -75 / 56 60 72 77 / 55 67 75 -60 <END> 
<S> 46 62 65 74 / 67 -46 -62 -74 / 47 65 67 74 / 48 63 67 75 / 62 65 -48 -75 / 63 67 -48 -60 / 47 62 67 74 / 65 -47 -62 -74 / 48 63 67 72 / 60 -63 -67 -72 / 55 67 71 74 / 53 67 73 79 / 51 -67 -73 -79 <END> 
<S> 48 63 67 72 / 60 63 67 72 / 58 62 -67 -72 / 57 60 65 72 / 55 67 -60 -72 / 53 65 69 72 / 51 -65 -69 -72 / 50 65 69 77 / 75 -50 -65 -69 / 55 67 70 74 / 51 75 -67 -70 <END> 
<S> 57 60 65 72 / 55 67 -60 -72 / 53 65 69 72 / 51 -65 -69 -72 / 50 65 69 77 / 75 -50 -65 -69 / 55 67 70 74 / 51 75 -67 -70 / 53 65 70 72 / 63 -53 -70 -72 / 62 -53 -70 -72 / 63 69 -53 -72 / 46 62 65 70 / 51 63 67 70 / 53 68 -63 -70 <END> 
<S> 53 65 70 72 / 51 -65 -70 -72 / 53 65 69 72 / 63 -53 -69 -72 / 46 62 65 70 / 48 67 75 / 69 -48 -67 -75 / 46 65 70 74 / 47 62 67 74 / 48 63 67 75 / 72 -48 -67 -75 / 50 65 74 -72 / 71 -50 -65 -74 / 51 67 72 75 / 53 -67 -72 -75 <END> 
<S> 48 67 72 75 / 63 72 -67 -75 / 65 74 77 -60 / 59 67 75 / 60 67 72 / 62 -60 -67 -72 / 60 67 72 75 / 58 -67 -72 -75 / 56 60 72 77 / 62 -56 -72 -77 / 63 -56 -72 -77 / 55 62 71 79 / 77 -55 -62 -70 / 48 60 67 75 / 55 59 67 74 <END> 
<S> 60 67 72 75 / 53 -67 -72 -75 / 55 62 71 74 / 56 60 72 77 / 55 71 -60 -77 / 53 72 -60 -77 / 55 59 74 -77 / 56 60 -74 / 55 58 60 75 / 53 56 65 74 / 55 58 67 75 / 56 60 65 -75 / 58 74 -51 -65 / 53 -58 68 74 <END> 
<S> 53 60 68 74 / 55 59 67 -74 / 56 60 -67 -74 / 60 -56 -60 -67 / 55 59 62 67 / 56 60 63 72 / 65 74 -56 -60 / 55 60 67 75 / 53 -60 -67 -75 / 55 59 67 74 / 65 -55 -59 -74 / 48 55 63 72 / 48 63 67 79 <END> 
<S> 56 60 63 72 / 65 74 -56 -60 / 55 58 67 75 / 53 68 -58 -75 / 55 63 70 74 / 56 65 -63 -74 / 58 62 67 74 / 55 75 -62 -67 / 53 56 65 72 / 51 74 -56 -65 / 50 58 65 77 / 51 58 -65 -77 / 52 60 68 -58 / 53 57 -60 -68 <END> 
<S> 53 56 68 74 / 55 58 67 -74 / 56 60 -67 -74 / 72 -56 -60 -67 / 55 62 65 70 / 53 63 68 72 / 62 74 -53 -68 / 60 63 67 75 / 69 -60 -63 -75 / 55 65 71 74 / 60 67 75 / 58 68 -67 -75 <END> 
<S> 60 63 68 75 / 62 65 -68 -75 / 63 67 70 75 / 63 68 72 -75 / 67 77 -63 / 65 68 74 -77 / 63 70 -68 -77 / 62 65 69 72 / 71 74 -65 -69 / 60 67 72 75 / 58 -67 -72 -75 <END> 
<S> 63 68 72 75 / 67 -63 -72 -75 / 58 -67 -72 -75 / 56 60 72 -75 / 55 70 -60 -75 / 53 60 68 -75 / 55 67 70 75 / 56 65 68 74 / 58 67 75 / 74 -58 -67 / 53 68 72 -58 / 62 -53 -68 -72 / 60 63 67 -53 / 58 62 74 77 <END> 
<S> 53 68 72 74 / 55 67 71 -74 / 65 -55 -71 -74 / 48 63 72 / 51 63 70 79 / 56 65 72 77 / 67 -56 -72 -77 / 55 68 72 75 / 53 -68 -72 -75 / 58 67 70 75 / 65 77 -58 -70 / 63 72 79 -58 / 56 -63 -75 -79 / 58 62 77 77 / 60 -62 -77 -77 <END> 
<S> 63 67 70 79 / 65 68 -51 -79 / 67 70 75 -51 / 56 -67 -70 -74 / 55 67 70 75 / 53 -67 -70 -75 / 51 65 70 74 / 50 -65 -70 -74 / 51 67 70 79 / 63 -51 -70 -79 / 53 62 68 77 / 55 75 -62 -65 / 56 60 65 77 / 58 62 74 -77 / 68 -58 -74 -77 <END> 
<S> 51 67 70 75 / 53 65 69 -75 / 51 65 70 77 / 50 -65 -70 -77 / 51 63 70 79 / 62 77 -70 / 56 60 72 75 / 55 -60 -72 -75 / 53 68 74 77 / 72 75 -53 -68 / 55 62 71 74 / 67 -55 -71 -74 / 48 63 67 72 <END> 
<S> 53 68 74 77 / 72 75 -53 -68 / 55 62 71 74 / 67 -55 -71 -74 / 48 63 67 72 / 60 63 67 72 / 58 62 -67 -72 / 57 60 65 72 / 58 62 -65 -72 / 60 63 68 72 / 58 62 -68 -72 / 56 60 63 72 / 55 58 -63 -72 <END> 
<S> 56 60 63 72 / 65 -56 -60 -72 / 55 62 67 70 / 60 63 67 68 / 58 62 67 70 / 57 63 67 72 / 62 -57 -67 -72 / 60 63 67 72 / 58 -63 -67 -72 / 56 65 72 77 / 55 63 70 75 <END> 
<S> 63 67 70 / 62 65 -67 -70 / 60 63 67 75 / 58 62 -67 -75 / 56 60 72 77 / 55 -60 -72 -77 / 53 62 71 79 / 51 60 67 79 / 50 65 -60 -79 / 48 55 72 77 / 50 71 -55 -77 <END> 
<S> 55 60 63 75 / 53 -55 -60 -75 / 55 60 67 74 / 59 -55 -67 -74 / 48 63 67 72 / 60 63 67 72 / 58 62 -67 -72 / 57 60 65 72 / 55 67 -60 -72 / 53 65 69 72 / 74 -53 -65 -69 / 75 -53 -65 -69 / 46 65 70 74 / 48 63 72 -70 / 50 62 65 70 / 51 -62 -65 -70 <END> 
<S> 57 60 65 72 / 55 67 -60 -72 / 53 65 69 72 / 74 -53 -65 -69 / 75 -53 -65 -69 / 46 65 70 74 / 48 63 72 -70 / 50 62 65 70 / 51 -62 -65 -70 / 53 60 65 70 / 51 -60 -65 -70 / 53 62 65 69 / 63 -53 -65 -69 / 46 62 65 70 / 51 63 67 70 / 53 62 -67 -70 <END> 
<S> 53 60 65 70 / 51 -60 -65 -70 / 53 62 65 69 / 63 -53 -65 -69 / 46 62 65 70 / 51 63 67 70 / 53 62 -67 -70 / 51 60 67 72 / 50 -60 -67 -72 / 48 65 67 74 / 47 -65 -67 -74 / 48 63 67 75 / 62 -48 -67 -75 / 50 60 65 74 / 59 -50 -65 -74 <END> 
<S> 51 60 67 72 / 50 -60 -67 -72 / 48 65 67 74 / 47 -65 -67 -74 / 48 63 67 75 / 62 -48 -67 -75 / 50 60 65 74 / 59 -50 -65 -74 / 51 63 67 72 / 56 62 65 -72 / 60 -56 -65 -72 / 55 59 67 74 / 60 63 67 / 65 68 -60 <END> 
<S> 51 63 67 72 / 60 -51 -67 -72 / 53 65 68 74 / 58 67 -65 -74 / 56 63 68 72 / 53 -63 -68 -72 / 51 63 67 70 / 53 68 -63 -70 / 55 58 63 70 / 56 60 -63 -70 / 46 58 62 65 / 68 -46 -58 -62 <END> 
<S> 51 58 65 67 / 63 -51 -58 -67 / 56 60 63 72 / 55 -60 -63 -72 / 53 60 68 72 / 55 67 70 -60 / 53 60 68 -67 / 65 -53 -60 -68 / 48 60 65 67 / 64 -48 -60 -67 / 53 56 60 65 / 62 -53 -56 -65 <END> 
<S> 56 60 65 72 / 55 74 -60 -65 / 53 60 67 75 / 55 -60 -67 -75 / 53 65 68 74 / 63 72 -53 -68 / 55 62 67 71 / 43 59 62 67 / 48 60 63 -67 / 50 58 65 68 / 51 58 63 67 <END> 
