<S> 65 69 72 / 64 67 -69 -72 / 62 65 74 -69 / 71 -62 -65 -74 / 60 67 72 76 / 77 -60 -67 -72 / 52 60 79 -72 / 67 -52 -60 -79 / 50 60 69 77 / 55 59 67 -77 / 48 60 67 76 / 60 67 72 76 / 62 77 -67 -72 <END> 
<S> 50 60 69 77 / 55 59 67 -77 / 48 60 67 76 / 60 67 72 76 / 62 77 -67 -72 / 64 67 71 79 / 60 -64 -67 -79 / 62 67 74 / 59 -62 -67 -74 / 60 67 76 / 60 66 69 -76 / 55 67 71 74 / 59 67 74 79 / 65 -59 -74 -79 <END> 
<S> 60 64 67 / 59 62 -64 -67 / 57 60 64 72 / 55 59 -64 -72 / 53 69 -59 -72 / 52 59 -69 -72 / 50 62 65 71 / 48 64 67 72 / 55 59 67 74 / 55 59 67 74 <END> 
<S> 50 62 65 71 / 52 67 72 76 / 53 -67 -72 -76 / 55 74 -72 -74 / 67 71 -55 -74 / 62 -55 -71 -74 / 57 69 72 / 64 67 -72 / 54 62 69 74 / 55 59 67 74 / 65 -55 -59 -74 / 48 55 64 72 / 55 62 71 -55 <END> 
<S> 55 67 70 74 / 53 69 -67 -74 / 52 67 72 / 70 -57 -67 / 50 57 69 74 / 55 59 -69 -74 / 57 72 -55 / / 55 67 74 / 72 -55 -67 / 50 62 -67 -72 / 48 64 67 72 / 50 -64 -67 -72 / 52 60 67 72 / 48 -60 -67 -72 <END> 
<S> 48 64 67 72 / 55 71 -67 -72 / 60 67 72 76 / 59 -67 -72 -76 / 57 69 72 77 / 59 62 74 79 / 60 64 76 / 59 62 74 77 / 57 60 69 76 / 55 59 67 74 / 53 -59 -67 -74 <END> 
<S> 57 64 72 77 / 59 62 74 -77 / 60 64 76 -74 / 66 72 -60 -76 / 55 67 71 74 / 64 67 71 79 / 62 65 -71 -79 / 60 64 72 79 / 62 77 -72 -79 / 48 67 72 76 / 60 69 -72 -76 <END> 
<S> 60 64 67 76 / 62 -60 -67 -76 / 55 60 67 74 / 59 -55 -67 -74 / 48 60 67 72 / 55 59 67 74 / 65 -55 -59 -74 / 57 60 64 72 / 65 -57 -60 -72 / 59 62 67 -57 / 69 -59 -62 -65 / 64 71 -62 -67 / 50 66 69 74 / 55 59 67 71 / 62 66 69 74 / 62 -66 -69 -74 <END> 
<S> 57 60 66 74 / 59 50 -74 -66 / 52 55 72 76 / 54 57 -72 -76 / 55 59 67 74 / 60 64 67 -74 / 72 -60 -64 -67 / 59 62 67 74 / 57 60 69 -74 / 55 59 67 74 / 72 -55 -59 -67 / 48 67 76 / 50 77 -67 / 52 60 67 76 / 53 59 65 74 / 55 59 67 -74 / 56 60 76 -67 / 62 69 -56 -76 <END> 
<S> 59 62 67 74 / 57 60 -67 -74 / 55 59 67 74 / 53 -59 -67 -74 / 52 61 67 76 / 50 62 65 77 / 52 67 70 76 / 53 65 69 81 / 55 65 71 74 / 64 -55 -71 -74 / 65 -55 -71 -74 / 48 64 67 72 / 60 64 67 72 <END> 
<S> 53 60 69 72 / 65 74 -53 -69 / 52 67 -65 -69 / 59 65 74 / 57 60 65 -74 / 59 62 67 74 / 60 64 -67 -74 / 59 62 67 74 / 57 60 69 -74 / 55 59 71 74 / 72 -55 -59 / 57 65 71 / 64 -57 -71 -74 / 60 64 69 72 / 62 -64 -69 -72 <END> 
<S> 57 60 67 76 / 59 -57 -67 -76 / 57 60 66 -76 / 74 -57 -60 -66 / 55 59 67 74 / 52 59 67 76 / 57 60 69 76 / 55 -60 -69 -76 / 53 60 67 79 / 52 -60 -67 -79 / 50 60 65 77 / 59 -50 -65 -77 / 52 60 67 76 / 53 69 -60 -76 / 55 67 71 74 / 55 67 71 74 <END> 
<S> 57 60 69 77 / 59 62 -69 -77 / 60 64 67 76 / 59 65 67 -76 / 57 65 72 77 / 55 67 72 76 / 53 69 72 74 / 55 67 71 -74 / 65 -55 -71 -74 / 48 64 67 72 / 55 67 71 74 <END> 
<S> 53 69 72 / 52 67 -69 -72 / 50 65 69 74 / 71 -50 -65 -74 / 48 64 72 76 / 60 -48 -72 -76 / 53 60 69 74 / 76 -53 -60 -69 / 77 -53 -60 -69 / 52 60 67 76 / 58 -52 -67 -76 / 53 57 65 74 / 59 -53 -69 -74 / 52 60 69 76 / 53 -60 -69 -76 <END> 
<S> 53 60 69 72 / 57 74 -60 -69 / 55 59 67 76 / 57 60 65 77 / 59 62 67 -77 / 60 64 67 76 / 54 69 -60 -76 / 55 67 71 74 / 52 67 73 76 / 50 69 74 77 / 62 -69 -74 -77 / 52 67 70 76 / 53 69 -67 -76 <END> 
<S> 57 64 69 72 / 55 65 -69 -72 / 53 67 70 72 / 52 -67 -70 -72 / 53 65 69 72 / 55 -65 -69 -72 / 57 60 64 72 / 62 65 -57 -72 / 64 67 72 -57 / 55 -64 -67 -72 / 53 67 70 72 / 52 -67 -70 -72 / 53 65 69 72 / 63 -53 -69 -72 / 46 62 65 70 <END> 
<S> 57 64 67 72 / 55 65 -64 -72 / 53 65 72 / 52 64 67 -72 / 53 65 69 72 / 54 63 -69 -72 / 55 62 67 70 / 63 69 -55 -67 / 50 62 66 69 / 60 -50 -66 -69 / 55 59 62 67 / 60 67 75 / 58 -60 -67 -75 <END> 
<S> 55 62 70 -69 / 67 -55 -62 -70 / 50 60 67 69 / 66 -50 -60 -69 / 55 59 67 / 52 60 67 72 / 54 62 69 74 / 55 62 67 70 / 62 66 69 / 60 -62 -66 -69 / 58 62 67 / 57 69 -62 -67 <END> 
<S> 54 62 69 74 / 67 -54 -62 -74 / 55 62 69 70 / 54 -62 -69 -62 / 60 -54 -69 / 63 66 -54 -60 / 43 55 59 67 / 47 62 67 -43 / 48 60 64 67 / 50 65 -60 -67 / 52 67 72 -60 / 53 62 -67 -72 / 55 64 67 72 / 62 -55 -67 -72 / 60 -55 -67 -72 / 62 -55 -67 -72 / 65 -55 -67 -72 <END> 
<S> 48 55 60 67 / 52 55 60 67 / 53 60 69 / 55 71 -53 -60 / 52 60 67 72 / 50 65 -60 -72 / 52 55 64 70 / 48 -55 -64 -70 / 50 60 65 69 / 52 -60 -65 -69 / 53 60 69 / 52 -60 -69 / 50 53 65 70 / 52 55 -65 -70 / 53 57 60 69 / 55 -57 -60 -69 <END> 
<S> 53 60 65 69 / 52 -60 -65 -69 / 50 62 65 71 / 48 64 67 72 / 55 59 67 74 / 55 59 67 74 / 60 67 76 / 59 -60 -67 -76 / 57 60 66 74 / 72 -57 -60 -66 / 55 59 67 74 / 52 60 -67 -74 / 59 62 67 -52 / 53 -59 -62 -67 <END> 
<S> 60 67 72 76 / 59 -67 -72 -76 / 57 65 72 77 / 55 67 72 76 / 53 67 71 74 / 65 -67 -71 -74 / 67 72 -51 -67 / 65 69 74 / 71 -65 -74 -74 / 64 72 73 57 67 71 -64 / 65 -57 -64 -67 <END> 
<S> 53 65 69 72 / 65 74 -53 -69 / 63 -53 -69 -74 / 55 59 67 74 / 55 58 67 74 / 60 67 76 / 58 62 69 77 / 79 -62 -65 -69 / 58 65 70 74 / 55 -65 -70 -74 / 53 65 72 -70 / 71 -53 -65 -72 <END> 
<S> 62 77 -65 / 56 63 72 75 / 55 62 70 77 / 53 -62 -70 -77 / 51 63 70 79 / 55 58 -70 -79 / 56 60 68 77 / 55 -60 -68 -77 / 53 60 68 -77 / 75 -53 -60 -68 / 55 58 67 74 / 56 65 -68 -74 <END> 
<S> 56 60 68 77 / 53 -60 -68 -77 / 52 60 67 79 / 58 -52 -67 -79 / 53 60 65 77 / 51 67 -60 -77 / 59 62 68 77 / 60 67 -77 -77 / 55 62 67 71 / 53 -62 -67 -71 / 51 63 67 72 / 53 -63 -67 -72 / 55 62 67 71 / 56 60 65 72 / 62 74 -56 -60 <END> 
<S> 48 63 67 75 / 51 -63 -67 -75 / 56 60 72 77 / 55 -60 -72 -77 / 53 67 70 -77 / 75 -53 -68 -77 / 58 65 70 74 / 56 65 70 74 / 55 58 70 75 / 53 68 -58 -75 / 51 63 67 79 / 62 -51 -67 -79 / 56 60 77 -51 / 50 75 -60 -77 / 51 70 -60 75 / 53 -60 -70 -75 <END> 
<S> 55 58 70 75 / 53 68 -58 -75 / 51 63 67 -58 / 53 60 65 68 / 55 58 63 67 / 56 62 65 / 55 63 67 72 / 56 65 68 72 / 58 65 74 -68 / 67 -58 -65 -74 / 56 63 72 / 65 -56 -72 / 51 55 67 70 / 50 60 -67 -70 / 48 60 67 68 / 65 -60 -67 -74 <END> 
<S> 56 63 68 72 / 55 -63 -68 -72 / 53 61 67 70 / 52 -61 -67 -70 / 53 60 67 68 / 55 -60 -67 -68 / 56 60 65 68 / 53 -60 -65 -68 / 60 64 67 / 57 60 65 75 <END> 
<S> 44 60 65 / 56 60 65 72 / 62 -56 -60 -72 / 50 58 65 70 / 51 58 63 -70 / 53 56 65 68 / 55 63 67 70 / 61 -55 -67 -70 / 53 60 68 -67 / 65 -53 -60 -68 / 48 60 65 67 <END> 
<S> 56 63 68 72 / 55 -63 -68 -72 / 53 61 67 70 / 52 -61 -67 -70 / 53 60 67 68 / 55 -60 -67 -68 / 56 60 65 68 / 53 -60 -65 -68 / 60 64 67 / 57 60 65 75 <END> 
<S> 44 60 65 / 56 60 65 72 / 62 -56 -60 -72 / 50 58 65 70 / 51 58 63 -70 / 53 56 65 68 / 55 63 67 70 / 61 -55 -67 -70 / 53 60 68 -67 / 65 -53 -60 -68 / 48 60 65 67 <END> 
<S> 56 63 68 72 / 55 -63 -68 -72 / 53 61 67 70 / 52 -61 -67 -70 / 53 60 67 68 / 55 -60 -67 -68 / 56 60 65 68 / 53 -60 -65 -68 / 60 64 67 / 57 60 65 75 <END> 
<S> 44 60 65 / 56 60 65 72 / 62 -56 -60 -72 / 50 58 65 70 / 51 58 63 -70 / 53 56 65 68 / 55 63 67 70 / 61 -55 -67 -70 / 53 60 68 -67 / 65 -53 -60 -68 / 48 60 65 67 <END> 
<S> 56 63 68 72 / 55 -63 -68 -72 / 53 61 67 70 / 52 -61 -67 -70 / 53 60 67 68 / 55 -60 -67 -68 / 56 60 65 68 / 53 -60 -65 -68 / 60 64 67 / 57 60 65 75 <END> 
<S> 44 60 65 / 56 60 65 72 / 62 -56 -60 -72 / 50 58 65 70 / 51 58 63 -70 / 53 56 65 68 / 55 63 67 70 / 61 -55 -67 -70 / 53 60 68 -67 / 65 -53 -60 -68 / 48 60 65 67 <END> 
<S> 56 63 68 72 / 55 -63 -68 -72 / 53 61 67 70 / 52 -61 -67 -70 / 53 60 67 68 / 55 -60 -67 -68 / 56 60 65 68 / 53 -60 -65 -68 / 60 64 67 / 57 60 65 75 <END> 
<S> 44 60 65 / 56 60 65 72 / 62 -56 -60 -72 / 50 58 65 70 / 51 58 63 -70 / 53 56 65 68 / 55 63 67 70 / 61 -55 -67 -70 / 53 60 68 -67 / 65 -53 -60 -68 / 48 60 65 67 <END> 
<S> 56 63 68 72 / 55 -63 -68 -72 / 53 61 67 70 / 52 -61 -67 -70 / 53 60 67 68 / 55 -60 -67 -68 / 56 60 65 68 / 53 -60 -65 -68 / 60 64 67 / 57 60 65 75 <END> 
<S> 44 60 65 / 56 60 65 72 / 62 -56 -60 -72 / 50 58 65 70 / 51 58 63 -70 / 53 56 65 68 / 55 63 67 70 / 61 -55 -67 -70 / 53 60 68 -67 / 65 -53 -60 -68 / 48 60 65 67 <END> 
<S> 56 63 68 72 / 55 -63 -68 -72 / 53 61 67 70 / 52 -61 -67 -70 / 53 60 67 68 / 55 -60 -67 -68 / 56 60 65 68 / 53 -60 -65 -68 / 60 64 67 / 57 60 65 75 <END> 
<S> 44 60 65 / 56 60 65 72 / 62 -56 -60 -72 / 50 58 65 70 / 51 58 63 -70 / 53 56 65 68 / 55 63 67 70 / 61 -55 -67 -70 / 53 60 68 -67 / 65 -53 -60 -68 / 48 60 65 67 <END> 
<S> 56 63 68 72 / 55 -63 -68 -72 / 53 61 67 70 / 52 -61 -67 -70 / 53 60 67 68 / 55 -60 -67 -68 / 56 60 65 68 / 53 -60 -65 -68 / 60 64 67 / 57 60 65 75 <END> 
<S> 44 60 65 / 56 60 65 72 / 62 -56 -60 -72 / 50 58 65 70 / 51 58 63 -70 / 53 56 65 68 / 55 63 67 70 / 61 -55 -67 -70 / 53 60 68 -67 / 65 -53 -60 -68 / 48 60 65 67 <END> 
<S> 56 63 68 72 / 55 -63 -68 -72 / 53 61 67 70 / 52 -61 -67 -70 / 53 60 67 68 / 55 -60 -67 -68 / 56 60 65 68 / 53 -60 -65 -68 / 60 64 67 / 57 60 65 75 <END> 
<S> 44 60 65 / 56 60 65 72 / 62 -56 -60 -72 / 50 58 65 70 / 51 58 63 -70 / 53 56 65 68 / 55 63 67 70 / 61 -55 -67 -70 / 53 60 68 -67 / 65 -53 -60 -68 / 48 60 65 67 <END> 
<S> 56 63 68 72 / 55 -63 -68 -72 / 53 61 67 70 / 52 -61 -67 -70 / 53 60 67 68 / 55 -60 -67 -68 / 56 60 65 68 / 53 -60 -65 -68 / 60 64 67 / 57 60 65 75 <END> 
<S> 44 60 65 / 56 60 65 72 / 62 -56 -60 -72 / 50 58 65 70 / 51 58 63 -70 / 53 56 65 68 / 55 63 67 70 / 61 -55 -67 -70 / 53 60 68 -67 / 65 -53 -60 -68 / 48 60 65 67 <END> 
<S> 56 63 68 72 / 55 -63 -68 -72 / 53 61 67 70 / 52 -61 -67 -70 / 53 60 67 68 / 55 -60 -67 -68 / 56 60 65 68 / 53 -60 -65 -68 / 60 64 67 / 57 60 65 75 <END> 
<S> 44 60 65 / 56 60 65 72 / 62 -56 -60 -72 / 50 58 65 70 / 51 58 63 -70 / 53 56 65 68 / 55 63 67 70 / 61 -55 -67 -70 / 53 60 68 -67 / 65 -53 -60 -68 / 48 60 65 67 <END> 
<S> 56 63 68 72 / 55 -63 -68 -72 / 53 61 67 70 / 52 -61 -67 -70 / 53 60 67 68 / 55 -60 -67 -68 / 56 60 65 68 / 53 -60 -65 -68 / 60 64 67 / 57 60 65 75 <END> 
<S> 44 60 65 / 56 60 65 72 / 62 -56 -60 -72 / 50 58 65 70 / 51 58 63 -70 / 53 56 65 68 / 55 63 67 70 / 61 -55 -67 -70 / 53 60 68 -67 / 65 -53 -60 -68 / 48 60 65 67 <END> 
<S> 56 63 68 72 / 55 -63 -68 -72 / 53 61 67 70 / 52 -61 -67 -70 / 53 60 67 68 / 55 -60 -67 -68 / 56 60 65 68 / 53 -60 -65 -68 / 60 64 67 / 57 60 65 75 <END> 
<S> 44 60 65 / 56 60 65 72 / 62 -56 -60 -72 / 50 58 65 70 / 51 58 63 -70 / 53 56 65 68 / 55 63 67 70 / 61 -55 -67 -70 / 53 60 68 -67 / 65 -53 -60 -68 / 48 60 65 67 <END> 
<S> 56 63 68 72 / 55 -63 -68 -72 / 53 61 67 70 / 52 -61 -67 -70 / 53 60 67 68 / 55 -60 -67 -68 / 56 60 65 68 / 53 -60 -65 -68 / 60 64 67 / 57 60 65 75 <END> 
<S> 44 60 65 / 56 60 65 72 / 62 -56 -60 -72 / 50 58 65 70 / 51 58 63 -70 / 53 56 65 68 / 55 63 67 70 / 61 -55 -67 -70 / 53 60 68 -67 / 65 -53 -60 -68 / 48 60 65 67 <END> 
<S> 56 63 68 72 / 55 -63 -68 -72 / 53 61 67 70 / 52 -61 -67 -70 / 53 60 67 68 / 55 -60 -67 -68 / 56 60 65 68 / 53 -60 -65 -68 / 60 64 67 / 57 60 65 75 <END> 
<S> 44 60 65 / 56 60 65 72 / 62 -56 -60 -72 / 50 58 65 70 / 51 58 63 -70 / 53 56 65 68 / 55 63 67 70 / 61 -55 -67 -70 / 53 60 68 -67 / 65 -53 -60 -68 / 48 60 65 67 <END> 
<S> 56 63 68 72 / 55 -63 -68 -72 / 53 61 67 70 / 52 -61 -67 -70 / 53 60 67 68 / 55 -60 -67 -68 / 56 60 65 68 / 53 -60 -65 -68 / 60 64 67 / 57 60 65 75 <END> 
<S> 44 60 65 / 56 60 65 72 / 62 -56 -60 -72 / 50 58 65 70 / 51 58 63 -70 / 53 56 65 68 / 55 63 67 70 / 61 -55 -67 -70 / 53 60 68 -67 / 65 -53 -60 -68 / 48 60 65 67 <END> 
<S> 56 63 68 72 / 55 -63 -68 -72 / 53 61 67 70 / 52 -61 -67 -70 / 53 60 67 68 / 55 -60 -67 -68 / 56 60 65 68 / 53 -60 -65 -68 / 60 64 67 / 57 60 65 75 <END> 
<S> 44 60 65 / 56 60 65 72 / 62 -56 -60 -72 / 50 58 65 70 / 51 58 63 -70 / 53 56 65 68 / 55 63 67 70 / 61 -55 -67 -70 / 53 60 68 -67 / 65 -53 -60 -68 / 48 60 65 67 <END> 
<S> 56 63 68 72 / 55 -63 -68 -72 / 53 61 67 70 / 52 -61 -67 -70 / 53 60 67 68 / 55 -60 -67 -68 / 56 60 65 68 / 53 -60 -65 -68 / 60 64 67 / 57 60 65 75 <END> 
<S> 44 60 65 / 56 60 65 72 / 62 -56 -60 -72 / 50 58 65 70 / 51 58 63 -70 / 53 56 65 68 / 55 63 67 70 / 61 -55 -67 -70 / 53 60 68 -67 / 65 -53 -60 -68 / 48 60 65 67 <END> 
<S> 56 63 68 72 / 55 -63 -68 -72 / 53 61 67 70 / 52 -61 -67 -70 / 53 60 67 68 / 55 -60 -67 -68 / 56 60 65 68 / 53 -60 -65 -68 / 60 64 67 / 57 60 65 75 <END> 
<S> 44 60 65 / 56 60 65 72 / 62 -56 -60 -72 / 50 58 65 70 / 51 58 63 -70 / 53 56 65 68 / 55 63 67 70 / 61 -55 -67 -70 / 53 60 68 -67 / 65 -53 -60 -68 / 48 60 65 67 <END> 
<S> 56 63 68 72 / 55 -63 -68 -72 / 53 61 67 70 / 52 -61 -67 -70 / 53 60 67 68 / 55 -60 -67 -68 / 56 60 65 68 / 53 -60 -65 -68 / 60 64 67 / 57 60 65 75 <END> 
