<S> 51 60 67 72 / 50 65 74 -60 / 59 -50 -65 -74 / 48 60 63 75 / 46 67 -60 -75 / 45 72 77 -60 / 53 60 69 -77 / 46 60 69 74 / 48 58 67 -74 / 50 57 66 -74 / 64 -50 -57 -74 / 62 66 72 -50 / 43 62 67 70 / 55 62 67 70 / 53 -62 -67 -70 <END> 
<S> 48 60 69 -67 / 50 62 66 -69 / 60 -50 -66 -69 / 55 59 62 67 / 55 59 62 67 / 60 63 67 / 58 -60 -63 -67 / 51 60 67 72 / 48 63 72 -67 / 53 65 68 -72 / 46 -65 -68 -72 / 51 63 67 70 / 61 -51 -67 -70 / 56 60 68 72 / 55 74 -60 -72 <END> 
<S> 60 63 67 72 / 58 62 -67 -72 / 56 60 65 72 / 55 67 -60 -72 / 53 60 68 74 / 55 59 67 74 / 56 60 65 -74 / 48 60 67 75 / 58 -48 -67 -75 / 53 56 65 74 / 72 -53 -56 -65 / 55 58 67 70 / 56 60 65 68 / 58 -60 -65 -68 <END> 
<S> 48 60 67 75 / 55 67 -60 -75 / 58 -55 -67 -75 / 56 60 72 75 / 55 70 -60 -75 / 53 65 68 74 / 63 72 -53 -68 / 55 62 67 71 / 43 59 62 67 / 48 60 63 67 / 58 -60 -63 -67 <END> 
<S> 55 62 67 71 / 56 60 65 72 / 74 -56 -60 -65 / 55 60 67 75 / 53 68 68 74 / 55 67 71 -74 / 65 72 -55 -71 / 56 63 72 / 55 -63 -72 <END> 
<S> 53 60 68 74 / 55 -60 -68 -74 / 56 60 71 44 / 62 -56 -60 -77 / 55 59 62 67 / 53 -59 -62 -67 / 51 60 67 79 / 53 60 65 68 / 62 -53 -65 -68 / 55 58 63 67 / 56 60 -63 -67 <END> 
<S> 56 60 65 / 55 -56 -60 -65 / 53 56 62 65 / 58 -53 -65 / 68 -53 -58 -65 / 51 58 67 / 65 -51 -58 -67 / 48 60 67 75 / 58 -60 -67 -75 / 56 60 72 77 / 55 -60 -72 -77 / 53 65 70 72 / 51 -65 -68 -72 / 50 65 70 77 / 68 -50 -65 -77 / 51 67 70 79 / 63 -51 -70 -79 / 53 68 72 77 / 55 67 71 79 <END> 
<S> 53 60 65 74 / 63 -53 -60 -74 / 59 62 67 74 / 55 67 71 74 / 60 67 72 75 / 58 -67 -72 -75 / 56 60 72 77 / 55 70 -60 -77 / 53 60 68 77 / 62 -53 -68 -77 / 63 67 70 79 / 69 77 -63 / 58 62 65 79 / 63 79 79 -63 <END> 
<S> 56 60 77 / 53 75 -60 -77 / 55 59 74 79 / 53 -59 -74 -79 / 51 67 72 79 / 50 65 70 -79 / 48 63 70 79 / 62 77 -48 -70 / 53 60 72 77 / 51 -60 -72 -77 / 50 65 77 -72 / 71 -50 -65 -77 / 51 67 72 75 / 53 -67 -72 -75 <END> 
<S> 55 67 72 75 / 53 74 -67 -72 / 51 63 72 / 50 65 -72 / 63 67 70 -72 / 53 -67 -70 -75 / 55 67 70 74 / 56 65 68 -74 / 58 64 67 70 / 65 68 -61 -70 / 60 63 67 72 / 58 62 -67 -72 / 56 60 65 77 / 55 67 -60 -77 / 53 68 -60 -67 / 62 74 -53 -68 / 63 72 -53 -68 / 55 62 67 71 / 43 59 62 67 <END> 
<S> 56 63 68 72 / 55 -63 -67 -72 / 53 62 67 70 / 65 -53 -62 -70 / 55 63 70 / 57 61 65 / 60 63 67 -57 / 55 59 62 -67 / 53 60 67 / 68 -53 -60 -67 / 55 62 65 71 / 63 -55 -62 -71 / 65 -55 -62 -71 / 48 60 67 72 / 55 59 67 74 <END> 
<S> 55 58 62 67 / 60 63 -55 -67 / 62 -55 -67 / 63 67 -55 -72 / 53 65 70 74 / 51 63 67 72 / 50 65 69 74 / 71 -50 -65 -74 / 48 67 72 75 / 58 -67 -72 -75 / 56 60 72 77 / 55 70 75 -60 <END> 
<S> 48 63 67 72 / 60 63 72 79 / 58 65 74 82 / 67 72 75 -65 / 62 -67 -72 -75 / 60 67 72 75 / 58 -67 -72 -75 / 56 65 72 77 / 55 70 75 79 / 57 72 77 -75 / 58 74 -72 -77 / 53 72 75 -58 <END> 
<S> 56 65 72 77 / 55 70 75 -77 / 53 68 72 75 / 74 -53 -68 -72 / 47 62 67 79 / 65 -47 -62 -79 / 48 63 72 79 / 62 65 -48 -79 / 53 63 72 79 / 41 -63 -72 -79 / 46 62 65 77 / 47 62 -65 -77 / 48 60 75 -65 / 63 -48 -60 -75 <END> 
<S> 56 60 72 / 55 70 -60 -72 / 53 68 -60 -79 / 55 72 -60 -75 / 55 67 71 74 / 65 -55 -71 -74 / 48 63 67 72 / 58 65 70 74 / 56 -65 -70 -74 / 55 67 70 75 / 65 74 -55 -70 <END> 
<S> 51 67 70 72 / 53 65 69 -72 / 46 65 70 74 / 51 58 63 67 / 62 -51 -58 -67 / 53 60 65 68 / 62 -53 -65 -68 / 55 58 63 67 / 56 60 -63 -67 / 58 62 65 / 56 60 63 -65 / 55 62 65 70 / 53 68 -62 -65 <END> 
<S> 56 63 65 72 / 55 -63 -65 -72 / 60 63 67 -56 / 58 62 -67 -70 / 56 63 68 72 / 55 -63 -68 -72 / 53 61 67 70 / 52 -61 -67 -70 / 53 60 67 68 / 55 -60 -67 -68 / 56 60 65 68 / 53 -60 -65 -68 <END> 
<S> 56 60 67 72 / 65 -56 -60 -72 / 55 61 67 70 / 53 68 -61 -70 / 67 -53 -58 -70 / 56 60 68 72 / 74 -56 -60 -68 / 55 58 67 75 / 56 68 -58 -75 / 58 62 68 74 / 67 -58 -62 -74 / 65 -58 -70 -74 / 63 67 70 75 / 62 -67 -70 -75 / 60 63 67 79 / 58 62 -67 -79 / 56 60 72 77 / 55 70 -60 -77 <END> 
<S> 46 67 70 75 / 65 74 -70 / 63 67 72 / 65 74 -55 -72 / 63 67 72 -58 / 62 65 70 74 / 58 67 70 75 / 68 -58 -75 -75 / 58 70 77 / 55 -58 -70 -77 / 56 63 72 / 55 70 -63 -72 / 56 65 72 77 / 67 -56 -72 -77 / 68 -56 -72 -77 / 47 68 74 77 / -68 75 -74 -77 <END> 
<S> 58 68 77 -75 / 62 75 -58 -77 / 51 63 70 79 / 55 -63 -70 -79 / 56 63 72 77 / 53 -63 -72 -77 / 58 62 70 77 / 51 67 70 75 / 63 70 79 <END> 
<S> 44 63 72 77 / 46 62 -63 -77 / 48 63 75 -62 / 47 55 -63 -74 / 48 55 63 72 / 50 53 65 70 / 51 58 63 67 <END> 
<S> 50 62 65 71 / 51 60 67 72 / 58 -51 -67 -72 / 53 57 65 74 / 55 58 67 75 / 56 60 65 -75 / 58 61 70 74 / 68 -58 -74 -77 <END> 
<S> 56 60 63 72 / 65 74 -56 -60 / 55 58 67 75 / 53 68 -58 -75 / 55 58 70 74 / 56 65 72 / 58 74 -65 -72 / 60 63 72 75 / 58 62 70 77 / 68 -58 -62 -77 <END> 
<S> 58 63 65 68 / 62 -58 -65 -68 / 60 63 67 / 65 -60 -63 / 58 62 65 70 / 56 63 72 -70 / 55 63 70 72 / 53 68 -63 -72 / 55 62 67 71 / 56 -62 -67 -71 / 65 72 -56 -67 <END> 
<S> 58 63 67 70 / 56 65 -63 -70 / 55 63 70 75 / 53 68 77 -63 / 51 63 70 79 / 46 -63 -70 -79 / 44 63 70 77 / 62 65 -70 -77 / 63 67 70 79 / 62 -65 -70 -79 / 60 63 67 79 / 58 62 -67 -79 <END> 
<S> 63 70 79 / 62 -63 -70 -79 / 60 63 72 79 / 58 -63 -72 -79 / 56 63 72 77 / 58 62 70 -77 / 68 -58 -62 -77 / 51 58 67 75 / 48 60 69 75 / 46 65 70 74 <END> 
<S> 56 63 72 77 / 58 62 70 -77 / 68 -58 -62 -77 / 51 58 67 75 / 48 60 69 75 / 46 65 70 74 / 53 65 68 72 / 74 -53 -65 -68 / 60 63 67 75 / 58 62 -67 -75 / 56 60 65 77 / 55 67 75 -60 <END> 
<S> 46 65 70 74 / 53 65 68 72 / 74 -53 -65 -68 / 60 63 67 75 / 58 62 -67 -75 / 56 60 65 77 / 53 68 75 -60 / 55 67 70 74 / 53 68 70 -74 / 51 67 70 75 / 50 65 70 77 / 68 -50 -65 -77 <END> 
<S> 55 58 70 75 / 53 68 -58 -75 / 51 63 67 79 / 50 65 68 -79 / 51 63 67 79 / 55 -63 -67 -79 / 56 72 77 -63 / 58 62 74 -77 / 75 -58 -62 -65 / 51 58 67 75 / 51 58 70 79 / 51 70 -58 -79 <END> 
<S> 56 63 72 77 / 58 62 70 -77 / 68 -58 -62 -77 / 51 58 67 75 / 48 60 69 75 / 46 65 70 74 / 53 65 68 72 / 74 -53 -65 -68 / 60 63 67 75 / 58 62 -67 -75 / 56 60 65 77 / 55 67 75 -60 <END> 
<S> 46 65 70 74 / 53 65 68 72 / 74 -53 -65 -68 / 60 63 67 75 / 58 62 -67 -75 / 56 60 65 77 / 53 68 75 -60 / 55 67 70 74 / 53 68 70 -74 / 51 67 70 75 / 50 65 70 77 / 68 -50 -65 -77 <END> 
<S> 55 58 70 75 / 53 68 -58 -75 / 51 63 67 79 / 50 65 68 -79 / 51 63 67 79 / 55 -63 -67 -79 / 56 72 77 -63 / 58 62 74 -77 / 75 -58 -62 -65 / 51 58 67 75 / 51 58 70 79 / 51 70 -58 -79 <END> 
<S> 56 63 72 77 / 58 62 70 -77 / 68 -58 -62 -77 / 51 58 67 75 / 48 60 69 75 / 46 65 70 74 / 53 65 68 72 / 74 -53 -65 -68 / 60 63 67 75 / 58 62 -67 -75 / 56 60 65 77 / 55 67 75 -60 <END> 
<S> 46 65 70 74 / 53 65 68 72 / 74 -53 -65 -68 / 60 63 67 75 / 58 62 -67 -75 / 56 60 65 77 / 53 68 75 -60 / 55 67 70 74 / 53 68 70 -74 / 51 67 70 75 / 50 65 70 77 / 68 -50 -65 -77 <END> 
<S> 55 58 70 75 / 53 68 -58 -75 / 51 63 67 79 / 50 65 68 -79 / 51 63 67 79 / 55 -63 -67 -79 / 56 72 77 -63 / 58 62 74 -77 / 75 -58 -62 -65 / 51 58 67 75 / 51 58 70 79 / 51 70 -58 -79 <END> 
<S> 56 63 72 77 / 58 62 70 -77 / 68 -58 -62 -77 / 51 58 67 75 / 48 60 69 75 / 46 65 70 74 / 53 65 68 72 / 74 -53 -65 -68 / 60 63 67 75 / 58 62 -67 -75 / 56 60 65 77 / 55 67 75 -60 <END> 
<S> 46 65 70 74 / 53 65 68 72 / 74 -53 -65 -68 / 60 63 67 75 / 58 62 -67 -75 / 56 60 65 77 / 53 68 75 -60 / 55 67 70 74 / 53 68 70 -74 / 51 67 70 75 / 50 65 70 77 / 68 -50 -65 -77 <END> 
<S> 55 58 70 75 / 53 68 -58 -75 / 51 63 67 79 / 50 65 68 -79 / 51 63 67 79 / 55 -63 -67 -79 / 56 72 77 -63 / 58 62 74 -77 / 75 -58 -62 -65 / 51 58 67 75 / 51 58 70 79 / 51 70 -58 -79 <END> 
<S> 56 63 72 77 / 58 62 70 -77 / 68 -58 -62 -77 / 51 58 67 75 / 48 60 69 75 / 46 65 70 74 / 53 65 68 72 / 74 -53 -65 -68 / 60 63 67 75 / 58 62 -67 -75 / 56 60 65 77 / 55 67 75 -60 <END> 
<S> 46 65 70 74 / 53 65 68 72 / 74 -53 -65 -68 / 60 63 67 75 / 58 62 -67 -75 / 56 60 65 77 / 53 68 75 -60 / 55 67 70 74 / 53 68 70 -74 / 51 67 70 75 / 50 65 70 77 / 68 -50 -65 -77 <END> 
<S> 55 58 70 75 / 53 68 -58 -75 / 51 63 67 79 / 50 65 68 -79 / 51 63 67 79 / 55 -63 -67 -79 / 56 72 77 -63 / 58 62 74 -77 / 75 -58 -62 -65 / 51 58 67 75 / 51 58 70 79 / 51 70 -58 -79 <END> 
<S> 56 63 72 77 / 58 62 70 -77 / 68 -58 -62 -77 / 51 58 67 75 / 48 60 69 75 / 46 65 70 74 / 53 65 68 72 / 74 -53 -65 -68 / 60 63 67 75 / 58 62 -67 -75 / 56 60 65 77 / 55 67 75 -60 <END> 
<S> 46 65 70 74 / 53 65 68 72 / 74 -53 -65 -68 / 60 63 67 75 / 58 62 -67 -75 / 56 60 65 77 / 53 68 75 -60 / 55 67 70 74 / 53 68 70 -74 / 51 67 70 75 / 50 65 70 77 / 68 -50 -65 -77 <END> 
<S> 55 58 70 75 / 53 68 -58 -75 / 51 63 67 79 / 50 65 68 -79 / 51 63 67 79 / 55 -63 -67 -79 / 56 72 77 -63 / 58 62 74 -77 / 75 -58 -62 -65 / 51 58 67 75 / 51 58 70 79 / 51 70 -58 -79 <END> 
<S> 56 63 72 77 / 58 62 70 -77 / 68 -58 -62 -77 / 51 58 67 75 / 48 60 69 75 / 46 65 70 74 / 53 65 68 72 / 74 -53 -65 -68 / 60 63 67 75 / 58 62 -67 -75 / 56 60 65 77 / 55 67 75 -60 <END> 
<S> 46 65 70 74 / 53 65 68 72 / 74 -53 -65 -68 / 60 63 67 75 / 58 62 -67 -75 / 56 60 65 77 / 53 68 75 -60 / 55 67 70 74 / 53 68 70 -74 / 51 67 70 75 / 50 65 70 77 / 68 -50 -65 -77 <END> 
<S> 55 58 70 75 / 53 68 -58 -75 / 51 63 67 79 / 50 65 68 -79 / 51 63 67 79 / 55 -63 -67 -79 / 56 72 77 -63 / 58 62 74 -77 / 75 -58 -62 -65 / 51 58 67 75 / 51 58 70 79 / 51 70 -58 -79 <END> 
<S> 56 63 72 77 / 58 62 70 -77 / 68 -58 -62 -77 / 51 58 67 75 / 48 60 69 75 / 46 65 70 74 / 53 65 68 72 / 74 -53 -65 -68 / 60 63 67 75 / 58 62 -67 -75 / 56 60 65 77 / 55 67 75 -60 <END> 
<S> 46 65 70 74 / 53 65 68 72 / 74 -53 -65 -68 / 60 63 67 75 / 58 62 -67 -75 / 56 60 65 77 / 53 68 75 -60 / 55 67 70 74 / 53 68 70 -74 / 51 67 70 75 / 50 65 70 77 / 68 -50 -65 -77 <END> 
<S> 55 58 70 75 / 53 68 -58 -75 / 51 63 67 79 / 50 65 68 -79 / 51 63 67 79 / 55 -63 -67 -79 / 56 72 77 -63 / 58 62 74 -77 / 75 -58 -62 -65 / 51 58 67 75 / 51 58 70 79 / 51 70 -58 -79 <END> 
<S> 56 63 72 77 / 58 62 70 -77 / 68 -58 -62 -77 / 51 58 67 75 / 48 60 69 75 / 46 65 70 74 / 53 65 68 72 / 74 -53 -65 -68 / 60 63 67 75 / 58 62 -67 -75 / 56 60 65 77 / 55 67 75 -60 <END> 
<S> 46 65 70 74 / 53 65 68 72 / 74 -53 -65 -68 / 60 63 67 75 / 58 62 -67 -75 / 56 60 65 77 / 53 68 75 -60 / 55 67 70 74 / 53 68 70 -74 / 51 67 70 75 / 50 65 70 77 / 68 -50 -65 -77 <END> 
<S> 55 58 70 75 / 53 68 -58 -75 / 51 63 67 79 / 50 65 68 -79 / 51 63 67 79 / 55 -63 -67 -79 / 56 72 77 -63 / 58 62 74 -77 / 75 -58 -62 -65 / 51 58 67 75 / 51 58 70 79 / 51 70 -58 -79 <END> 
<S> 56 63 72 77 / 58 62 70 -77 / 68 -58 -62 -77 / 51 58 67 75 / 48 60 69 75 / 46 65 70 74 / 53 65 68 72 / 74 -53 -65 -68 / 60 63 67 75 / 58 62 -67 -75 / 56 60 65 77 / 55 67 75 -60 <END> 
<S> 46 65 70 74 / 53 65 68 72 / 74 -53 -65 -68 / 60 63 67 75 / 58 62 -67 -75 / 56 60 65 77 / 53 68 75 -60 / 55 67 70 74 / 53 68 70 -74 / 51 67 70 75 / 50 65 70 77 / 68 -50 -65 -77 <END> 
<S> 55 58 70 75 / 53 68 -58 -75 / 51 63 67 79 / 50 65 68 -79 / 51 63 67 79 / 55 -63 -67 -79 / 56 72 77 -63 / 58 62 74 -77 / 75 -58 -62 -65 / 51 58 67 75 / 51 58 70 79 / 51 70 -58 -79 <END> 
<S> 56 63 72 77 / 58 62 70 -77 / 68 -58 -62 -77 / 51 58 67 75 / 48 60 69 75 / 46 65 70 74 / 53 65 68 72 / 74 -53 -65 -68 / 60 63 67 75 / 58 62 -67 -75 / 56 60 65 77 / 55 67 75 -60 <END> 
<S> 46 65 70 74 / 53 65 68 72 / 74 -53 -65 -68 / 60 63 67 75 / 58 62 -67 -75 / 56 60 65 77 / 53 68 75 -60 / 55 67 70 74 / 53 68 70 -74 / 51 67 70 75 / 50 65 70 77 / 68 -50 -65 -77 <END> 
<S> 55 58 70 75 / 53 68 -58 -75 / 51 63 67 79 / 50 65 68 -79 / 51 63 67 79 / 55 -63 -67 -79 / 56 72 77 -63 / 58 62 74 -77 / 75 -58 -62 -65 / 51 58 67 75 / 51 58 70 79 / 51 70 -58 -79 <END> 
<S> 56 63 72 77 / 58 62 70 -77 / 68 -58 -62 -77 / 51 58 67 75 / 48 60 69 75 / 46 65 70 74 / 53 65 68 72 / 74 -53 -65 -68 / 60 63 67 75 / 58 62 -67 -75 / 56 60 65 77 / 55 67 75 -60 <END> 
<S> 46 65 70 74 / 53 65 68 72 / 74 -53 -65 -68 / 60 63 67 75 / 58 62 -67 -75 / 56 60 65 77 / 53 68 75 -60 / 55 67 70 74 / 53 68 70 -74 / 51 67 70 75 / 50 65 70 77 / 68 -50 -65 -77 <END> 
<S> 55 58 70 75 / 53 68 -58 -75 / 51 63 67 79 / 50 65 68 -79 / 51 63 67 79 / 55 -63 -67 -79 / 56 72 77 -63 / 58 62 74 -77 / 75 -58 -62 -65 / 51 58 67 75 / 51 58 70 79 / 51 70 -58 -79 <END> 
<S> 56 63 72 77 / 58 62 70 -77 / 68 -58 -62 -77 / 51 58 67 75 / 48 60 69 75 / 46 65 70 74 / 53 65 68 72 / 74 -53 -65 -68 / 60 63 67 75 / 58 62 -67 -75 / 56 60 65 77 / 55 67 75 -60 <END> 
<S> 46 65 70 74 / 53 65 68 72 / 74 -53 -65 -68 / 60 63 67 75 / 58 62 -67 -75 / 56 60 65 77 / 53 68 75 -60 / 55 67 70 74 / 53 68 70 -74 / 51 67 70 75 / 50 65 70 77 / 68 -50 -65 -77 <END> 
<S> 55 58 70 75 / 53 68 -58 -75 / 51 63 67 79 / 50 65 68 -79 / 51 63 67 79 / 55 -63 -67 -79 / 56 72 77 -63 / 58 62 74 -77 / 75 -58 -62 -65 / 51 58 67 75 / 51 58 70 79 / 51 70 -58 -79 <END> 
<S> 56 63 72 77 / 58 62 70 -77 / 68 -58 -62 -77 / 51 58 67 75 / 48 60 69 75 / 46 65 70 74 / 53 65 68 72 / 74 -53 -65 -68 / 60 63 67 75 / 58 62 -67 -75 / 56 60 65 77 / 55 67 75 -60 <END> 
