<S> 48 51 55 60 / 50 -51 -55 -60 / 51 55 60 / 50 -51 -55 -60 / 48 55 60 63 / 46 -55 -60 -63 / 44 55 60 63 / 43 -55 -60 -63 / 41 56 60 65 / 39 -56 -60 -65 / 38 58 65 / 34 62 -58 -65 / 39 58 63 67 / 51 58 63 67 <END> 
<S> 41 56 60 65 / 39 55 58 67 / 46 53 62 65 / 51 58 63 67 / 50 58 65 70 / 51 63 -58 -70 / 50 62 65 70 / 52 60 67 -70 / 53 60 65 68 / 51 -60 -65 -68 / 50 58 65 70 / 46 62 -58 -65 <END> 
<S> 51 58 65 67 / 63 -51 -58 -67 / 46 58 65 68 / 62 -46 -58 -68 / 48 60 63 67 / 52 -60 -67 / 53 60 65 68 / 50 58 65 -68 / 51 67 -58 -65 / 60 63 -51 -67 / 56 60 65 -51 / 50 55 62 71 / 53 55 62 72 / 51 55 63 -72 / 56 65 -51 -72 <END> 
<S> 51 60 67 / 53 -60 -67 -67 / 52 60 67 70 / 53 68 -60 -67 / 55 60 67 74 / 59 -55 -67 -74 / 48 60 67 75 / 51 60 67 75 / 53 68 74 77 / 55 67 71 74 / 65 72 -55 -74 / 64 -55 -65 -74 / 65 74 -55 -60 -74 59 67 -55 -74 <END> 
<S> 55 59 67 75 / 53 68 77 -59 / 51 60 67 79 / 50 65 72 77 / 71 -50 -65 -77 / 48 67 72 75 / 53 68 74 77 / 55 67 71 74 / 55 71 74 <END> 
<S> 50 65 72 77 / 51 70 75 -77 / 53 68 72 77 / 74 -53 -68 -77 / 55 63 70 75 / 56 65 -70 -75 / 58 67 70 74 / 68 -58 -74 / 51 63 67 75 / 65 74 -51 -58 / 56 63 72 / 51 55 70 75 <END> 
<S> 63 68 72 -58 / 62 -68 -72 / 63 67 70 75 / 65 68 -60 -75 / 58 67 70 74 / 55 67 70 75 / 53 68 72 77 / 74 -53 -68 -77 / 51 67 75 79 / 72 -51 -75 -79 / 53 68 74 -72 / 55 67 71 -74 / 65 -55 -71 -74 <END> 
<S> 55 67 70 75 / 53 68 77 -75 / 51 67 70 79 / 50 65 -70 -79 / 48 63 72 77 / 62 70 -48 -77 / 53 63 69 72 / 51 55 -69 -72 / 56 60 65 -72 / 53 74 -60 -65 / 48 60 67 75 / 55 58 -67 -75 / 56 60 72 75 / 55 70 -60 -75 <END> 
<S> 53 56 68 74 / 72 -53 -56 -68 / 55 63 67 70 / 62 65 -55 -70 / 60 63 67 72 / 55 59 67 74 / 53 61 67 70 / 52 60 67 -70 / 53 60 65 68 / 51 63 67 70 / 56 60 68 72 / 62 -56 -60 -72 <END> 
<S> 55 58 67 75 / 56 60 65 77 / 58 62 70 77 / 68 -58 -62 -77 / 51 63 67 75 / 48 60 67 75 / 55 59 67 74 / 68 -55 -59 -74 / 57 60 67 72 / 65 -56 -60 -72 / 58 62 65 70 / 60 -65 -65 -74 / 69 -60 -65 / 63 67 70 / 61 66 69 <END> 
<S> 55 59 67 75 / 60 -55 -67 -75 / 55 59 67 74 / 53 -59 -67 -74 / 51 60 67 75 / 53 -60 -67 -75 / 55 59 67 74 / 65 -55 -59 -74 / 56 60 63 72 / 55 -60 -63 -72 / 53 68 74 -60 / 55 59 67 -74 / 65 -55 -59 -74 / 56 60 63 72 / 55 -60 -63 -72 <END> 
<S> 55 59 67 75 / 60 -55 -67 -75 / 55 62 67 74 / 53 59 -67 -74 / 51 63 67 72 / 48 -63 -67 -72 / 55 62 67 71 / 60 67 72 / 58 62 -67 -72 / 56 60 65 72 / 55 67 -60 -72 / 53 60 68 74 / 55 59 67 74 / 65 -55 -67 -74 <END> 
<S> 56 65 68 72 / 55 -65 -68 -72 / 53 67 70 / 52 -67 -70 / 53 56 68 72 / 55 74 -53 -68 / 75 -55 -60 -68 / 53 65 68 74 / 63 72 -53 -68 / 55 62 67 70 / 65 -55 -62 -70 / 56 60 63 72 / 55 58 -63 -72 <END> 
<S> 53 60 68 -67 / 65 -53 -60 -68 / 48 60 65 67 / 58 -48 -65 -67 / 53 56 60 72 / 58 62 67 70 / 56 65 -62 -70 / 55 63 67 70 / 53 56 -67 -70 / 51 55 67 70 / 53 56 -67 -70 / 51 65 68 / 50 59 -65 -68 <END> 
<S> 56 60 63 72 / 55 -60 -63 -72 / 53 65 68 72 / 55 67 -65 -72 / 60 63 -67 / 58 62 65 / 56 60 63 / 55 65 -56 -60 / 53 62 -56 -60 / 55 59 62 / 53 -55 -59 -62 / 48 55 60 63 / 51 55 58 67 <END> 
<S> 56 60 65 -63 / 55 59 62 -65 / 60 63 -55 / 57 60 62 -60 / 59 62 -53 -56 / 50 60 -56 -67 / 51 55 -60 -67 / 53 55 59 62 / 55 59 -50 / 48 55 60 63 / 48 60 63 67 / 58 -48 -63 -67 / 56 62 65 / 55 -56 -62 -65 <END> 
<S> 48 55 60 63 / 46 -55 -60 -63 / 44 56 60 65 / 43 50 59 67 / 55 58 62 67 / 53 56 -62 -67 / 51 55 63 70 / 50 -55 -63 -70 / 48 60 63 67 / 58 -60 -63 -67 / 45 60 65 69 / 47 62 67 70 / 48 63 67 69 / 50 62 66 -69 / 60 -50 -66 -69 <END> 
<S> 48 55 63 72 / 50 -55 -63 -72 / 51 60 63 67 / 53 68 -60 -67 / 55 -60 -67 / 57 72 59 / 59 -55 -67 / 60 -55 -59 / 55 59 62 67 / 48 55 63 -62 / 60 -48 -55 -63 / 41 56 56 65 / 62 -41 -56 -65 / 43 59 62 67 / 55 59 62 67 <END> 
<S> 55 62 67 / 60 -55 -67 / 43 55 60 62 / 59 -43 -55 -62 / 48 55 60 63 / 48 55 60 63 / 46 -55 -60 -63 / 44 56 60 63 / 43 -56 -60 -63 / 41 56 62 65 / 60 -41 -56 -65 / 43 55 59 62 / 53 -43 -59 -62 / 36 51 55 60 / 48 51 55 60 / 53 62 -48 -55 / 55 60 63 -48 / 46 -55 -60 -63 <END> 
<S> 41 56 60 62 / 38 53 -60 -62 / 43 55 59 62 / 53 -43 -59 -62 / 36 51 55 60 / 48 60 63 67 / 58 62 -48 -67 / 53 56 60 / 51 55 60 -60 / 53 56 60 65 / 55 59 62 -53 / 53 55 60 63 / 51 -53 -60 -60 / 46 53 62 -60 / 58 -53 -53 -62 / 51 60 57 / 53 59 62 -48 / 51 55 60 -48 / 50 53 58 65 <END> 
<S> 56 60 65 72 / 55 74 -60 -65 / 53 60 69 -60 / 55 59 -60 -69 / 60 72 -55 -60 / 43 59 62 67 / 55 59 62 67 / 53 -59 -62 -67 / 51 60 63 -67 / 53 -60 -63 -67 / 55 62 -60 -67 / 59 67 -55 -62 / 43 55 59 62 / 53 -43 -59 -62 / 48 51 55 60 <END> 
<S> 55 59 67 / 55 60 67 70 / 53 -60 -67 -70 / 51 60 67 68 / 50 -60 -67 -67 / 51 55 67 72 / 48 -55 -67 -72 / 55 62 67 71 / 60 -55 -67 -71 / 62 -55 -67 -71 / 48 63 67 72 / 56 65 72 -72 / 55 67 74 -72 / 53 67 71 -74 / 51 63 -67 -74 / 50 65 68 72 / 51 -60 -65 -72 <END> 
<S> 48 63 67 72 / 60 -63 -67 -72 / 55 62 67 71 / 53 -62 -67 -71 / 51 63 67 72 / 50 65 69 74 / 71 -50 -65 -74 / 48 67 72 75 / 53 68 74 -72 / 55 67 71 -74 / 56 72 -67 / 60 65 -56 -72 / 55 59 67 74 / 55 59 67 74 <END> 
<S> 50 65 72 77 / 71 -50 -65 -77 / 48 67 72 75 / 53 68 72 74 / 55 67 71 -74 / 56 72 -67 / 60 65 -56 -72 / 55 59 67 74 / 55 59 67 74 <END> 
<S> 56 62 67 72 / 55 -67 -72 / 53 68 72 74 / 55 67 71 74 / 65 -55 -71 -74 / 48 63 67 72 / 51 58 70 79 / 53 60 -70 -79 / 55 58 70 79 / 56 60 -70 -79 <END> 
<S> 48 63 72 79 / 50 -63 -72 -79 / 51 63 70 79 / 53 -63 -70 -79 / 55 63 70 79 / 56 -63 -70 -79 / 58 62 70 77 / 68 -58 -62 -77 / 59 67 74 -62 / 55 59 67 74 <END> 
<S> 58 65 77 -63 / 62 74 -65 -77 / 60 67 75 -65 / 58 77 -67 -75 / 56 72 75 / 55 74 -72 / 53 68 72 77 / 65 -53 -72 -77 / 60 64 72 79 / 74 -60 -64 -80 / 59 65 72 80 / 56 -65 -72 <END> 
<S> 53 60 68 72 / 55 70 -60 -68 / 56 60 65 68 / 58 -60 -65 -68 / 60 67 -65 / 58 64 68 74 / 62 -58 -70 -74 / 60 63 75 79 / 58 62 79 -79 / 56 60 -79 -79 / 55 72 75 -58 / 53 74 -72 -80 / 55 71 74 79 / 65 -55 -74 -79 <END> 
<S> 60 63 75 79 / 58 -63 -75 -79 / 56 72 75 77 / 53 68 -72 -77 / 55 67 72 75 / 53 -67 -72 -75 / 55 62 71 74 / 56 60 72 77 / 55 62 74 -60 / 53 59 68 -74 / 51 63 67 72 / 50 65 -67 -72 / 48 63 67 72 / 53 -63 -67 -72 <END> 
<S> 55 62 67 75 / 53 60 68 74 / 58 -53 -68 -74 / 54 57 62 74 / 58 72 -62 -74 / 55 67 70 75 / 54 57 69 74 / 55 58 67 -74 / 72 -55 -58 -67 / 57 65 72 77 / 58 62 70 77 / 63 -58 -70 -77 / 62 65 69 77 / 67 70 -62 -77 / 68 -58 -62 -77 / 57 61 70 79 / 55 70 75 79 <END> 
<S> 46 62 70 77 / 63 -46 -70 -77 / 50 65 69 77 / 71 -50 -65 -77 / 48 67 72 75 / 60 70 74 77 / 59 68 74 77 / 60 67 75 -77 / 58 62 70 77 / 55 67 70 75 / 53 65 70 77 / 51 67 72 75 / 48 74 -67 -72 <END> 
<S> 58 74 77 / 68 -58 -74 -77 / 51 67 70 75 / 48 67 72 75 / 50 -67 -72 -75 / 51 67 72 75 / 53 -67 -72 -75 / 55 67 70 75 / 56 60 68 77 / 58 62 -68 -77 / 60 63 67 75 / 65 77 -60 -75 <END> 
<S> 48 67 72 75 / 60 -67 -72 -75 / 67 70 74 77 / 65 -67 -74 -77 / 63 70 79 / 62 -63 -70 -79 / 60 63 72 79 / 58 -63 -72 -79 / 56 63 72 77 / 58 62 70 -77 / 68 -58 -62 -77 / 51 63 67 75 / 58 70 74 77 / 68 -58 -74 -77 <END> 
<S> 56 63 72 77 / 58 -63 -72 -77 / 68 -58 -62 -77 / 46 67 70 75 / 46 65 70 74 / 48 63 67 72 / 67 -48 -63 -72 / 50 65 70 74 / 69 -65 -50 -74 / 55 62 71 -74 / 67 -55 -71 -74 / 65 -55 -71 -74 <END> 
<S> 50 65 77 -72 / 71 -50 -65 -77 / 51 67 72 75 / 53 -67 -72 -75 / 55 67 71 74 / 65 -55 -71 -74 / 56 63 72 / 70 -56 -63 -72 / 55 65 68 74 / 53 75 -65 -68 / 77 -53 -65 -68 / 55 59 67 75 / 60 -55 -67 -75 <END> 
<S> 56 63 68 72 / 55 -63 -68 -72 / 53 61 67 70 / 52 -61 -67 -70 / 53 60 67 68 / 55 -60 -67 -68 / 56 60 65 68 / 53 -60 -65 -68 / 60 64 67 / 57 60 65 75 <END> 
<S> 44 60 65 / 56 60 65 72 / 62 -56 -60 -72 / 50 58 65 70 / 51 58 63 -70 / 53 56 65 68 / 55 63 67 70 / 61 -55 -67 -70 / 53 60 68 -67 / 65 -53 -60 -68 / 48 60 65 67 <END> 
<S> 56 63 68 72 / 55 -63 -68 -72 / 53 61 67 70 / 52 -61 -67 -70 / 53 60 67 68 / 55 -60 -67 -68 / 56 60 65 68 / 53 -60 -65 -68 / 60 64 67 / 57 60 65 75 <END> 
<S> 44 60 65 / 56 60 65 72 / 62 -56 -60 -72 / 50 58 65 70 / 51 58 63 -70 / 53 56 65 68 / 55 63 67 70 / 61 -55 -67 -70 / 53 60 68 -67 / 65 -53 -60 -68 / 48 60 65 67 <END> 
<S> 56 63 68 72 / 55 -63 -68 -72 / 53 61 67 70 / 52 -61 -67 -70 / 53 60 67 68 / 55 -60 -67 -68 / 56 60 65 68 / 53 -60 -65 -68 / 60 64 67 / 57 60 65 75 <END> 
<S> 44 60 65 / 56 60 65 72 / 62 -56 -60 -72 / 50 58 65 70 / 51 58 63 -70 / 53 56 65 68 / 55 63 67 70 / 61 -55 -67 -70 / 53 60 68 -67 / 65 -53 -60 -68 / 48 60 65 67 <END> 
<S> 56 63 68 72 / 55 -63 -68 -72 / 53 61 67 70 / 52 -61 -67 -70 / 53 60 67 68 / 55 -60 -67 -68 / 56 60 65 68 / 53 -60 -65 -68 / 60 64 67 / 57 60 65 75 <END> 
<S> 44 60 65 / 56 60 65 72 / 62 -56 -60 -72 / 50 58 65 70 / 51 58 63 -70 / 53 56 65 68 / 55 63 67 70 / 61 -55 -67 -70 / 53 60 68 -67 / 65 -53 -60 -68 / 48 60 65 67 <END> 
<S> 56 63 68 72 / 55 -63 -68 -72 / 53 61 67 70 / 52 -61 -67 -70 / 53 60 67 68 / 55 -60 -67 -68 / 56 60 65 68 / 53 -60 -65 -68 / 60 64 67 / 57 60 65 75 <END> 
<S> 44 60 65 / 56 60 65 72 / 62 -56 -60 -72 / 50 58 65 70 / 51 58 63 -70 / 53 56 65 68 / 55 63 67 70 / 61 -55 -67 -70 / 53 60 68 -67 / 65 -53 -60 -68 / 48 60 65 67 <END> 
<S> 56 63 68 72 / 55 -63 -68 -72 / 53 61 67 70 / 52 -61 -67 -70 / 53 60 67 68 / 55 -60 -67 -68 / 56 60 65 68 / 53 -60 -65 -68 / 60 64 67 / 57 60 65 75 <END> 
<S> 44 60 65 / 56 60 65 72 / 62 -56 -60 -72 / 50 58 65 70 / 51 58 63 -70 / 53 56 65 68 / 55 63 67 70 / 61 -55 -67 -70 / 53 60 68 -67 / 65 -53 -60 -68 / 48 60 65 67 <END> 
<S> 56 63 68 72 / 55 -63 -68 -72 / 53 61 67 70 / 52 -61 -67 -70 / 53 60 67 68 / 55 -60 -67 -68 / 56 60 65 68 / 53 -60 -65 -68 / 60 64 67 / 57 60 65 75 <END> 
<S> 44 60 65 / 56 60 65 72 / 62 -56 -60 -72 / 50 58 65 70 / 51 58 63 -70 / 53 56 65 68 / 55 63 67 70 / 61 -55 -67 -70 / 53 60 68 -67 / 65 -53 -60 -68 / 48 60 65 67 <END> 
<S> 56 63 68 72 / 55 -63 -68 -72 / 53 61 67 70 / 52 -61 -67 -70 / 53 60 67 68 / 55 -60 -67 -68 / 56 60 65 68 / 53 -60 -65 -68 / 60 64 67 / 57 60 65 75 <END> 
<S> 44 60 65 / 56 60 65 72 / 62 -56 -60 -72 / 50 58 65 70 / 51 58 63 -70 / 53 56 65 68 / 55 63 67 70 / 61 -55 -67 -70 / 53 60 68 -67 / 65 -53 -60 -68 / 48 60 65 67 <END> 
<S> 56 63 68 72 / 55 -63 -68 -72 / 53 61 67 70 / 52 -61 -67 -70 / 53 60 67 68 / 55 -60 -67 -68 / 56 60 65 68 / 53 -60 -65 -68 / 60 64 67 / 57 60 65 75 <END> 
<S> 44 60 65 / 56 60 65 72 / 62 -56 -60 -72 / 50 58 65 70 / 51 58 63 -70 / 53 56 65 68 / 55 63 67 70 / 61 -55 -67 -70 / 53 60 68 -67 / 65 -53 -60 -68 / 48 60 65 67 <END> 
<S> 56 63 68 72 / 55 -63 -68 -72 / 53 61 67 70 / 52 -61 -67 -70 / 53 60 67 68 / 55 -60 -67 -68 / 56 60 65 68 / 53 -60 -65 -68 / 60 64 67 / 57 60 65 75 <END> 
<S> 44 60 65 / 56 60 65 72 / 62 -56 -60 -72 / 50 58 65 70 / 51 58 63 -70 / 53 56 65 68 / 55 63 67 70 / 61 -55 -67 -70 / 53 60 68 -67 / 65 -53 -60 -68 / 48 60 65 67 <END> 
<S> 56 63 68 72 / 55 -63 -68 -72 / 53 61 67 70 / 52 -61 -67 -70 / 53 60 67 68 / 55 -60 -67 -68 / 56 60 65 68 / 53 -60 -65 -68 / 60 64 67 / 57 60 65 75 <END> 
<S> 44 60 65 / 56 60 65 72 / 62 -56 -60 -72 / 50 58 65 70 / 51 58 63 -70 / 53 56 65 68 / 55 63 67 70 / 61 -55 -67 -70 / 53 60 68 -67 / 65 -53 -60 -68 / 48 60 65 67 <END> 
<S> 56 63 68 72 / 55 -63 -68 -72 / 53 61 67 70 / 52 -61 -67 -70 / 53 60 67 68 / 55 -60 -67 -68 / 56 60 65 68 / 53 -60 -65 -68 / 60 64 67 / 57 60 65 75 <END> 
<S> 44 60 65 / 56 60 65 72 / 62 -56 -60 -72 / 50 58 65 70 / 51 58 63 -70 / 53 56 65 68 / 55 63 67 70 / 61 -55 -67 -70 / 53 60 68 -67 / 65 -53 -60 -68 / 48 60 65 67 <END> 
<S> 56 63 68 72 / 55 -63 -68 -72 / 53 61 67 70 / 52 -61 -67 -70 / 53 60 67 68 / 55 -60 -67 -68 / 56 60 65 68 / 53 -60 -65 -68 / 60 64 67 / 57 60 65 75 <END> 
<S> 44 60 65 / 56 60 65 72 / 62 -56 -60 -72 / 50 58 65 70 / 51 58 63 -70 / 53 56 65 68 / 55 63 67 70 / 61 -55 -67 -70 / 53 60 68 -67 / 65 -53 -60 -68 / 48 60 65 67 <END> 
<S> 56 63 68 72 / 55 -63 -68 -72 / 53 61 67 70 / 52 -61 -67 -70 / 53 60 67 68 / 55 -60 -67 -68 / 56 60 65 68 / 53 -60 -65 -68 / 60 64 67 / 57 60 65 75 <END> 
<S> 44 60 65 / 56 60 65 72 / 62 -56 -60 -72 / 50 58 65 70 / 51 58 63 -70 / 53 56 65 68 / 55 63 67 70 / 61 -55 -67 -70 / 53 60 68 -67 / 65 -53 -60 -68 / 48 60 65 67 <END> 
<S> 56 63 68 72 / 55 -63 -68 -72 / 53 61 67 70 / 52 -61 -67 -70 / 53 60 67 68 / 55 -60 -67 -68 / 56 60 65 68 / 53 -60 -65 -68 / 60 64 67 / 57 60 65 75 <END> 
<S> 44 60 65 / 56 60 65 72 / 62 -56 -60 -72 / 50 58 65 70 / 51 58 63 -70 / 53 56 65 68 / 55 63 67 70 / 61 -55 -67 -70 / 53 60 68 -67 / 65 -53 -60 -68 / 48 60 65 67 <END> 
<S> 56 63 68 72 / 55 -63 -68 -72 / 53 61 67 70 / 52 -61 -67 -70 / 53 60 67 68 / 55 -60 -67 -68 / 56 60 65 68 / 53 -60 -65 -68 / 60 64 67 / 57 60 65 75 <END> 
