<S> 53 60 69 / 52 55 60 67 / 45 57 60 65 / 47 55 62 -65 / 48 55 62 64 / 60 -48 -55 -64 / 41 57 60 62 / 43 55 59 -62 / 48 55 60 64 / 47 56 62 71 <END> 
<S> 41 57 60 62 / 43 55 59 -62 / 53 -43 -59 -62 / 36 52 55 60 / 48 60 64 67 / 47 -60 -64 -67 / 45 60 64 69 / 47 -60 -64 -69 / 45 57 60 64 / 43 55 59 -64 / 41 57 60 62 / 43 55 59 -62 / 53 -43 -59 -62 <END> 
<S> 45 60 64 65 / 47 55 62 -65 / 48 55 60 64 / 50 65 -55 -60 / 52 55 60 67 / 50 -55 -60 -67 / 55 60 62 -55 / 53 59 -55 / 57 52 60 -55 / 53 57 -60 -64 / 55 59 62 / 43 53 -59 -62 <END> 
<S> 55 59 62 / 53 -55 -59 -62 / 52 55 59 67 / 50 -55 -59 -67 / 48 57 65 -60 / 55 59 62 -65 / 53 55 62 64 / 52 -55 -60 -64 / 50 57 62 65 / 50 -57 -62 -65 / 47 55 62 67 / 43 -55 -62 -67 / 48 55 60 64 / 62 -48 -55 -60 / 47 55 62 67 / 43 59 62 -67 / 45 60 64 65 / 47 -60 -64 <END> 
<S> 48 55 64 69 / 50 -55 -64 -69 / 52 62 71 -69 / 38 54 -62 -71 / / 59 -54 -62 -69 / 52 59 62 67 / 50 -59 -62 -67 / 48 55 60 64 / 53 59 62 -48 / 52 55 60 64 / 53 62 65 -60 / 55 59 62 67 / 64 -55 -59 -67 / 57 60 64 -55 / 53 62 -57 -69 / 55 59 62 67 / 57 -55 -62 -67 / 43 55 62 -60 / 59 -43 -55 -62 <END> 
<S> 53 60 65 69 / 52 -60 -65 -69 / 50 60 65 69 / 48 -60 -65 -69 / 50 59 65 67 / 52 60 64 -67 / 53 60 65 69 / 62 -53 -60 -69 / 52 60 67 -53 / 52 -52 -60 -67 / 53 60 65 69 / 52 -60 -65 -69 / 50 62 65 69 / 71 -50 -62 -65 / 52 55 64 72 / 54 57 -64 -72 / 55 59 62 71 / 52 55 64 -71 / 50 54 62 69 <END> 
<S> 50 57 65 71 / 47 62 66 -71 / 52 59 67 -71 / 48 64 69 -67 / 50 62 66 -69 / 43 59 62 67 / 52 59 64 67 / 50 57 62 65 / 64 -50 -57 -60 / 45 57 60 65 / 43 59 62 67 / 48 60 64 67 / 59 -48 -64 -67 <END> 
<S> 43 59 62 67 / 45 57 60 69 / 43 59 62 71 / 42 -59 -62 -71 / 40 55 59 72 / 38 57 66 -72 / 43 55 62 67 / 38 59 62 -67 / 36 60 64 67 / 47 62 65 -67 / 48 64 67 69 / 50 59 62 -67 <END> 
<S> 40 55 64 72 / 38 -55 -64 -72 / 40 55 62 72 / 71 -55 -62 -64 / 52 60 64 69 / 59 62 -52 -69 / 64 57 60 69 / 66 -57 -60 -69 / 55 62 67 71 / 52 64 67 / 57 60 66 -52 <END> 
<S> 54 57 62 69 / 50 62 66 -69 / 72 -50 -62 -69 / 55 62 67 71 / 52 60 67 72 / 48 64 67 -72 / 50 62 66 71 / 52 60 67 72 / 54 69 74 -60 / 55 59 67 -74 / 53 60 69 72 / 52 59 68 74 / 57 60 65 -74 <END> 
<S> 52 64 67 72 / 62 -52 -67 -72 / 54 62 69 74 / 59 -54 -62 -69 / 43 59 62 67 / 55 59 62 67 / 53 -59 -62 -67 / 52 55 60 72 / 50 -55 -60 -72 / 48 52 67 71 / 50 55 -67 -71 / 52 60 67 72 / 58 -52 -67 -72 / 54 57 62 74 / 72 -54 -57 -62 <END> 
<S> 48 55 64 69 / 50 54 62 -69 / 60 -50 -54 -69 / 55 59 67 / 48 55 60 69 / 52 60 -55 -69 / 50 53 62 71 / 50 55 62 -50 / 53 57 -53 -62 / 55 59 -57 -62 / 53 57 60 / / 52 -57 -60 <END> 
<S> 50 55 62 71 / 48 -55 -62 -71 / 50 54 69 -62 / 60 -50 -54 -69 / 43 50 59 67 / 48 52 60 67 / 47 62 -52 -67 / 45 57 64 72 / 66 -45 -57 -72 / 43 59 67 71 / 60 -43 -67 -71 / 50 62 66 69 / 52 64 67 71 / 53 62 65 71 <END> 
<S> 45 57 64 72 / 47 62 -57 -72 / 48 55 64 72 / 50 65 -64 -72 / 52 64 67 71 / 50 62 -67 -71 / 52 55 67 72 / 54 57 62 -72 / 55 58 62 70 / 64 -55 -62 -70 / 50 60 66 69 / 52 59 67 71 / 72 -52 -60 -67 / 50 62 67 71 / 65 69 -50 -62 <END> 
<S> 55 62 69 / 54 -55 -69 -72 / 55 62 69 71 / 67 -55 -62 -71 / 50 62 69 -67 / 66 -50 -62 -69 / 60 -50 -66 -69 / 55 59 62 67 / 47 62 67 71 / 48 64 69 -67 / 50 62 66 -69 / 60 -50 -66 -69 / 55 59 62 67 / 52 59 67 / 50 57 64 72 / 55 59 -64 -72 <END> 
<S> 48 64 67 69 / 50 62 66 -69 / 60 -50 -66 -69 / 55 59 62 67 / 52 64 67 72 / 54 62 69 -72 / 55 62 71 -69 / 67 -55 -62 -71 / 50 60 69 -67 / 66 -50 -60 -69 / 55 59 62 67 / 52 55 59 67 <END> 
<S> 55 62 67 71 / 60 64 69 -55 / 62 -55 -64 -69 / 53 62 71 -69 / 52 60 67 72 / 59 62 67 74 / 57 60 64 76 / 65 -57 -60 -76 / 59 62 67 79 / 69 -59 -62 -79 / 55 67 71 74 / 62 71 74 -67 / 69 72 -62 <END> 
<S> 57 60 64 72 / 55 59 -64 -72 / 53 57 69 72 / 52 64 67 72 / 50 62 -67 -72 / 52 62 67 71 / 53 -62 -67 -71 / 55 64 67 72 / 54 57 62 74 / 55 59 62 71 / 60 64 -55 -71 / 48 60 66 69 / 52 -60 -65 -69 / 50 59 66 71 <END> 
<S> 55 64 71 / 62 -55 -64 -71 / 69 -55 -64 -71 / 50 62 69 -65 / 60 -50 -69 -69 / 55 59 62 71 / 52 64 67 71 / 50 60 66 69 / 62 -50 -66 -69 / 43 62 67 71 / 52 72 -43 -67 / 50 62 67 71 / 55 62 67 71 / 53 59 62 67 / 52 60 67 72 / 50 65 -60 -72 / 52 60 67 70 / 53 60 69 -67 <END> 
<S> 55 62 67 71 / 43 62 67 71 / 45 60 69 -67 / 47 62 67 74 / 48 -62 -67 -74 / 50 62 66 69 / 48 -62 -66 -69 / 47 62 67 71 / 45 -62 -67 -71 / 50 62 66 69 / 47 62 -62 -69 / 43 59 62 67 / 52 55 60 67 <END> 
<S> 43 62 67 71 / 45 -43 -62 -67 / 47 55 62 67 / 43 -55 -62 -67 / 48 55 60 64 / 55 59 62 67 / 52 55 60 67 / 53 57 60 69 / 55 59 62 67 / 52 60 64 67 / 50 65 -60 -64 / 48 55 62 67 / 47 -55 -62 -67 <END> 
<S> 52 60 67 72 / 50 62 -67 -72 / 48 64 67 -72 / 50 62 66 69 / 60 -50 -66 -69 / 55 59 62 67 / 52 59 64 67 / 54 62 -59 -67 / 64 59 67 / 50 -59 -67 -67 / 48 60 67 76 / 59 -60 -67 -76 / 57 60 77 77 / 62 -57 -77 -77 / 55 62 71 -77 / 53 -59 74 -77 <END> 
<S> 57 64 67 72 / 62 -57 -67 -72 / 55 62 67 71 / 53 -62 -67 -71 / 52 60 67 72 / 48 -60 -67 -72 / 43 60 67 74 / 59 -43 -67 -74 / 65 -43 -59 -74 / 48 55 64 72 / 60 64 67 72 <END> 
<S> 48 60 67 -65 / 64 -48 -60 -67 / 55 59 67 74 / 53 -59 -67 -74 / 52 59 67 76 / 50 77 -59 -67 / 48 60 67 76 / 55 59 74 -67 / 65 -55 -59 -74 / 57 60 64 72 / 55 -60 -64 -72 / 53 65 69 72 / 55 -65 -69 -72 / 57 -65 -69 -72 / 59 74 -65 -69 <END> 
<S> 55 59 67 74 / 53 -59 -67 -74 / 52 60 67 72 / 50 74 -60 -67 / 52 60 67 72 / 53 69 -60 -72 / 55 62 71 74 / 48 67 72 76 / 48 64 67 72 / 50 65 69 74 / 71 -50 -65 -74 <END> 
<S> 52 60 67 72 / 50 65 69 74 / 71 -50 -65 -74 / 48 67 72 76 / 60 74 77 -48 / 76 79 -48 -60 / 53 59 74 77 / 60 72 76 -53 / 55 67 71 74 / 56 64 71 76 <END> 
<S> 53 60 69 77 / 72 -53 -60 -77 / 55 67 71 74 / 55 59 67 74 / 65 -55 -59 -74 / 48 55 64 72 / 53 62 71 74 / 50 -62 -71 -74 / 52 67 72 76 / 57 -67 -72 -76 / 55 67 71 74 / 53 -67 -74 -74 <END> 
<S> 52 60 67 72 / 50 65 69 74 / 71 -50 -65 -74 / 48 67 72 76 / 60 74 77 -48 / 76 79 -48 -60 / 53 59 74 77 / 60 72 76 -53 / 55 67 71 74 / 56 64 71 76 <END> 
<S> 53 60 69 77 / 72 -53 -60 -77 / 55 67 71 74 / 55 59 67 74 / 65 -55 -59 -74 / 48 55 64 72 / 53 62 71 74 / 50 -62 -71 -74 / 52 67 72 76 / 57 -67 -72 -76 / 55 67 71 74 / 53 -67 -74 -74 <END> 
<S> 52 60 67 72 / 50 65 69 74 / 71 -50 -65 -74 / 48 67 72 76 / 60 74 77 -48 / 76 79 -48 -60 / 53 59 74 77 / 60 72 76 -53 / 55 67 71 74 / 56 64 71 76 <END> 
<S> 53 60 69 77 / 72 -53 -60 -77 / 55 67 71 74 / 55 59 67 74 / 65 -55 -59 -74 / 48 55 64 72 / 53 62 71 74 / 50 -62 -71 -74 / 52 67 72 76 / 57 -67 -72 -76 / 55 67 71 74 / 53 -67 -74 -74 <END> 
<S> 52 60 67 72 / 50 65 69 74 / 71 -50 -65 -74 / 48 67 72 76 / 60 74 77 -48 / 76 79 -48 -60 / 53 59 74 77 / 60 72 76 -53 / 55 67 71 74 / 56 64 71 76 <END> 
<S> 53 60 69 77 / 72 -53 -60 -77 / 55 67 71 74 / 55 59 67 74 / 65 -55 -59 -74 / 48 55 64 72 / 53 62 71 74 / 50 -62 -71 -74 / 52 67 72 76 / 57 -67 -72 -76 / 55 67 71 74 / 53 -67 -74 -74 <END> 
<S> 52 60 67 72 / 50 65 69 74 / 71 -50 -65 -74 / 48 67 72 76 / 60 74 77 -48 / 76 79 -48 -60 / 53 59 74 77 / 60 72 76 -53 / 55 67 71 74 / 56 64 71 76 <END> 
<S> 53 60 69 77 / 72 -53 -60 -77 / 55 67 71 74 / 55 59 67 74 / 65 -55 -59 -74 / 48 55 64 72 / 53 62 71 74 / 50 -62 -71 -74 / 52 67 72 76 / 57 -67 -72 -76 / 55 67 71 74 / 53 -67 -74 -74 <END> 
<S> 52 60 67 72 / 50 65 69 74 / 71 -50 -65 -74 / 48 67 72 76 / 60 74 77 -48 / 76 79 -48 -60 / 53 59 74 77 / 60 72 76 -53 / 55 67 71 74 / 56 64 71 76 <END> 
<S> 53 60 69 77 / 72 -53 -60 -77 / 55 67 71 74 / 55 59 67 74 / 65 -55 -59 -74 / 48 55 64 72 / 53 62 71 74 / 50 -62 -71 -74 / 52 67 72 76 / 57 -67 -72 -76 / 55 67 71 74 / 53 -67 -74 -74 <END> 
<S> 52 60 67 72 / 50 65 69 74 / 71 -50 -65 -74 / 48 67 72 76 / 60 74 77 -48 / 76 79 -48 -60 / 53 59 74 77 / 60 72 76 -53 / 55 67 71 74 / 56 64 71 76 <END> 
<S> 53 60 69 77 / 72 -53 -60 -77 / 55 67 71 74 / 55 59 67 74 / 65 -55 -59 -74 / 48 55 64 72 / 53 62 71 74 / 50 -62 -71 -74 / 52 67 72 76 / 57 -67 -72 -76 / 55 67 71 74 / 53 -67 -74 -74 <END> 
<S> 52 60 67 72 / 50 65 69 74 / 71 -50 -65 -74 / 48 67 72 76 / 60 74 77 -48 / 76 79 -48 -60 / 53 59 74 77 / 60 72 76 -53 / 55 67 71 74 / 56 64 71 76 <END> 
<S> 53 60 69 77 / 72 -53 -60 -77 / 55 67 71 74 / 55 59 67 74 / 65 -55 -59 -74 / 48 55 64 72 / 53 62 71 74 / 50 -62 -71 -74 / 52 67 72 76 / 57 -67 -72 -76 / 55 67 71 74 / 53 -67 -74 -74 <END> 
<S> 52 60 67 72 / 50 65 69 74 / 71 -50 -65 -74 / 48 67 72 76 / 60 74 77 -48 / 76 79 -48 -60 / 53 59 74 77 / 60 72 76 -53 / 55 67 71 74 / 56 64 71 76 <END> 
<S> 53 60 69 77 / 72 -53 -60 -77 / 55 67 71 74 / 55 59 67 74 / 65 -55 -59 -74 / 48 55 64 72 / 53 62 71 74 / 50 -62 -71 -74 / 52 67 72 76 / 57 -67 -72 -76 / 55 67 71 74 / 53 -67 -74 -74 <END> 
<S> 52 60 67 72 / 50 65 69 74 / 71 -50 -65 -74 / 48 67 72 76 / 60 74 77 -48 / 76 79 -48 -60 / 53 59 74 77 / 60 72 76 -53 / 55 67 71 74 / 56 64 71 76 <END> 
<S> 53 60 69 77 / 72 -53 -60 -77 / 55 67 71 74 / 55 59 67 74 / 65 -55 -59 -74 / 48 55 64 72 / 53 62 71 74 / 50 -62 -71 -74 / 52 67 72 76 / 57 -67 -72 -76 / 55 67 71 74 / 53 -67 -74 -74 <END> 
<S> 52 60 67 72 / 50 65 69 74 / 71 -50 -65 -74 / 48 67 72 76 / 60 74 77 -48 / 76 79 -48 -60 / 53 59 74 77 / 60 72 76 -53 / 55 67 71 74 / 56 64 71 76 <END> 
<S> 53 60 69 77 / 72 -53 -60 -77 / 55 67 71 74 / 55 59 67 74 / 65 -55 -59 -74 / 48 55 64 72 / 53 62 71 74 / 50 -62 -71 -74 / 52 67 72 76 / 57 -67 -72 -76 / 55 67 71 74 / 53 -67 -74 -74 <END> 
<S> 52 60 67 72 / 50 65 69 74 / 71 -50 -65 -74 / 48 67 72 76 / 60 74 77 -48 / 76 79 -48 -60 / 53 59 74 77 / 60 72 76 -53 / 55 67 71 74 / 56 64 71 76 <END> 
<S> 53 60 69 77 / 72 -53 -60 -77 / 55 67 71 74 / 55 59 67 74 / 65 -55 -59 -74 / 48 55 64 72 / 53 62 71 74 / 50 -62 -71 -74 / 52 67 72 76 / 57 -67 -72 -76 / 55 67 71 74 / 53 -67 -74 -74 <END> 
<S> 52 60 67 72 / 50 65 69 74 / 71 -50 -65 -74 / 48 67 72 76 / 60 74 77 -48 / 76 79 -48 -60 / 53 59 74 77 / 60 72 76 -53 / 55 67 71 74 / 56 64 71 76 <END> 
<S> 53 60 69 77 / 72 -53 -60 -77 / 55 67 71 74 / 55 59 67 74 / 65 -55 -59 -74 / 48 55 64 72 / 53 62 71 74 / 50 -62 -71 -74 / 52 67 72 76 / 57 -67 -72 -76 / 55 67 71 74 / 53 -67 -74 -74 <END> 
<S> 52 60 67 72 / 50 65 69 74 / 71 -50 -65 -74 / 48 67 72 76 / 60 74 77 -48 / 76 79 -48 -60 / 53 59 74 77 / 60 72 76 -53 / 55 67 71 74 / 56 64 71 76 <END> 
<S> 53 60 69 77 / 72 -53 -60 -77 / 55 67 71 74 / 55 59 67 74 / 65 -55 -59 -74 / 48 55 64 72 / 53 62 71 74 / 50 -62 -71 -74 / 52 67 72 76 / 57 -67 -72 -76 / 55 67 71 74 / 53 -67 -74 -74 <END> 
<S> 52 60 67 72 / 50 65 69 74 / 71 -50 -65 -74 / 48 67 72 76 / 60 74 77 -48 / 76 79 -48 -60 / 53 59 74 77 / 60 72 76 -53 / 55 67 71 74 / 56 64 71 76 <END> 
<S> 53 60 69 77 / 72 -53 -60 -77 / 55 67 71 74 / 55 59 67 74 / 65 -55 -59 -74 / 48 55 64 72 / 53 62 71 74 / 50 -62 -71 -74 / 52 67 72 76 / 57 -67 -72 -76 / 55 67 71 74 / 53 -67 -74 -74 <END> 
<S> 52 60 67 72 / 50 65 69 74 / 71 -50 -65 -74 / 48 67 72 76 / 60 74 77 -48 / 76 79 -48 -60 / 53 59 74 77 / 60 72 76 -53 / 55 67 71 74 / 56 64 71 76 <END> 
<S> 53 60 69 77 / 72 -53 -60 -77 / 55 67 71 74 / 55 59 67 74 / 65 -55 -59 -74 / 48 55 64 72 / 53 62 71 74 / 50 -62 -71 -74 / 52 67 72 76 / 57 -67 -72 -76 / 55 67 71 74 / 53 -67 -74 -74 <END> 
<S> 52 60 67 72 / 50 65 69 74 / 71 -50 -65 -74 / 48 67 72 76 / 60 74 77 -48 / 76 79 -48 -60 / 53 59 74 77 / 60 72 76 -53 / 55 67 71 74 / 56 64 71 76 <END> 
<S> 53 60 69 77 / 72 -53 -60 -77 / 55 67 71 74 / 55 59 67 74 / 65 -55 -59 -74 / 48 55 64 72 / 53 62 71 74 / 50 -62 -71 -74 / 52 67 72 76 / 57 -67 -72 -76 / 55 67 71 74 / 53 -67 -74 -74 <END> 
<S> 52 60 67 72 / 50 65 69 74 / 71 -50 -65 -74 / 48 67 72 76 / 60 74 77 -48 / 76 79 -48 -60 / 53 59 74 77 / 60 72 76 -53 / 55 67 71 74 / 56 64 71 76 <END> 
<S> 53 60 69 77 / 72 -53 -60 -77 / 55 67 71 74 / 55 59 67 74 / 65 -55 -59 -74 / 48 55 64 72 / 53 62 71 74 / 50 -62 -71 -74 / 52 67 72 76 / 57 -67 -72 -76 / 55 67 71 74 / 53 -67 -74 -74 <END> 
<S> 52 60 67 72 / 50 65 69 74 / 71 -50 -65 -74 / 48 67 72 76 / 60 74 77 -48 / 76 79 -48 -60 / 53 59 74 77 / 60 72 76 -53 / 55 67 71 74 / 56 64 71 76 <END> 
<S> 53 60 69 77 / 72 -53 -60 -77 / 55 67 71 74 / 55 59 67 74 / 65 -55 -59 -74 / 48 55 64 72 / 53 62 71 74 / 50 -62 -71 -74 / 52 67 72 76 / 57 -67 -72 -76 / 55 67 71 74 / 53 -67 -74 -74 <END> 
<S> 52 60 67 72 / 50 65 69 74 / 71 -50 -65 -74 / 48 67 72 76 / 60 74 77 -48 / 76 79 -48 -60 / 53 59 74 77 / 60 72 76 -53 / 55 67 71 74 / 56 64 71 76 <END> 
<S> 53 60 69 77 / 72 -53 -60 -77 / 55 67 71 74 / 55 59 67 74 / 65 -55 -59 -74 / 48 55 64 72 / 53 62 71 74 / 50 -62 -71 -74 / 52 67 72 76 / 57 -67 -72 -76 / 55 67 71 74 / 53 -67 -74 -74 <END> 
<S> 52 60 67 72 / 50 65 69 74 / 71 -50 -65 -74 / 48 67 72 76 / 60 74 77 -48 / 76 79 -48 -60 / 53 59 74 77 / 60 72 76 -53 / 55 67 71 74 / 56 64 71 76 <END> 
