<S> 1 1 1 1 0.5 0.5 0.5 0.5 0.5 0.5 0.5 <END> 
<S> 0.5 0.5 0.5 0.5 0.5 0.5 0.5 0.25 0.25 1 1 1 <END> 
<S> 0.5 0.5 0.5 0.5 2 1 1 0.5 0.5 0.5 <END> 
<S> 0.5 0.5 0.5 0.5 0.5 0.5 0.5 0.5 0.5 0.5 0.5 0.5 1 0.5 <END> 
<S> 0.5 0.5 0.5 0.5 0.5 0.5 0.5 0.5 0.5 0.5 0.5 0.5 1 0.5 <END> 
<S> 0.5 0.25 0.25 0.5 0.5 0.5 0.5 0.5 0.5 0.5 0.5 0.5 0.5 0.5 0.5 0.5 <END> 
<S> 0.5 0.5 0.5 0.5 1 0.5 0.5 0.5 0.5 1 0.5 0.5 <END> 
<S> 0.5 0.5 0.5 0.5 0.5 0.5 0.5 0.5 1 1 <END> 
<S> 1 1 1 1 0.5 0.5 0.5 0.5 0.5 0.5 0.5 <END> 
<S> 0.5 0.5 1 1 0.5 0.5 1 1 1 <END> 
<S> 0.5 0.5 0.5 0.5 0.5 0.5 0.5 0.5 0.5 0.5 0.5 0.5 1 <END> 
<S> 1 0.5 0.5 1 0.5 0.5 1 0.5 0.5 0.5 0.5 0.5 <END> 
<S> 0.5 0.5 0.5 0.5 1 0.5 0.5 0.5 0.5 0.5 0.5 1 0.5 <END> 
<S> 0.5 0.5 0.5 0.5 0.5 0.5 0.5 0.5 0.5 0.5 0.5 0.5 1 0.5 <END> 
<S> 0.5 0.25 0.25 0.5 0.5 0.5 0.5 0.5 0.5 0.5 0.5 0.5 0.5 0.5 0.5 0.5 <END> 
<S> 0.5 0.5 0.5 0.5 1 1 0.5 0.5 0.5 0.5 1 0.5 <END> 
<S> 0.5 0.5 0.5 0.5 1 0.5 0.5 0.5 0.5 1 1 0.5 <END> 
<S> 0.5 0.5 0.5 0.5 2 1 0.5 0.5 0.5 0.5 0.5 <END> 
<S> 0.5 0.5 0.5 0.5 0.5 0.5 0.5 0.5 1 1 1 0.5 <END> 
<S> 0.5 0.5 0.5 0.5 1 1 0.5 0.5 0.5 0.5 1 0.5 <END> 
<S> 1 1 0.5 0.5 0.5 0.5 1 0.5 0.5 0.5 0.5 0.5 <END> 
<S> 0.5 0.5 0.5 0.5 0.5 0.5 0.5 0.5 0.5 0.5 0.5 0.5 1 <END> 
<S> 1 1 1 1 1 1 1 <END> 
<S> 0.5 0.5 0.5 0.5 0.5 0.25 0.25 1 2 0.5 0.5 <END> 
<S> 2 1 1 0.5 0.5 0.5 0.5 0.5 0.5 0.5 <END> 
<S> 1 1 1 1 1 1 1 0.5 <END> 
<S> 1 0.5 0.5 0.5 0.5 0.5 0.5 3 0.5 <END> 
<S> 1 1 1 1 1 1 1 0.5 <END> 
<S> 1 0.5 0.5 0.5 0.5 0.5 0.5 3 0.5 <END> 
<S> 1 1 1 1 1 1 1 0.5 <END> 
<S> 1 0.5 0.5 0.5 0.5 0.5 0.5 3 0.5 <END> 
<S> 1 1 1 1 1 1 1 0.5 <END> 
<S> 1 0.5 0.5 0.5 0.5 0.5 0.5 3 0.5 <END> 
<S> 1 1 1 1 1 1 1 0.5 <END> 
<S> 1 0.5 0.5 0.5 0.5 0.5 0.5 3 0.5 <END> 
<S> 1 1 1 1 1 1 1 0.5 <END> 
<S> 1 0.5 0.5 0.5 0.5 0.5 0.5 3 0.5 <END> 
<S> 1 1 1 1 1 1 1 0.5 <END> 
<S> 1 0.5 0.5 0.5 0.5 0.5 0.5 3 0.5 <END> 
<S> 1 1 1 1 1 1 1 0.5 <END> 
<S> 1 0.5 0.5 0.5 0.5 0.5 0.5 3 0.5 <END> 
<S> 1 1 1 1 1 1 1 0.5 <END> 
<S> 1 0.5 0.5 0.5 0.5 0.5 0.5 3 0.5 <END> 
<S> 1 1 1 1 1 1 1 0.5 <END> 
<S> 1 0.5 0.5 0.5 0.5 0.5 0.5 3 0.5 <END> 
<S> 1 1 1 1 1 1 1 0.5 <END> 
<S> 1 0.5 0.5 0.5 0.5 0.5 0.5 3 0.5 <END> 
<S> 1 1 1 1 1 1 1 0.5 <END> 
<S> 1 0.5 0.5 0.5 0.5 0.5 0.5 3 0.5 <END> 
<S> 1 1 1 1 1 1 1 0.5 <END> 
<S> 1 0.5 0.5 0.5 0.5 0.5 0.5 3 0.5 <END> 
<S> 1 1 1 1 1 1 1 0.5 <END> 
<S> 1 0.5 0.5 0.5 0.5 0.5 0.5 3 0.5 <END> 
<S> 1 1 1 1 1 1 1 0.5 <END> 
<S> 1 0.5 0.5 0.5 0.5 0.5 0.5 3 0.5 <END> 
<S> 1 1 1 1 1 1 1 0.5 <END> 
<S> 1 0.5 0.5 0.5 0.5 0.5 0.5 3 0.5 <END> 
<S> 1 1 1 1 1 1 1 0.5 <END> 
<S> 1 0.5 0.5 0.5 0.5 0.5 0.5 3 0.5 <END> 
<S> 1 1 1 1 1 1 1 0.5 <END> 
<S> 1 0.5 0.5 0.5 0.5 0.5 0.5 3 0.5 <END> 
<S> 1 1 1 1 1 1 1 0.5 <END> 
<S> 1 0.5 0.5 0.5 0.5 0.5 0.5 3 0.5 <END> 
<S> 1 1 1 1 1 1 1 0.5 <END> 
<S> 1 0.5 0.5 0.5 0.5 0.5 0.5 3 0.5 <END> 
<S> 1 1 1 1 1 1 1 0.5 <END> 
